,correlation,batch_all_with_condition,barcode,mse
0,0.02000997007333451,1__mutated,PertCortex_1_AAACCTGAGAAGCCCA,4.049281061167563
1,0.1181282182523908,1__mutated,PertCortex_1_AAACCTGAGCCACGTC,1.9832001733722546
2,0.5415114294179468,1__mutated,PertCortex_1_AAACCTGAGGATCGCA,1.5522174629589964
3,0.5991401794703449,1__mutated,PertCortex_1_AAACCTGAGTTCGATC,1.7585001016317
4,0.2664387927307692,1__mutated,PertCortex_1_AAACCTGCAGCTGTGC,2.746250970275847
5,0.1590855127777391,1__mutated,PertCortex_1_AAACCTGTCATGGTCA,2.7025436133942202
6,0.2799476718392026,1__mutated,PertCortex_1_AAACCTGTCCGCTGTT,3.37444682410495
7,0.19370889711418623,1__mutated,PertCortex_1_AAACGGGCAGCCTTGG,4.5027375581494375
8,0.3474882622936113,1__mutated,PertCortex_1_AAACGGGCAGGGTACA,3.0152014364058948
9,0.16827237585941024,1__mutated,PertCortex_1_AAACGGGTCCACGTGG,4.33505439189841
10,0.16773331849260797,1__mutated,PertCortex_1_AAAGATGAGCGTTTAC,2.906973854509095
11,0.16577124434027804,1__mutated,PertCortex_1_AAAGATGCAAGCCGTC,3.266504945539563
12,0.1155315382514952,1__mutated,PertCortex_1_AAAGATGGTAGCGATG,2.332890730767016
13,0.18787092204174868,1__mutated,PertCortex_1_AAAGCAAAGATGTGTA,2.767642016267956
14,0.32221728232212726,1__mutated,PertCortex_1_AAAGCAAAGCTGATAA,3.977628924570017
15,0.4074312918123232,1__mutated,PertCortex_1_AAAGTAGAGAGGGATA,2.270991632031925
16,0.13990094725829544,1__mutated,PertCortex_1_AAAGTAGAGGCACATG,4.139647284117034
17,0.40909683901820026,1__mutated,PertCortex_1_AAAGTAGAGGCTCAGA,1.5658749445113884
18,0.23388656210727307,1__mutated,PertCortex_1_AAAGTAGCAAGTACCT,2.1912844386589776
19,0.21164209055237032,1__mutated,PertCortex_1_AAAGTAGCACTGTCGG,2.848324617154618
20,0.22951507281971387,1__mutated,PertCortex_1_AAAGTAGCATCGTCGG,1.518093574839378
21,0.4062465885175175,1__mutated,PertCortex_1_AAAGTAGTCAGCTTAG,1.7444568878834654
22,0.17529599098438867,1__mutated,PertCortex_1_AAATGCCGTGTCGCTG,3.443750598114054
23,0.015448891083912704,1__mutated,PertCortex_1_AAATGCCTCGGAAATA,3.067158904444757
24,0.2754991611943356,1__mutated,PertCortex_1_AACACGTAGAGCCTAG,2.637838019326753
25,0.33954166544187536,1__mutated,PertCortex_1_AACACGTAGCACGCCT,2.297390774204324
26,0.27573519244060835,1__mutated,PertCortex_1_AACACGTCAGGAATCG,1.0731908663771212
27,0.1931875596243405,1__mutated,PertCortex_1_AACACGTCATCCAACA,2.606491922896943
28,0.149296079316047,1__mutated,PertCortex_1_AACACGTGTTACCGAT,2.5596432028386173
29,0.2854370948074889,1__mutated,PertCortex_1_AACCATGAGCTAGTTC,2.8904509795489837
30,0.3513668566072393,1__mutated,PertCortex_1_AACCATGCAGTCCTTC,3.7469282948076637
31,0.20681431913674855,1__mutated,PertCortex_1_AACCATGCAGTCGATT,3.104462339206422
32,0.12253252734094483,1__mutated,PertCortex_1_AACCATGGTCGTCTTC,2.8809851774931996
33,0.14982551381778583,1__mutated,PertCortex_1_AACCATGGTGTATGGG,3.1161693096646745
34,0.24282668744626854,1__mutated,PertCortex_1_AACCATGTCCTATGTT,2.8145721191766655
35,0.15603732276649515,1__mutated,PertCortex_1_AACCATGTCTTACCGC,5.4533099902714435
36,0.052870885439137635,1__mutated,PertCortex_1_AACCGCGCACACCGCA,4.782387308541126
37,0.22370554912193513,1__mutated,PertCortex_1_AACCGCGGTAGCGCTC,3.1378467383626236
38,0.16300581268601064,1__mutated,PertCortex_1_AACCGCGGTCTCACCT,2.7682566604691927
39,0.17352058961279457,1__mutated,PertCortex_1_AACGTTGCACTATCTT,3.5972915744245384
40,0.093690758846084,1__mutated,PertCortex_1_AACTCAGAGAGTACCG,3.9834199998260678
41,0.05489260996816904,1__mutated,PertCortex_1_AACTCAGCAACGATCT,2.875760441357041
42,0.4915615806575783,1__mutated,PertCortex_1_AACTCAGCAAGACGTG,2.414965545132216
43,0.4811748707090512,1__mutated,PertCortex_1_AACTCAGCAAGGACTG,1.7925816969708719
44,0.09179841022752348,1__mutated,PertCortex_1_AACTCAGTCATCTGTT,3.884762221000939
45,0.05236414178289919,1__mutated,PertCortex_1_AACTCAGTCGCCTGAG,3.073923252360645
46,0.2883765203929858,1__mutated,PertCortex_1_AACTCAGTCGTCTGAA,2.9814778885852915
47,0.5077928899900948,1__mutated,PertCortex_1_AACTCCCAGTGTTAGA,1.623614212895735
48,0.2550606746299248,1__mutated,PertCortex_1_AACTCCCCATGTTCCC,2.8940144243784873
49,0.25325436936957113,1__mutated,PertCortex_1_AACTCCCGTCGACTAT,2.908761230033366
50,0.12730632682491855,1__mutated,PertCortex_1_AACTCCCGTCTTGATG,4.307781834605094
51,0.2561436252484285,1__mutated,PertCortex_1_AACTCCCTCATTGCGA,2.7988362271781386
52,0.20332933367556041,1__mutated,PertCortex_1_AACTCTTAGGCATTGG,2.7748056424680017
53,0.14440284483161353,1__mutated,PertCortex_1_AACTCTTAGTATCTCG,4.431942146609756
54,0.15808669615026566,1__mutated,PertCortex_1_AACTCTTCACGACGAA,2.925390661567023
55,0.3976854833852429,1__mutated,PertCortex_1_AACTCTTCAGTATGCT,2.7810901377786563
56,0.32237181890936195,1__mutated,PertCortex_1_AACTCTTCAGTCTTCC,2.032717081177254
57,0.2384877460737167,1__mutated,PertCortex_1_AACTGGTAGCCAACAG,2.7571330658713196
58,0.18808288793045985,1__mutated,PertCortex_1_AACTGGTGTCTTGATG,2.8304802192856555
59,0.18655464180966436,1__mutated,PertCortex_1_AACTGGTGTTACAGAA,2.1196061917199707
60,0.17517036880263942,1__mutated,PertCortex_1_AACTGGTGTTAGTGGG,3.5335332400330417
61,0.2809241345931442,1__mutated,PertCortex_1_AACTTTCAGTTGAGAT,3.903282956273899
62,0.14223123739084204,1__mutated,PertCortex_1_AACTTTCGTAGATTAG,2.850534023286138
63,0.12321049330755457,1__mutated,PertCortex_1_AACTTTCGTATTAGCC,3.995678363922332
64,0.19159598407828807,1__mutated,PertCortex_1_AACTTTCGTCTGGAGA,4.5046978021551185
65,0.4875476510276086,1__mutated,PertCortex_1_AAGACCTAGAGGGATA,1.5958428044432682
66,0.2510416111522212,1__mutated,PertCortex_1_AAGACCTCATGGTCTA,3.6384487174404296
67,0.3259756540840151,1__mutated,PertCortex_1_AAGACCTTCTGCGGCA,2.2399296049316115
68,0.0829927370540433,1__mutated,PertCortex_1_AAGCCGCAGAGCTATA,4.110308191730082
69,0.49977736024896285,1__mutated,PertCortex_1_AAGCCGCCAAACTGTC,2.2376689609531306
70,0.12508512163571778,1__mutated,PertCortex_1_AAGCCGCCATGTAGTC,3.617058244186739
71,0.18874043975532181,1__mutated,PertCortex_1_AAGCCGCCATGTCCTC,3.319623283430761
72,0.25330681268205746,1__mutated,PertCortex_1_AAGCCGCGTGCGCTTG,3.1935277755453124
73,0.23371995506923957,1__mutated,PertCortex_1_AAGCCGCTCGCCGTGA,3.2625717873323494
74,0.3005978105467087,1__mutated,PertCortex_1_AAGGAGCAGAATTCCC,2.2241609909048643
75,0.5535486318615318,1__mutated,PertCortex_1_AAGGAGCAGCGATGAC,2.157792249751441
76,0.30349983743077125,1__mutated,PertCortex_1_AAGGAGCAGTAGCGGT,2.1409767488674305
77,0.5264989970640019,1__mutated,PertCortex_1_AAGGAGCCATTGCGGC,1.627627358875559
78,0.23071711317810864,1__mutated,PertCortex_1_AAGGAGCGTACCAGTT,3.626543439941393
79,0.4017575802007948,1__mutated,PertCortex_1_AAGGAGCGTTTAGCTG,2.8636111049304835
80,0.20741020061153312,1__mutated,PertCortex_1_AAGGCAGAGATGTTAG,3.058370740806922
81,0.19261118559492374,1__mutated,PertCortex_1_AAGGCAGTCAATCTCT,2.3651657744490167
82,0.13058916850650995,1__mutated,PertCortex_1_AAGGCAGTCTACTTAC,4.287901966404014
83,0.4366011278965331,1__mutated,PertCortex_1_AAGGTTCAGAGAACAG,2.2922306317587364
84,0.07910853972242844,1__mutated,PertCortex_1_AAGGTTCAGCCTATGT,3.6863297675192346
85,0.2936629996606559,1__mutated,PertCortex_1_AAGGTTCGTACATCCA,2.1064748953881525
86,0.3151556054115567,1__mutated,PertCortex_1_AAGGTTCGTCGAAAGC,2.1477163320287405
87,0.17068711744657572,1__mutated,PertCortex_1_AAGGTTCGTGTGACGA,2.621301610899685
88,0.2997938351107717,1__mutated,PertCortex_1_AAGGTTCTCTTATCTG,3.3553942486836523
89,0.1956951540365925,1__mutated,PertCortex_1_AAGGTTCTCTTCATGT,3.1437038440420357
90,0.19987388134885817,1__mutated,PertCortex_1_AAGTCTGCACGAAATA,3.516745007324091
91,0.13200753488362865,1__mutated,PertCortex_1_AAGTCTGCAGTGAGTG,1.9676782522404666
92,0.4593576891525209,1__mutated,PertCortex_1_AAGTCTGGTGTAATGA,2.4200641150934334
93,0.28601657211348663,1__mutated,PertCortex_1_AAGTCTGGTTACCAGT,2.671184440431197
94,0.14347823872000562,1__mutated,PertCortex_1_AAGTCTGTCGGTGTTA,4.90146455655839
95,0.185894958497914,1__mutated,PertCortex_1_AATCCAGAGCACCGTC,3.8274691177198013
96,0.13062268946387026,1__mutated,PertCortex_1_AATCCAGCACAGGCCT,4.009298399291627
97,0.09481739007865052,1__mutated,PertCortex_1_AATCCAGCACCGAAAG,3.429367311260975
98,0.09180634072984124,1__mutated,PertCortex_1_AATCCAGCAGCGATCC,2.0719810527680766
99,0.54348545855278,1__mutated,PertCortex_1_AATCCAGGTAGCGATG,2.1214690282194786
100,0.47165098050904697,1__mutated,PertCortex_1_AATCCAGGTGACGGTA,2.143601079441145
101,0.17944769264796068,1__mutated,PertCortex_1_AATCCAGTCTTGCATT,2.6350904720327217
102,0.25850636476071853,1__mutated,PertCortex_1_AATCGGTAGACAGACC,2.537764273199836
103,0.4730449383725556,1__mutated,PertCortex_1_AATCGGTAGATATGGT,1.7666514683036256
104,0.5158179364521797,1__mutated,PertCortex_1_AATCGGTCAATGTTGC,2.277771719052091
105,0.41192264299148984,1__mutated,PertCortex_1_AATCGGTGTAAGAGAG,2.7087229607345535
106,0.67581676856354,1__mutated,PertCortex_1_AATCGGTGTCGCGAAA,1.698536607001331
107,0.19706496441337465,1__mutated,PertCortex_1_AATCGGTGTCGGGTCT,1.7948365681735732
108,0.12244443083069746,1__mutated,PertCortex_1_AATCGGTTCGAGAACG,4.94314187194327
109,0.23781598604348628,1__mutated,PertCortex_1_AATCGGTTCTCGATGA,3.36293338680283
110,0.07679534309541552,1__mutated,PertCortex_1_ACACCAACAGTCGATT,4.382336550499807
111,0.12808288140697524,1__mutated,PertCortex_1_ACACCAACATGCCTAA,4.498356296048816
112,0.2908235830585745,1__mutated,PertCortex_1_ACACCAATCCTCAACC,1.6809745288065583
113,0.11242817932374961,1__mutated,PertCortex_1_ACACCAATCGTACCGG,2.738537179756069
114,0.15623477688412513,1__mutated,PertCortex_1_ACACCAATCTTGAGGT,3.024065423928333
115,0.11521754228333955,1__mutated,PertCortex_1_ACACCCTAGTCTCGGC,3.531822170326237
116,0.15701555725282604,1__mutated,PertCortex_1_ACACCCTCATGCCTTC,2.98502991234472
117,0.09703831528693421,1__mutated,PertCortex_1_ACACCCTGTTTGTGTG,2.756531714297968
118,0.2741567641700374,1__mutated,PertCortex_1_ACACCCTTCGTCCGTT,2.757024311903278
119,0.33477521969554414,1__mutated,PertCortex_1_ACACCGGAGATATGCA,2.444592662103421
120,0.05029138257397965,1__mutated,PertCortex_1_ACACCGGAGCAGCCTC,2.8603822152999667
121,0.14774309767847693,1__mutated,PertCortex_1_ACACCGGCAGCCTTGG,2.937651934259206
122,0.15217332473926337,1__mutated,PertCortex_1_ACACCGGCATGAACCT,2.9639358996740337
123,0.1211022044927165,1__mutated,PertCortex_1_ACACTGACACATTCGA,5.214819273225325
124,0.1530076331428553,1__mutated,PertCortex_1_ACACTGACATGACGGA,2.5899417217530334
125,0.2695247391059771,1__mutated,PertCortex_1_ACACTGAGTGGGTCAA,2.387233606415729
126,0.21325389850768486,1__mutated,PertCortex_1_ACAGCCGCATTGCGGC,4.48814204016905
127,0.20919499195924574,1__mutated,PertCortex_1_ACAGCCGTCATGTAGC,3.274765625741655
128,0.3422088085706717,1__mutated,PertCortex_1_ACAGCTAAGGCTCAGA,1.787250526091469
129,0.13838829952787693,1__mutated,PertCortex_1_ACAGCTAAGGTGATTA,3.3471233455087033
130,0.5329658663511612,1__mutated,PertCortex_1_ACAGCTATCACATGCA,1.4813708151158722
131,0.5120946967212823,1__mutated,PertCortex_1_ACATACGCAGACAAAT,2.0947014308582075
132,0.17449082182434236,1__mutated,PertCortex_1_ACATACGCATGCATGT,3.9621049251291725
133,0.41998067188516564,1__mutated,PertCortex_1_ACATCAGTCCCTTGTG,2.3996700185778566
134,0.3547871270754799,1__mutated,PertCortex_1_ACATCAGTCCGCAGTG,2.0015181202536656
135,0.22138751901572196,1__mutated,PertCortex_1_ACATCAGTCGGATGGA,3.0159986793308717
136,0.25317430334904906,1__mutated,PertCortex_1_ACATCAGTCTGCGGCA,3.987501902223222
137,0.22177633729425095,1__mutated,PertCortex_1_ACATGGTAGACGCTTT,2.95432835736584
138,0.49857907866581813,1__mutated,PertCortex_1_ACATGGTCAACTTGAC,1.7493845301548814
139,0.249136874701239,1__mutated,PertCortex_1_ACATGGTGTCACCCAG,2.9251356698400923
140,0.16757059789166948,1__mutated,PertCortex_1_ACATGGTGTCTCTTTA,4.380680520174989
141,0.16757202219641917,1__mutated,PertCortex_1_ACATGGTGTGATGTCT,3.0252189743144116
142,0.2759826273921837,1__mutated,PertCortex_1_ACATGGTTCAGCATGT,2.033050304799944
143,0.09097345605450957,1__mutated,PertCortex_1_ACCAGTAAGGCGATAC,3.3379137645657284
144,0.5334540451713374,1__mutated,PertCortex_1_ACCAGTAGTAGCGATG,2.420620045900128
145,0.21818376293525826,1__mutated,PertCortex_1_ACCAGTAGTCATGCAT,2.87993866965058
146,0.07430139411378403,1__mutated,PertCortex_1_ACCAGTAGTCTTGTCC,3.6024445582341023
147,0.24580946511811338,1__mutated,PertCortex_1_ACCAGTATCATCGATG,3.561012716184183
148,0.1417167312219683,1__mutated,PertCortex_1_ACCAGTATCTAGAGTC,2.6437591248921555
149,0.08998632090409518,1__mutated,PertCortex_1_ACCCACTGTAGAGTGC,3.6695287054968695
150,0.13178674845544422,1__mutated,PertCortex_1_ACCCACTGTAGTAGTA,3.1300605580157246
151,0.5103485152787754,1__mutated,PertCortex_1_ACCCACTGTGCCTGCA,2.1286113152816193
152,0.048873222299109814,1__mutated,PertCortex_1_ACCCACTTCGCGCCAA,2.790913018640963
153,0.4345929984936205,1__mutated,PertCortex_1_ACCGTAAAGAAGGCCT,2.8353572801203937
154,0.13876101297188256,1__mutated,PertCortex_1_ACCGTAAAGTAGTGCG,2.5194880104609108
155,0.22158348177655696,1__mutated,PertCortex_1_ACCTTTAAGGCTCATT,3.263773206343576
156,0.2896949626691821,1__mutated,PertCortex_1_ACCTTTAGTTCGAATC,3.3291629981986843
157,0.5867013619958028,1__mutated,PertCortex_1_ACGAGCCCAAGCGCTC,1.1801367215182414
158,0.23078329070482384,1__mutated,PertCortex_1_ACGAGCCCATCCAACA,2.919339808042933
159,0.2845375925690099,1__mutated,PertCortex_1_ACGAGCCGTCGTGGCT,2.3324290856695384
160,0.18775904364672955,1__mutated,PertCortex_1_ACGAGCCGTGAGGGTT,2.5911831191349806
161,0.05227815971364971,1__mutated,PertCortex_1_ACGAGCCTCACGAAGG,3.6224783619643213
162,0.10430294908728048,1__mutated,PertCortex_1_ACGAGCCTCAGGCAAG,3.723242235969932
163,0.2916933791121049,1__mutated,PertCortex_1_ACGAGCCTCCAGAAGG,1.8255379180789033
164,0.24290070046510873,1__mutated,PertCortex_1_ACGAGGAAGTGAAGTT,2.1494214367874673
165,0.2802439719657456,1__mutated,PertCortex_1_ACGAGGACAAGCTGGA,1.6152956242881762
166,0.06543762907448374,1__mutated,PertCortex_1_ACGAGGAGTAGCAAAT,3.728363764103878
167,0.27663907760673606,1__mutated,PertCortex_1_ACGATACAGAACAATC,2.340141900264094
168,0.24411637428416472,1__mutated,PertCortex_1_ACGATACAGTGGAGTC,2.876832142615148
169,0.2544676490507268,1__mutated,PertCortex_1_ACGATACTCACCTTAT,1.8496339138104625
170,0.3004415045163439,1__mutated,PertCortex_1_ACGATGTGTACAAGTA,2.1509035085533452
171,0.23063297962214777,1__mutated,PertCortex_1_ACGATGTGTGTAAGTA,2.4704772029060815
172,0.10009088888235877,1__mutated,PertCortex_1_ACGCAGCAGTTGAGAT,4.147145674409301
173,0.22873131040369962,1__mutated,PertCortex_1_ACGCAGCCAAACCTAC,3.582064133514311
174,0.259841400894028,1__mutated,PertCortex_1_ACGCAGCCATCGATTG,2.8815717837844663
175,0.33508985732827495,1__mutated,PertCortex_1_ACGCAGCGTTCACGGC,2.750854264602944
176,0.19469206451592905,1__mutated,PertCortex_1_ACGCAGCTCCAGAGGA,3.2528048479541396
177,0.4005730997869895,1__mutated,PertCortex_1_ACGCCAGGTCCTGCTT,1.466917231365247
178,0.21766813126627588,1__mutated,PertCortex_1_ACGCCGAAGGTGCACA,3.095467893593035
179,0.09710509104077394,1__mutated,PertCortex_1_ACGCCGATCGGTTAAC,2.5451236491156943
180,0.16231283329769156,1__mutated,PertCortex_1_ACGGAGAAGGATCGCA,3.026600091418024
181,0.13796833844796655,1__mutated,PertCortex_1_ACGGAGACACGTAAGG,4.374537550254346
182,0.2705267722187112,1__mutated,PertCortex_1_ACGGAGAGTCCGACGT,3.559709002056078
183,0.211945857595962,1__mutated,PertCortex_1_ACGGAGAGTGCGCTTG,3.4805450458093152
184,0.3135070220336627,1__mutated,PertCortex_1_ACGGAGAGTTATGTGC,2.8412006197487503
185,0.1771178295533284,1__mutated,PertCortex_1_ACGGAGATCGCAAGCC,4.591252283859517
186,0.2294701122733682,1__mutated,PertCortex_1_ACGGCCACAACGCACC,3.624376950007791
187,0.4777465789418936,1__mutated,PertCortex_1_ACGGCCAGTAGCGATG,1.8513605168895881
188,0.4802970606431671,1__mutated,PertCortex_1_ACGGCCAGTTGGTGGA,1.7065549840737395
189,0.16746740594704054,1__mutated,PertCortex_1_ACGGGCTGTACAAGTA,3.9619227484562396
190,0.15466583627278122,1__mutated,PertCortex_1_ACGGGCTGTAGCACGA,2.9032080969539575
191,0.21082771841229694,1__mutated,PertCortex_1_ACGGGCTTCAGTGTTG,3.1216636833240945
192,0.10233855565486723,1__mutated,PertCortex_1_ACGGGTCCATGTCCTC,4.575140729463858
193,0.15390107512523185,1__mutated,PertCortex_1_ACGGGTCTCACTATTC,4.268521359219293
194,0.4646152377144433,1__mutated,PertCortex_1_ACGTCAACATACCATG,1.6388650824067774
195,0.13862465962121226,1__mutated,PertCortex_1_ACGTCAAGTGGACGAT,4.704012007459173
196,0.14712354079664777,1__mutated,PertCortex_1_ACGTCAAGTTTCCACC,4.298467874869016
197,0.20647886944672017,1__mutated,PertCortex_1_ACTATCTCACATTTCT,3.7655661479435834
198,0.1429015263157125,1__mutated,PertCortex_1_ACTATCTCATGTTCCC,2.710337170618105
199,0.2528733223232403,1__mutated,PertCortex_1_ACTATCTTCGTCGTTC,2.3340148002722634
200,0.16942526593874768,1__mutated,PertCortex_1_ACTGAACAGACAATAC,4.710344672912941
201,0.10256814168087149,1__mutated,PertCortex_1_ACTGAACAGGGATACC,2.8415725538480747
202,0.0569378038636627,1__mutated,PertCortex_1_ACTGAACAGGTGGGTT,3.5839573784294667
203,0.22176265213462548,1__mutated,PertCortex_1_ACTGAACCACTGTCGG,4.646080643533147
204,0.25549722210238307,1__mutated,PertCortex_1_ACTGAACGTCGAGTTT,2.1706141104147187
205,0.18013270957968017,1__mutated,PertCortex_1_ACTGAACGTGAACCTT,3.781390058121629
206,0.20938610393067433,1__mutated,PertCortex_1_ACTGAACTCCTAGGGC,3.8973927959262498
207,0.23654830752193062,1__mutated,PertCortex_1_ACTGAACTCTTATCTG,2.893540691043435
208,0.2671359215789792,1__mutated,PertCortex_1_ACTGAACTCTTCGGTC,2.6521167677217767
209,0.1594713687737428,1__mutated,PertCortex_1_ACTGAACTCTTGTACT,4.412104162625554
210,0.24924299185093488,1__mutated,PertCortex_1_ACTGAGTAGCTTTGGT,3.5816853291492525
211,0.546247015951382,1__mutated,PertCortex_1_ACTGAGTAGGTGATTA,2.063202951223677
212,0.6238505725626009,1__mutated,PertCortex_1_ACTGAGTCACTCAGGC,1.7538246064364678
213,0.22273296410084006,1__mutated,PertCortex_1_ACTGAGTGTCTCCACT,2.711028256256945
214,0.43916947695577796,1__mutated,PertCortex_1_ACTGAGTGTGACGCCT,1.807554652073547
215,0.5341478853703674,1__mutated,PertCortex_1_ACTGAGTGTTAGATGA,2.0464169456450145
216,0.4811271755577719,1__mutated,PertCortex_1_ACTGATGAGACCGGAT,1.606343394285066
217,0.4680314206587297,1__mutated,PertCortex_1_ACTGATGAGGCCGAAT,1.9075725271146418
218,0.5372412674955775,1__mutated,PertCortex_1_ACTGATGCATCACGTA,1.5216469981983924
219,0.3230983886546554,1__mutated,PertCortex_1_ACTGATGGTAGCAAAT,2.583623780201445
220,0.07706970678235348,1__mutated,PertCortex_1_ACTGATGGTGTTGGGA,3.177073976043188
221,0.08390317611643049,1__mutated,PertCortex_1_ACTGATGGTTCATGGT,3.2055693827237666
222,0.17394499529683313,1__mutated,PertCortex_1_ACTGCTCAGTGTCTCA,3.9615851002502067
223,0.2733321191260053,1__mutated,PertCortex_1_ACTGCTCCATTAGCCA,2.438101317828664
224,0.2563931809581272,1__mutated,PertCortex_1_ACTGTCCGTCCGTCAG,2.6311009116348423
225,0.2327203291516554,1__mutated,PertCortex_1_ACTGTCCTCCAACCAA,3.362042562792655
226,0.13680609911260402,1__mutated,PertCortex_1_ACTGTCCTCTTGCCGT,3.5966324069302003
227,0.3663278744108892,1__mutated,PertCortex_1_ACTTACTCAGGCAGTA,2.24600047058365
228,0.23983867111332882,1__mutated,PertCortex_1_ACTTACTGTCAATGTC,2.261731682224002
229,-0.006623913098946811,1__mutated,PertCortex_1_ACTTACTGTTCGAATC,2.6420412925994214
230,0.20370783439237858,1__mutated,PertCortex_1_ACTTACTGTTGAACTC,1.662760671150634
231,0.2346892263305265,1__mutated,PertCortex_1_ACTTACTGTTGATTCG,2.9777958588282774
232,0.21117992735258684,1__mutated,PertCortex_1_ACTTTCAGTGAAATCA,3.770904662454594
233,0.10821969626873529,1__mutated,PertCortex_1_AGAATAGAGAATTCCC,3.4857350617482274
234,0.20523052860951982,1__mutated,PertCortex_1_AGAATAGAGGAGTCTG,3.239633657480562
235,0.15984233635154932,1__mutated,PertCortex_1_AGAATAGAGTGTCTCA,2.7435963556985636
236,0.1947984796445905,1__mutated,PertCortex_1_AGAATAGCAAGGTTCT,3.521134210961582
237,0.22613317431465702,1__mutated,PertCortex_1_AGAATAGCACAAGTAA,3.4480913166560256
238,0.040403119610613984,1__mutated,PertCortex_1_AGAATAGCACCAACCG,3.9080803310599674
239,0.19647676406162407,1__mutated,PertCortex_1_AGAATAGGTCAGAATA,3.362034490957003
240,0.5305054286625301,1__mutated,PertCortex_1_AGACGTTAGCAATCTC,1.7487988979236682
241,0.16511800571907329,1__mutated,PertCortex_1_AGACGTTAGTCTCGGC,4.935196285671454
242,0.44970727456568,1__mutated,PertCortex_1_AGACGTTCACCGTTGG,1.8593841760961964
243,0.3031428268909053,1__mutated,PertCortex_1_AGACGTTCATGAACCT,2.4029111745127163
244,0.1130481696128312,1__mutated,PertCortex_1_AGAGCGACAACTGCTA,3.3446089428103325
245,0.266526503593862,1__mutated,PertCortex_1_AGAGCGAGTGCAGACA,3.5918964466231116
246,0.2868434768959148,1__mutated,PertCortex_1_AGAGCGATCAAAGTAG,2.6081776048806287
247,0.20150211366655665,1__mutated,PertCortex_1_AGAGCGATCCTGCCAT,2.162581989953657
248,0.09607600878496929,1__mutated,PertCortex_1_AGAGCTTCACTCGACG,4.37135696364833
249,0.4488152798693556,1__mutated,PertCortex_1_AGAGCTTGTCTAGAGG,1.536302924185325
250,0.30265466530791607,1__mutated,PertCortex_1_AGAGTGGGTCTCATCC,2.7883581360253165
251,0.20157256103827528,1__mutated,PertCortex_1_AGAGTGGGTTGTACAC,4.618199803632863
252,0.26744624440260184,1__mutated,PertCortex_1_AGATCTGCACATTTCT,2.2192750411320774
253,0.18596795093255877,1__mutated,PertCortex_1_AGATCTGGTACCGAGA,3.9361622449422167
254,0.3612212457058426,1__mutated,PertCortex_1_AGATCTGGTTATCACG,2.9925242765016793
255,0.0465656485194921,1__mutated,PertCortex_1_AGATCTGGTTATTCTC,3.7785374674542376
256,0.5890321319829351,1__mutated,PertCortex_1_AGATTGCAGACAGAGA,2.0162042854714697
257,0.2740269048499005,1__mutated,PertCortex_1_AGATTGCAGCACCGTC,2.7089221964214074
258,0.13573396362298423,1__mutated,PertCortex_1_AGATTGCAGCGCTTAT,3.0846458343175094
259,0.22148008208500372,1__mutated,PertCortex_1_AGATTGCAGCTAACAA,2.855102128294161
260,0.2684063080663102,1__mutated,PertCortex_1_AGATTGCGTCACTGGC,4.166413716772202
261,0.2460443265870434,1__mutated,PertCortex_1_AGATTGCGTCGACTAT,2.8913514857163753
262,0.2214552350832638,1__mutated,PertCortex_1_AGATTGCGTTTGGCGC,2.5688357735848544
263,0.23316942750395364,1__mutated,PertCortex_1_AGCAGCCAGACCACGA,3.5349605833298057
264,0.26605676960529234,1__mutated,PertCortex_1_AGCAGCCAGACCTAGG,2.5215503177043566
265,0.49971175206408147,1__mutated,PertCortex_1_AGCAGCCAGACTAGAT,1.7132233659429421
266,0.11987791807274573,1__mutated,PertCortex_1_AGCAGCCAGCGAGAAA,4.315876348272501
267,0.21666525569071565,1__mutated,PertCortex_1_AGCAGCCTCTCATTCA,2.374779965529132
268,0.26258761134307756,1__mutated,PertCortex_1_AGCATACGTGAGTATA,3.0098920866723673
269,0.166970545008463,1__mutated,PertCortex_1_AGCCTAAGTCAGTGGA,4.273313946153318
270,0.45320597718171923,1__mutated,PertCortex_1_AGCCTAATCGGCGGTT,1.852285768847883
271,0.48973181101405794,1__mutated,PertCortex_1_AGCGGTCAGATCCTGT,1.6365189582260586
272,0.2935180615119704,1__mutated,PertCortex_1_AGCGGTCAGCTCCTTC,2.7563227951972293
273,0.25932703396700507,1__mutated,PertCortex_1_AGCGGTCAGTACCGGA,1.9733229749169625
274,0.37671504402763506,1__mutated,PertCortex_1_AGCGGTCCAACTGCTA,1.9737545471967717
275,0.24630992697667814,1__mutated,PertCortex_1_AGCGGTCCACCCAGTG,3.0287108238055507
276,0.16976314478520516,1__mutated,PertCortex_1_AGCGGTCTCCTGCAGG,3.643668503484547
277,0.5276439045901351,1__mutated,PertCortex_1_AGCGGTCTCTACTATC,1.8470782274878443
278,0.1084328689207598,1__mutated,PertCortex_1_AGCGGTCTCTTGCCGT,2.4633886107086154
279,0.16933493315966636,1__mutated,PertCortex_1_AGCGTATAGGCCCTCA,3.84904022570229
280,0.24174532376634555,1__mutated,PertCortex_1_AGCGTATGTTCTGGTA,3.3709577469806207
281,0.3546393415353736,1__mutated,PertCortex_1_AGCGTATGTTTAGGAA,2.2036641526107648
282,0.24063534471788026,1__mutated,PertCortex_1_AGCGTATTCCGCATCT,3.6550247116495016
283,0.2674534319639736,1__mutated,PertCortex_1_AGCGTCGAGCTGCCCA,2.5953456607555734
284,0.39255271352453447,1__mutated,PertCortex_1_AGCGTCGGTCCGTGAC,2.036753660665178
285,0.5799989350884197,1__mutated,PertCortex_1_AGCTCCTAGAATGTGT,1.6657922746957678
286,0.20554152680158178,1__mutated,PertCortex_1_AGCTCCTAGCCATCGC,3.2768748231049902
287,0.17050460674747508,1__mutated,PertCortex_1_AGCTCCTCACCTATCC,4.098685585365443
288,0.11494807331443788,1__mutated,PertCortex_1_AGCTCCTTCTAGCACA,3.4999123883148227
289,0.2538178405945589,1__mutated,PertCortex_1_AGCTCTCAGTGACTCT,2.5495457748128874
290,0.3065803906207692,1__mutated,PertCortex_1_AGCTTGAAGATAGTCA,2.2960244836024066
291,0.1771196875318177,1__mutated,PertCortex_1_AGCTTGACAAGCTGGA,3.484680018939674
292,0.21832576807694232,1__mutated,PertCortex_1_AGCTTGACAGCAGTTT,3.526516267996064
293,0.2785680575356571,1__mutated,PertCortex_1_AGCTTGACATCAGTCA,2.6033278805730324
294,0.26038288099839946,1__mutated,PertCortex_1_AGCTTGAGTATGAATG,2.917526784977892
295,0.3060512873386374,1__mutated,PertCortex_1_AGCTTGAGTCACTGGC,2.1082221161792467
296,0.2076954333952278,1__mutated,PertCortex_1_AGGCCACGTCTAAAGA,2.6409252507479066
297,0.1893691999728214,1__mutated,PertCortex_1_AGGCCACTCTGGTGTA,3.100722157048767
298,0.17010493455351328,1__mutated,PertCortex_1_AGGGAGTAGAGTACCG,3.2335558856707216
299,0.3992487636089003,1__mutated,PertCortex_1_AGGGAGTAGCTAAGAT,2.0097543605761734
300,0.1283599121980965,1__mutated,PertCortex_1_AGGGAGTCAAAGAATC,2.8384251334930197
301,0.3541257895978334,1__mutated,PertCortex_1_AGGGAGTCACATTAGC,2.6915568834010246
302,0.16302716911253853,1__mutated,PertCortex_1_AGGGAGTCATGACATC,2.738221136419872
303,0.18635788674526144,1__mutated,PertCortex_1_AGGGATGAGCTCAACT,2.7037433350431694
304,0.3118310796588428,1__mutated,PertCortex_1_AGGGTGAAGACTTGAA,3.2841366927382443
305,0.19187643568599713,1__mutated,PertCortex_1_AGGGTGAAGGGCTTCC,3.8177963441610214
306,0.15024627709443084,1__mutated,PertCortex_1_AGGGTGAGTTAGAACA,3.209301496678645
307,0.1761884084149043,1__mutated,PertCortex_1_AGGGTGATCAACCAAC,2.856446641298665
308,0.2383403441458272,1__mutated,PertCortex_1_AGGGTGATCACTTACT,3.3237280791574144
309,0.3033502556467103,1__mutated,PertCortex_1_AGGGTGATCGATGAGG,2.4404663262486617
310,0.18330306992816123,1__mutated,PertCortex_1_AGGTCATAGGATATAC,3.4103653551310353
311,0.16941868483332995,1__mutated,PertCortex_1_AGGTCATCACCGGAAA,2.9057908827592978
312,0.593587961103961,1__mutated,PertCortex_1_AGGTCATGTATGCTTG,2.2018550891657864
313,0.25981116818739847,1__mutated,PertCortex_1_AGGTCATTCCATTCTA,1.99709221442067
314,0.22403154998800806,1__mutated,PertCortex_1_AGGTCATTCCTAAGTG,3.9959183685674393
315,0.1830188761359027,1__mutated,PertCortex_1_AGGTCCGCAGCTGTGC,2.852248183944737
316,0.27511176310954943,1__mutated,PertCortex_1_AGGTCCGGTAAGAGAG,2.7593213349513364
317,0.08203597515604699,1__mutated,PertCortex_1_AGTAGTCAGCACGCCT,4.604933316116592
318,0.22427527366673425,1__mutated,PertCortex_1_AGTAGTCAGCTAGGCA,2.1115279572941548
319,0.113761814605503,1__mutated,PertCortex_1_AGTAGTCCACTGCCAG,2.6868257129233695
320,0.2030891579077166,1__mutated,PertCortex_1_AGTAGTCTCCTTAATC,3.733646343491554
321,0.1082879325478399,1__mutated,PertCortex_1_AGTCTTTCAACAACCT,3.919294733065715
322,0.3406485899186653,1__mutated,PertCortex_1_AGTCTTTCATTCACTT,2.7493534899017806
323,0.2986220020378688,1__mutated,PertCortex_1_AGTCTTTGTGATGCCC,2.7791344110084424
324,0.15746769414256126,1__mutated,PertCortex_1_AGTCTTTGTTTGTTGG,3.9137081760728876
325,0.3300172776663775,1__mutated,PertCortex_1_AGTCTTTTCCTGTAGA,2.7408115167494684
326,0.30596337084360375,1__mutated,PertCortex_1_AGTGAGGTCGATCCCT,1.6849784338057026
327,0.15972536754202293,1__mutated,PertCortex_1_AGTGAGGTCTGGTGTA,3.2003817614692847
328,0.3932156903556272,1__mutated,PertCortex_1_AGTGGGAAGGCTCTTA,2.6727513862052064
329,0.5610461318058453,1__mutated,PertCortex_1_AGTGGGACACACTGCG,2.2048339848268066
330,0.5004159852989665,1__mutated,PertCortex_1_AGTGGGACACCATGTA,1.936957669933749
331,0.31141056067101125,1__mutated,PertCortex_1_AGTGGGAGTGAGGGTT,1.7937613069133183
332,0.26211864957420583,1__mutated,PertCortex_1_AGTGGGATCATCTGTT,3.466981235153431
333,0.11452330654507042,1__mutated,PertCortex_1_AGTGGGATCGGTCCGA,4.17161836726006
334,0.1604595190303425,1__mutated,PertCortex_1_AGTGTCAAGCTAACTC,3.0341283477744616
335,0.19172627952882063,1__mutated,PertCortex_1_AGTGTCAAGGGCTCTC,3.6903054982210035
336,0.41948398733213377,1__mutated,PertCortex_1_AGTGTCAAGTGGGCTA,1.8496099643242592
337,0.19939424178182558,1__mutated,PertCortex_1_AGTGTCACAAGAGGCT,3.3112635115668803
338,0.23056607328874848,1__mutated,PertCortex_1_AGTGTCATCCAATGGT,4.561380500851272
339,0.18004085991730784,1__mutated,PertCortex_1_AGTTGGTCAAGTACCT,2.685066817039876
340,0.15045675480113052,1__mutated,PertCortex_1_AGTTGGTTCACATGCA,2.3055868856586517
341,0.1009920454001415,1__mutated,PertCortex_1_AGTTGGTTCACGATGT,3.239664955926507
342,0.12566460201026064,1__mutated,PertCortex_1_AGTTGGTTCTGTCAAG,2.8908010554519454
343,0.18774312419754086,1__mutated,PertCortex_1_ATAACGCAGCTCCCAG,2.775151290473395
344,0.10722117564177491,1__mutated,PertCortex_1_ATAACGCCATGGTAGG,3.471078556494558
345,0.39848473722757977,1__mutated,PertCortex_1_ATAACGCGTCTAGTCA,2.130786499284999
346,0.38912053360790294,1__mutated,PertCortex_1_ATAACGCTCAACCATG,2.5226281155899755
347,0.08747084561574443,1__mutated,PertCortex_1_ATAGACCAGACACGAC,3.601045572208062
348,0.14648047206221262,1__mutated,PertCortex_1_ATAGACCAGCAGACTG,3.0596184021288626
349,0.19044434221407258,1__mutated,PertCortex_1_ATAGACCGTCCAAGTT,2.59762281593931
350,0.1672986754896964,1__mutated,PertCortex_1_ATAGACCGTGTGACGA,2.574995249000436
351,0.08799305938430896,1__mutated,PertCortex_1_ATAGACCGTTCACCTC,4.256487884063616
352,0.41912145440317966,1__mutated,PertCortex_1_ATCACGAAGGACACCA,2.520417126221562
353,0.5134377736498641,1__mutated,PertCortex_1_ATCACGACAGACACTT,2.398604603195481
354,0.16545485087641237,1__mutated,PertCortex_1_ATCACGACATATACGC,4.190183921699832
355,0.08599415320044497,1__mutated,PertCortex_1_ATCACGATCCTTGGTC,2.6439826427576043
356,0.2391431086310162,1__mutated,PertCortex_1_ATCATCTAGTCAAGCG,3.242371983453773
357,0.22564175415436188,1__mutated,PertCortex_1_ATCATCTCAATGACCT,3.0187166491217634
358,0.23088521563687212,1__mutated,PertCortex_1_ATCATCTGTGCAGTAG,3.285891960224332
359,0.13836367893691864,1__mutated,PertCortex_1_ATCATCTTCATGTCTT,2.939492531838714
360,0.14070731902301223,1__mutated,PertCortex_1_ATCATGGAGGGTTCCC,3.4647715979364304
361,0.34928527494046685,1__mutated,PertCortex_1_ATCATGGGTAGGCTGA,1.7373973493065704
362,0.1404989307004016,1__mutated,PertCortex_1_ATCATGGGTGGCAAAC,3.9650832835566514
363,0.22992601711207042,1__mutated,PertCortex_1_ATCATGGTCATGCTCC,3.335726274846402
364,0.17121808072303193,1__mutated,PertCortex_1_ATCATGGTCCGAACGC,2.5223296485597073
365,0.23900266314762453,1__mutated,PertCortex_1_ATCATGGTCGTTACGA,3.8470504118933087
366,0.5272473501718508,1__mutated,PertCortex_1_ATCATGGTCTGGTATG,1.8644465064236495
367,0.5992451431783987,1__mutated,PertCortex_1_ATCCACCAGGTTCCTA,2.2079986251445827
368,0.2699996724859594,1__mutated,PertCortex_1_ATCCACCAGTACGACG,2.127723332866886
369,0.29038617105794656,1__mutated,PertCortex_1_ATCCACCCACCGATAT,2.779946966935788
370,0.1816546779162537,1__mutated,PertCortex_1_ATCCACCGTCATCCCT,3.107236682343001
371,0.11383231376554433,1__mutated,PertCortex_1_ATCCACCGTGACGGTA,3.7724320355489964
372,0.2000235468787037,1__mutated,PertCortex_1_ATCCGAAAGCGTTTAC,2.683003847634592
373,0.1456955731545505,1__mutated,PertCortex_1_ATCCGAAAGGGCACTA,3.165863785004343
374,0.09534879036359248,1__mutated,PertCortex_1_ATCCGAAGTTGTTTGG,2.50410238898444
375,0.22577064410974665,1__mutated,PertCortex_1_ATCCGAATCCAATGGT,4.231876439883025
376,0.4669753293228761,1__mutated,PertCortex_1_ATCCGAATCGTACCGG,2.3224674415457374
377,0.05613091263785764,1__mutated,PertCortex_1_ATCGAGTAGTTCCACA,4.256643011447118
378,0.19905418410708234,1__mutated,PertCortex_1_ATCGAGTTCAAAGACA,2.9078687894980315
379,0.4459075066223588,1__mutated,PertCortex_1_ATCGAGTTCACATACG,1.7565379745450869
380,0.44664081288551655,1__mutated,PertCortex_1_ATCGAGTTCGTGACAT,1.997944502238056
381,0.4725868277124988,1__mutated,PertCortex_1_ATCTACTAGTTCGATC,1.9442879830983488
382,0.11373188888008708,1__mutated,PertCortex_1_ATCTGCCAGCAGCCTC,2.8486750799412235
383,0.32642243267336074,1__mutated,PertCortex_1_ATCTGCCAGCCAACAG,2.954892029203525
384,0.5862675787641392,1__mutated,PertCortex_1_ATCTGCCAGGATTCGG,2.1561284898142485
385,0.292509756782921,1__mutated,PertCortex_1_ATCTGCCAGGCAATTA,1.7747147472806943
386,0.2693864337923002,1__mutated,PertCortex_1_ATCTGCCAGGTGTGGT,3.2053241021659358
387,0.1684533728226844,1__mutated,PertCortex_1_ATCTGCCCACCAGATT,3.227603360691772
388,0.04989792690967697,1__mutated,PertCortex_1_ATCTGCCGTTTAGCTG,3.6111386794509808
389,0.12590547487088874,1__mutated,PertCortex_1_ATCTGCCTCAGCGACC,2.7628892867322548
390,0.2510492963833985,1__mutated,PertCortex_1_ATGAGGGCAATCGGTT,3.5209666399231447
391,0.1582959356145689,1__mutated,PertCortex_1_ATGCGATAGATCTGAA,2.6322149301919118
392,0.16957561782091157,1__mutated,PertCortex_1_ATGCGATAGCAGGTCA,2.7622031355311774
393,0.13529229786204258,1__mutated,PertCortex_1_ATGCGATCAGTTAACC,4.313367344423556
394,0.2991316594521341,1__mutated,PertCortex_1_ATGCGATTCACCGTAA,2.2426592875040825
395,0.2592155377779378,1__mutated,PertCortex_1_ATGCGATTCTCGCTTG,3.489213217968634
396,0.1993415363460458,1__mutated,PertCortex_1_ATGGGAGAGAAGCCCA,3.219189315799029
397,0.2121399810015858,1__mutated,PertCortex_1_ATGGGAGTCGCATGAT,3.4694989491200747
398,0.252425553615236,1__mutated,PertCortex_1_ATGTGTGAGATATGCA,2.2723679689831577
399,0.4450006059372106,1__mutated,PertCortex_1_ATGTGTGAGGGATCTG,2.939529130578048
400,0.22397555870047592,1__mutated,PertCortex_1_ATGTGTGTCCCATTTA,3.292933140466665
401,0.17147519711226838,1__mutated,PertCortex_1_ATTACTCAGACTTGAA,3.609820942962572
402,0.5267211351522267,1__mutated,PertCortex_1_ATTACTCAGGTGTGGT,1.4727761495981309
403,0.37432892946848784,1__mutated,PertCortex_1_ATTACTCAGTACATGA,2.242783075884987
404,0.2789760422287995,1__mutated,PertCortex_1_ATTACTCCAGATCTGT,2.199299245546243
405,0.1887466224261233,1__mutated,PertCortex_1_ATTACTCCATGGATGG,4.800197038608816
406,0.0577179676841847,1__mutated,PertCortex_1_ATTACTCCATTGCGGC,2.888121327491117
407,0.5085393912052941,1__mutated,PertCortex_1_ATTACTCGTCTAGTGT,1.913340238506792
408,0.1589311960576599,1__mutated,PertCortex_1_ATTACTCGTTTACTCT,3.1058008234119243
409,0.06531889356799664,1__mutated,PertCortex_1_ATTACTCTCCCGACTT,2.346096855406289
410,0.3646301050455089,1__mutated,PertCortex_1_ATTATCCAGGACGAAA,2.0325382619470957
411,0.27839284585167323,1__mutated,PertCortex_1_ATTATCCAGTCAAGGC,2.9496799340737443
412,0.3641239476740559,1__mutated,PertCortex_1_ATTATCCCACATGTGT,3.526414388405104
413,0.5016795001613531,1__mutated,PertCortex_1_ATTATCCTCTTGAGGT,2.428837204896872
414,0.38023180474627527,1__mutated,PertCortex_1_ATTCTACCACCAGGCT,2.6221147054833027
415,0.43364608196608345,1__mutated,PertCortex_1_ATTCTACGTCCGAAGA,2.103756439573462
416,0.2529664439205012,1__mutated,PertCortex_1_ATTCTACTCAATACCG,2.9308097604009946
417,0.20726820847414681,1__mutated,PertCortex_1_ATTCTACTCGCATGGC,2.8783940042485345
418,0.06097826348959304,1__mutated,PertCortex_1_ATTCTACTCGTTACAG,4.245853289075409
419,0.2968332354841007,1__mutated,PertCortex_1_ATTCTACTCTATCGCC,2.355320602052925
420,0.24991716574321593,1__mutated,PertCortex_1_ATTGGACGTTTCGCTC,3.5646678138727412
421,0.6062692453053865,1__mutated,PertCortex_1_ATTGGTGAGAATAGGG,1.7485389862443395
422,0.11571860024272833,1__mutated,PertCortex_1_ATTGGTGAGTGTTTGC,2.6346058167757134
423,0.2795067474632081,1__mutated,PertCortex_1_ATTGGTGTCCCATTAT,2.6904993959292223
424,0.16625862079179113,1__mutated,PertCortex_1_ATTGGTGTCGATCCCT,4.583321849824172
425,0.2537075371111942,1__mutated,PertCortex_1_ATTGGTGTCTATGTGG,2.512705181417428
426,0.24938103892858043,1__mutated,PertCortex_1_ATTTCTGAGCTAGCCC,4.2212954260130875
427,0.18747612301020616,1__mutated,PertCortex_1_ATTTCTGCAACTGCGC,4.866663438252786
428,0.14929908349898377,1__mutated,PertCortex_1_ATTTCTGCACCATGTA,2.8046278842604195
429,0.292810766542782,1__mutated,PertCortex_1_ATTTCTGGTCGAATCT,2.9935640113343718
430,0.18593644767267276,1__mutated,PertCortex_1_ATTTCTGTCTCAAACG,2.864775477951217
431,0.1740780237523736,1__mutated,PertCortex_1_CAACCAAAGAGAGCTC,3.464334421889449
432,0.13620431297676427,1__mutated,PertCortex_1_CAACCAAAGGATGGTC,3.29886215138827
433,0.5331937011126988,1__mutated,PertCortex_1_CAACCAACAAGCCGCT,1.450610585276405
434,0.23314295630031118,1__mutated,PertCortex_1_CAACCAACAGCCTTGG,2.3376448686367257
435,0.1597504898626936,1__mutated,PertCortex_1_CAACCAAGTCAGAATA,4.454640775449904
436,0.3512924657068112,1__mutated,PertCortex_1_CAACCAATCACCCTCA,1.9821424724457406
437,0.5801438774443411,1__mutated,PertCortex_1_CAACCTCCACGGACAA,2.0937148661361893
438,0.5312997990820778,1__mutated,PertCortex_1_CAACCTCCACGGTAGA,2.116827313535801
439,0.24660294840686078,1__mutated,PertCortex_1_CAACCTCGTACCGTTA,2.3189130530699757
440,0.33073743982217707,1__mutated,PertCortex_1_CAACTAGAGAGCTGCA,1.7907309378297562
441,0.1709925095075829,1__mutated,PertCortex_1_CAACTAGAGCTCAACT,4.320481693546471
442,0.529058344373394,1__mutated,PertCortex_1_CAACTAGCAAGTTGTC,1.5369515644422223
443,0.21433580910672992,1__mutated,PertCortex_1_CAACTAGCAGACTCGC,3.0856479538332473
444,0.4807075295099136,1__mutated,PertCortex_1_CAACTAGCATCACGTA,1.687727585226047
445,0.2940472554616579,1__mutated,PertCortex_1_CAACTAGCATCGATGT,1.996850842232416
446,0.17948923754876311,1__mutated,PertCortex_1_CAACTAGCATGCTGGC,4.989774894077704
447,0.17792322469351982,1__mutated,PertCortex_1_CAACTAGGTACCCAAT,4.3229530437946995
448,0.2674214613431898,1__mutated,PertCortex_1_CAACTAGGTAGCTTGT,2.2500545332010073
449,0.18280079176084355,1__mutated,PertCortex_1_CAACTAGTCGCCATAA,3.1023643409601704
450,0.2090439679299949,1__mutated,PertCortex_1_CAACTAGTCTAACTGG,2.689141730622387
451,0.2111761192572047,1__mutated,PertCortex_1_CAAGAAAGTCCAGTGC,2.522868492727817
452,0.2624946298273154,1__mutated,PertCortex_1_CAAGAAAGTCTCTCGT,2.732538800109527
453,0.1854144835841273,1__mutated,PertCortex_1_CAAGAAAGTGAGTATA,2.872004460892973
454,0.18655711747169273,1__mutated,PertCortex_1_CAAGAAAGTGCAGTAG,3.547345119977268
455,0.2042724965741658,1__mutated,PertCortex_1_CAAGAAATCTTACCGC,1.906554147142384
456,0.10876077921509539,1__mutated,PertCortex_1_CAAGATCGTGCCTGCA,3.9542500323700964
457,0.21009255988496997,1__mutated,PertCortex_1_CAAGGCCCAGGGTTAG,2.116387386331904
458,0.20657345178955389,1__mutated,PertCortex_1_CAAGGCCGTGATGCCC,3.9250650897978483
459,0.42510088825482534,1__mutated,PertCortex_1_CAAGTTGAGGCATGGT,1.921430933145982
460,0.4271671798757577,1__mutated,PertCortex_1_CAAGTTGAGTAGGCCA,1.6395315240559354
461,0.12598831451729392,1__mutated,PertCortex_1_CAAGTTGCAGCTGCAC,3.411926359398971
462,0.025522448204227558,1__mutated,PertCortex_1_CAAGTTGCAGTTCATG,2.6050871955096078
463,0.21672438505096994,1__mutated,PertCortex_1_CAAGTTGGTATATGGA,4.07940459745707
464,0.18407762528994884,1__mutated,PertCortex_1_CAAGTTGTCACTGGGC,2.8641607413892762
465,0.17408568560880291,1__mutated,PertCortex_1_CAAGTTGTCAGATAAG,2.9356258883521167
466,0.11370507589785822,1__mutated,PertCortex_1_CACAAACAGAAGGACA,3.3813396111182192
467,0.28583097717484096,1__mutated,PertCortex_1_CACAAACCACACCGCA,2.233211371842397
468,0.28690523070126445,1__mutated,PertCortex_1_CACAAACGTAGAGGAA,2.3765563039814097
469,0.2294417938133259,1__mutated,PertCortex_1_CACAAACGTATTACCG,2.72761353794489
470,0.14395463388529356,1__mutated,PertCortex_1_CACAAACGTCTGCCAG,4.563983838191377
471,0.541307018891174,1__mutated,PertCortex_1_CACAAACTCTCCAACC,2.836368920252708
472,0.17681475516227688,1__mutated,PertCortex_1_CACACAACAACTTGAC,2.737777337978833
473,0.02341540411118911,1__mutated,PertCortex_1_CACACAACATATACGC,3.7893179189564528
474,0.15467839397658342,1__mutated,PertCortex_1_CACACAACATGCCCGA,3.4201394661210998
475,0.04507358260938259,1__mutated,PertCortex_1_CACACAAGTCTCGTTC,4.114678218683646
476,0.24056070511817057,1__mutated,PertCortex_1_CACACAAGTGGTCTCG,2.258956665153279
477,0.37698521363059756,1__mutated,PertCortex_1_CACACAATCAACCATG,2.826447520068434
478,0.257979761084674,1__mutated,PertCortex_1_CACACCTCAAAGCGGT,2.8122968295569017
479,0.0683691392553161,1__mutated,PertCortex_1_CACACCTGTAAAGGAG,3.5745359703610675
480,0.40854702472483834,1__mutated,PertCortex_1_CACACCTGTGCGAAAC,1.8843626690484057
481,0.3029777916155179,1__mutated,PertCortex_1_CACACTCCACACCGCA,2.8505616666424682
482,0.14880596616920486,1__mutated,PertCortex_1_CACAGGCAGTCGTTTG,2.6549753250794614
483,0.1290003130795035,1__mutated,PertCortex_1_CACAGGCTCACTTCAT,4.2669660207431495
484,0.10502762310869888,1__mutated,PertCortex_1_CACAGTACATTATCTC,4.120464977269737
485,0.46473033619258725,1__mutated,PertCortex_1_CACAGTAGTATTACCG,1.886979239349661
486,0.11065222868999229,1__mutated,PertCortex_1_CACAGTATCACAGGCC,4.274608258106122
487,0.08946447799957681,1__mutated,PertCortex_1_CACATAGGTCACAAGG,4.016470646750583
488,0.19986326968932797,1__mutated,PertCortex_1_CACATAGTCAGTGCAT,2.666955764484079
489,0.23493318706672703,1__mutated,PertCortex_1_CACATTTAGACCTAGG,2.4605779964633974
490,0.24677519627985908,1__mutated,PertCortex_1_CACATTTAGTCGTACT,2.7278806696794047
491,0.20631857214296231,1__mutated,PertCortex_1_CACATTTCAACTGGCC,2.6195709988047367
492,0.12269296955334884,1__mutated,PertCortex_1_CACATTTCAGCCTGTG,3.6777675146821056
493,0.2136615962051533,1__mutated,PertCortex_1_CACATTTCATGTCTCC,3.047176863239318
494,0.1470724121225269,1__mutated,PertCortex_1_CACATTTGTATTAGCC,3.468920731834782
495,0.07449481554967748,1__mutated,PertCortex_1_CACATTTGTGTCGCTG,3.5692424230463593
496,0.24443998200728786,1__mutated,PertCortex_1_CACATTTGTTACGGAG,2.458082883056148
497,0.2216337715432197,1__mutated,PertCortex_1_CACATTTTCGATCCCT,2.1117985710572396
498,0.23110996683859758,1__mutated,PertCortex_1_CACCACTAGAGTGAGA,3.4386278941602533
499,0.39415605904691803,1__mutated,PertCortex_1_CACCACTCAATAACGA,2.461101464004294
500,0.26533223393897587,1__mutated,PertCortex_1_CACCACTCAATGGACG,2.5434469166899576
501,0.19704185773590568,1__mutated,PertCortex_1_CACCACTCACAGGTTT,4.046354570420834
502,0.06374557628241598,1__mutated,PertCortex_1_CACCACTGTCCCTTGT,3.2479729691166357
503,0.207509562241925,1__mutated,PertCortex_1_CACCACTTCTCTAAGG,2.566617777311106
504,0.1537550750467424,1__mutated,PertCortex_1_CACCACTTCTGCTGCT,3.1052174585162384
505,0.23353653205428698,1__mutated,PertCortex_1_CACCAGGCAAACCCAT,2.823847660681715
506,0.17582063531013256,1__mutated,PertCortex_1_CACCAGGGTCTAGAGG,2.7402882922882554
507,0.24745025324146372,1__mutated,PertCortex_1_CACCAGGTCATGCAAC,1.943077974514738
508,0.21014955155116694,1__mutated,PertCortex_1_CACCTTGAGACTCGGA,3.0451234678760066
509,0.40807687659088404,1__mutated,PertCortex_1_CACCTTGCAAGTCATC,1.5383488669000753
510,0.23807968153921857,1__mutated,PertCortex_1_CACCTTGGTGTGGTTT,3.3631811686013786
511,0.20760584223062126,1__mutated,PertCortex_1_CACCTTGGTTAAGACA,3.2596806320577163
512,0.20994454418534228,1__mutated,PertCortex_1_CACCTTGTCCGAGCCA,4.260640179902218
513,0.17104755734126542,1__mutated,PertCortex_1_CACCTTGTCGAGAGCA,3.738650624117292
514,0.5834988511709108,1__mutated,PertCortex_1_CACTCCACAACGATCT,1.8679467241132903
515,0.27456474222222316,1__mutated,PertCortex_1_CACTCCACAGTCTTCC,3.101854387484276
516,0.15622497152585235,1__mutated,PertCortex_1_CAGAATCAGGTGGGTT,3.2300484914848964
517,0.11763494703491194,1__mutated,PertCortex_1_CAGAATCGTAAGTGGC,4.416423225047381
518,0.20314809103906872,1__mutated,PertCortex_1_CAGAATCGTCTAAACC,3.1801181025237697
519,0.3034037062840093,1__mutated,PertCortex_1_CAGAATCTCGGCGGTT,2.718668472368405
520,0.49660341959770515,1__mutated,PertCortex_1_CAGAGAGAGGTCATCT,2.4259926172269517
521,0.4464524134590755,1__mutated,PertCortex_1_CAGAGAGCAAAGGCGT,1.8258245818399055
522,0.4946698976156709,1__mutated,PertCortex_1_CAGAGAGCAGCTGTGC,2.5957647940573105
523,0.1667154169900102,1__mutated,PertCortex_1_CAGAGAGGTCTCTTAT,2.141210965325992
524,0.600951473787845,1__mutated,PertCortex_1_CAGAGAGGTGAGCGAT,1.476208114040437
525,0.15282020916796546,1__mutated,PertCortex_1_CAGAGAGGTGGCAAAC,4.5333861148211865
526,0.21528477626750472,1__mutated,PertCortex_1_CAGAGAGGTTTGACTG,3.0219531628702287
527,0.3254195213294665,1__mutated,PertCortex_1_CAGAGAGTCTCTAAGG,1.9053156329376137
528,0.6090428140012879,1__mutated,PertCortex_1_CAGATCAAGAAACGAG,1.5422170761152934
529,0.18905313227725357,1__mutated,PertCortex_1_CAGATCACACCGTTGG,5.211218897528381
530,0.06758388999351254,1__mutated,PertCortex_1_CAGATCATCCACGTTC,4.291850666344902
531,0.22097645252639153,1__mutated,PertCortex_1_CAGCAGCGTATCACCA,3.0306419075343154
532,0.13060936683246724,1__mutated,PertCortex_1_CAGCAGCGTATGAATG,4.34245040391102
533,0.11895167326841241,1__mutated,PertCortex_1_CAGCAGCGTCCAACTA,3.3524424134936575
534,0.16252245156645534,1__mutated,PertCortex_1_CAGCAGCGTGAAGGCT,2.7744880627548447
535,0.22720724383336727,1__mutated,PertCortex_1_CAGCAGCGTGCAACTT,3.051657459637063
536,0.2576903617077018,1__mutated,PertCortex_1_CAGCAGCTCCAGGGCT,2.570570046344788
537,0.11928719449093203,1__mutated,PertCortex_1_CAGCATACAGCTGTTA,3.7164712869424275
538,0.5327776956133216,1__mutated,PertCortex_1_CAGCCGAAGCTGCGAA,1.9434617764360906
539,0.16122061823469352,1__mutated,PertCortex_1_CAGCCGACATATACGC,2.985262325509992
540,0.6030354710362897,1__mutated,PertCortex_1_CAGCCGATCCCAAGAT,2.1724631263666425
541,0.3981164530235395,1__mutated,PertCortex_1_CAGCCGATCTCGTATT,2.001974117044732
542,0.17924562974035568,1__mutated,PertCortex_1_CAGCGACAGAAGAAGC,3.757856390354206
543,0.31702360729332246,1__mutated,PertCortex_1_CAGCGACAGCTATGCT,2.2177603557750962
544,0.23799647843964897,1__mutated,PertCortex_1_CAGCGACAGTTCGCGC,1.765356367512625
545,0.3253363054593539,1__mutated,PertCortex_1_CAGCGACGTGTGGCTC,2.0371519653918138
546,0.33804937120776585,1__mutated,PertCortex_1_CAGCGACTCGGATGTT,1.752595161806333
547,0.3524334719261157,1__mutated,PertCortex_1_CAGCGACTCTTCGGTC,1.9260157452594786
548,0.15426548104767923,1__mutated,PertCortex_1_CAGCTAACACATCCGG,3.3045698701357304
549,0.42414780381754913,1__mutated,PertCortex_1_CAGCTAACAGCTATTG,2.558762704049702
550,0.15784808464690778,1__mutated,PertCortex_1_CAGCTAAGTCAGAATA,3.9144816906826296
551,0.6202830020002815,1__mutated,PertCortex_1_CAGCTGGAGACGCTTT,1.9101683613841483
552,0.06919063265926584,1__mutated,PertCortex_1_CAGCTGGCAGCGTTCG,2.3485585783951555
553,0.26122476066982586,1__mutated,PertCortex_1_CAGCTGGTCAGAAATG,3.4208196349926765
554,0.13538897327664787,1__mutated,PertCortex_1_CAGCTGGTCAGTTTGG,3.2675986124017298
555,0.14709765785610343,1__mutated,PertCortex_1_CAGGTGCCACACCGAC,2.8766172760538318
556,0.19965968499284972,1__mutated,PertCortex_1_CAGGTGCCACGGTTTA,2.663521810697075
557,0.11209719223588016,1__mutated,PertCortex_1_CAGGTGCGTCAACTGT,3.636867007390223
558,0.2700183625977682,1__mutated,PertCortex_1_CAGGTGCGTGGTGTAG,2.816220803949708
559,0.27968408784628956,1__mutated,PertCortex_1_CAGGTGCTCGGCTACG,2.294085912551431
560,0.18689799788439396,1__mutated,PertCortex_1_CAGGTGCTCTACCAGA,2.4494253078260453
561,0.32526447062511027,1__mutated,PertCortex_1_CAGTAACCATTTGCTT,2.2921403412037993
562,0.17885625250078666,1__mutated,PertCortex_1_CAGTAACGTGGTTTCA,3.674063562237172
563,0.6341492426909197,1__mutated,PertCortex_1_CAGTAACGTTGCGTTA,2.1839789472322124
564,0.2639853130063683,1__mutated,PertCortex_1_CAGTAACTCCCTCTTT,2.209852973560308
565,0.5152732248070806,1__mutated,PertCortex_1_CAGTAACTCCGAACGC,2.69334085657955
566,0.3949482970276316,1__mutated,PertCortex_1_CAGTCCTAGCAGACTG,2.7604331421215855
567,0.22155363992968136,1__mutated,PertCortex_1_CAGTCCTCAAATCCGT,2.9534595445943674
568,0.17246219097654208,1__mutated,PertCortex_1_CAGTCCTCATTACCTT,3.308877485313251
569,0.1252842870327143,1__mutated,PertCortex_1_CAGTCCTGTCCTGCTT,2.2296776395264257
570,0.23512164216848427,1__mutated,PertCortex_1_CATATGGAGAGTAATC,2.904248702879279
571,0.47160105341439174,1__mutated,PertCortex_1_CATATGGCAACACCTA,2.6710492991052623
572,0.267818275427836,1__mutated,PertCortex_1_CATATGGCATCCCACT,4.023256120046057
573,0.37339615053797215,1__mutated,PertCortex_1_CATATGGGTTCGTCTC,2.32266543179359
574,0.363489321951861,1__mutated,PertCortex_1_CATATTCAGCTAGTCT,1.6472738374508595
575,0.22704168717022447,1__mutated,PertCortex_1_CATATTCCAGTGAGTG,2.826202488636278
576,0.18438594403413378,1__mutated,PertCortex_1_CATATTCGTCCTCCAT,2.965385184678717
577,0.3694240476835164,1__mutated,PertCortex_1_CATCAAGGTCATGCAT,1.8410623036163551
578,0.2842955487952978,1__mutated,PertCortex_1_CATCAGACAGTGGAGT,2.5274749730239976
579,0.235438782203315,1__mutated,PertCortex_1_CATCAGATCAGCTCGG,3.247296223973211
580,0.3628143448901936,1__mutated,PertCortex_1_CATCCACAGAGTGACC,2.2324595898003716
581,0.14847060797451553,1__mutated,PertCortex_1_CATCCACCAGCCTGTG,4.024422367260124
582,0.26248044846637725,1__mutated,PertCortex_1_CATCCACGTACCGTTA,3.0973360184868026
583,0.43866807908214517,1__mutated,PertCortex_1_CATCCACGTTCCATGA,2.052957076307318
584,0.4463407549636811,1__mutated,PertCortex_1_CATCCACTCCCTGACT,1.3879690893703902
585,0.2245017275308125,1__mutated,PertCortex_1_CATCGAAAGCAAATCA,3.1608785819978826
586,0.5112050921485057,1__mutated,PertCortex_1_CATCGAAAGTGGGTTG,1.5654212589167569
587,0.2765560652963409,1__mutated,PertCortex_1_CATCGAATCACAGTAC,3.338667422424528
588,0.19686766264676275,1__mutated,PertCortex_1_CATCGGGAGGACAGAA,2.922360720168405
589,0.24302711009012062,1__mutated,PertCortex_1_CATCGGGCACCCTATC,2.61767218794016
590,0.20491361573808747,1__mutated,PertCortex_1_CATCGGGGTACGAAAT,3.391805728809561
591,0.11946519023692875,1__mutated,PertCortex_1_CATCGGGGTATCGCAT,4.247423697432903
592,0.19189279391676434,1__mutated,PertCortex_1_CATCGGGTCAATCACG,3.4362851227847186
593,0.0895281267046428,1__mutated,PertCortex_1_CATCGGGTCACGAAGG,3.7577146904918823
594,0.18685404125756516,1__mutated,PertCortex_1_CATCGGGTCACGACTA,2.9196820123650333
595,0.20064591571646553,1__mutated,PertCortex_1_CATGACAGTCGCCATG,2.844297731509896
596,0.08551771551957392,1__mutated,PertCortex_1_CATGCCTAGAAGGACA,4.47890728837965
597,0.14458113727364652,1__mutated,PertCortex_1_CATGCCTCAAAGGAAG,3.865816020254306
598,0.15113612486259678,1__mutated,PertCortex_1_CATGCCTCACATGTGT,5.223315886315231
599,0.16346527055944798,1__mutated,PertCortex_1_CATGCCTGTGAGGGTT,3.730880645311764
600,0.1409084890675998,1__mutated,PertCortex_1_CATGCCTTCGGTCTAA,1.6819883417157144
601,0.07851859058201903,1__mutated,PertCortex_1_CATGGCGAGACGCTTT,4.737384209563127
602,0.1943073499995246,1__mutated,PertCortex_1_CATGGCGAGTGCCATT,2.818031266123677
603,0.1374061697385541,1__mutated,PertCortex_1_CATGGCGAGTTCGCAT,4.269906701158494
604,0.09128436672985853,1__mutated,PertCortex_1_CATGGCGCACCTATCC,3.88591596114969
605,0.28208088234058437,1__mutated,PertCortex_1_CATGGCGCATCGTCGG,2.3191377672725983
606,0.44998320264494157,1__mutated,PertCortex_1_CATTATCGTGTTGAGG,2.5935615553553526
607,0.20216223599406155,1__mutated,PertCortex_1_CATTATCTCAGCTCTC,3.1104859648363132
608,0.11929108248533327,1__mutated,PertCortex_1_CATTATCTCTCGCTTG,3.40398308485039
609,0.22070774497058238,1__mutated,PertCortex_1_CATTCGCAGTGTGGCA,2.953247893607151
610,0.3776892995490035,1__mutated,PertCortex_1_CATTCGCCAGCCTGTG,2.4915394879191983
611,0.23567955859533063,1__mutated,PertCortex_1_CATTCGCCATACTACG,1.857364383445971
612,0.13241610593173542,1__mutated,PertCortex_1_CCAATCCAGCTGTCTA,2.8869823198817657
613,0.06831891834028303,1__mutated,PertCortex_1_CCAATCCAGCTGTTCA,2.51214904293128
614,0.0666010186796457,1__mutated,PertCortex_1_CCAATCCCACCTTGTC,2.7807886975381497
615,0.18205647328597957,1__mutated,PertCortex_1_CCAATCCCATTGGCGC,3.4449217520880064
616,0.22149965247127415,1__mutated,PertCortex_1_CCACCTACAACACCTA,2.328137139265991
617,0.1976360169337528,1__mutated,PertCortex_1_CCACCTATCTCGATGA,2.8471196439435422
618,0.2307495598129574,1__mutated,PertCortex_1_CCACGGAAGAGGTAGA,3.1402181236239484
619,0.6650398985230322,1__mutated,PertCortex_1_CCACGGAAGATGGGTC,2.026257635471561
620,0.4367114095915897,1__mutated,PertCortex_1_CCACGGACAGGAACGT,1.7803624867195726
621,0.16509439246606392,1__mutated,PertCortex_1_CCACGGAGTTCAGGCC,4.9193238915428354
622,0.5662179580856646,1__mutated,PertCortex_1_CCACGGATCCTGCTTG,2.0749547394429557
623,0.1834340903438204,1__mutated,PertCortex_1_CCACTACCAATTCCTT,3.0223538424077887
624,0.20681657833974634,1__mutated,PertCortex_1_CCACTACTCAATACCG,3.843621174187409
625,0.04710090588609326,1__mutated,PertCortex_1_CCACTACTCACTCCTG,2.6428123581997087
626,0.17701845437679112,1__mutated,PertCortex_1_CCAGCGAAGGGTATCG,2.6913718175560097
627,0.1465459335605822,1__mutated,PertCortex_1_CCAGCGACAGGTCTCG,2.462056814155373
628,0.333814788217438,1__mutated,PertCortex_1_CCAGCGAGTATTCGTG,2.0200569341272936
629,0.19013988005714444,1__mutated,PertCortex_1_CCAGCGATCCTAGTGA,2.793888419593402
630,0.5578309781705685,1__mutated,PertCortex_1_CCATGTCAGCTCAACT,2.255416783759876
631,0.264618067979168,1__mutated,PertCortex_1_CCATGTCCACAACGTT,2.9747201961212038
632,0.2708304576822882,1__mutated,PertCortex_1_CCATGTCCAGTAAGAT,2.7937302819220524
633,0.2702625707669618,1__mutated,PertCortex_1_CCATGTCTCGACCAGC,4.588767382409724
634,0.25246221361449106,1__mutated,PertCortex_1_CCATTCGAGGCTATCT,2.3502985268870806
635,0.44265384846757744,1__mutated,PertCortex_1_CCATTCGCACGTGAGA,2.6150824815167204
636,0.4842802120779208,1__mutated,PertCortex_1_CCATTCGGTATAATGG,1.8076484037423588
637,0.24390928156509087,1__mutated,PertCortex_1_CCATTCGGTGGGTCAA,2.6595307894637346
638,0.16691387704383925,1__mutated,PertCortex_1_CCATTCGTCGGCTTGG,2.7162983629613873
639,0.07476761077151346,1__mutated,PertCortex_1_CCCAATCAGATCCTGT,3.7922194328382046
640,0.0015904770829106019,1__mutated,PertCortex_1_CCCAATCAGCCGTCGT,2.238228464127589
641,0.32166938685532986,1__mutated,PertCortex_1_CCCAATCCAATGGACG,1.9228972785021834
642,0.1508231112236432,1__mutated,PertCortex_1_CCCAATCCATGTCTCC,5.377808112087645
643,0.35950061892568924,1__mutated,PertCortex_1_CCCAGTTAGGCCCTCA,1.9720406979006002
644,0.2959755701065057,1__mutated,PertCortex_1_CCCAGTTAGTCAATAG,2.6610813963854807
645,0.19575169937436424,1__mutated,PertCortex_1_CCCAGTTCAACTGCGC,2.945782738272277
646,0.19486532433004994,1__mutated,PertCortex_1_CCCAGTTCAATGAAAC,3.5903884096979595
647,0.20901829530458324,1__mutated,PertCortex_1_CCCAGTTCACACTGCG,3.360649811427896
648,0.1076311315696569,1__mutated,PertCortex_1_CCCAGTTTCAACTCTT,5.052400350284199
649,0.21774333115908998,1__mutated,PertCortex_1_CCCATACTCCTTGGTC,2.8530156355507796
650,0.15325016802699976,1__mutated,PertCortex_1_CCCATACTCGCCTGTT,3.421788155606018
651,0.16573217997024703,1__mutated,PertCortex_1_CCCTCCTAGTCCCACG,3.309546353639963
652,0.07074611800695275,1__mutated,PertCortex_1_CCCTCCTCACGGCCAT,1.7304382740488495
653,0.2196093458422193,1__mutated,PertCortex_1_CCCTCCTTCGCACTCT,2.3364035365758835
654,0.5696539217319996,1__mutated,PertCortex_1_CCGGGATAGACTGGGT,2.0722891088940893
655,0.46820511298220274,1__mutated,PertCortex_1_CCGGGATCAGGGAGAG,2.049540011828834
656,0.17469743645464222,1__mutated,PertCortex_1_CCGGGATCAGGGATTG,4.85246468983576
657,0.07801477493739988,1__mutated,PertCortex_1_CCGGGATGTAATTGGA,2.8745150906026375
658,0.17763601835015239,1__mutated,PertCortex_1_CCGGGATGTCGCGTGT,2.4060865396964037
659,0.2877540739668736,1__mutated,PertCortex_1_CCGGGATGTTGCGCAC,3.099587908096255
660,0.3796327959223479,1__mutated,PertCortex_1_CCGGTAGCATGGTTGT,1.825759620319776
661,0.5780649152931661,1__mutated,PertCortex_1_CCGGTAGGTAACGCGA,2.0260691394097683
662,0.5777549983727983,1__mutated,PertCortex_1_CCGTACTCACCGATAT,2.015455826689243
663,0.5466495611195412,1__mutated,PertCortex_1_CCGTACTCATGTCCTC,2.104091120994192
664,0.2676620768468505,1__mutated,PertCortex_1_CCGTACTTCGCAAACT,3.867852221605658
665,0.09304293174574682,1__mutated,PertCortex_1_CCGTACTTCTGTTTGT,3.3847290307117146
666,0.2332483626196887,1__mutated,PertCortex_1_CCGTGGAAGGACGAAA,2.076578503734344
667,0.04080481660012175,1__mutated,PertCortex_1_CCGTGGAAGTGTTAGA,2.3845935555368567
668,0.6458704559078823,1__mutated,PertCortex_1_CCGTGGATCACTTATC,1.7565978903977442
669,0.25146509182887156,1__mutated,PertCortex_1_CCGTGGATCCGAACGC,2.05939084755799
670,0.2453595269149099,1__mutated,PertCortex_1_CCGTGGATCGAGAGCA,3.124552491414629
671,0.17861128011061922,1__mutated,PertCortex_1_CCGTTCAAGACAGAGA,3.21380879154036
672,0.1172347709712016,1__mutated,PertCortex_1_CCGTTCAAGCAGGCTA,4.219277290326192
673,0.4046311500446159,1__mutated,PertCortex_1_CCGTTCAGTCACCCAG,1.9996663447017473
674,0.4194219134273893,1__mutated,PertCortex_1_CCGTTCAGTCTAGAGG,1.37619502527047
675,0.1547461890878666,1__mutated,PertCortex_1_CCTAAAGAGATCGATA,4.445056300360377
676,0.07696705674156218,1__mutated,PertCortex_1_CCTAAAGAGCGTCAAG,3.8570852291917617
677,0.31413555847648617,1__mutated,PertCortex_1_CCTAAAGAGTAACCCT,3.439634827420164
678,0.2391867927439114,1__mutated,PertCortex_1_CCTAAAGCATTACGAC,2.8149465327515966
679,0.22687540439044182,1__mutated,PertCortex_1_CCTAAAGGTACCGTTA,3.1067446521211806
680,0.2605375932413228,1__mutated,PertCortex_1_CCTAAAGGTGGTAACG,3.0584443551967904
681,0.11845470489949507,1__mutated,PertCortex_1_CCTAAAGTCCTGTAGA,4.296359441307712
682,0.2469728407248475,1__mutated,PertCortex_1_CCTAAAGTCGCGGATC,2.353775349002001
683,0.13054125017106977,1__mutated,PertCortex_1_CCTAAAGTCGTTTAGG,3.554357880909772
684,0.266305824136426,1__mutated,PertCortex_1_CCTAAAGTCTAACTCT,2.542300339450301
685,0.21485702842167437,1__mutated,PertCortex_1_CCTACACGTTATGCGT,2.8059270160369714
686,0.15515509626828244,1__mutated,PertCortex_1_CCTACCACAAATTGCC,2.62384892157787
687,0.23017467858407847,1__mutated,PertCortex_1_CCTACCACAAGGTTCT,3.150713606544967
688,0.22125734979261014,1__mutated,PertCortex_1_CCTACCAGTCCGCTGA,2.5741986680285063
689,0.1586033400520527,1__mutated,PertCortex_1_CCTAGCTAGAGTAAGG,3.481539935218551
690,0.11495495080816673,1__mutated,PertCortex_1_CCTAGCTAGTCAAGGC,4.387441441720906
691,0.35823920206300647,1__mutated,PertCortex_1_CCTAGCTCAAGTACCT,2.063594411325916
692,0.3244026239666861,1__mutated,PertCortex_1_CCTAGCTGTCTAGCGC,2.626689341556087
693,0.02672467121628059,1__mutated,PertCortex_1_CCTAGCTGTTCCGTCT,4.7445550939992405
694,0.10712394555661339,1__mutated,PertCortex_1_CCTATTACATCAGTAC,4.190679646492223
695,0.17484584642542025,1__mutated,PertCortex_1_CCTATTAGTAAGGGCT,4.320361087048295
696,0.2017013700437519,1__mutated,PertCortex_1_CCTATTAGTCCAGTGC,3.0238377995571892
697,0.49710740362628364,1__mutated,PertCortex_1_CCTATTATCACGATGT,1.7325965758747366
698,0.25332777397988526,1__mutated,PertCortex_1_CCTATTATCTTGTCAT,2.771402692748198
699,0.5318203089668222,1__mutated,PertCortex_1_CCTCAGTAGACTGGGT,1.8152156509722817
700,0.24252494197435695,1__mutated,PertCortex_1_CCTCAGTCAAACTGTC,3.4877812143864024
701,0.22008092809757546,1__mutated,PertCortex_1_CCTCTGAAGCGTTCCG,3.784168353413488
702,0.16913533229416358,1__mutated,PertCortex_1_CCTCTGACACCTTGTC,2.7678604992437523
703,0.32129535048401947,1__mutated,PertCortex_1_CCTCTGACACGGCTAC,2.0178601948905754
704,0.49291561804794753,1__mutated,PertCortex_1_CCTCTGACAGACAGGT,2.1680221921714082
705,0.19288974253242844,1__mutated,PertCortex_1_CCTCTGACAGGATCGA,3.0297626930728527
706,0.13647939419566163,1__mutated,PertCortex_1_CCTCTGAGTTCATGGT,3.8891312205339164
707,0.532865565678495,1__mutated,PertCortex_1_CCTTACGAGCAGACTG,1.4751819112077433
708,0.010656854428801314,1__mutated,PertCortex_1_CCTTACGAGTCGAGTG,4.088428711067168
709,0.21662838661957282,1__mutated,PertCortex_1_CCTTACGCAAACCTAC,3.810808964767627
710,0.4852120763308788,1__mutated,PertCortex_1_CCTTACGCAAATTGCC,1.8516136412815916
711,0.11859670268277701,1__mutated,PertCortex_1_CCTTACGCACAGTCGC,3.2638029204595504
712,0.11689338288780037,1__mutated,PertCortex_1_CCTTACGCACGGACAA,4.022195038504525
713,0.20773657729226522,1__mutated,PertCortex_1_CCTTCCCAGAATAGGG,3.4826370921867857
714,0.278618354915676,1__mutated,PertCortex_1_CCTTCCCAGACTTTCG,2.6871805901339942
715,0.4028921386423418,1__mutated,PertCortex_1_CCTTCCCAGGGAACGG,2.8110069419297097
716,0.15816808930678863,1__mutated,PertCortex_1_CCTTCCCTCAACACCA,3.126709725627643
717,0.17645220567008896,1__mutated,PertCortex_1_CCTTCCCTCGTCCAGG,2.5930153023000946
718,0.19651614674999995,1__mutated,PertCortex_1_CCTTCGAAGATGGCGT,3.7261849215490566
719,0.15866159508377714,1__mutated,PertCortex_1_CCTTCGAGTTGAGTTC,4.740084681286506
720,0.27337629718081324,1__mutated,PertCortex_1_CCTTTCTAGATGTAAC,3.3264367293921104
721,0.6063796858776828,1__mutated,PertCortex_1_CCTTTCTGTGGTTTCA,1.2397173439722118
722,0.16477032127922375,1__mutated,PertCortex_1_CCTTTCTTCTATCCCG,2.790349064793636
723,0.20672554818429648,1__mutated,PertCortex_1_CCTTTCTTCTATCGCC,3.071874793779511
724,0.198687251643882,1__mutated,PertCortex_1_CGAACATTCAAGCCTA,2.67110667597731
725,0.30588154902924125,1__mutated,PertCortex_1_CGAATGTAGTACGATA,3.2088321708304255
726,0.20167061173457357,1__mutated,PertCortex_1_CGAATGTCAATAGCGG,3.7016953152798506
727,0.41172233973896016,1__mutated,PertCortex_1_CGAATGTCACGCTTTC,2.495625708038971
728,0.5204092008412303,1__mutated,PertCortex_1_CGAATGTCAGGGCATA,1.4653674618074888
729,0.48664810540839765,1__mutated,PertCortex_1_CGAATGTCATCGACGC,1.5506859596370022
730,0.1407578858370657,1__mutated,PertCortex_1_CGAATGTTCGAATGGG,3.1803457595095197
731,0.2282282851455186,1__mutated,PertCortex_1_CGACCTTAGGCGACAT,2.4907432155078166
732,0.04704118479577681,1__mutated,PertCortex_1_CGACCTTCACTGTCGG,2.667526203803756
733,0.49518174306762097,1__mutated,PertCortex_1_CGACCTTCACTTGGAT,2.776718173348463
734,0.11700855896841451,1__mutated,PertCortex_1_CGACCTTCATCCGGGT,1.4285435872507273
735,0.20301856734238322,1__mutated,PertCortex_1_CGACCTTGTGAAAGAG,3.1440337120728747
736,0.09020411538852958,1__mutated,PertCortex_1_CGACCTTGTGTGAAAT,2.437402371265036
737,0.049885172697411155,1__mutated,PertCortex_1_CGACCTTGTGTTCGAT,2.4478148357336607
738,0.07455967833263641,1__mutated,PertCortex_1_CGACCTTTCGTGGACC,3.935180073864607
739,0.1525742610484161,1__mutated,PertCortex_1_CGACTTCAGATGGGTC,4.698152715190179
740,0.12242214647668911,1__mutated,PertCortex_1_CGACTTCAGCCTTGAT,3.3077526969023356
741,0.17277427825745315,1__mutated,PertCortex_1_CGACTTCCACAGATTC,3.996966703359338
742,0.05879147946886107,1__mutated,PertCortex_1_CGAGAAGAGACAAAGG,3.8955978126120514
743,0.30951489945065624,1__mutated,PertCortex_1_CGAGAAGAGGCATGTG,2.1277480887539584
744,0.44854967456384026,1__mutated,PertCortex_1_CGAGAAGAGTATCTCG,1.6040702204039197
745,0.46350919096550647,1__mutated,PertCortex_1_CGAGCACAGCGTCAAG,1.751758566280442
746,0.08057722415212874,1__mutated,PertCortex_1_CGAGCACAGTTGAGTA,2.429393691939116
747,0.1726608125811884,1__mutated,PertCortex_1_CGAGCACCACTTAACG,2.415231704047607
748,0.20602741185903692,1__mutated,PertCortex_1_CGAGCACCAGAGCCAA,3.175935785612456
749,0.23767258053573734,1__mutated,PertCortex_1_CGAGCACTCCATGAAC,2.7169822902927834
750,0.16723807026297688,1__mutated,PertCortex_1_CGAGCCAGTAAATACG,2.967350252462565
751,0.31616528029174906,1__mutated,PertCortex_1_CGATCGGAGAATAGGG,2.3807413443113337
752,0.18737302348444426,1__mutated,PertCortex_1_CGATCGGCACACTGCG,2.6596227581117153
753,0.1924047772716849,1__mutated,PertCortex_1_CGATCGGCATCCCACT,3.572444374918734
754,0.16449359170494277,1__mutated,PertCortex_1_CGATCGGGTAAGCACG,4.679193216316904
755,0.30347272259466845,1__mutated,PertCortex_1_CGATGGCCACAGACAG,3.062435651467329
756,0.2165575825395922,1__mutated,PertCortex_1_CGATGTAAGCGAAGGG,2.873222417172572
757,0.17482522315423327,1__mutated,PertCortex_1_CGATGTACAATCGAAA,3.111883086445515
758,0.435536759246269,1__mutated,PertCortex_1_CGATGTACAGCGATCC,2.26343149840635
759,0.35114954611562377,1__mutated,PertCortex_1_CGATGTAGTCAGCTAT,2.0163248437569443
760,0.27855034685891567,1__mutated,PertCortex_1_CGATGTAGTCTCTTAT,2.835389325675916
761,0.19815062795911148,1__mutated,PertCortex_1_CGATGTATCATGTCTT,3.900443885813211
762,0.5026470899787531,1__mutated,PertCortex_1_CGATTGAAGGCTAGCA,1.739669210700467
763,0.21796027122963635,1__mutated,PertCortex_1_CGATTGACACATTTCT,2.845244488726231
764,0.6588629572544565,1__mutated,PertCortex_1_CGATTGAGTCTGCCAG,1.7241100765216892
765,0.10314606862614267,1__mutated,PertCortex_1_CGATTGAGTGATAAGT,4.2418841915503585
766,0.04617633783697832,1__mutated,PertCortex_1_CGATTGAGTTACGCGC,2.7690036473390727
767,0.4506419089060353,1__mutated,PertCortex_1_CGATTGATCACAACGT,1.9934440661374353
768,0.09167000161563853,1__mutated,PertCortex_1_CGATTGATCTCATTCA,3.026642969412911
769,0.09994866290791378,1__mutated,PertCortex_1_CGCCAAGCACGGACAA,3.68945835779937
770,0.2979505052755281,1__mutated,PertCortex_1_CGCCAAGCACTATCTT,3.0604252147016617
771,0.18948594628991364,1__mutated,PertCortex_1_CGCCAAGGTGAACCTT,3.6498479750096244
772,0.1808191968204124,1__mutated,PertCortex_1_CGCCAAGGTGTTGAGG,2.7115156498872115
773,0.4559594201365244,1__mutated,PertCortex_1_CGCCAAGTCCGTCATC,1.9091855066876728
774,0.15504039945690068,1__mutated,PertCortex_1_CGCCAAGTCTTGTTTG,3.3544603814382343
775,0.3469163926880948,1__mutated,PertCortex_1_CGCGGTAAGTCAAGCG,2.0497912833708143
776,0.13243925111896787,1__mutated,PertCortex_1_CGCGGTACAGATGGCA,4.00619423770125
777,0.17632907586684105,1__mutated,PertCortex_1_CGCGGTATCACTATTC,3.033557180328654
778,0.6102965825747841,1__mutated,PertCortex_1_CGCGGTATCGGCTTGG,2.1494980146538856
779,0.4534880040832733,1__mutated,PertCortex_1_CGCGGTATCTACTCAT,2.2350965381727423
780,0.5355804310457106,1__mutated,PertCortex_1_CGCGTTTAGGACAGCT,1.9812645432746727
781,0.14235674207511997,1__mutated,PertCortex_1_CGCGTTTAGGCTAGGT,3.8335437965320462
782,0.21664510678678783,1__mutated,PertCortex_1_CGCGTTTGTATGCTTG,3.0241578118163814
783,0.07041938977565061,1__mutated,PertCortex_1_CGCTATCCAATGGACG,3.106684222024417
784,0.0028209120308937585,1__mutated,PertCortex_1_CGCTATCGTTCGTGAT,3.954238820192596
785,0.23703035193694696,1__mutated,PertCortex_1_CGCTATCGTTGGAGGT,2.5788702760540185
786,0.1551388807951288,1__mutated,PertCortex_1_CGCTGGAAGGCTAGAC,3.075583855861143
787,0.23066918798629923,1__mutated,PertCortex_1_CGCTGGATCGAGCCCA,1.9989001081255198
788,0.3939635763827826,1__mutated,PertCortex_1_CGCTGGATCGCCAGCA,2.0582887204136195
789,0.11015921882995688,1__mutated,PertCortex_1_CGCTGGATCTAACCGA,4.375317481774403
790,0.23100154319091776,1__mutated,PertCortex_1_CGCTTCAAGTGACATA,4.499462703064868
791,0.13979744421145454,1__mutated,PertCortex_1_CGCTTCACAAACTGTC,3.9654532614734075
792,0.21448861310142694,1__mutated,PertCortex_1_CGCTTCAGTGTTCTTT,2.306905750595287
793,0.21614771903493862,1__mutated,PertCortex_1_CGGACACCACAGATTC,3.514019133369841
794,0.37437855574198853,1__mutated,PertCortex_1_CGGACACGTGGCCCTA,2.095263786726767
795,0.5652235378713987,1__mutated,PertCortex_1_CGGACACGTGTAACGG,2.3402655831226213
796,0.15886914961844004,1__mutated,PertCortex_1_CGGACGTCATTAGGCT,2.37014729922097
797,0.2973960833305805,1__mutated,PertCortex_1_CGGACGTGTCTCTTTA,2.841626002240582
798,0.1405676729656666,1__mutated,PertCortex_1_CGGACGTGTGAAAGAG,5.078373468553149
799,0.19277058672052974,1__mutated,PertCortex_1_CGGACGTGTTACGGAG,3.6610420922754847
800,0.1458139120101713,1__mutated,PertCortex_1_CGGACTGCAAGCTGGA,5.376485085953058
801,0.10316735220265427,1__mutated,PertCortex_1_CGGACTGCACAGACAG,4.769883991241572
802,0.16927655614390133,1__mutated,PertCortex_1_CGGACTGCATAGAAAC,2.9661150299175767
803,0.024888591173618895,1__mutated,PertCortex_1_CGGACTGCATGGTAGG,4.104111275385703
804,0.1537084891761128,1__mutated,PertCortex_1_CGGACTGTCCCACTTG,3.1343922814370373
805,0.20469459128311987,1__mutated,PertCortex_1_CGGACTGTCTGAGTGT,2.9622601130512605
806,0.12360399554838114,1__mutated,PertCortex_1_CGGAGCTCAGCTGCTG,4.011408950651076
807,0.16784479068042155,1__mutated,PertCortex_1_CGGAGCTGTGTAACGG,3.822603401940056
808,0.5491384815191372,1__mutated,PertCortex_1_CGGAGCTGTTAAAGTG,1.5024283182716622
809,0.2797903136579477,1__mutated,PertCortex_1_CGGAGCTGTTATCCGA,1.766411145805541
810,0.092155907726576,1__mutated,PertCortex_1_CGGAGCTTCAAAGTAG,4.205195380251234
811,0.26593445600915966,1__mutated,PertCortex_1_CGGAGCTTCTACTATC,2.323258326358447
812,0.26737552392115427,1__mutated,PertCortex_1_CGGAGTCAGTCCCACG,3.206419032511613
813,0.19214279447671323,1__mutated,PertCortex_1_CGGAGTCCAGATCTGT,4.462405157017265
814,0.31395499421658396,1__mutated,PertCortex_1_CGGAGTCTCATGTCCC,2.0458133797094025
815,0.2455205861172816,1__mutated,PertCortex_1_CGGCTAGCAGATCTGT,3.6293142173571558
816,0.19699888425299708,1__mutated,PertCortex_1_CGGCTAGTCCCGACTT,3.1274681384400003
817,0.028126572699956578,1__mutated,PertCortex_1_CGGGTCAAGGCTAGAC,3.976495943881323
818,0.459104134459914,1__mutated,PertCortex_1_CGGGTCACATGGTTGT,1.51924606699894
819,0.16532205925430432,1__mutated,PertCortex_1_CGGGTCATCTAAGCCA,3.3135291716712096
820,0.38611644489482355,1__mutated,PertCortex_1_CGGTTAAAGGCAGGTT,1.796444863571436
821,0.24730639890174524,1__mutated,PertCortex_1_CGGTTAAGTGGGTATG,2.8841207687373625
822,0.2686718012233847,1__mutated,PertCortex_1_CGTAGCGCAATGGTCT,2.236739896144866
823,0.2615516624713188,1__mutated,PertCortex_1_CGTAGCGCAGATGGCA,1.8220263749685544
824,0.2509573071346623,1__mutated,PertCortex_1_CGTAGCGCAGCTGTAT,3.1320928998930633
825,0.43787993564692457,1__mutated,PertCortex_1_CGTAGCGGTACTCTCC,1.9548139638785225
826,0.1478383295505691,1__mutated,PertCortex_1_CGTAGCGGTTATGCGT,2.590959305345883
827,0.08812608949770205,1__mutated,PertCortex_1_CGTAGCGTCACCCGAG,3.1705175288739733
828,0.14610909941262742,1__mutated,PertCortex_1_CGTAGCGTCGGAATCT,2.8915312573464917
829,0.23584707845825437,1__mutated,PertCortex_1_CGTAGCGTCGGTCTAA,2.8290594801137883
830,0.16267500973659402,1__mutated,PertCortex_1_CGTAGGCCAAGCCCAC,2.5478513072638953
831,0.17625757724895003,1__mutated,PertCortex_1_CGTAGGCCACATGACT,3.407574804372527
832,0.04315834631886149,1__mutated,PertCortex_1_CGTAGGCTCAATCACG,3.712169963488054
833,0.27909210565551,1__mutated,PertCortex_1_CGTCACTTCTTATCTG,3.2716347339837313
834,0.22361389027685621,1__mutated,PertCortex_1_CGTCAGGAGGTAAACT,3.328328142752074
835,0.41368232554482687,1__mutated,PertCortex_1_CGTCAGGCAGGGATTG,3.0005332161316245
836,0.15696708470351262,1__mutated,PertCortex_1_CGTCAGGCAGTCGATT,2.7058717143190565
837,0.13381128072970866,1__mutated,PertCortex_1_CGTCAGGCATCCCACT,1.4974521417772995
838,0.2777192793208102,1__mutated,PertCortex_1_CGTCAGGGTCCAGTAT,2.9102434765472087
839,0.1930958609544274,1__mutated,PertCortex_1_CGTCCATAGAATTGTG,2.3430873668689802
840,0.45647510824383314,1__mutated,PertCortex_1_CGTCCATAGTTATCGC,2.0291778433582244
841,0.2916634527038266,1__mutated,PertCortex_1_CGTCCATCAATCCAAC,3.081770863633478
842,0.22062381977175424,1__mutated,PertCortex_1_CGTCCATCACCGAATT,3.144391243964401
843,0.13834975659085927,1__mutated,PertCortex_1_CGTCCATTCAGCCTAA,2.7109606551353957
844,0.12637500609509114,1__mutated,PertCortex_1_CGTCCATTCAGCTGGC,3.9501803289919613
845,0.14535448211164378,1__mutated,PertCortex_1_CGTCCATTCCTGTACC,2.886879562825097
846,0.13917193541288483,1__mutated,PertCortex_1_CGTCTACAGTGATCGG,1.9173622224326823
847,0.38657542192711625,1__mutated,PertCortex_1_CGTCTACAGTGGTAGC,2.2315008826754266
848,0.10493356791980422,1__mutated,PertCortex_1_CGTCTACCAGACGTAG,4.016714443484289
849,0.19391342119451843,1__mutated,PertCortex_1_CGTCTACGTACCGAGA,3.448200441336743
850,0.4424814041708572,1__mutated,PertCortex_1_CGTCTACGTCGGCACT,1.5728436151304714
851,0.5307056700044479,1__mutated,PertCortex_1_CGTGAGCAGCTGTCTA,2.240107724715971
852,0.4886351074536555,1__mutated,PertCortex_1_CGTGAGCGTTGTGGAG,1.724293227333404
853,0.12441571372643427,1__mutated,PertCortex_1_CGTGTAACACAACTGT,2.4019945845001365
854,-0.028484091253551537,1__mutated,PertCortex_1_CGTGTAACATCCGGGT,4.007344883281923
855,0.28794061923700426,1__mutated,PertCortex_1_CGTGTAATCACTCTTA,2.205280046108153
856,0.17186935391611866,1__mutated,PertCortex_1_CGTGTAATCCAAAGTC,2.693568913414729
857,0.20792401707717614,1__mutated,PertCortex_1_CGTGTAATCCACGAAT,3.7168454279801755
858,0.23557191755698864,1__mutated,PertCortex_1_CGTGTCTCAGTGGAGT,3.058978133565191
859,0.2565029386761815,1__mutated,PertCortex_1_CGTTAGACAACTTGAC,1.9611993154916239
860,0.16723940911135532,1__mutated,PertCortex_1_CGTTAGATCGAACTGT,3.304657218859973
861,0.2437182816806786,1__mutated,PertCortex_1_CGTTCTGAGTGGTAGC,2.3178150966756057
862,0.1522582095802161,1__mutated,PertCortex_1_CGTTCTGCATGCAACT,4.097379061935642
863,0.12293494256962914,1__mutated,PertCortex_1_CGTTCTGGTCGCGGTT,3.4003103951052935
864,0.2625783841512017,1__mutated,PertCortex_1_CGTTCTGTCAGAGCTT,1.963527534689566
865,0.10360009186283532,1__mutated,PertCortex_1_CGTTCTGTCATAGCAC,2.135410166476155
866,0.2440066709186722,1__mutated,PertCortex_1_CGTTCTGTCCAGATCA,4.319328627778315
867,0.17070371399052547,1__mutated,PertCortex_1_CGTTGGGAGCGTGAGT,3.9925424553123094
868,0.1307000363260998,1__mutated,PertCortex_1_CGTTGGGGTAAAGTCA,4.330365922554986
869,0.32376238925463025,1__mutated,PertCortex_1_CGTTGGGTCCACGTGG,2.4016171796469705
870,0.3583013624945544,1__mutated,PertCortex_1_CTAACTTCATCCCACT,1.7346287008869827
871,0.3901393787096736,1__mutated,PertCortex_1_CTAACTTTCATTGCCC,2.1090376600802676
872,0.2078746195372825,1__mutated,PertCortex_1_CTAAGACAGTCTCAAC,2.2081339086245797
873,0.1169552935113482,1__mutated,PertCortex_1_CTAAGACCATTACGAC,4.115170511430499
874,0.12069404324118446,1__mutated,PertCortex_1_CTAAGACCATTCGACA,4.242716385133024
875,0.19297798003637112,1__mutated,PertCortex_1_CTAAGACGTAAATGAC,3.197838760483568
876,0.5073719802161957,1__mutated,PertCortex_1_CTAAGACTCCATTCTA,1.742211474796922
877,0.40632374468761656,1__mutated,PertCortex_1_CTAATGGAGGATGTAT,1.3225538336812888
878,0.15963125414512125,1__mutated,PertCortex_1_CTAATGGCATCACAAC,2.7420693658788613
879,0.16424971544984196,1__mutated,PertCortex_1_CTAATGGGTTGTGGCC,2.2819537914832964
880,0.1017551712463646,1__mutated,PertCortex_1_CTACACCCACACCGAC,3.4468767907172104
881,0.2431092958420336,1__mutated,PertCortex_1_CTACACCCAGACGCTC,1.7883452655208134
882,0.11076318522954058,1__mutated,PertCortex_1_CTACACCGTCACAAGG,3.873329247008032
883,0.4404973970173298,1__mutated,PertCortex_1_CTACACCGTCCAGTTA,1.7922507745929912
884,0.2401851671626936,1__mutated,PertCortex_1_CTACACCGTGGCTCCA,2.606355922872154
885,0.3595758869425052,1__mutated,PertCortex_1_CTACATTTCGAACTGT,2.5073749040653674
886,0.3469604458947339,1__mutated,PertCortex_1_CTACATTTCTCCAGGG,1.9671215371645216
887,0.28964462661312074,1__mutated,PertCortex_1_CTACCCAAGTCCAGGA,2.879648096193455
888,0.26182378708339754,1__mutated,PertCortex_1_CTACCCACATGTAGTC,3.3214068264764354
889,0.1968027435496135,1__mutated,PertCortex_1_CTACGTCCAGACAAGC,3.012521780467476
890,0.06780272762408673,1__mutated,PertCortex_1_CTACGTCGTGAGTGAC,4.589444243324704
891,0.15479962000373113,1__mutated,PertCortex_1_CTACGTCGTTTGTGTG,4.2177539978729035
892,0.07082392673755755,1__mutated,PertCortex_1_CTAGAGTAGAAGGGTA,2.8088065458304246
893,0.3741947223890316,1__mutated,PertCortex_1_CTAGAGTAGTGAACAT,1.8009439576586264
894,0.03762775282603064,1__mutated,PertCortex_1_CTAGAGTCAAGAGGCT,2.881235647630032
895,0.17064236454260204,1__mutated,PertCortex_1_CTAGAGTCACCACGTG,2.7848407714042946
896,0.4644413412146368,1__mutated,PertCortex_1_CTAGAGTCACTTAACG,2.3947673963868423
897,0.1061535880501302,1__mutated,PertCortex_1_CTAGAGTCAGCTCGCA,2.701777611222682
898,0.22691872186972142,1__mutated,PertCortex_1_CTAGAGTGTAGCGCTC,2.312173616765633
899,0.5900401635246084,1__mutated,PertCortex_1_CTAGCCTTCGGGAGTA,1.337686299960716
900,0.19621571675213698,1__mutated,PertCortex_1_CTAGCCTTCTGGTATG,4.027546944425973
901,0.45212388642989965,1__mutated,PertCortex_1_CTAGTGACAAACCCAT,1.7888679514561838
902,0.08473054501827176,1__mutated,PertCortex_1_CTAGTGACAACTGCGC,4.0536816967950395
903,0.39906609446065405,1__mutated,PertCortex_1_CTAGTGACACCTCGTT,2.4756110912190374
904,0.3068810050379541,1__mutated,PertCortex_1_CTAGTGACACGACGAA,2.0968451971082036
905,0.28433605453401595,1__mutated,PertCortex_1_CTAGTGAGTCATCGGC,2.51092833642281
906,0.2015024956206056,1__mutated,PertCortex_1_CTAGTGATCAATAAGG,4.2340982350205705
907,0.34040279771789894,1__mutated,PertCortex_1_CTAGTGATCTACTTAC,1.8851817499726158
908,0.14339785667786054,1__mutated,PertCortex_1_CTAGTGATCTCCGGTT,4.118935889338485
909,0.5296703423960577,1__mutated,PertCortex_1_CTCACACCACTTACGA,1.8917412019263848
910,0.5363389231820703,1__mutated,PertCortex_1_CTCACACGTCTCTTTA,2.055165570698654
911,0.20870447085094526,1__mutated,PertCortex_1_CTCAGAACACTAGTAC,3.15332814271688
912,0.2662432381382585,1__mutated,PertCortex_1_CTCAGAACATAAGACA,4.8261565965945294
913,0.3633029117280364,1__mutated,PertCortex_1_CTCAGAACATGCCTAA,1.6930354384922548
914,0.11836024067805746,1__mutated,PertCortex_1_CTCAGAAGTTACTGAC,3.0795750012662166
915,0.18916791374963252,1__mutated,PertCortex_1_CTCATTAAGAACTCGG,3.1319452498184144
916,0.03372604370953026,1__mutated,PertCortex_1_CTCATTAAGGCTCATT,2.6640977871115665
917,0.2591495802666333,1__mutated,PertCortex_1_CTCATTATCCAAACAC,3.441238185066678
918,0.09913585575614525,1__mutated,PertCortex_1_CTCCTAGAGCGTTTAC,3.4951184333715557
919,0.1837111268394599,1__mutated,PertCortex_1_CTCCTAGCACTACAGT,4.258264044695805
920,0.2354352237976931,1__mutated,PertCortex_1_CTCCTAGCATACTCTT,2.343885325248185
921,0.6123820939292549,1__mutated,PertCortex_1_CTCCTAGGTCGAAAGC,1.9235546031906412
922,0.24848626074139948,1__mutated,PertCortex_1_CTCCTAGGTCTTGTCC,2.3619459969318894
923,0.6172044604668869,1__mutated,PertCortex_1_CTCCTAGTCGGCTTGG,1.4406668727603755
924,0.2539211268224237,1__mutated,PertCortex_1_CTCGAAAAGACGACGT,2.198440886463236
925,0.13436743486207536,1__mutated,PertCortex_1_CTCGAAACACCTATCC,3.2110009750500423
926,0.18375502066001856,1__mutated,PertCortex_1_CTCGAAAGTGGCTCCA,4.856166318550977
927,0.24195015924241978,1__mutated,PertCortex_1_CTCGGAGAGACTGGGT,2.1276137744966968
928,0.1480575596498032,1__mutated,PertCortex_1_CTCGGAGAGATAGGAG,4.131851525783523
929,0.351433544868578,1__mutated,PertCortex_1_CTCGGAGAGCGTGAAC,1.8219788553113203
930,0.1906947769603864,1__mutated,PertCortex_1_CTCGGAGCATCACAAC,3.7186105382557018
931,0.2549052402866934,1__mutated,PertCortex_1_CTCGGAGTCGGCGCTA,5.027462698986134
932,0.3400009630664008,1__mutated,PertCortex_1_CTCGGGAAGTACGTTC,3.0518104004884083
933,0.2934022444147808,1__mutated,PertCortex_1_CTCGGGACACCACGTG,2.477461136063361
934,0.12614371267724594,1__mutated,PertCortex_1_CTCGGGACAGGGTATG,2.500463914480305
935,0.5677892894134046,1__mutated,PertCortex_1_CTCGGGAGTACGACCC,1.4856171882125755
936,0.17443120880780633,1__mutated,PertCortex_1_CTCGGGAGTCACCCAG,3.6637743720680036
937,0.18123105913928905,1__mutated,PertCortex_1_CTCGGGAGTTCAGTAC,2.510974483386687
938,0.1400713292772596,1__mutated,PertCortex_1_CTCGTACAGCTGGAAC,4.265301198248194
939,0.5803375190075708,1__mutated,PertCortex_1_CTCGTACTCGAGAACG,1.5323170006260576
940,0.11298668852129534,1__mutated,PertCortex_1_CTCGTCAAGCCACGCT,2.2940898520933954
941,0.19434578803616803,1__mutated,PertCortex_1_CTCGTCAAGTGTTGAA,2.457265126590872
942,0.12458859515554298,1__mutated,PertCortex_1_CTCGTCAGTAGTGAAT,4.041259079617417
943,0.21272270848727076,1__mutated,PertCortex_1_CTCGTCAGTGACCAAG,2.542752523901904
944,0.27812820449375897,1__mutated,PertCortex_1_CTCGTCATCCACGTGG,2.086204009992508
945,0.11179345103446606,1__mutated,PertCortex_1_CTCGTCATCCGCTGTT,4.073244516925271
946,0.15366628784257144,1__mutated,PertCortex_1_CTCGTCATCTTAGCCC,2.9941102514818634
947,0.5221078229512569,1__mutated,PertCortex_1_CTCTAATAGACCACGA,1.7399922393915057
948,0.41756626961889365,1__mutated,PertCortex_1_CTCTAATCAGAAGCAC,2.0034775316992763
949,0.10179004560008881,1__mutated,PertCortex_1_CTCTAATCATGGTAGG,3.5603591712769123
950,0.2757699916143941,1__mutated,PertCortex_1_CTCTACGAGAAGGACA,3.675470907379716
951,0.09662956807096039,1__mutated,PertCortex_1_CTCTACGAGCTAGCCC,3.591553057105405
952,0.1899007895516835,1__mutated,PertCortex_1_CTCTACGCACACATGT,2.4473906127496057
953,0.14077260582184445,1__mutated,PertCortex_1_CTCTACGCATCGGTTA,3.0898895142492155
954,0.13312563931978239,1__mutated,PertCortex_1_CTCTACGTCTGCGTAA,2.756171465494489
955,0.10022479892172458,1__mutated,PertCortex_1_CTCTGGTGTCCGTCAG,2.815989194711661
956,0.14673389089470454,1__mutated,PertCortex_1_CTCTGGTTCAACGCTA,2.8775459452791674
957,0.21378442856627639,1__mutated,PertCortex_1_CTCTGGTTCCCATTAT,2.5281845423509965
958,0.2592750393714067,1__mutated,PertCortex_1_CTCTGGTTCTTTAGGG,3.3779708439741425
959,0.2082009200732831,1__mutated,PertCortex_1_CTGAAACAGGAATTAC,4.564887546139319
960,0.24692730551046382,1__mutated,PertCortex_1_CTGAAACCAGGGCATA,2.407720448736146
961,0.06244653927667081,1__mutated,PertCortex_1_CTGAAACCAGGTCTCG,4.145843803030119
962,0.4069633018892422,1__mutated,PertCortex_1_CTGAAACCAGTATGCT,1.8421375164761893
963,0.09529938237663899,1__mutated,PertCortex_1_CTGAAACTCAGTTTGG,3.6661777876034534
964,0.1152876980907914,1__mutated,PertCortex_1_CTGAAACTCCAGAAGG,3.291257071948832
965,0.12961792132225503,1__mutated,PertCortex_1_CTGAAGTAGTCGAGTG,4.035782605756268
966,0.2591422346562789,1__mutated,PertCortex_1_CTGAAGTAGTTGAGAT,3.0934261774246816
967,0.22028098672346969,1__mutated,PertCortex_1_CTGAAGTCAGACAAAT,3.215327450145695
968,0.45346298191180956,1__mutated,PertCortex_1_CTGAAGTTCAACGGCC,2.1581034325644315
969,0.4081857105720775,1__mutated,PertCortex_1_CTGAAGTTCGCAAACT,2.3485301008738926
970,0.23600607401877327,1__mutated,PertCortex_1_CTGAAGTTCTGGAGCC,2.0923027553938085
971,0.1449851612523355,1__mutated,PertCortex_1_CTGATAGAGCCACGTC,2.9649405397862285
972,0.25390456486047874,1__mutated,PertCortex_1_CTGATCCAGACCCACC,2.988493747739074
973,0.3159178952353846,1__mutated,PertCortex_1_CTGATCCCATTTGCCC,2.130310662684694
974,0.30549832636372193,1__mutated,PertCortex_1_CTGATCCGTTATTCTC,2.0942954028761465
975,0.1689378136577256,1__mutated,PertCortex_1_CTGATCCTCACCACCT,4.185826221783055
976,0.4063349276201993,1__mutated,PertCortex_1_CTGCCTAAGGAGTAGA,1.9989337472917768
977,0.20726302682899028,1__mutated,PertCortex_1_CTGCCTACAAGCGCTC,2.9600070260570615
978,0.17039072106058806,1__mutated,PertCortex_1_CTGCCTATCACCATAG,2.541818627441879
979,0.1379659026461235,1__mutated,PertCortex_1_CTGCGGACACAGACAG,3.100445787505624
980,0.0663190424657194,1__mutated,PertCortex_1_CTGCGGATCTCTGCTG,4.073065605418926
981,0.30002627467817383,1__mutated,PertCortex_1_CTGCTGTAGCCCAATT,1.952497696734187
982,0.20052601996002586,1__mutated,PertCortex_1_CTGCTGTCACCATGTA,3.1940857199348964
983,0.18235975741280874,1__mutated,PertCortex_1_CTGCTGTCACGGCTAC,2.8812493816742606
984,0.24296764771455626,1__mutated,PertCortex_1_CTGCTGTCACGTCAGC,3.735396277117164
985,0.4055339225143844,1__mutated,PertCortex_1_CTGCTGTTCCCTCAGT,2.6852948608282854
986,0.05921214941670442,1__mutated,PertCortex_1_CTGCTGTTCGTGTAGT,2.9372431370747383
987,0.08843542377173194,1__mutated,PertCortex_1_CTGCTGTTCTGTGCAA,3.642720427405892
988,0.5199486516234149,1__mutated,PertCortex_1_CTGCTGTTCTTTACGT,1.8021184878614285
989,0.2344132028024072,1__mutated,PertCortex_1_CTGGTCTAGATGCCTT,2.9355420969995216
990,0.09188567283046066,1__mutated,PertCortex_1_CTGGTCTAGCTACCGC,3.437355619164174
991,0.26984643166195715,1__mutated,PertCortex_1_CTGGTCTTCCAATGGT,1.9814336643844008
992,0.1707324210828131,1__mutated,PertCortex_1_CTGGTCTTCGAGAGCA,3.751703860332615
993,0.16980030094271284,1__mutated,PertCortex_1_CTGGTCTTCGGTCTAA,2.9643790520485114
994,0.5155585619097548,1__mutated,PertCortex_1_CTGTGCTCAACTTGAC,2.216150224217143
995,0.157534129914859,1__mutated,PertCortex_1_CTGTGCTCAAGCTGAG,2.300335497722975
996,0.2528513955493097,1__mutated,PertCortex_1_CTGTGCTGTCCGAAGA,3.416996764025561
997,0.13658936097982025,1__mutated,PertCortex_1_CTGTGCTGTCGCCATG,3.9148146149406773
998,0.2194644682750266,1__mutated,PertCortex_1_CTGTTTAAGCGTAATA,3.9005048126408073
999,0.20739849031987095,1__mutated,PertCortex_1_CTGTTTACATCTGGTA,3.5904045800031064
1000,0.16680207955448748,1__mutated,PertCortex_1_CTGTTTACATGAACCT,3.7523976675169353
1001,0.118638490119845,1__mutated,PertCortex_1_CTGTTTAGTCTAAACC,3.9318408212483966
1002,0.24179364504242476,1__mutated,PertCortex_1_CTGTTTAGTTCAACCA,3.5667692797169646
1003,0.3607069522765488,1__mutated,PertCortex_1_CTGTTTAGTTTGCATG,2.1539409606636872
1004,0.264666385753348,1__mutated,PertCortex_1_CTGTTTATCACATAGC,2.726836530372806
1005,0.2386896939474039,1__mutated,PertCortex_1_CTGTTTATCAGCACAT,2.9557780053627183
1006,0.6130361138598592,1__mutated,PertCortex_1_CTTAACTAGGGCTCTC,1.2965420157864083
1007,0.32958793433410083,1__mutated,PertCortex_1_CTTAACTAGTGGGTTG,1.5720262139217016
1008,0.22405458330556724,1__mutated,PertCortex_1_CTTAACTCATTTGCCC,3.40910379908502
1009,0.2582279316969806,1__mutated,PertCortex_1_CTTAACTGTAATCGTC,2.355416433527221
1010,0.10455518257492823,1__mutated,PertCortex_1_CTTAACTTCCTCAATT,3.5185060411426883
1011,0.17522506736151328,1__mutated,PertCortex_1_CTTACCGAGTTCGCGC,2.6371548777141816
1012,0.2915142259469849,1__mutated,PertCortex_1_CTTACCGCACAACGTT,2.377455722106695
1013,0.1352662552421434,1__mutated,PertCortex_1_CTTACCGCATGGTAGG,2.2445238906538143
1014,0.15514401220290353,1__mutated,PertCortex_1_CTTACCGGTATAATGG,2.024987523678341
1015,0.14550939826415682,1__mutated,PertCortex_1_CTTACCGGTCCGACGT,2.5042323916444986
1016,0.5685588961701621,1__mutated,PertCortex_1_CTTACCGTCAGCTCTC,1.7133792618609633
1017,0.07840693407552589,1__mutated,PertCortex_1_CTTACCGTCCACGCAG,3.7018695459967343
1018,0.18862042266410464,1__mutated,PertCortex_1_CTTACCGTCCTCAACC,3.616605583798176
1019,0.3619248905436932,1__mutated,PertCortex_1_CTTACCGTCTGGCGAC,2.051003527004868
1020,0.1939199846529662,1__mutated,PertCortex_1_CTTAGGAAGAGAGCTC,2.754706846288495
1021,0.2545796487626017,1__mutated,PertCortex_1_CTTAGGACATACTACG,2.2008713016737778
1022,0.2804791993869178,1__mutated,PertCortex_1_CTTAGGAGTGCGAAAC,2.176913455530067
1023,0.2600080951557439,1__mutated,PertCortex_1_CTTAGGAGTGGAAAGA,2.178576066196869
1024,0.1268018272010459,1__mutated,PertCortex_1_CTTAGGATCAATACCG,3.3883702080154694
1025,0.12280269052099269,1__mutated,PertCortex_1_CTTAGGATCGAATGGG,4.010789800582521
1026,0.33164325219921553,1__mutated,PertCortex_1_CTTCTCTAGCCACGCT,1.9894075527195236
1027,0.253520683485939,1__mutated,PertCortex_1_CTTCTCTAGCGATAGC,2.140910509111769
1028,0.38476337251275544,1__mutated,PertCortex_1_CTTCTCTAGCGCCTCA,3.0315448310466016
1029,0.20623277020741965,1__mutated,PertCortex_1_CTTCTCTAGGTGGGTT,3.2315571759203214
1030,0.3091094639359935,1__mutated,PertCortex_1_CTTCTCTAGTTTCCTT,3.216452369015158
1031,0.1911579796429831,1__mutated,PertCortex_1_CTTCTCTCAAGTTGTC,2.359601894512815
1032,0.22258105687052493,1__mutated,PertCortex_1_CTTCTCTGTCACAAGG,2.761582984060301
1033,0.1799706159216945,1__mutated,PertCortex_1_CTTCTCTGTGTGACCC,2.802180243890189
1034,0.14458803468475317,1__mutated,PertCortex_1_CTTCTCTGTTCATGGT,4.647838540227091
1035,0.17269800562086468,1__mutated,PertCortex_1_CTTCTCTTCACAACGT,2.6307028856762487
1036,0.20858757009266798,1__mutated,PertCortex_1_CTTGGCTCACCTATCC,3.374863243514738
1037,0.050828672240287066,1__mutated,PertCortex_1_CTTGGCTGTATATCCG,3.81251392168856
1038,0.3697676792474831,1__mutated,PertCortex_1_CTTGGCTGTGATAAGT,2.323885944857345
1039,0.3518412590582675,1__mutated,PertCortex_1_CTTGGCTGTGATGTCT,1.7226661646585666
1040,0.05703355764023703,1__mutated,PertCortex_1_CTTTGCGAGCTGTCTA,3.912616464453705
1041,0.4787610794227742,1__mutated,PertCortex_1_CTTTGCGCATGGAATA,2.022081926021671
1042,0.08499124306276208,1__mutated,PertCortex_1_CTTTGCGTCTCGATGA,4.656636623865808
1043,0.23599635474048494,1__mutated,PertCortex_1_GAAACTCAGCTCCTTC,3.3661486316455793
1044,0.23616922881119012,1__mutated,PertCortex_1_GAAACTCAGGCAATTA,2.6009483774003455
1045,0.24093494647376654,1__mutated,PertCortex_1_GAAACTCCACTCTGTC,1.6924530023384623
1046,0.35803121630628615,1__mutated,PertCortex_1_GAAACTCGTTTAAGCC,1.8901520683917905
1047,0.40627943931037847,1__mutated,PertCortex_1_GAAATGAAGACGCACA,2.334371350944209
1048,0.41523462087774193,1__mutated,PertCortex_1_GAAATGAAGATAGGAG,2.213046111990726
1049,0.16208798306472086,1__mutated,PertCortex_1_GAAATGAAGCCCAATT,3.6042967635832457
1050,0.12371092917233283,1__mutated,PertCortex_1_GAAATGACATCAGTAC,4.218511567519345
1051,0.14333343113018865,1__mutated,PertCortex_1_GAAATGACATCTATGG,3.192304882798918
1052,0.14337512873594294,1__mutated,PertCortex_1_GAAATGACATGCGCAC,3.712149801694155
1053,0.23504280938385677,1__mutated,PertCortex_1_GAAATGAGTGTCAATC,3.034405354324376
1054,0.20381163198271846,1__mutated,PertCortex_1_GAAATGATCGCCAGCA,3.487177079621048
1055,0.02651586480887361,1__mutated,PertCortex_1_GAAATGATCGGTGTCG,3.06771431651296
1056,0.5578681135319906,1__mutated,PertCortex_1_GAACATCCAGGGTATG,1.4505968066468369
1057,0.24810137982719307,1__mutated,PertCortex_1_GAACATCTCACTTATC,3.077972004854718
1058,0.2563151207970643,1__mutated,PertCortex_1_GAACATCTCCGAGCCA,3.035852989271949
1059,0.18197646605185364,1__mutated,PertCortex_1_GAACCTAAGTCCATAC,3.0427988014582117
1060,0.4389900621331551,1__mutated,PertCortex_1_GAACCTACACGTAAGG,2.0483558126453056
1061,0.4861084737563643,1__mutated,PertCortex_1_GAACCTAGTTCCCGAG,2.474224844108888
1062,0.15820825582358522,1__mutated,PertCortex_1_GAACGGACAAAGCGGT,5.079106991133698
1063,0.21670036115279884,1__mutated,PertCortex_1_GAACGGAGTCTAGCCG,3.336367584890959
1064,0.2578636189537013,1__mutated,PertCortex_1_GAACGGATCAGTTCGA,3.4080252372096758
1065,0.058041640167835376,1__mutated,PertCortex_1_GAAGCAGAGAAACCAT,3.384155076040819
1066,0.21981646231705723,1__mutated,PertCortex_1_GAAGCAGCACGAAAGC,3.1606659655485863
1067,0.253666625644948,1__mutated,PertCortex_1_GAAGCAGCAGGACGTA,1.3841655952444176
1068,0.5492749118080901,1__mutated,PertCortex_1_GAAGCAGTCGCAGGCT,2.2777227075657955
1069,0.19433361511752656,1__mutated,PertCortex_1_GAATAAGAGCTGTTCA,2.6802336817560315
1070,0.22254810337230355,1__mutated,PertCortex_1_GAATAAGCAAACCCAT,2.7737013560055677
1071,0.23241757633567786,1__mutated,PertCortex_1_GAATAAGCAGGGAGAG,2.670142287908462
1072,0.12255196622364314,1__mutated,PertCortex_1_GAATAAGGTCCAGTTA,4.578326786529701
1073,0.1277062550581235,1__mutated,PertCortex_1_GAATAAGGTCGCTTCT,4.335224609390161
1074,0.1629711183844112,1__mutated,PertCortex_1_GAATAAGGTTGGAGGT,3.5200387209530573
1075,0.21119444135549806,1__mutated,PertCortex_1_GAATGAAAGACAGACC,2.8418001392912298
1076,0.27148293787952,1__mutated,PertCortex_1_GAATGAAAGCGTGAGT,2.3727369576526165
1077,0.23365385969899716,1__mutated,PertCortex_1_GAATGAAAGGAACTGC,3.0388860911860327
1078,0.11632230952801632,1__mutated,PertCortex_1_GAATGAAGTCTCAACA,3.407906161311504
1079,0.5178185664605164,1__mutated,PertCortex_1_GAATGAAGTTCATGGT,2.6909857538206827
1080,0.4733228136976824,1__mutated,PertCortex_1_GAATGAATCCTATTCA,2.2283368183279553
1081,0.09502969342742358,1__mutated,PertCortex_1_GACACGCAGGGTGTGT,3.631858623160102
1082,0.12253085235538456,1__mutated,PertCortex_1_GACACGCCAAACTGCT,4.6237608935243415
1083,0.5264921574875489,1__mutated,PertCortex_1_GACACGCCAAAGGCGT,2.3740372644536754
1084,0.12729098690335236,1__mutated,PertCortex_1_GACACGCCAAGCGTAG,3.6778129291107984
1085,0.24413253097420423,1__mutated,PertCortex_1_GACACGCCAGAGCCAA,3.220602441165103
1086,0.567870762128775,1__mutated,PertCortex_1_GACACGCGTCATCCCT,2.0353708294784885
1087,0.5430962296322824,1__mutated,PertCortex_1_GACAGAGCACCTCGGA,2.475519636087404
1088,0.16727016020148594,1__mutated,PertCortex_1_GACAGAGCATCAGTAC,3.6439437230086207
1089,0.2836947454322809,1__mutated,PertCortex_1_GACAGAGGTGCGGTAA,2.7799453155005023
1090,0.1685909146631365,1__mutated,PertCortex_1_GACAGAGGTTGCGTTA,4.136417383790422
1091,0.14484263407228623,1__mutated,PertCortex_1_GACCAATAGATCTGAA,3.3062886627800467
1092,0.5112444242231062,1__mutated,PertCortex_1_GACCAATGTGCCTGCA,2.035271740863654
1093,0.11095119608185616,1__mutated,PertCortex_1_GACCAATTCATTGCGA,3.71217243633172
1094,0.15260172654392629,1__mutated,PertCortex_1_GACCTGGCAAGCTGGA,3.6841141628733873
1095,0.14990167939765248,1__mutated,PertCortex_1_GACCTGGCACGGCTAC,2.542038212943393
1096,0.14341141941140617,1__mutated,PertCortex_1_GACCTGGTCGGTGTCG,4.189140585478186
1097,0.13877735065301433,1__mutated,PertCortex_1_GACCTGGTCGGTGTTA,5.595190116650979
1098,0.09825556853357419,1__mutated,PertCortex_1_GACGCGTAGTCCCACG,4.637017897083673
1099,0.07090900335628476,1__mutated,PertCortex_1_GACGCGTAGTGGTCCC,4.781049923472231
1100,0.156554666439435,1__mutated,PertCortex_1_GACGCGTCAACTTGAC,5.087498014184261
1101,0.2102295862388633,1__mutated,PertCortex_1_GACGCGTCATGGGACA,2.970225687472077
1102,0.10931871896367408,1__mutated,PertCortex_1_GACGCGTTCAGTGTTG,3.1964715361890876
1103,0.17682071684135064,1__mutated,PertCortex_1_GACGGCTAGTAATCCC,4.989523078622341
1104,0.19907803065997767,1__mutated,PertCortex_1_GACGGCTCAGCGATCC,3.4485578165777078
1105,0.1592411501859563,1__mutated,PertCortex_1_GACGGCTCATATGAGA,4.773816803800099
1106,0.16643630089286668,1__mutated,PertCortex_1_GACGGCTTCTTGAGGT,3.4487554335440254
1107,0.07606320987054843,1__mutated,PertCortex_1_GACGTGCAGTCCGTAT,3.9551552537803563
1108,0.1259202462672144,1__mutated,PertCortex_1_GACGTGCCAAACAACA,4.530010699504529
1109,0.2461124442516464,1__mutated,PertCortex_1_GACGTGCCAATCTGCA,3.855056525017799
1110,0.537328200188816,1__mutated,PertCortex_1_GACGTGCCATCGTCGG,1.9463790093127709
1111,0.6222842516627956,1__mutated,PertCortex_1_GACGTGCGTAGGGACT,1.9447871065350464
1112,0.2193401645599231,1__mutated,PertCortex_1_GACGTGCGTATGGTTC,2.987710153052849
1113,0.1349920038993548,1__mutated,PertCortex_1_GACGTGCGTTTCCACC,4.817748711314929
1114,0.1133809074825586,1__mutated,PertCortex_1_GACGTGCTCATGCAAC,4.635354303812748
1115,0.027755577277046733,1__mutated,PertCortex_1_GACGTGCTCCTAGAAC,4.435631473871849
1116,0.15905642801605224,1__mutated,PertCortex_1_GACGTGCTCGTCACGG,4.3291026033608375
1117,0.48180167582615524,1__mutated,PertCortex_1_GACGTTAGTAGCGCAA,2.102084428498948
1118,0.051963718401932715,1__mutated,PertCortex_1_GACTAACAGCTCCTCT,5.194757886028288
1119,0.04883822143284317,1__mutated,PertCortex_1_GACTAACCACGCTTTC,3.843154340708774
1120,0.06801719054611369,1__mutated,PertCortex_1_GACTAACCACGTGAGA,3.8337046918433986
1121,0.04902611633696243,1__mutated,PertCortex_1_GACTAACCAGCGATCC,3.589948218186931
1122,0.25478439697129346,1__mutated,PertCortex_1_GACTAACGTAAGAGAG,2.0394985776741685
1123,0.17592793783158217,1__mutated,PertCortex_1_GACTACAGTATAATGG,3.515482904433806
1124,0.22687658357395363,1__mutated,PertCortex_1_GACTACAGTTGGTAAA,3.3393292409322446
1125,0.5199226064601907,1__mutated,PertCortex_1_GACTGCGAGTGGTCCC,2.2126341151256725
1126,0.17471596829622488,1__mutated,PertCortex_1_GACTGCGGTAGGCTGA,3.0083376001069464
1127,0.24648533768496822,1__mutated,PertCortex_1_GAGCAGAAGATCCCGC,3.6480594830817785
1128,0.14216704067319166,1__mutated,PertCortex_1_GAGGTGAAGGAGTTTA,3.8620134317427337
1129,0.15029682933045868,1__mutated,PertCortex_1_GAGGTGACACGGCGTT,4.514922749498584
1130,0.03845712599196593,1__mutated,PertCortex_1_GAGGTGACAGCGATCC,3.546450343497315
1131,0.43882918303056767,1__mutated,PertCortex_1_GAGGTGATCAACGAAA,2.438049962324257
1132,0.1705789513483625,1__mutated,PertCortex_1_GAGGTGATCAACGGGA,3.450974975804773
1133,0.1963861114902222,1__mutated,PertCortex_1_GAGTCCGAGCCTATGT,3.277889583878231
1134,0.47425169305163617,1__mutated,PertCortex_1_GAGTCCGAGGGTGTGT,2.651553873732049
1135,0.1362897476793024,1__mutated,PertCortex_1_GAGTCCGCATCACGTA,5.436717657461995
1136,0.5086569700651593,1__mutated,PertCortex_1_GAGTCCGTCACATGCA,2.501064748457945
1137,0.3887938213404456,1__mutated,PertCortex_1_GAGTCCGTCATGCATG,2.418460099237489
1138,0.057521131675290785,1__mutated,PertCortex_1_GAGTCCGTCCAATGGT,4.2784387700537625
1139,0.07518170280468278,1__mutated,PertCortex_1_GAGTCCGTCCGTTGCT,4.166497446371476
1140,0.09974445014172004,1__mutated,PertCortex_1_GATCAGTAGCTAGTCT,5.0634892132307545
1141,0.11116398740006546,1__mutated,PertCortex_1_GATCAGTCACAGATTC,4.011696206466988
1142,0.11634756341618546,1__mutated,PertCortex_1_GATCAGTTCGTCTGAA,4.018423640564783
1143,0.18432159526279482,1__mutated,PertCortex_1_GATCAGTTCTGTCTCG,4.631661197662451
1144,0.1638063224808129,1__mutated,PertCortex_1_GATCGATGTACCGCTG,3.0472789905755335
1145,0.4626292932825923,1__mutated,PertCortex_1_GATCGCGTCCACGTGG,1.902241259622057
1146,0.6298214284565844,1__mutated,PertCortex_1_GATCGTATCACTCCTG,2.1687473412794964
1147,0.17610218537152003,1__mutated,PertCortex_1_GATCGTATCAGTTGAC,4.055140061323861
1148,0.5538091764263701,1__mutated,PertCortex_1_GATCGTATCTACTCAT,2.0714370505607578
1149,0.13799724397275062,1__mutated,PertCortex_1_GATCGTATCTTCATGT,4.50542452967458
1150,0.20296457508128768,1__mutated,PertCortex_1_GATCTAGAGAAACCGC,3.9159802487065636
1151,0.30325588262698094,1__mutated,PertCortex_1_GATCTAGAGAAGCCCA,2.162358426853326
1152,0.04243217872012703,1__mutated,PertCortex_1_GATCTAGAGCGCCTCA,4.026696856230696
1153,0.12651377068731148,1__mutated,PertCortex_1_GATCTAGCAAACCCAT,4.143687678128532
1154,0.05032388409737799,1__mutated,PertCortex_1_GATCTAGTCACATAGC,3.3997009997058876
1155,0.07617766849843273,1__mutated,PertCortex_1_GATGAAACAGTATAAG,3.9925417402523435
1156,0.08648428682392342,1__mutated,PertCortex_1_GATGAAACATGCAATC,3.8350731112649212
1157,0.16409927836783467,1__mutated,PertCortex_1_GATGAAAGTTCACGGC,4.629783352954726
1158,0.039159459806353075,1__mutated,PertCortex_1_GATGAGGAGAGTTGGC,3.5107197653494606
1159,0.11877859565864075,1__mutated,PertCortex_1_GATGAGGCAGCGTCCA,4.982417912548206
1160,0.1007583471199084,1__mutated,PertCortex_1_GATGAGGTCATGCATG,4.837223861038183
1161,0.07414225811001962,1__mutated,PertCortex_1_GATGCTAGTATCTGCA,4.5325743200077735
1162,0.6176575249590898,1__mutated,PertCortex_1_GATTCAGAGCGTGAGT,1.7369893254208155
1163,0.0842105932132299,1__mutated,PertCortex_1_GATTCAGAGGGCTCTC,3.2445246593867227
1164,0.16161803017496082,1__mutated,PertCortex_1_GATTCAGGTAGAAAGG,4.751248527780971
1165,0.038307004614941416,1__mutated,PertCortex_1_GATTCAGTCAGTTAGC,3.550418627875296
1166,0.23054648775725084,1__mutated,PertCortex_1_GATTCAGTCTATCGCC,4.108187956154101
1167,0.2672423861403944,1__mutated,PertCortex_1_GATTCAGTCTGTCTAT,3.335368730388079
1168,0.16733655932142377,1__mutated,PertCortex_1_GCAAACTAGATCACGG,4.041274132176598
1169,0.18167366588284242,1__mutated,PertCortex_1_GCAAACTAGGCAAAGA,5.333441849284105
1170,0.6097001176767727,1__mutated,PertCortex_1_GCAAACTAGGGCACTA,2.276836463731928
1171,0.13192213557418103,1__mutated,PertCortex_1_GCAAACTCAAGCCGTC,4.711773944235963
1172,0.07833368081390531,1__mutated,PertCortex_1_GCAAACTCACAGGCCT,3.681658472984524
1173,0.20999468956278772,1__mutated,PertCortex_1_GCAAACTGTATGCTTG,3.351944230391442
1174,0.12366623820513786,1__mutated,PertCortex_1_GCAAACTGTATTCTCT,4.149440682005283
1175,0.18050450437596322,1__mutated,PertCortex_1_GCAAACTGTCGTTGTA,4.603064530812312
1176,0.25779919385124866,1__mutated,PertCortex_1_GCAAACTTCACGAAGG,4.281554691981719
1177,0.17739196458356965,1__mutated,PertCortex_1_GCAATCAAGACATAAC,3.8471380204858505
1178,0.20884662617352012,1__mutated,PertCortex_1_GCAATCAGTGCTAGCC,2.500141227436821
1179,0.6134071290181202,1__mutated,PertCortex_1_GCAATCAGTTACGTCA,1.5088897599633901
1180,0.6778570671552848,1__mutated,PertCortex_1_GCAATCATCACCGGGT,1.7698725987259956
1181,0.07617518738059469,1__mutated,PertCortex_1_GCAATCATCTTACCTA,5.122454083394007
1182,0.16011939324144955,1__mutated,PertCortex_1_GCACATACATGCTGGC,4.69978385843303
1183,0.16482887278092367,1__mutated,PertCortex_1_GCACATACATTCTCAT,2.6350318692054517
1184,0.1671617558878712,1__mutated,PertCortex_1_GCACATATCAAACGGG,3.5527013600225157
1185,0.1688919969632882,1__mutated,PertCortex_1_GCACATATCATGTAGC,3.895375106635007
1186,0.09935521342625872,1__mutated,PertCortex_1_GCACATATCTCTGAGA,3.6823416241077274
1187,0.18357326275549546,1__mutated,PertCortex_1_GCACTCTTCTTACCGC,3.4610448782733516
1188,0.7508628228882379,1__mutated,PertCortex_1_GCAGCCAAGGAGTACC,1.358684978838849
1189,0.15209595925127908,1__mutated,PertCortex_1_GCAGCCACATGATCCA,3.855317090133066
1190,0.6154857912315919,1__mutated,PertCortex_1_GCAGCCATCCTCGCAT,1.7420015622359024
1191,0.07288453124357089,1__mutated,PertCortex_1_GCAGTTAAGGACAGCT,4.1910487389914195
1192,0.16128107975190395,1__mutated,PertCortex_1_GCAGTTACACCCATGG,2.448017270592856
1193,0.05721937274779866,1__mutated,PertCortex_1_GCAGTTAGTAAACCTC,4.131250685343203
1194,0.15795978370721836,1__mutated,PertCortex_1_GCAGTTAGTAGAGCTG,4.216399285694476
1195,0.18595892239810505,1__mutated,PertCortex_1_GCAGTTAGTGCGAAAC,3.2423712705609726
1196,0.12686405660242234,1__mutated,PertCortex_1_GCAGTTATCAACACGT,3.4816823611661376
1197,0.3859801648368734,1__mutated,PertCortex_1_GCAGTTATCAACCATG,2.5190435144495904
1198,0.19693076905448692,1__mutated,PertCortex_1_GCATACAAGTTCCACA,4.381154627846534
1199,0.16208265692956544,1__mutated,PertCortex_1_GCATACACACAACGTT,4.9524613658901675
1200,0.19189497753456228,1__mutated,PertCortex_1_GCATACACAGACACTT,3.427145766005872
1201,0.1359309305637504,1__mutated,PertCortex_1_GCATACAGTCCGCTGA,4.238061375045012
1202,0.14859577643157043,1__mutated,PertCortex_1_GCATACAGTGTTGGGA,4.235414477739541
1203,0.013168514050163945,1__mutated,PertCortex_1_GCATGATAGACGACGT,4.252709169425596
1204,0.07503373546227671,1__mutated,PertCortex_1_GCATGATAGTGAACAT,5.535748927246648
1205,0.15456997056711155,1__mutated,PertCortex_1_GCATGATAGTTACGGG,4.195255694179053
1206,0.06914751752797292,1__mutated,PertCortex_1_GCATGATGTCTCTTTA,3.981942753773064
1207,0.11621515932072404,1__mutated,PertCortex_1_GCATGATTCCGCAGTG,3.6183150834150837
1208,0.17757476979475756,1__mutated,PertCortex_1_GCATGATTCTCTTGAT,3.8095462131055506
1209,0.21997586459911528,1__mutated,PertCortex_1_GCATGCGAGGACAGAA,3.8205883517953434
1210,0.1376643546320798,1__mutated,PertCortex_1_GCATGCGGTATAGGGC,3.5875644171321226
1211,0.17758932173810882,1__mutated,PertCortex_1_GCATGCGGTGTCCTCT,4.1238910918495275
1212,0.17408224966139796,1__mutated,PertCortex_1_GCATGCGTCTACGAGT,2.808769860343232
1213,0.5343483497752813,1__mutated,PertCortex_1_GCATGCGTCTGTCAAG,2.410622886703561
1214,0.520441256888015,1__mutated,PertCortex_1_GCATGTAAGCGACGTA,2.2439971836148285
1215,0.09910704882051023,1__mutated,PertCortex_1_GCATGTAAGCTAGTTC,5.37401560074758
1216,0.039160846538597555,1__mutated,PertCortex_1_GCATGTACAGATCCAT,4.253299634128196
1217,0.19843609592889092,1__mutated,PertCortex_1_GCATGTAGTTGCTCCT,3.427364649286912
1218,0.06466209764322572,1__mutated,PertCortex_1_GCATGTATCGCAAGCC,4.318352767702304
1219,0.05272834672588456,1__mutated,PertCortex_1_GCCAAATAGTCTCGGC,3.661161487347916
1220,0.03301810418499361,1__mutated,PertCortex_1_GCCAAATAGTTCCACA,3.9578468453910207
1221,0.09806053109386044,1__mutated,PertCortex_1_GCCAAATCATCACCCT,5.191423635959409
1222,0.2060450288730299,1__mutated,PertCortex_1_GCCAAATTCTGCAAGT,3.78204939274732
1223,0.13339106093743755,1__mutated,PertCortex_1_GCCAAATTCTTGTTTG,3.6634230990800347
1224,0.20448197226097478,1__mutated,PertCortex_1_GCCTCTAAGCCCTAAT,2.8818251553304077
1225,0.1649352060675798,1__mutated,PertCortex_1_GCCTCTATCCATGAGT,2.944178387792804
1226,0.2529457743882143,1__mutated,PertCortex_1_GCCTCTATCTTAGCCC,4.296713558772316
1227,0.12479703504190151,1__mutated,PertCortex_1_GCGACCACAGCTCGAC,2.9829739360325984
1228,0.15803158665636682,1__mutated,PertCortex_1_GCGAGAAGTTTGACTG,3.832499697442574
1229,0.14211252965481855,1__mutated,PertCortex_1_GCGCAACAGGGCTTCC,4.070549003742689
1230,0.15113596498085857,1__mutated,PertCortex_1_GCGCAACCAGTGACAG,4.260141511312124
1231,0.2217998208838869,1__mutated,PertCortex_1_GCGCAACTCCCTTGTG,3.2602177598565607
1232,0.18425258784732446,1__mutated,PertCortex_1_GCGCAGTAGAAAGTGG,4.542226616970432
1233,0.5415020828845778,1__mutated,PertCortex_1_GCGCAGTCATTCTTAC,2.1998044623297286
1234,0.43776990449207503,1__mutated,PertCortex_1_GCGCAGTTCTTCCTTC,2.5542156876491555
1235,0.1370842757914595,1__mutated,PertCortex_1_GCGCCAAAGACGCACA,4.9807350713024094
1236,0.4871422934187153,1__mutated,PertCortex_1_GCGCCAAAGTACGACG,2.119842566067098
1237,0.08340782626280503,1__mutated,PertCortex_1_GCGCGATCATGTAAGA,3.6835803017181954
1238,0.11377989406545673,1__mutated,PertCortex_1_GCGCGATGTACAGACG,3.4161332472362167
1239,0.0836937541930423,1__mutated,PertCortex_1_GCGCGATGTGCGATAG,4.122045430272481
1240,0.15821008810692047,1__mutated,PertCortex_1_GCGCGATTCGGCTACG,3.123971309697476
1241,0.11176391900763828,1__mutated,PertCortex_1_GCGGGTTGTAGCAAAT,5.200390725778516
1242,0.45991995868817304,1__mutated,PertCortex_1_GCTCCTAAGACGCTTT,2.728456874206119
1243,0.4612547296198766,1__mutated,PertCortex_1_GCTCCTATCCCGACTT,2.2586176596540604
1244,0.619867975069541,1__mutated,PertCortex_1_GCTCCTATCTTCGAGA,1.8099090723711748
1245,0.17918289402037635,1__mutated,PertCortex_1_GCTCTGTCACATAACC,3.2983247700499443
1246,0.10115125415229911,1__mutated,PertCortex_1_GCTCTGTGTAGATTAG,2.9917804251672004
1247,0.1798495536113852,1__mutated,PertCortex_1_GCTCTGTGTGGCGAAT,3.545326749804347
1248,0.1609546249707796,1__mutated,PertCortex_1_GCTCTGTGTTTAGCTG,3.630904773020714
1249,0.14112708841333996,1__mutated,PertCortex_1_GCTCTGTTCCAAAGTC,3.6007723986419538
1250,0.206125348739979,1__mutated,PertCortex_1_GCTGCAGCAGCATGAG,3.3800213776052566
1251,0.14328497985134028,1__mutated,PertCortex_1_GCTGCAGGTATGAAAC,4.37655212654468
1252,0.22343011873213528,1__mutated,PertCortex_1_GCTGCAGGTCTTCTCG,3.475142246002811
1253,0.05915646885358734,1__mutated,PertCortex_1_GCTGCAGTCCGTAGGC,4.225021600150194
1254,0.1133757556039797,1__mutated,PertCortex_1_GCTGCAGTCGGCGCAT,4.042735142001891
1255,0.13152439561055346,1__mutated,PertCortex_1_GCTGCGATCCTTAATC,3.429333374522436
1256,0.5726306530172426,1__mutated,PertCortex_1_GCTGCGATCGAGGTAG,2.3211135079981293
1257,0.25022627681663684,1__mutated,PertCortex_1_GCTGCGATCTTAGCCC,3.1971426751221306
1258,0.1405900247041664,1__mutated,PertCortex_1_GCTGCTTCATACAGCT,4.536033763556788
1259,0.24010331739589175,1__mutated,PertCortex_1_GCTGCTTGTCCTCTTG,2.9890186831160626
1260,0.19658921845790425,1__mutated,PertCortex_1_GCTGCTTTCAGTGTTG,2.9179859937972132
1261,0.5368782577248511,1__mutated,PertCortex_1_GCTGCTTTCTTCATGT,2.378336351619552
1262,0.13252400703487746,1__mutated,PertCortex_1_GCTGGGTAGAGAACAG,4.111461765527954
1263,0.06400517930616424,1__mutated,PertCortex_1_GCTGGGTCAAGCTGTT,4.649740760477093
1264,0.17794796307387376,1__mutated,PertCortex_1_GCTGGGTGTCTAGCGC,3.824094183772795
1265,0.2864458107935932,1__mutated,PertCortex_1_GCTGGGTTCACAGGCC,3.139167443924486
1266,0.16435356181080002,1__mutated,PertCortex_1_GCTTCCACAAGTCTGT,3.8888564505965113
1267,0.23568199456535843,1__mutated,PertCortex_1_GCTTCCACACGAAACG,3.603979166359286
1268,0.5810357383769885,1__mutated,PertCortex_1_GCTTCCACACGGCGTT,2.009809136061313
1269,0.14806189979722098,1__mutated,PertCortex_1_GCTTCCACACTTCGAA,4.218274563854165
1270,0.08992783579463516,1__mutated,PertCortex_1_GCTTCCACAGCCTATA,4.233015712794068
1271,0.1189285732587451,1__mutated,PertCortex_1_GCTTCCAGTCCAGTAT,3.35120227503628
1272,0.06507650768712062,1__mutated,PertCortex_1_GCTTCCATCACTTCAT,3.5094501259012585
1273,0.12996612156233622,1__mutated,PertCortex_1_GCTTCCATCTCGAGTA,4.420202876881435
1274,0.17375281472875787,1__mutated,PertCortex_1_GCTTGAAAGCGGCTTC,4.233916200488919
1275,0.1654281108797608,1__mutated,PertCortex_1_GCTTGAACAGACGCCT,3.8718721177098434
1276,0.5976157884192663,1__mutated,PertCortex_1_GCTTGAACATGCTAGT,2.182408535870852
1277,0.2065124809841558,1__mutated,PertCortex_1_GCTTGAAGTAGCAAAT,3.463442458113349
1278,0.11856507407085876,1__mutated,PertCortex_1_GCTTGAAGTCAATACC,3.6122453837572195
1279,0.1437721248232062,1__mutated,PertCortex_1_GCTTGAATCCGGGTGT,3.998959604450886
1280,0.14294086010862317,1__mutated,PertCortex_1_GCTTGAATCTGTCCGT,4.813848032808171
1281,0.1110938524745226,1__mutated,PertCortex_1_GGAAAGCAGCCTATGT,4.911420908452788
1282,0.488240774855606,1__mutated,PertCortex_1_GGAAAGCAGGGATGGG,1.5830151707045745
1283,0.6337479149556133,1__mutated,PertCortex_1_GGAAAGCAGGTCGGAT,1.861350375593976
1284,0.19396766806983518,1__mutated,PertCortex_1_GGAAAGCGTAAGTAGT,4.154541531726529
1285,0.2583270213419431,1__mutated,PertCortex_1_GGAACTTAGTAACCCT,2.888874035461655
1286,0.5288129321338821,1__mutated,PertCortex_1_GGAACTTCAAGCCGTC,2.079509308945572
1287,0.2791116906729542,1__mutated,PertCortex_1_GGAACTTCACGACTCG,2.520233428415409
1288,0.5461038663828133,1__mutated,PertCortex_1_GGAATAAAGAGACGAA,1.8486190646333687
1289,0.4540098252533011,1__mutated,PertCortex_1_GGAATAAGTACTTCTT,2.393579590698044
1290,0.1002410175522369,1__mutated,PertCortex_1_GGACAAGAGGCTCATT,4.4185912869284625
1291,0.26996303513761183,1__mutated,PertCortex_1_GGACAGAAGGCACATG,2.1994609447117646
1292,0.49972191618507045,1__mutated,PertCortex_1_GGACAGAAGTAGTGCG,2.1896235454545563
1293,0.20434536611888762,1__mutated,PertCortex_1_GGACAGAGTTCAGTAC,2.8282164785790984
1294,0.3497132102482513,1__mutated,PertCortex_1_GGACAGATCACAGGCC,2.971188330108347
1295,0.18901422785036992,1__mutated,PertCortex_1_GGACATTAGTACGACG,4.266202275240734
1296,0.5354713425285336,1__mutated,PertCortex_1_GGACATTCATCTGGTA,2.208080505933447
1297,0.0883187086225683,1__mutated,PertCortex_1_GGACATTCATGACGGA,3.718237579167331
1298,0.231371992452145,1__mutated,PertCortex_1_GGACGTCAGAGACTAT,3.8269442152497195
1299,0.5808123530581523,1__mutated,PertCortex_1_GGACGTCAGGTAGCCA,2.0044358093235735
1300,0.26405315024108944,1__mutated,PertCortex_1_GGACGTCCACAGGCCT,3.285505044456963
1301,0.3500512230995991,1__mutated,PertCortex_1_GGACGTCCATAAAGGT,3.1634382992586856
1302,0.19824669995704935,1__mutated,PertCortex_1_GGACGTCGTCCAGTGC,4.35929321332958
1303,0.22395408832673855,1__mutated,PertCortex_1_GGACGTCTCACATGCA,3.1003148534689764
1304,0.0714116451430492,1__mutated,PertCortex_1_GGACGTCTCAGGCCCA,4.160875785150968
1305,0.07504417808176413,1__mutated,PertCortex_1_GGAGCAAAGCACAGGT,4.5677057024353855
1306,0.4297018026620964,1__mutated,PertCortex_1_GGAGCAAAGCCTCGTG,2.8034988960648985
1307,0.10939710437973178,1__mutated,PertCortex_1_GGAGCAATCTTACCTA,3.462889109927125
1308,0.17629308049921064,1__mutated,PertCortex_1_GGATGTTAGGACACCA,3.7407732378564336
1309,0.2551227642063859,1__mutated,PertCortex_1_GGATGTTAGTACCGGA,3.1025194909556575
1310,0.525909736039008,1__mutated,PertCortex_1_GGATGTTAGTTCGCGC,2.3103352158464143
1311,0.49045370254112747,1__mutated,PertCortex_1_GGATGTTCATGGTAGG,2.474434423918277
1312,0.11679328888638794,1__mutated,PertCortex_1_GGATGTTGTGCCTGTG,3.720377314541948
1313,0.5129272034679834,1__mutated,PertCortex_1_GGATTACAGCCCAACC,2.2310515250464267
1314,0.2453892912312143,1__mutated,PertCortex_1_GGATTACAGCTGCGAA,3.3910642391116927
1315,0.1214375093112458,1__mutated,PertCortex_1_GGATTACAGGGTTTCT,5.5248311881819285
1316,0.14949398533706892,1__mutated,PertCortex_1_GGATTACCAAGGACTG,4.267044943989994
1317,0.09666039143693102,1__mutated,PertCortex_1_GGATTACCACGCATCG,3.7295015298707126
1318,0.15835075306897597,1__mutated,PertCortex_1_GGATTACCAGCTCGAC,2.9790005093618284
1319,0.2142163769030005,1__mutated,PertCortex_1_GGATTACCATCACGAT,3.352308007586879
1320,0.38964748560057877,1__mutated,PertCortex_1_GGATTACGTTGGACCC,2.8625308778669534
1321,0.097153075593125,1__mutated,PertCortex_1_GGATTACTCCCTTGTG,4.725840990291372
1322,0.5433586708054127,1__mutated,PertCortex_1_GGATTACTCTAACGGT,2.340520983528214
1323,0.10546158673083156,1__mutated,PertCortex_1_GGATTACTCTGCAGTA,4.3377646760975646
1324,0.0758062081350328,1__mutated,PertCortex_1_GGCAATTAGCCGGTAA,3.792385666747216
1325,0.19184047826303305,1__mutated,PertCortex_1_GGCAATTAGGAATGGA,3.991405567783576
1326,0.06365184516577417,1__mutated,PertCortex_1_GGCAATTAGGATATAC,5.325098001707378
1327,0.09856588765166963,1__mutated,PertCortex_1_GGCAATTAGGGTTCCC,4.652974518606792
1328,0.2474975327780452,1__mutated,PertCortex_1_GGCAATTAGTCGATAA,4.1914234469520615
1329,0.14533389772671082,1__mutated,PertCortex_1_GGCCGATAGTTCGCGC,4.39293298810882
1330,0.13044024247169414,1__mutated,PertCortex_1_GGCCGATGTACGCACC,4.051587079598047
1331,0.11484493711760384,1__mutated,PertCortex_1_GGCCGATTCTCAAACG,4.068928319844233
1332,0.24118652101292018,1__mutated,PertCortex_1_GGCCGATTCTGCCCTA,3.364240361115047
1333,0.10183866361898393,1__mutated,PertCortex_1_GGCCGATTCTGGCGAC,4.291533025823984
1334,0.06992489103304109,1__mutated,PertCortex_1_GGCGACTAGCGTAATA,3.9080180526037283
1335,0.08355750805287941,1__mutated,PertCortex_1_GGCGACTAGGCAGGTT,4.845513827937007
1336,0.11283092503958675,1__mutated,PertCortex_1_GGCGACTCAAGCGCTC,3.9084479744484444
1337,0.38750285387278127,1__mutated,PertCortex_1_GGCGTGTTCAGTTGAC,3.041472589116002
1338,0.08037592172328059,1__mutated,PertCortex_1_GGCGTGTTCGATAGAA,3.420561256212248
1339,0.18383533336687718,1__mutated,PertCortex_1_GGCGTGTTCTTAGCCC,3.265808753939984
1340,0.17564560828061718,1__mutated,PertCortex_1_GGCTCGAAGCCGGTAA,4.6242458249491225
1341,0.3209403850830756,1__mutated,PertCortex_1_GGCTCGAAGGCATGGT,3.121826376684701
1342,0.09617193247189684,1__mutated,PertCortex_1_GGCTCGACAAGACACG,3.7037955825981603
1343,0.05385234687074953,1__mutated,PertCortex_1_GGCTCGAGTCCTAGCG,4.28716375119638
1344,0.6870065014065423,1__mutated,PertCortex_1_GGCTCGATCCGGGTGT,1.7518980147163592
1345,0.07414230480965381,1__mutated,PertCortex_1_GGCTCGATCTGTGCAA,3.966405201165665
1346,0.0571660406033247,1__mutated,PertCortex_1_GGCTCGATCTTCCTTC,3.785961147388135
1347,0.10567088547403869,1__mutated,PertCortex_1_GGCTGGTAGGGCTCTC,2.1886915962186766
1348,0.11641283894035262,1__mutated,PertCortex_1_GGGAATGCAACAACCT,3.728024794764258
1349,0.20243111971389258,1__mutated,PertCortex_1_GGGAATGCATGCCCGA,3.968503156490209
1350,0.2221338969576805,1__mutated,PertCortex_1_GGGAATGTCATCGGAT,3.07537606309503
1351,0.1334914381052491,1__mutated,PertCortex_1_GGGAATGTCTAACTTC,5.85780371401633
1352,0.5002166376324373,1__mutated,PertCortex_1_GGGACCTAGCGTAATA,1.9908578754131383
1353,0.1191344295036435,1__mutated,PertCortex_1_GGGACCTAGGAGCGTT,4.6975772870497075
1354,0.14464887320253172,1__mutated,PertCortex_1_GGGACCTAGTGGAGAA,5.589552711907203
1355,0.3178621714286358,1__mutated,PertCortex_1_GGGACCTTCGGTCTAA,2.803962382610138
1356,0.05464463088644909,1__mutated,PertCortex_1_GGGACCTTCTACCAGA,4.530706717554378
1357,0.10599539211876087,1__mutated,PertCortex_1_GGGAGATAGTCACGCC,4.590932445388596
1358,0.614658712697831,1__mutated,PertCortex_1_GGGAGATCACCCATTC,2.219153308659934
1359,0.17723000304449418,1__mutated,PertCortex_1_GGGAGATGTAATAGCA,5.4148800191952855
1360,0.5457956472445721,1__mutated,PertCortex_1_GGGAGATGTGGTGTAG,2.5071712651518765
1361,0.12444646801982252,1__mutated,PertCortex_1_GGGATGAAGGATGCGT,2.67843476214593
1362,0.03206800841633838,1__mutated,PertCortex_1_GGGATGAGTCCCTTGT,3.103444191629172
1363,0.06117816400734961,1__mutated,PertCortex_1_GGGATGATCGCTGATA,4.70027034531601
1364,0.08826887784731235,1__mutated,PertCortex_1_GGGCACTAGCTCCTTC,4.543901833572956
1365,0.045089711948226106,1__mutated,PertCortex_1_GGGCACTAGGATGGTC,4.277948786858155
1366,0.03651369960189653,1__mutated,PertCortex_1_GGGCACTCATCTATGG,3.8874111682764494
1367,0.1624431174580935,1__mutated,PertCortex_1_GGGCACTGTACCTACA,3.951385847405758
1368,0.21965129140542558,1__mutated,PertCortex_1_GGGCACTGTCGACTAT,3.4883837967995444
1369,0.048431813473523155,1__mutated,PertCortex_1_GGGCATCCATAGGATA,3.6608295560495105
1370,0.08737291554487735,1__mutated,PertCortex_1_GGGCATCTCTCGAGTA,3.9249435534314645
1371,0.39676521519452473,1__mutated,PertCortex_1_GGGTCTGGTCAGAATA,2.5132868841345433
1372,0.045793681917362244,1__mutated,PertCortex_1_GGGTCTGTCAATAAGG,3.5786049706392933
1373,0.08031345977917426,1__mutated,PertCortex_1_GGGTTGCAGGGTCTCC,3.849586738981389
1374,0.5577754276881745,1__mutated,PertCortex_1_GGGTTGCCAAGCCATT,1.8602695299059884
1375,0.06938938753025001,1__mutated,PertCortex_1_GGGTTGCCATCCGTGG,4.087815401394293
1376,0.14009846210824864,1__mutated,PertCortex_1_GGGTTGCCATGCAATC,2.9120719575073957
1377,0.19605462751757113,1__mutated,PertCortex_1_GGGTTGCGTTAGTGGG,5.266149315024546
1378,0.5417178032860506,1__mutated,PertCortex_1_GGTATTGAGATACACA,2.356276208167931
1379,0.28207157039419956,1__mutated,PertCortex_1_GGTATTGGTTAAGTAG,2.4725956964223026
1380,0.12794615429401962,1__mutated,PertCortex_1_GGTGAAGAGGTGATTA,2.4010524348183764
1381,0.5631339548027606,1__mutated,PertCortex_1_GGTGAAGCACCGGAAA,2.296650312506239
1382,0.12507771580353172,1__mutated,PertCortex_1_GGTGAAGCACGCCAGT,3.3304013723785175
1383,0.06305779440329086,1__mutated,PertCortex_1_GGTGAAGCATCTGGTA,2.756443785979655
1384,0.20639917012555212,1__mutated,PertCortex_1_GGTGCGTAGGGTGTGT,4.12205577318848
1385,0.1241426346170987,1__mutated,PertCortex_1_GGTGCGTCACATAACC,3.594211703645128
1386,0.14162743519032883,1__mutated,PertCortex_1_GGTGCGTCATTGTGCA,3.1519390567454204
1387,0.18564997779934597,1__mutated,PertCortex_1_GGTGCGTTCGTACCGG,3.390360978386796
1388,0.1545637208122644,1__mutated,PertCortex_1_GGTGCGTTCTTGACGA,4.9283482351003745
1389,0.15861839601582203,1__mutated,PertCortex_1_GGTGTTACAAACGTGG,3.2680816851569507
1390,0.10199549800606561,1__mutated,PertCortex_1_GGTGTTACAACACCTA,2.9004316970987123
1391,0.14542815566405484,1__mutated,PertCortex_1_GGTGTTAGTATAGGGC,3.653903852782153
1392,0.20128539564290004,1__mutated,PertCortex_1_GGTGTTAGTGTGCCTG,3.190444219822933
1393,0.28788220446100854,1__mutated,PertCortex_1_GTAACGTAGACGCTTT,3.1664084249902267
1394,0.6515527200325711,1__mutated,PertCortex_1_GTAACGTAGCGCCTTG,1.7259669020596835
1395,0.18735451244367676,1__mutated,PertCortex_1_GTAACGTTCGCAAACT,5.234183272613973
1396,0.20107071578793934,1__mutated,PertCortex_1_GTAACGTTCTTGTACT,5.273356702208919
1397,0.1481018039495409,1__mutated,PertCortex_1_GTAACTGGTAAACCTC,3.611262915510112
1398,0.57115947029862,1__mutated,PertCortex_1_GTAACTGTCGTTTAGG,2.067974933967874
1399,0.05259327883793592,1__mutated,PertCortex_1_GTACGTAAGATCACGG,4.124067777901774
1400,0.18199811075994388,1__mutated,PertCortex_1_GTACGTACAGATGGGT,4.678300660286854
1401,0.19175248188518507,1__mutated,PertCortex_1_GTACGTACATCCTAGA,3.1389966456858636
1402,0.3345464880961795,1__mutated,PertCortex_1_GTACGTATCAATACCG,2.0220219614978285
1403,0.08803890027514878,1__mutated,PertCortex_1_GTACTCCAGTGGAGAA,3.2385235318621457
1404,0.6866816780792353,1__mutated,PertCortex_1_GTACTCCCAGAGTGTG,1.8713029765543716
1405,0.2457758116485879,1__mutated,PertCortex_1_GTACTCCTCTTGTATC,3.7425687146568594
1406,0.2191693962050281,1__mutated,PertCortex_1_GTACTTTAGCTCTCGG,2.9764227507070364
1407,0.1884987372915081,1__mutated,PertCortex_1_GTACTTTCAAGCCATT,5.216436766273001
1408,0.06148312741972922,1__mutated,PertCortex_1_GTACTTTCAAGTCTGT,4.457753838325136
1409,0.3094172449685441,1__mutated,PertCortex_1_GTACTTTCACGGTAAG,2.9353185621100955
1410,0.1864924906228914,1__mutated,PertCortex_1_GTACTTTGTGTAACGG,4.263536301619586
1411,0.07738763435925257,1__mutated,PertCortex_1_GTACTTTGTGTGGCTC,3.2397688299065677
1412,0.1120597657703681,1__mutated,PertCortex_1_GTACTTTGTTATGTGC,4.590929834573152
1413,0.13497609172636016,1__mutated,PertCortex_1_GTAGGCCAGGACAGCT,3.1227308512396714
1414,0.12360924096368568,1__mutated,PertCortex_1_GTAGGCCAGGGCACTA,3.743138572687844
1415,0.15690720940789432,1__mutated,PertCortex_1_GTAGGCCCACAAGTAA,3.798640996713623
1416,0.09700733233078151,1__mutated,PertCortex_1_GTAGGCCCACTATCTT,4.859528186584728
1417,0.15302831219747795,1__mutated,PertCortex_1_GTAGGCCGTACAAGTA,3.5343218757408756
1418,0.28404981198015744,1__mutated,PertCortex_1_GTAGGCCTCCTTGGTC,2.835197564045857
1419,0.27556969008509435,1__mutated,PertCortex_1_GTAGTCACAAGCGTAG,4.816720607332995
1420,0.32280655073520326,1__mutated,PertCortex_1_GTAGTCACAAGGGTCA,3.0791893162129083
1421,0.5251339194638739,1__mutated,PertCortex_1_GTAGTCATCCTCGCAT,2.6525234572648757
1422,0.2083642251376554,1__mutated,PertCortex_1_GTAGTCATCGCCGTGA,3.597934802736002
1423,0.10284202799360122,1__mutated,PertCortex_1_GTATCTTAGAAGGTGA,3.685790096621713
1424,0.3259029768435818,1__mutated,PertCortex_1_GTATCTTAGACCCACC,2.441700624871492
1425,0.6779964126917327,1__mutated,PertCortex_1_GTATCTTAGAGGTTAT,1.7331153073013323
1426,0.05588265034679225,1__mutated,PertCortex_1_GTATCTTAGGTAAACT,3.3729137082334963
1427,0.17701783344793406,1__mutated,PertCortex_1_GTATCTTCAGTCAGCC,4.345065884300615
1428,0.08765022736254902,1__mutated,PertCortex_1_GTATCTTGTAGCAAAT,4.204695878788311
1429,0.13161377077307995,1__mutated,PertCortex_1_GTATCTTTCCATGAGT,4.30543677839697
1430,0.07170572854348305,1__mutated,PertCortex_1_GTATCTTTCCTATTCA,5.08607851983419
1431,0.15992848348086272,1__mutated,PertCortex_1_GTATCTTTCTCGTTTA,2.821172236776585
1432,0.09215092550669002,1__mutated,PertCortex_1_GTATTCTAGCGTAATA,3.6277519692758258
1433,0.11681891185013045,1__mutated,PertCortex_1_GTATTCTAGTAGATGT,4.432534643488081
1434,0.13261054602637123,1__mutated,PertCortex_1_GTATTCTCAAGGACTG,4.984229144398073
1435,0.5523124776637308,1__mutated,PertCortex_1_GTATTCTGTGTTCGAT,2.0711418386290075
1436,0.07704250617320917,1__mutated,PertCortex_1_GTATTCTGTTCGGGCT,3.8161767134520646
1437,0.08192721654003761,1__mutated,PertCortex_1_GTATTCTGTTTGACAC,3.147433404320979
1438,0.13694688502445468,1__mutated,PertCortex_1_GTATTCTTCACGCGGT,3.8653869236238108
1439,0.12699914215213717,1__mutated,PertCortex_1_GTCAAGTAGAAACGCC,3.3418325934118003
1440,0.474534120868596,1__mutated,PertCortex_1_GTCAAGTAGTAGCCGA,2.576889685073931
1441,0.5863308449668927,1__mutated,PertCortex_1_GTCAAGTCAGTTCATG,2.143237459377008
1442,0.2401852741705308,1__mutated,PertCortex_1_GTCAAGTGTCACACGC,4.120099042937444
1443,0.17790544461414434,1__mutated,PertCortex_1_GTCAAGTGTCAGATAA,4.004688515228198
1444,0.060396028857285206,1__mutated,PertCortex_1_GTCACAAAGAGTTGGC,3.635034831804539
1445,0.10300506342909892,1__mutated,PertCortex_1_GTCACAACACACCGCA,4.231288224939777
1446,0.0787287502262784,1__mutated,PertCortex_1_GTCACAATCTCTTATG,3.780478931588331
1447,0.09802275253528674,1__mutated,PertCortex_1_GTCACGGAGTGACTCT,3.273010178307878
1448,0.25486528577343376,1__mutated,PertCortex_1_GTCACGGTCCTCATTA,3.1473906599176806
1449,0.2161873965332453,1__mutated,PertCortex_1_GTCATTTAGAGACTAT,3.3086846656970827
1450,0.2130150498037511,1__mutated,PertCortex_1_GTCATTTCATCCGTGG,3.5038623817727985
1451,0.047821651154525274,1__mutated,PertCortex_1_GTCATTTGTGTGACCC,5.32404525500758
1452,0.19886492050215135,1__mutated,PertCortex_1_GTCCTCAAGCCAGTTT,3.3145619618077053
1453,-0.009659587250624052,1__mutated,PertCortex_1_GTCCTCAAGGATATAC,3.7756673823588325
1454,0.061756212067319585,1__mutated,PertCortex_1_GTCCTCACAAGTCATC,4.067815692791905
1455,0.1736040203606547,1__mutated,PertCortex_1_GTCCTCACAGTCGTGC,3.8778105804895002
1456,0.10574372440346001,1__mutated,PertCortex_1_GTCCTCACATGGGAAC,4.3093628771113215
1457,0.18685193567814193,1__mutated,PertCortex_1_GTCCTCATCAGTCAGT,3.4199941816581005
1458,0.1293103809059577,1__mutated,PertCortex_1_GTCGGGTAGCGCCTCA,3.64365317394191
1459,0.1880540371203259,1__mutated,PertCortex_1_GTCGGGTAGGGCTTCC,2.8997521661725942
1460,0.38247805258215894,1__mutated,PertCortex_1_GTCGGGTTCCACGCAG,2.195124200868833
1461,0.1350292998740373,1__mutated,PertCortex_1_GTCGGGTTCCGTCATC,2.9575106536862004
1462,0.36631731501461817,1__mutated,PertCortex_1_GTCGTAAAGAGCTATA,2.975441685105725
1463,0.10543257296995849,1__mutated,PertCortex_1_GTCGTAAAGTCACGCC,4.3777288481947405
1464,0.24693848372662933,1__mutated,PertCortex_1_GTCTCGTCATCGATTG,3.4456783699883755
1465,0.2360203436899336,1__mutated,PertCortex_1_GTCTCGTGTTGTGGAG,4.619789386088503
1466,0.20385335795138318,1__mutated,PertCortex_1_GTCTTCGGTGATGCCC,3.5490304257862184
1467,0.10467692628589158,1__mutated,PertCortex_1_GTGAAGGAGGGCTCTC,3.7727211686534265
1468,0.26342978135033973,1__mutated,PertCortex_1_GTGCAGCAGGTGCAAC,2.812394792143725
1469,0.47717320913758515,1__mutated,PertCortex_1_GTGCAGCCAGGCTGAA,2.142108595186202
1470,0.0767539705481074,1__mutated,PertCortex_1_GTGCAGCTCGTCTGCT,4.434647637239044
1471,0.21681443825768604,1__mutated,PertCortex_1_GTGCATAAGGCGATAC,2.4782808857600522
1472,0.19381359122299616,1__mutated,PertCortex_1_GTGCATACACCTATCC,3.177227604218023
1473,0.44075034053696766,1__mutated,PertCortex_1_GTGCATACAGATGGGT,2.3249078519311768
1474,0.08584994951322361,1__mutated,PertCortex_1_GTGCATACAGCCTTTC,4.0014362068894265
1475,0.2026910895623143,1__mutated,PertCortex_1_GTGCTTCGTCCGACGT,3.0788322362628104
1476,0.16426712885238562,1__mutated,PertCortex_1_GTGCTTCTCAACACGT,3.7134066462232442
1477,0.29320445168218684,1__mutated,PertCortex_1_GTGGGTCAGAGTAATC,3.19621775411045
1478,0.21655381777041616,1__mutated,PertCortex_1_GTGGGTCAGCATCATC,3.125825256833233
1479,0.04226062788384198,1__mutated,PertCortex_1_GTGGGTCGTAATCACC,4.053397038504097
1480,0.3000380213860808,1__mutated,PertCortex_1_GTGGGTCGTCTCTTTA,2.1326403690872984
1481,0.26591314825336426,1__mutated,PertCortex_1_GTGTGCGAGATATGGT,3.1178285181643237
1482,0.23343508078391872,1__mutated,PertCortex_1_GTGTGCGAGCGCCTTG,3.4360594933307267
1483,0.10075155821253634,1__mutated,PertCortex_1_GTGTGCGCATTACCTT,2.9632048677155653
1484,0.26754602786521847,1__mutated,PertCortex_1_GTGTGCGCATTGGTAC,3.1606427609794054
1485,0.5639322222204913,1__mutated,PertCortex_1_GTGTGCGCATTTGCTT,2.4218678277787578
1486,0.17846160134177222,1__mutated,PertCortex_1_GTGTGCGGTTAGATGA,4.068977120263258
1487,0.05099619103568635,1__mutated,PertCortex_1_GTGTGCGTCACCCGAG,4.039906524553668
1488,0.20874709530637817,1__mutated,PertCortex_1_GTGTGCGTCATTATCC,2.913258081857583
1489,0.19780477447682224,1__mutated,PertCortex_1_GTGTGCGTCCGTCATC,2.627850819162992
1490,0.49589436432897505,1__mutated,PertCortex_1_GTGTTAGAGACATAAC,2.9209313725932944
1491,0.18920043622729624,1__mutated,PertCortex_1_GTGTTAGAGAGTGAGA,4.473986610694878
1492,0.10034382654051888,1__mutated,PertCortex_1_GTGTTAGAGATCTGAA,3.8501962284874933
1493,0.15523169452485017,1__mutated,PertCortex_1_GTGTTAGCACACCGCA,4.312853827437073
1494,0.17251017844841698,1__mutated,PertCortex_1_GTGTTAGCAGTGAGTG,3.537730242105345
1495,0.6571197846623261,1__mutated,PertCortex_1_GTGTTAGTCAACACCA,1.7165523338497628
1496,0.5275972683066177,1__mutated,PertCortex_1_GTTAAGCAGATCTGAA,2.069413066099769
1497,0.1281947529167809,1__mutated,PertCortex_1_GTTAAGCCACCAGGTC,3.6317926483502125
1498,0.4193233457022636,1__mutated,PertCortex_1_GTTAAGCGTAGCTCCG,2.771222369473021
1499,0.08616865339950927,1__mutated,PertCortex_1_GTTAAGCTCTCTGAGA,3.7207448849451947
1500,0.23874323152455576,1__mutated,PertCortex_1_GTTACAGAGGAACTGC,3.07995660392409
1501,0.1407556636074871,1__mutated,PertCortex_1_GTTACAGCAACGCACC,3.097487461483957
1502,0.09948258618284452,1__mutated,PertCortex_1_GTTACAGGTAACGACG,3.867951799090552
1503,0.45729672325202414,1__mutated,PertCortex_1_GTTCATTCACAACGCC,2.228486237113299
1504,0.16349849493178345,1__mutated,PertCortex_1_GTTCATTCATTTGCTT,2.994058782798963
1505,0.0810418059826308,1__mutated,PertCortex_1_GTTCATTTCAGTGCAT,3.90770800543339
1506,0.1165514979193091,1__mutated,PertCortex_1_GTTCATTTCCTATGTT,3.58734674378348
1507,0.4929538121710675,1__mutated,PertCortex_1_GTTCATTTCGCATGGC,2.3074947776668604
1508,0.5635790238851854,1__mutated,PertCortex_1_GTTCGGGCAAACCTAC,1.548651146434802
1509,0.10125290339135201,1__mutated,PertCortex_1_GTTCGGGCAGTAACGG,3.747121806019861
1510,0.1683884668280862,1__mutated,PertCortex_1_GTTCGGGGTAGCTCCG,3.871682045307415
1511,0.16142001562148867,1__mutated,PertCortex_1_GTTCTCGAGCTAAACA,2.7332585242644147
1512,0.17714718905011403,1__mutated,PertCortex_1_GTTCTCGGTGTCAATC,3.360689561309997
1513,0.10422514642735292,1__mutated,PertCortex_1_GTTCTCGTCAACGGCC,3.952858518384876
1514,0.09532859279847444,1__mutated,PertCortex_1_GTTCTCGTCGTGGGAA,3.7403959431036773
1515,0.07910203999650348,1__mutated,PertCortex_1_GTTCTCGTCTGATTCT,3.7159042401647167
1516,0.15487829568974545,1__mutated,PertCortex_1_GTTTCTAAGCTGGAAC,3.35903789476023
1517,0.2057448702061777,1__mutated,PertCortex_1_GTTTCTACACTGTTAG,4.516607323748687
1518,0.08163424345535836,1__mutated,PertCortex_1_GTTTCTAGTGCCTGCA,4.4954985039014534
1519,0.20428263289082002,1__mutated,PertCortex_1_TAAACCGGTGCTCTTC,3.3095110097117675
1520,0.25920909108506335,1__mutated,PertCortex_1_TAAACCGTCAGCGACC,3.525169296292537
1521,0.2176787718486261,1__mutated,PertCortex_1_TAAGAGAAGTCCAGGA,4.301081451287001
1522,0.5247878092237168,1__mutated,PertCortex_1_TAAGAGAGTCGGCTCA,2.3113061213702575
1523,0.1250818981077725,1__mutated,PertCortex_1_TAAGCGTAGAGTAATC,4.574770454036615
1524,0.24852278742258363,1__mutated,PertCortex_1_TAAGCGTAGGACACCA,1.6666339207925311
1525,0.18802086515648717,1__mutated,PertCortex_1_TAAGCGTCAAATTGCC,2.94903584387384
1526,0.12830043812942027,1__mutated,PertCortex_1_TAAGCGTGTACCTACA,3.9336469885400938
1527,0.23049846785584277,1__mutated,PertCortex_1_TAAGCGTGTTGGTTTG,3.6984396766409287
1528,0.30430498241362497,1__mutated,PertCortex_1_TAAGTGCCAAGTTAAG,3.2084083038454465
1529,0.13923134856779631,1__mutated,PertCortex_1_TAAGTGCGTCATTAGC,3.6311033234771384
1530,0.23058714655206675,1__mutated,PertCortex_1_TAAGTGCTCCCAGGTG,3.950997752879408
1531,0.2118883993638453,1__mutated,PertCortex_1_TAAGTGCTCCTCATTA,2.9647908069221347
1532,0.09681464164284621,1__mutated,PertCortex_1_TAAGTGCTCGCGATCG,3.951904000488294
1533,0.6920096402257386,1__mutated,PertCortex_1_TACACGAAGGGAACGG,1.5942025737799055
1534,0.15221601691474385,1__mutated,PertCortex_1_TACACGAAGTGGGCTA,3.7778657413030676
1535,0.058526544229870636,1__mutated,PertCortex_1_TACACGAGTGACCAAG,4.065502319809507
1536,0.5258592573728627,1__mutated,PertCortex_1_TACACGAGTGATGCCC,2.3707500661194634
1537,0.5679485322098734,1__mutated,PertCortex_1_TACACGAGTTCCATGA,2.1479788566738973
1538,0.05462525742784516,1__mutated,PertCortex_1_TACAGTGCACAAGCCC,4.0726068541642215
1539,0.04629205316527427,1__mutated,PertCortex_1_TACAGTGCACATCTTT,4.043194541045879
1540,0.16789853476487823,1__mutated,PertCortex_1_TACAGTGCATGGGAAC,2.915255472714807
1541,0.07539786190970754,1__mutated,PertCortex_1_TACAGTGGTCCAACTA,3.5368216270744597
1542,0.08275723771181874,1__mutated,PertCortex_1_TACAGTGGTGTGCGTC,3.550073688746207
1543,0.19941634993063723,1__mutated,PertCortex_1_TACAGTGTCAGGTTCA,4.151248741546476
1544,0.41610215989147986,1__mutated,PertCortex_1_TACAGTGTCCAGATCA,2.1577912291467083
1545,0.062210164746688515,1__mutated,PertCortex_1_TACAGTGTCTAACGGT,4.624418393756442
1546,0.5815311164407769,1__mutated,PertCortex_1_TACCTATTCTAACTTC,2.29014203321899
1547,0.11843438500651242,1__mutated,PertCortex_1_TACCTTACAATAAGCA,4.816531950903406
1548,0.11986068903539447,1__mutated,PertCortex_1_TACCTTAGTCCCTTGT,3.928076058067973
1549,0.11044611106929857,1__mutated,PertCortex_1_TACGGATCAGCGTCCA,4.34548323152125
1550,0.2950336380091437,1__mutated,PertCortex_1_TACGGATGTGTATGGG,3.2783496663501492
1551,0.493430248823965,1__mutated,PertCortex_1_TACGGATTCTAAGCCA,2.650065827533529
1552,0.21634024159588228,1__mutated,PertCortex_1_TACGGGCAGAAACGCC,3.0504835628988882
1553,0.07312534735080876,1__mutated,PertCortex_1_TACGGGCAGACAGACC,3.1536658830072763
1554,-0.012491655035739072,1__mutated,PertCortex_1_TACGGGCAGACCACGA,3.6035779077397407
1555,0.17621830824692225,1__mutated,PertCortex_1_TACGGGCCAAGAAGAG,3.136225080682105
1556,0.07841389520679734,1__mutated,PertCortex_1_TACGGGCCAGCTGTTA,3.6836948965065175
1557,0.5158559865401321,1__mutated,PertCortex_1_TACGGGCGTAGTAGTA,2.560531153696702
1558,0.19506235302052963,1__mutated,PertCortex_1_TACGGGCGTGCCTGTG,3.1747731067177023
1559,0.1642167288238396,1__mutated,PertCortex_1_TACGGTACAGGACCCT,3.27992073352222
1560,0.05979725257143518,1__mutated,PertCortex_1_TACGGTAGTTGAGTTC,3.2889899641203426
1561,0.12870000159361444,1__mutated,PertCortex_1_TACGGTATCCTATTCA,3.9642282510767584
1562,0.1409161580291873,1__mutated,PertCortex_1_TACGGTATCTGTGCAA,4.695179260241447
1563,0.5804450404308688,1__mutated,PertCortex_1_TACTCATTCAGTGCAT,1.9483133433864919
1564,0.15006693930977144,1__mutated,PertCortex_1_TACTCATTCGATGAGG,4.593452935338463
1565,0.20074330157323472,1__mutated,PertCortex_1_TACTCGCAGAGCAATT,3.6921791261835013
1566,0.038467198831603315,1__mutated,PertCortex_1_TACTCGCAGTTAGCGG,4.71983433947561
1567,0.5008574530910922,1__mutated,PertCortex_1_TACTCGCGTTCAGGCC,2.556322585815105
1568,0.19952916973788057,1__mutated,PertCortex_1_TACTCGCTCCGAAGAG,5.275535337017058
1569,0.2539408082325633,1__mutated,PertCortex_1_TACTCGCTCCTTTCTC,2.7568135391628457
1570,0.08242035581161689,1__mutated,PertCortex_1_TACTTACAGCCAGTTT,4.394542625784339
1571,0.17736321350000822,1__mutated,PertCortex_1_TACTTACCACACCGAC,4.543259297306105
1572,0.13553949815136526,1__mutated,PertCortex_1_TACTTACCATTAGCCA,3.180154262449545
1573,0.1784459518581416,1__mutated,PertCortex_1_TACTTACGTTCAGCGC,4.877331744046425
1574,0.2053094231641724,1__mutated,PertCortex_1_TACTTGTAGCAGATCG,3.1225875895260145
1575,0.05104464166212422,1__mutated,PertCortex_1_TACTTGTCATCCTAGA,3.4307264021766852
1576,0.12298120260213201,1__mutated,PertCortex_1_TACTTGTTCATGTCCC,3.295470438869139
1577,0.21325720842539028,1__mutated,PertCortex_1_TACTTGTTCTGTCTAT,4.129147446673734
1578,0.17279507977931682,1__mutated,PertCortex_1_TAGACCAAGGGTGTTG,5.020283844348137
1579,0.5733662478274151,1__mutated,PertCortex_1_TAGACCACACGGATAG,2.1589924634176216
1580,0.15263216674364216,1__mutated,PertCortex_1_TAGACCAGTCTTCTCG,3.1251688046542276
1581,0.15924619581507754,1__mutated,PertCortex_1_TAGACCAGTTAGATGA,5.180165765384619
1582,0.20374676244296738,1__mutated,PertCortex_1_TAGAGCTGTTAAAGAC,3.8227797876083667
1583,0.2651125472029533,1__mutated,PertCortex_1_TAGAGCTTCTTGCAAG,2.944259710581453
1584,0.27953236230704037,1__mutated,PertCortex_1_TAGCCGGGTAAATACG,2.715810934140659
1585,0.3307185860640331,1__mutated,PertCortex_1_TAGCCGGGTACCGAGA,2.7594761085554156
1586,0.08226002386282569,1__mutated,PertCortex_1_TAGCCGGGTATCACCA,5.077460241586186
1587,0.12534463977056773,1__mutated,PertCortex_1_TAGCCGGGTGTGCCTG,4.29348367685401
1588,0.5464642145242257,1__mutated,PertCortex_1_TAGGCATAGACCACGA,2.318466659044686
1589,0.20322158185640904,1__mutated,PertCortex_1_TAGGCATAGGAGCGAG,4.292902762215723
1590,0.11791386761857262,1__mutated,PertCortex_1_TAGGCATAGGATGTAT,4.052519437175204
1591,0.16150718673642236,1__mutated,PertCortex_1_TAGGCATAGTCCGGTC,3.59263458409954
1592,0.06880818945306881,1__mutated,PertCortex_1_TAGGCATGTACTTAGC,4.386220580454156
1593,0.18716816870441588,1__mutated,PertCortex_1_TAGTGGTCAGGATTGG,4.24158344620298
1594,0.07594342958746819,1__mutated,PertCortex_1_TAGTGGTCATGTCCTC,3.234136633021403
1595,0.5403365704689028,1__mutated,PertCortex_1_TAGTGGTGTACGCACC,2.5048033582749256
1596,0.2467929062904357,1__mutated,PertCortex_1_TAGTGGTGTGACAAAT,3.521136371256677
1597,0.23674882541870515,1__mutated,PertCortex_1_TAGTGGTGTTGCCTCT,3.600555422567504
1598,0.13082356660240202,1__mutated,PertCortex_1_TAGTTGGGTCGTGGCT,4.170491635584139
1599,0.17608224694526403,1__mutated,PertCortex_1_TATCAGGAGTGTGAAT,3.2023706214110352
1600,0.1203215045214028,1__mutated,PertCortex_1_TATCAGGGTCTTCAAG,3.7957521335994304
1601,0.056755988914098235,1__mutated,PertCortex_1_TATCTCAAGGTGATAT,3.984359665178581
1602,0.2851789279757999,1__mutated,PertCortex_1_TATCTCACAAGGACTG,3.1798226728560977
1603,0.12671101308624255,1__mutated,PertCortex_1_TATCTCACATTCTCAT,4.427344812711439
1604,0.14539803479437596,1__mutated,PertCortex_1_TATCTCATCAGCGACC,2.617826286362186
1605,0.1918928674995068,1__mutated,PertCortex_1_TATCTCATCTGATACG,3.6465173797021015
1606,0.16808450505487768,1__mutated,PertCortex_1_TATGCCCAGGGCTTGA,3.850553074952013
1607,0.202013870578355,1__mutated,PertCortex_1_TATGCCCAGTGCGATG,3.074922598059995
1608,0.5063097100233821,1__mutated,PertCortex_1_TATGCCCCAGGACGTA,2.623800981016447
1609,0.14408531777507685,1__mutated,PertCortex_1_TATGCCCCAGTCGTGC,4.276086873524731
1610,0.016822097960405125,1__mutated,PertCortex_1_TATGCCCTCTCGCATC,4.493572818238983
1611,0.22889879439009828,1__mutated,PertCortex_1_TATTACCAGAACAACT,3.313760072434439
1612,0.15768548301206053,1__mutated,PertCortex_1_TATTACCAGTGGTCCC,3.550430637266135
1613,0.058588595942830564,1__mutated,PertCortex_1_TATTACCCAAGGTTTC,4.924060531753437
1614,0.03376077480863667,1__mutated,PertCortex_1_TATTACCTCATAAAGG,4.43474757265703
1615,0.1778803821602823,1__mutated,PertCortex_1_TATTACCTCGTTTATC,4.340171570818777
1616,0.049951935423741205,1__mutated,PertCortex_1_TCAATCTAGAAGCCCA,3.7200623060621614
1617,0.2066417803887992,1__mutated,PertCortex_1_TCAATCTCACTAGTAC,2.8094043703266824
1618,0.18181152079793758,1__mutated,PertCortex_1_TCAATCTTCAGTACGT,3.7816530629084486
1619,0.07074994179387833,1__mutated,PertCortex_1_TCAATCTTCCTTTCTC,4.082035767332384
1620,0.11622171527445814,1__mutated,PertCortex_1_TCACAAGCACGGATAG,4.512838395642726
1621,0.20095268612948156,1__mutated,PertCortex_1_TCACAAGGTCGGCATC,3.2823292962116684
1622,0.05756266437106478,1__mutated,PertCortex_1_TCACAAGGTGAGGCTA,4.457187511121698
1623,0.2161993130398419,1__mutated,PertCortex_1_TCACAAGGTTACCGAT,3.329044912560526
1624,0.7116448341697036,1__mutated,PertCortex_1_TCACAAGTCACGACTA,1.5969117964086628
1625,0.19310510807313294,1__mutated,PertCortex_1_TCACAAGTCGGGAGTA,4.12598750777329
1626,0.10602917241667512,1__mutated,PertCortex_1_TCACGAAAGACAGGCT,4.555603329969668
1627,0.13746137637441122,1__mutated,PertCortex_1_TCACGAAAGACTAAGT,1.762373401319599
1628,0.16044713278165,1__mutated,PertCortex_1_TCACGAACACCGGAAA,3.9718312530110618
1629,0.2862089710408035,1__mutated,PertCortex_1_TCACGAACACCGTTGG,2.7452472129723
1630,0.14265720578129965,1__mutated,PertCortex_1_TCACGAACATGACATC,3.6867306449316395
1631,0.2135271095043369,1__mutated,PertCortex_1_TCACGAAGTCTAAACC,4.342856430117902
1632,0.6258118221840847,1__mutated,PertCortex_1_TCACGAAGTCTACCTC,2.170546410228062
1633,0.2494269532429518,1__mutated,PertCortex_1_TCACGAATCAAACAAG,3.572971745333526
1634,0.1621533986631705,1__mutated,PertCortex_1_TCACGAATCCGCAGTG,3.5045178119949085
1635,0.5440236530518725,1__mutated,PertCortex_1_TCACGAATCGCCAGCA,2.07209889489833
1636,0.14168761268957428,1__mutated,PertCortex_1_TCAGATGAGGAGTACC,4.402640559617452
1637,0.2578251530281784,1__mutated,PertCortex_1_TCAGATGGTACTTAGC,2.373032681384785
1638,0.17260989068316704,1__mutated,PertCortex_1_TCAGATGGTGTCAATC,5.017100666671749
1639,0.07263060541848185,1__mutated,PertCortex_1_TCAGATGTCCCTAACC,4.3274330975104665
1640,0.19381047291610476,1__mutated,PertCortex_1_TCAGATGTCTGCTGTC,3.6567499311000136
1641,0.5406121485732693,1__mutated,PertCortex_1_TCAGCAAAGAGCCTAG,2.5668032185648455
1642,0.6121193357484788,1__mutated,PertCortex_1_TCAGCAAAGGGTGTTG,1.8893285160410738
1643,0.11065343775770876,1__mutated,PertCortex_1_TCAGCAAAGTGATCGG,3.47655262604549
1644,0.12457725664115125,1__mutated,PertCortex_1_TCAGCAATCCTGTACC,4.59604270993487
1645,0.14524578656314802,1__mutated,PertCortex_1_TCAGCAATCTTAGCCC,4.4202240355716675
1646,0.15520719165263155,1__mutated,PertCortex_1_TCAGCTCAGGTGCACA,5.541502598489435
1647,0.14383150687953772,1__mutated,PertCortex_1_TCAGCTCCACGCGAAA,3.3310807454048312
1648,0.5147938402072156,1__mutated,PertCortex_1_TCAGCTCCAGCTGTGC,2.308912820436447
1649,0.21861418057556667,1__mutated,PertCortex_1_TCAGCTCGTATAGTAG,2.815997161752905
1650,0.08874915631723705,1__mutated,PertCortex_1_TCAGCTCGTCTAACGT,4.093011647301364
1651,0.5185417679614509,1__mutated,PertCortex_1_TCAGCTCGTTGCTCCT,2.0744812584028005
1652,0.11854933263578103,1__mutated,PertCortex_1_TCAGGATCACTTAAGC,3.7328120725787675
1653,0.32682288949244864,1__mutated,PertCortex_1_TCAGGATCAGTCGTGC,3.4760033549801634
1654,0.08297409475995221,1__mutated,PertCortex_1_TCAGGATGTCCTGCTT,4.346936082146527
1655,0.2453091798794243,1__mutated,PertCortex_1_TCAGGATTCCGAGCCA,2.7071167594452725
1656,0.3186348439200442,1__mutated,PertCortex_1_TCAGGTAAGAATTCCC,3.4523370531067568
1657,0.1789057754851656,1__mutated,PertCortex_1_TCAGGTAAGATGTTAG,2.4221724303978873
1658,0.17419079890500067,1__mutated,PertCortex_1_TCAGGTACACAACTGT,3.3615424472655646
1659,0.1663496881502089,1__mutated,PertCortex_1_TCAGGTATCAACACAC,3.673309151553898
1660,0.5217241826696961,1__mutated,PertCortex_1_TCAGGTATCCGCAAGC,2.726209507293129
1661,0.5110641662893493,1__mutated,PertCortex_1_TCAGGTATCCGTTGCT,2.5135727447273815
1662,0.024098393489485007,1__mutated,PertCortex_1_TCATTACGTCAGAAGC,4.103467060115741
1663,0.5381442066830784,1__mutated,PertCortex_1_TCATTACTCATCTGCC,1.5999935926872704
1664,0.16848360116127276,1__mutated,PertCortex_1_TCATTACTCCAAACTG,3.430225656460137
1665,0.09470664441405853,1__mutated,PertCortex_1_TCATTTGAGGGAAACA,4.205991787724908
1666,0.12102132765102122,1__mutated,PertCortex_1_TCATTTGCACACGCTG,3.449508944181597
1667,0.12341932940245268,1__mutated,PertCortex_1_TCCACACAGTCTCAAC,2.9326282159862442
1668,0.11664882006145068,1__mutated,PertCortex_1_TCCACACCATATACGC,3.4035354579765933
1669,0.5972985485685576,1__mutated,PertCortex_1_TCCACACCATCCGTGG,2.062976699761601
1670,0.03945932112152602,1__mutated,PertCortex_1_TCCACACGTGGGTCAA,4.81907786045162
1671,0.09039372774536457,1__mutated,PertCortex_1_TCCACACGTTCCACGG,4.3602418589856695
1672,0.26871208829980425,1__mutated,PertCortex_1_TCCACACTCATCGGAT,3.088859301501289
1673,0.0382375886539868,1__mutated,PertCortex_1_TCCCGATAGAACAATC,4.854601085154325
1674,0.09870732016369205,1__mutated,PertCortex_1_TCCCGATAGATGTAAC,4.729149887286565
1675,0.0672339923723752,1__mutated,PertCortex_1_TCCCGATAGGCAATTA,3.8756762900610813
1676,0.31942738209564536,1__mutated,PertCortex_1_TCCCGATCAGGACGTA,3.248796207106958
1677,-0.016236410025034967,1__mutated,PertCortex_1_TCCCGATTCAGCTCGG,4.513910529355689
1678,0.01393039260408795,1__mutated,PertCortex_1_TCCCGATTCCAAATGC,4.130443596768656
1679,0.26986137716569025,1__mutated,PertCortex_1_TCGAGGCAGGATCGCA,3.1520559519300098
1680,0.06429638919713147,1__mutated,PertCortex_1_TCGAGGCCAGAGCCAA,4.430798010238002
1681,0.2079500799252259,1__mutated,PertCortex_1_TCGAGGCCATGGGAAC,4.09793316727829
1682,0.21500754292434113,1__mutated,PertCortex_1_TCGAGGCGTCTTGCGG,4.154936440132858
1683,0.5551754435225404,1__mutated,PertCortex_1_TCGAGGCGTTCACGGC,1.9171003044515555
1684,0.11213944122611472,1__mutated,PertCortex_1_TCGAGGCGTTCCACAA,5.33243698178277
1685,0.10206228729530395,1__mutated,PertCortex_1_TCGCGAGAGGATGGTC,4.071053755538113
1686,0.22503279587326008,1__mutated,PertCortex_1_TCGCGAGCAAGCTGGA,2.8414052238445255
1687,0.030564271674434033,1__mutated,PertCortex_1_TCGCGAGCATGTAAGA,4.57516052887741
1688,0.15165862778666006,1__mutated,PertCortex_1_TCGCGAGGTGAGGGAG,3.0498088040138844
1689,0.17151019466662346,1__mutated,PertCortex_1_TCGCGAGTCAGTTCGA,4.508090428184218
1690,0.1404086445833631,1__mutated,PertCortex_1_TCGCGAGTCCCAACGG,3.597258691719301
1691,0.1782424938189299,1__mutated,PertCortex_1_TCGCGAGTCCTGTAGA,3.408188960623403
1692,0.17566278069950914,1__mutated,PertCortex_1_TCGCGTTAGAGAGCTC,4.345529222006078
1693,0.0829201145611198,1__mutated,PertCortex_1_TCGCGTTAGCAGGTCA,3.939910609130274
1694,0.27586536838510517,1__mutated,PertCortex_1_TCGCGTTAGTGTCCCG,3.050098234897303
1695,0.482113368253658,1__mutated,PertCortex_1_TCGCGTTCACATGGGA,2.2280386012209172
1696,0.5967261600541379,1__mutated,PertCortex_1_TCGCGTTGTCCTAGCG,1.9460852621183187
1697,0.08643663324812595,1__mutated,PertCortex_1_TCGCGTTGTCTAGTCA,3.9593287813251585
1698,0.2100873304981854,1__mutated,PertCortex_1_TCGCGTTGTGTAATGA,3.4490792890992608
1699,0.08396003695659802,1__mutated,PertCortex_1_TCGCGTTTCACGATGT,3.2235927968804052
1700,0.0910915733056764,1__mutated,PertCortex_1_TCGCGTTTCTGCGACG,4.552299486857126
1701,0.03146533511588999,1__mutated,PertCortex_1_TCGGGACGTGACTCAT,3.2756611390143715
1702,0.3316267114100607,1__mutated,PertCortex_1_TCGGGACGTTCGCTAA,3.19674538453137
1703,0.08725008133843548,1__mutated,PertCortex_1_TCGGGACTCTTGTCAT,3.653786369846669
1704,0.09607645383601099,1__mutated,PertCortex_1_TCGGTAACAAGCCATT,3.562817012668155
1705,0.07577292465397982,1__mutated,PertCortex_1_TCGGTAACACGAGGTA,3.5686794535343234
1706,0.08727040892876847,1__mutated,PertCortex_1_TCGTACCCAAAGTCAA,4.146736259203259
1707,0.4946435111647039,1__mutated,PertCortex_1_TCGTACCCAATGAAAC,2.042276400754797
1708,0.053516409925475905,1__mutated,PertCortex_1_TCGTACCGTTGTACAC,5.0934292986685445
1709,0.141254753644016,1__mutated,PertCortex_1_TCGTACCTCACGACTA,5.016763564988083
1710,0.18824740451212918,1__mutated,PertCortex_1_TCGTAGAAGATATACG,3.859554606703841
1711,0.11811775605018034,1__mutated,PertCortex_1_TCGTAGAAGCAGGCTA,4.065028096859752
1712,0.14547980045946543,1__mutated,PertCortex_1_TCTATTGAGTCCTCCT,2.8549770626205313
1713,0.580880673999988,1__mutated,PertCortex_1_TCTATTGCAATGGTCT,1.9361494877182472
1714,0.5312947586476059,1__mutated,PertCortex_1_TCTATTGGTGGTCCGT,2.5347706046354834
1715,0.3527971356177619,1__mutated,PertCortex_1_TCTATTGTCACTTCAT,3.393536505867798
1716,0.21159340608061752,1__mutated,PertCortex_1_TCTCATAAGAATGTTG,3.9856518123083013
1717,0.11959049766113858,1__mutated,PertCortex_1_TCTCATAAGGCGCTCT,3.5536574116879107
1718,0.029467347225311157,1__mutated,PertCortex_1_TCTCATAAGTCACGCC,4.563192957991901
1719,0.08966814776421722,1__mutated,PertCortex_1_TCTCATAAGTTCGATC,4.483261614950023
1720,0.09134900999373012,1__mutated,PertCortex_1_TCTCATACAGTCGATT,4.297828188264066
1721,0.051494930831144994,1__mutated,PertCortex_1_TCTCATAGTTCGGGCT,4.614096100893667
1722,0.2559226530989877,1__mutated,PertCortex_1_TCTCATATCGGCTTGG,4.493214502026229
1723,0.07095292645095942,1__mutated,PertCortex_1_TCTCTAAAGAATTGTG,3.9944593176147962
1724,0.16704092415486707,1__mutated,PertCortex_1_TCTCTAACATATACCG,3.4184936190185704
1725,0.09101617489028063,1__mutated,PertCortex_1_TCTCTAAGTTTACTCT,5.48333647421781
1726,0.11762408889586233,1__mutated,PertCortex_1_TCTCTAATCGGCGGTT,4.391738045779839
1727,0.15221544948767793,1__mutated,PertCortex_1_TCTCTAATCTGTCTCG,3.9936300786776457
1728,0.38551848316273224,1__mutated,PertCortex_1_TCTGAGAGTCCAGTAT,2.569160612252041
1729,0.14989223654592446,1__mutated,PertCortex_1_TCTGAGAGTTTACTCT,3.418475381667402
1730,0.5397438866031159,1__mutated,PertCortex_1_TCTGAGATCCGATATG,2.685558344002441
1731,0.17323215883732201,1__mutated,PertCortex_1_TCTGGAAAGGTGATTA,3.7623562858847763
1732,0.19976276597074683,1__mutated,PertCortex_1_TCTGGAACAATGAAAC,3.269073951773082
1733,0.05945544487208173,1__mutated,PertCortex_1_TCTGGAACATCTCCCA,3.822652835966849
1734,0.1073246671485453,1__mutated,PertCortex_1_TCTTCGGAGAGAGCTC,4.973839863281661
1735,0.20371778418955433,1__mutated,PertCortex_1_TCTTCGGCACATAACC,5.521036544026192
1736,0.10581940485563647,1__mutated,PertCortex_1_TCTTCGGCAGTAAGAT,4.033584421940921
1737,0.4801732244122136,1__mutated,PertCortex_1_TCTTCGGCATCAGTCA,2.6882581199512527
1738,0.09248633212393022,1__mutated,PertCortex_1_TCTTCGGGTTGTCGCG,4.066447134787568
1739,0.37962900855440473,1__mutated,PertCortex_1_TCTTCGGTCATGCTCC,2.547623194908762
1740,0.44347936944108035,1__mutated,PertCortex_1_TCTTTCCAGTGCGATG,2.2978193309285033
1741,0.36867458932543157,1__mutated,PertCortex_1_TCTTTCCCAAGCGAGT,2.1162537234514973
1742,0.07418632648217166,1__mutated,PertCortex_1_TCTTTCCCACTTAACG,4.334772416485478
1743,0.19090545269095877,1__mutated,PertCortex_1_TCTTTCCCAGGTTTCA,3.431635495935011
1744,0.10265418055048137,1__mutated,PertCortex_1_TCTTTCCGTATATGAG,3.566413592454283
1745,0.37863099183958615,1__mutated,PertCortex_1_TCTTTCCTCACATACG,3.1289917111582852
1746,0.25949332542346576,1__mutated,PertCortex_1_TGAAAGAAGAGACTAT,4.056429860028327
1747,0.07145745399235778,1__mutated,PertCortex_1_TGAAAGAAGGCATGTG,4.112934386549603
1748,0.10766812473307705,1__mutated,PertCortex_1_TGAAAGACAGCCTATA,3.708912866618569
1749,0.10885403566366549,1__mutated,PertCortex_1_TGAAAGATCGGCTACG,3.687900960350715
1750,0.1312323360914967,1__mutated,PertCortex_1_TGACAACCAATCGGTT,2.8142243778433222
1751,0.2015250314810608,1__mutated,PertCortex_1_TGACAACCACCAGGTC,3.69109462439885
1752,0.09307382188033685,1__mutated,PertCortex_1_TGACAACTCGTAGGTT,4.122125817809496
1753,0.1458118723675423,1__mutated,PertCortex_1_TGACGGCAGACATAAC,3.6294260857630825
1754,0.3165005375323627,1__mutated,PertCortex_1_TGACGGCAGGGTGTTG,2.8333700951766074
1755,0.18958711432163652,1__mutated,PertCortex_1_TGACGGCCAGCCTGTG,3.514767024288339
1756,0.09098368386619247,1__mutated,PertCortex_1_TGACGGCGTATATGAG,5.123795561065071
1757,0.12122661815821673,1__mutated,PertCortex_1_TGACGGCGTTGAGGTG,4.785517850197024
1758,0.1057778935686735,1__mutated,PertCortex_1_TGACGGCTCGGTGTTA,4.33627734501654
1759,0.15293850068825945,1__mutated,PertCortex_1_TGACTAGAGGCTACGA,3.79248194448196
1760,0.20398411081524842,1__mutated,PertCortex_1_TGACTAGAGGGTCGAT,2.930691802797068
1761,0.2655355728047271,1__mutated,PertCortex_1_TGACTAGCATGGTCAT,3.740887403120762
1762,0.12113503733497605,1__mutated,PertCortex_1_TGACTAGGTCAGATAA,3.506535098534585
1763,0.046340511424982384,1__mutated,PertCortex_1_TGACTAGTCGGCTTGG,4.410640962734293
1764,0.13519333336436926,1__mutated,PertCortex_1_TGACTAGTCTCTGTCG,4.566109169462022
1765,0.14121175939253292,1__mutated,PertCortex_1_TGACTTTCATCCTTGC,3.472624442152187
1766,0.10059017079532791,1__mutated,PertCortex_1_TGACTTTCATTTCAGG,3.2468943098629115
1767,0.45288996560065164,1__mutated,PertCortex_1_TGACTTTGTTCCACAA,2.341532215567055
1768,0.18575671408326144,1__mutated,PertCortex_1_TGACTTTGTTGTCTTT,3.5828341217219166
1769,0.16711249657331065,1__mutated,PertCortex_1_TGACTTTTCCAACCAA,5.290107211178723
1770,0.08401226605599725,1__mutated,PertCortex_1_TGAGAGGAGTAGTGCG,4.636946851143259
1771,0.26075552882214137,1__mutated,PertCortex_1_TGAGAGGCAAGTCATC,2.426793486467218
1772,0.07095565082137263,1__mutated,PertCortex_1_TGAGAGGCAAGTTCTG,3.8209017839784662
1773,0.19706086263630038,1__mutated,PertCortex_1_TGAGAGGCAGCCTTTC,4.242566303648146
1774,0.09865695498095059,1__mutated,PertCortex_1_TGAGAGGCATAAGACA,3.8591165162772354
1775,0.5599818007726819,1__mutated,PertCortex_1_TGAGAGGGTCCGTTAA,1.686327524275097
1776,0.04693812728492573,1__mutated,PertCortex_1_TGAGAGGGTCGATTGT,4.482408730553771
1777,0.181816892052742,1__mutated,PertCortex_1_TGAGAGGTCACCACCT,3.332518176523039
1778,0.11684934046025149,1__mutated,PertCortex_1_TGAGCATGTCTAAAGA,5.248511681148585
1779,0.5612376350406453,1__mutated,PertCortex_1_TGAGCATGTGCAGGTA,1.9748653753055136
1780,0.10865378140514903,1__mutated,PertCortex_1_TGAGCATTCAGCATGT,4.021687532917339
1781,0.03540166980866918,1__mutated,PertCortex_1_TGAGCCGAGAGTTGGC,3.355698225202416
1782,0.15695493886904205,1__mutated,PertCortex_1_TGAGCCGAGCTGGAAC,5.494911249811215
1783,0.21269032460089313,1__mutated,PertCortex_1_TGAGCCGTCAGGTTCA,3.370830706319513
1784,0.10989251367232472,1__mutated,PertCortex_1_TGAGCCGTCTGCCAGG,2.488274764960782
1785,0.11928183011823498,1__mutated,PertCortex_1_TGAGGGAAGTATCGAA,4.366371838030624
1786,0.14490667592717546,1__mutated,PertCortex_1_TGAGGGAGTAAATACG,4.838964222449254
1787,0.13182562628498498,1__mutated,PertCortex_1_TGAGGGAGTCATCCCT,4.803862329446631
1788,0.041296825380725835,1__mutated,PertCortex_1_TGAGGGATCGGAAATA,4.659247758327833
1789,0.1123307799800103,1__mutated,PertCortex_1_TGATTTCAGAAGGTGA,4.812152349224266
1790,0.06105642074775405,1__mutated,PertCortex_1_TGATTTCAGACCTTTG,3.037130991130128
1791,0.19200512380096454,1__mutated,PertCortex_1_TGATTTCAGCGCCTCA,3.2685490127808396
1792,0.11288503966402749,1__mutated,PertCortex_1_TGCACCTAGTGTACGG,3.9083113183476343
1793,0.1006190604750674,1__mutated,PertCortex_1_TGCACCTGTACAGACG,4.833714673658757
1794,0.19878081947170664,1__mutated,PertCortex_1_TGCACCTGTCGAGTTT,4.401574700259558
1795,0.11643274539241827,1__mutated,PertCortex_1_TGCCAAACAACTGCTA,3.4549590718678203
1796,0.09907070280411402,1__mutated,PertCortex_1_TGCCAAACAGCTATTG,4.8877870810391935
1797,0.08690412784281476,1__mutated,PertCortex_1_TGCCAAACATGTAGTC,4.554017363640837
1798,0.15118684435722718,1__mutated,PertCortex_1_TGCCAAAGTAAGTTCC,3.561725703368347
1799,0.12852250205424437,1__mutated,PertCortex_1_TGCCAAAGTAGCCTCG,4.291096589066175
1800,0.031203806075808804,1__mutated,PertCortex_1_TGCCAAATCTACCTGC,3.677155992449994
1801,0.026500423807654074,1__mutated,PertCortex_1_TGCCAAATCTGATACG,4.261057313153327
1802,0.09919368384949934,1__mutated,PertCortex_1_TGCCCATCAACGATCT,4.168227804927504
1803,0.1436902171297099,1__mutated,PertCortex_1_TGCCCTAAGAAAGTGG,3.8025665313091603
1804,0.2561428281534188,1__mutated,PertCortex_1_TGCCCTAAGTACCGGA,3.4296006582583614
1805,0.5822125720187532,1__mutated,PertCortex_1_TGCCCTAAGTGGGTTG,1.903045794004265
1806,0.16206813200155137,1__mutated,PertCortex_1_TGCCCTACATGTAAGA,3.166377168628683
1807,0.13186013522467538,1__mutated,PertCortex_1_TGCCCTAGTCATACTG,2.9541809396886407
1808,0.10388552221603588,1__mutated,PertCortex_1_TGCCCTAGTCTAGCCG,4.518511596304855
1809,0.11189794509194928,1__mutated,PertCortex_1_TGCCCTATCGGCGCTA,3.7422392315789885
1810,0.14845858109595444,1__mutated,PertCortex_1_TGCGCAGAGGATGTAT,4.135265850010645
1811,0.1662272391235307,1__mutated,PertCortex_1_TGCGCAGAGTGCTGCC,3.5588745556431776
1812,0.36351214829873935,1__mutated,PertCortex_1_TGCGCAGAGTGGCACA,2.80154414833008
1813,0.13869744646714444,1__mutated,PertCortex_1_TGCGCAGCAAGCGTAG,4.164842873604145
1814,0.08125519915654209,1__mutated,PertCortex_1_TGCGCAGCACCAGATT,4.025310342963787
1815,0.13596841960768558,1__mutated,PertCortex_1_TGCGCAGGTTCACGGC,4.064410289647807
1816,0.10852373259513137,1__mutated,PertCortex_1_TGCGGGTTCAACGGGA,4.085123463744873
1817,0.4841177497149081,1__mutated,PertCortex_1_TGCGGGTTCATGTGGT,1.997539155587664
1818,0.17358705932768853,1__mutated,PertCortex_1_TGCGTGGAGATCCCAT,4.666545324415834
1819,0.21884087771121072,1__mutated,PertCortex_1_TGCGTGGAGTTCGCGC,4.695029288024479
1820,0.15488929368219717,1__mutated,PertCortex_1_TGCGTGGCAACGATCT,4.442805888833327
1821,0.18540141431050772,1__mutated,PertCortex_1_TGCTACCCATCGACGC,3.424687879030467
1822,0.10598591380729412,1__mutated,PertCortex_1_TGCTACCGTCCGTGAC,3.8150332630197905
1823,0.2674373563213367,1__mutated,PertCortex_1_TGCTACCGTTGGTTTG,4.104340034648882
1824,0.08423194953777163,1__mutated,PertCortex_1_TGCTGCTAGGCGATAC,4.483909258170444
1825,0.12808077649551788,1__mutated,PertCortex_1_TGCTGCTCAAAGCAAT,3.1539046983348613
1826,0.17517443205771246,1__mutated,PertCortex_1_TGCTGCTCAAGTCATC,4.527236118097535
1827,0.17988904748120915,1__mutated,PertCortex_1_TGGACGCCAAGCTGAG,3.5010341585157385
1828,0.1705267991166462,1__mutated,PertCortex_1_TGGACGCCAATGGACG,3.583521004909039
1829,0.15603841050727743,1__mutated,PertCortex_1_TGGACGCCATAGAAAC,2.776253058848142
1830,0.16788629431721563,1__mutated,PertCortex_1_TGGACGCCATCTGGTA,4.010777664890253
1831,0.257307638018173,1__mutated,PertCortex_1_TGGACGCTCAGTCCCT,3.0282043028639585
1832,0.25801107863326506,1__mutated,PertCortex_1_TGGCCAGGTATGCTTG,4.265422476072904
1833,0.6608140408530156,1__mutated,PertCortex_1_TGGCCAGTCATCGCTC,1.9657281988720852
1834,0.20591639022084385,1__mutated,PertCortex_1_TGGCGCAAGAGGTACC,3.2205827834186342
1835,0.09461139659564403,1__mutated,PertCortex_1_TGGCGCAAGTGAATTG,4.628794739227652
1836,0.06143194981833896,1__mutated,PertCortex_1_TGGCGCAGTAAGTGTA,3.8046583325881684
1837,0.19923115081973364,1__mutated,PertCortex_1_TGGCGCAGTAGAGCTG,4.557032347720005
1838,0.1246509305137909,1__mutated,PertCortex_1_TGGCGCAGTCAGTGGA,3.820902515660233
1839,0.1850378348710159,1__mutated,PertCortex_1_TGGCGCATCAACACAC,4.642088993093619
1840,0.4766351023798202,1__mutated,PertCortex_1_TGGCGCATCAACACTG,2.2521337489153166
1841,0.14146938196049821,1__mutated,PertCortex_1_TGGCGCATCAGGTAAA,4.538043400517292
1842,0.5198221324923816,1__mutated,PertCortex_1_TGGCGCATCTCAACTT,2.1615373047236246
1843,0.08298956652768945,1__mutated,PertCortex_1_TGGCGCATCTGTCAAG,3.713167321891228
1844,0.09201462630509526,1__mutated,PertCortex_1_TGGCTGGAGAAGCCCA,4.649003815340126
1845,0.11768877361818397,1__mutated,PertCortex_1_TGGCTGGCAAGGACTG,3.232923736147748
1846,0.14040897183706808,1__mutated,PertCortex_1_TGGCTGGTCACTATTC,3.6631626511480855
1847,0.21054608457425467,1__mutated,PertCortex_1_TGGGAAGCAATTCCTT,3.141185449454156
1848,0.1756757230321336,1__mutated,PertCortex_1_TGGGAAGCACTAAGTC,4.262695705958164
1849,0.24798672184740062,1__mutated,PertCortex_1_TGGGAAGCAGCCTTTC,3.2216340984934178
1850,0.17186843241916708,1__mutated,PertCortex_1_TGGGAAGGTAGCTTGT,3.615564668954594
1851,0.544657184498596,1__mutated,PertCortex_1_TGGGAAGGTTACGACT,2.4663107620765508
1852,0.16230549704675343,1__mutated,PertCortex_1_TGGGAAGTCAGAAATG,3.465602880407469
1853,0.10580267682920844,1__mutated,PertCortex_1_TGGGAAGTCATCACCC,5.885794241812327
1854,0.28291404295771033,1__mutated,PertCortex_1_TGGGAAGTCGAGCCCA,3.551253053713184
1855,0.06566656721934289,1__mutated,PertCortex_1_TGGGAAGTCTGCGTAA,4.083719405459965
1856,0.16585567755067973,1__mutated,PertCortex_1_TGGGCGTAGCCTCGTG,3.5139920863705805
1857,0.18980913481477604,1__mutated,PertCortex_1_TGGGCGTAGCGTTGCC,3.246967262588514
1858,0.0738966551534179,1__mutated,PertCortex_1_TGGGCGTGTCGGGTCT,4.248367048618871
1859,0.5491902392000646,1__mutated,PertCortex_1_TGGGCGTGTGCTGTAT,2.020779600164516
1860,0.18507867967798455,1__mutated,PertCortex_1_TGGGCGTTCCGGGTGT,3.960753816316974
1861,0.060076089365742415,1__mutated,PertCortex_1_TGGTTAGAGCTTCGCG,4.955094860686176
1862,0.099391564168481,1__mutated,PertCortex_1_TGGTTAGAGGGAACGG,3.7360769337407156
1863,0.31938902807624614,1__mutated,PertCortex_1_TGGTTAGCAACACGCC,2.638199076783973
1864,0.3123921395829901,1__mutated,PertCortex_1_TGGTTAGCACAGGAGT,2.903015899583992
1865,0.2707271531139555,1__mutated,PertCortex_1_TGGTTAGCACGGCTAC,2.3820043888346683
1866,0.07134671133016879,1__mutated,PertCortex_1_TGGTTAGCATGGTAGG,3.8771309117116517
1867,0.1367661926608907,1__mutated,PertCortex_1_TGGTTAGGTTATGTGC,4.602175761416169
1868,0.1699241848160282,1__mutated,PertCortex_1_TGGTTAGGTTGAACTC,4.963910190353645
1869,0.03485376226848066,1__mutated,PertCortex_1_TGGTTCCCAAGCCTAT,4.251008464864158
1870,0.13029139786533828,1__mutated,PertCortex_1_TGGTTCCCAGCATGAG,4.58567598554725
1871,0.5547841658703897,1__mutated,PertCortex_1_TGTATTCAGAGCAATT,2.6494379714485494
1872,0.14272928579124047,1__mutated,PertCortex_1_TGTATTCCAACTGGCC,3.9940222874262354
1873,0.1887123398202701,1__mutated,PertCortex_1_TGTATTCCATAAAGGT,3.378543377100621
1874,0.6493153752634985,1__mutated,PertCortex_1_TGTATTCGTGCACGAA,1.8327790738908374
1875,0.0484664935038305,1__mutated,PertCortex_1_TGTATTCGTTACCGAT,4.006214771313622
1876,0.037008978303786466,1__mutated,PertCortex_1_TGTATTCTCAATACCG,4.378164672740206
1877,0.16203442072751956,1__mutated,PertCortex_1_TGTATTCTCCGTTGCT,3.4024795531050502
1878,0.21254512567715983,1__mutated,PertCortex_1_TGTCCCAAGTAATCCC,3.151731042372557
1879,0.050915300739926166,1__mutated,PertCortex_1_TGTCCCACAAAGAATC,3.9572602802709507
1880,0.05239659267253131,1__mutated,PertCortex_1_TGTCCCACATACGCCG,4.077953271489614
1881,0.11542789375837398,1__mutated,PertCortex_1_TGTCCCAGTCGCATAT,4.722834108644617
1882,0.1834296535090724,1__mutated,PertCortex_1_TGTCCCAGTTCCACTC,2.115194880557192
1883,0.1558817929766702,1__mutated,PertCortex_1_TGTCCCATCAGTGTTG,5.075732653831964
1884,0.20858774418346515,1__mutated,PertCortex_1_TGTCCCATCTATGTGG,3.8520685900130904
1885,0.5882573656833956,1__mutated,PertCortex_1_TGTGGTAAGAAACCGC,1.9588989793300562
1886,0.18341535711791446,1__mutated,PertCortex_1_TGTGGTAGTCATACTG,3.5561115333210314
1887,0.10741519060272037,1__mutated,PertCortex_1_TGTGGTAGTGTGAAAT,4.815809507698461
1888,0.1397688896378589,1__mutated,PertCortex_1_TGTGGTATCATCGATG,3.9131434466638186
1889,0.5862175675145336,1__mutated,PertCortex_1_TGTGTTTAGCGTAGTG,2.2891410283307603
1890,0.3874701575956016,1__mutated,PertCortex_1_TGTGTTTAGCTTATCG,2.7185338637539394
1891,0.15057833461064396,1__mutated,PertCortex_1_TGTGTTTCAAGCGAGT,3.6394264059497963
1892,0.08703579880125727,1__mutated,PertCortex_1_TGTGTTTGTCCCTTGT,3.294470025074079
1893,0.08904964245461637,1__mutated,PertCortex_1_TGTGTTTTCTCCCTGA,4.395143028562059
1894,0.13908274576520874,1__mutated,PertCortex_1_TGTTCCGAGGCGATAC,4.040092753581384
1895,0.47356477182403206,1__mutated,PertCortex_1_TGTTCCGAGTGCGTGA,1.7194409779603153
1896,0.22938316782885648,1__mutated,PertCortex_1_TGTTCCGCAGGTCGTC,4.504248434526523
1897,0.1203911777610313,1__mutated,PertCortex_1_TGTTCCGGTGAGGGTT,5.367825261841772
1898,0.04876981219765056,1__mutated,PertCortex_1_TGTTCCGGTTAAGATG,3.8304085820551075
1899,0.14800377089040276,1__mutated,PertCortex_1_TGTTCCGTCAATAAGG,3.454578100180128
1900,0.1774690927514408,1__mutated,PertCortex_1_TTAACTCCAGTGGGAT,3.224835042069905
1901,0.09856355056405805,1__mutated,PertCortex_1_TTAACTCGTTCGTCTC,4.5171952017831085
1902,0.09281811728178281,1__mutated,PertCortex_1_TTAGGACGTATGAATG,3.9840232725900755
1903,0.4875513702454628,1__mutated,PertCortex_1_TTAGGACGTTCCGGCA,2.027973388094009
1904,0.1242593351960711,1__mutated,PertCortex_1_TTAGGCACACGTTGGC,4.210242485772478
1905,0.12759967610309353,1__mutated,PertCortex_1_TTAGGCATCTATGTGG,4.979177583066303
1906,0.11368749389266736,1__mutated,PertCortex_1_TTAGTTCAGCAGCGTA,2.73903051940958
1907,0.0548650938704797,1__mutated,PertCortex_1_TTAGTTCAGCGGATCA,3.9239144990823234
1908,0.22427184443614992,1__mutated,PertCortex_1_TTAGTTCAGCTGTCTA,3.880533280884073
1909,0.17906536375772905,1__mutated,PertCortex_1_TTAGTTCCAAGTTCTG,2.7131101293401843
1910,0.12528386194011584,1__mutated,PertCortex_1_TTAGTTCGTACAGTGG,4.272978418414533
1911,0.15234694550546143,1__mutated,PertCortex_1_TTAGTTCGTGTAACGG,3.8529470874640133
1912,0.031886296015181254,1__mutated,PertCortex_1_TTATGCTAGGGAACGG,3.7135947135965894
1913,0.25948473782175163,1__mutated,PertCortex_1_TTATGCTAGTGGGCTA,2.874983903925182
1914,0.22926775323967874,1__mutated,PertCortex_1_TTATGCTCAAACCTAC,3.1806114884655736
1915,0.1637709085403801,1__mutated,PertCortex_1_TTATGCTCATTATCTC,3.0360400571161437
1916,0.5659979266115467,1__mutated,PertCortex_1_TTATGCTTCCAGATCA,2.1022261348051465
1917,0.10930811238434951,1__mutated,PertCortex_1_TTCCCAGAGGGAACGG,4.1988966471715425
1918,0.05231099614458728,1__mutated,PertCortex_1_TTCCCAGCATACCATG,3.673886405151182
1919,0.09757557321909818,1__mutated,PertCortex_1_TTCCCAGCATCCTTGC,4.1996302718094904
1920,0.15910393111721458,1__mutated,PertCortex_1_TTCCCAGGTCTCTCGT,4.166285391544788
1921,0.11438799533327601,1__mutated,PertCortex_1_TTCCCAGGTCTGATCA,4.261659608763229
1922,0.2150912398231357,1__mutated,PertCortex_1_TTCCCAGTCATATCGG,2.9375331074018405
1923,0.20668456956689804,1__mutated,PertCortex_1_TTCGAAGAGAACTGTA,3.3213371651177943
1924,0.2392441046579827,1__mutated,PertCortex_1_TTCGAAGCATTTCAGG,3.0154350424453833
1925,0.18632733974886156,1__mutated,PertCortex_1_TTCGAAGGTAACGCGA,3.8028571197032335
1926,0.1622374027554773,1__mutated,PertCortex_1_TTCGAAGGTCCGTCAG,3.6559948630385315
1927,0.20799639022872057,1__mutated,PertCortex_1_TTCGAAGGTGAAAGAG,3.81003115022203
1928,0.14850920184436103,1__mutated,PertCortex_1_TTCGAAGTCAACGGCC,3.820081555797295
1929,0.048430340323882576,1__mutated,PertCortex_1_TTCGGTCAGCACCGCT,3.689052351029504
1930,0.6165766482134978,1__mutated,PertCortex_1_TTCGGTCCATCGGTTA,1.866976606131638
1931,0.20069125129578658,1__mutated,PertCortex_1_TTCGGTCGTCCGAATT,3.878944812674051
1932,0.1395661076973755,1__mutated,PertCortex_1_TTCGGTCTCATAGCAC,3.6504632365671226
1933,0.06203711622271877,1__mutated,PertCortex_1_TTCTACAAGAGTGACC,4.250061450391156
1934,0.08897940418042785,1__mutated,PertCortex_1_TTCTACAAGTCCAGGA,4.54876222258569
1935,0.1637195284977717,1__mutated,PertCortex_1_TTCTACACATACCATG,3.697423646990853
1936,0.4924785880806119,1__mutated,PertCortex_1_TTCTACATCAGGCCCA,1.7459247184515263
1937,0.20290716514801324,1__mutated,PertCortex_1_TTCTACATCGCCATAA,3.1945016690875385
1938,0.16845479844335773,1__mutated,PertCortex_1_TTCTACATCTCACATT,4.007245635817874
1939,0.15151683062719853,1__mutated,PertCortex_1_TTCTCAAGTCACTTCC,3.223804856091201
1940,0.4880287991004092,1__mutated,PertCortex_1_TTCTCAAGTTGGTGGA,2.2656643473011253
1941,0.20925541670617145,1__mutated,PertCortex_1_TTCTCAATCACTCCTG,3.5230926819425776
1942,0.1648982539383829,1__mutated,PertCortex_1_TTCTCAATCCCATTAT,4.606978478807587
1943,0.354150400929317,1__mutated,PertCortex_1_TTCTCAATCGGTCTAA,2.996882563539336
1944,0.16584129613475418,1__mutated,PertCortex_1_TTCTCAATCTAGCACA,3.992605289164032
1945,0.0605261728032169,1__mutated,PertCortex_1_TTCTCCTAGAGTACAT,4.277971010571357
1946,0.14750225053359173,1__mutated,PertCortex_1_TTCTCCTCACGAAATA,4.096466078452804
1947,0.161097948430889,1__mutated,PertCortex_1_TTCTCCTCATACAGCT,3.917317706983801
1948,0.24920911881123467,1__mutated,PertCortex_1_TTCTCCTTCACCGGGT,3.6005413931696606
1949,0.11665175848870045,1__mutated,PertCortex_1_TTCTCCTTCTGTCAAG,2.461585378656704
1950,0.0853801716039029,1__mutated,PertCortex_1_TTCTTAGGTACTCAAC,3.9828508369523123
1951,0.13430326609969523,1__mutated,PertCortex_1_TTCTTAGGTATAGGTA,3.978818298686948
1952,0.019216435233146797,1__mutated,PertCortex_1_TTCTTAGTCGCAAACT,4.416761927987398
1953,0.12345442590061173,1__mutated,PertCortex_1_TTGAACGCACAACTGT,4.2094789536357435
1954,0.15536209587918437,1__mutated,PertCortex_1_TTGAACGCAGCTGTAT,2.9866454006450476
1955,0.1080186205158482,1__mutated,PertCortex_1_TTGAACGTCAGCTTAG,3.2780858680833855
1956,0.056032555379945094,1__mutated,PertCortex_1_TTGAACGTCCAGAAGG,4.573730327174347
1957,0.21666624982516394,1__mutated,PertCortex_1_TTGACTTCACCTCGGA,3.5954904864580333
1958,0.07837330649931805,1__mutated,PertCortex_1_TTGACTTGTTCGCTAA,3.4257041608593957
1959,0.21377259080254407,1__mutated,PertCortex_1_TTGCCGTAGCTGAACG,3.2223446131758138
1960,0.16994270929617905,1__mutated,PertCortex_1_TTGCCGTCAACTGCGC,5.742828933356209
1961,0.07612721506705547,1__mutated,PertCortex_1_TTGCGTCGTAGAGCTG,4.888834086700157
1962,0.18005672760067234,1__mutated,PertCortex_1_TTGGAACAGAAGGACA,3.6035142539661233
1963,0.2170153206312706,1__mutated,PertCortex_1_TTGGAACCACTGAAGG,3.4798853395648712
1964,0.08876713972894668,1__mutated,PertCortex_1_TTGGAACGTCGCGAAA,3.957367968313543
1965,0.07339386752075464,1__mutated,PertCortex_1_TTGGAACTCGCAGGCT,4.113738907866411
1966,0.07019681682373499,1__mutated,PertCortex_1_TTGGAACTCGCCTGTT,4.267712290176165
1967,0.20059604717218207,1__mutated,PertCortex_1_TTGGCAACATCGATTG,3.1357292983198968
1968,0.17547774972046543,1__mutated,PertCortex_1_TTGGCAATCAATACCG,2.664425158735957
1969,0.14031345638943385,1__mutated,PertCortex_1_TTGTAGGGTAGCGTGA,4.252841025051399
1970,0.5830321381020187,1__mutated,PertCortex_1_TTGTAGGGTGATAAGT,2.2294305821648894
1971,0.18689644814385065,1__mutated,PertCortex_1_TTGTAGGTCTAGAGTC,3.620750354574234
1972,0.09097838766139105,1__mutated,PertCortex_1_TTGTAGGTCTTACCGC,3.192154904671021
1973,0.5903072383778616,1__mutated,PertCortex_1_TTGTAGGTCTTCGGTC,2.135809461279191
1974,0.14879015168268803,1__mutated,PertCortex_1_TTTACTGAGCTGTCTA,3.6508281457381657
1975,0.11860804021188648,1__mutated,PertCortex_1_TTTACTGAGTTCCACA,4.5905901079403995
1976,0.24170715905866288,1__mutated,PertCortex_1_TTTACTGCAAGGGTCA,3.017952355281023
1977,0.13122104656582975,1__mutated,PertCortex_1_TTTACTGCACGAAGCA,4.110880696855316
1978,0.6358568234132917,1__mutated,PertCortex_1_TTTACTGCAGCTATTG,2.0894762398202884
1979,0.5297763853264568,1__mutated,PertCortex_1_TTTACTGCAGGTTTCA,2.0033102173425323
1980,0.25952310884587687,1__mutated,PertCortex_1_TTTACTGCATATGAGA,2.8639031914421182
1981,0.07110513686420648,1__mutated,PertCortex_1_TTTACTGCATGCCCGA,4.376617025473899
1982,0.569479167503779,1__mutated,PertCortex_1_TTTACTGGTCCCTTGT,1.9661623014027325
1983,0.07205817710240706,1__mutated,PertCortex_1_TTTACTGGTTCGGGCT,4.354187223134666
1984,0.17513249440822287,1__mutated,PertCortex_1_TTTACTGTCAACACTG,3.597993771876718
1985,0.25898672857245886,1__mutated,PertCortex_1_TTTACTGTCACCTCGT,4.151378898870176
1986,0.18922300445665136,1__mutated,PertCortex_1_TTTACTGTCTGGTGTA,3.003155931954561
1987,0.04915819197305999,1__mutated,PertCortex_1_TTTATGCAGTCAAGGC,4.0925062682932705
1988,0.0665792902850449,1__mutated,PertCortex_1_TTTATGCGTTCAGTAC,3.9051851342875334
1989,0.4746345186525675,1__mutated,PertCortex_1_TTTATGCTCTAGAGTC,2.4963551664252206
1990,0.19048559273842822,1__mutated,PertCortex_1_TTTCCTCAGAGGTACC,3.298230591443227
1991,0.03781462011468613,1__mutated,PertCortex_1_TTTCCTCAGTACGTAA,3.5006725222668567
1992,0.09904354242649392,1__mutated,PertCortex_1_TTTCCTCCAAGCCGTC,4.429033161775373
1993,0.13119981726235655,1__mutated,PertCortex_1_TTTCCTCCAGTTTACG,4.894034591843721
1994,0.5999881659923832,1__mutated,PertCortex_1_TTTCCTCTCCTATTCA,2.065688862501294
1995,0.2342605305611727,1__mutated,PertCortex_1_TTTCCTCTCTTGAGAC,2.9469333926562586
1996,0.07145932328224248,1__mutated,PertCortex_1_TTTGCGCAGAAACCTA,3.6761888098444317
1997,0.5700391643201945,1__mutated,PertCortex_1_TTTGCGCAGCCCAGCT,2.397401917847061
1998,0.08664388622491619,1__mutated,PertCortex_1_TTTGCGCAGGAGCGAG,3.178662382867092
1999,0.5600834805134838,1__mutated,PertCortex_1_TTTGCGCCACTCTGTC,2.3819295773249434
2000,0.20296468611666962,1__mutated,PertCortex_1_TTTGCGCGTACTTCTT,4.322639277832126
2001,0.22627764323668093,1__mutated,PertCortex_1_TTTGCGCTCATCTGCC,2.968255962029587
2002,0.07926162924833818,1__mutated,PertCortex_1_TTTGGTTAGAGCTATA,4.061415314193489
2003,0.13190840522134206,1__mutated,PertCortex_1_TTTGGTTAGCGTGAAC,3.4945157132103075
2004,0.12976938224601822,1__mutated,PertCortex_1_TTTGGTTCAACACCCG,3.3176663457875875
2005,0.08403788473310098,1__mutated,PertCortex_1_TTTGGTTGTGAGTATA,3.851638861549366
2006,0.07042838675933519,1__mutated,PertCortex_1_TTTGTCAAGGCTATCT,4.68876200182221
2007,0.0905486805776816,1__mutated,PertCortex_1_TTTGTCATCCTTGACC,3.3561589469403152
2008,0.11107516297638038,1__mutated,PertCortex_1_TTTGTCATCGTAGATC,4.756397076674561
2009,0.2132017997542558,2__mutated,PertCortex_2_AAACCTGAGATGTAAC,4.1765894904964265
2010,0.1732507623236217,2__mutated,PertCortex_2_AAACCTGAGGCAGTCA,3.576040200565057
2011,0.14264431649629467,2__mutated,PertCortex_2_AAACCTGAGGTGCTTT,3.902624847264458
2012,0.14786092269560847,2__mutated,PertCortex_2_AAACCTGGTCGCGAAA,4.72638200801583
2013,0.1502839679092784,2__mutated,PertCortex_2_AAACCTGGTTGTACAC,4.287683055779046
2014,0.24976360116473706,2__mutated,PertCortex_2_AAACCTGTCTGCGGCA,4.036322419653264
2015,0.12463466642050308,2__mutated,PertCortex_2_AAACGGGAGACTACAA,4.3490585703099445
2016,0.6010059808458559,2__mutated,PertCortex_2_AAACGGGGTCGCGGTT,1.939514947211098
2017,0.3932766541107546,2__mutated,PertCortex_2_AAACGGGTCAGTCAGT,3.2211385862804356
2018,0.4444578054063611,2__mutated,PertCortex_2_AAACGGGTCTACTTAC,2.4553368644750746
2019,0.34595478652984746,2__mutated,PertCortex_2_AAAGCAACATACCATG,2.4327880121553447
2020,0.11045900351481881,2__mutated,PertCortex_2_AAAGCAACATCAGTAC,4.040961633939753
2021,0.26228133792277264,2__mutated,PertCortex_2_AAAGCAAGTCGACTGC,4.301537935614573
2022,0.1984325546933955,2__mutated,PertCortex_2_AAAGTAGAGTACACCT,4.222147186824483
2023,0.5057119909561477,2__mutated,PertCortex_2_AAAGTAGCAATCAGAA,3.123171517313464
2024,0.4626802004224901,2__mutated,PertCortex_2_AAATGCCAGCTAAACA,2.1211971617246217
2025,0.5384379299876677,2__mutated,PertCortex_2_AAATGCCAGGATCGCA,2.0555685631368386
2026,0.1826138234361697,2__mutated,PertCortex_2_AAATGCCCAGGCGATA,3.3471415975252667
2027,0.16373617741441152,2__mutated,PertCortex_2_AACACGTCAATGGACG,3.5518586913056587
2028,0.17193856642774294,2__mutated,PertCortex_2_AACACGTCACCCTATC,4.39438022463826
2029,0.5689654484910984,2__mutated,PertCortex_2_AACACGTGTACTTGAC,2.2133146275345985
2030,0.5897335421365753,2__mutated,PertCortex_2_AACACGTTCGCCCTTA,2.2862615548957166
2031,0.22268863765738964,2__mutated,PertCortex_2_AACCATGAGAGTCTGG,4.214976406121752
2032,0.12525702698726482,2__mutated,PertCortex_2_AACCATGAGTAATCCC,4.691642206287661
2033,0.20270929253040657,2__mutated,PertCortex_2_AACCATGAGTACACCT,4.445137511638771
2034,0.10781620224072126,2__mutated,PertCortex_2_AACCATGCAGTGACAG,4.670356039801262
2035,0.23884319427147044,2__mutated,PertCortex_2_AACCATGGTCCGCTGA,3.31472024966753
2036,0.11731174069356436,2__mutated,PertCortex_2_AACCATGTCTGCTTGC,4.637051821739546
2037,0.1826434856090211,2__mutated,PertCortex_2_AACCGCGAGAGACGAA,3.996004935742712
2038,0.19673474960830833,2__mutated,PertCortex_2_AACCGCGAGGCACATG,2.5063913330451006
2039,0.21345659749347867,2__mutated,PertCortex_2_AACCGCGCAGCTTAAC,3.78732784176804
2040,0.5672074698072759,2__mutated,PertCortex_2_AACCGCGGTCGAATCT,2.1855971843591733
2041,0.5336839188381853,2__mutated,PertCortex_2_AACCGCGTCATGCTCC,2.5116873866382923
2042,0.1274711413330649,2__mutated,PertCortex_2_AACGTTGAGACTAGGC,4.0506702490553375
2043,0.0797759055780586,2__mutated,PertCortex_2_AACGTTGCATGAGCGA,3.9166618658242607
2044,0.5583461481091372,2__mutated,PertCortex_2_AACGTTGTCAGGCGAA,2.0535316712289506
2045,0.6663444632441474,2__mutated,PertCortex_2_AACGTTGTCTGTGCAA,1.9659665339795416
2046,0.15823274010879962,2__mutated,PertCortex_2_AACTCAGAGCTCCTTC,3.065776912365163
2047,0.364836928976391,2__mutated,PertCortex_2_AACTCAGAGTACGACG,3.61819977268164
2048,0.17141363399131465,2__mutated,PertCortex_2_AACTCAGTCAAACCAC,3.271070179834217
2049,0.11006913943313383,2__mutated,PertCortex_2_AACTCCCCACCACCAG,4.6450439799084045
2050,0.2517236668940168,2__mutated,PertCortex_2_AACTCCCGTTCCAACA,3.330706674239662
2051,0.1734023389736594,2__mutated,PertCortex_2_AACTCCCTCGCCGTGA,3.8062247205708255
2052,0.17365358519259352,2__mutated,PertCortex_2_AACTCTTAGGAGTTGC,4.493834098337253
2053,0.5789432296200439,2__mutated,PertCortex_2_AACTCTTAGTAGGCCA,2.2165340222041263
2054,0.15194151413465187,2__mutated,PertCortex_2_AACTCTTAGTTAACGA,4.209062046890133
2055,0.11810480866302007,2__mutated,PertCortex_2_AACTCTTGTGGGTCAA,4.103478926761112
2056,0.15827286141497243,2__mutated,PertCortex_2_AACTGGTCATCGGTTA,4.001307537223788
2057,0.17456386355855066,2__mutated,PertCortex_2_AACTGGTGTGCGATAG,4.713815089214868
2058,0.15213883348941884,2__mutated,PertCortex_2_AACTGGTGTTAAGTAG,4.784106123192803
2059,0.6423419952721307,2__mutated,PertCortex_2_AACTGGTTCTTGCAAG,1.9155341404937116
2060,0.2697085058954604,2__mutated,PertCortex_2_AACTTTCAGAGACTTA,3.7550213534881425
2061,0.03489321650532345,2__mutated,PertCortex_2_AACTTTCCACCTCGTT,3.718290881342341
2062,0.273282865208893,2__mutated,PertCortex_2_AACTTTCCATGAACCT,3.0433777223751544
2063,0.06474771230970697,2__mutated,PertCortex_2_AACTTTCTCTCACATT,3.4109475858221314
2064,0.10768922663018045,2__mutated,PertCortex_2_AAGACCTAGTCCATAC,4.583964586484657
2065,0.18833041867531367,2__mutated,PertCortex_2_AAGACCTTCAACGGCC,4.085051412406178
2066,0.15664222557123123,2__mutated,PertCortex_2_AAGGAGCAGAAGGGTA,4.273169194363871
2067,0.14681027003030742,2__mutated,PertCortex_2_AAGGAGCAGCACCGCT,3.980830938603908
2068,0.23135661149765113,2__mutated,PertCortex_2_AAGGAGCCACTATCTT,3.7415004034879766
2069,0.35171558369630346,2__mutated,PertCortex_2_AAGGAGCCAGTGACAG,3.1715738379679044
2070,0.12298309159690705,2__mutated,PertCortex_2_AAGGAGCGTAAACCTC,4.14697259925453
2071,0.20019563132354315,2__mutated,PertCortex_2_AAGGCAGAGACATAAC,4.25391047880305
2072,0.3052079208125763,2__mutated,PertCortex_2_AAGGCAGAGAGGTTAT,3.3570631308970666
2073,0.2111605041413922,2__mutated,PertCortex_2_AAGGCAGAGCACAGGT,3.2512802276701955
2074,0.7000395668294795,2__mutated,PertCortex_2_AAGGCAGAGGATTCGG,1.728687365327517
2075,0.15437245641538766,2__mutated,PertCortex_2_AAGGCAGCAGCATACT,5.6720463732806055
2076,0.12352985111943432,2__mutated,PertCortex_2_AAGGCAGGTTGGTGGA,4.534162012146998
2077,0.1998570212907495,2__mutated,PertCortex_2_AAGGCAGTCCCTGACT,4.818281079512581
2078,0.12742819173983258,2__mutated,PertCortex_2_AAGGCAGTCTTTAGGG,4.39018341025104
2079,0.13988807664593808,2__mutated,PertCortex_2_AAGGTTCAGGATGGAA,3.852615300641938
2080,0.31297453837177736,2__mutated,PertCortex_2_AAGTCTGAGACCGGAT,3.994864336320227
2081,0.3475158417396516,2__mutated,PertCortex_2_AAGTCTGAGACGCTTT,3.802532435613593
2082,0.18693361950931398,2__mutated,PertCortex_2_AAGTCTGAGGTGATTA,4.492517774006675
2083,0.5490458103162926,2__mutated,PertCortex_2_AAGTCTGCACAGGTTT,2.5922122719971785
2084,0.06278912682188181,2__mutated,PertCortex_2_AAGTCTGTCAAACAAG,3.577741988129396
2085,0.16198496681369826,2__mutated,PertCortex_2_AAGTCTGTCACGATGT,4.304270716518805
2086,0.07936302333702083,2__mutated,PertCortex_2_AATCCAGTCATCGCTC,3.8274077512643077
2087,0.533481437330375,2__mutated,PertCortex_2_AATCGGTAGTGCGATG,2.027075999901785
2088,0.7798699270023464,2__mutated,PertCortex_2_AATCGGTAGTTGAGTA,1.4309449369497533
2089,0.6060724871975908,2__mutated,PertCortex_2_AATCGGTCAGAAGCAC,1.959154585075173
2090,0.34461127116910445,2__mutated,PertCortex_2_ACACCAACACGCATCG,2.2565070935569165
2091,0.605281356145384,2__mutated,PertCortex_2_ACACCAACAGGTGCCT,2.5079334240503033
2092,0.22500661060569582,2__mutated,PertCortex_2_ACACCAAGTTAAGTAG,3.274632086377567
2093,0.11211150221908862,2__mutated,PertCortex_2_ACACCAATCTTACCGC,4.211768871447086
2094,0.19928070300049472,2__mutated,PertCortex_2_ACACCCTGTAAGTTCC,4.1923041183905
2095,0.18192948099064044,2__mutated,PertCortex_2_ACACCGGAGTGAAGTT,4.569933747517877
2096,0.23701039288620407,2__mutated,PertCortex_2_ACACCGGCAACCGCCA,3.4451250382678547
2097,0.30116995617512754,2__mutated,PertCortex_2_ACACCGGCAGCTGCTG,2.2998031591057013
2098,0.139277955864977,2__mutated,PertCortex_2_ACACCGGTCAACGGCC,4.1589367284136785
2099,0.11257912801530341,2__mutated,PertCortex_2_ACACCGGTCCCTAACC,3.9323055409708134
2100,0.13285644931799023,2__mutated,PertCortex_2_ACACTGAAGGTGATAT,4.499044633802568
2101,0.6495761417032031,2__mutated,PertCortex_2_ACACTGAGTAAATACG,1.8233051229338257
2102,0.5945288045916732,2__mutated,PertCortex_2_ACACTGAGTATGCTTG,2.0741235459918514
2103,0.41447889948614547,2__mutated,PertCortex_2_ACACTGATCGGCCGAT,3.524622362730787
2104,0.14512870861498864,2__mutated,PertCortex_2_ACAGCCGAGAAGAAGC,3.0510018358179987
2105,0.6968323785134979,2__mutated,PertCortex_2_ACAGCCGCAAGCCGCT,1.8254803739743306
2106,0.13823004081245052,2__mutated,PertCortex_2_ACAGCCGCAGCTGTAT,3.6850923643192446
2107,0.23649999788331405,2__mutated,PertCortex_2_ACAGCCGCATTGCGGC,3.197041235100865
2108,0.23441698979918119,2__mutated,PertCortex_2_ACAGCCGTCACGCGGT,4.168779557312742
2109,0.7701420835047147,2__mutated,PertCortex_2_ACAGCTACAGCGTAAG,1.3837274277192004
2110,0.21046691030405063,2__mutated,PertCortex_2_ACAGCTATCACAATGC,4.432174567207156
2111,0.07968091025897031,2__mutated,PertCortex_2_ACAGCTATCGCTTGTC,4.259354628423267
2112,0.16208112635073502,2__mutated,PertCortex_2_ACAGCTATCTCGAGTA,3.388609420741562
2113,0.15126999507713945,2__mutated,PertCortex_2_ACATACGAGTAGTGCG,3.571136512866453
2114,0.5711327272684988,2__mutated,PertCortex_2_ACATACGGTATAGTAG,1.9899476068416415
2115,0.18627360961886436,2__mutated,PertCortex_2_ACATACGTCCACGTTC,4.293791941173157
2116,0.2705785822774075,2__mutated,PertCortex_2_ACATCAGCATCACCCT,2.81542078271901
2117,0.2180274455362436,2__mutated,PertCortex_2_ACATCAGGTACCGTTA,2.935101648750404
2118,0.06807301369772423,2__mutated,PertCortex_2_ACATCAGGTATCACCA,4.223561810505846
2119,0.699059738762132,2__mutated,PertCortex_2_ACATGGTAGACAAAGG,1.4580990986908686
2120,0.6906398277857204,2__mutated,PertCortex_2_ACATGGTGTGTGTGCC,1.5906487563394653
2121,0.18265074411923973,2__mutated,PertCortex_2_ACCAGTAAGGAGTACC,3.5969055173264777
2122,0.16833109486641284,2__mutated,PertCortex_2_ACCAGTAAGGGTGTGT,4.843894295786899
2123,0.5157158290678263,2__mutated,PertCortex_2_ACCAGTAAGTGTTAGA,2.5712655226062417
2124,0.2661203941312747,2__mutated,PertCortex_2_ACCAGTACAATAGCAA,5.248342873128275
2125,0.46958928016868323,2__mutated,PertCortex_2_ACCAGTACATCCAACA,3.359708709849687
2126,0.19436049331968852,2__mutated,PertCortex_2_ACCAGTAGTGAAGGCT,4.2308989198552895
2127,0.1565417277554126,2__mutated,PertCortex_2_ACCAGTATCCTGCAGG,4.580625888517661
2128,0.6412499303816191,2__mutated,PertCortex_2_ACCAGTATCTCAACTT,1.894555142105669
2129,0.5174853295580187,2__mutated,PertCortex_2_ACCCACTAGATACACA,2.689607696329383
2130,0.6554972646252428,2__mutated,PertCortex_2_ACCCACTCATACGCCG,2.234575770689985
2131,0.633055417290994,2__mutated,PertCortex_2_ACCCACTGTATGAATG,1.919199019824645
2132,0.0998175829578875,2__mutated,PertCortex_2_ACCCACTGTATTAGCC,2.927257111107894
2133,0.25318062826466103,2__mutated,PertCortex_2_ACCCACTTCATGCATG,3.337336041946051
2134,0.07404347169990666,2__mutated,PertCortex_2_ACCCACTTCGAATGGG,3.799559528433675
2135,0.18143095757402886,2__mutated,PertCortex_2_ACCGTAAAGTCCGTAT,4.0712658242607
2136,0.6921466712397344,2__mutated,PertCortex_2_ACCGTAACAAATACAG,1.6828272431896072
2137,0.08285438164960895,2__mutated,PertCortex_2_ACCGTAACACCCTATC,4.157432100292188
2138,0.2653112297839425,2__mutated,PertCortex_2_ACCGTAAGTAGAGGAA,3.5414502886817707
2139,0.6765243451244229,2__mutated,PertCortex_2_ACCGTAAGTCAGAATA,1.789790258863973
2140,0.14888463333201654,2__mutated,PertCortex_2_ACCGTAATCATTGCCC,4.36768521414582
2141,0.6038868354363187,2__mutated,PertCortex_2_ACCTTTAAGTGTGAAT,2.293100731696602
2142,0.1684361270179533,2__mutated,PertCortex_2_ACCTTTACAAAGTGCG,3.918580475954648
2143,0.3337979489536401,2__mutated,PertCortex_2_ACGAGCCTCCACTGGG,4.221931627601931
2144,0.5945722487893166,2__mutated,PertCortex_2_ACGAGGACAGCTCCGA,1.9543567853817003
2145,0.6010525885772392,2__mutated,PertCortex_2_ACGAGGACAGGTCCAC,1.7855481931709394
2146,0.24040777322175852,2__mutated,PertCortex_2_ACGAGGAGTTCGTGAT,3.9107478078111226
2147,0.12046552838565994,2__mutated,PertCortex_2_ACGATACGTAGGAGTC,4.391627691418033
2148,0.14832773739342212,2__mutated,PertCortex_2_ACGATACGTCTGCCAG,3.860949680513943
2149,0.7288540466465908,2__mutated,PertCortex_2_ACGATACGTGGCCCTA,1.3862014206013802
2150,0.14386785898089183,2__mutated,PertCortex_2_ACGATGTGTGTGCCTG,3.8003874763418324
2151,0.6471589225834997,2__mutated,PertCortex_2_ACGATGTTCGCGCCAA,1.925185352977012
2152,0.12853173920274216,2__mutated,PertCortex_2_ACGCAGCAGACAATAC,4.039270707740167
2153,0.27400742686172763,2__mutated,PertCortex_2_ACGCAGCTCGGCGCAT,4.054736568705661
2154,0.5696940295252871,2__mutated,PertCortex_2_ACGCCAGAGATCCCGC,2.3139833223171693
2155,0.1875841865304637,2__mutated,PertCortex_2_ACGCCGAAGAGCTGGT,3.3309860342147313
2156,0.6405888645552766,2__mutated,PertCortex_2_ACGCCGAAGCCGGTAA,1.590470130899886
2157,0.16835931256105555,2__mutated,PertCortex_2_ACGCCGAAGTGTACTC,4.413214739186468
2158,0.6099690386365368,2__mutated,PertCortex_2_ACGGAGAAGGCGACAT,2.1968755519943257
2159,0.6606716746422664,2__mutated,PertCortex_2_ACGGAGAAGGTCGGAT,1.6779485797894798
2160,0.12881646604453095,2__mutated,PertCortex_2_ACGGAGATCCGCAGTG,4.3232427617442335
2161,0.5411139255996832,2__mutated,PertCortex_2_ACGGAGATCTTGTCAT,2.187507747411515
2162,0.060248118003593636,2__mutated,PertCortex_2_ACGGCCAAGGTGCTTT,3.5681964402471507
2163,0.1210005534876164,2__mutated,PertCortex_2_ACGGCCACACACGCTG,4.057301348823432
2164,0.5715519801859598,2__mutated,PertCortex_2_ACGGCCACAGAGTGTG,2.353970736388216
2165,0.7081410601280614,2__mutated,PertCortex_2_ACGGCCAGTGACGGTA,1.4976999652789245
2166,0.6635951610653367,2__mutated,PertCortex_2_ACGGGCTAGAGTGAGA,1.7304009099242963
2167,0.43223829571478656,2__mutated,PertCortex_2_ACGGGCTAGATCTGAA,3.5488687589729535
2168,0.5368778238097411,2__mutated,PertCortex_2_ACGGGCTAGCTAGTTC,2.232388187176631
2169,0.12411020626855258,2__mutated,PertCortex_2_ACGGGCTGTAGCCTAT,4.817292061390423
2170,0.3318092149334216,2__mutated,PertCortex_2_ACGGGCTGTGATGATA,3.0431798039153737
2171,0.1312286744854754,2__mutated,PertCortex_2_ACGGGTCAGTCGAGTG,4.462958174855652
2172,0.15462993900452907,2__mutated,PertCortex_2_ACGGGTCAGTGGCACA,4.106613047791592
2173,0.09373837317323401,2__mutated,PertCortex_2_ACGGGTCCAGATCCAT,4.498318548915815
2174,0.3497085379094983,2__mutated,PertCortex_2_ACGGGTCCAGCTATTG,3.503738965462576
2175,0.24787006549495613,2__mutated,PertCortex_2_ACGGGTCTCATTCACT,3.506673316385434
2176,0.14277163960762104,2__mutated,PertCortex_2_ACGTCAAAGTGAACGC,4.600925695490986
2177,0.084865019198548,2__mutated,PertCortex_2_ACGTCAACACCGTTGG,4.062393204233839
2178,0.12903931167711385,2__mutated,PertCortex_2_ACGTCAACATCACAAC,3.7343952036189685
2179,0.6423649771695147,2__mutated,PertCortex_2_ACGTCAAGTGAAATCA,1.7890568119180987
2180,0.6518380719582074,2__mutated,PertCortex_2_ACGTCAATCGGCATCG,2.2167282653029723
2181,0.35023136543464944,2__mutated,PertCortex_2_ACGTCAATCTCATTCA,4.068216820395471
2182,0.702967636730506,2__mutated,PertCortex_2_ACTATCTCAAAGCGGT,1.5216453190778743
2183,0.20423838018396992,2__mutated,PertCortex_2_ACTATCTCACAGAGGT,3.6788379358179455
2184,0.5748781015670976,2__mutated,PertCortex_2_ACTATCTCACTGTTAG,2.610105910962812
2185,0.25079055605699685,2__mutated,PertCortex_2_ACTATCTGTCACACGC,3.1339874243894843
2186,0.27980875353720186,2__mutated,PertCortex_2_ACTGAACAGATCGATA,4.948563499978074
2187,0.09931355440047254,2__mutated,PertCortex_2_ACTGAACAGGACCACA,4.80024127562958
2188,0.21383046373581857,2__mutated,PertCortex_2_ACTGAACAGGTAAACT,3.1880983905183076
2189,0.1258864224770428,2__mutated,PertCortex_2_ACTGAACGTTAAGGGC,4.498012715678197
2190,0.1768627839642261,2__mutated,PertCortex_2_ACTGAACTCAACACAC,2.6099837661790724
2191,0.17740512665259503,2__mutated,PertCortex_2_ACTGAACTCGTAGATC,4.145752770291139
2192,0.10141374080651717,2__mutated,PertCortex_2_ACTGAGTCAAACGCGA,3.611996387471798
2193,0.16790510890541838,2__mutated,PertCortex_2_ACTGAGTCAGCTGTTA,4.041368973813733
2194,0.6093435509729966,2__mutated,PertCortex_2_ACTGAGTCATACAGCT,2.030514227715277
2195,0.12665833714774377,2__mutated,PertCortex_2_ACTGAGTGTATCTGCA,4.567028802747489
2196,0.5235939560662022,2__mutated,PertCortex_2_ACTGAGTTCAAAGTAG,2.4517297736978234
2197,0.16640159765873605,2__mutated,PertCortex_2_ACTGATGAGTCGCCGT,2.765105154228718
2198,0.09799577365053479,2__mutated,PertCortex_2_ACTGATGGTACTTCTT,3.9648182137489183
2199,0.1451172977737454,2__mutated,PertCortex_2_ACTGATGTCGCTTGTC,4.613833573937214
2200,0.608957570121166,2__mutated,PertCortex_2_ACTGCTCCATGATCCA,2.2180545503795934
2201,0.06305111913758923,2__mutated,PertCortex_2_ACTGCTCCATTAACCG,4.31929560124355
2202,0.4934756226835657,2__mutated,PertCortex_2_ACTGTCCAGGCTAGAC,2.3218293803248424
2203,0.6289975401982701,2__mutated,PertCortex_2_ACTGTCCCACGTCAGC,2.0932548946383926
2204,0.07155429741449368,2__mutated,PertCortex_2_ACTGTCCTCATTCACT,4.103411183203922
2205,0.23109484729032986,2__mutated,PertCortex_2_ACTGTCCTCCGTAGGC,3.662923588963273
2206,0.5725418411526849,2__mutated,PertCortex_2_ACTTACTGTTCCATGA,2.1671225935297826
2207,0.19215799518967797,2__mutated,PertCortex_2_ACTTTCAAGTCACGCC,4.366509885236257
2208,0.1828177036209213,2__mutated,PertCortex_2_ACTTTCAGTTGATTGC,4.257317656812227
2209,0.2363722487586145,2__mutated,PertCortex_2_ACTTTCAGTTGCCTCT,4.31923957528901
2210,0.5748989289448202,2__mutated,PertCortex_2_AGAATAGCAGCGATCC,2.1810342520372394
2211,0.6862691951664046,2__mutated,PertCortex_2_AGAATAGCAGGTCTCG,1.5600415502805747
2212,0.6652820720675939,2__mutated,PertCortex_2_AGAATAGGTCGGATCC,1.664713933767293
2213,0.5843635816160423,2__mutated,PertCortex_2_AGAATAGGTCTCATCC,2.1207729156011856
2214,0.22077381141362573,2__mutated,PertCortex_2_AGAATAGGTTCGTTGA,4.300100024431245
2215,0.5930517014053398,2__mutated,PertCortex_2_AGAATAGTCGTCTGAA,2.049945294539335
2216,0.4899255576716003,2__mutated,PertCortex_2_AGACGTTAGTGAATTG,2.591646648245923
2217,0.14729549371229728,2__mutated,PertCortex_2_AGACGTTCAAAGAATC,3.166814016733324
2218,0.20673444437621713,2__mutated,PertCortex_2_AGACGTTCAGTCAGCC,3.581516320808262
2219,0.28507207297388126,2__mutated,PertCortex_2_AGACGTTTCAGAGGTG,3.1576153448986624
2220,0.1942050166586372,2__mutated,PertCortex_2_AGACGTTTCTTGCATT,3.7307397753798304
2221,0.14718604962687598,2__mutated,PertCortex_2_AGAGCGAAGTAACCCT,4.057014158486161
2222,0.48583865504624,2__mutated,PertCortex_2_AGAGCGAAGTACCGGA,2.0626294861434915
2223,0.5212603370791785,2__mutated,PertCortex_2_AGAGCGACATTATCTC,3.1482116551443613
2224,0.16304513693255018,2__mutated,PertCortex_2_AGAGCTTAGACGCAAC,4.336963308819355
2225,0.19819102046034018,2__mutated,PertCortex_2_AGAGCTTTCTTTAGTC,3.3080062686475635
2226,0.20835240157443322,2__mutated,PertCortex_2_AGAGTGGCAGCTGCTG,3.5267169312406277
2227,0.17481127900327872,2__mutated,PertCortex_2_AGAGTGGCAGGCTGAA,3.96981283500863
2228,0.14058058534735718,2__mutated,PertCortex_2_AGAGTGGCAGTAAGAT,4.524336881878222
2229,0.23140396335205823,2__mutated,PertCortex_2_AGAGTGGGTGTGAATA,3.0030522997874125
2230,0.10517991093969871,2__mutated,PertCortex_2_AGAGTGGTCCGTAGTA,5.017680070899761
2231,0.15883631176970114,2__mutated,PertCortex_2_AGAGTGGTCCTCAATT,4.1875182630247
2232,0.18953258982869392,2__mutated,PertCortex_2_AGATCTGAGGATGGTC,3.9254635737084285
2233,0.5839147549587913,2__mutated,PertCortex_2_AGATCTGGTAGAAGGA,2.11827136510807
2234,0.2638140429920411,2__mutated,PertCortex_2_AGATCTGTCGGATGTT,3.2219558764063487
2235,0.62000544866593,2__mutated,PertCortex_2_AGATTGCAGTGTCCCG,2.136608601694677
2236,0.7037732688356523,2__mutated,PertCortex_2_AGATTGCCAAAGAATC,1.6816020187087055
2237,0.16025064093324184,2__mutated,PertCortex_2_AGATTGCCAAGCCTAT,4.586268169080915
2238,0.4444001052230817,2__mutated,PertCortex_2_AGATTGCCACACTGCG,2.979572070715277
2239,0.1378255126596476,2__mutated,PertCortex_2_AGATTGCCACATCCAA,4.159211507885144
2240,0.2174730760755406,2__mutated,PertCortex_2_AGATTGCGTGACGCCT,4.44200102639186
2241,0.12742309305219765,2__mutated,PertCortex_2_AGATTGCGTGGCAAAC,4.613554287848016
2242,0.6419807486310185,2__mutated,PertCortex_2_AGCAGCCCAACAACCT,1.881070971347532
2243,0.2676238155867724,2__mutated,PertCortex_2_AGCAGCCTCCGTTGCT,4.546437394865267
2244,0.7098508273203155,2__mutated,PertCortex_2_AGCATACAGACAAGCC,1.516204182074137
2245,0.1979705591760813,2__mutated,PertCortex_2_AGCATACAGTACGTTC,4.505490025329882
2246,0.5138952358734808,2__mutated,PertCortex_2_AGCATACCACGCCAGT,3.053709883797679
2247,0.2488444095088636,2__mutated,PertCortex_2_AGCATACCAGGATCGA,3.2993154368078432
2248,0.661821333471242,2__mutated,PertCortex_2_AGCATACCATGTTCCC,1.994623068812924
2249,0.13025194909524146,2__mutated,PertCortex_2_AGCATACGTACTCAAC,4.018622261728163
2250,0.18932022230890216,2__mutated,PertCortex_2_AGCATACGTCCGACGT,4.149069643018354
2251,0.598068940634626,2__mutated,PertCortex_2_AGCCTAACAAGACGTG,2.0960227854144087
2252,0.5323412980474527,2__mutated,PertCortex_2_AGCCTAACAGACGCAA,2.528029697355585
2253,0.6328326284460329,2__mutated,PertCortex_2_AGCCTAACAGGATCGA,1.9540424707250081
2254,0.1065371875152891,2__mutated,PertCortex_2_AGCCTAAGTAGTACCT,4.878627655714696
2255,0.546651099847683,2__mutated,PertCortex_2_AGCCTAATCCTCGCAT,2.2295696979349215
2256,0.13320378706243394,2__mutated,PertCortex_2_AGCCTAATCGCGTAGC,4.375067796652035
2257,0.5645674825320848,2__mutated,PertCortex_2_AGCCTAATCTTTAGTC,1.9005059700421858
2258,0.5596565572191241,2__mutated,PertCortex_2_AGCGGTCAGGAGTCTG,2.278751125034833
2259,0.19906274090669532,2__mutated,PertCortex_2_AGCGGTCCACGCTTTC,4.444316443422799
2260,0.18046078319040704,2__mutated,PertCortex_2_AGCGTATAGTACCGGA,5.819269839309815
2261,0.08532362772726118,2__mutated,PertCortex_2_AGCGTATCATTTCAGG,3.514427582582637
2262,0.15659967950873696,2__mutated,PertCortex_2_AGCGTATGTACATGTC,3.83853405646959
2263,0.6491963679145949,2__mutated,PertCortex_2_AGCGTATGTAGAAGGA,1.758702735357606
2264,0.09877247488115445,2__mutated,PertCortex_2_AGCGTATGTAGCAAAT,4.712278256819884
2265,0.7612597575556939,2__mutated,PertCortex_2_AGCGTATTCATCGGAT,1.4651085068279381
2266,0.6365466222319889,2__mutated,PertCortex_2_AGCGTATTCCCTGACT,1.7361733975474778
2267,0.22632089913523276,2__mutated,PertCortex_2_AGCGTATTCTTCATGT,4.350218173410452
2268,0.5696523587460643,2__mutated,PertCortex_2_AGCGTCGAGTGCGTGA,2.5923021342625874
2269,0.20790550133367477,2__mutated,PertCortex_2_AGCGTCGGTGCCTGCA,4.380497981695162
2270,0.1903385914343155,2__mutated,PertCortex_2_AGCTCCTAGTGTTTGC,4.862693819233341
2271,0.1457755830596004,2__mutated,PertCortex_2_AGCTCCTGTAGCTCCG,4.373159012691446
2272,0.25775228070392214,2__mutated,PertCortex_2_AGCTCCTGTCTCTTAT,3.239056707590266
2273,0.35634404676514553,2__mutated,PertCortex_2_AGCTCCTGTTCGTTGA,3.2617543885609592
2274,0.16931243334538754,2__mutated,PertCortex_2_AGCTCCTGTTGCGTTA,4.896419720007054
2275,0.1467090544040143,2__mutated,PertCortex_2_AGCTCTCAGAAACCTA,4.0765097763822356
2276,0.24992474110042598,2__mutated,PertCortex_2_AGCTCTCAGAGTAAGG,3.7207926480833766
2277,0.5079485883982547,2__mutated,PertCortex_2_AGCTCTCAGAGTGACC,2.6811356744325194
2278,0.06649879384517839,2__mutated,PertCortex_2_AGCTCTCAGGGAACGG,4.279576348498774
2279,0.5309673488577107,2__mutated,PertCortex_2_AGCTCTCAGTATTGGA,2.471831657902573
2280,0.23879390479378532,2__mutated,PertCortex_2_AGCTCTCCAATCTGCA,3.5242738510085974
2281,0.1372616466317417,2__mutated,PertCortex_2_AGCTTGACAGATGGGT,3.3731009168798156
2282,0.11398878028809048,2__mutated,PertCortex_2_AGCTTGAGTAGCGTGA,4.362839130446757
2283,0.12624713211889824,2__mutated,PertCortex_2_AGCTTGAGTCAATACC,4.137947975696285
2284,0.28334230194446375,2__mutated,PertCortex_2_AGCTTGATCCAACCAA,3.0553154431420033
2285,0.6550823873813413,2__mutated,PertCortex_2_AGCTTGATCCACTGGG,1.998629107479929
2286,0.7358300910080664,2__mutated,PertCortex_2_AGCTTGATCCTCTAGC,1.5493636189385798
2287,0.13130693699286491,2__mutated,PertCortex_2_AGCTTGATCGTTACGA,5.3678259225145855
2288,0.2515049595204221,2__mutated,PertCortex_2_AGGCCACAGCGTGAGT,3.5619389060204316
2289,0.6555057799669578,2__mutated,PertCortex_2_AGGCCACAGGCGTACA,1.8679106158765513
2290,0.15143844817843582,2__mutated,PertCortex_2_AGGCCACCATGGGACA,3.95161869580448
2291,0.6495729028732362,2__mutated,PertCortex_2_AGGCCACTCAAGGCTT,1.626339494628986
2292,0.14494705638568695,2__mutated,PertCortex_2_AGGCCACTCCCTAACC,5.028352988893012
2293,0.6125400801703554,2__mutated,PertCortex_2_AGGCCGTGTATCAGTC,1.963387973029711
2294,0.10967081043613343,2__mutated,PertCortex_2_AGGCCGTTCGAATGGG,4.2286793422007865
2295,0.6145859324672591,2__mutated,PertCortex_2_AGGGAGTAGGATGTAT,2.1027818228706456
2296,0.6334655011872022,2__mutated,PertCortex_2_AGGGAGTCACGTCAGC,1.991031248996122
2297,0.1730770690318356,2__mutated,PertCortex_2_AGGGAGTTCGCACTCT,3.5493556606018477
2298,0.1297517366579142,2__mutated,PertCortex_2_AGGGATGCATCGTCGG,3.7092534244301736
2299,0.6719257180254572,2__mutated,PertCortex_2_AGGGTGAAGATCGATA,1.7089628209325698
2300,0.13790393726801653,2__mutated,PertCortex_2_AGGTCATAGGCAAAGA,4.635165987770458
2301,0.12988612329450708,2__mutated,PertCortex_2_AGGTCATCACGCGAAA,4.032308002157524
2302,0.18820449091723818,2__mutated,PertCortex_2_AGGTCATGTTCAGACT,4.367831511678809
2303,0.15110950620646604,2__mutated,PertCortex_2_AGGTCATTCGTTACAG,5.149005580194523
2304,0.2192195542030972,2__mutated,PertCortex_2_AGGTCATTCTTCAACT,3.3392911470571107
2305,0.15462841862057952,2__mutated,PertCortex_2_AGGTCCGCATCTCGCT,4.887022414230187
2306,0.30084031768954345,2__mutated,PertCortex_2_AGGTCCGGTTCCGGCA,3.798200734466082
2307,0.518707593874309,2__mutated,PertCortex_2_AGTAGTCAGTACGTAA,2.18609472916642
2308,0.5806108373671932,2__mutated,PertCortex_2_AGTAGTCGTATGAAAC,2.674426079316163
2309,0.24028131646279335,2__mutated,PertCortex_2_AGTAGTCGTCTTGATG,3.56978594343818
2310,0.1484695947719933,2__mutated,PertCortex_2_AGTCTTTAGCTAAGAT,4.737582550762445
2311,0.6036475048171713,2__mutated,PertCortex_2_AGTCTTTAGTTTGCGT,1.9716195102045253
2312,0.2058949077052111,2__mutated,PertCortex_2_AGTCTTTGTCTTTCAT,3.03083742175052
2313,0.604972910106499,2__mutated,PertCortex_2_AGTCTTTTCACGATGT,2.2205130929642736
2314,0.6937044502223937,2__mutated,PertCortex_2_AGTGAGGAGATAGTCA,1.646940540691834
2315,0.18981955833079583,2__mutated,PertCortex_2_AGTGAGGAGCTGGAAC,4.1701060203865685
2316,0.6100701752684701,2__mutated,PertCortex_2_AGTGAGGCATGACGGA,1.9974873385120941
2317,0.2927980793870611,2__mutated,PertCortex_2_AGTGGGAAGATACACA,3.8045303245917377
2318,0.36603364751355066,2__mutated,PertCortex_2_AGTGGGAGTGTTCGAT,2.1848989527889606
2319,0.22576090247761094,2__mutated,PertCortex_2_AGTGGGATCGGGAGTA,3.4138032054963086
2320,0.1370532034332466,2__mutated,PertCortex_2_AGTGTCAAGGTGACCA,4.001190865520653
2321,0.19535939972833946,2__mutated,PertCortex_2_AGTGTCACATGCCACG,3.9378862265401193
2322,0.6484540031028861,2__mutated,PertCortex_2_AGTTGGTAGGGATACC,2.075904484542283
2323,0.16474220291985128,2__mutated,PertCortex_2_AGTTGGTTCGTTTGCC,3.000022520220019
2324,0.23276083238979645,2__mutated,PertCortex_2_AGTTGGTTCTGGAGCC,2.9109521962719427
2325,0.5786703463587339,2__mutated,PertCortex_2_ATAACGCAGAAGGACA,2.0433674147565
2326,0.12894864523102656,2__mutated,PertCortex_2_ATAACGCGTCCGTTAA,4.431910751178262
2327,0.14611739023588868,2__mutated,PertCortex_2_ATAACGCGTCGCATAT,4.893199611680495
2328,0.14794609064390046,2__mutated,PertCortex_2_ATAACGCGTCTAGCGC,4.255562919197462
2329,0.5565699166785463,2__mutated,PertCortex_2_ATAACGCGTTCACGGC,2.545843072640855
2330,0.5927911979302839,2__mutated,PertCortex_2_ATAAGAGCACAGGTTT,2.1323849988579924
2331,0.18285867287372712,2__mutated,PertCortex_2_ATAAGAGCACGAGAGT,4.798896248441065
2332,0.2718600475921762,2__mutated,PertCortex_2_ATAAGAGCATCTGGTA,3.907766992418464
2333,0.22734305179099137,2__mutated,PertCortex_2_ATAAGAGGTCAAAGCG,4.50006307307709
2334,0.28417187164068786,2__mutated,PertCortex_2_ATAAGAGTCACTCTTA,4.434776579375923
2335,0.30162941958070655,2__mutated,PertCortex_2_ATAAGAGTCCGCTGTT,3.2863041618350195
2336,0.18893114262382088,2__mutated,PertCortex_2_ATAGACCAGGATGCGT,4.481516417827546
2337,0.1306914458619982,2__mutated,PertCortex_2_ATAGACCAGTGTACCT,5.37464335287502
2338,0.1733736934211547,2__mutated,PertCortex_2_ATAGACCCAGCTATTG,5.136639883630787
2339,0.15189474223237623,2__mutated,PertCortex_2_ATAGACCGTAGTGAAT,4.460560950648289
2340,0.7078822513669657,2__mutated,PertCortex_2_ATAGACCGTCAAAGCG,1.564454185167708
2341,0.15227649190582151,2__mutated,PertCortex_2_ATAGACCGTCGTCTTC,3.2625395777589214
2342,0.6033234920306005,2__mutated,PertCortex_2_ATCACGAAGCTAAACA,2.016339563488024
2343,0.3034244504551205,2__mutated,PertCortex_2_ATCACGAAGCTGCGAA,3.1185722065122152
2344,0.2476269470644807,2__mutated,PertCortex_2_ATCACGACAAAGCAAT,3.53140370539231
2345,0.10641352397919755,2__mutated,PertCortex_2_ATCACGAGTAGCGTAG,4.314019226294184
2346,0.626964013930643,2__mutated,PertCortex_2_ATCACGATCCATGAAC,1.7883590952431423
2347,0.15576690455005887,2__mutated,PertCortex_2_ATCATCTAGGCTACGA,3.4537000853533373
2348,0.6107816977698065,2__mutated,PertCortex_2_ATCATCTGTTACGTCA,2.228829116281145
2349,0.14928506761487834,2__mutated,PertCortex_2_ATCATGGCATCGATTG,3.6747393399754253
2350,0.27721774719303616,2__mutated,PertCortex_2_ATCATGGGTCGAGTTT,4.141421845622956
2351,0.0838725326126998,2__mutated,PertCortex_2_ATCATGGTCTACTCAT,3.8738774622508236
2352,0.16383164146453422,2__mutated,PertCortex_2_ATCATGGTCTGCGACG,4.378168129750329
2353,0.14574334626518592,2__mutated,PertCortex_2_ATCCACCCATCGATGT,4.787796407654327
2354,0.4024996294597646,2__mutated,PertCortex_2_ATCCACCGTCGAAAGC,3.4777754325337065
2355,0.520224756541343,2__mutated,PertCortex_2_ATCCGAACAGTCGATT,2.420379283051965
2356,0.6066658795316529,2__mutated,PertCortex_2_ATCCGAAGTGGTACAG,2.142773168052281
2357,0.1314870418851156,2__mutated,PertCortex_2_ATCGAGTAGATGTTAG,4.596041868134666
2358,0.15648568122939352,2__mutated,PertCortex_2_ATCGAGTCAAGCCCAC,4.625709139572004
2359,0.682754999752033,2__mutated,PertCortex_2_ATCTACTAGACCTAGG,1.6320383643597536
2360,0.5809361094085809,2__mutated,PertCortex_2_ATCTACTCAAACTGTC,2.05519145442228
2361,0.1874121218001969,2__mutated,PertCortex_2_ATCTACTCACCGGAAA,4.504852618950059
2362,0.35161741599632546,2__mutated,PertCortex_2_ATCTACTCATACGCCG,3.4944169563124516
2363,0.22211902809207543,2__mutated,PertCortex_2_ATCTACTGTCTACCTC,4.142756272037241
2364,0.18407980387925124,2__mutated,PertCortex_2_ATCTGCCAGCAGCGTA,4.727182414396209
2365,0.27804375994466013,2__mutated,PertCortex_2_ATCTGCCAGGCGACAT,4.104225482700517
2366,0.15347557256949207,2__mutated,PertCortex_2_ATCTGCCAGTGCGATG,3.967357995967387
2367,0.2153687641707422,2__mutated,PertCortex_2_ATCTGCCCAGACAGGT,2.3107561484578905
2368,0.2202158718654114,2__mutated,PertCortex_2_ATCTGCCCAGCTCCGA,4.681968362301472
2369,0.18247654850738113,2__mutated,PertCortex_2_ATCTGCCGTCCCTACT,4.288631971450163
2370,0.5197558513199586,2__mutated,PertCortex_2_ATGAGGGAGCTTATCG,2.1620672360524402
2371,0.5958248481134673,2__mutated,PertCortex_2_ATGAGGGTCACAATGC,1.9302883385059595
2372,0.1218274387218757,2__mutated,PertCortex_2_ATGAGGGTCACATAGC,4.4777020889449295
2373,0.1255017223222783,2__mutated,PertCortex_2_ATGAGGGTCATGTCCC,5.4543822013200645
2374,0.1169377268798636,2__mutated,PertCortex_2_ATGAGGGTCCGCATAA,4.511336099181757
2375,0.2757834835386006,2__mutated,PertCortex_2_ATGCGATGTACGCACC,2.9880817283824372
2376,0.4531545519429328,2__mutated,PertCortex_2_ATGGGAGAGGGATGGG,2.3041650373346876
2377,0.5544929940779842,2__mutated,PertCortex_2_ATGGGAGCACCACGTG,2.093724318677908
2378,0.38130561173964295,2__mutated,PertCortex_2_ATGGGAGGTCTCGTTC,1.9958312691272673
2379,0.1799678799138214,2__mutated,PertCortex_2_ATGTGTGCACTGTTAG,4.373672767965312
2380,0.5189960107920119,2__mutated,PertCortex_2_ATGTGTGGTTGATTCG,2.2261418239210515
2381,0.5098087930939824,2__mutated,PertCortex_2_ATTACTCAGGTGCAAC,2.129217043059172
2382,0.1960980532552445,2__mutated,PertCortex_2_ATTCTACAGAGGTAGA,4.530085927373141
2383,0.14438537538174798,2__mutated,PertCortex_2_ATTCTACAGTCGAGTG,4.402824598724365
2384,0.5981938026071174,2__mutated,PertCortex_2_ATTCTACGTCTGATCA,2.0054060320085156
2385,0.5243193391684552,2__mutated,PertCortex_2_ATTCTACGTGTAAGTA,2.3918273237320693
2386,0.12906101454046043,2__mutated,PertCortex_2_ATTCTACTCAGAGGTG,4.641885812382265
2387,0.15211322192445367,2__mutated,PertCortex_2_ATTCTACTCGGAAACG,3.6272396328772665
2388,0.6443587994361566,2__mutated,PertCortex_2_ATTCTACTCTGTCAAG,1.6973814723617178
2389,0.444079970323886,2__mutated,PertCortex_2_ATTGGACCACGGCGTT,3.567115729182756
2390,0.7300187532209057,2__mutated,PertCortex_2_ATTGGACGTTAAGAAC,1.3833901983458854
2391,0.15390842162384658,2__mutated,PertCortex_2_ATTGGACTCATGCAAC,3.567743562879401
2392,0.167482958748146,2__mutated,PertCortex_2_ATTGGTGGTCGCCATG,3.256228205293577
2393,0.19045943115579564,2__mutated,PertCortex_2_ATTGGTGTCTATCCCG,4.7333063889277
2394,0.4697859239930345,2__mutated,PertCortex_2_ATTGGTGTCTCTAAGG,2.334334832152497
2395,0.08224547254711968,2__mutated,PertCortex_2_ATTGGTGTCTTACCGC,5.216349839863409
2396,0.15837035368095165,2__mutated,PertCortex_2_ATTTCTGGTAGCTCCG,3.277564441257758
2397,0.6447359534142618,2__mutated,PertCortex_2_ATTTCTGGTCTAACGT,1.7824277784917608
2398,0.16786307110356208,2__mutated,PertCortex_2_CAACCAACAGTCCTTC,4.440713925085558
2399,0.14187577389244974,2__mutated,PertCortex_2_CAACCAACAGTTTACG,4.9716318038846765
2400,0.1263172969452479,2__mutated,PertCortex_2_CAACCAAGTCAAAGAT,4.542165889302396
2401,0.583414714379827,2__mutated,PertCortex_2_CAACCTCGTCAGCTAT,2.134657458479165
2402,0.17258565199743484,2__mutated,PertCortex_2_CAACCTCGTTCCACGG,4.669406303482985
2403,0.20131023935209977,2__mutated,PertCortex_2_CAACCTCTCGGGAGTA,4.294418149981307
2404,0.6153694372251801,2__mutated,PertCortex_2_CAACTAGAGTTTAGGA,1.8659275507924666
2405,0.14207295146677404,2__mutated,PertCortex_2_CAAGAAAAGAAACCGC,4.0897846242201155
2406,0.19679479362826943,2__mutated,PertCortex_2_CAAGAAACAAGCGATG,3.9271441112924035
2407,0.3362322523420869,2__mutated,PertCortex_2_CAAGAAAGTCATTAGC,4.233464837148428
2408,0.09425469201603959,2__mutated,PertCortex_2_CAAGAAAGTCTTGCGG,3.7000109701198327
2409,0.33418312564062064,2__mutated,PertCortex_2_CAAGAAATCCATTCTA,3.7198520634146788
2410,0.13523264050322062,2__mutated,PertCortex_2_CAAGAAATCCTCGCAT,4.604230559210352
2411,0.5350758351492516,2__mutated,PertCortex_2_CAAGATCAGTGGGCTA,2.1912089387089786
2412,0.18441233423290074,2__mutated,PertCortex_2_CAAGATCGTCCAAGTT,4.735934031641042
2413,0.23529052413841875,2__mutated,PertCortex_2_CAAGATCGTCTCATCC,4.421681768397902
2414,0.495634986542696,2__mutated,PertCortex_2_CAAGATCTCATAACCG,2.691673774841684
2415,0.27558757596264755,2__mutated,PertCortex_2_CAAGATCTCCCAACGG,3.1530327681272294
2416,0.22493875724202284,2__mutated,PertCortex_2_CAAGATCTCTGCTGTC,3.166397205121996
2417,0.24824226174578534,2__mutated,PertCortex_2_CAAGGCCAGAGTAAGG,3.588827476353744
2418,0.14592867727393785,2__mutated,PertCortex_2_CAAGGCCCATTATCTC,4.863270135390507
2419,0.0645442100780907,2__mutated,PertCortex_2_CAAGGCCGTCACACGC,3.982758507373781
2420,0.6724225672275226,2__mutated,PertCortex_2_CAAGGCCGTCTAGCCG,1.666079836273705
2421,0.13783032544040197,2__mutated,PertCortex_2_CAAGGCCTCTTGCCGT,4.541841870318503
2422,0.24114978378215282,2__mutated,PertCortex_2_CAAGTTGAGAGCTTCT,4.177234870383563
2423,0.03895362953928749,2__mutated,PertCortex_2_CAAGTTGAGTGCGATG,4.19576526535082
2424,0.744125772209764,2__mutated,PertCortex_2_CAAGTTGCAGCTGGCT,1.6608024010123417
2425,0.22654746692612146,2__mutated,PertCortex_2_CAAGTTGGTATCGCAT,3.3594275254728707
2426,0.14380908374458556,2__mutated,PertCortex_2_CAAGTTGGTTGACGTT,4.1521183382885
2427,0.12945616290478168,2__mutated,PertCortex_2_CAAGTTGTCGTGACAT,5.01226689422832
2428,0.13344597510544234,2__mutated,PertCortex_2_CACAAACGTAAGGGCT,5.4706719602603275
2429,0.11333211062475092,2__mutated,PertCortex_2_CACAAACGTGTGCCTG,3.480793951430475
2430,0.26599431058195844,2__mutated,PertCortex_2_CACAAACTCTAACTGG,3.92137272846064
2431,0.6430952256214008,2__mutated,PertCortex_2_CACACAAAGAGGGCTT,1.6753274686398094
2432,0.07022882258298234,2__mutated,PertCortex_2_CACACAACATGAGCGA,4.634835876492039
2433,0.2521325810070466,2__mutated,PertCortex_2_CACACAAGTAAGAGGA,3.4408926354776592
2434,0.16870088660247443,2__mutated,PertCortex_2_CACACAAGTACCTACA,4.091681180433009
2435,0.11529410602487125,2__mutated,PertCortex_2_CACACAAGTCAGAATA,3.882166987636346
2436,0.1668506769399035,2__mutated,PertCortex_2_CACACAATCCAAAGTC,4.5213799377806145
2437,0.0869698901335069,2__mutated,PertCortex_2_CACACAATCTGCGACG,5.566892681700743
2438,0.22300357985367542,2__mutated,PertCortex_2_CACACCTAGATGCCAG,4.259669061666937
2439,0.18302718325901143,2__mutated,PertCortex_2_CACACCTCACGAAATA,4.456912746143033
2440,0.5164958047800544,2__mutated,PertCortex_2_CACACCTCACTGTGTA,2.840933164674043
2441,0.1879531070692477,2__mutated,PertCortex_2_CACACCTTCCGCGGTA,4.574011345942832
2442,0.07582913279961391,2__mutated,PertCortex_2_CACACTCAGGAGTACC,4.5343470122480465
2443,0.1468501283870416,2__mutated,PertCortex_2_CACACTCGTTAAGTAG,3.505292837339997
2444,0.6096269502521656,2__mutated,PertCortex_2_CACAGGCTCCGAAGAG,2.0037741099196755
2445,0.07825448713549418,2__mutated,PertCortex_2_CACAGTAAGGCACATG,4.612557156087327
2446,0.07090407285550816,2__mutated,PertCortex_2_CACAGTACAGTCCTTC,4.768469564375279
2447,0.19276971909892177,2__mutated,PertCortex_2_CACAGTATCTCAAACG,4.167266235258214
2448,0.13859231310671785,2__mutated,PertCortex_2_CACATAGAGAAGGGTA,4.8347218709950806
2449,0.06949848369528581,2__mutated,PertCortex_2_CACATAGAGACAATAC,5.103426132505014
2450,0.14967738978587786,2__mutated,PertCortex_2_CACATAGAGGGTTTCT,5.2437284796756956
2451,0.12860237678725195,2__mutated,PertCortex_2_CACATAGTCAGCGATT,4.1893470274849625
2452,0.25142879819525366,2__mutated,PertCortex_2_CACATTTAGTAGATGT,3.9686782577877926
2453,0.6328526889860223,2__mutated,PertCortex_2_CACATTTAGTAGTGCG,1.8712866507800139
2454,0.15160065872794332,2__mutated,PertCortex_2_CACATTTCACTAGTAC,4.330939799010064
2455,0.27563871176196447,2__mutated,PertCortex_2_CACATTTTCCTTTCGG,3.2223711082836797
2456,0.21001879514318866,2__mutated,PertCortex_2_CACATTTTCGGTCTAA,4.375489303486622
2457,0.68305287434196,2__mutated,PertCortex_2_CACATTTTCTGCCAGG,1.8842365025829824
2458,0.6482230653160466,2__mutated,PertCortex_2_CACCACTAGCGATAGC,2.0205957874331792
2459,0.1600980764938645,2__mutated,PertCortex_2_CACCACTCAAGCCGTC,4.190142596747873
2460,0.18868323455629235,2__mutated,PertCortex_2_CACCAGGAGCGCTTAT,4.21085446775112
2461,0.19854162004704673,2__mutated,PertCortex_2_CACCAGGGTAAGGGCT,4.07829527859274
2462,0.23725202987656316,2__mutated,PertCortex_2_CACCTTGAGCTAACTC,4.004359763346631
2463,0.6281751477448471,2__mutated,PertCortex_2_CACCTTGAGGCGCTCT,1.8329258791337593
2464,0.5634594052053497,2__mutated,PertCortex_2_CACCTTGAGGGTGTTG,1.9348199230471248
2465,0.5681348839566761,2__mutated,PertCortex_2_CACCTTGGTTCCGGCA,2.154388397338562
2466,0.1715479724136402,2__mutated,PertCortex_2_CACTCCAAGACACTAA,4.559304109709848
2467,0.08391743085817463,2__mutated,PertCortex_2_CACTCCAAGCAAATCA,3.8772570403946465
2468,0.10198536233263754,2__mutated,PertCortex_2_CACTCCACACTGTTAG,5.06134279204556
2469,0.11975165924263902,2__mutated,PertCortex_2_CACTCCACATGTCGAT,3.908289992166705
2470,0.30299644884821353,2__mutated,PertCortex_2_CAGAATCCATATGCTG,2.9987407256942737
2471,0.6593889650399877,2__mutated,PertCortex_2_CAGAATCGTTGGGACA,1.809055516110996
2472,0.14931266535723348,2__mutated,PertCortex_2_CAGAATCTCTTGTACT,4.115741115961713
2473,0.5903207596019506,2__mutated,PertCortex_2_CAGAGAGAGTGCTGCC,2.095732977044954
2474,0.6982282818090095,2__mutated,PertCortex_2_CAGAGAGTCTTGTACT,1.6785584823340316
2475,0.651571621486192,2__mutated,PertCortex_2_CAGATCAAGCCACGTC,2.1223728409107845
2476,0.5380636030546271,2__mutated,PertCortex_2_CAGATCAAGCGTCTAT,2.51458190263077
2477,0.007966217199774936,2__mutated,PertCortex_2_CAGATCACAAGACGTG,4.30356845819096
2478,0.1749068701898332,2__mutated,PertCortex_2_CAGATCACAGCCACCA,3.9655962259136723
2479,0.10289665212250533,2__mutated,PertCortex_2_CAGATCACATGAAGTA,3.646138783413594
2480,0.13186810838724294,2__mutated,PertCortex_2_CAGATCAGTAAGTGTA,2.3963348733621546
2481,0.6180505726139239,2__mutated,PertCortex_2_CAGATCAGTCACTGGC,1.8029867840091325
2482,0.17723940249587708,2__mutated,PertCortex_2_CAGATCAGTTTACTCT,4.477367270916005
2483,0.15587794251301082,2__mutated,PertCortex_2_CAGCAGCGTAAGGATT,4.220862343961966
2484,0.5406353421356836,2__mutated,PertCortex_2_CAGCAGCTCCACGTGG,2.211118234110393
2485,0.12516153548458567,2__mutated,PertCortex_2_CAGCAGCTCTGATACG,4.0589447273832695
2486,0.5617533504853819,2__mutated,PertCortex_2_CAGCAGCTCTGCTGCT,2.236103817819182
2487,0.17421567004041463,2__mutated,PertCortex_2_CAGCATAAGGCAGTCA,4.356907294600049
2488,0.3481100984380153,2__mutated,PertCortex_2_CAGCATACACTAAGTC,3.1640440042965947
2489,0.17919369597451243,2__mutated,PertCortex_2_CAGCATACAGATGGCA,4.557235297848321
2490,0.07141208898506013,2__mutated,PertCortex_2_CAGCATACAGTCTTCC,4.195868148120363
2491,0.40304966038826373,2__mutated,PertCortex_2_CAGCCGACAAGGACTG,4.363047928787982
2492,0.1477972865986711,2__mutated,PertCortex_2_CAGCCGACAGGACGTA,4.698176579540899
2493,0.3669614423092367,2__mutated,PertCortex_2_CAGCCGATCACTGGGC,2.811933150289986
2494,0.16720188889641943,2__mutated,PertCortex_2_CAGCGACAGCGTAGTG,4.189748452223084
2495,0.18966155793172063,2__mutated,PertCortex_2_CAGCGACCATTTCAGG,4.319985730549231
2496,0.2836087113629499,2__mutated,PertCortex_2_CAGCGACGTAGAGTGC,3.4141509007297066
2497,0.21428675383536364,2__mutated,PertCortex_2_CAGCGACTCAGAGCTT,3.03254319272677
2498,0.6019391707963946,2__mutated,PertCortex_2_CAGCTAAAGTGCGTGA,2.1370574262361295
2499,0.21243271381614964,2__mutated,PertCortex_2_CAGCTAACAAGCGAGT,3.239044293293104
2500,0.17935633958218672,2__mutated,PertCortex_2_CAGGTGCAGTTTGCGT,4.161305488244786
2501,0.19652553237098463,2__mutated,PertCortex_2_CAGGTGCGTGACCAAG,4.019703659233081
2502,0.11464294324488482,2__mutated,PertCortex_2_CAGTAACAGCTGCCCA,2.8342858374504205
2503,0.11668424846263237,2__mutated,PertCortex_2_CAGTAACAGGCATGGT,4.176948908215798
2504,0.6163358734406336,2__mutated,PertCortex_2_CAGTAACAGTCTCCTC,2.186079359751799
2505,0.1849074413348334,2__mutated,PertCortex_2_CAGTAACTCCATGCTC,3.1519436951164725
2506,0.6801373350307481,2__mutated,PertCortex_2_CAGTCCTCAACTGCTA,1.6072075028839776
2507,0.1920847914104936,2__mutated,PertCortex_2_CAGTCCTGTGACTCAT,3.7719285998072305
2508,0.1645008378178784,2__mutated,PertCortex_2_CAGTCCTTCCGCGGTA,4.357641301210269
2509,0.45680386527268513,2__mutated,PertCortex_2_CATATGGAGAAGGTGA,2.027000349498809
2510,0.28678494095351353,2__mutated,PertCortex_2_CATATGGCACACATGT,3.6994023509944354
2511,0.6250844215093428,2__mutated,PertCortex_2_CATATGGCATGTAAGA,2.3096079241694634
2512,0.10259889420299452,2__mutated,PertCortex_2_CATATGGGTAGCGATG,3.6849778509372904
2513,0.11810877646852926,2__mutated,PertCortex_2_CATATGGGTCCGAAGA,4.180880334346506
2514,0.6873922104214706,2__mutated,PertCortex_2_CATATTCAGGCTAGGT,1.7500438284288298
2515,0.5387825123436764,2__mutated,PertCortex_2_CATATTCGTACCCAAT,2.368051390534959
2516,0.6141808262594507,2__mutated,PertCortex_2_CATCAAGCAACGATGG,1.861292809180172
2517,0.5856349692948907,2__mutated,PertCortex_2_CATCAAGGTAAGTGTA,2.1317289783122835
2518,0.6626542673157804,2__mutated,PertCortex_2_CATCAAGGTATCGCAT,1.6190409658153762
2519,0.2143224414934954,2__mutated,PertCortex_2_CATCAAGGTCGGCATC,3.661791671199713
2520,0.6579522053626855,2__mutated,PertCortex_2_CATCAAGGTCTGCGGT,1.7425803247035179
2521,0.2202493710944263,2__mutated,PertCortex_2_CATCAAGTCACGCGGT,5.22941602119576
2522,0.4306523865359425,2__mutated,PertCortex_2_CATCAAGTCTATGTGG,3.304650636517438
2523,0.6742973798697534,2__mutated,PertCortex_2_CATCAGACAGACGCCT,1.5686588685911944
2524,0.6892489960560313,2__mutated,PertCortex_2_CATCAGAGTATCACCA,1.7212184293678687
2525,0.3386145596659096,2__mutated,PertCortex_2_CATCCACAGTGCCATT,2.6609432443645646
2526,0.33119776797311185,2__mutated,PertCortex_2_CATCCACTCGGTGTTA,4.534847500251789
2527,0.12080960842130808,2__mutated,PertCortex_2_CATCGAAGTAAGGGAA,4.866954395034801
2528,0.19864579066372567,2__mutated,PertCortex_2_CATCGAATCGCGTAGC,4.449546991842406
2529,0.11422232147237808,2__mutated,PertCortex_2_CATCGGGAGGAATTAC,4.987274834742827
2530,0.16342273393823298,2__mutated,PertCortex_2_CATCGGGAGGCTAGAC,4.45762647760276
2531,0.5977216766728682,2__mutated,PertCortex_2_CATCGGGGTCGCATCG,2.2217640211169463
2532,0.6293621695086625,2__mutated,PertCortex_2_CATCGGGTCCATTCTA,1.9150777914552932
2533,0.18059526936058287,2__mutated,PertCortex_2_CATGACAAGTGAACAT,4.4691230260082895
2534,0.1756965856994628,2__mutated,PertCortex_2_CATGACACAAACCTAC,3.605976884289578
2535,0.09613653274322456,2__mutated,PertCortex_2_CATGACACAGTATGCT,4.115214628566587
2536,0.13422146525304174,2__mutated,PertCortex_2_CATGACACATCACCCT,3.984856888455851
2537,0.5961181797417209,2__mutated,PertCortex_2_CATGACACATGTCGAT,1.9244903207009243
2538,0.16354988210328864,2__mutated,PertCortex_2_CATGACAGTTACCGAT,4.851937028138653
2539,0.202953973044556,2__mutated,PertCortex_2_CATGACATCAGTTTGG,4.416951248839423
2540,0.2991944598762194,2__mutated,PertCortex_2_CATGCCTGTCTAGGTT,3.964804100080785
2541,0.6070877607793873,2__mutated,PertCortex_2_CATGCCTGTCTAGTGT,2.2718179269577847
2542,0.5257013960391802,2__mutated,PertCortex_2_CATGCCTGTGTAACGG,2.304385500724083
2543,0.26687112868252694,2__mutated,PertCortex_2_CATGCCTTCGGGAGTA,4.4741788351399725
2544,0.7078420316128966,2__mutated,PertCortex_2_CATGCCTTCTGGCGTG,1.4786953623397812
2545,0.1870108418805392,2__mutated,PertCortex_2_CATGGCGCAAAGGCGT,2.9599258295812687
2546,0.5398461204818457,2__mutated,PertCortex_2_CATGGCGGTTTCCACC,1.8929958403919782
2547,0.16614189179502492,2__mutated,PertCortex_2_CATTATCGTCAAAGCG,3.804017745422407
2548,0.04699509582920528,2__mutated,PertCortex_2_CATTATCGTCACACGC,4.017601482504282
2549,0.15802385047302075,2__mutated,PertCortex_2_CATTATCGTCCGTCAG,4.409122765642397
2550,0.6053688617639258,2__mutated,PertCortex_2_CATTATCTCATGGTCA,2.256880723931468
2551,0.09483194778617236,2__mutated,PertCortex_2_CATTATCTCCAGTATG,3.670098250941248
2552,0.603795557775641,2__mutated,PertCortex_2_CATTATCTCCTTTACA,1.9653877399602535
2553,0.12083794009826056,2__mutated,PertCortex_2_CATTCGCCAGATTGCT,3.984763065315037
2554,0.16518026937370078,2__mutated,PertCortex_2_CATTCGCTCACCGGGT,4.670842450800581
2555,0.5988966869021884,2__mutated,PertCortex_2_CCAATCCAGGCATGTG,1.9988600289316503
2556,0.19106280630474612,2__mutated,PertCortex_2_CCAATCCCAATCAGAA,4.251474331333833
2557,0.1663232396885461,2__mutated,PertCortex_2_CCAATCCCACTAGTAC,4.2260771569974125
2558,0.14771917614802982,2__mutated,PertCortex_2_CCAATCCGTCTGATTG,4.42538289018211
2559,0.41890739281450196,2__mutated,PertCortex_2_CCACCTACAGCTGTGC,3.8079662217406494
2560,0.3120460072408848,2__mutated,PertCortex_2_CCACCTACATGTAGTC,2.316544710530723
2561,0.13565262392329352,2__mutated,PertCortex_2_CCACCTAGTCGCGGTT,4.441279741108809
2562,0.625699297468456,2__mutated,PertCortex_2_CCACCTAGTTACGTCA,1.9930658477255239
2563,0.5090250650876599,2__mutated,PertCortex_2_CCACCTAGTTTACTCT,2.2374566036205152
2564,0.5602055278068959,2__mutated,PertCortex_2_CCACCTATCACTCCTG,2.491840733978339
2565,0.49460703709911463,2__mutated,PertCortex_2_CCACGGACAAAGCAAT,2.1048205871497743
2566,0.6181953338434385,2__mutated,PertCortex_2_CCACGGAGTCATATGC,2.443564415870559
2567,0.16583304502616164,2__mutated,PertCortex_2_CCACGGAGTCCAGTTA,4.306982889847463
2568,0.5802849510352692,2__mutated,PertCortex_2_CCACGGATCGTCTGAA,2.1020021520375693
2569,0.5295038268889722,2__mutated,PertCortex_2_CCACGGATCTGCGGCA,2.444534214538643
2570,0.278966788985008,2__mutated,PertCortex_2_CCACTACAGCCCTAAT,3.2589511613041755
2571,0.12859223444432144,2__mutated,PertCortex_2_CCACTACAGCTAAACA,4.048333970771469
2572,0.1275904367264975,2__mutated,PertCortex_2_CCACTACGTCGAACAG,4.514085786057256
2573,0.26648904053759437,2__mutated,PertCortex_2_CCACTACTCCATGAGT,3.663306492010539
2574,0.1892454933129129,2__mutated,PertCortex_2_CCACTACTCCTTGACC,3.6024012246266355
2575,0.5870135261268481,2__mutated,PertCortex_2_CCAGCGACAGATGGCA,2.37961400647631
2576,0.2558365854583938,2__mutated,PertCortex_2_CCAGCGACAGGTGGAT,3.1019545064349434
2577,0.6833245303793465,2__mutated,PertCortex_2_CCAGCGACATTTGCTT,1.5334075838679493
2578,0.189571241077125,2__mutated,PertCortex_2_CCAGCGAGTAAGAGAG,4.3532890276764595
2579,0.15184695477529056,2__mutated,PertCortex_2_CCAGCGAGTGCCTGCA,3.6595206542134378
2580,0.2005573943601666,2__mutated,PertCortex_2_CCAGCGAGTGTAACGG,4.980508598571548
2581,0.3319055426512913,2__mutated,PertCortex_2_CCAGCGATCCCACTTG,3.3801858474829625
2582,0.1770624365913137,2__mutated,PertCortex_2_CCAGCGATCGCGGATC,4.328745656757261
2583,0.679020281001526,2__mutated,PertCortex_2_CCATGTCAGTCACGCC,1.8616278720461223
2584,0.1564263464433093,2__mutated,PertCortex_2_CCATGTCGTAGCGTAG,4.6006614333109015
2585,0.2570810036495652,2__mutated,PertCortex_2_CCATGTCTCTATCCCG,3.3066021706319515
2586,0.2069115029567739,2__mutated,PertCortex_2_CCATTCGAGACGCACA,4.6141964965580105
2587,0.32480723543511764,2__mutated,PertCortex_2_CCATTCGTCACTGGGC,3.3928314552599512
2588,0.5150834210916322,2__mutated,PertCortex_2_CCCAATCGTCACCCAG,2.2730396652571483
2589,0.2353012215970106,2__mutated,PertCortex_2_CCCAGTTCAAGCCATT,4.737751189435632
2590,0.12862409944965233,2__mutated,PertCortex_2_CCCAGTTCAGATGAGC,4.950811810262319
2591,0.21227866710492635,2__mutated,PertCortex_2_CCCATACCAACCGCCA,4.241665055442188
2592,0.1569699287911049,2__mutated,PertCortex_2_CCCATACGTCATGCAT,3.4972547413363553
2593,0.48484990000567463,2__mutated,PertCortex_2_CCCATACTCCCTTGCA,2.5132704459059005
2594,0.1411081069741474,2__mutated,PertCortex_2_CCCTCCTAGAGGGCTT,4.073008264442829
2595,0.4690558493939005,2__mutated,PertCortex_2_CCCTCCTGTGTGACCC,2.2191041168221104
2596,0.626845912087548,2__mutated,PertCortex_2_CCGGGATAGCTACCTA,2.009774606832019
2597,0.11034030424297646,2__mutated,PertCortex_2_CCGGTAGCAAGCCATT,3.5427647494678784
2598,0.12889801172457985,2__mutated,PertCortex_2_CCGTACTAGAAAGTGG,4.579512666455774
2599,0.4933663658436668,2__mutated,PertCortex_2_CCGTACTAGTGAAGTT,2.3829361386193595
2600,0.06462703452970837,2__mutated,PertCortex_2_CCGTACTCAGGTCCAC,4.411127185788059
2601,0.10201544473370587,2__mutated,PertCortex_2_CCGTACTTCATAGCAC,3.715688150199094
2602,0.559619866026986,2__mutated,PertCortex_2_CCGTACTTCGCGTTTC,1.922099994886099
2603,0.6851866215391853,2__mutated,PertCortex_2_CCGTACTTCTAAGCCA,1.674383750376714
2604,0.6056055021954059,2__mutated,PertCortex_2_CCGTGGACACAGAGGT,2.2045576563829252
2605,0.6166462172036095,2__mutated,PertCortex_2_CCGTGGACATCGACGC,2.0090194897332196
2606,0.5260253572621298,2__mutated,PertCortex_2_CCGTGGACATCTACGA,2.507795893215477
2607,0.16109695160469512,2__mutated,PertCortex_2_CCGTTCAAGACATAAC,4.178709349923857
2608,0.23922546439229794,2__mutated,PertCortex_2_CCGTTCAAGATCGATA,3.44377000337166
2609,0.5109156321611334,2__mutated,PertCortex_2_CCGTTCAGTGCGGTAA,2.111697348542623
2610,0.322553046265296,2__mutated,PertCortex_2_CCTAAAGAGCCCAACC,3.8651255292115643
2611,0.1863910238814265,2__mutated,PertCortex_2_CCTAAAGGTCCGTTAA,4.554562195274444
2612,0.14507809513793626,2__mutated,PertCortex_2_CCTACACAGCCATCGC,5.300835964607117
2613,0.4556502746895419,2__mutated,PertCortex_2_CCTACACGTTACAGAA,2.485446219406219
2614,0.27852329466291553,2__mutated,PertCortex_2_CCTACCAAGACAGGCT,1.9389179712484248
2615,0.20816758348952413,2__mutated,PertCortex_2_CCTACCACAAGACACG,3.482974823717631
2616,0.19468903947811786,2__mutated,PertCortex_2_CCTAGCTCACACATGT,4.334263210773302
2617,0.20728871469701238,2__mutated,PertCortex_2_CCTAGCTCATCTCGCT,5.495907132606269
2618,0.5164469340076442,2__mutated,PertCortex_2_CCTAGCTGTATGCTTG,2.421908109343158
2619,0.22771986866029262,2__mutated,PertCortex_2_CCTAGCTGTTAAAGTG,3.71859688884996
2620,0.0954173807278172,2__mutated,PertCortex_2_CCTAGCTTCGAACGGA,4.357098554895172
2621,0.3167619734096014,2__mutated,PertCortex_2_CCTATTAAGATGTCGG,3.1487466129110286
2622,0.0532206285214338,2__mutated,PertCortex_2_CCTATTAAGCCGCCTA,4.363526269947923
2623,0.1787351750245882,2__mutated,PertCortex_2_CCTATTAAGGGATGGG,4.695313106992831
2624,0.5854043074559175,2__mutated,PertCortex_2_CCTATTAAGTAATCCC,1.9561295333491315
2625,0.6748229775463526,2__mutated,PertCortex_2_CCTATTACATGAGCGA,1.864832517207581
2626,0.23953226491598822,2__mutated,PertCortex_2_CCTATTAGTCTAACGT,4.451201118963035
2627,0.15123314581212535,2__mutated,PertCortex_2_CCTATTAGTCTAGTCA,4.523922631768557
2628,0.6252334151185901,2__mutated,PertCortex_2_CCTATTATCTCTAGGA,2.1562033090452215
2629,0.23774063454289068,2__mutated,PertCortex_2_CCTCAGTAGATGGGTC,3.6646992299578702
2630,0.6869888033985293,2__mutated,PertCortex_2_CCTCAGTCATGTCCTC,1.635221096685867
2631,0.07773010783098015,2__mutated,PertCortex_2_CCTCAGTGTCAATACC,3.974392184775141
2632,0.20684184895895574,2__mutated,PertCortex_2_CCTCAGTGTCTTGTCC,4.529423200457112
2633,0.2968567592221928,2__mutated,PertCortex_2_CCTCAGTGTTCCACAA,3.1069961017359575
2634,0.19649074776480685,2__mutated,PertCortex_2_CCTCTGAAGGCTAGAC,3.3523013285666683
2635,0.1458873048466478,2__mutated,PertCortex_2_CCTCTGACATACCATG,4.1847159178398865
2636,0.5905829483841238,2__mutated,PertCortex_2_CCTTACGAGTGAATTG,1.867191290364428
2637,0.40274507763365563,2__mutated,PertCortex_2_CCTTACGCACAGATTC,2.5397226278639837
2638,0.6900601374438021,2__mutated,PertCortex_2_CCTTACGGTCATATCG,1.7162947341357977
2639,0.1479156734316864,2__mutated,PertCortex_2_CCTTACGTCATCTGCC,3.928072609056391
2640,0.4989367798582907,2__mutated,PertCortex_2_CCTTCCCAGGGTATCG,3.004703663531527
2641,0.6288054755078004,2__mutated,PertCortex_2_CCTTCCCCACAAGACG,2.0206154513595855
2642,0.5705611622434674,2__mutated,PertCortex_2_CCTTCCCCACTACAGT,2.1502386717421245
2643,0.36116283472364635,2__mutated,PertCortex_2_CCTTCCCCAGACGCCT,3.482643159783661
2644,0.188959160249188,2__mutated,PertCortex_2_CCTTCCCCAGCTCCGA,3.8860532171181164
2645,0.18196903760106853,2__mutated,PertCortex_2_CCTTCCCTCCCTCTTT,4.952148605871998
2646,0.4637143232446629,2__mutated,PertCortex_2_CCTTCCCTCTCGATGA,3.15838225098571
2647,0.4727734398299735,2__mutated,PertCortex_2_CCTTCGAGTTCGTTGA,3.112424309715376
2648,0.24922967260674675,2__mutated,PertCortex_2_CCTTCGATCCCTGACT,3.6970518196124256
2649,0.2844823461075211,2__mutated,PertCortex_2_CCTTTCTAGCTACCTA,5.097497698918422
2650,0.1962066449044563,2__mutated,PertCortex_2_CCTTTCTGTTGGAGGT,4.269077015268485
2651,0.5827450378044959,2__mutated,PertCortex_2_CCTTTCTTCCCTCTTT,2.437701717607332
2652,0.6654559712904746,2__mutated,PertCortex_2_CCTTTCTTCCTAAGTG,2.011767797747034
2653,0.10115819986986604,2__mutated,PertCortex_2_CGAACATAGCAGCGTA,3.6741411682647063
2654,0.3044245456840587,2__mutated,PertCortex_2_CGAACATCAGGCTCAC,2.7056143863756232
2655,0.15208491678124683,2__mutated,PertCortex_2_CGAACATCAGGTCCAC,4.312740867910398
2656,0.668435322786388,2__mutated,PertCortex_2_CGAACATCATGGTCAT,1.4584390585146325
2657,0.7295557667157583,2__mutated,PertCortex_2_CGAACATGTAAGGGCT,1.3840357756336175
2658,0.17718692288577728,2__mutated,PertCortex_2_CGAACATGTGACGGTA,4.098726105790271
2659,0.12956520014433467,2__mutated,PertCortex_2_CGAATGTAGGCTAGCA,4.244017937352697
2660,0.08363355118023959,2__mutated,PertCortex_2_CGAATGTCACGGTGTC,3.9729942578833333
2661,0.32721324328650675,2__mutated,PertCortex_2_CGAATGTCATGTAAGA,3.229413537619011
2662,0.1440750589766911,2__mutated,PertCortex_2_CGAATGTGTACGACCC,4.243319563335167
2663,0.6201963818678642,2__mutated,PertCortex_2_CGACCTTAGTCGAGTG,2.3008734205534287
2664,0.1302287753318233,2__mutated,PertCortex_2_CGACCTTCAAATACAG,4.457848445477372
2665,0.560767479905338,2__mutated,PertCortex_2_CGACTTCAGAAAGTGG,2.3467107910127263
2666,0.17451164190043056,2__mutated,PertCortex_2_CGACTTCAGCGTCTAT,3.8452128475693406
2667,0.19833719301019181,2__mutated,PertCortex_2_CGAGAAGGTAAGAGAG,4.874574202095089
2668,0.09543610911650238,2__mutated,PertCortex_2_CGAGAAGGTCTAGTGT,3.421801179919415
2669,0.1532962024900493,2__mutated,PertCortex_2_CGAGCACAGGCTAGAC,3.8615938054477836
2670,0.5518864540340916,2__mutated,PertCortex_2_CGAGCACTCAATACCG,2.1407108523893386
2671,0.5896011443383191,2__mutated,PertCortex_2_CGAGCACTCATGCATG,2.093582113264785
2672,0.1538992026917958,2__mutated,PertCortex_2_CGAGCACTCGTACGGC,5.012143163659613
2673,0.09958694528955606,2__mutated,PertCortex_2_CGAGCCACAGTCACTA,4.196000861127193
2674,0.18470358970418113,2__mutated,PertCortex_2_CGAGCCACATTCGACA,4.142157277385519
2675,0.243702770404472,2__mutated,PertCortex_2_CGAGCCATCCGCTGTT,3.958539993822444
2676,0.12033014169816947,2__mutated,PertCortex_2_CGAGCCATCGGGAGTA,4.398543397565498
2677,0.28894597775335135,2__mutated,PertCortex_2_CGATCGGAGCCATCGC,4.574058969693718
2678,0.16490031696740712,2__mutated,PertCortex_2_CGATCGGGTATTCTCT,5.215529780359763
2679,0.5186306833825379,2__mutated,PertCortex_2_CGATCGGGTGGTTTCA,2.9273443731088187
2680,0.08385822889142994,2__mutated,PertCortex_2_CGATCGGGTTGAACTC,4.186447760149191
2681,0.33946880616971375,2__mutated,PertCortex_2_CGATCGGTCACTTACT,3.7699060624495875
2682,0.22305613363774623,2__mutated,PertCortex_2_CGATGGCCACAACGTT,3.5171513511351447
2683,0.3323839930506267,2__mutated,PertCortex_2_CGATGGCCATCACAAC,2.93547906469983
2684,0.32340123756081673,2__mutated,PertCortex_2_CGATGGCCATCTACGA,4.764733545578436
2685,0.2036063681659004,2__mutated,PertCortex_2_CGATGGCTCCTTGACC,3.357142375903663
2686,0.2376055179996437,2__mutated,PertCortex_2_CGATGGCTCTGATACG,4.030386648992169
2687,0.15029613039577888,2__mutated,PertCortex_2_CGATGTAAGTTATCGC,4.138114870984249
2688,0.2052421954250635,2__mutated,PertCortex_2_CGATGTACACATCCAA,4.379642633725136
2689,0.22064371459268842,2__mutated,PertCortex_2_CGATGTACAGACAAAT,3.151044437631739
2690,0.14161237883884667,2__mutated,PertCortex_2_CGATGTAGTCGACTGC,4.569135256107262
2691,0.5682664569514225,2__mutated,PertCortex_2_CGATGTATCAGCACAT,2.219676002374409
2692,0.2804127623553294,2__mutated,PertCortex_2_CGATTGAAGATCTGCT,3.603164522699045
2693,0.12133366743864872,2__mutated,PertCortex_2_CGCCAAGCACCATGTA,4.069865421365525
2694,0.5856404641301816,2__mutated,PertCortex_2_CGCCAAGCAGGTCCAC,2.295644896801282
2695,0.46187227417504567,2__mutated,PertCortex_2_CGCCAAGCAGTAACGG,2.6350012550804576
2696,0.21000504456614355,2__mutated,PertCortex_2_CGCCAAGCATAGACTC,3.5913532235139343
2697,0.6131118074975848,2__mutated,PertCortex_2_CGCGGTAAGGCCCTTG,1.838666758141584
2698,0.12974954514912593,2__mutated,PertCortex_2_CGCGGTACACCAGTTA,4.6995070536743695
2699,0.1378124902753132,2__mutated,PertCortex_2_CGCGGTATCACGCATA,4.661036203068155
2700,0.4576167201783591,2__mutated,PertCortex_2_CGCGTTTAGGCTAGGT,3.704043496691159
2701,0.17302512778693926,2__mutated,PertCortex_2_CGCGTTTCAAAGTCAA,3.9058947820362238
2702,0.13293512554626982,2__mutated,PertCortex_2_CGCGTTTCACGTTGGC,4.268283554484395
2703,0.07541068905883247,2__mutated,PertCortex_2_CGCGTTTCAGGCAGTA,4.010020556120225
2704,0.22563823406046227,2__mutated,PertCortex_2_CGCGTTTTCATCTGCC,3.41804532871908
2705,0.22365516935277582,2__mutated,PertCortex_2_CGCGTTTTCGCTAGCG,4.593557736600529
2706,0.1730041564153925,2__mutated,PertCortex_2_CGCTATCCAATACGCT,3.329521485655737
2707,0.6351344401353656,2__mutated,PertCortex_2_CGCTATCCACTTGGAT,2.0446408704642187
2708,0.09270415083645081,2__mutated,PertCortex_2_CGCTATCGTCTTCTCG,4.8814225950604175
2709,0.1198104387889232,2__mutated,PertCortex_2_CGCTATCTCTTGTTTG,4.646098570239754
2710,0.6317630587329505,2__mutated,PertCortex_2_CGCTGGACATTTCAGG,2.1075843549528024
2711,0.5315747018885302,2__mutated,PertCortex_2_CGCTGGAGTAGAGTGC,2.1849963729150885
2712,0.13382613770719384,2__mutated,PertCortex_2_CGCTGGAGTGCAGTAG,4.541928671931182
2713,0.12523866390606653,2__mutated,PertCortex_2_CGCTGGATCACATAGC,4.1510101279623415
2714,0.6622525662864012,2__mutated,PertCortex_2_CGCTTCACATACTACG,1.8147141697909779
2715,0.6168889863681744,2__mutated,PertCortex_2_CGCTTCACATCCAACA,2.0361209495389097
2716,0.1702327390578893,2__mutated,PertCortex_2_CGCTTCATCGTCTGCT,4.309623232850037
2717,0.16268023231429077,2__mutated,PertCortex_2_CGGACACAGGAATCGC,4.625265059917929
2718,0.3028434097705398,2__mutated,PertCortex_2_CGGACACTCAGCCTAA,3.0802256934717236
2719,0.12909474323130318,2__mutated,PertCortex_2_CGGACACTCCTGTACC,4.492762009795149
2720,0.6000012961598223,2__mutated,PertCortex_2_CGGACGTGTATGAAAC,1.8208514441734247
2721,0.25561561301571145,2__mutated,PertCortex_2_CGGACGTTCGCAAACT,3.2026540133886403
2722,0.610168325756006,2__mutated,PertCortex_2_CGGACGTTCGGTGTTA,2.032972814150739
2723,0.15394373392680724,2__mutated,PertCortex_2_CGGACGTTCGTGGGAA,4.540179110397815
2724,0.15034563561054434,2__mutated,PertCortex_2_CGGACGTTCTAACGGT,4.665730687733099
2725,0.20121095410808335,2__mutated,PertCortex_2_CGGAGCTAGATCTGCT,4.218843592006471
2726,0.29884496352919465,2__mutated,PertCortex_2_CGGAGCTAGATGTAAC,3.4665073601293814
2727,0.6479423933544536,2__mutated,PertCortex_2_CGGAGCTAGCTAACAA,1.7682835313686895
2728,0.17056112847104063,2__mutated,PertCortex_2_CGGAGCTCAATGGAGC,5.140545836578889
2729,0.555584057479248,2__mutated,PertCortex_2_CGGAGCTGTACCGCTG,2.5284620945444347
2730,0.33589569050540447,2__mutated,PertCortex_2_CGGAGTCAGGGATCTG,2.4334985149093553
2731,0.3781706463181555,2__mutated,PertCortex_2_CGGAGTCGTTGAACTC,3.661610816704711
2732,0.48701999917119787,2__mutated,PertCortex_2_CGGCTAGCAAGCCATT,2.768036332196589
2733,0.171371648386162,2__mutated,PertCortex_2_CGGCTAGCATGCCACG,4.375295037602226
2734,0.5929531127275486,2__mutated,PertCortex_2_CGGCTAGCATGGTCAT,2.0317869105668387
2735,0.7115644663775659,2__mutated,PertCortex_2_CGGCTAGTCATTTGGG,1.619703174559543
2736,0.1885108725660665,2__mutated,PertCortex_2_CGGGTCAAGGATGCGT,3.83327232906729
2737,0.1975598144242721,2__mutated,PertCortex_2_CGGGTCAAGGTGTGGT,3.307950994025822
2738,0.17737647364909476,2__mutated,PertCortex_2_CGGGTCACAGGGTATG,4.226965027663156
2739,0.42188481346675816,2__mutated,PertCortex_2_CGGGTCAGTGCAACTT,2.4470115182054832
2740,0.06891170067355562,2__mutated,PertCortex_2_CGGGTCATCCGCAGTG,4.179261343008851
2741,0.2897214068941084,2__mutated,PertCortex_2_CGGTTAAAGACCTTTG,3.58240416528887
2742,0.18200322203766556,2__mutated,PertCortex_2_CGGTTAAAGTGTCCCG,3.8664904381844782
2743,0.10111249344196238,2__mutated,PertCortex_2_CGGTTAACATGCCTTC,4.728484382229801
2744,0.11618112457811793,2__mutated,PertCortex_2_CGGTTAAGTTTGACAC,5.450157456518162
2745,0.33656832975207085,2__mutated,PertCortex_2_CGGTTAATCGCGTTTC,2.4238493783216035
2746,0.12414809056787048,2__mutated,PertCortex_2_CGGTTAATCTGAGGGA,4.748756798544068
2747,0.2225922155183307,2__mutated,PertCortex_2_CGGTTAATCTGCGGCA,3.4673549519590408
2748,0.16735515265124642,2__mutated,PertCortex_2_CGTAGCGAGTAGCGGT,3.8539730906292315
2749,0.331407187046339,2__mutated,PertCortex_2_CGTAGCGCATGTCCTC,2.6803648851608863
2750,0.3634959506473438,2__mutated,PertCortex_2_CGTAGCGTCTTGAGGT,2.2647435355990866
2751,0.07445858573681248,2__mutated,PertCortex_2_CGTAGGCCATGCTGGC,3.341505873872302
2752,0.04803352936818938,2__mutated,PertCortex_2_CGTAGGCCATGTAGTC,2.7825865092494935
2753,0.6075953183084495,2__mutated,PertCortex_2_CGTAGGCTCACCGTAA,1.6553533127332603
2754,0.11135853654755953,2__mutated,PertCortex_2_CGTAGGCTCTCCTATA,4.816548023437134
2755,0.06995512625391284,2__mutated,PertCortex_2_CGTCACTAGGGTATCG,3.86958517219265
2756,0.6278856998813391,2__mutated,PertCortex_2_CGTCACTGTACTCGCG,1.9141934915834204
2757,0.2092393214756995,2__mutated,PertCortex_2_CGTCACTGTGGTCTCG,3.30338024885314
2758,0.09377547829033077,2__mutated,PertCortex_2_CGTCACTTCACATAGC,5.151629292306177
2759,0.15940137264798246,2__mutated,PertCortex_2_CGTCACTTCCGCGCAA,3.754841201795032
2760,0.19333902667267028,2__mutated,PertCortex_2_CGTCAGGAGAATTGTG,5.016936818172453
2761,0.5267275362622249,2__mutated,PertCortex_2_CGTCAGGAGAGCTGGT,1.8179057111658425
2762,0.0808185757614925,2__mutated,PertCortex_2_CGTCAGGAGTGGAGAA,3.241427874937589
2763,0.1786804582408369,2__mutated,PertCortex_2_CGTCAGGGTAGCTTGT,4.3210881823076965
2764,0.5504380036650317,2__mutated,PertCortex_2_CGTCAGGGTGACTACT,1.8540957036488246
2765,0.2675890277098496,2__mutated,PertCortex_2_CGTCAGGTCGTTTAGG,2.151504143388327
2766,0.13998720792048025,2__mutated,PertCortex_2_CGTCCATAGCACCGTC,3.6610041775593056
2767,0.6049814386177571,2__mutated,PertCortex_2_CGTCCATAGTTGTAGA,2.2701962411153755
2768,0.16734107711684393,2__mutated,PertCortex_2_CGTCCATTCACCTCGT,4.509854455973232
2769,0.17525453534688198,2__mutated,PertCortex_2_CGTCTACAGTGAAGTT,4.570533196371493
2770,0.04478007233994829,2__mutated,PertCortex_2_CGTGAGCGTTAGATGA,4.41394686130976
2771,0.10597093417552131,2__mutated,PertCortex_2_CGTGAGCTCTATGTGG,4.54666499407312
2772,0.07061166012336335,2__mutated,PertCortex_2_CGTGTAAAGTTGTAGA,4.977624766320354
2773,0.40939892639717396,2__mutated,PertCortex_2_CGTGTAACATCGGACC,3.7248398306680994
2774,0.17625168335123645,2__mutated,PertCortex_2_CGTGTAAGTTCCGGCA,3.3083666903504034
2775,0.48428951386020913,2__mutated,PertCortex_2_CGTGTAATCCCTGACT,1.6929173211518904
2776,0.060416705191995004,2__mutated,PertCortex_2_CGTGTAATCTGTGCAA,4.347087922990795
2777,0.20105083842113422,2__mutated,PertCortex_2_CGTGTCTAGACTACAA,4.368960658292001
2778,0.2507906237812949,2__mutated,PertCortex_2_CGTGTCTCAGACAGGT,3.2587201546479
2779,0.2322988499870986,2__mutated,PertCortex_2_CGTTAGAGTACGCACC,4.936840305752918
2780,0.14953208881640742,2__mutated,PertCortex_2_CGTTAGAGTGGACGAT,3.9906325751375915
2781,0.4267033497067054,2__mutated,PertCortex_2_CGTTCTGCAGACAAGC,2.798679672246563
2782,0.07404910206836374,2__mutated,PertCortex_2_CGTTGGGAGGCTCAGA,2.9160507045026582
2783,0.23337201121990914,2__mutated,PertCortex_2_CGTTGGGCAATACGCT,2.84282323439568
2784,0.6222376413302463,2__mutated,PertCortex_2_CGTTGGGGTTACGCGC,1.724302317196195
2785,0.41133653303544426,2__mutated,PertCortex_2_CGTTGGGTCATCGATG,1.8317452703129642
2786,0.13565223800909834,2__mutated,PertCortex_2_CTAACTTAGCGATAGC,3.613480199908097
2787,0.6083523679407477,2__mutated,PertCortex_2_CTAACTTAGGAATGGA,1.5200220184709738
2788,0.6264340820742431,2__mutated,PertCortex_2_CTAACTTCATCAGTCA,2.0381718647483065
2789,0.5239952263518552,2__mutated,PertCortex_2_CTAACTTGTGGTCCGT,1.9987833869884761
2790,0.29180315304141197,2__mutated,PertCortex_2_CTAACTTTCTCGGACG,2.6442279955533503
2791,0.05994933358872264,2__mutated,PertCortex_2_CTAAGACAGTCCATAC,4.4519812103415735
2792,0.12595372231369265,2__mutated,PertCortex_2_CTAAGACGTATAGGGC,5.1153957617431445
2793,0.13733499193084583,2__mutated,PertCortex_2_CTAAGACGTTTGTTGG,3.2328365195841795
2794,0.1929290677531561,2__mutated,PertCortex_2_CTAAGACTCTGAGTGT,2.7741832986896195
2795,0.097668490990054,2__mutated,PertCortex_2_CTAATGGCATTAACCG,4.480892796314628
2796,0.11327675270752692,2__mutated,PertCortex_2_CTAATGGCATTTCACT,4.228035516724486
2797,0.05848071604843973,2__mutated,PertCortex_2_CTAATGGTCATTTGGG,3.9260627121517464
2798,0.16645960805276475,2__mutated,PertCortex_2_CTACACCCAACTGCGC,5.4001053748044106
2799,0.28004596019632144,2__mutated,PertCortex_2_CTACATTAGATGTGGC,3.2818499740066547
2800,0.13489022686516494,2__mutated,PertCortex_2_CTACATTAGCCACGCT,3.7607288460436776
2801,0.23127236228922368,2__mutated,PertCortex_2_CTACATTAGCGAAGGG,3.3875031293330076
2802,0.5793096521970196,2__mutated,PertCortex_2_CTACATTAGGAATCGC,2.2473536151833433
2803,0.2126309312956159,2__mutated,PertCortex_2_CTACATTGTGTTCGAT,3.604922476538843
2804,0.24950161631484832,2__mutated,PertCortex_2_CTACCCAAGAGTCGGT,3.572859369937019
2805,0.10573260224932318,2__mutated,PertCortex_2_CTACCCACACATTTCT,4.491370875856056
2806,0.10134884988530626,2__mutated,PertCortex_2_CTACCCACAGACTCGC,3.6406028458128503
2807,0.10585481690280908,2__mutated,PertCortex_2_CTACCCAGTCCTGCTT,4.017862052827897
2808,0.1565102537631998,2__mutated,PertCortex_2_CTACCCATCAGTTCGA,3.270729148224003
2809,0.18074744989978944,2__mutated,PertCortex_2_CTACCCATCCGCTGTT,3.8351482466536138
2810,0.16298642281288217,2__mutated,PertCortex_2_CTACCCATCTAACTTC,3.549075830903197
2811,0.10365956658214003,2__mutated,PertCortex_2_CTACCCATCTCGAGTA,4.30469937694177
2812,0.06483707269131288,2__mutated,PertCortex_2_CTACGTCAGGAATCGC,4.122475903294522
2813,0.2617069317358767,2__mutated,PertCortex_2_CTACGTCCAATGAATG,3.3715021862921613
2814,0.26724812802874853,2__mutated,PertCortex_2_CTACGTCCAGTGACAG,3.600632895312541
2815,0.17765655960097274,2__mutated,PertCortex_2_CTAGAGTGTGAAATCA,3.547820993330081
2816,0.2476890789475773,2__mutated,PertCortex_2_CTAGAGTTCTTTACGT,3.5862514408376254
2817,0.5900392829222203,2__mutated,PertCortex_2_CTAGCCTAGTGTGGCA,2.2436029026291657
2818,0.23687711846801943,2__mutated,PertCortex_2_CTAGCCTAGTTCGCAT,3.0082461183375266
2819,0.19260173576035733,2__mutated,PertCortex_2_CTAGCCTGTATAGGGC,2.8129698197756006
2820,0.31848714101263503,2__mutated,PertCortex_2_CTAGCCTGTCACTTCC,2.797684622888117
2821,0.25995641314482215,2__mutated,PertCortex_2_CTAGCCTTCTGGTTCC,3.41292202361875
2822,0.6276171645452211,2__mutated,PertCortex_2_CTAGCCTTCTGTACGA,1.98856634960051
2823,0.6570818059827462,2__mutated,PertCortex_2_CTAGTGAAGAGCTGCA,1.7175546119834648
2824,0.16257208917457255,2__mutated,PertCortex_2_CTAGTGAAGGCTATCT,3.3486231508842037
2825,0.10225870960230764,2__mutated,PertCortex_2_CTAGTGACAGGGTACA,4.041291531353087
2826,0.40887517918588084,2__mutated,PertCortex_2_CTAGTGACATATGAGA,2.156382133700054
2827,0.1626950918303315,2__mutated,PertCortex_2_CTCACACGTGTAATGA,4.44085261511705
2828,0.5934438069795825,2__mutated,PertCortex_2_CTCAGAAAGGTGATAT,2.189474286718538
2829,0.5441257776149249,2__mutated,PertCortex_2_CTCAGAACACACCGCA,2.307505303404297
2830,0.1633843902041871,2__mutated,PertCortex_2_CTCAGAAGTCATACTG,5.042907432799232
2831,0.42679558379211263,2__mutated,PertCortex_2_CTCATTAAGGAGTACC,1.9304833872432976
2832,0.23543325329054696,2__mutated,PertCortex_2_CTCATTACATCCCATC,3.404937236520788
2833,0.20152783608136662,2__mutated,PertCortex_2_CTCATTATCAACGCTA,4.4812319760667485
2834,0.0471014765794826,2__mutated,PertCortex_2_CTCATTATCGGCGCAT,4.67233305396865
2835,0.43326055126018936,2__mutated,PertCortex_2_CTCCTAGGTCATATCG,2.1349924420024173
2836,0.21419664216835832,2__mutated,PertCortex_2_CTCCTAGTCAACGGCC,3.7918842814980573
2837,0.14435719162348093,2__mutated,PertCortex_2_CTCGAAAAGACAGAGA,3.884487365755382
2838,0.23547475365025097,2__mutated,PertCortex_2_CTCGAAACACATGTGT,4.1151377424865485
2839,0.2689098285842593,2__mutated,PertCortex_2_CTCGAAACAGAGCCAA,3.5541258917396816
2840,0.2070749072011901,2__mutated,PertCortex_2_CTCGAGGAGATGGGTC,3.4298348166710517
2841,0.14130488336199032,2__mutated,PertCortex_2_CTCGAGGCAGGCTGAA,5.4509845540367925
2842,0.2271586822940874,2__mutated,PertCortex_2_CTCGAGGGTCCAGTTA,3.8132795229931205
2843,0.1984561307638294,2__mutated,PertCortex_2_CTCGAGGTCTCGTATT,2.928408153468548
2844,0.14892054368055008,2__mutated,PertCortex_2_CTCGGAGAGACTTTCG,3.8019545158015533
2845,0.45398772367241297,2__mutated,PertCortex_2_CTCGGAGAGATATACG,2.0612632816129737
2846,0.5310373556119752,2__mutated,PertCortex_2_CTCGGAGAGCGAGAAA,2.357111985808219
2847,0.3632705699267171,2__mutated,PertCortex_2_CTCGGAGCAAACGCGA,2.621917675987842
2848,0.5884517232398954,2__mutated,PertCortex_2_CTCGGAGCAGTCACTA,2.082255676855144
2849,0.43688625141665866,2__mutated,PertCortex_2_CTCGGAGTCAGTCAGT,2.2724884245872072
2850,0.10974623190452844,2__mutated,PertCortex_2_CTCGGGAAGCTAACAA,4.4551217068684
2851,0.0715837564551581,2__mutated,PertCortex_2_CTCGGGAAGTGTCTCA,4.110047164741379
2852,0.6563688650054229,2__mutated,PertCortex_2_CTCGGGATCATAAAGG,1.76938337817252
2853,0.12027920160070815,2__mutated,PertCortex_2_CTCGGGATCTCGGACG,4.190617643786907
2854,0.2920658038875932,2__mutated,PertCortex_2_CTCGTACCACGTTGGC,4.381003837977899
2855,0.13719505415609207,2__mutated,PertCortex_2_CTCGTACCATCAGTAC,4.877540440329701
2856,0.6366744456845965,2__mutated,PertCortex_2_CTCGTCAAGACTGTAA,2.006273671606085
2857,0.42068929659392834,2__mutated,PertCortex_2_CTCGTCACAAGCGAGT,2.7398749230874766
2858,0.6982911358832582,2__mutated,PertCortex_2_CTCGTCATCGTTACAG,1.6030846767119615
2859,0.24037576866802293,2__mutated,PertCortex_2_CTCTAATAGTCAATAG,3.8744076802341176
2860,0.17125343025243198,2__mutated,PertCortex_2_CTCTAATCATCACGAT,4.360534171452225
2861,0.06487132441975811,2__mutated,PertCortex_2_CTCTACGAGCTTTGGT,3.644112403492466
2862,0.1507439785983251,2__mutated,PertCortex_2_CTCTACGAGGGATACC,3.9205270145325812
2863,0.3258015761745416,2__mutated,PertCortex_2_CTCTACGAGTATGACA,2.928112197849222
2864,0.17899183996282564,2__mutated,PertCortex_2_CTCTGGTAGGACCACA,3.766717749806838
2865,0.6791547511547686,2__mutated,PertCortex_2_CTCTGGTAGTAGCCGA,1.7918718322722023
2866,0.0885677659321323,2__mutated,PertCortex_2_CTCTGGTCAGACAGGT,4.177335121871566
2867,0.1370221848848894,2__mutated,PertCortex_2_CTCTGGTCAGGTCTCG,3.830466972639889
2868,0.10166939844409713,2__mutated,PertCortex_2_CTCTGGTCATCGGAAG,2.9613019515777625
2869,0.18416162903833785,2__mutated,PertCortex_2_CTCTGGTTCAGAGACG,3.8273287901991897
2870,0.6505198937044171,2__mutated,PertCortex_2_CTCTGGTTCTAAGCCA,1.8288549212151766
2871,0.2511895813996617,2__mutated,PertCortex_2_CTGAAACCAAAGAATC,3.387083571286274
2872,0.21650920706444973,2__mutated,PertCortex_2_CTGAAACTCATCGATG,3.4024809146121386
2873,0.21855740457715983,2__mutated,PertCortex_2_CTGAAACTCTACCAGA,4.333193487446093
2874,0.5234141382448054,2__mutated,PertCortex_2_CTGAAGTCAAAGTGCG,2.3474708120176673
2875,0.1338429948943011,2__mutated,PertCortex_2_CTGAAGTCACGCATCG,4.330975260333905
2876,0.13725421710160995,2__mutated,PertCortex_2_CTGAAGTGTGCAACTT,4.549356973378599
2877,0.14121904662628335,2__mutated,PertCortex_2_CTGAAGTTCGGACAAG,4.433378130052563
2878,0.17201343401850475,2__mutated,PertCortex_2_CTGATAGAGAGATGAG,3.653968378837417
2879,0.2108305488931943,2__mutated,PertCortex_2_CTGATAGAGTACGCCC,3.0847990020167186
2880,0.4274450581407214,2__mutated,PertCortex_2_CTGATAGCACGACGAA,2.329544739682187
2881,0.22903133386505647,2__mutated,PertCortex_2_CTGATAGGTACACCGC,3.159690377096389
2882,0.13742264861543643,2__mutated,PertCortex_2_CTGATAGGTATCTGCA,4.573698087332485
2883,0.5932098662300208,2__mutated,PertCortex_2_CTGATAGGTGACAAAT,2.1494030427657154
2884,0.2175198660168782,2__mutated,PertCortex_2_CTGATAGTCCATTCTA,3.653067010379994
2885,0.23066184807950607,2__mutated,PertCortex_2_CTGATAGTCTCACATT,3.5714053587855155
2886,0.13351638241218453,2__mutated,PertCortex_2_CTGATCCTCACGCGGT,4.189689966666878
2887,0.5096555779348053,2__mutated,PertCortex_2_CTGATCCTCATTCACT,2.4546238826543414
2888,0.041646094582610094,2__mutated,PertCortex_2_CTGCCTAAGACCACGA,3.409415301814279
2889,0.18368204050608916,2__mutated,PertCortex_2_CTGCCTACAACTTGAC,3.344345374489423
2890,0.41909055481588514,2__mutated,PertCortex_2_CTGCCTACAAGCGCTC,2.8363395704075023
2891,0.08009541721445979,2__mutated,PertCortex_2_CTGCCTATCTTAGCCC,4.172367805228616
2892,0.207509505551244,2__mutated,PertCortex_2_CTGCGGACATGAACCT,3.6449733997305405
2893,0.2455853597210669,2__mutated,PertCortex_2_CTGCGGATCCAAACTG,3.0351391032361423
2894,0.13431937275782593,2__mutated,PertCortex_2_CTGCTGTAGCCGGTAA,3.327553519549672
2895,0.5138035902123418,2__mutated,PertCortex_2_CTGCTGTCAACGATCT,2.0339774829543043
2896,0.20108968901648933,2__mutated,PertCortex_2_CTGCTGTCAAGCCGCT,3.4169599901457253
2897,0.22411004332924575,2__mutated,PertCortex_2_CTGGTCTAGGCTACGA,2.95472595481591
2898,0.22786144385380497,2__mutated,PertCortex_2_CTGTGCTCAAGCCATT,3.74829974353714
2899,0.19685279152659185,2__mutated,PertCortex_2_CTGTGCTCACAGAGGT,4.360967749404415
2900,0.7028867742529453,2__mutated,PertCortex_2_CTGTTTAAGCAGGTCA,1.6024355210388512
2901,0.05731619945237526,2__mutated,PertCortex_2_CTGTTTAGTATCGCAT,3.9510591065712433
2902,0.5919593557925049,2__mutated,PertCortex_2_CTTAACTAGTGCAAGC,2.0354008002831603
2903,0.11556274644920456,2__mutated,PertCortex_2_CTTAACTCACTGAAGG,5.705945941836586
2904,0.18445369216507587,2__mutated,PertCortex_2_CTTAACTCAGGGTATG,3.7762069150848125
2905,0.16487219437286282,2__mutated,PertCortex_2_CTTAACTCATGCTAGT,2.919834518000317
2906,0.1644812798928589,2__mutated,PertCortex_2_CTTAACTGTCCAAGTT,3.4139627755825863
2907,0.3005771452458095,2__mutated,PertCortex_2_CTTAACTTCGCCAGCA,3.196796971689075
2908,0.2396330801370907,2__mutated,PertCortex_2_CTTACCGTCTGGCGTG,2.8316334637518303
2909,0.12570327303086942,2__mutated,PertCortex_2_CTTAGGAAGAGGTAGA,3.849752825155224
2910,0.25121797044243227,2__mutated,PertCortex_2_CTTAGGAGTTACTGAC,4.624995862608019
2911,0.12450705268385664,2__mutated,PertCortex_2_CTTAGGATCCAGAAGG,3.8605840517863976
2912,0.6107681421186182,2__mutated,PertCortex_2_CTTCTCTAGATGCCTT,1.6416230242268472
2913,0.1136027331452872,2__mutated,PertCortex_2_CTTCTCTTCACAGGCC,4.509506759596765
2914,0.5677193848920661,2__mutated,PertCortex_2_CTTGGCTAGTGGCACA,2.2081028634952644
2915,0.23697334659475786,2__mutated,PertCortex_2_CTTGGCTCACCAGTTA,3.1900033953773876
2916,0.19056065255196034,2__mutated,PertCortex_2_CTTGGCTCACTCAGGC,3.3734691193738526
2917,0.62699279707699,2__mutated,PertCortex_2_CTTGGCTTCAACACGT,1.7384692831503772
2918,0.2585284445404009,2__mutated,PertCortex_2_CTTGGCTTCTTGTCAT,2.957870845984574
2919,0.2140584427816253,2__mutated,PertCortex_2_CTTTGCGAGCCGTCGT,3.2887890148541
2920,0.19854973668740358,2__mutated,PertCortex_2_CTTTGCGCACTAAGTC,3.2769922540046212
2921,0.646760603433308,2__mutated,PertCortex_2_CTTTGCGGTGTTGGGA,1.9111975509873054
2922,0.26816636869686683,2__mutated,PertCortex_2_CTTTGCGTCACAAACC,2.3990854060785614
2923,0.06495980675722585,2__mutated,PertCortex_2_CTTTGCGTCATCTGTT,4.202641329673257
2924,0.6389873161781079,2__mutated,PertCortex_2_CTTTGCGTCATTATCC,1.8051777186304552
2925,0.2129671395551115,2__mutated,PertCortex_2_CTTTGCGTCCGAGCCA,3.0282352762865883
2926,0.2809484196376783,2__mutated,PertCortex_2_GAAACTCAGGAGTAGA,3.5039217773075095
2927,0.1693212835269553,2__mutated,PertCortex_2_GAAACTCCAAAGCAAT,4.487504467614084
2928,0.26061982002617595,2__mutated,PertCortex_2_GAAACTCGTAGGGTAC,3.5659801557867903
2929,0.28656614151175935,2__mutated,PertCortex_2_GAAACTCTCTACTTAC,2.685262138222295
2930,0.11865091735214277,2__mutated,PertCortex_2_GAAATGACAGTAGAGC,4.52189678581231
2931,0.21190206086974442,2__mutated,PertCortex_2_GAAATGATCGGCGCAT,3.6712499899236013
2932,0.2374204934766019,2__mutated,PertCortex_2_GAACATCAGAGTAATC,4.4821908112546645
2933,0.009646453854841384,2__mutated,PertCortex_2_GAACATCAGTAGCCGA,4.508184574601915
2934,0.07275275897929645,2__mutated,PertCortex_2_GAACATCCAAGGTGTG,4.27706289281887
2935,0.37293646567268574,2__mutated,PertCortex_2_GAACATCCACTGTTAG,3.2253235636923754
2936,0.08965415152772502,2__mutated,PertCortex_2_GAACATCGTCCAGTAT,3.0166600817737677
2937,0.07235228043149451,2__mutated,PertCortex_2_GAACATCTCGCAAGCC,4.0051065257504845
2938,0.13246583345245613,2__mutated,PertCortex_2_GAACCTAAGGTGATAT,3.7756040020606902
2939,0.2783551008203512,2__mutated,PertCortex_2_GAACCTACAATTGCTG,2.6087162115273688
2940,0.11149114824268304,2__mutated,PertCortex_2_GAACCTATCACCTCGT,3.5378473010671114
2941,0.3270064642592046,2__mutated,PertCortex_2_GAACCTATCAGGTAAA,1.9229619666487419
2942,0.1264266351534117,2__mutated,PertCortex_2_GAACGGAAGATGGCGT,4.101235010025931
2943,0.16672423099807052,2__mutated,PertCortex_2_GAACGGAAGCCCAGCT,3.282748963737669
2944,0.40570105682270907,2__mutated,PertCortex_2_GAACGGAAGTTAGCGG,2.1970873813458125
2945,0.16854729308048658,2__mutated,PertCortex_2_GAACGGATCTGGAGCC,3.724887304060232
2946,0.22013084399243138,2__mutated,PertCortex_2_GAAGCAGGTACTCGCG,2.9700749907878854
2947,0.08937907169385038,2__mutated,PertCortex_2_GAAGCAGTCAACGCTA,4.21030715816012
2948,0.1180183041638083,2__mutated,PertCortex_2_GAATAAGCAACTTGAC,4.6485765696961
2949,0.21274167187942614,2__mutated,PertCortex_2_GAATAAGCACGGTAGA,4.691474046929881
2950,0.11712579608310456,2__mutated,PertCortex_2_GAATAAGCACTTACGA,5.35528231721804
2951,0.19147369372492615,2__mutated,PertCortex_2_GAATAAGCAGACGCCT,4.542725964995564
2952,0.28260529117814154,2__mutated,PertCortex_2_GAATAAGTCGTCCGTT,3.5093658003061416
2953,0.26315037990585205,2__mutated,PertCortex_2_GAATGAAGTCCCGACA,5.339570802880187
2954,0.25540183085677043,2__mutated,PertCortex_2_GACACGCCAAGGTTTC,3.2989846500055755
2955,0.11728343079950126,2__mutated,PertCortex_2_GACACGCGTAGATTAG,4.380328635122734
2956,0.30501135595520695,2__mutated,PertCortex_2_GACACGCGTCAGAAGC,2.965989666085943
2957,0.6115343850491719,2__mutated,PertCortex_2_GACACGCGTCTCGTTC,1.9463748415604039
2958,0.2863331099235903,2__mutated,PertCortex_2_GACACGCTCCAAGCCG,2.335446800023554
2959,0.5672683394533262,2__mutated,PertCortex_2_GACACGCTCTCCGGTT,1.8170652847604116
2960,0.18065928066789855,2__mutated,PertCortex_2_GACCAATAGTACGCGA,5.116084494596538
2961,0.18895017810383427,2__mutated,PertCortex_2_GACCAATGTAACGTTC,4.709452750619537
2962,0.12849174747533684,2__mutated,PertCortex_2_GACCTGGCATGGGACA,3.4842007997838986
2963,0.34464701464567193,2__mutated,PertCortex_2_GACCTGGGTGTGAAAT,4.035694820259047
2964,0.18576040218593695,2__mutated,PertCortex_2_GACGCGTAGATAGGAG,4.729031011097692
2965,0.14680798846279713,2__mutated,PertCortex_2_GACGGCTAGGATGGAA,4.412383543827026
2966,0.523098841516543,2__mutated,PertCortex_2_GACGGCTCACAAGACG,1.9150804511566977
2967,0.2500326326902179,2__mutated,PertCortex_2_GACGGCTCAGCATGAG,3.618836172523532
2968,0.10845083244471304,2__mutated,PertCortex_2_GACGGCTGTACAGTGG,3.775512049213946
2969,0.2107452341337953,2__mutated,PertCortex_2_GACGTGCAGATGTGGC,3.6962018183442495
2970,0.238841179677656,2__mutated,PertCortex_2_GACGTGCGTCTAAAGA,3.4584462830269374
2971,0.11746514118116401,2__mutated,PertCortex_2_GACGTGCGTTGAACTC,3.8811135068472433
2972,0.08215015005205717,2__mutated,PertCortex_2_GACGTGCTCAAACAAG,3.3144419068565605
2973,0.2924760937899104,2__mutated,PertCortex_2_GACGTGCTCAGTTCGA,2.520528740361305
2974,0.1074334070866207,2__mutated,PertCortex_2_GACGTGCTCCTTTCTC,4.547132573795188
2975,0.15571678417945709,2__mutated,PertCortex_2_GACGTGCTCTCGTTTA,3.407458110975137
2976,0.45153694021718066,2__mutated,PertCortex_2_GACGTTAAGCTAGGCA,2.1270276427437995
2977,0.18586925469187862,2__mutated,PertCortex_2_GACGTTAAGTGGTAGC,4.542147723250911
2978,0.4233239613925542,2__mutated,PertCortex_2_GACGTTATCCACGCAG,2.5566598718086024
2979,0.36245123045511896,2__mutated,PertCortex_2_GACTAACAGGAGTACC,2.2999834405498176
2980,0.3537897247915431,2__mutated,PertCortex_2_GACTAACGTCATCCCT,3.436370849449749
2981,0.5633178828001025,2__mutated,PertCortex_2_GACTACAAGAGGACGG,2.0679593026962104
2982,0.07788294112497565,2__mutated,PertCortex_2_GACTACAGTATAGTAG,3.9815663404622494
2983,0.28077883248414515,2__mutated,PertCortex_2_GACTACATCGCTGATA,4.8163142684266695
2984,0.5832537413608264,2__mutated,PertCortex_2_GACTACATCTCTGTCG,2.0374688317187015
2985,0.10629911757965804,2__mutated,PertCortex_2_GACTGCGGTCAGGACA,3.4065737091604222
2986,0.09280203564035924,2__mutated,PertCortex_2_GAGCAGAAGTTAGCGG,4.330561096795917
2987,0.13773226651103251,2__mutated,PertCortex_2_GAGCAGATCACTGGGC,3.238252939979936
2988,0.15630678015413954,2__mutated,PertCortex_2_GAGCAGATCTCATTCA,3.592417027691326
2989,0.10307958265347207,2__mutated,PertCortex_2_GAGGTGACAATCACAC,3.342200473924656
2990,0.3185905575978119,2__mutated,PertCortex_2_GAGGTGAGTATTCTCT,3.331243992125139
2991,0.07857425078289232,2__mutated,PertCortex_2_GAGGTGAGTTTGCATG,3.4340355189128156
2992,0.0757190243970983,2__mutated,PertCortex_2_GAGGTGATCTCCCTGA,4.4712128792931045
2993,0.1343591367415124,2__mutated,PertCortex_2_GAGGTGATCTCCGGTT,4.229753713513093
2994,0.12516595937557376,2__mutated,PertCortex_2_GAGTCCGAGTCCTCCT,4.6938785346408425
2995,0.5702280142784869,2__mutated,PertCortex_2_GAGTCCGCACGGATAG,2.3127696288017887
2996,0.20049333483617304,2__mutated,PertCortex_2_GAGTCCGGTGAAGGCT,3.5685379382616405
2997,0.07763722874829095,2__mutated,PertCortex_2_GAGTCCGGTTTGACAC,4.627174316139928
2998,0.10245964205670716,2__mutated,PertCortex_2_GAGTCCGTCACAGTAC,3.566895555424333
2999,0.17448629639226218,2__mutated,PertCortex_2_GAGTCCGTCCCATTTA,3.5568212517389486
3000,0.19472088808820073,2__mutated,PertCortex_2_GAGTCCGTCTTGCAAG,3.108255612410104
3001,0.06493659604885872,2__mutated,PertCortex_2_GATCAGTAGGTAAACT,3.72774610082543
3002,0.12035848386340041,2__mutated,PertCortex_2_GATCAGTCAAGAAAGG,4.0996088109040105
3003,0.2603429696458556,2__mutated,PertCortex_2_GATCAGTCACGGTGTC,4.488153798911152
3004,0.11505423092120405,2__mutated,PertCortex_2_GATCGATTCATCGATG,4.1046916267642395
3005,0.18561000436571162,2__mutated,PertCortex_2_GATCGATTCCGAGCCA,5.322415376086605
3006,0.6133631582165667,2__mutated,PertCortex_2_GATCGCGAGCCGCCTA,2.0521215343685313
3007,0.194165447319271,2__mutated,PertCortex_2_GATCGCGAGTCTTGCA,4.27841138696825
3008,0.5375104754781301,2__mutated,PertCortex_2_GATCGCGCATCCAACA,2.1544890616617214
3009,0.34168261859155746,2__mutated,PertCortex_2_GATCGCGCATCGACGC,3.2710941997453227
3010,0.27777456564870434,2__mutated,PertCortex_2_GATCGCGGTTCACCTC,2.920619162474275
3011,0.1740289907847232,2__mutated,PertCortex_2_GATCGCGTCAAGCCTA,3.4484851400156984
3012,0.1234402518520258,2__mutated,PertCortex_2_GATCGCGTCATGCATG,3.9687077873835834
3013,0.16346568553096044,2__mutated,PertCortex_2_GATCGCGTCCGTCAAA,3.8611129156807475
3014,0.09006916959147686,2__mutated,PertCortex_2_GATCGTAAGGAGTCTG,3.063336512583285
3015,0.4177432207041949,2__mutated,PertCortex_2_GATCGTACAATGGACG,1.9417642724763053
3016,0.22307807694174595,2__mutated,PertCortex_2_GATCGTACATCTATGG,2.4533327893731767
3017,0.06729339534445176,2__mutated,PertCortex_2_GATCGTATCATGTAGC,3.90936702220532
3018,0.09397226969695234,2__mutated,PertCortex_2_GATCTAGAGGTGTTAA,3.85906807864402
3019,0.06313892737785846,2__mutated,PertCortex_2_GATCTAGAGTGAAGAG,4.04936092818129
3020,0.21875577919979072,2__mutated,PertCortex_2_GATCTAGAGTGTACTC,3.1077587058130574
3021,0.5948316144889326,2__mutated,PertCortex_2_GATCTAGCAGACAAGC,2.2449414148156905
3022,0.19223404556086657,2__mutated,PertCortex_2_GATCTAGCAGTCAGAG,4.337980167900634
3023,0.0964176119571875,2__mutated,PertCortex_2_GATCTAGCATTGCGGC,4.083313209437586
3024,0.5960126903732444,2__mutated,PertCortex_2_GATCTAGGTCATCGGC,2.7231957406316285
3025,0.1067826185051926,2__mutated,PertCortex_2_GATCTAGTCATTATCC,4.027869613004581
3026,0.222418181564347,2__mutated,PertCortex_2_GATGAAACAATTGCTG,4.043015742874372
3027,0.17061005377068345,2__mutated,PertCortex_2_GATGAAACACAACTGT,3.4340372657198124
3028,0.1576902759514357,2__mutated,PertCortex_2_GATGAAAGTGAAGGCT,4.081816336075087
3029,0.485432689468952,2__mutated,PertCortex_2_GATGAAAGTGTGTGCC,2.635911156865459
3030,0.16240433273743576,2__mutated,PertCortex_2_GATGAAAGTTCACCTC,3.388953263357544
3031,0.20139435748383513,2__mutated,PertCortex_2_GATGAAAGTTGCGTTA,3.08580500921642
3032,0.20755848694293672,2__mutated,PertCortex_2_GATGAGGAGTTGTAGA,4.864833205768394
3033,0.2884863246766636,2__mutated,PertCortex_2_GATGAGGGTAGCACGA,4.487578631467961
3034,0.06727632280782646,2__mutated,PertCortex_2_GATGAGGGTTCCACTC,4.112095431214717
3035,0.26280607871170464,2__mutated,PertCortex_2_GATGCTAAGTGGAGTC,3.454184858414194
3036,0.20054557409412369,2__mutated,PertCortex_2_GATGCTACACATGTGT,4.157230249474065
3037,0.10582675548752203,2__mutated,PertCortex_2_GATGCTACAGTCTTCC,4.042163142247258
3038,0.6817952110706625,2__mutated,PertCortex_2_GATGCTAGTCGCATCG,1.504172800742317
3039,0.37727723951732095,2__mutated,PertCortex_2_GATGCTAGTGTGGCTC,4.549520747090813
3040,0.11256873668579324,2__mutated,PertCortex_2_GATGCTATCCAGAAGG,3.4122979731669356
3041,0.12943084964212415,2__mutated,PertCortex_2_GATGCTATCTGGCGAC,2.9469156124333513
3042,0.10428837635893808,2__mutated,PertCortex_2_GATTCAGAGTATTGGA,3.932505275758893
3043,0.18366036999491725,2__mutated,PertCortex_2_GCAAACTCAAAGCGGT,3.5168643085624702
3044,0.1922140724233389,2__mutated,PertCortex_2_GCAAACTCATGTTGAC,3.4493535026942284
3045,0.13935494624627373,2__mutated,PertCortex_2_GCAAACTGTACAGACG,4.343904766769241
3046,0.10077526709324741,2__mutated,PertCortex_2_GCAAACTTCAGGATCT,3.7301902607496524
3047,0.2502865982880928,2__mutated,PertCortex_2_GCAATCAAGTCATCCA,2.9380657532689827
3048,0.18566466948924623,2__mutated,PertCortex_2_GCAATCAAGTGGTAAT,3.491272971374872
3049,0.14546902856331953,2__mutated,PertCortex_2_GCAATCACAGATCGGA,4.540743725647581
3050,0.35023729618909094,2__mutated,PertCortex_2_GCAATCAGTGTGACCC,4.033067174253093
3051,0.19352778773873994,2__mutated,PertCortex_2_GCACATAAGTTGAGTA,4.566556785744533
3052,0.09934410997300491,2__mutated,PertCortex_2_GCACATACAAAGAATC,3.4808223558352185
3053,0.14481280245471856,2__mutated,PertCortex_2_GCACATAGTCTACCTC,4.867651297808118
3054,0.16672329952457196,2__mutated,PertCortex_2_GCACATATCTAAGCCA,4.339230202047245
3055,0.23976465134111707,2__mutated,PertCortex_2_GCACATATCTCGTATT,3.8873738222513876
3056,0.14801166368515076,2__mutated,PertCortex_2_GCACTCTAGTAGCCGA,4.924311177088106
3057,0.07437032031559056,2__mutated,PertCortex_2_GCACTCTCATTTCACT,4.704633472521229
3058,0.262506582551939,2__mutated,PertCortex_2_GCACTCTGTTACGTCA,2.269086547642668
3059,0.3185977375428629,2__mutated,PertCortex_2_GCACTCTTCGACAGCC,2.171889708391156
3060,0.697839934320237,2__mutated,PertCortex_2_GCACTCTTCTGACCTC,1.8004828729618452
3061,0.2160916101747641,2__mutated,PertCortex_2_GCACTCTTCTGCCAGG,3.569851615692983
3062,0.5386150177321354,2__mutated,PertCortex_2_GCAGCCACACAGTCGC,2.0886354903686453
3063,0.15382927987658437,2__mutated,PertCortex_2_GCAGCCAGTACTTAGC,4.674099040437545
3064,0.13787957256127914,2__mutated,PertCortex_2_GCAGTTAAGAAAGTGG,2.1232722004043745
3065,0.6690560318925495,2__mutated,PertCortex_2_GCAGTTAAGTAAGTAC,1.9476331438815064
3066,0.05703195655983974,2__mutated,PertCortex_2_GCAGTTAAGTGCCATT,3.995682210574925
3067,0.10274363809017124,2__mutated,PertCortex_2_GCATACAAGTGCAAGC,3.6446723404879906
3068,0.17924899695484658,2__mutated,PertCortex_2_GCATACACACAGCCCA,3.989799426889517
3069,0.5461004134578512,2__mutated,PertCortex_2_GCATACAGTGTCGCTG,1.8829804332282438
3070,0.1348786974518903,2__mutated,PertCortex_2_GCATACATCCTTCAAT,3.8021972338957135
3071,0.09679914698247756,2__mutated,PertCortex_2_GCATGATAGCGACGTA,4.278982403907121
3072,0.741064859419763,2__mutated,PertCortex_2_GCATGATAGTAATCCC,1.4467776543150594
3073,0.2616247817671571,2__mutated,PertCortex_2_GCATGATCAATCTACG,3.5873821175750256
3074,0.10252039818535122,2__mutated,PertCortex_2_GCATGATCAGCTGTTA,3.6378193309265234
3075,0.2373114446681274,2__mutated,PertCortex_2_GCATGCGAGACAGGCT,3.4042093530666735
3076,0.08732401750233224,2__mutated,PertCortex_2_GCATGCGGTGCAACTT,4.25660558859344
3077,0.16634262196090407,2__mutated,PertCortex_2_GCATGTAAGAATTGTG,4.693430072203088
3078,0.5586002030410285,2__mutated,PertCortex_2_GCATGTAAGTCACGCC,2.073858527196097
3079,0.11196674901344399,2__mutated,PertCortex_2_GCATGTATCAACGCTA,3.914051211599132
3080,0.6759863554233977,2__mutated,PertCortex_2_GCATGTATCGTTACAG,1.8505104988239407
3081,0.5455073260639425,2__mutated,PertCortex_2_GCATGTATCTCGCATC,2.482469544059444
3082,0.33988600504329136,2__mutated,PertCortex_2_GCCAAATAGCCTATGT,3.4761562470665686
3083,0.23368243646991757,2__mutated,PertCortex_2_GCCAAATAGTGAATTG,3.537055852775773
3084,0.5831495537012596,2__mutated,PertCortex_2_GCCAAATCATCACAAC,2.160592869829074
3085,0.10173169014914683,2__mutated,PertCortex_2_GCCAAATGTGCCTTGG,4.3355565393602244
3086,0.17241680433082995,2__mutated,PertCortex_2_GCCAAATGTTGTACAC,2.3715493332802375
3087,0.06775217568733909,2__mutated,PertCortex_2_GCCAAATTCCGGGTGT,3.7667389616358626
3088,0.17268997872257366,2__mutated,PertCortex_2_GCCTCTACAGACAAAT,3.902651866300557
3089,0.1682105631615143,2__mutated,PertCortex_2_GCCTCTAGTATCACCA,3.6120496546168925
3090,0.11789236628164275,2__mutated,PertCortex_2_GCGACCACAATGGAGC,4.805548731593571
3091,0.3447378041538076,2__mutated,PertCortex_2_GCGACCACATCGATGT,2.3219373797423595
3092,0.20977848942414334,2__mutated,PertCortex_2_GCGAGAACATACTACG,4.336354162167939
3093,0.23106823671432714,2__mutated,PertCortex_2_GCGAGAATCCCGACTT,2.2222003475603924
3094,0.04853601638658693,2__mutated,PertCortex_2_GCGCAACGTCTGGAGA,4.499563709691492
3095,0.09248532240233405,2__mutated,PertCortex_2_GCGCAGTGTGCACGAA,4.749380652146532
3096,0.41352650311016276,2__mutated,PertCortex_2_GCGCCAACACCACGTG,3.5705096758728576
3097,0.1146505485099973,2__mutated,PertCortex_2_GCGCGATGTGATAAGT,5.077773373768469
3098,0.1573857905757039,2__mutated,PertCortex_2_GCGCGATTCACCGGGT,4.199353198975196
3099,0.12221207678288809,2__mutated,PertCortex_2_GCGCGATTCTACTTAC,4.4752829973076285
3100,0.1109988965168582,2__mutated,PertCortex_2_GCGGGTTCATTTCACT,4.921597725549819
3101,0.13128831978961714,2__mutated,PertCortex_2_GCGGGTTGTCTCTCGT,4.933484599418027
3102,0.1746807238854707,2__mutated,PertCortex_2_GCTCCTAAGAGTACAT,2.439451726074707
3103,0.5825133900337834,2__mutated,PertCortex_2_GCTCCTAGTAAAGTCA,1.66074161655632
3104,0.16939282223940988,2__mutated,PertCortex_2_GCTCTGTAGCACCGCT,3.956507750724446
3105,0.26708164939191464,2__mutated,PertCortex_2_GCTCTGTAGGCTAGAC,2.617767019277296
3106,0.16212086789098681,2__mutated,PertCortex_2_GCTCTGTAGGGAAACA,2.670525935009434
3107,0.0887385867961528,2__mutated,PertCortex_2_GCTCTGTAGGTTCCTA,3.254354609806305
3108,0.23158683641492417,2__mutated,PertCortex_2_GCTCTGTAGTGTTTGC,3.0547450740276774
3109,0.23260209678723107,2__mutated,PertCortex_2_GCTGCAGAGACAGGCT,3.1971580148648853
3110,0.16941046713466404,2__mutated,PertCortex_2_GCTGCAGCAATCGAAA,3.565364325633326
3111,0.22917116191959502,2__mutated,PertCortex_2_GCTGCAGCACCCAGTG,3.4428218166659943
3112,0.18193015501876433,2__mutated,PertCortex_2_GCTGCAGCACTTAACG,2.8432587348609344
3113,0.18400005172704745,2__mutated,PertCortex_2_GCTGCAGCAGATGGCA,3.7418149730088945
3114,0.15249227907421192,2__mutated,PertCortex_2_GCTGCAGGTCTTCGTC,2.748601933325367
3115,0.18081905609789498,2__mutated,PertCortex_2_GCTGCAGTCCTGCTTG,3.738198691318309
3116,0.11550376093411024,2__mutated,PertCortex_2_GCTGCGAAGTTATCGC,4.835753399893091
3117,0.6361751861856593,2__mutated,PertCortex_2_GCTGCGACACATGGGA,2.0449260349146696
3118,0.5535215381211955,2__mutated,PertCortex_2_GCTGCGAGTACTCGCG,2.428915413806957
3119,0.5259342717361026,2__mutated,PertCortex_2_GCTGCGATCATGCAAC,1.7284552258553971
3120,0.10192551593271826,2__mutated,PertCortex_2_GCTGCGATCGTTACAG,3.946544062128253
3121,0.1422402114715669,2__mutated,PertCortex_2_GCTGCTTAGGACAGCT,3.338950691092543
3122,0.1652411712598711,2__mutated,PertCortex_2_GCTGCTTCACGGTAAG,4.188685624282195
3123,0.23983565278807617,2__mutated,PertCortex_2_GCTGCTTGTTACGCGC,3.5828438658685937
3124,0.20264910849247347,2__mutated,PertCortex_2_GCTGCTTGTTGATTGC,3.73657089756988
3125,0.26047071194390187,2__mutated,PertCortex_2_GCTGCTTTCTGCTGCT,3.3802938476460542
3126,0.09283542047244417,2__mutated,PertCortex_2_GCTGGGTCATGAGCGA,2.3339397848964794
3127,0.0970224038970397,2__mutated,PertCortex_2_GCTGGGTCATTACCTT,4.023602266188768
3128,0.14110333701937694,2__mutated,PertCortex_2_GCTGGGTGTAGCGTGA,3.8547458438129825
3129,0.2405559308571133,2__mutated,PertCortex_2_GCTTCCAAGAAGCCCA,3.2973039642409185
3130,0.32760138183711407,2__mutated,PertCortex_2_GCTTCCAAGACAATAC,3.301449710392382
3131,0.08047308605434075,2__mutated,PertCortex_2_GCTTCCAAGGGTGTTG,4.497789060086736
3132,0.29912747779317983,2__mutated,PertCortex_2_GCTTCCACACTCGACG,3.564527524046649
3133,0.2574318248020008,2__mutated,PertCortex_2_GCTTCCACAGCGTCCA,3.5113779412499353
3134,0.13199276324401038,2__mutated,PertCortex_2_GCTTCCAGTTCAGTAC,3.908137408266879
3135,0.27072145019798466,2__mutated,PertCortex_2_GCTTCCATCCCTTGCA,2.8899077533762236
3136,0.1628076469733149,2__mutated,PertCortex_2_GCTTCCATCGTATCAG,4.786480879970373
3137,0.1451567823339473,2__mutated,PertCortex_2_GGAAAGCGTCAGATAA,4.135320532804041
3138,0.13349921400513826,2__mutated,PertCortex_2_GGAAAGCGTCGGCATC,3.9162046602022937
3139,0.13228170814168044,2__mutated,PertCortex_2_GGAAAGCTCGAATCCA,4.090035743528733
3140,0.46742738670699785,2__mutated,PertCortex_2_GGAAAGCTCTGGTGTA,2.407426563654703
3141,0.16828654801833515,2__mutated,PertCortex_2_GGAACTTGTAACGCGA,4.286695582826832
3142,0.6719071223380362,2__mutated,PertCortex_2_GGAACTTTCGCATGGC,1.6830524713292012
3143,0.30785480847745444,2__mutated,PertCortex_2_GGAACTTTCTTACCTA,2.2448506126192433
3144,0.23976222366524036,2__mutated,PertCortex_2_GGAATAAGTCCGTCAG,2.909912882933269
3145,0.22740201235261756,2__mutated,PertCortex_2_GGAATAAGTCGACTAT,3.159074754255314
3146,0.2092108378984289,2__mutated,PertCortex_2_GGAATAATCCAAACAC,3.43625656989162
3147,0.14113546968161775,2__mutated,PertCortex_2_GGAATAATCGTGTAGT,4.875439187548975
3148,0.1920143813018619,2__mutated,PertCortex_2_GGACAAGGTCCTGCTT,3.7250710240629146
3149,0.11156120928052479,2__mutated,PertCortex_2_GGACAAGGTGGACGAT,3.6302778320270344
3150,0.3307425416564548,2__mutated,PertCortex_2_GGACAAGTCGCACTCT,2.210005016834699
3151,0.1791053569006193,2__mutated,PertCortex_2_GGACAGAAGTCAAGGC,3.1226196531686847
3152,0.16828646187161395,2__mutated,PertCortex_2_GGACAGAAGTTGAGAT,3.3208806380183837
3153,0.19674157455438843,2__mutated,PertCortex_2_GGACAGAGTAGCTCCG,5.741596682459663
3154,0.6323432897349962,2__mutated,PertCortex_2_GGACAGAGTCATCCCT,1.8979567322342747
3155,0.1299207204753722,2__mutated,PertCortex_2_GGACATTAGATCCGAG,3.648992376579031
3156,0.25556681079792626,2__mutated,PertCortex_2_GGACATTCAGTATAAG,3.0913185226426703
3157,0.18804233743157417,2__mutated,PertCortex_2_GGACATTGTCCTAGCG,3.6723336340232446
3158,0.6159238757779031,2__mutated,PertCortex_2_GGACGTCGTAATCGTC,2.0536510014786193
3159,0.3022596755895549,2__mutated,PertCortex_2_GGAGCAAGTACAGTGG,4.842040477862147
3160,0.12738735569093484,2__mutated,PertCortex_2_GGAGCAAGTATCGCAT,3.9546477936006585
3161,0.0031614856514940505,2__mutated,PertCortex_2_GGAGCAAGTCGGCTCA,3.879320389893999
3162,0.14386006178535857,2__mutated,PertCortex_2_GGATGTTGTCTCATCC,4.879992387957183
3163,0.13879314288616573,2__mutated,PertCortex_2_GGATTACAGAGTACCG,4.892216869459919
3164,0.21414785909059378,2__mutated,PertCortex_2_GGATTACAGCACAGGT,3.719903457443815
3165,0.5637073825083206,2__mutated,PertCortex_2_GGATTACAGGGCACTA,2.2285764574159854
3166,0.1075981955805148,2__mutated,PertCortex_2_GGATTACCAAGACGTG,4.263712766973173
3167,0.36931633513199624,2__mutated,PertCortex_2_GGATTACTCGGTCTAA,1.8358342735062592
3168,0.2079057008635513,2__mutated,PertCortex_2_GGCAATTAGACTAGGC,3.172441490179509
3169,0.1502538381121943,2__mutated,PertCortex_2_GGCAATTAGTTGTAGA,3.137170060597784
3170,0.148066944783848,2__mutated,PertCortex_2_GGCAATTCACAAGCCC,3.63788894641293
3171,0.15937599871323072,2__mutated,PertCortex_2_GGCAATTGTGACGGTA,3.9429253752299336
3172,0.12743400268577654,2__mutated,PertCortex_2_GGCAATTTCGCGCCAA,5.696113225827272
3173,0.17221197322975906,2__mutated,PertCortex_2_GGCCGATAGTCAATAG,3.3235397660838526
3174,0.2466264744424188,2__mutated,PertCortex_2_GGCGACTAGAGCTATA,3.4009201596116774
3175,0.08706303717082438,2__mutated,PertCortex_2_GGCGACTAGGCGACAT,4.046467930934221
3176,0.2210887805999427,2__mutated,PertCortex_2_GGCGACTCAGCTCCGA,3.316704562558659
3177,0.5107078959209898,2__mutated,PertCortex_2_GGCGACTTCGCGGATC,2.4177845064576347
3178,0.08527132111626648,2__mutated,PertCortex_2_GGCGTGTGTAGCGTGA,4.676178901079063
3179,0.16134089812517002,2__mutated,PertCortex_2_GGCGTGTGTTACGTCA,3.5692543429104235
3180,0.5536255141052815,2__mutated,PertCortex_2_GGCTCGAAGCCAGTAG,2.1985047212667514
3181,0.21591828820506945,2__mutated,PertCortex_2_GGCTCGACATCGACGC,3.377421623274727
3182,0.19454079364865398,2__mutated,PertCortex_2_GGCTCGATCGCCAGCA,3.8656321740087716
3183,0.1698753130126961,2__mutated,PertCortex_2_GGCTCGATCTGGTATG,3.700032595068977
3184,0.20910189023674178,2__mutated,PertCortex_2_GGCTGGTCACGAGGTA,3.3962719691506496
3185,0.1207315028452514,2__mutated,PertCortex_2_GGCTGGTGTTAGTGGG,3.9313962883789477
3186,0.4559358828860016,2__mutated,PertCortex_2_GGCTGGTTCACCACCT,2.086075154901916
3187,0.0554112940586762,2__mutated,PertCortex_2_GGCTGGTTCGGAGCAA,2.353762084221421
3188,0.29596083927568034,2__mutated,PertCortex_2_GGGAATGCATCAGTCA,2.7091602176933693
3189,0.37223989646612854,2__mutated,PertCortex_2_GGGAATGGTAAATACG,2.2465146722906373
3190,0.14072410353330722,2__mutated,PertCortex_2_GGGAATGGTCCTCCAT,3.9771250251164085
3191,0.18185387521221316,2__mutated,PertCortex_2_GGGAATGGTGCAGGTA,3.5998576064136403
3192,0.1694222680552516,2__mutated,PertCortex_2_GGGACCTAGAGTACAT,3.7300950727210567
3193,0.5546275127847907,2__mutated,PertCortex_2_GGGACCTAGCTGCGAA,1.7744566436045561
3194,0.12713037575408467,2__mutated,PertCortex_2_GGGACCTCATCCGGGT,4.723865441471926
3195,0.10821454077453722,2__mutated,PertCortex_2_GGGACCTTCAGAGGTG,4.081475507732956
3196,0.3641142219833554,2__mutated,PertCortex_2_GGGACCTTCTGCAGTA,3.066114634557106
3197,0.1318327550297048,2__mutated,PertCortex_2_GGGAGATGTTAAGGGC,4.067753408754325
3198,0.1961261664356339,2__mutated,PertCortex_2_GGGAGATTCGGTCCGA,2.249923916819879
3199,0.2535049528038784,2__mutated,PertCortex_2_GGGATGAAGCGACGTA,3.196414327241414
3200,0.34861312872157635,2__mutated,PertCortex_2_GGGATGAGTGCGCTTG,2.4681510343275996
3201,0.22239960001731807,2__mutated,PertCortex_2_GGGATGAGTTATCACG,4.086582419298438
3202,0.2612247011430491,2__mutated,PertCortex_2_GGGATGATCACGAAGG,2.9596031435160306
3203,0.24998951998331487,2__mutated,PertCortex_2_GGGCACTAGATGCCTT,4.779906231502393
3204,0.16770531752913645,2__mutated,PertCortex_2_GGGCACTCAACAACCT,3.10372347096668
3205,0.10611001991464769,2__mutated,PertCortex_2_GGGCACTCAACGATCT,4.08702469980007
3206,0.19452270694940482,2__mutated,PertCortex_2_GGGCACTCAGTATGCT,2.7323742208554265
3207,0.27342140166654405,2__mutated,PertCortex_2_GGGCACTTCAGGCCCA,2.9334256658133477
3208,0.26314133492982467,2__mutated,PertCortex_2_GGGCATCAGATGTGGC,2.503689784994174
3209,0.10714928982496491,2__mutated,PertCortex_2_GGGCATCAGCACAGGT,3.935841335744183
3210,0.12063330152784177,2__mutated,PertCortex_2_GGGCATCAGCCGATTT,4.286427827710661
3211,0.12539486834045274,2__mutated,PertCortex_2_GGGCATCAGGAATCGC,3.4221367787159958
3212,0.16974459615628187,2__mutated,PertCortex_2_GGGTCTGAGAGCCTAG,4.390489473812992
3213,0.00822588906128715,2__mutated,PertCortex_2_GGGTCTGAGCTATGCT,4.629484648154092
3214,0.08313672520987092,2__mutated,PertCortex_2_GGGTCTGAGTGTGGCA,5.260144675271317
3215,0.14211036270531735,2__mutated,PertCortex_2_GGGTCTGAGTTCGCGC,3.497002313262101
3216,0.5791362591606647,2__mutated,PertCortex_2_GGGTCTGCATACGCTA,2.1412494231363906
3217,0.4913513019883928,2__mutated,PertCortex_2_GGGTCTGGTAACGTTC,2.266572340283257
3218,0.20186488374498424,2__mutated,PertCortex_2_GGGTCTGGTCACCTAA,3.7077644266461767
3219,0.2178342522640768,2__mutated,PertCortex_2_GGGTCTGGTCGAGATG,4.1526734006338595
3220,0.1609352595668366,2__mutated,PertCortex_2_GGGTTGCCAAAGGAAG,2.7672942047316234
3221,0.18762719970845848,2__mutated,PertCortex_2_GGGTTGCCAGCTGGCT,4.168858531448379
3222,0.14006561683148205,2__mutated,PertCortex_2_GGGTTGCGTAAATACG,2.9237154228463162
3223,0.061609378817546405,2__mutated,PertCortex_2_GGGTTGCGTCAGGACA,3.9047824354103406
3224,0.2047475237493071,2__mutated,PertCortex_2_GGGTTGCTCCGCTGTT,4.141095755003767
3225,0.6607095507360848,2__mutated,PertCortex_2_GGGTTGCTCGGCTACG,1.7387255372869086
3226,0.0660436718175991,2__mutated,PertCortex_2_GGTATTGGTCTGCCAG,3.826259072044564
3227,0.2398302366952792,2__mutated,PertCortex_2_GGTATTGGTGTGCGTC,3.758461774228579
3228,0.31752417719928383,2__mutated,PertCortex_2_GGTATTGGTTACGTCA,3.003457433812716
3229,0.15762180290606045,2__mutated,PertCortex_2_GGTATTGGTTACTGAC,3.8617209605579346
3230,0.7481876631555605,2__mutated,PertCortex_2_GGTGAAGGTCACTTCC,1.3727668718197303
3231,0.5464473902209207,2__mutated,PertCortex_2_GGTGAAGGTCTCTCTG,2.662186063791001
3232,0.1480934267605901,2__mutated,PertCortex_2_GGTGAAGGTGTGAATA,3.3703266811337227
3233,0.5399690490579185,2__mutated,PertCortex_2_GGTGAAGGTTCTCATT,2.3647590712234607
3234,0.27172340104413484,2__mutated,PertCortex_2_GGTGAAGTCCTATGTT,3.3922807564456754
3235,0.21065976290235802,2__mutated,PertCortex_2_GGTGAAGTCTGGAGCC,3.7627648453374736
3236,0.15968738967749982,2__mutated,PertCortex_2_GGTGCGTAGATCCGAG,4.05991551316276
3237,0.14337775041616105,2__mutated,PertCortex_2_GGTGCGTAGTGAACGC,4.421492680484371
3238,0.11052354720480947,2__mutated,PertCortex_2_GGTGCGTCATCCGCGA,4.346924297131331
3239,0.2144491858237411,2__mutated,PertCortex_2_GGTGCGTCATCTCCCA,3.437642158283664
3240,0.46948350308106807,2__mutated,PertCortex_2_GGTGCGTGTCCGAGTC,1.840055973249564
3241,0.08762190413525124,2__mutated,PertCortex_2_GGTGTTAAGCCACTAT,2.8750430242982694
3242,0.39081663448902315,2__mutated,PertCortex_2_GGTGTTAGTACCGTAT,2.476603164652205
3243,0.40685372747266646,2__mutated,PertCortex_2_GGTGTTAGTCGGGTCT,3.705975909949925
3244,0.1957505872299859,2__mutated,PertCortex_2_GGTGTTAGTTCCGGCA,3.532790101918921
3245,0.2667430340140955,2__mutated,PertCortex_2_GGTGTTAGTTCGAATC,3.1793732484959984
3246,0.23718528215076726,2__mutated,PertCortex_2_GTAACGTAGACATAAC,2.6014601852813337
3247,0.20966707537086043,2__mutated,PertCortex_2_GTAACGTCATCGGAAG,5.170344368564257
3248,0.3100155807663165,2__mutated,PertCortex_2_GTAACTGAGACTGTAA,3.151809249061486
3249,0.14124442642087034,2__mutated,PertCortex_2_GTAACTGAGACTTGAA,3.8970044542771665
3250,0.12549002230609071,2__mutated,PertCortex_2_GTAACTGCAAAGGAAG,5.281706017016977
3251,0.2887154692847973,2__mutated,PertCortex_2_GTAACTGCACATAACC,2.9102914345904813
3252,0.2344420315338619,2__mutated,PertCortex_2_GTACGTAAGAGTGAGA,3.9546002659674824
3253,0.5389839891554526,2__mutated,PertCortex_2_GTACGTAAGTACGCGA,2.6110925754494105
3254,0.1346564501759629,2__mutated,PertCortex_2_GTACGTACAGATCGGA,3.9562420525314095
3255,0.13978137454307252,2__mutated,PertCortex_2_GTACGTATCAAGGCTT,4.1503896593404646
3256,0.07534396457033705,2__mutated,PertCortex_2_GTACGTATCAGCACAT,4.1542868553584915
3257,0.12384249981541318,2__mutated,PertCortex_2_GTACTCCAGTGGTCCC,4.740687733935756
3258,0.20630335540583128,2__mutated,PertCortex_2_GTACTCCCATTGGGCC,3.1444799240763595
3259,0.1649797553129993,2__mutated,PertCortex_2_GTACTCCTCAGAGGTG,3.8131499286206565
3260,0.6846633785371682,2__mutated,PertCortex_2_GTACTTTAGATCCCAT,1.6790547299571983
3261,0.2596015887326499,2__mutated,PertCortex_2_GTACTTTAGCCAGAAC,4.162691796146559
3262,0.15019895696542526,2__mutated,PertCortex_2_GTACTTTAGTTGCAGG,4.623481238216803
3263,0.11242658908308854,2__mutated,PertCortex_2_GTACTTTTCGACCAGC,4.208474631234151
3264,0.19333041745497387,2__mutated,PertCortex_2_GTAGGCCAGATCTGCT,3.641650673266463
3265,0.031020906626740893,2__mutated,PertCortex_2_GTAGGCCCAATCGGTT,5.24629103364066
3266,0.7018594371501259,2__mutated,PertCortex_2_GTAGGCCCACAACGTT,1.6174827226380353
3267,0.11756048376317062,2__mutated,PertCortex_2_GTAGGCCTCGGAGGTA,3.5254710756117364
3268,0.5538072857212671,2__mutated,PertCortex_2_GTAGTCAGTCATGCAT,2.315095081890709
3269,0.15836656797916654,2__mutated,PertCortex_2_GTAGTCAGTCGAACAG,4.733975884009707
3270,0.26735013323439927,2__mutated,PertCortex_2_GTAGTCATCACGACTA,3.0898185377053315
3271,0.17642085113104888,2__mutated,PertCortex_2_GTATCTTAGCGAGAAA,4.2964091259362664
3272,0.22671330888717603,2__mutated,PertCortex_2_GTATCTTAGGTAAACT,3.4847392076884187
3273,0.5908289731840877,2__mutated,PertCortex_2_GTATCTTGTGGTCTCG,2.1577377256675407
3274,0.07808679440397252,2__mutated,PertCortex_2_GTATCTTGTTTAAGCC,3.452119214919575
3275,0.1000574563444059,2__mutated,PertCortex_2_GTATCTTTCTCGTATT,4.216303731620066
3276,0.038605161776595696,2__mutated,PertCortex_2_GTATTCTCAGCCAATT,3.0466024633055864
3277,0.2826306105875392,2__mutated,PertCortex_2_GTATTCTGTACATGTC,2.244061679117283
3278,0.1051792614823896,2__mutated,PertCortex_2_GTCAAGTCAGGACGTA,4.166677145431582
3279,0.07503474440615353,2__mutated,PertCortex_2_GTCAAGTGTGTAAGTA,4.339913227556705
3280,0.2262079705260902,2__mutated,PertCortex_2_GTCAAGTTCATGTCCC,3.24145439272249
3281,0.2606447934659726,2__mutated,PertCortex_2_GTCAAGTTCTCAAGTG,2.8809564518608677
3282,0.09144363115628355,2__mutated,PertCortex_2_GTCACGGAGCGCCTTG,3.4754166682002134
3283,0.12880393693602488,2__mutated,PertCortex_2_GTCACGGCACATAACC,4.295063843747741
3284,0.21465510539590218,2__mutated,PertCortex_2_GTCCTCAAGCTAACAA,3.5518477641272757
3285,0.24993875319323436,2__mutated,PertCortex_2_GTCGGGTAGCGCCTTG,1.946183436347278
3286,0.2173157624604695,2__mutated,PertCortex_2_GTCGGGTAGGCAATTA,3.5721562162711296
3287,0.09207975541909078,2__mutated,PertCortex_2_GTCGGGTCATCTATGG,4.904423674534653
3288,0.14657160950290352,2__mutated,PertCortex_2_GTCGGGTGTCGGGTCT,4.983832140073617
3289,0.32361291221785216,2__mutated,PertCortex_2_GTCGTAAAGACAGAGA,3.0430180025066886
3290,0.40952629447829014,2__mutated,PertCortex_2_GTCGTAAAGACTCGGA,3.84180663138182
3291,0.10224390198230815,2__mutated,PertCortex_2_GTCGTAAAGAGTAATC,4.110676369723591
3292,0.4150157926611867,2__mutated,PertCortex_2_GTCGTAACATCTATGG,3.7607535590185455
3293,0.12132445411868821,2__mutated,PertCortex_2_GTCGTAACATTCCTGC,4.583760618242224
3294,0.09379575369833681,2__mutated,PertCortex_2_GTCGTAAGTAAAGGAG,5.1027404646547
3295,0.13910160752124406,2__mutated,PertCortex_2_GTCGTAAGTGCAACGA,5.272733350613296
3296,0.18471712524898812,2__mutated,PertCortex_2_GTCGTAAGTTCAACCA,4.316317432369536
3297,0.7069857489491242,2__mutated,PertCortex_2_GTCGTAATCTGTTTGT,1.6220127446309538
3298,0.17456952048794014,2__mutated,PertCortex_2_GTCTCGTAGGCGCTCT,4.309150056816028
3299,0.092723277016343,2__mutated,PertCortex_2_GTCTCGTCAAGCTGAG,4.676709933530301
3300,0.6821413211979694,2__mutated,PertCortex_2_GTCTCGTCACCCTATC,1.72358023331357
3301,0.10578435175706273,2__mutated,PertCortex_2_GTCTCGTCATTGGTAC,3.9234565075710788
3302,0.08390496621682825,2__mutated,PertCortex_2_GTCTCGTGTGATGTGG,4.227526803277452
3303,0.2525387224951143,2__mutated,PertCortex_2_GTCTCGTTCACCGTAA,2.6492139603109437
3304,0.13236091569372896,2__mutated,PertCortex_2_GTCTCGTTCTAAGCCA,4.395243882111863
3305,0.1715157393922022,2__mutated,PertCortex_2_GTCTCGTTCTCGTTTA,3.6235593301885376
3306,0.1968596128571346,2__mutated,PertCortex_2_GTCTTCGGTACACCGC,3.5326850141317983
3307,0.19134341883630862,2__mutated,PertCortex_2_GTCTTCGGTTCTGGTA,4.034231491992056
3308,0.18858504105652046,2__mutated,PertCortex_2_GTGAAGGAGATGGGTC,3.6683767577394755
3309,0.21868459292936335,2__mutated,PertCortex_2_GTGAAGGAGGGATGGG,4.730665137814642
3310,0.12361183995623388,2__mutated,PertCortex_2_GTGAAGGAGTGGACGT,4.259683834864061
3311,0.5524524040877193,2__mutated,PertCortex_2_GTGCAGCCAATGACCT,2.214204798705308
3312,0.1700976370179718,2__mutated,PertCortex_2_GTGCAGCCATATACCG,3.1926103606192555
3313,0.2540800732292423,2__mutated,PertCortex_2_GTGCAGCGTATAATGG,3.3325011484550777
3314,0.2194035608350046,2__mutated,PertCortex_2_GTGCAGCGTCCGCTGA,3.4366712504600225
3315,0.17684568670710368,2__mutated,PertCortex_2_GTGCAGCGTTAAAGAC,3.459962167917698
3316,0.27841649919350686,2__mutated,PertCortex_2_GTGCATAGTGCTCTTC,3.2579209032948246
3317,0.6831801619850595,2__mutated,PertCortex_2_GTGCGGTAGGGTTTCT,1.817944685679491
3318,0.3962404219301416,2__mutated,PertCortex_2_GTGCGGTCAAACGCGA,3.671144038443843
3319,0.5500020298712349,2__mutated,PertCortex_2_GTGCTTCAGGGCTCTC,2.0080343573806254
3320,0.09627337136544514,2__mutated,PertCortex_2_GTGCTTCGTCACAAGG,4.810005486038146
3321,0.25466015133152786,2__mutated,PertCortex_2_GTGCTTCGTGTGAATA,3.514614948910219
3322,0.17926744199205605,2__mutated,PertCortex_2_GTGGGTCAGAGACTTA,3.3443884040231224
3323,0.16013457919261448,2__mutated,PertCortex_2_GTGGGTCCACGAGAGT,4.253369708138013
3324,0.530896107153696,2__mutated,PertCortex_2_GTGGGTCCAGATGGCA,2.2797986193896485
3325,0.06425831010944766,2__mutated,PertCortex_2_GTGGGTCCATGGTTGT,2.6165472272828985
3326,0.1804973750871616,2__mutated,PertCortex_2_GTGGGTCGTAAGTGGC,3.093917236234656
3327,0.10841310487787874,2__mutated,PertCortex_2_GTGTGCGCAAATCCGT,3.806088689495029
3328,0.23091541794348278,2__mutated,PertCortex_2_GTGTGCGCACAGAGGT,3.0193550351505727
3329,0.09795525113484378,2__mutated,PertCortex_2_GTGTGCGCACGCATCG,3.0426865421860594
3330,0.062377661661215854,2__mutated,PertCortex_2_GTGTGCGGTCAACTGT,3.8306667754498203
3331,0.1919930943866167,2__mutated,PertCortex_2_GTGTGCGTCCCTCTTT,3.7204851068031677
3332,0.42914467587850696,2__mutated,PertCortex_2_GTGTTAGAGGTGACCA,2.0655404796481807
3333,0.6203566765456812,2__mutated,PertCortex_2_GTGTTAGCAAGTTGTC,2.0457173827572737
3334,0.10754199496531433,2__mutated,PertCortex_2_GTGTTAGCAATCGAAA,3.997346895874468
3335,0.11020719298102052,2__mutated,PertCortex_2_GTGTTAGTCACAACGT,4.5727131763854025
3336,0.11371661944185531,2__mutated,PertCortex_2_GTGTTAGTCGGACAAG,2.359997920611711
3337,0.3011202542223926,2__mutated,PertCortex_2_GTTAAGCGTATATGGA,2.4218744168429605
3338,0.5738785611630777,2__mutated,PertCortex_2_GTTAAGCGTGCCTGCA,2.0545858299091586
3339,0.2217120934646708,2__mutated,PertCortex_2_GTTAAGCTCGAACTGT,3.574046064607029
3340,0.07645722951399601,2__mutated,PertCortex_2_GTTACAGAGGCAATTA,4.9017776597966005
3341,0.15751895854121087,2__mutated,PertCortex_2_GTTACAGAGGGTTCCC,2.709772441518459
3342,0.1266309968673727,2__mutated,PertCortex_2_GTTACAGCAGGTCGTC,3.6630321235942658
3343,0.08988344144906785,2__mutated,PertCortex_2_GTTACAGGTTCAGTAC,2.5565855692276127
3344,0.15418704328928073,2__mutated,PertCortex_2_GTTCATTCAAAGAATC,4.2524643777051825
3345,0.1443102135760521,2__mutated,PertCortex_2_GTTCATTCACACGCTG,5.132608315077612
3346,0.27422354765612655,2__mutated,PertCortex_2_GTTCATTGTCTGCAAT,2.8367013234156397
3347,0.15781733094536818,2__mutated,PertCortex_2_GTTCGGGGTTCAGGCC,2.7807398323440284
3348,0.23535702312005632,2__mutated,PertCortex_2_GTTCGGGTCTGTCCGT,3.1200469095172467
3349,0.5624223932364315,2__mutated,PertCortex_2_GTTCTCGAGAATGTGT,1.6308540271336724
3350,0.02120321584953859,2__mutated,PertCortex_2_GTTCTCGCAGACGTAG,4.167731121446416
3351,0.4947447704587894,2__mutated,PertCortex_2_GTTCTCGTCTCGCATC,2.26044065344548
3352,0.5402622125866564,2__mutated,PertCortex_2_GTTTCTAAGAGAGCTC,2.410749329034744
3353,0.201318589621031,2__mutated,PertCortex_2_GTTTCTACAGGCGATA,4.807545518389281
3354,0.22212775356090386,2__mutated,PertCortex_2_GTTTCTATCACAATGC,4.194051524834294
3355,0.19639487652019139,2__mutated,PertCortex_2_TAAACCGAGCAACGGT,3.1846914046916455
3356,0.08415225297338116,2__mutated,PertCortex_2_TAAACCGAGTTAGCGG,4.1363209729297274
3357,0.24277500879537323,2__mutated,PertCortex_2_TAAACCGAGTTGTAGA,3.3564925745561376
3358,0.1826684878438221,2__mutated,PertCortex_2_TAAACCGGTGACGCCT,3.994228532182603
3359,0.1962734395171315,2__mutated,PertCortex_2_TAAACCGGTTAAGACA,2.8956227673825006
3360,0.1942707230034399,2__mutated,PertCortex_2_TAAGAGAAGAAGGACA,2.653296093830334
3361,0.21736037873293532,2__mutated,PertCortex_2_TAAGAGACAAAGCGGT,3.0666208873428156
3362,0.27253297509457314,2__mutated,PertCortex_2_TAAGAGACACATGGGA,2.9567087577664024
3363,0.1956799777568879,2__mutated,PertCortex_2_TAAGAGAGTACCTACA,3.4187930187412934
3364,0.12457399743885143,2__mutated,PertCortex_2_TAAGCGTAGTGTCTCA,3.1852214816761197
3365,0.07454735416542038,2__mutated,PertCortex_2_TAAGCGTCACTACAGT,4.638206350369072
3366,0.1070135407255338,2__mutated,PertCortex_2_TAAGCGTCAGCTGTGC,2.994945064288635
3367,0.05091464387147658,2__mutated,PertCortex_2_TAAGCGTCAGGTCTCG,4.3083107302609
3368,0.02262342035270493,2__mutated,PertCortex_2_TAAGCGTGTAGTACCT,4.423753263555062
3369,0.1157805003507735,2__mutated,PertCortex_2_TAAGTGCAGGTAGCTG,4.0579493401728035
3370,0.467820957550726,2__mutated,PertCortex_2_TAAGTGCTCATGCATG,2.6371748471218304
3371,0.09531188429721718,2__mutated,PertCortex_2_TAAGTGCTCCACGCAG,4.146995940885462
3372,0.06669963042465883,2__mutated,PertCortex_2_TACACGAAGACTGTAA,4.343345639642849
3373,0.30455723684103014,2__mutated,PertCortex_2_TACACGACAGCTGGCT,2.7121443758923722
3374,0.053167349762493835,2__mutated,PertCortex_2_TACACGAGTTCGGGCT,3.2069727400757926
3375,0.12663385899977936,2__mutated,PertCortex_2_TACAGTGAGCCCAGCT,4.358976393703913
3376,0.23808926531995436,2__mutated,PertCortex_2_TACAGTGCAGGTTTCA,3.3874366099580357
3377,0.2131388327353399,2__mutated,PertCortex_2_TACAGTGCAGTATCTG,3.2632770014424994
3378,0.21511376162282095,2__mutated,PertCortex_2_TACAGTGCATCCTTGC,3.15726291868488
3379,0.11596532957378321,2__mutated,PertCortex_2_TACAGTGGTGGCCCTA,4.495803298000159
3380,0.1752449872920853,2__mutated,PertCortex_2_TACAGTGTCCGTTGCT,4.452907567312304
3381,0.0788897790521734,2__mutated,PertCortex_2_TACCTATAGCGGATCA,4.562280546631822
3382,0.13449517341941572,2__mutated,PertCortex_2_TACCTATGTAAATGTG,5.050436098271267
3383,0.6145136345728991,2__mutated,PertCortex_2_TACCTATGTCTCTTTA,2.2556631605445774
3384,0.6233477922155809,2__mutated,PertCortex_2_TACCTATTCTTCGAGA,2.2089976207130992
3385,0.31406570658830013,2__mutated,PertCortex_2_TACCTTAAGACGCTTT,3.7283251897999885
3386,0.24661446434770715,2__mutated,PertCortex_2_TACCTTAAGCCCGAAA,3.1775478397230827
3387,0.10509030850289505,2__mutated,PertCortex_2_TACCTTAAGGGCACTA,3.745578742104729
3388,0.17795566767400772,2__mutated,PertCortex_2_TACCTTAGTGATGCCC,3.6135245039833053
3389,0.10883064016256087,2__mutated,PertCortex_2_TACGGATCACACCGAC,4.226785664893918
3390,0.11513654046053225,2__mutated,PertCortex_2_TACGGATCACAGAGGT,3.7802037063363376
3391,0.5539092172319093,2__mutated,PertCortex_2_TACGGATCACGGCCAT,1.9452660885727178
3392,0.17377322603652023,2__mutated,PertCortex_2_TACGGATCAGCAGTTT,3.856073721801534
3393,0.13861969167090474,2__mutated,PertCortex_2_TACGGATGTCTTGTCC,4.667408103480586
3394,0.16388706530439712,2__mutated,PertCortex_2_TACGGGCAGAAACCGC,3.369553515529968
3395,0.14882233313063006,2__mutated,PertCortex_2_TACGGGCAGACTTGAA,4.342175716271914
3396,0.18748725039300235,2__mutated,PertCortex_2_TACGGGCAGGTTACCT,3.2390761413566316
3397,0.15660299554183102,2__mutated,PertCortex_2_TACGGGCCAACGATCT,3.3710759706415594
3398,0.18260797834662085,2__mutated,PertCortex_2_TACGGGCGTGTAACGG,2.8270260311903046
3399,0.18982182620004964,2__mutated,PertCortex_2_TACGGGCTCTGCGACG,3.1298933966423443
3400,0.13595021066663493,2__mutated,PertCortex_2_TACGGTACATACCATG,4.706753707688128
3401,0.1107717833204571,2__mutated,PertCortex_2_TACGGTAGTACGCACC,5.349756501354548
3402,0.1938571449214472,2__mutated,PertCortex_2_TACTCATCAATCAGAA,3.9187329544556886
3403,0.18336006868946433,2__mutated,PertCortex_2_TACTCATCAGCTGTTA,3.057915317391626
3404,0.190250126067818,2__mutated,PertCortex_2_TACTCATGTTGTTTGG,3.0074326618451903
3405,0.21627334643796062,2__mutated,PertCortex_2_TACTCATTCAGAGACG,3.3924603934305786
3406,0.1857415944358985,2__mutated,PertCortex_2_TACTCGCCAACGCACC,4.351887757156606
3407,0.05501516573188472,2__mutated,PertCortex_2_TACTCGCCATCTATGG,4.4698996683967405
3408,0.6744008481728333,2__mutated,PertCortex_2_TACTCGCGTAGCACGA,1.9415516698324793
3409,0.09229369048811714,2__mutated,PertCortex_2_TACTCGCGTTGGTGGA,4.766476392649807
3410,0.13049019977751478,2__mutated,PertCortex_2_TACTTACAGAGTCGGT,3.379305194317406
3411,0.5463020024505141,2__mutated,PertCortex_2_TACTTACAGCTCCCAG,2.7698527821750654
3412,0.23244001681712725,2__mutated,PertCortex_2_TACTTACCAACACCCG,3.807581207344512
3413,0.11458119286811241,2__mutated,PertCortex_2_TACTTACGTAGCGCTC,3.8776103264016
3414,0.20254634028161883,2__mutated,PertCortex_2_TACTTGTAGAACAACT,3.0096672942589326
3415,0.08193173263322882,2__mutated,PertCortex_2_TACTTGTGTACACCGC,3.5669765935980506
3416,0.23704951332284974,2__mutated,PertCortex_2_TACTTGTGTCGGCACT,2.7371579070972607
3417,0.0667372071260339,2__mutated,PertCortex_2_TACTTGTTCATGCATG,4.3156926373988584
3418,0.2817895601767243,2__mutated,PertCortex_2_TAGACCAAGGGCTTGA,3.110440076084005
3419,0.170019775493083,2__mutated,PertCortex_2_TAGACCAGTCATCGGC,4.258020413794483
3420,0.33971864820707554,2__mutated,PertCortex_2_TAGACCATCAAGCCTA,4.391443446682661
3421,0.16219169202225633,2__mutated,PertCortex_2_TAGAGCTAGAAGGTTT,3.8127872549263926
3422,0.21883432888407817,2__mutated,PertCortex_2_TAGAGCTCAAACCCAT,3.2725352622063384
3423,0.1240791956130467,2__mutated,PertCortex_2_TAGAGCTCACAGGAGT,4.857428297198805
3424,0.11570910700722281,2__mutated,PertCortex_2_TAGAGCTCACTGTTAG,3.915187424191605
3425,0.4809185865111643,2__mutated,PertCortex_2_TAGAGCTGTACACCGC,3.2179952111531653
3426,0.08561124973420088,2__mutated,PertCortex_2_TAGAGCTGTCCTCCAT,4.236660461049866
3427,0.06579879324663128,2__mutated,PertCortex_2_TAGCCGGCAGCCTTGG,4.7333526184064265
3428,0.26794356470165753,2__mutated,PertCortex_2_TAGCCGGCATCGGTTA,2.9627403955413683
3429,0.23069708968136912,2__mutated,PertCortex_2_TAGGCATAGCTAAGAT,3.449211026441272
3430,0.6150868280074527,2__mutated,PertCortex_2_TAGGCATCAACGATGG,2.154006095658742
3431,0.13391388556441666,2__mutated,PertCortex_2_TAGGCATCACTTGGAT,2.3604993726260246
3432,0.24511156723716757,2__mutated,PertCortex_2_TAGTGGTAGGAGCGTT,3.538953930839053
3433,0.16131148310088606,2__mutated,PertCortex_2_TAGTGGTCATGTCCTC,4.222393500822955
3434,0.6840833072324312,2__mutated,PertCortex_2_TAGTGGTGTTCGTTGA,1.9041636606914905
3435,0.45418993024270743,2__mutated,PertCortex_2_TAGTGGTTCAGTCCCT,3.757630845155747
3436,0.11008511529113013,2__mutated,PertCortex_2_TAGTTGGCACTTAACG,3.736664698605548
3437,0.27450954529060345,2__mutated,PertCortex_2_TAGTTGGCAGTTTACG,3.0278278905470053
3438,0.34992186285792876,2__mutated,PertCortex_2_TATCAGGGTTGCGTTA,2.1257461506982627
3439,0.5670617397343495,2__mutated,PertCortex_2_TATCAGGTCTCTTATG,2.250987871433281
3440,0.19153354100402553,2__mutated,PertCortex_2_TATCTCAAGAATTGTG,3.863184781796501
3441,0.25008297178222777,2__mutated,PertCortex_2_TATCTCACATCGTCGG,2.8498311887559566
3442,0.17505093315762396,2__mutated,PertCortex_2_TATCTCAGTTCAACCA,2.588111490889248
3443,0.6343209490740089,2__mutated,PertCortex_2_TATCTCATCACGCATA,2.0717151675611833
3444,0.23467704722103958,2__mutated,PertCortex_2_TATGCCCCACTTAACG,3.1952096685204006
3445,0.26304527031474334,2__mutated,PertCortex_2_TATGCCCCAGGTCGTC,2.2544298114861014
3446,0.562727680240038,2__mutated,PertCortex_2_TATGCCCCATTCTTAC,1.1834546063698461
3447,0.034900884707713124,2__mutated,PertCortex_2_TATGCCCGTGCACCAC,4.337679156538124
3448,0.13804465417061948,2__mutated,PertCortex_2_TATGCCCGTGTGACCC,5.415965448254494
3449,0.6439324292701022,2__mutated,PertCortex_2_TATTACCAGAGAGCTC,2.0208790699247348
3450,0.04919825439663024,2__mutated,PertCortex_2_TATTACCCACTGAAGG,4.755027823491446
3451,0.20067738069905622,2__mutated,PertCortex_2_TATTACCCAGATAATG,3.773553004349439
3452,0.15824533114787892,2__mutated,PertCortex_2_TATTACCGTTTGTGTG,3.7983666357056354
3453,0.09207210259757438,2__mutated,PertCortex_2_TATTACCTCTGGGCCA,3.620601057784606
3454,0.26904769698890413,2__mutated,PertCortex_2_TCAACGAAGAGGACGG,3.0387093520866073
3455,0.6424891812546921,2__mutated,PertCortex_2_TCAACGACAGCCAATT,1.905249942625776
3456,0.39184943466259564,2__mutated,PertCortex_2_TCAACGACAGCCTATA,2.72025649551548
3457,0.10132166926562491,2__mutated,PertCortex_2_TCAACGATCGAGCCCA,4.057100685520009
3458,0.5508495485700595,2__mutated,PertCortex_2_TCAATCTGTTAAGACA,2.4263134980294234
3459,0.28863616667519815,2__mutated,PertCortex_2_TCACAAGAGCTCTCGG,3.0133092970139974
3460,0.5809871510848422,2__mutated,PertCortex_2_TCACAAGAGTTTCCTT,2.137106101930578
3461,0.2414455678543948,2__mutated,PertCortex_2_TCACAAGCATGGTCTA,3.440160165787064
3462,0.49662392489709445,2__mutated,PertCortex_2_TCACAAGGTTGATTCG,2.495601458749533
3463,0.6510284607127576,2__mutated,PertCortex_2_TCACAAGTCATTGCGA,1.9025339260778003
3464,0.3091911816550478,2__mutated,PertCortex_2_TCACAAGTCCTGCAGG,2.2903747640162875
3465,0.13822327705950957,2__mutated,PertCortex_2_TCACAAGTCGACAGCC,3.35163393524215
3466,0.3605888548768366,2__mutated,PertCortex_2_TCACGAAAGCCCAATT,2.2021459040038427
3467,0.18735766386479213,2__mutated,PertCortex_2_TCACGAACAGGGTACA,4.478115274248459
3468,0.23199122866654834,2__mutated,PertCortex_2_TCACGAATCCTTTCGG,3.20808763550025
3469,0.15116773150187435,2__mutated,PertCortex_2_TCACGAATCTTGACGA,4.696882131842724
3470,0.19635730027346093,2__mutated,PertCortex_2_TCAGATGAGAGGTACC,3.43899392581796
3471,0.30265400087695676,2__mutated,PertCortex_2_TCAGATGAGTACGCCC,2.9695224681287793
3472,0.5911702695254077,2__mutated,PertCortex_2_TCAGATGTCAACGAAA,1.946411376692177
3473,0.27980770701740343,2__mutated,PertCortex_2_TCAGCAAAGGAGTCTG,3.4370511697684245
3474,0.20728432434864794,2__mutated,PertCortex_2_TCAGCAAAGGCATGGT,3.3192455874404954
3475,0.2674036222715088,2__mutated,PertCortex_2_TCAGCAAAGTGGTCCC,3.2883372959633097
3476,0.063472841677153,2__mutated,PertCortex_2_TCAGCAACAAACTGTC,4.423488237501106
3477,0.16664856102853032,2__mutated,PertCortex_2_TCAGCAAGTCTAGTGT,4.537554338652703
3478,0.6509873266677862,2__mutated,PertCortex_2_TCAGCAATCTCCGGTT,1.7842403874607025
3479,0.06563643502549896,2__mutated,PertCortex_2_TCAGCTCAGCCTATGT,4.02741684245573
3480,0.20637415544580004,2__mutated,PertCortex_2_TCAGCTCAGCTAGTGG,4.27262992785851
3481,0.10415529668550359,2__mutated,PertCortex_2_TCAGCTCCACCTTGTC,4.610086603954331
3482,0.0909390984027964,2__mutated,PertCortex_2_TCAGCTCTCAGTCAGT,4.229791581709507
3483,0.5390433138422436,2__mutated,PertCortex_2_TCAGCTCTCGCCTGTT,1.850756834419302
3484,0.17085940487185436,2__mutated,PertCortex_2_TCAGCTCTCGGAATCT,3.594144406620661
3485,0.1875435080449387,2__mutated,PertCortex_2_TCAGGATAGCGTAATA,3.7504234760431245
3486,0.12607269999619297,2__mutated,PertCortex_2_TCAGGATAGGGATGGG,4.820629632915621
3487,0.12625731834187442,2__mutated,PertCortex_2_TCAGGATAGTATTGGA,4.327124779943844
3488,0.38174103053040614,2__mutated,PertCortex_2_TCAGGATCAATCAGAA,4.11737804310711
3489,0.18735014707966358,2__mutated,PertCortex_2_TCAGGATGTGTGACCC,5.138881703636349
3490,0.6845726096187801,2__mutated,PertCortex_2_TCAGGATTCGACAGCC,1.6075511732475942
3491,0.11539198404862822,2__mutated,PertCortex_2_TCAGGATTCTCGCATC,3.7237188058555577
3492,0.1404353629328505,2__mutated,PertCortex_2_TCAGGTAAGGACTGGT,4.319593001914518
3493,0.14245776709702662,2__mutated,PertCortex_2_TCAGGTAAGTGGCACA,3.673223172511277
3494,0.13654417125364565,2__mutated,PertCortex_2_TCAGGTACATATACGC,4.011447981379431
3495,0.2675719710707003,2__mutated,PertCortex_2_TCAGGTAGTAGTACCT,3.327332709043104
3496,0.17981275875492472,2__mutated,PertCortex_2_TCAGGTAGTCGCTTTC,4.161142854451586
3497,0.19138322230415064,2__mutated,PertCortex_2_TCATTACCAGCTGTAT,3.2196352679713085
3498,0.0720081936132949,2__mutated,PertCortex_2_TCATTACGTAAGGGAA,4.604016263545885
3499,0.17710888021760327,2__mutated,PertCortex_2_TCATTACGTCGACTAT,3.6631632434358763
3500,0.16199199645896303,2__mutated,PertCortex_2_TCATTACGTCTTGATG,3.7082602205961526
3501,0.5891830866966702,2__mutated,PertCortex_2_TCATTACTCGTACCGG,2.453766615065682
3502,0.5165419886799606,2__mutated,PertCortex_2_TCATTACTCTCACATT,2.2774371475751627
3503,0.2517288248035161,2__mutated,PertCortex_2_TCATTTGAGGACGAAA,3.1145187578663163
3504,0.11336207118399841,2__mutated,PertCortex_2_TCATTTGCAAGGGTCA,5.02185391773138
3505,0.15454910299714744,2__mutated,PertCortex_2_TCATTTGCACATTCGA,4.969343951686978
3506,0.28791569962278657,2__mutated,PertCortex_2_TCATTTGGTGACAAAT,2.4292240878342617
3507,0.2009719969220403,2__mutated,PertCortex_2_TCATTTGTCCCGGATG,3.254510333571703
3508,0.2577584919707164,2__mutated,PertCortex_2_TCATTTGTCCTTTCGG,4.018408872794395
3509,0.1592416983522548,2__mutated,PertCortex_2_TCCACACGTAACGCGA,4.842355174720529
3510,0.10121104201335271,2__mutated,PertCortex_2_TCCCGATAGCAGATCG,4.345016349106724
3511,0.09337419646445802,2__mutated,PertCortex_2_TCCCGATCAATGAAAC,4.4753325906933314
3512,0.4711523660506125,2__mutated,PertCortex_2_TCCCGATCACTACAGT,2.191330919171507
3513,0.5820957035365318,2__mutated,PertCortex_2_TCCCGATTCATAGCAC,2.0665366737298894
3514,0.624088789501018,2__mutated,PertCortex_2_TCGAGGCAGTCCAGGA,1.9391592778773015
3515,0.1051834410216973,2__mutated,PertCortex_2_TCGCGAGCATCTGGTA,4.661515329810881
3516,0.20047855715312296,2__mutated,PertCortex_2_TCGCGAGGTCCCTTGT,2.760976161937575
3517,0.23906398969826417,2__mutated,PertCortex_2_TCGCGTTAGAGACTAT,4.021690737409891
3518,0.17404640673362917,2__mutated,PertCortex_2_TCGCGTTAGGGAAACA,3.257165963035027
3519,0.2743962410364665,2__mutated,PertCortex_2_TCGCGTTAGGTGATAT,2.413079738286926
3520,0.2720769616074594,2__mutated,PertCortex_2_TCGCGTTCAGTACACT,3.287976029323276
3521,0.12084791118983046,2__mutated,PertCortex_2_TCGGGACAGACCTAGG,4.452262492584628
3522,0.1766853909605358,2__mutated,PertCortex_2_TCGGGACAGATGTGGC,4.2428963798137325
3523,0.2848357374865883,2__mutated,PertCortex_2_TCGGGACAGTCAAGCG,2.6230605257063995
3524,0.21031097604473634,2__mutated,PertCortex_2_TCGGGACAGTCGATAA,2.7861497920504035
3525,0.6594334330378728,2__mutated,PertCortex_2_TCGGGACTCACCGTAA,1.6195076857370567
3526,0.14764565578567265,2__mutated,PertCortex_2_TCGGTAAGTACTCGCG,5.44030565206946
3527,0.2740036432224661,2__mutated,PertCortex_2_TCGGTAATCCACGCAG,3.198778212608352
3528,0.1977120574408275,2__mutated,PertCortex_2_TCGTACCCAGTTCCCT,3.082183623397598
3529,0.6216448554487359,2__mutated,PertCortex_2_TCGTACCGTACCGTTA,1.938268844207545
3530,0.27739105852229295,2__mutated,PertCortex_2_TCGTACCGTAGCGCTC,3.138454704640911
3531,0.1948418237283885,2__mutated,PertCortex_2_TCGTACCGTTCGTTGA,3.6727511577587904
3532,0.08162778533981915,2__mutated,PertCortex_2_TCGTAGAAGACTTGAA,3.7307543567562544
3533,0.34717618482635376,2__mutated,PertCortex_2_TCGTAGATCACCAGGC,2.182041418051108
3534,0.17105735433779362,2__mutated,PertCortex_2_TCGTAGATCGGTTCGG,3.922915939002706
3535,0.21508333801025875,2__mutated,PertCortex_2_TCTATTGAGGGTGTTG,5.329897084620105
3536,0.12766741715796026,2__mutated,PertCortex_2_TCTATTGCAGCTGGCT,4.325825028638358
3537,0.20876682450390271,2__mutated,PertCortex_2_TCTATTGTCCTAGGGC,4.027923895509692
3538,0.2808954640274491,2__mutated,PertCortex_2_TCTCATAAGACCTAGG,2.3675902448707156
3539,0.12994238643413447,2__mutated,PertCortex_2_TCTCATACACCTTGTC,4.321462965287886
3540,0.5839252513031038,2__mutated,PertCortex_2_TCTCATACAGCTGCTG,2.2734726115208734
3541,0.13040245926146338,2__mutated,PertCortex_2_TCTCATACATGGTCAT,4.307576943840035
3542,0.22550630342565725,2__mutated,PertCortex_2_TCTCATAGTCGCGGTT,3.433360049247617
3543,0.5870780085337347,2__mutated,PertCortex_2_TCTCATAGTTCGTGAT,2.2239291021759056
3544,0.28977827862574473,2__mutated,PertCortex_2_TCTCATATCCGAATGT,2.729027358071042
3545,0.24728216344070636,2__mutated,PertCortex_2_TCTCATATCTATCCTA,3.546927500614773
3546,0.16697543886322436,2__mutated,PertCortex_2_TCTCTAAAGTCGATAA,4.519028796539842
3547,0.11389116352831204,2__mutated,PertCortex_2_TCTGAGAAGCTGCGAA,4.0603376039940295
3548,0.1993804478157145,2__mutated,PertCortex_2_TCTGAGAGTTAAGATG,4.3892274835507745
3549,0.10500800150703009,2__mutated,PertCortex_2_TCTGAGATCTGGCGTG,5.0721432178621
3550,0.09314364752348389,2__mutated,PertCortex_2_TCTGGAAAGTTATCGC,3.9162910997575797
3551,0.20686630787976482,2__mutated,PertCortex_2_TCTGGAAGTCCCTTGT,3.947092801987689
3552,0.11854059334975622,2__mutated,PertCortex_2_TCTGGAAGTGCCTGGT,5.114670695348808
3553,0.20193017664953347,2__mutated,PertCortex_2_TCTTCGGAGGAGTCTG,3.589653237864939
3554,0.14786533597252838,2__mutated,PertCortex_2_TCTTCGGGTAAGGATT,3.089849185419749
3555,0.5355182513322577,2__mutated,PertCortex_2_TCTTCGGGTCGGCATC,2.1729836342126307
3556,0.1589165143626756,2__mutated,PertCortex_2_TCTTTCCCACATTCGA,3.441399653867457
3557,0.23876978999183895,2__mutated,PertCortex_2_TGAAAGACAGACAAGC,3.087782100581303
3558,0.07356354280006924,2__mutated,PertCortex_2_TGAAAGACAGACGCTC,4.484441393482284
3559,0.46428851530851917,2__mutated,PertCortex_2_TGAAAGAGTCTTCAAG,2.1786005407709412
3560,0.6312255975292719,2__mutated,PertCortex_2_TGAAAGATCACAGTAC,1.9216950607895078
3561,0.12111108065921501,2__mutated,PertCortex_2_TGACAACAGAAGATTC,4.107078947219927
3562,0.15480209084199498,2__mutated,PertCortex_2_TGACAACAGGAGCGAG,5.118437878447568
3563,0.11834653799151046,2__mutated,PertCortex_2_TGACAACAGTCAATAG,3.238291528112625
3564,0.23780471261312924,2__mutated,PertCortex_2_TGACAACTCTAAGCCA,4.282071543109801
3565,0.23581450989595573,2__mutated,PertCortex_2_TGACGGCGTAAGAGGA,4.100481230228749
3566,0.16074899948387222,2__mutated,PertCortex_2_TGACGGCGTTGTACAC,4.693254678665801
3567,0.18462215910031696,2__mutated,PertCortex_2_TGACGGCTCACCTTAT,4.3566579629490745
3568,0.4006589400847625,2__mutated,PertCortex_2_TGACGGCTCTGTCTCG,2.0931732702955146
3569,0.17666747308412667,2__mutated,PertCortex_2_TGACTAGAGACGCACA,4.176328115795984
3570,0.1831728671272274,2__mutated,PertCortex_2_TGACTAGTCACTGGGC,4.40924728843029
3571,0.11855353819861533,2__mutated,PertCortex_2_TGACTTTCAGAGTGTG,3.2712895703108846
3572,0.0766365083317756,2__mutated,PertCortex_2_TGACTTTCATGTCCTC,4.145204416934759
3573,0.13104462661408137,2__mutated,PertCortex_2_TGACTTTTCAACACAC,4.351127122268335
3574,0.17087169690785242,2__mutated,PertCortex_2_TGAGAGGAGAGCAATT,4.3706253665147115
3575,0.2401934269758963,2__mutated,PertCortex_2_TGAGAGGCAACTGCGC,3.695833157622762
3576,0.23865205583263358,2__mutated,PertCortex_2_TGAGAGGCAAGCGTAG,3.2548915665975025
3577,0.4598585371225528,2__mutated,PertCortex_2_TGAGAGGCACAACGTT,2.1714566530235317
3578,0.12160173485572362,2__mutated,PertCortex_2_TGAGAGGGTAATTGGA,3.9758502292924836
3579,0.1850536579419664,2__mutated,PertCortex_2_TGAGCATGTAAACGCG,2.894464857080266
3580,0.12256006605508067,2__mutated,PertCortex_2_TGAGCATGTGCGATAG,2.8780875158860706
3581,0.2692796025229528,2__mutated,PertCortex_2_TGAGCATTCGCATGAT,3.1737059621140693
3582,0.23864615387508487,2__mutated,PertCortex_2_TGAGCCGTCCAAACAC,3.542446268112313
3583,0.2302463286571543,2__mutated,PertCortex_2_TGAGGGAAGAAACCAT,3.213747381856284
3584,0.15961558389597905,2__mutated,PertCortex_2_TGAGGGAAGAGACTAT,4.649946578868501
3585,0.13480460066453534,2__mutated,PertCortex_2_TGAGGGAGTGCTGTAT,5.382449314613664
3586,0.13199738077894702,2__mutated,PertCortex_2_TGATTTCCATCTGGTA,2.4589400978515488
3587,0.27153276940120735,2__mutated,PertCortex_2_TGATTTCGTATCGCAT,4.195491964164239
3588,0.5762043572663905,2__mutated,PertCortex_2_TGCACCTCAAGGGTCA,2.4869787231867386
3589,0.07631259711006766,2__mutated,PertCortex_2_TGCACCTGTACTTCTT,3.671260949271058
3590,0.3712177843211798,2__mutated,PertCortex_2_TGCACCTTCCTTCAAT,2.6452722683645837
3591,0.13486029059788218,2__mutated,PertCortex_2_TGCCAAAAGCCAGTAG,3.535156803142818
3592,0.26960513147901927,2__mutated,PertCortex_2_TGCCAAAAGTGGAGAA,3.4276048617582964
3593,0.30838410033347013,2__mutated,PertCortex_2_TGCCAAAGTATGGTTC,2.982284176013026
3594,0.12994491249538756,2__mutated,PertCortex_2_TGCCAAAGTTCGGCAC,2.668450435404188
3595,0.30988971490541445,2__mutated,PertCortex_2_TGCCAAATCTGACCTC,2.1783170091185293
3596,0.5396264025946009,2__mutated,PertCortex_2_TGCCCATAGCCGGTAA,2.124734656059727
3597,0.5006941353784831,2__mutated,PertCortex_2_TGCCCATCAGATGGCA,2.471298236721499
3598,0.057174970808784246,2__mutated,PertCortex_2_TGCCCATGTGACAAAT,4.0805006515005715
3599,0.24035731778960964,2__mutated,PertCortex_2_TGCCCATGTGGCCCTA,4.29683400059708
3600,0.24035179547143684,2__mutated,PertCortex_2_TGCCCATTCAATCTCT,3.149921036745027
3601,0.24509140168743285,2__mutated,PertCortex_2_TGCCCATTCATTATCC,3.147317081789954
3602,0.42322191635467876,2__mutated,PertCortex_2_TGCCCATTCCTTGACC,3.682034749527441
3603,0.3137275449628946,2__mutated,PertCortex_2_TGCCCTACACTGAAGG,2.890256296157305
3604,0.6193679558221329,2__mutated,PertCortex_2_TGCCCTAGTCAAAGAT,1.8624485142315375
3605,0.11093590508222921,2__mutated,PertCortex_2_TGCCCTATCTGAGGGA,4.112487893725141
3606,0.10852183921360505,2__mutated,PertCortex_2_TGCGCAGAGAAAGTGG,5.071534803240713
3607,0.1442108643379862,2__mutated,PertCortex_2_TGCGCAGAGACAGACC,3.421734730285113
3608,0.13590752987972354,2__mutated,PertCortex_2_TGCGCAGGTACTTGAC,3.4639595896815565
3609,0.061492209023389616,2__mutated,PertCortex_2_TGCGCAGTCCCTAACC,4.59382029241741
3610,0.1843644944193809,2__mutated,PertCortex_2_TGCGGGTCACACAGAG,3.1009788135738936
3611,0.09233055293731239,2__mutated,PertCortex_2_TGCGGGTCACAGATTC,3.0048558148015054
3612,0.09923443237780791,2__mutated,PertCortex_2_TGCGGGTGTCAATACC,2.6667752890276724
3613,0.12428398796560992,2__mutated,PertCortex_2_TGCGGGTGTCTTGTCC,3.9126462451029065
3614,0.21284461424812748,2__mutated,PertCortex_2_TGCGGGTGTTGGTTTG,2.8854631925221885
3615,0.14801853887256497,2__mutated,PertCortex_2_TGCGTGGTCAGGCGAA,4.4466854257096875
3616,0.18608619754085443,2__mutated,PertCortex_2_TGCGTGGTCAGTGCAT,3.420671201843192
3617,0.11596323255124956,2__mutated,PertCortex_2_TGCGTGGTCGCCTGAG,5.022133614011846
3618,0.21830063839275107,2__mutated,PertCortex_2_TGCGTGGTCGGATGGA,3.8182587499859166
3619,0.3327893868277644,2__mutated,PertCortex_2_TGCTACCAGACAGACC,3.203177966536347
3620,0.09680290460607564,2__mutated,PertCortex_2_TGCTACCCACAGGAGT,3.847382302235745
3621,0.5988856150905892,2__mutated,PertCortex_2_TGCTGCTAGCCCGAAA,2.0972107580715464
3622,0.5143899104595173,2__mutated,PertCortex_2_TGCTGCTGTGCCTTGG,2.29581888661265
3623,0.13110556200027723,2__mutated,PertCortex_2_TGGACGCAGGTTCCTA,4.723314194092715
3624,0.19401825289584795,2__mutated,PertCortex_2_TGGACGCCAGGGCATA,3.545733714892903
3625,0.46038811049943057,2__mutated,PertCortex_2_TGGACGCCATGCCTAA,2.0624099190065763
3626,0.15948998878679985,2__mutated,PertCortex_2_TGGACGCCATTGAGCT,4.1854994706382875
3627,0.24816336164504807,2__mutated,PertCortex_2_TGGACGCGTACTCGCG,3.339491441342673
3628,0.6358197845723593,2__mutated,PertCortex_2_TGGACGCGTATCGCAT,2.1512836713491774
3629,0.15100840732371926,2__mutated,PertCortex_2_TGGACGCGTTACTGAC,3.899736467543824
3630,0.2675304000410462,2__mutated,PertCortex_2_TGGACGCTCACTCCTG,2.9764450176318817
3631,0.0685420970559181,2__mutated,PertCortex_2_TGGACGCTCGCACTCT,4.337290597772886
3632,0.2131322888420653,2__mutated,PertCortex_2_TGGCCAGAGAAACGAG,2.7664604144704428
3633,0.14046317847238043,2__mutated,PertCortex_2_TGGCCAGAGGTACTCT,4.081103517190411
3634,0.24750002494643855,2__mutated,PertCortex_2_TGGCCAGAGTGTCCCG,2.9497813694567165
3635,0.18609968595193568,2__mutated,PertCortex_2_TGGCGCAAGTGTACTC,4.575390708243325
3636,0.6378248321116282,2__mutated,PertCortex_2_TGGCGCACACGCTTTC,1.6688088973254116
3637,0.4561881351240679,2__mutated,PertCortex_2_TGGCGCAGTATATCCG,2.652923137782197
3638,0.24160490822784567,2__mutated,PertCortex_2_TGGCTGGCAATCTGCA,4.147928841701805
3639,0.5901558005469492,2__mutated,PertCortex_2_TGGCTGGTCACTCTTA,2.0105008678342347
3640,0.0961878005913328,2__mutated,PertCortex_2_TGGCTGGTCAGTGTTG,4.252770376996306
3641,0.4528644145599168,2__mutated,PertCortex_2_TGGCTGGTCCACGCAG,2.5028792260819666
3642,0.11885589510424854,2__mutated,PertCortex_2_TGGGAAGAGGATGCGT,4.173920601054546
3643,0.20508745797556097,2__mutated,PertCortex_2_TGGGAAGCAAGAAAGG,3.5954824205496037
3644,0.6983317555379569,2__mutated,PertCortex_2_TGGGAAGCACTATCTT,1.6064198936386134
3645,0.19841893560832446,2__mutated,PertCortex_2_TGGGAAGTCACTGGGC,3.1824439120493078
3646,0.15829895837217117,2__mutated,PertCortex_2_TGGGAAGTCGCACTCT,4.576419585520651
3647,0.17244665433835624,2__mutated,PertCortex_2_TGGGCGTTCACTTACT,3.525605409612796
3648,0.5119685440980265,2__mutated,PertCortex_2_TGGGCGTTCATATCGG,2.1582204643325413
3649,0.4191301201753405,2__mutated,PertCortex_2_TGGGCGTTCCAGATCA,2.155132121610238
3650,0.10052570954004636,2__mutated,PertCortex_2_TGGTTAGAGGCCCTCA,3.512019907812881
3651,0.15840586624844186,2__mutated,PertCortex_2_TGGTTAGAGTTCGCAT,3.010529237595729
3652,0.1723141061145742,2__mutated,PertCortex_2_TGGTTAGCAGGTGCCT,4.079580583369801
3653,0.18093570828997163,2__mutated,PertCortex_2_TGGTTAGGTGCACCAC,3.75757221376195
3654,0.06359679557997973,2__mutated,PertCortex_2_TGGTTAGGTGGCCCTA,4.410634991662961
3655,0.016168166706279297,2__mutated,PertCortex_2_TGGTTCCAGAAACCGC,5.170888179310039
3656,0.08361567012351134,2__mutated,PertCortex_2_TGGTTCCAGTGAAGAG,3.4053393037766546
3657,0.06494091890064191,2__mutated,PertCortex_2_TGGTTCCCATCCGCGA,4.065950295627482
3658,0.06588811681269159,2__mutated,PertCortex_2_TGGTTCCGTAATTGGA,3.9888009378591587
3659,0.2359650581100057,2__mutated,PertCortex_2_TGGTTCCGTACCGGCT,3.448809714324461
3660,0.15624729751462632,2__mutated,PertCortex_2_TGGTTCCTCGATGAGG,3.861096095990378
3661,0.46951967960559027,2__mutated,PertCortex_2_TGTATTCAGACCGGAT,2.4769219066504524
3662,0.058026780917204895,2__mutated,PertCortex_2_TGTATTCCAAGAAGAG,3.868335794719253
3663,0.1365943656682685,2__mutated,PertCortex_2_TGTCCCAAGTAGGTGC,2.5825598814288226
3664,0.09868187711815903,2__mutated,PertCortex_2_TGTCCCAAGTATCGAA,3.711476505620855
3665,0.24743547554515116,2__mutated,PertCortex_2_TGTCCCACAGCTGTTA,2.690984989016816
3666,0.6149416094268871,2__mutated,PertCortex_2_TGTCCCAGTGTTTGTG,2.057931881479189
3667,0.16627759305190384,2__mutated,PertCortex_2_TGTCCCATCTGTCTAT,4.1362345715604825
3668,0.2273475933559539,2__mutated,PertCortex_2_TGTGGTAAGGAATTAC,3.407468032316315
3669,0.0476948765762848,2__mutated,PertCortex_2_TGTGGTACACGTTGGC,4.171668070839861
3670,0.09531227562420486,2__mutated,PertCortex_2_TGTGGTAGTCCGTGAC,4.257722739049067
3671,0.11273543657415179,2__mutated,PertCortex_2_TGTGGTATCACAGTAC,4.759212148358119
3672,0.160291312074563,2__mutated,PertCortex_2_TGTGTTTAGCAGGCTA,4.033132269421721
3673,0.17382740588340814,2__mutated,PertCortex_2_TGTGTTTAGTATCGAA,4.545708613281514
3674,0.6013443731838592,2__mutated,PertCortex_2_TGTGTTTCAGCGTAAG,1.9395308996416916
3675,0.1320627090392824,2__mutated,PertCortex_2_TGTGTTTGTTGTCTTT,4.92270269663353
3676,0.1516262804439052,2__mutated,PertCortex_2_TGTTCCGAGTATCGAA,4.240278857344694
3677,0.1635278611567525,2__mutated,PertCortex_2_TGTTCCGCACGGTGTC,2.9788130013736587
3678,0.24084342638798534,2__mutated,PertCortex_2_TGTTCCGGTCCTGCTT,3.109565880609108
3679,0.5518502406748732,2__mutated,PertCortex_2_TGTTCCGTCCGCGTTT,2.2934956948560696
3680,0.22364254403400455,2__mutated,PertCortex_2_TGTTCCGTCGTCACGG,3.6588875684255444
3681,0.545922439232015,2__mutated,PertCortex_2_TTAACTCAGACATAAC,1.4147944926991645
3682,0.09999378483106902,2__mutated,PertCortex_2_TTAACTCAGAGACGAA,4.276614358644602
3683,0.14515283132816395,2__mutated,PertCortex_2_TTAACTCAGCAGGCTA,3.6540293767384227
3684,0.3575005913700128,2__mutated,PertCortex_2_TTAACTCAGTCGATAA,3.699743676570822
3685,0.1613391993694687,2__mutated,PertCortex_2_TTAACTCCAAACTGTC,2.8885195336784886
3686,0.5592044950065563,2__mutated,PertCortex_2_TTAACTCCATCAGTAC,2.160466100302255
3687,0.0768154206878699,2__mutated,PertCortex_2_TTAACTCGTCCTAGCG,5.107533792551276
3688,0.27466213850029925,2__mutated,PertCortex_2_TTAGGACGTCTCCACT,4.051759549702955
3689,0.2410638715500533,2__mutated,PertCortex_2_TTAGGACGTTCGTGAT,3.8221473070545438
3690,0.13465732625002144,2__mutated,PertCortex_2_TTAGGCACAGCTTAAC,3.576003230570269
3691,0.1564648579891144,2__mutated,PertCortex_2_TTAGGCAGTCCGAAGA,3.1427359921916356
3692,0.09328402622620115,2__mutated,PertCortex_2_TTAGTTCAGGAGTTGC,4.887503083726257
3693,0.17666389748992425,2__mutated,PertCortex_2_TTAGTTCAGTTCCACA,4.241070804938157
3694,0.07582268177762262,2__mutated,PertCortex_2_TTAGTTCCAGGTCTCG,4.808013697174199
3695,0.12100424632371537,2__mutated,PertCortex_2_TTAGTTCCATATGGTC,3.6205669720426323
3696,0.436748163206845,2__mutated,PertCortex_2_TTATGCTAGTCTCAAC,2.293174878664433
3697,0.299166275887544,2__mutated,PertCortex_2_TTATGCTCAGTGGGAT,3.3113282153444534
3698,0.12305286194558145,2__mutated,PertCortex_2_TTATGCTGTATTCTCT,4.517623982277992
3699,0.07962087550752445,2__mutated,PertCortex_2_TTATGCTTCTAACTCT,3.540480683954128
3700,0.3118372747548919,2__mutated,PertCortex_2_TTATGCTTCTCTAAGG,3.406720006228776
3701,0.24157219570165395,2__mutated,PertCortex_2_TTCCCAGCATGTTGAC,2.9843909536382442
3702,0.5903214236590548,2__mutated,PertCortex_2_TTCCCAGTCCTTTCTC,1.9645463280072752
3703,0.587729907606908,2__mutated,PertCortex_2_TTCGAAGAGAATTGTG,2.1891943650570207
3704,0.09035238123808471,2__mutated,PertCortex_2_TTCGAAGAGCTTATCG,4.161246641227242
3705,0.1480981433903995,2__mutated,PertCortex_2_TTCGAAGTCACAGTAC,4.135891925103663
3706,0.08796199873287039,2__mutated,PertCortex_2_TTCGAAGTCATAGCAC,3.946130340853651
3707,0.6299515432393973,2__mutated,PertCortex_2_TTCGGTCAGGCGACAT,1.8694128819542815
3708,0.14418386592061946,2__mutated,PertCortex_2_TTCGGTCGTCGGCATC,4.204972624095329
3709,0.4609636436571721,2__mutated,PertCortex_2_TTCGGTCTCCAATGGT,1.8282662533549436
3710,0.2507863849108013,2__mutated,PertCortex_2_TTCTACATCCCTCTTT,3.4526054272852287
3711,0.12258312683930708,2__mutated,PertCortex_2_TTCTCAAAGGCGATAC,4.66442077331264
3712,0.17246598846850095,2__mutated,PertCortex_2_TTCTCAACACTGCCAG,4.3725587441875815
3713,0.12227879562603779,2__mutated,PertCortex_2_TTCTCCTAGACCGGAT,4.500611110170732
3714,0.12137407838127305,2__mutated,PertCortex_2_TTCTCCTAGGACAGCT,3.7930665952693627
3715,0.15839155568960772,2__mutated,PertCortex_2_TTCTCCTAGGCTCTTA,3.435841648000681
3716,0.11136018330606395,2__mutated,PertCortex_2_TTCTCCTAGGTGCTAG,4.167321056227876
3717,0.24073543288940355,2__mutated,PertCortex_2_TTCTTAGAGACTTGAA,3.2840714269051885
3718,0.23371321753332414,2__mutated,PertCortex_2_TTCTTAGAGTTCCACA,3.0220043971690513
3719,0.18129362135437885,2__mutated,PertCortex_2_TTCTTAGCAAGCTGTT,2.5348355723817706
3720,0.2763381936420006,2__mutated,PertCortex_2_TTCTTAGGTTAAGGGC,2.9042675074331417
3721,0.29167840748742907,2__mutated,PertCortex_2_TTCTTAGTCAAACAAG,3.4513286097934004
3722,0.22572285144927154,2__mutated,PertCortex_2_TTCTTAGTCAATCACG,3.66986993801586
3723,0.2238092585359723,2__mutated,PertCortex_2_TTGAACGAGGACTGGT,3.1808633656127068
3724,0.2670303736488526,2__mutated,PertCortex_2_TTGAACGCAGATTGCT,3.4599882343237507
3725,0.11331099190380091,2__mutated,PertCortex_2_TTGACTTCATTGCGGC,4.237106237599649
3726,0.3317755567266582,2__mutated,PertCortex_2_TTGACTTGTCAAAGCG,3.424733105527849
3727,0.3363591007960125,2__mutated,PertCortex_2_TTGCCGTAGAAACGAG,2.550313456577094
3728,0.09441575497730163,2__mutated,PertCortex_2_TTGCCGTAGATAGGAG,5.296172263931627
3729,0.11421310917294512,2__mutated,PertCortex_2_TTGCCGTAGATATACG,4.906447671708244
3730,0.11780550036468769,2__mutated,PertCortex_2_TTGCCGTCATGCCTAA,4.459126864980999
3731,0.45511043942905943,2__mutated,PertCortex_2_TTGCGTCCACATTTCT,2.252344430042088
3732,0.6521124595505077,2__mutated,PertCortex_2_TTGGCAAAGCCAGAAC,1.9117250107913488
3733,0.62230812717911,2__mutated,PertCortex_2_TTGGCAAAGGGTCTCC,2.0688675544501245
3734,0.10609909783859336,2__mutated,PertCortex_2_TTGGCAACAGCTCCGA,5.137878370528645
3735,0.23231119692870636,2__mutated,PertCortex_2_TTGGCAATCCCGGATG,2.895664851698623
3736,0.21261267591157534,2__mutated,PertCortex_2_TTGGCAATCGAGAGCA,3.9978667093437483
3737,0.048129612742782414,2__mutated,PertCortex_2_TTGTAGGCAAATCCGT,4.419136114522873
3738,0.18775835913954997,2__mutated,PertCortex_2_TTGTAGGCACAGGCCT,3.579797427297768
3739,0.1747835888049111,2__mutated,PertCortex_2_TTTACTGAGAACTCGG,4.8603858051426885
3740,0.068609023505765,2__mutated,PertCortex_2_TTTACTGCACGTGAGA,3.9820769128153652
3741,0.17163917118783312,2__mutated,PertCortex_2_TTTACTGCAGGATTGG,3.638025406193655
3742,0.32187800660947913,2__mutated,PertCortex_2_TTTACTGCATCTATGG,3.129977284879412
3743,0.12226279882703113,2__mutated,PertCortex_2_TTTACTGGTAGCGTGA,4.3505599871564
3744,0.043265881946066495,2__mutated,PertCortex_2_TTTACTGTCAGAGACG,4.494644226208173
3745,0.14336645165336834,2__mutated,PertCortex_2_TTTATGCAGAGAGCTC,4.846300289926358
3746,0.5555296490937864,2__mutated,PertCortex_2_TTTATGCTCCTTTCGG,2.432507865568012
3747,0.30689026827547056,2__mutated,PertCortex_2_TTTATGCTCGGATGTT,3.7274259339519498
3748,0.2546938622154844,2__mutated,PertCortex_2_TTTATGCTCTACGAGT,3.460829950796637
3749,0.5185675327300387,2__mutated,PertCortex_2_TTTCCTCAGAAACGCC,2.8117977655575594
3750,0.2104972914846998,2__mutated,PertCortex_2_TTTCCTCAGAGTACAT,4.590258206708581
3751,0.0962500770930211,2__mutated,PertCortex_2_TTTCCTCCATCTCCCA,4.909081373106588
3752,0.13878410131132768,2__mutated,PertCortex_2_TTTCCTCGTTGAGGTG,4.161021054407931
3753,0.6513174362503649,2__mutated,PertCortex_2_TTTCCTCTCATAACCG,2.051209875723017
3754,0.5285917969474367,2__mutated,PertCortex_2_TTTGCGCAGCACACAG,2.89322151673517
3755,0.5797064236556811,2__mutated,PertCortex_2_TTTGCGCAGCCCGAAA,1.9937724683560598
3756,0.1474156010599362,2__mutated,PertCortex_2_TTTGCGCAGGAGCGAG,4.981768188195892
3757,0.12101394905108938,2__mutated,PertCortex_2_TTTGGTTCACATCTTT,3.6553840087071765
3758,0.18236626374992196,2__mutated,PertCortex_2_TTTGGTTGTACAGACG,4.018570487922399
3759,0.15778806713627552,2__mutated,PertCortex_2_TTTGGTTTCCCGACTT,3.313935481905941
3760,0.055381939672634876,2__mutated,PertCortex_2_TTTGTCAAGTCATGCT,2.7662051202710436
3761,0.40594319708273713,2__mutated,PertCortex_2_TTTGTCACAATCGAAA,3.205747338776926
3762,0.06270613436277425,2__mutated,PertCortex_2_TTTGTCACAGCCTGTG,4.355418891920913
3763,0.12663959701439836,2__mutated,PertCortex_2_TTTGTCACAGGGTACA,4.162728437350876
3764,0.5244054472708121,2__mutated,PertCortex_2_TTTGTCAGTAGAAAGG,2.8658548839526135
3765,0.18498573730335888,3__mutated,PertCortex_3_AAACGGGTCTCATTCA,3.4000371690625424
3766,0.5527696151283245,3__mutated,PertCortex_3_AAAGCAAGTAAGGATT,2.3614375142161954
3767,0.09209954179059895,3__mutated,PertCortex_3_AAAGTAGCACTTAACG,4.0469229762834
3768,0.14419102595108452,3__mutated,PertCortex_3_AAAGTAGGTTATCGGT,4.54885524742935
3769,0.10805372546236379,3__mutated,PertCortex_3_AAAGTAGGTTGTGGCC,3.5921054507488845
3770,0.5722554957357052,3__mutated,PertCortex_3_AAAGTAGTCGGCTACG,2.301450112599606
3771,0.11406815248554293,3__mutated,PertCortex_3_AAATGCCGTATAAACG,4.820576494342623
3772,0.1524736915149945,3__mutated,PertCortex_3_AACACGTGTGACCAAG,3.550861701515823
3773,0.24253735459584616,3__mutated,PertCortex_3_AACCGCGCATCGATGT,2.8496744910490195
3774,0.16143719978249585,3__mutated,PertCortex_3_AACCGCGTCGTAGATC,3.2673379669571596
3775,0.06774924213139748,3__mutated,PertCortex_3_AACCGCGTCGTTTAGG,3.4136267915844574
3776,0.13017483638148725,3__mutated,PertCortex_3_AACGTTGCATGACGGA,4.5535566757013255
3777,0.14580624614481416,3__mutated,PertCortex_3_AACGTTGTCGGAGGTA,4.8681913273592
3778,0.1352988468026296,3__mutated,PertCortex_3_AACTCAGCAAGTCTGT,3.549984552925249
3779,0.07359894856219756,3__mutated,PertCortex_3_AACTGGTGTAAGGGAA,4.320896004712611
3780,0.04048397177253089,3__mutated,PertCortex_3_AACTTTCTCCCTAACC,4.1936459585944785
3781,0.12843524258044672,3__mutated,PertCortex_3_AAGACCTTCCAGAAGG,4.327857284351337
3782,0.09900146410627221,3__mutated,PertCortex_3_AAGACCTTCCGAGCCA,5.143731929210164
3783,0.051962007830628154,3__mutated,PertCortex_3_AAGCCGCAGCACGCCT,3.8583571317787393
3784,0.1855904779827586,3__mutated,PertCortex_3_AAGGAGCCACTGTTAG,4.2186146678131955
3785,0.10169189266563863,3__mutated,PertCortex_3_AAGGAGCCAGATCGGA,4.463022052453145
3786,0.05338789720311159,3__mutated,PertCortex_3_AAGGAGCCAGGACCCT,4.660260569240839
3787,0.13953099110511463,3__mutated,PertCortex_3_AAGGCAGGTGTCGCTG,3.115500676094387
3788,0.08847932942962294,3__mutated,PertCortex_3_AAGTCTGGTTCCCTTG,4.592258211545057
3789,0.11541631792296837,3__mutated,PertCortex_3_AATCCAGAGAAACGCC,3.5535617170988596
3790,0.09767085885357403,3__mutated,PertCortex_3_AATCGGTCACCTATCC,4.284109040919497
3791,0.1698584216486503,3__mutated,PertCortex_3_ACACCAACATTCTTAC,3.6063500323539146
3792,0.20875470228325543,3__mutated,PertCortex_3_ACACCCTTCACCGTAA,3.925319030754994
3793,0.28351587504593895,3__mutated,PertCortex_3_ACACCGGGTAATCACC,2.8071964266452842
3794,0.07002766707363645,3__mutated,PertCortex_3_ACACTGAGTAAGAGAG,4.388905417186475
3795,0.6510639384435613,3__mutated,PertCortex_3_ACACTGATCTGCAGTA,2.0581465699386383
3796,0.16301102928434968,3__mutated,PertCortex_3_ACAGCCGGTGTTGAGG,2.7443409487281123
3797,0.09722755115760522,3__mutated,PertCortex_3_ACAGCCGTCTTGCATT,4.52770934513748
3798,0.1160272082546322,3__mutated,PertCortex_3_ACAGCTAAGTCGTACT,4.137240758219859
3799,0.1429488258925086,3__mutated,PertCortex_3_ACATCAGCATGTAGTC,5.319090169545818
3800,0.1336221499409122,3__mutated,PertCortex_3_ACATCAGGTCTGATCA,4.798600986027335
3801,0.5740543361806052,3__mutated,PertCortex_3_ACATCAGTCGCTAGCG,2.5334390529651856
3802,0.157866587772579,3__mutated,PertCortex_3_ACATGGTAGCGTGAGT,4.308004951892022
3803,0.27100610168472433,3__mutated,PertCortex_3_ACATGGTGTAAACCTC,2.458093972263758
3804,0.07717541801530528,3__mutated,PertCortex_3_ACATGGTGTCCAACTA,4.009679333240362
3805,0.10663157273610187,3__mutated,PertCortex_3_ACCAGTAAGATGAGAG,3.7102802362197296
3806,0.10849265746954255,3__mutated,PertCortex_3_ACCAGTAAGGGAAACA,4.759863629114968
3807,0.12452818843208929,3__mutated,PertCortex_3_ACCGTAATCTTGACGA,4.184727406894454
3808,0.12265394222353565,3__mutated,PertCortex_3_ACCTTTAAGACGCAAC,3.749753178050496
3809,0.04153551317996219,3__mutated,PertCortex_3_ACCTTTACATCTGGTA,4.5128186958509104
3810,0.04705052503019238,3__mutated,PertCortex_3_ACGAGGAAGGCTAGAC,4.4466385741615415
3811,0.06923188746182549,3__mutated,PertCortex_3_ACGATACAGACAAGCC,4.730010248632059
3812,0.17898599766520804,3__mutated,PertCortex_3_ACGATACTCGTCCAGG,4.602490283930854
3813,0.07183046596842109,3__mutated,PertCortex_3_ACGCAGCCATATACGC,3.6816039520948607
3814,0.01492502525429476,3__mutated,PertCortex_3_ACGCAGCTCACCAGGC,4.102258647794176
3815,0.16327192656164807,3__mutated,PertCortex_3_ACGCCGAGTTTGTGTG,2.0649347379315763
3816,0.17065925269940846,3__mutated,PertCortex_3_ACGGAGAGTGGGTATG,4.5478670295805435
3817,0.1877854308060231,3__mutated,PertCortex_3_ACGGAGAGTGTCGCTG,3.6455729384042526
3818,0.13957829793411144,3__mutated,PertCortex_3_ACGGCCAAGGCTATCT,3.5209796066040733
3819,0.11278579958828155,3__mutated,PertCortex_3_ACGGCCATCGTGGTCG,4.575677788235697
3820,0.21317576935384444,3__mutated,PertCortex_3_ACGGCCATCTTCGGTC,4.9702356644866015
3821,0.09127215673614797,3__mutated,PertCortex_3_ACGGGCTAGTGAACGC,3.1142312119911693
3822,0.0704793419201367,3__mutated,PertCortex_3_ACGGGTCAGAGGTTAT,4.666702923190969
3823,0.10143515196798934,3__mutated,PertCortex_3_ACGGGTCAGTCGATAA,5.152431021393049
3824,0.09173788708864929,3__mutated,PertCortex_3_ACGGGTCTCTCGTATT,4.525875723172867
3825,0.14927842227818897,3__mutated,PertCortex_3_ACGTCAAAGTGTGGCA,2.915984411426397
3826,0.1995471297323336,3__mutated,PertCortex_3_ACGTCAACACTTGGAT,5.274715615668594
3827,0.024197742856094953,3__mutated,PertCortex_3_ACGTCAAGTAGGCTGA,4.729525348548775
3828,0.14589406624861032,3__mutated,PertCortex_3_ACTATCTAGAGAGCTC,2.6868622148982695
3829,0.12721922341785305,3__mutated,PertCortex_3_ACTATCTGTCTAGCCG,3.9457108567244097
3830,0.4210948504545885,3__mutated,PertCortex_3_ACTGAACAGTTAACGA,2.283205953045698
3831,0.4704094347411589,3__mutated,PertCortex_3_ACTGAACCATTGGTAC,2.398771030116835
3832,0.4966613925726124,3__mutated,PertCortex_3_ACTGAACGTCAGCTAT,2.3684023831276964
3833,0.14683198939263034,3__mutated,PertCortex_3_ACTGAACGTGATGATA,4.26217909868093
3834,0.3918708572997204,3__mutated,PertCortex_3_ACTGAGTAGAGTCTGG,3.3898096248506753
3835,0.09223413992042416,3__mutated,PertCortex_3_ACTGAGTCATTTGCTT,4.2481382150863505
3836,0.22995441102784006,3__mutated,PertCortex_3_ACTGAGTTCAATAAGG,3.100783929328259
3837,0.14549414248543593,3__mutated,PertCortex_3_ACTGATGAGAGGGATA,2.5071557719670374
3838,0.1161524971724215,3__mutated,PertCortex_3_ACTGCTCTCGTTACAG,2.952940973045456
3839,0.08146835784240507,3__mutated,PertCortex_3_ACTGCTCTCTACGAGT,4.677401479892947
3840,0.22756955690594832,3__mutated,PertCortex_3_ACTGTCCTCATGCATG,2.426597251434422
3841,0.20971503932308153,3__mutated,PertCortex_3_ACTTACTCACATGACT,4.990499249877856
3842,0.5901485759340067,3__mutated,PertCortex_3_ACTTACTTCCGGGTGT,1.9989286395350414
3843,0.22864062168773427,3__mutated,PertCortex_3_ACTTGTTCACAACGTT,3.0875198675580373
3844,0.12441535923205191,3__mutated,PertCortex_3_ACTTGTTCATACAGCT,4.769239611169099
3845,0.24439734119662143,3__mutated,PertCortex_3_ACTTGTTGTCCATCCT,4.062636473519515
3846,0.11912531325261022,3__mutated,PertCortex_3_ACTTTCACATTGGCGC,4.103305175821611
3847,0.21623992087871807,3__mutated,PertCortex_3_AGAATAGAGCGCCTTG,2.8375111481509356
3848,0.11227508569411211,3__mutated,PertCortex_3_AGAATAGAGTCACGCC,5.3230349618905715
3849,0.18798248625544825,3__mutated,PertCortex_3_AGAATAGCAGACGCTC,4.559802600417409
3850,0.051905232423086485,3__mutated,PertCortex_3_AGAATAGGTCGGCTCA,4.45574746843111
3851,0.05460693405294404,3__mutated,PertCortex_3_AGAATAGGTTACGCGC,4.290568436735288
3852,0.10962179938476713,3__mutated,PertCortex_3_AGACGTTAGGACACCA,4.000009449167106
3853,0.13487231001328412,3__mutated,PertCortex_3_AGACGTTCACGAAATA,6.3606957482696
3854,0.26365572613661087,3__mutated,PertCortex_3_AGAGCGATCAGTGTTG,3.7112574124566025
3855,0.5592619779912192,3__mutated,PertCortex_3_AGAGCTTGTCAACTGT,2.9529760085653716
3856,0.09486418611749241,3__mutated,PertCortex_3_AGAGCTTTCCATGCTC,3.4207531892931566
3857,0.03895310464105202,3__mutated,PertCortex_3_AGATTGCAGTAACCCT,4.126097614542243
3858,0.2985403108651016,3__mutated,PertCortex_3_AGATTGCAGTTGAGAT,3.3710452652562073
3859,0.2627400484599978,3__mutated,PertCortex_3_AGATTGCGTTCATGGT,3.6969559472575875
3860,0.2837989451522293,3__mutated,PertCortex_3_AGCATACCATTAGCCA,2.630599777448456
3861,0.6073551033313973,3__mutated,PertCortex_3_AGCATACGTACAGTGG,2.517954883123524
3862,0.10748755759108902,3__mutated,PertCortex_3_AGCGTATAGGGCACTA,4.368660967582793
3863,0.16385540341340987,3__mutated,PertCortex_3_AGCGTCGAGGCTAGGT,4.149929888561325
3864,0.03146619013180298,3__mutated,PertCortex_3_AGCGTCGCAGTCCTTC,4.42298659718023
3865,0.11580903902763266,3__mutated,PertCortex_3_AGCTCCTAGATGTGTA,3.087772976891031
3866,0.25633668440332924,3__mutated,PertCortex_3_AGCTCCTAGTTCCACA,3.609699181929714
3867,0.1416875467668296,3__mutated,PertCortex_3_AGCTCTCCAGGATTGG,2.787487135797757
3868,0.6798328333202954,3__mutated,PertCortex_3_AGCTTGAAGACTAGGC,1.8972684545138536
3869,0.06663901412983275,3__mutated,PertCortex_3_AGCTTGACACCGTTGG,4.472783049265458
3870,0.07974379974791225,3__mutated,PertCortex_3_AGGCCACCAAGCTGAG,3.1164234400312054
3871,0.10449518130059546,3__mutated,PertCortex_3_AGGCCGTCAGTGGAGT,3.84555317923669
3872,0.111061660675266,3__mutated,PertCortex_3_AGGCCGTCATGAGCGA,4.6748991570687375
3873,0.20954318017092524,3__mutated,PertCortex_3_AGGCCGTTCAGTGTTG,3.5991480083119844
3874,0.2647499240418036,3__mutated,PertCortex_3_AGGGAGTGTGTCCTCT,3.7541896825643946
3875,0.08382949183342121,3__mutated,PertCortex_3_AGGGAGTTCGCTAGCG,3.1676741276289975
3876,0.32789256896941227,3__mutated,PertCortex_3_AGGGATGAGCACCGCT,2.229418907092367
3877,0.4644887836102639,3__mutated,PertCortex_3_AGGGATGAGCAGCCTC,1.7983480355570387
3878,0.19467122560107952,3__mutated,PertCortex_3_AGGGTGAGTACGAAAT,3.4505067535081846
3879,0.12461450261990985,3__mutated,PertCortex_3_AGGGTGATCTTGGGTA,3.263340423687612
3880,0.679976244546752,3__mutated,PertCortex_3_AGGTCATCAAAGTCAA,1.8641520622073267
3881,0.07513247159520078,3__mutated,PertCortex_3_AGGTCATTCGGGAGTA,4.572103663780663
3882,0.19509577950238047,3__mutated,PertCortex_3_AGGTCCGAGACCACGA,5.069391050945636
3883,0.13661273088276865,3__mutated,PertCortex_3_AGTCTTTAGGAGTCTG,4.924160348419831
3884,0.08769906875963183,3__mutated,PertCortex_3_AGTCTTTAGTTCCACA,3.431577132623644
3885,0.13372926673562835,3__mutated,PertCortex_3_AGTCTTTGTTGGGACA,3.69833347804439
3886,0.060120706280738685,3__mutated,PertCortex_3_AGTGAGGCACAACTGT,4.112831695261485
3887,0.23357823869894628,3__mutated,PertCortex_3_AGTGGGAAGGACTGGT,5.3223632491379975
3888,0.10635882356773721,3__mutated,PertCortex_3_AGTGGGACAATGGTCT,4.786951059419789
3889,0.34564853994906275,3__mutated,PertCortex_3_AGTGTCAGTAAGGATT,2.4509943871172037
3890,0.14134664880697106,3__mutated,PertCortex_3_AGTTGGTTCGCAAACT,5.564247716609631
3891,0.14786365976915467,3__mutated,PertCortex_3_ATAAGAGGTGTGTGCC,4.400999133123129
3892,0.15227586951205124,3__mutated,PertCortex_3_ATAAGAGTCTGTCAAG,4.348110389882907
3893,0.034671282255620266,3__mutated,PertCortex_3_ATCACGAAGAATTCCC,4.813118323552175
3894,0.13994622317057587,3__mutated,PertCortex_3_ATCACGAGTGCTCTTC,3.033837097895234
3895,0.1849413636993118,3__mutated,PertCortex_3_ATCATCTTCAGCTTAG,3.5372975828081397
3896,0.22421838560485655,3__mutated,PertCortex_3_ATCATGGAGTGCTGCC,4.306316420669921
3897,0.1437777615122017,3__mutated,PertCortex_3_ATCATGGTCTACCAGA,3.651031367990549
3898,0.11245549710373776,3__mutated,PertCortex_3_ATCATGGTCTACTCAT,4.084199146218095
3899,0.13845478272908576,3__mutated,PertCortex_3_ATCCACCAGCCCTAAT,4.35064326945383
3900,0.1198244714450102,3__mutated,PertCortex_3_ATCCACCAGCGATAGC,4.631946808786791
3901,0.1160968173456443,3__mutated,PertCortex_3_ATCCACCCAAGCGATG,5.5272591091344125
3902,0.25714646353712944,3__mutated,PertCortex_3_ATCGAGTCATTGTGCA,3.6443138112230353
3903,0.2365521594148716,3__mutated,PertCortex_3_ATCTACTCATCCGCGA,1.6001983708094114
3904,0.1378036774919601,3__mutated,PertCortex_3_ATCTGCCGTCGAAAGC,4.039000479565569
3905,0.22488798558109283,3__mutated,PertCortex_3_ATCTGCCGTTAAAGTG,3.7583874135536153
3906,0.17181070206129462,3__mutated,PertCortex_3_ATCTGCCTCTTGAGGT,2.9379656476188476
3907,0.2172787997378724,3__mutated,PertCortex_3_ATGAGGGCATTATCTC,4.029624303213286
3908,0.45174394847628746,3__mutated,PertCortex_3_ATGAGGGGTTGACGTT,2.1920318515495656
3909,0.17807223215434942,3__mutated,PertCortex_3_ATGCGATGTAAATGAC,3.4055735117711055
3910,0.21977731504015593,3__mutated,PertCortex_3_ATGCGATTCAACGCTA,5.650191057273914
3911,0.14749279235928325,3__mutated,PertCortex_3_ATGTGTGAGAATGTTG,4.355886129343546
3912,0.13003603970153127,3__mutated,PertCortex_3_ATTACTCAGGGTTTCT,4.645389519121282
3913,0.030507876695014025,3__mutated,PertCortex_3_ATTATCCAGCGACGTA,4.762236390187264
3914,0.2873897022529044,3__mutated,PertCortex_3_ATTGGACGTAAGTGTA,4.056389873140541
3915,0.035643415406069794,3__mutated,PertCortex_3_ATTGGTGAGGGCTCTC,4.881412205083967
3916,0.11875375398513538,3__mutated,PertCortex_3_ATTTCTGTCAATCACG,4.549248650790748
3917,0.18903821337848098,3__mutated,PertCortex_3_CAACCAATCTGCTTGC,2.9029476720983727
3918,0.1378575745601473,3__mutated,PertCortex_3_CAACCTCAGAGCTTCT,3.9984947167279725
3919,0.22660319076575486,3__mutated,PertCortex_3_CAACCTCCATAAAGGT,3.9721189542818975
3920,0.11710029729524794,3__mutated,PertCortex_3_CAACCTCTCACCAGGC,4.5770473535936045
3921,0.10417519373534125,3__mutated,PertCortex_3_CAAGAAAAGAAGGGTA,4.513607431061383
3922,0.05888008249546922,3__mutated,PertCortex_3_CAAGAAAGTATAGGGC,4.995230364588777
3923,0.18250955179700895,3__mutated,PertCortex_3_CAAGAAAGTGTATGGG,3.603493787936579
3924,0.6702377776727647,3__mutated,PertCortex_3_CAAGATCTCTGCGACG,1.8667848794523116
3925,0.5106814566807443,3__mutated,PertCortex_3_CAAGGCCAGTGTCCAT,2.770797345317891
3926,0.24330384104409697,3__mutated,PertCortex_3_CAAGGCCGTTCCGGCA,4.76535794103018
3927,0.5323467971747498,3__mutated,PertCortex_3_CAAGTTGTCAATCACG,2.5643931893338388
3928,0.09675254979092247,3__mutated,PertCortex_3_CACAAACCATATGGTC,3.9745001875239105
3929,0.06493144918526518,3__mutated,PertCortex_3_CACAAACCATTACCTT,3.221178834118734
3930,0.08974821333289765,3__mutated,PertCortex_3_CACAAACGTGCATCTA,4.73379677364931
3931,0.116780147771249,3__mutated,PertCortex_3_CACAAACGTTAAGTAG,5.355226593575391
3932,0.15147464791972579,3__mutated,PertCortex_3_CACACCTCATCGGACC,3.78517186989349
3933,0.1994961951299717,3__mutated,PertCortex_3_CACACTCAGGCGACAT,5.016603243098636
3934,0.07056229648532224,3__mutated,PertCortex_3_CACACTCAGGGTCTCC,4.812179977325549
3935,0.08273703645947258,3__mutated,PertCortex_3_CACAGGCAGTAGTGCG,3.9833227842832746
3936,0.12115743439754859,3__mutated,PertCortex_3_CACAGTAAGCGACGTA,4.19352438238907
3937,0.546231710233064,3__mutated,PertCortex_3_CACAGTACAATCGGTT,2.53068266425203
3938,0.2340821195543429,3__mutated,PertCortex_3_CACATAGCACAGATTC,3.889187379071017
3939,0.0880841380365788,3__mutated,PertCortex_3_CACATAGGTCCAACTA,3.2700243619780758
3940,0.14158731346330009,3__mutated,PertCortex_3_CACATAGTCAATCTCT,5.127717147594229
3941,0.2889841877949462,3__mutated,PertCortex_3_CACATAGTCTCGCTTG,2.6842479437406883
3942,0.18177139821620242,3__mutated,PertCortex_3_CACATTTGTTCTGGTA,5.075817549575757
3943,0.4398718654252365,3__mutated,PertCortex_3_CACCACTGTTGCGTTA,2.4257257352821155
3944,0.11590006251609375,3__mutated,PertCortex_3_CACCACTTCTACTTAC,4.481520727717379
3945,0.4467843373989014,3__mutated,PertCortex_3_CACCTTGAGGCAGGTT,2.0888019127072686
3946,0.19447916357676487,3__mutated,PertCortex_3_CACCTTGGTGTTCGAT,3.103835568499112
3947,0.051038590658842656,3__mutated,PertCortex_3_CACTCCACAGTTAACC,4.084495891420357
3948,0.08634125286087738,3__mutated,PertCortex_3_CAGAATCCACCAGATT,3.742033538401752
3949,0.28576860950580013,3__mutated,PertCortex_3_CAGAATCTCAGTGTTG,3.241777726008617
3950,0.13667581652612248,3__mutated,PertCortex_3_CAGAGAGCACGCTTTC,3.913257636894552
3951,0.1409178170070531,3__mutated,PertCortex_3_CAGAGAGTCTTTACAC,5.423373652723515
3952,0.551703510831991,3__mutated,PertCortex_3_CAGATCAAGCGACGTA,2.7820486898059817
3953,0.18880172787530636,3__mutated,PertCortex_3_CAGCAGCGTTTGCATG,4.860241257867181
3954,0.1528025371725205,3__mutated,PertCortex_3_CAGCATAAGCGTTGCC,3.8809295247770703
3955,0.07832301043174424,3__mutated,PertCortex_3_CAGCATAAGGAGCGAG,2.249001075109115
3956,0.13744994451437684,3__mutated,PertCortex_3_CAGCATACACATAACC,5.044270182947103
3957,0.08635447412980682,3__mutated,PertCortex_3_CAGCATAGTAAACCTC,3.7404569774003273
3958,0.2616910432256062,3__mutated,PertCortex_3_CAGCGACCAGGCGATA,4.112996253408834
3959,0.5604416155725516,3__mutated,PertCortex_3_CAGCGACGTCATATGC,1.799760711438799
3960,0.15952352795975797,3__mutated,PertCortex_3_CAGCTGGCACATGGGA,4.851409988290772
3961,0.5932292989980431,3__mutated,PertCortex_3_CAGCTGGCAGTGACAG,1.950081914800871
3962,0.02871484860573877,3__mutated,PertCortex_3_CAGGTGCCAACTGCGC,4.38611448189055
3963,0.09931593474313587,3__mutated,PertCortex_3_CAGTAACAGATGTAAC,4.785032842755141
3964,0.5624590197330052,3__mutated,PertCortex_3_CAGTAACCACTCAGGC,2.1492934450006027
3965,0.24384237253176,3__mutated,PertCortex_3_CAGTCCTAGGGAACGG,3.6246395711946464
3966,0.48819499033383323,3__mutated,PertCortex_3_CATATGGAGAGACTTA,2.6059071302127523
3967,0.08601214517235818,3__mutated,PertCortex_3_CATATGGGTTTGACTG,5.244494544375552
3968,0.1627067486433673,3__mutated,PertCortex_3_CATATGGTCCCACTTG,5.4387151349796365
3969,0.09922713863730062,3__mutated,PertCortex_3_CATCCACAGGTGCTTT,4.549722937999081
3970,0.04637938886570427,3__mutated,PertCortex_3_CATCGAAAGTTAGGTA,3.782328404585037
3971,0.24578075834670762,3__mutated,PertCortex_3_CATCGAAAGTTATCGC,3.035707624934389
3972,0.10903156055850208,3__mutated,PertCortex_3_CATCGGGAGCCACGTC,5.085655299398693
3973,0.10005372206540235,3__mutated,PertCortex_3_CATGACATCAGGCAAG,4.396325780801405
3974,0.5749165293195199,3__mutated,PertCortex_3_CATGCCTTCTGTCTAT,2.4339880212543026
3975,0.41545292227617076,3__mutated,PertCortex_3_CATGGCGAGAGTGACC,2.3762253266443794
3976,0.10445771953489057,3__mutated,PertCortex_3_CATGGCGTCGGCGCAT,5.122532411194357
3977,0.22091288373587098,3__mutated,PertCortex_3_CATTATCCAGGTGGAT,3.137476659880768
3978,0.0630293174160871,3__mutated,PertCortex_3_CATTATCGTCAAACTC,5.6779342403273585
3979,0.19416853360974104,3__mutated,PertCortex_3_CATTCGCGTCTAGCGC,4.339440192342227
3980,0.17558541706557756,3__mutated,PertCortex_3_CCACGGACAGATAATG,4.764022492082415
3981,0.12983102158280743,3__mutated,PertCortex_3_CCACGGATCTAACCGA,4.155772959365293
3982,0.16758645517745457,3__mutated,PertCortex_3_CCAGCGAGTCTCTTAT,3.996673202171705
3983,0.13714956111876292,3__mutated,PertCortex_3_CCATTCGAGCCACCTG,3.024825469715721
3984,0.10478867010022978,3__mutated,PertCortex_3_CCATTCGCATTTCAGG,4.795902314664806
3985,0.11995695283302786,3__mutated,PertCortex_3_CCCAATCAGATGCCTT,4.235918369774707
3986,0.29859200276839004,3__mutated,PertCortex_3_CCCAGTTAGAACAACT,2.277343761083682
3987,0.08236455398707723,3__mutated,PertCortex_3_CCCAGTTTCAGAAATG,3.4840127872494713
3988,0.17328614251620597,3__mutated,PertCortex_3_CCCATACTCCTCGCAT,5.497543506487447
3989,0.17143784885639468,3__mutated,PertCortex_3_CCCTCCTGTCGCGGTT,5.215873347405731
3990,0.6140172039351139,3__mutated,PertCortex_3_CCGGGATTCGCGGATC,2.379744189433747
3991,0.07284474787338183,3__mutated,PertCortex_3_CCGGTAGTCATGCATG,3.8917517769260166
3992,0.1544447979700376,3__mutated,PertCortex_3_CCGGTAGTCGCTAGCG,3.2839367651620774
3993,0.14683313340397355,3__mutated,PertCortex_3_CCGTACTAGGAATCGC,5.90641691543184
3994,0.12327866659992741,3__mutated,PertCortex_3_CCGTACTGTACCGAGA,5.649431306651724
3995,0.21851494657319495,3__mutated,PertCortex_3_CCTAAAGGTCAGAATA,3.809749951863322
3996,0.09636703978779416,3__mutated,PertCortex_3_CCTAAAGTCTAACGGT,4.985784498092422
3997,0.2693377826973609,3__mutated,PertCortex_3_CCTACACAGTACGATA,3.4774714701504674
3998,0.0941987558340765,3__mutated,PertCortex_3_CCTACACGTGGTCTCG,4.441829031564157
3999,0.1327151237893252,3__mutated,PertCortex_3_CCTACCAGTACTTAGC,4.4340214570483125
4000,0.26116232363187947,3__mutated,PertCortex_3_CCTAGCTCATTGTGCA,3.9503255528964365
4001,0.1623904907296654,3__mutated,PertCortex_3_CCTATTACATATACCG,4.599649177978302
4002,0.11651939379474735,3__mutated,PertCortex_3_CCTCTGAGTGATAAGT,4.3245174543441385
4003,0.1009881832452888,3__mutated,PertCortex_3_CCTCTGATCATGTGGT,3.911832313769349
4004,0.19763407799510208,3__mutated,PertCortex_3_CCTCTGATCATTTGGG,4.519258937898565
4005,0.17438918193426337,3__mutated,PertCortex_3_CCTTACGCAATAACGA,4.528262223642046
4006,0.058780321388600086,3__mutated,PertCortex_3_CCTTACGTCACGATGT,3.200332577091476
4007,0.16169760522618123,3__mutated,PertCortex_3_CCTTCCCGTCCCTTGT,5.124353947928868
4008,0.2688708845712688,3__mutated,PertCortex_3_CCTTTCTAGCGATCCC,4.181942602153085
4009,0.14407287811814903,3__mutated,PertCortex_3_CCTTTCTCAGGGTTAG,5.268871426354759
4010,0.10548200652993547,3__mutated,PertCortex_3_CCTTTCTTCTCCAACC,3.8137270382604957
4011,0.25133816675100845,3__mutated,PertCortex_3_CGAACATCATTTCAGG,2.966708880871176
4012,0.6631446340067655,3__mutated,PertCortex_3_CGAATGTGTAGGGACT,1.8102961871680232
4013,0.11920502599182133,3__mutated,PertCortex_3_CGACTTCAGGAATTAC,3.987698577428727
4014,0.16835942248690355,3__mutated,PertCortex_3_CGACTTCAGGCATTGG,3.5466136997054574
4015,0.1051607460575036,3__mutated,PertCortex_3_CGACTTCTCCACGTTC,4.535813625538524
4016,0.08754477426034878,3__mutated,PertCortex_3_CGAGAAGAGCCACTAT,4.05502194972768
4017,0.29842577988641705,3__mutated,PertCortex_3_CGAGCACGTCAATACC,2.5216332071305723
4018,0.16076548933537085,3__mutated,PertCortex_3_CGAGCACGTTGGTAAA,2.370468720621554
4019,0.09932819612937223,3__mutated,PertCortex_3_CGAGCCAAGATGCGAC,4.880715211441757
4020,0.29515648753724094,3__mutated,PertCortex_3_CGAGCCACATATACCG,2.1884861121096186
4021,0.23444179419438263,3__mutated,PertCortex_3_CGATCGGAGTTCGCAT,3.5324547184193014
4022,0.22472911056493075,3__mutated,PertCortex_3_CGATCGGCAAAGCGGT,3.9173776225109895
4023,0.24741812852402068,3__mutated,PertCortex_3_CGATGGCAGCAGCCTC,2.630380820799099
4024,0.16610599167269277,3__mutated,PertCortex_3_CGATGGCTCCACTGGG,3.2766758743365902
4025,0.07658070766012899,3__mutated,PertCortex_3_CGCCAAGAGCAGCCTC,2.634134314801807
4026,0.18387438953149193,3__mutated,PertCortex_3_CGCGGTAGTGAGCGAT,2.8721210894582963
4027,0.18596576703035606,3__mutated,PertCortex_3_CGCTATCCACTCGACG,3.548386487542315
4028,0.17265710724177408,3__mutated,PertCortex_3_CGCTGGACATGTTGAC,3.7020174605745018
4029,0.11432632769772635,3__mutated,PertCortex_3_CGCTGGATCTCTTGAT,3.534557401558071
4030,0.35382741881359064,3__mutated,PertCortex_3_CGCTTCAGTCCATCCT,2.9566631379036745
4031,0.45968026574394705,3__mutated,PertCortex_3_CGCTTCAGTGTCCTCT,2.2035309737143063
4032,0.64156209115652,3__mutated,PertCortex_3_CGGACACTCCGTCATC,2.008965129377133
4033,0.18901714649789544,3__mutated,PertCortex_3_CGGACACTCCTAGGGC,4.184988606873991
4034,0.05129070094833014,3__mutated,PertCortex_3_CGGACGTAGAGCTGGT,4.71464260006969
4035,0.10461926708024709,3__mutated,PertCortex_3_CGGACGTTCTATCCCG,3.9899047315645055
4036,0.09484441556091477,3__mutated,PertCortex_3_CGGAGCTTCCTCATTA,3.6391149769546436
4037,0.07692674673085585,3__mutated,PertCortex_3_CGGAGCTTCTCGCTTG,3.4048820834125166
4038,0.2137232465047864,3__mutated,PertCortex_3_CGGAGTCAGTTTCCTT,5.062534449776432
4039,0.18234080213352166,3__mutated,PertCortex_3_CGGAGTCCATTATCTC,2.850753190099036
4040,0.10423276442527657,3__mutated,PertCortex_3_CGGCTAGAGCGATATA,3.1515288612773467
4041,0.06613473985357432,3__mutated,PertCortex_3_CGGCTAGTCCCAAGAT,3.7064823682449246
4042,0.13595364410310748,3__mutated,PertCortex_3_CGGGTCAGTGCACGAA,5.375121421675285
4043,0.15544592115035505,3__mutated,PertCortex_3_CGGGTCATCATCGCTC,3.4180776874468686
4044,0.10763095355696824,3__mutated,PertCortex_3_CGTAGCGAGAGGTAGA,4.192525619790595
4045,0.09408577666215832,3__mutated,PertCortex_3_CGTAGCGGTTAAAGTG,4.543978818377047
4046,0.02244540059227474,3__mutated,PertCortex_3_CGTAGGCAGGCAATTA,5.149048041112845
4047,0.279484903131028,3__mutated,PertCortex_3_CGTCACTAGGTACTCT,3.8841274534520225
4048,0.6115278162842229,3__mutated,PertCortex_3_CGTCACTTCCCGGATG,2.1710081996599975
4049,0.5606583738992776,3__mutated,PertCortex_3_CGTCAGGCACCGTTGG,2.2496112457053887
4050,0.16694519754759185,3__mutated,PertCortex_3_CGTCAGGCATGGTCTA,3.165213720469983
4051,0.15389413449698106,3__mutated,PertCortex_3_CGTCAGGGTCTAGAGG,3.6160268747737203
4052,0.03677938274822128,3__mutated,PertCortex_3_CGTCCATAGACAGAGA,3.893570858726555
4053,0.09914904273924853,3__mutated,PertCortex_3_CGTCCATAGATGTGGC,4.467298999248518
4054,0.17428652142056567,3__mutated,PertCortex_3_CGTCCATAGGCCCTTG,4.6858585407685975
4055,0.21758948892716495,3__mutated,PertCortex_3_CGTCCATGTCCTGCTT,4.428403928530053
4056,0.17349414334980742,3__mutated,PertCortex_3_CGTCTACGTTACAGAA,4.011046401487121
4057,0.2119526556155875,3__mutated,PertCortex_3_CGTGTCTTCTTACCGC,3.803138036642037
4058,0.07518956652787756,3__mutated,PertCortex_3_CGTTAGAAGCCACTAT,5.136770227695506
4059,0.18678372631438073,3__mutated,PertCortex_3_CGTTAGACACGAAGCA,3.9340140103673513
4060,0.13076496186022107,3__mutated,PertCortex_3_CGTTCTGCAAGGTGTG,4.218834295946533
4061,0.14340915374475327,3__mutated,PertCortex_3_CGTTCTGCAGCTGTAT,4.236486712075619
4062,0.15235237708424362,3__mutated,PertCortex_3_CGTTCTGGTCAGTGGA,4.6352481276099455
4063,0.1069934061349116,3__mutated,PertCortex_3_CGTTCTGTCCGTCATC,4.429828203435752
4064,0.18604833897637688,3__mutated,PertCortex_3_CTAACTTAGGGAAACA,4.152079142337676
4065,0.15132424182732662,3__mutated,PertCortex_3_CTAACTTCATAGACTC,3.526552944562418
4066,0.3227638237297901,3__mutated,PertCortex_3_CTAAGACAGCTAACAA,3.228595877910763
4067,0.4772977708147138,3__mutated,PertCortex_3_CTAAGACCAAGCGTAG,2.393068195407825
4068,0.21687058917544919,3__mutated,PertCortex_3_CTAATGGCAGTGGGAT,3.268931463861141
4069,0.5411414665871798,3__mutated,PertCortex_3_CTACACCTCACTATTC,2.065446996766679
4070,0.1036390902397135,3__mutated,PertCortex_3_CTACATTAGCGATGAC,4.5775659328907965
4071,0.14014237113533978,3__mutated,PertCortex_3_CTACATTTCTCGAGTA,3.649528364889467
4072,0.21398428099807082,3__mutated,PertCortex_3_CTACCCAGTGCAGTAG,2.3024421228637624
4073,0.33196671427315794,3__mutated,PertCortex_3_CTACGTCCACCGATAT,2.128191807657493
4074,0.1543078005112697,3__mutated,PertCortex_3_CTAGAGTCACAGTCGC,4.698199700958039
4075,0.09925661920461658,3__mutated,PertCortex_3_CTAGAGTGTAATAGCA,2.68652808766341
4076,0.47375247967777284,3__mutated,PertCortex_3_CTAGCCTGTTCCGTCT,2.070255428511735
4077,0.19359706468806176,3__mutated,PertCortex_3_CTAGTGACAAAGTCAA,3.9175101551194764
4078,0.13613652702921256,3__mutated,PertCortex_3_CTAGTGAGTACAAGTA,4.770536864311245
4079,0.16610342961251773,3__mutated,PertCortex_3_CTCATTACACGGCTAC,3.8480149492420557
4080,0.5683553746769887,3__mutated,PertCortex_3_CTCCTAGAGAAGGTGA,1.8090394270198211
4081,0.20116674127946307,3__mutated,PertCortex_3_CTCGAAAAGAACAATC,2.4222695031708095
4082,0.15451583872066701,3__mutated,PertCortex_3_CTCGAAACACCAACCG,3.617090971982733
4083,0.11510555954326405,3__mutated,PertCortex_3_CTCGAAACATTATCTC,3.810935274765441
4084,0.07484785542327765,3__mutated,PertCortex_3_CTCGAAATCGTTTAGG,4.1358516392602755
4085,0.13150339678738657,3__mutated,PertCortex_3_CTCGAGGAGCTAGGCA,3.8799133227428944
4086,0.2760110985778564,3__mutated,PertCortex_3_CTCGAGGGTAGGCTGA,4.00953219428614
4087,0.2619958705958149,3__mutated,PertCortex_3_CTCGAGGGTGGTAACG,3.66363162155869
4088,0.2717467299421262,3__mutated,PertCortex_3_CTCGAGGTCCACTCCA,3.359977204880563
4089,0.40748926473770486,3__mutated,PertCortex_3_CTCGGAGCACTTACGA,2.7470496098198063
4090,0.5766934147524899,3__mutated,PertCortex_3_CTCGGGAAGTATTGGA,2.4216037778222326
4091,0.11499133880109556,3__mutated,PertCortex_3_CTCGGGACATCCTAGA,4.52130846762347
4092,0.10647382929463635,3__mutated,PertCortex_3_CTCGTACAGCGTAATA,3.1355810873178935
4093,0.15772131614605497,3__mutated,PertCortex_3_CTCGTACAGTGTACCT,4.323471956921643
4094,0.10342260836988769,3__mutated,PertCortex_3_CTCGTACTCGTTTATC,4.205224622329209
4095,0.221447533240911,3__mutated,PertCortex_3_CTCGTCAAGAGATGAG,5.099829571510228
4096,0.22067235824172785,3__mutated,PertCortex_3_CTCTACGCATGAACCT,2.804142608342967
4097,0.0764750565600744,3__mutated,PertCortex_3_CTGAAACGTGCGCTTG,3.759379774744269
4098,0.15047303497221834,3__mutated,PertCortex_3_CTGAAACTCTTGTCAT,4.690467192457772
4099,0.20094765706241086,3__mutated,PertCortex_3_CTGAAGTAGTACGCGA,3.9282957164220815
4100,0.20819807393177295,3__mutated,PertCortex_3_CTGATCCGTTATCACG,3.8532783095236645
4101,0.45166157985311,3__mutated,PertCortex_3_CTGCGGAGTCTGATTG,2.0402437397486146
4102,0.10120911961915821,3__mutated,PertCortex_3_CTGCGGAGTGCTCTTC,4.816158919406959
4103,0.1413828518146946,3__mutated,PertCortex_3_CTGCTGTTCCTAGTGA,3.5429989138008313
4104,0.154773209865075,3__mutated,PertCortex_3_CTGTGCTCAAATCCGT,3.6444705711225365
4105,0.48123439507425436,3__mutated,PertCortex_3_CTGTTTAAGAGATGAG,2.345307113290517
4106,0.3898558573699659,3__mutated,PertCortex_3_CTTACCGAGTGTGGCA,2.219445423325262
4107,0.41538185115505366,3__mutated,PertCortex_3_CTTACCGTCCCTAACC,2.9188729979743084
4108,0.11888903433345041,3__mutated,PertCortex_3_CTTAGGAAGCACGCCT,4.374676072809523
4109,0.10385792882347972,3__mutated,PertCortex_3_CTTCTCTAGAACAATC,4.84552798849594
4110,0.20556916990248658,3__mutated,PertCortex_3_CTTCTCTAGATATACG,3.1067029472979892
4111,0.5378839138321081,3__mutated,PertCortex_3_CTTCTCTAGTGACTCT,2.5065403756574627
4112,0.00785801984836887,3__mutated,PertCortex_3_CTTGGCTAGTACGTAA,4.71371627187273
4113,0.11268922563558283,3__mutated,PertCortex_3_CTTGGCTGTTCAGTAC,5.316631538392314
4114,0.0709643391700311,3__mutated,PertCortex_3_GAAACTCGTCGCATCG,4.780088326965647
4115,0.21103024066322257,3__mutated,PertCortex_3_GAAATGACAATCCAAC,3.731941453073745
4116,0.09513537477980656,3__mutated,PertCortex_3_GAAATGATCACCCGAG,3.7885653723748374
4117,0.1415227305267054,3__mutated,PertCortex_3_GAAATGATCTCATTCA,5.115606778061496
4118,0.1280132102338495,3__mutated,PertCortex_3_GAACCTAAGAGTAAGG,4.787872350658396
4119,0.09003128672748763,3__mutated,PertCortex_3_GAACCTATCAACGAAA,5.034139553307844
4120,0.5476410215149252,3__mutated,PertCortex_3_GAACCTATCAGCACAT,2.2853146374377986
4121,0.4943881441775157,3__mutated,PertCortex_3_GAACGGACACCACCAG,2.667205230933693
4122,0.5090337690408412,3__mutated,PertCortex_3_GAACGGACACCCATTC,1.9365973387684718
4123,0.2856345202952824,3__mutated,PertCortex_3_GAAGCAGTCCTATGTT,3.8383670023460876
4124,0.23792741285085356,3__mutated,PertCortex_3_GAATAAGAGAATTCCC,3.3712056553649195
4125,0.1108785668383791,3__mutated,PertCortex_3_GAATAAGAGGAATGGA,4.2071827995910445
4126,0.21728738865444755,3__mutated,PertCortex_3_GAATAAGCAGTACACT,3.5679694367239843
4127,0.07446434452503287,3__mutated,PertCortex_3_GAATAAGGTTATGTGC,4.574800549380771
4128,0.19073239235416603,3__mutated,PertCortex_3_GAATAAGTCGTTACGA,5.837101343567784
4129,0.22832716803659917,3__mutated,PertCortex_3_GAATGAACAGAGTGTG,3.869309248992834
4130,0.09784082952679364,3__mutated,PertCortex_3_GAATGAAGTCATGCAT,4.777379099117965
4131,0.11696326831906675,3__mutated,PertCortex_3_GAATGAAGTCCGAGTC,4.076822519815528
4132,0.1105075398265046,3__mutated,PertCortex_3_GAATGAAGTGCCTTGG,4.259684147470768
4133,0.06675039652318535,3__mutated,PertCortex_3_GAATGAAGTTCAGGCC,4.239329171063267
4134,0.14447269354296702,3__mutated,PertCortex_3_GACACGCTCTTTCCTC,4.8540351281612315
4135,0.1836382140423937,3__mutated,PertCortex_3_GACAGAGAGGTAAACT,3.878356682155055
4136,0.13476547447950624,3__mutated,PertCortex_3_GACCAATCATTCGACA,4.3956862281429485
4137,0.5191839326705683,3__mutated,PertCortex_3_GACCAATCATTGGCGC,1.9957981509037355
4138,0.27051634830809507,3__mutated,PertCortex_3_GACCAATTCAGTCAGT,3.6943935617696377
4139,0.2316040968533212,3__mutated,PertCortex_3_GACCAATTCTGCGTAA,4.199862464577444
4140,0.25913651155325007,3__mutated,PertCortex_3_GACCTGGGTCAAAGAT,3.565785006571661
4141,0.052343926076962394,3__mutated,PertCortex_3_GACGGCTCACCGATAT,4.501342715330431
4142,0.14789111200599805,3__mutated,PertCortex_3_GACGGCTGTGCGCTTG,4.671329252594802
4143,0.35217213524454566,3__mutated,PertCortex_3_GACGTTATCAGCACAT,3.526515076277995
4144,0.06522825157421293,3__mutated,PertCortex_3_GACTACAAGCGAAGGG,3.6669681317100578
4145,0.16028802813231008,3__mutated,PertCortex_3_GACTGCGAGAAGGACA,4.471364934383055
4146,0.10225713543646676,3__mutated,PertCortex_3_GACTGCGCACAACGTT,4.61207616177562
4147,0.252947533730093,3__mutated,PertCortex_3_GACTGCGGTCAAAGAT,3.8008806504953108
4148,0.22870302961503408,3__mutated,PertCortex_3_GACTGCGGTCATCGGC,3.1348293362988544
4149,0.13534555424428305,3__mutated,PertCortex_3_GAGCAGACAATCTGCA,4.805555993515049
4150,0.09090573318855004,3__mutated,PertCortex_3_GAGCAGAGTACTCGCG,2.9991694827933433
4151,0.17115249325586065,3__mutated,PertCortex_3_GAGCAGAGTTATGTGC,3.263255922683012
4152,0.12178242783589664,3__mutated,PertCortex_3_GAGCAGATCTTAACCT,5.117247332709727
4153,0.4401746116000137,3__mutated,PertCortex_3_GATCAGTTCGACAGCC,2.3273087591367085
4154,0.1648081893593281,3__mutated,PertCortex_3_GATCGATCAGCTGCAC,2.8710266556848367
4155,0.23542498083165722,3__mutated,PertCortex_3_GATCGTAGTGTTCGAT,3.948413597714461
4156,0.021884359903180217,3__mutated,PertCortex_3_GATCTAGGTTTGTGTG,3.248776624353434
4157,0.07291929016875706,3__mutated,PertCortex_3_GATGAAAGTATAATGG,3.512896659225855
4158,0.18931887631154437,3__mutated,PertCortex_3_GATGCTAGTACCCAAT,3.4249436662087835
4159,0.30767496555520346,3__mutated,PertCortex_3_GATGCTATCGCCAGCA,2.957211989987192
4160,0.11959623350546404,3__mutated,PertCortex_3_GATTCAGGTCGGCTCA,4.686204046203038
4161,0.15793569740829863,3__mutated,PertCortex_3_GATTCAGGTGGTACAG,2.896503360614197
4162,0.24108237846749186,3__mutated,PertCortex_3_GATTCAGTCTGCGTAA,3.811624028550618
4163,0.11153280899064498,3__mutated,PertCortex_3_GCACTCTAGTCAATAG,5.914565679374097
4164,0.11314665997047836,3__mutated,PertCortex_3_GCACTCTGTAGGCATG,3.008661046233884
4165,0.06808265067707403,3__mutated,PertCortex_3_GCACTCTTCCGCATAA,2.5467897606462055
4166,0.09737238887303584,3__mutated,PertCortex_3_GCAGCCAGTAAATGTG,5.184035459288165
4167,0.1692754052182056,3__mutated,PertCortex_3_GCAGCCAGTAACGTTC,3.663915641014987
4168,0.14332805382578176,3__mutated,PertCortex_3_GCAGCCAGTCCAGTTA,4.409222565166101
4169,0.11388738140665074,3__mutated,PertCortex_3_GCAGCCAGTTGCGCAC,4.454837290416631
4170,0.15205096402175702,3__mutated,PertCortex_3_GCAGCCATCTCCTATA,4.864893791221768
4171,0.1222610681018083,3__mutated,PertCortex_3_GCAGTTATCTTGAGAC,4.777136416813686
4172,0.1783758521503261,3__mutated,PertCortex_3_GCATACAGTCTAACGT,1.3563593176178739
4173,0.20076745108119204,3__mutated,PertCortex_3_GCATGATAGCAGGCTA,2.447945463555095
4174,0.07493370501520953,3__mutated,PertCortex_3_GCATGATAGGTGTGGT,4.783151681958189
4175,0.6679618689072016,3__mutated,PertCortex_3_GCATGATGTACGCTGC,1.902028076917737
4176,0.3645589797200316,3__mutated,PertCortex_3_GCATGCGCACCCTATC,2.595789336394465
4177,0.607592706413101,3__mutated,PertCortex_3_GCCAAATCAGACAGGT,2.1757539776864627
4178,0.4493020721929521,3__mutated,PertCortex_3_GCCTCTAAGAAACCGC,2.9434446431633066
4179,0.1614368762400852,3__mutated,PertCortex_3_GCCTCTACACAAGCCC,4.81776498309204
4180,0.08364588420864863,3__mutated,PertCortex_3_GCCTCTAGTGGTCTCG,5.157975685073626
4181,0.07082089622581737,3__mutated,PertCortex_3_GCGAGAAAGAATAGGG,3.436934974274547
4182,0.408072024149213,3__mutated,PertCortex_3_GCGCAACTCATGCATG,2.940089526444743
4183,0.2003556295791534,3__mutated,PertCortex_3_GCGCCAAGTGACCAAG,4.487217029858021
4184,0.01993350816062473,3__mutated,PertCortex_3_GCGCCAAGTTGGACCC,3.2984502581506763
4185,0.004598464393678619,3__mutated,PertCortex_3_GCGCGATAGTGCAAGC,3.069986612481247
4186,0.16407955752022205,3__mutated,PertCortex_3_GCGGGTTAGGGAGTAA,4.543444091760478
4187,-0.016667932273788176,3__mutated,PertCortex_3_GCGGGTTAGTGTGGCA,3.8970059038007685
4188,0.12524321616742032,3__mutated,PertCortex_3_GCGGGTTTCATCGCTC,4.2301204202529545
4189,0.22597565576677775,3__mutated,PertCortex_3_GCTCCTACACGGCGTT,4.264878043397601
4190,0.38674922978898574,3__mutated,PertCortex_3_GCTCTGTAGCTTCGCG,2.625397277020215
4191,0.1758744249187688,3__mutated,PertCortex_3_GCTCTGTAGGAATCGC,3.9651279488200486
4192,0.08069799963758523,3__mutated,PertCortex_3_GCTCTGTCAACACCTA,4.48576714251149
4193,0.3420323517383833,3__mutated,PertCortex_3_GCTCTGTTCGAACTGT,3.473165982703095
4194,0.050017504067709224,3__mutated,PertCortex_3_GCTGCAGCATTGAGCT,4.0948736095513905
4195,0.050960204636644316,3__mutated,PertCortex_3_GCTGCAGGTCCGTTAA,4.965414476520609
4196,0.1099658418910211,3__mutated,PertCortex_3_GCTGCGAAGACTGTAA,5.798399433808259
4197,0.2319018081181768,3__mutated,PertCortex_3_GCTGCGAAGCCTCGTG,5.036075998389021
4198,0.09607700021108807,3__mutated,PertCortex_3_GCTGCGACAAGAGGCT,3.613130792467715
4199,0.12850525003154992,3__mutated,PertCortex_3_GCTGCGAGTCAAACTC,4.103924351356576
4200,0.18167948746655352,3__mutated,PertCortex_3_GCTGCGATCGGAAATA,3.3583130469163787
4201,0.5538301320191056,3__mutated,PertCortex_3_GCTGCTTAGCCGCCTA,1.7896841709185864
4202,0.1229019214733457,3__mutated,PertCortex_3_GCTGGGTAGAGACGAA,4.354026324035941
4203,0.23491379193045964,3__mutated,PertCortex_3_GCTGGGTGTTGAGGTG,2.5351730074049454
4204,0.02155281128113067,3__mutated,PertCortex_3_GCTTGAAGTAGCTAAA,2.3838380870397184
4205,0.14146150667267018,3__mutated,PertCortex_3_GCTTGAAGTGGTAACG,5.014725429823184
4206,0.06090065009551234,3__mutated,PertCortex_3_GGAAAGCTCATACGGT,5.2429148485118064
4207,0.06803121822394242,3__mutated,PertCortex_3_GGAACTTCAGTATGCT,4.687132360628226
4208,0.24683709221853256,3__mutated,PertCortex_3_GGAACTTCATAAGACA,3.952573428684805
4209,0.060139413427622905,3__mutated,PertCortex_3_GGAACTTTCGCGGATC,5.118776689908978
4210,0.08850101192738925,3__mutated,PertCortex_3_GGAATAAGTAGTAGTA,5.797276969104112
4211,0.06742218591177432,3__mutated,PertCortex_3_GGACAAGGTATATGAG,4.804089091870799
4212,0.12835532854585704,3__mutated,PertCortex_3_GGACAAGGTGCAACTT,5.05633855993351
4213,0.16753816882143907,3__mutated,PertCortex_3_GGACAGAAGCGGCTTC,3.5891604498909677
4214,0.23363160923961787,3__mutated,PertCortex_3_GGACAGACAAACCTAC,3.7258121218361895
4215,0.07086135386586306,3__mutated,PertCortex_3_GGACAGATCACAACGT,3.671858446508671
4216,0.22819228341115458,3__mutated,PertCortex_3_GGACAGATCAGCTCGG,3.9689037531097275
4217,0.09552760310474971,3__mutated,PertCortex_3_GGACAGATCTGAGTGT,4.27137240569714
4218,0.13373396783321567,3__mutated,PertCortex_3_GGCAATTCAATAACGA,5.8010256345048035
4219,0.15426690206567725,3__mutated,PertCortex_3_GGCGACTCAATCGGTT,3.9713797269084896
4220,0.35138810317155617,3__mutated,PertCortex_3_GGCGTGTCAAACTGTC,2.5517666031657735
4221,0.06707721515155071,3__mutated,PertCortex_3_GGCGTGTGTATATGGA,3.73497407974722
4222,0.6915004281261816,3__mutated,PertCortex_3_GGCGTGTGTTGCTCCT,1.8549291374771026
4223,0.06725877372333097,3__mutated,PertCortex_3_GGCGTGTTCACAAACC,3.526072412359306
4224,0.17513903010622997,3__mutated,PertCortex_3_GGCTCGACACCAGGTC,4.869731997978847
4225,0.19110838149043563,3__mutated,PertCortex_3_GGCTCGACATTCGACA,4.377036719180751
4226,0.2814094948796104,3__mutated,PertCortex_3_GGCTCGATCGTTACAG,4.3308985063411924
4227,0.1269824988650426,3__mutated,PertCortex_3_GGGACCTAGCGTGAAC,4.0159401091797235
4228,0.11989496841760075,3__mutated,PertCortex_3_GGGACCTAGGTGCACA,3.368239885361448
4229,0.26834068599883437,3__mutated,PertCortex_3_GGGACCTTCATGTGGT,4.9042471968377015
4230,0.3537421048281863,3__mutated,PertCortex_3_GGGAGATGTGCAGTAG,2.3554863959640975
4231,0.15725093943791346,3__mutated,PertCortex_3_GGGAGATTCGGCTACG,3.9705769668454574
4232,0.23969461596997246,3__mutated,PertCortex_3_GGGCACTTCGCCCTTA,4.5992961651711814
4233,0.6660650562182204,3__mutated,PertCortex_3_GGGCATCGTAACGCGA,2.0701946190276836
4234,0.09165263706655749,3__mutated,PertCortex_3_GGGCATCGTTGTCTTT,5.189957370390496
4235,0.08375883926355993,3__mutated,PertCortex_3_GGGCATCTCATTTGGG,3.6726684010296196
4236,0.07010400675558255,3__mutated,PertCortex_3_GGGTCTGAGTACGTAA,4.150230579786057
4237,0.08812486922116525,3__mutated,PertCortex_3_GGGTCTGAGTCCGGTC,4.567592545650783
4238,0.24422026139272576,3__mutated,PertCortex_3_GGGTCTGCACCATCCT,3.6002885356459338
4239,0.14601282388397438,3__mutated,PertCortex_3_GGGTCTGCATGCAATC,5.115490904965483
4240,0.16911121163701573,3__mutated,PertCortex_3_GGGTTGCGTGTCTGAT,3.4960614260925786
4241,0.10303797459832918,3__mutated,PertCortex_3_GGTATTGCAGCCAGAA,4.764691348004424
4242,0.08273206891645837,3__mutated,PertCortex_3_GGTATTGCATCCCACT,3.8805193821150947
4243,0.22697946980901262,3__mutated,PertCortex_3_GGTATTGTCAGATAAG,3.2501624879595754
4244,0.11715646546015249,3__mutated,PertCortex_3_GGTGAAGCATCTCGCT,5.414081605535304
4245,0.11642718408410255,3__mutated,PertCortex_3_GGTGCGTGTCTGGAGA,3.066364706674743
4246,0.06891614921893467,3__mutated,PertCortex_3_GGTGCGTGTGGCAAAC,3.9224077600166667
4247,0.14986672018421696,3__mutated,PertCortex_3_GGTGCGTTCAATCTCT,4.620949522922007
4248,0.08324776695940443,3__mutated,PertCortex_3_GGTGTTAAGTGTTTGC,3.926025470408404
4249,0.07855914520321616,3__mutated,PertCortex_3_GTACGTAAGAAACCTA,4.692697029924651
4250,0.21664187771222862,3__mutated,PertCortex_3_GTACGTACAACACCCG,3.259845049063788
4251,0.19551911974941572,3__mutated,PertCortex_3_GTACGTAGTACCCAAT,3.55884390969631
4252,0.14664940467221288,3__mutated,PertCortex_3_GTACTTTGTACAGTGG,4.6661675078740386
4253,0.25394386080188625,3__mutated,PertCortex_3_GTAGGCCAGAGGTAGA,3.401382265800783
4254,0.10735699304976573,3__mutated,PertCortex_3_GTAGGCCAGGGTTTCT,4.261730836183162
4255,0.4109021611874902,3__mutated,PertCortex_3_GTAGGCCCAGACACTT,2.289732774057531
4256,0.21457576520215269,3__mutated,PertCortex_3_GTAGGCCTCGCTTGTC,3.935032114910319
4257,0.5771552801929567,3__mutated,PertCortex_3_GTATCTTAGGGATCTG,2.3323222972001965
4258,0.5876314988722278,3__mutated,PertCortex_3_GTATTCTGTCCATCCT,2.4064609174601754
4259,0.0697072217186684,3__mutated,PertCortex_3_GTCACAACAACGATCT,3.5904271313364506
4260,0.1622836544456033,3__mutated,PertCortex_3_GTCACAAGTGAGTATA,3.467027228376202
4261,0.20994044244592108,3__mutated,PertCortex_3_GTCACGGTCCAAGTAC,3.431437045001689
4262,0.1457812110371632,3__mutated,PertCortex_3_GTCATTTCAATGAATG,3.856674936604325
4263,0.15195171564383117,3__mutated,PertCortex_3_GTCATTTTCCATGAGT,2.9493456453722837
4264,0.040138946451047645,3__mutated,PertCortex_3_GTCCTCAGTTAGATGA,2.9898011961083784
4265,0.4538031692141946,3__mutated,PertCortex_3_GTCGGGTCAATGTAAG,2.0971392706985705
4266,0.13184801603842586,3__mutated,PertCortex_3_GTCTTCGTCTTGAGGT,3.555276290997629
4267,0.08701821919892469,3__mutated,PertCortex_3_GTGAAGGCACGCATCG,5.416655217480451
4268,0.2699339155371399,3__mutated,PertCortex_3_GTGAAGGCATTGTGCA,2.8903867336544082
4269,0.08930926630294926,3__mutated,PertCortex_3_GTGAAGGTCGGTGTTA,4.54637925851125
4270,0.09076977336491861,3__mutated,PertCortex_3_GTGAAGGTCGTGGGAA,4.8179047635937735
4271,0.6917714443966113,3__mutated,PertCortex_3_GTGCAGCTCGTGGGAA,1.648953919862408
4272,0.24500022360084356,3__mutated,PertCortex_3_GTGCTTCAGGTGCACA,4.11561987106111
4273,0.14279857559660722,3__mutated,PertCortex_3_GTGCTTCAGTGGACGT,5.602861032359434
4274,0.09227170257769374,3__mutated,PertCortex_3_GTGCTTCCAATGGACG,5.1746185534624205
4275,0.08335738621087467,3__mutated,PertCortex_3_GTGCTTCCAGAAGCAC,4.930573660894347
4276,0.0484049734624102,3__mutated,PertCortex_3_GTGCTTCGTTCCGTCT,3.3569572315654246
4277,0.16246584308574644,3__mutated,PertCortex_3_GTGCTTCTCTGTCAAG,3.28795241042186
4278,0.11892563057858445,3__mutated,PertCortex_3_GTGGGTCAGCCACCTG,4.760259105659787
4279,0.2307617306866881,3__mutated,PertCortex_3_GTGTGCGAGACTGTAA,3.5412337605212754
4280,0.048265600897863685,3__mutated,PertCortex_3_GTGTGCGCACGTCTCT,4.074262549871496
4281,0.11940608022850271,3__mutated,PertCortex_3_GTGTGCGTCGCCTGAG,5.365109766379908
4282,0.05172362732569668,3__mutated,PertCortex_3_GTGTTAGAGTCTTGCA,4.233663703746545
4283,0.5595626801429066,3__mutated,PertCortex_3_GTGTTAGTCCGCGTTT,1.9288620121130498
4284,0.14969625695427194,3__mutated,PertCortex_3_GTTAAGCCACGGCCAT,4.863959385861145
4285,0.18803555483974782,3__mutated,PertCortex_3_GTTACAGAGTAAGTAC,3.8877910101310094
4286,0.2731505091146484,3__mutated,PertCortex_3_GTTACAGCAGGAATGC,3.116802906593968
4287,0.3962186844106207,3__mutated,PertCortex_3_GTTCATTAGCCAGGAT,3.307097379905182
4288,0.13425141686896744,3__mutated,PertCortex_3_GTTCGGGAGTCCGTAT,3.0804261119242793
4289,0.22070711976325477,3__mutated,PertCortex_3_GTTTCTAAGCTAGTGG,3.657734423789325
4290,0.08678785265148281,3__mutated,PertCortex_3_TAAGAGAGTATTCTCT,4.66331635798616
4291,0.21321732161363666,3__mutated,PertCortex_3_TAAGCGTCATCGGAAG,2.6051217617858855
4292,0.10622986480316852,3__mutated,PertCortex_3_TAAGCGTTCAATCACG,4.767697042700198
4293,0.13054724276034205,3__mutated,PertCortex_3_TACACGAAGAGTACCG,3.6038375676878704
4294,0.08529792692619476,3__mutated,PertCortex_3_TACACGAAGGTGCAAC,4.256739616176362
4295,0.1199715086229953,3__mutated,PertCortex_3_TACACGAGTACCGTAT,4.277952822703689
4296,0.2935935229788568,3__mutated,PertCortex_3_TACAGTGAGATCTGAA,2.6370971547961664
4297,0.25296738535438684,3__mutated,PertCortex_3_TACCTATCAAGGTTTC,2.920372690374154
4298,0.15599350723256808,3__mutated,PertCortex_3_TACCTATTCTGCGACG,3.6610181830299906
4299,0.2707208361166686,3__mutated,PertCortex_3_TACCTTACACCGAAAG,3.205592280600819
4300,0.10756807337781282,3__mutated,PertCortex_3_TACCTTACATTATCTC,5.575715285625607
4301,0.14072825338293604,3__mutated,PertCortex_3_TACCTTAGTATGCTTG,4.300399159754702
4302,0.14268510231424222,3__mutated,PertCortex_3_TACCTTATCAGCACAT,5.523542930952076
4303,0.29111534319516214,3__mutated,PertCortex_3_TACGGTAGTCGGCTCA,4.453349660208689
4304,0.380773212641092,3__mutated,PertCortex_3_TACTCATAGGACACCA,3.138887991122224
4305,0.15832485938497695,3__mutated,PertCortex_3_TACTCGCCATCCCATC,3.3949617563207393
4306,0.22042798418895454,3__mutated,PertCortex_3_TACTCGCTCGTCTGCT,5.27068595029095
4307,0.11477236284669524,3__mutated,PertCortex_3_TACTTACAGAAGATTC,4.465565787128107
4308,0.07856426494305296,3__mutated,PertCortex_3_TACTTACTCTCCAGGG,3.3803894689948986
4309,0.44448454586106473,3__mutated,PertCortex_3_TAGACCACAAGCTGAG,2.2113187710996716
4310,0.3460967255472543,3__mutated,PertCortex_3_TAGACCAGTGCTTCTC,2.081825432400631
4311,0.14036670049464678,3__mutated,PertCortex_3_TAGACCATCTGCGACG,3.815838295063486
4312,0.5630006264926837,3__mutated,PertCortex_3_TAGACCATCTGTCTAT,1.7073487933677065
4313,0.4922263453324866,3__mutated,PertCortex_3_TAGCCGGTCTGATTCT,1.7075659420761644
4314,0.17512051811638665,3__mutated,PertCortex_3_TAGGCATCAAGACGTG,2.304956053405677
4315,0.05615139159491532,3__mutated,PertCortex_3_TAGTGGTAGAAACGAG,3.1593890369971196
4316,0.5704262425075197,3__mutated,PertCortex_3_TAGTGGTAGGATTCGG,2.280386769895596
4317,0.5487392534047263,3__mutated,PertCortex_3_TAGTTGGGTCGCGTGT,2.0420791626577173
4318,0.2589717474435814,3__mutated,PertCortex_3_TAGTTGGGTTAAGTAG,2.700475750324221
4319,0.05917534345902975,3__mutated,PertCortex_3_TATCTCACAATCTACG,3.953507152626118
4320,0.6047660267251258,3__mutated,PertCortex_3_TCAACGAGTGTCGCTG,1.2810905658162044
4321,0.2085615561265598,3__mutated,PertCortex_3_TCAACGATCCAGAGGA,3.60544450446928
4322,0.11014935326314505,3__mutated,PertCortex_3_TCAATCTGTGTAATGA,2.9204641457690723
4323,0.4694411739109852,3__mutated,PertCortex_3_TCACAAGAGGGCTCTC,1.8599526134054225
4324,0.08639011284041183,3__mutated,PertCortex_3_TCACAAGGTTAAGAAC,4.642125969786849
4325,0.144584048315662,3__mutated,PertCortex_3_TCACAAGTCGGCGCAT,3.426794746282074
4326,0.19183063624949104,3__mutated,PertCortex_3_TCACAAGTCTACCTGC,3.768824754354477
4327,0.43012849837588285,3__mutated,PertCortex_3_TCACGAAAGTCTTGCA,2.060613601752745
4328,0.29794431383247294,3__mutated,PertCortex_3_TCAGCAAAGCACCGCT,2.600119251723115
4329,0.20492873925306504,3__mutated,PertCortex_3_TCAGCAAAGTTATCGC,1.6159354689695633
4330,0.6454085659120427,3__mutated,PertCortex_3_TCAGCAACATGAACCT,1.1717461249215002
4331,0.08769894347892217,3__mutated,PertCortex_3_TCAGCAAGTCGAGATG,2.8307549558929233
4332,0.15213392814593132,3__mutated,PertCortex_3_TCAGCTCCAAGTCTAC,4.220429549048214
4333,0.21445412423909974,3__mutated,PertCortex_3_TCAGCTCTCAACACGT,3.4060985100400205
4334,0.2659658726090373,3__mutated,PertCortex_3_TCAGGTACACCATCCT,3.367380901401565
4335,0.264308925185023,3__mutated,PertCortex_3_TCAGGTACAGACAAAT,2.9719027997625407
4336,0.25018244132907896,3__mutated,PertCortex_3_TCATTTGGTCTCTTAT,3.7765872473164457
4337,0.5664874781964107,3__mutated,PertCortex_3_TCATTTGTCGCACTCT,2.6007611723630144
4338,0.19996327296327787,3__mutated,PertCortex_3_TCCACACAGTAGATGT,3.34391507172394
4339,0.10434133640388087,3__mutated,PertCortex_3_TCCACACCAAGTCATC,4.94093510185889
4340,0.21445051135944845,3__mutated,PertCortex_3_TCCACACGTTTGGCGC,2.9785344923151684
4341,0.24571981887522462,3__mutated,PertCortex_3_TCCCGATTCAAGATCC,3.826478834513759
4342,0.31213118920000965,3__mutated,PertCortex_3_TCGAGGCCAGACGCTC,1.9381804578278867
4343,0.2197761146898791,3__mutated,PertCortex_3_TCGAGGCTCCGTCAAA,3.659690406519421
4344,0.29739702490781134,3__mutated,PertCortex_3_TCGAGGCTCTGGCGTG,2.8710969468945358
4345,0.179874956219354,3__mutated,PertCortex_3_TCGCGAGAGCAGACTG,2.7440250600123486
4346,0.19968728226382373,3__mutated,PertCortex_3_TCGCGAGAGGAGTAGA,3.4315764357765537
4347,0.22516127959422025,3__mutated,PertCortex_3_TCGCGAGAGGGCTTGA,3.4940350524731074
4348,0.6495440100307345,3__mutated,PertCortex_3_TCGCGAGCACATGGGA,1.8118146336060463
4349,0.1269840915489103,3__mutated,PertCortex_3_TCGCGAGTCTGCTTGC,4.871831177980737
4350,0.10674264429694054,3__mutated,PertCortex_3_TCGGGACTCGCCAAAT,3.9312415016669235
4351,0.2832636176465926,3__mutated,PertCortex_3_TCGGTAAAGCGAAGGG,1.88617256011344
4352,0.13631411641096217,3__mutated,PertCortex_3_TCGGTAACATCGGAAG,3.6714642365525334
4353,0.12608486461719545,3__mutated,PertCortex_3_TCGTACCGTCTAGAGG,4.283569141275363
4354,0.16663944603346864,3__mutated,PertCortex_3_TCGTAGAAGACTGGGT,5.659671976346218
4355,0.13488732474902326,3__mutated,PertCortex_3_TCGTAGATCACCCGAG,4.73354134300657
4356,0.6826752794374455,3__mutated,PertCortex_3_TCGTAGATCGGTTAAC,1.7427063670832843
4357,0.12923538613616892,3__mutated,PertCortex_3_TCTATTGCACGCTTTC,4.573620663738925
4358,0.25812135634323724,3__mutated,PertCortex_3_TCTCATAAGTACGCCC,3.4467658387149473
4359,0.23299108320571382,3__mutated,PertCortex_3_TCTCTAAAGTTGTCGT,3.9356543653940586
4360,0.4331507240865799,3__mutated,PertCortex_3_TCTCTAACACCAGATT,2.2762026740111914
4361,0.14463674147089794,3__mutated,PertCortex_3_TCTCTAATCCAAACTG,3.970629016796076
4362,0.2983361199561853,3__mutated,PertCortex_3_TCTGGAAGTCGGCATC,2.545540430813145
4363,0.2463509099177808,3__mutated,PertCortex_3_TCTGGAAGTTGTGGAG,2.2636017665167443
4364,0.1685628646488686,3__mutated,PertCortex_3_TGAAAGAGTAGAAGGA,4.177543250665219
4365,0.3230896943388628,3__mutated,PertCortex_3_TGACAACCACCGAAAG,3.2935070605211054
4366,0.21154033353209262,3__mutated,PertCortex_3_TGACAACTCCACGCAG,3.8534348107981846
4367,0.1892200071292588,3__mutated,PertCortex_3_TGACGGCCATATACCG,3.5735239069034987
4368,0.404867483059978,3__mutated,PertCortex_3_TGACTAGAGAAGGGTA,2.3765950174555366
4369,0.1125545263392284,3__mutated,PertCortex_3_TGACTTTTCACGATGT,3.9189585540415997
4370,0.14738883616770662,3__mutated,PertCortex_3_TGACTTTTCAGAAATG,4.755698784502178
4371,0.07079856215331874,3__mutated,PertCortex_3_TGAGAGGTCAGGTTCA,4.245068649331084
4372,0.2972113526588717,3__mutated,PertCortex_3_TGAGAGGTCCGAGCCA,1.9988028531496316
4373,0.2337398503346635,3__mutated,PertCortex_3_TGAGCATCACGTGAGA,4.549362115295966
4374,0.10890917775760318,3__mutated,PertCortex_3_TGAGGGAAGGTGCAAC,3.4744595278673396
4375,0.20699644304981354,3__mutated,PertCortex_3_TGAGGGAGTTACGCGC,3.72532641837868
4376,0.1579959947692899,3__mutated,PertCortex_3_TGCCAAATCCTTGACC,4.367733656853021
4377,0.049784855492918174,3__mutated,PertCortex_3_TGCCAAATCTGGCGAC,4.199568383966571
4378,0.1907993785414636,3__mutated,PertCortex_3_TGCCCATAGCTAGGCA,3.2654791390875917
4379,0.14450698236376644,3__mutated,PertCortex_3_TGCCCATCAGTATGCT,4.464152367960343
4380,0.2749612274130924,3__mutated,PertCortex_3_TGCCCTAAGATCCCGC,4.309436710260382
4381,0.08470019738357525,3__mutated,PertCortex_3_TGCCCTAAGCCCAACC,3.7944770265090044
4382,0.13893873298312354,3__mutated,PertCortex_3_TGCGCAGAGTTCGCAT,2.7313887440013653
4383,0.13014466142068853,3__mutated,PertCortex_3_TGCGCAGCACTCTGTC,3.3074190576936835
4384,0.5106384913836951,3__mutated,PertCortex_3_TGCGCAGGTGTTCTTT,2.3087540009512564
4385,0.1462400574513938,3__mutated,PertCortex_3_TGCGTGGTCCTTGACC,4.2605879314642765
4386,0.5684494652260353,3__mutated,PertCortex_3_TGCTGCTAGATGGCGT,1.552814879538725
4387,0.30332482065085836,3__mutated,PertCortex_3_TGCTGCTGTTCGAATC,1.8737546076029137
4388,0.1416657351814136,3__mutated,PertCortex_3_TGGACGCAGGGATACC,5.031553576129828
4389,0.07649188627758985,3__mutated,PertCortex_3_TGGACGCCATTAGGCT,4.172336937243686
4390,0.10557788659147296,3__mutated,PertCortex_3_TGGCCAGCAGGACGTA,3.0978798835257813
4391,0.19870617725219983,3__mutated,PertCortex_3_TGGCGCACAGACGTAG,4.4009555333059724
4392,0.15179440373440825,3__mutated,PertCortex_3_TGGCTGGTCACTCCTG,3.1136651036601077
4393,0.3746182047623506,3__mutated,PertCortex_3_TGGGCGTGTAGGGACT,1.6006850721858592
4394,0.161546229806912,3__mutated,PertCortex_3_TGGGCGTTCCAATGGT,4.48184453175383
4395,0.2081589139603649,3__mutated,PertCortex_3_TGGTTAGGTAGGGTAC,2.8795890563927307
4396,0.5543216265384924,3__mutated,PertCortex_3_TGGTTCCAGTTAAGTG,2.437836207520225
4397,0.256726703244976,3__mutated,PertCortex_3_TGTGGTAGTGATGATA,4.0395179936385786
4398,0.1927313393649697,3__mutated,PertCortex_3_TGTTCCGTCTAGAGTC,2.8960547273623205
4399,0.320478349761239,3__mutated,PertCortex_3_TTAACTCAGAGGTAGA,3.555287203317138
4400,0.07201545754713792,3__mutated,PertCortex_3_TTAGGACAGTGATCGG,3.816484066496884
4401,0.2789795597528163,3__mutated,PertCortex_3_TTAGGACGTGCAACTT,2.425848887843264
4402,0.10935088851820789,3__mutated,PertCortex_3_TTAGGCAAGCTACCGC,3.054223897879535
4403,0.519342394126574,3__mutated,PertCortex_3_TTAGGCAGTCTAAAGA,2.048431177894956
4404,0.42363672875718206,3__mutated,PertCortex_3_TTAGTTCAGGAATCGC,2.0545729650240365
4405,0.2217345983201291,3__mutated,PertCortex_3_TTAGTTCTCGTACGGC,3.902280469722944
4406,0.14942626131148287,3__mutated,PertCortex_3_TTATGCTAGCCAACAG,3.3869046239115788
4407,0.38643016259474755,3__mutated,PertCortex_3_TTATGCTAGCCTTGAT,2.215670568949849
4408,0.11314340116872537,3__mutated,PertCortex_3_TTATGCTAGCTAGCCC,5.15510218684248
4409,0.27524507133496856,3__mutated,PertCortex_3_TTATGCTGTGCCTTGG,2.519551233331291
4410,0.0997203861019329,3__mutated,PertCortex_3_TTCCCAGGTCTTGATG,4.2233176251061115
4411,0.03945865793520072,3__mutated,PertCortex_3_TTCCCAGTCTCACATT,3.9148977144133124
4412,0.22846944937707805,3__mutated,PertCortex_3_TTCGGTCCACATGACT,2.8210390558212786
4413,0.5633059791729679,3__mutated,PertCortex_3_TTCGGTCCAGACAAGC,1.670665163641111
4414,0.07323788754069395,3__mutated,PertCortex_3_TTCGGTCCAGCTGTGC,3.579762897044193
4415,0.538754709671943,3__mutated,PertCortex_3_TTCTACACACACCGCA,2.1574359181432508
4416,0.09293672000054377,3__mutated,PertCortex_3_TTCTCAAAGCACCGCT,4.082163426219885
4417,0.1383076235756909,3__mutated,PertCortex_3_TTCTCAACAGCCACCA,3.130532292955432
4418,0.18176910146255973,3__mutated,PertCortex_3_TTCTCAATCACCTCGT,3.5073305787811737
4419,0.36859639916579423,3__mutated,PertCortex_3_TTCTCCTAGACAGACC,2.620122667372133
4420,0.6354784840109158,3__mutated,PertCortex_3_TTCTCCTAGGGAGTAA,2.1550008236572884
4421,0.3179994597422525,3__mutated,PertCortex_3_TTCTCCTCAAGGTTCT,2.5059735451282257
4422,0.2532616813949903,3__mutated,PertCortex_3_TTCTTAGAGCGATTCT,3.226625099040714
4423,0.124349750138838,3__mutated,PertCortex_3_TTCTTAGAGTGGAGTC,4.898148370532555
4424,0.2084652150727574,3__mutated,PertCortex_3_TTGAACGGTACCGCTG,4.488301192219154
4425,0.5385021781959001,3__mutated,PertCortex_3_TTGCCGTCACAGCCCA,1.8671404233095021
4426,0.08971019707939547,3__mutated,PertCortex_3_TTGCCGTCACTGCCAG,3.591618406148221
4427,0.15049179420803702,3__mutated,PertCortex_3_TTGCCGTCAGCCAATT,3.4017840008537332
4428,0.13722936683038525,3__mutated,PertCortex_3_TTGCCGTGTGTAAGTA,4.256438887084261
4429,0.44306351781927494,3__mutated,PertCortex_3_TTGCGTCCATGCAACT,2.116663360826521
4430,0.08189275909633899,3__mutated,PertCortex_3_TTGCGTCGTAGCGCAA,3.185132790303378
4431,0.19955111967511366,3__mutated,PertCortex_3_TTGGAACGTCGACTGC,3.172015957271097
4432,0.27594689714469145,3__mutated,PertCortex_3_TTGGAACTCTTCGGTC,1.7469810843616833
4433,0.2751265619610052,3__mutated,PertCortex_3_TTGGCAAAGAGTCGGT,3.435482645097585
4434,0.6692926680011658,3__mutated,PertCortex_3_TTGTAGGCACATTTCT,1.8032966407861082
4435,0.5598865817839751,3__mutated,PertCortex_3_TTGTAGGTCTATGTGG,1.6452449312284698
4436,0.0974301816481035,3__mutated,PertCortex_3_TTTACTGAGGCATGTG,3.379243292199912
4437,0.2210874878420257,3__mutated,PertCortex_3_TTTACTGCAGGAACGT,4.020422435904452
4438,0.058782332475936366,3__mutated,PertCortex_3_TTTACTGGTCATACTG,3.575661185081217
4439,0.051993925789830725,3__mutated,PertCortex_3_TTTACTGGTCTAGGTT,4.804120823818818
4440,0.08953966101863463,3__mutated,PertCortex_3_TTTACTGTCTGTCTCG,3.098811704808403
4441,0.1557071573880915,3__mutated,PertCortex_3_TTTATGCAGCGATTCT,3.950631362399047
4442,0.6045770096569669,3__mutated,PertCortex_3_TTTATGCCACTTCGAA,1.3788937857449164
4443,0.2507627340611834,3__mutated,PertCortex_3_TTTATGCGTAGCTAAA,3.3200777464692632
4444,0.2015155602285622,3__mutated,PertCortex_3_TTTCCTCAGCCATCGC,3.0593237202934414
4445,0.175517697218384,3__mutated,PertCortex_3_TTTCCTCTCTAACTCT,4.985761178555016
4446,0.09692818721283626,3__mutated,PertCortex_3_TTTGCGCCAGCTATTG,4.472289543521864
4447,0.09093079730897206,3__mutated,PertCortex_3_TTTGCGCCAGTCACTA,3.327827971899147
4448,0.23607909486924875,3__mutated,PertCortex_3_TTTGCGCTCCATTCTA,4.659885639742121
4449,0.09329410198910226,3__mutated,PertCortex_3_TTTGGTTTCCAAGTAC,3.454018349038309
4450,0.14868260278121936,3__mutated,PertCortex_3_TTTGTCAAGGCCATAG,3.1537055205087228
4451,0.47947392803463823,3__mutated,PertCortex_3_TTTGTCACAGGTTTCA,2.0427899711229
4452,0.1735125679762784,4__mutated,PertCortex_4_AAACCTGCAACGCACC,3.8152212512910357
4453,0.34715563465118865,4__mutated,PertCortex_4_AAACCTGCATGCGCAC,4.480049828758626
4454,0.12953287213227863,4__mutated,PertCortex_4_AAACCTGGTATCGCAT,3.680113429154941
4455,0.13563387860582593,4__mutated,PertCortex_4_AAACCTGTCAGCTGGC,5.028854093950015
4456,0.12389729272895714,4__mutated,PertCortex_4_AAACCTGTCCGCGGTA,4.692991098637178
4457,0.24537229832778587,4__mutated,PertCortex_4_AAACCTGTCCTGCTTG,1.9885373039723897
4458,0.19160105640057096,4__mutated,PertCortex_4_AAACCTGTCTAAGCCA,3.658464287954439
4459,0.13962987450669004,4__mutated,PertCortex_4_AAACGGGAGAACAACT,4.2592066380161935
4460,0.0608690651884443,4__mutated,PertCortex_4_AAACGGGAGAATTCCC,4.780927432794093
4461,0.09471547197193213,4__mutated,PertCortex_4_AAACGGGAGCTTCGCG,4.77919319861075
4462,0.7001984284781534,4__mutated,PertCortex_4_AAACGGGAGTACTTGC,1.621283109766332
4463,0.0496875146612724,4__mutated,PertCortex_4_AAACGGGAGTTCGCGC,4.336543879079743
4464,0.20916493530575286,4__mutated,PertCortex_4_AAACGGGCACAACGCC,5.095364106357247
4465,0.6101725322277634,4__mutated,PertCortex_4_AAACGGGCAGACGCAA,2.103253159403417
4466,0.08646137852496451,4__mutated,PertCortex_4_AAACGGGGTTCAACCA,4.575581757629605
4467,0.0958593221766544,4__mutated,PertCortex_4_AAACGGGTCTCCAACC,3.096866687116812
4468,0.3776611878680204,4__mutated,PertCortex_4_AAAGATGAGCGACGTA,1.652824076724622
4469,0.6033190918816963,4__mutated,PertCortex_4_AAAGATGCAGTATGCT,1.634156526668338
4470,0.16064826690396433,4__mutated,PertCortex_4_AAAGATGCATGGTCAT,5.118244078779673
4471,0.12490088816728076,4__mutated,PertCortex_4_AAAGATGGTCCTGCTT,4.240614880521143
4472,0.10353352153765512,4__mutated,PertCortex_4_AAAGATGTCTCGAGTA,3.9605575744174386
4473,0.2542490510319739,4__mutated,PertCortex_4_AAAGCAAAGGCGATAC,2.316544887890287
4474,0.18250747522358138,4__mutated,PertCortex_4_AAAGCAAAGGGTTTCT,3.7701078873482747
4475,0.2325855276193451,4__mutated,PertCortex_4_AAAGCAACAGACACTT,4.057742519135459
4476,0.052340070554357236,4__mutated,PertCortex_4_AAAGCAACATGTCCTC,4.584122014047947
4477,0.10391513233586067,4__mutated,PertCortex_4_AAAGCAAGTAGCGATG,3.015889451651915
4478,0.6323370067565373,4__mutated,PertCortex_4_AAAGCAAGTTGGTGGA,2.0803123875115324
4479,0.1350956975472405,4__mutated,PertCortex_4_AAAGCAATCCTACAGA,4.522304709655883
4480,0.20581515552519838,4__mutated,PertCortex_4_AAAGTAGAGCACAGGT,3.254476366979027
4481,0.1733499577766363,4__mutated,PertCortex_4_AAAGTAGCACCATCCT,4.228994434763556
4482,0.11423738384050272,4__mutated,PertCortex_4_AAAGTAGGTGCACCAC,3.4382165136358744
4483,0.10117903586361136,4__mutated,PertCortex_4_AAATGCCAGAGCTTCT,5.008958789089896
4484,0.20664593251707425,4__mutated,PertCortex_4_AAATGCCAGCGATATA,3.6548974414234725
4485,0.25876490682038245,4__mutated,PertCortex_4_AAATGCCCAAATCCGT,4.268096508363592
4486,0.5530020727164083,4__mutated,PertCortex_4_AAATGCCCACGGTGTC,2.20860338338311
4487,0.28613745202546614,4__mutated,PertCortex_4_AAATGCCGTCAGATAA,3.1098912714491735
4488,0.1529594597682128,4__mutated,PertCortex_4_AAATGCCGTCGACTGC,3.776441562818614
4489,0.14040001906809024,4__mutated,PertCortex_4_AAATGCCGTGAGGGAG,3.668223965351345
4490,0.27645981206816406,4__mutated,PertCortex_4_AAATGCCGTTACGGAG,2.0771134752845315
4491,0.2733375030035414,4__mutated,PertCortex_4_AAATGCCTCCTAGTGA,4.778514814403599
4492,0.22077103072574356,4__mutated,PertCortex_4_AAATGCCTCGCGTAGC,4.882200388281761
4493,0.15249012530480247,4__mutated,PertCortex_4_AACACGTAGTCCAGGA,4.804787544923631
4494,0.44535488809204604,4__mutated,PertCortex_4_AACACGTCAAGAAAGG,2.6678410878042267
4495,0.12315829911152279,4__mutated,PertCortex_4_AACACGTCAGGGTTAG,4.592172531198347
4496,0.49099341976820465,4__mutated,PertCortex_4_AACACGTGTGTGAAAT,2.1094857767618933
4497,0.3928151297013729,4__mutated,PertCortex_4_AACACGTTCAGATAAG,2.1723712502383763
4498,0.1455220551224619,4__mutated,PertCortex_4_AACACGTTCAGTTGAC,4.392585568000867
4499,0.15285585262886806,4__mutated,PertCortex_4_AACACGTTCGGGAGTA,4.0975271155389414
4500,0.09453280435900445,4__mutated,PertCortex_4_AACACGTTCGTTTATC,4.421253215730862
4501,0.2972667168043731,4__mutated,PertCortex_4_AACCATGAGGCCGAAT,2.444850603858292
4502,0.12732977213811475,4__mutated,PertCortex_4_AACCATGAGGCTAGAC,4.4293207100846015
4503,0.23983027845046007,4__mutated,PertCortex_4_AACCATGTCCTGCTTG,2.988780934778425
4504,0.150665155104029,4__mutated,PertCortex_4_AACCGCGAGCCAACAG,3.323467993129352
4505,0.6037268810147759,4__mutated,PertCortex_4_AACCGCGAGCGTAATA,1.579402735033726
4506,0.0913611599813165,4__mutated,PertCortex_4_AACCGCGAGGCCCGTT,4.8198706039190835
4507,0.10982905216179902,4__mutated,PertCortex_4_AACCGCGAGTGGGCTA,4.476896992608839
4508,0.24519459660259743,4__mutated,PertCortex_4_AACCGCGCAACGCACC,1.7290869735614043
4509,0.11554722247838142,4__mutated,PertCortex_4_AACCGCGCAGGATCGA,4.4256711110007405
4510,0.08257649789825937,4__mutated,PertCortex_4_AACCGCGTCTGAAAGA,5.4911873464802445
4511,0.16876399236450434,4__mutated,PertCortex_4_AACGTTGAGAATAGGG,5.1136934617922725
4512,0.17242778356785687,4__mutated,PertCortex_4_AACGTTGAGAGACTTA,3.9303149191533793
4513,0.2662289039738993,4__mutated,PertCortex_4_AACGTTGAGAGTGACC,3.4528104032428755
4514,0.06599568859496953,4__mutated,PertCortex_4_AACGTTGAGCCACTAT,4.172643706071013
4515,0.08458113340936127,4__mutated,PertCortex_4_AACGTTGAGTAAGTAC,3.2445003255992297
4516,0.4504003079110024,4__mutated,PertCortex_4_AACGTTGCACGGTAGA,3.594299134854798
4517,0.16974449125655183,4__mutated,PertCortex_4_AACGTTGCAGATGGCA,4.1615847365838885
4518,0.2399388202434949,4__mutated,PertCortex_4_AACGTTGGTGGTAACG,3.115549076695621
4519,0.18093873974206592,4__mutated,PertCortex_4_AACGTTGTCAGCCTAA,4.286828491586691
4520,0.4725159315187383,4__mutated,PertCortex_4_AACGTTGTCCCTAATT,2.4595548403867977
4521,0.15831789702697507,4__mutated,PertCortex_4_AACGTTGTCGTAGGAG,3.978856124286644
4522,0.11838663489243681,4__mutated,PertCortex_4_AACTCAGAGGGAAACA,4.591161176825592
4523,0.0903892155743204,4__mutated,PertCortex_4_AACTCAGCACGCTTTC,4.610973466561202
4524,0.5837046609296468,4__mutated,PertCortex_4_AACTCAGCATACGCCG,2.035733458894919
4525,0.22352474697471736,4__mutated,PertCortex_4_AACTCAGGTCCGAAGA,3.3018314408284697
4526,0.12387726508275275,4__mutated,PertCortex_4_AACTCAGGTGACGGTA,4.493207408373305
4527,0.36000304404152866,4__mutated,PertCortex_4_AACTCAGGTGTGAAAT,2.522101131899107
4528,0.3179605421206908,4__mutated,PertCortex_4_AACTCAGGTTGGTAAA,2.5924367546018123
4529,0.35370711268874705,4__mutated,PertCortex_4_AACTCAGTCGAATCCA,2.9087473622949798
4530,0.13311658980382357,4__mutated,PertCortex_4_AACTCCCCAATGGATA,5.052355161467415
4531,0.1258867128933795,4__mutated,PertCortex_4_AACTCCCCAGCATACT,5.342395374454393
4532,0.1548963398398186,4__mutated,PertCortex_4_AACTCCCCAGCTGTAT,4.321855318690149
4533,0.6368134856141325,4__mutated,PertCortex_4_AACTCCCGTCGTTGTA,2.182217113018057
4534,0.20486682340462153,4__mutated,PertCortex_4_AACTCCCGTTGGACCC,4.10065386682389
4535,0.13483205396936196,4__mutated,PertCortex_4_AACTCTTAGAAGGTGA,4.550425630235937
4536,0.1947575431585883,4__mutated,PertCortex_4_AACTCTTAGTCTTGCA,3.6757027506070754
4537,0.26156527993281314,4__mutated,PertCortex_4_AACTCTTCAAACTGCT,2.5999987748216693
4538,0.17298323405512941,4__mutated,PertCortex_4_AACTCTTCAATGGATA,3.8230990808534813
4539,0.19354024359292915,4__mutated,PertCortex_4_AACTCTTCACACAGAG,3.740918681434672
4540,0.11795927715447013,4__mutated,PertCortex_4_AACTCTTCATGCTGGC,4.487962949996898
4541,0.21650942797234932,4__mutated,PertCortex_4_AACTCTTGTATGGTTC,5.186026739033546
4542,0.18477445001035278,4__mutated,PertCortex_4_AACTCTTGTGGCAAAC,3.8364903716252896
4543,0.17804442573560686,4__mutated,PertCortex_4_AACTGGTAGAAAGTGG,3.409379336911594
4544,0.15522215386708005,4__mutated,PertCortex_4_AACTGGTAGGAGTTGC,3.872416228376628
4545,0.2621758584982613,4__mutated,PertCortex_4_AACTGGTAGTTAAGTG,3.6184027234236362
4546,0.14694843702573815,4__mutated,PertCortex_4_AACTGGTCAACACGCC,4.48260933884618
4547,0.23117724529413516,4__mutated,PertCortex_4_AACTGGTCATCTACGA,4.65478765936958
4548,0.3219335031557843,4__mutated,PertCortex_4_AACTGGTGTAATCGTC,2.551035310284549
4549,0.23303879827184065,4__mutated,PertCortex_4_AACTGGTGTATGGTTC,2.802233932095401
4550,0.12078063600379932,4__mutated,PertCortex_4_AACTTTCCACAGTCGC,4.759392564974379
4551,0.489398870290083,4__mutated,PertCortex_4_AACTTTCGTATATGAG,2.493693859767995
4552,0.10058431459920206,4__mutated,PertCortex_4_AACTTTCTCTTCCTTC,2.235434247165036
4553,0.19956241669612285,4__mutated,PertCortex_4_AAGACCTAGAAGGGTA,3.612682463990656
4554,0.17670964529584046,4__mutated,PertCortex_4_AAGACCTAGCAGGTCA,3.705628796279627
4555,0.15459396235967074,4__mutated,PertCortex_4_AAGACCTGTCAGTGGA,5.27742465090333
4556,0.3225704179467207,4__mutated,PertCortex_4_AAGACCTTCGGAGGTA,4.7532989533941254
4557,0.19051973194343552,4__mutated,PertCortex_4_AAGACCTTCGTGGTCG,4.125330854067556
4558,0.17577915643311195,4__mutated,PertCortex_4_AAGCCGCAGCAGACTG,4.487864490488888
4559,0.3535688290757472,4__mutated,PertCortex_4_AAGCCGCAGGTGTTAA,3.106254256800075
4560,0.15789714120166534,4__mutated,PertCortex_4_AAGCCGCAGTGGGCTA,3.7529844339345675
4561,0.11255122075616558,4__mutated,PertCortex_4_AAGCCGCCAACACGCC,3.9361861982100503
4562,0.2529713989926576,4__mutated,PertCortex_4_AAGCCGCGTGCTAGCC,4.310656088344552
4563,0.15829318340628165,4__mutated,PertCortex_4_AAGCCGCTCGCAAGCC,3.5412556068554935
4564,0.17486466532392228,4__mutated,PertCortex_4_AAGCCGCTCTGCGTAA,4.131883778109092
4565,0.21596107103776216,4__mutated,PertCortex_4_AAGGAGCAGCAGGTCA,3.460167710536997
4566,0.21563326601231178,4__mutated,PertCortex_4_AAGGAGCAGCGTTTAC,3.7946033005774846
4567,0.18329223172435669,4__mutated,PertCortex_4_AAGGAGCCAACTGGCC,3.6665845232424368
4568,0.14083265572547463,4__mutated,PertCortex_4_AAGGAGCTCAGTGCAT,4.559947557112741
4569,0.11575059502420701,4__mutated,PertCortex_4_AAGGCAGAGGGATCTG,4.209494822479746
4570,0.11592578521480888,4__mutated,PertCortex_4_AAGGCAGGTGGTACAG,3.786249322535523
4571,0.1305778152842995,4__mutated,PertCortex_4_AAGGCAGTCCACTGGG,4.497755486217835
4572,0.28504602660177186,4__mutated,PertCortex_4_AAGGTTCAGCTTCGCG,3.5732108424607407
4573,0.14966016730664627,4__mutated,PertCortex_4_AAGGTTCCAAGACACG,4.556448225723747
4574,0.10080421179678442,4__mutated,PertCortex_4_AAGGTTCCATACGCTA,4.480053862698499
4575,0.13547651889439036,4__mutated,PertCortex_4_AAGGTTCGTATAGGTA,5.69529349814926
4576,0.2274034452242202,4__mutated,PertCortex_4_AAGGTTCGTATCTGCA,3.012333999743581
4577,0.030601333102761814,4__mutated,PertCortex_4_AAGGTTCGTCAATACC,4.311513759154209
4578,0.16055944954418352,4__mutated,PertCortex_4_AAGTCTGCATATGCTG,4.545547805035167
4579,0.3359121879429648,4__mutated,PertCortex_4_AAGTCTGTCGGCTACG,2.783979913096359
4580,0.22493395538456165,4__mutated,PertCortex_4_AATCCAGAGGCTAGCA,3.8178254656283084
4581,0.23837518185164108,4__mutated,PertCortex_4_AATCCAGCAAGCTGAG,3.297813606990593
4582,0.23348433579542485,4__mutated,PertCortex_4_AATCCAGGTGCAACGA,3.8549575068876942
4583,0.21777447485999898,4__mutated,PertCortex_4_AATCCAGTCAGTCCCT,3.2644788274458287
4584,0.26066989173562416,4__mutated,PertCortex_4_AATCGGTAGCGTGAGT,3.513907193025217
4585,0.1446167364108477,4__mutated,PertCortex_4_AATCGGTCAAGACACG,5.26827445071564
4586,0.15390124343298028,4__mutated,PertCortex_4_AATCGGTCAAGTCTAC,4.526799622538514
4587,0.19180509153779338,4__mutated,PertCortex_4_AATCGGTCACGGATAG,4.812991358826626
4588,0.20651235903324588,4__mutated,PertCortex_4_AATCGGTGTGATGATA,3.7237545919951542
4589,0.14371793031553592,4__mutated,PertCortex_4_AATCGGTTCAAACAAG,5.1066621496137365
4590,0.28116619746391286,4__mutated,PertCortex_4_AATCGGTTCAGTCAGT,4.856238636225091
4591,0.099138994498361,4__mutated,PertCortex_4_ACACCAAGTGCCTTGG,5.5305024282995
4592,0.05362114428382295,4__mutated,PertCortex_4_ACACCAAGTGGGTATG,4.33047275641722
4593,0.13880467205100913,4__mutated,PertCortex_4_ACACCAATCCCTAATT,3.210751564001008
4594,0.140356895668496,4__mutated,PertCortex_4_ACACCAATCCTAGTGA,4.432028531674458
4595,0.2185905393694776,4__mutated,PertCortex_4_ACACCAATCGAGCCCA,2.6424302114714355
4596,0.13034057507188254,4__mutated,PertCortex_4_ACACCCTAGGTAGCCA,3.6814875597266083
4597,0.18083951435636086,4__mutated,PertCortex_4_ACACCCTAGTGTACTC,3.542907060654019
4598,0.09250642145905039,4__mutated,PertCortex_4_ACACCCTCAGCATACT,3.6286156668916765
4599,0.18559312498594877,4__mutated,PertCortex_4_ACACCCTGTAAGTGGC,5.002383628127823
4600,0.26932467025371043,4__mutated,PertCortex_4_ACACCCTGTTCGCGAC,4.679396245992377
4601,0.10432421413431171,4__mutated,PertCortex_4_ACACCCTTCCTCGCAT,4.76826821515652
4602,0.143018683077206,4__mutated,PertCortex_4_ACACCCTTCGCATGAT,3.9901988764888374
4603,0.10376307294472746,4__mutated,PertCortex_4_ACACCCTTCGCCTGTT,4.455145015894154
4604,0.06930861561971824,4__mutated,PertCortex_4_ACACCCTTCGGAGGTA,4.507793930414445
4605,0.3202181896277985,4__mutated,PertCortex_4_ACACCGGAGCTAAGAT,2.5110395687262628
4606,0.12589378800903328,4__mutated,PertCortex_4_ACACCGGGTCCGAAGA,4.852779544679126
4607,0.11076880361460409,4__mutated,PertCortex_4_ACACCGGTCACAATGC,4.596378591566491
4608,0.2668544113826851,4__mutated,PertCortex_4_ACACCGGTCACGATGT,2.505642854093597
4609,0.15105456857200217,4__mutated,PertCortex_4_ACACCGGTCGATCCCT,5.677445457758391
4610,0.3186620182109147,4__mutated,PertCortex_4_ACACCGGTCTGAAAGA,4.624353826728781
4611,0.19726679070446784,4__mutated,PertCortex_4_ACACCGGTCTTTACAC,5.051092222215201
4612,0.3605662009813375,4__mutated,PertCortex_4_ACACTGAAGCCAGTTT,2.491705767729525
4613,0.3047646095364089,4__mutated,PertCortex_4_ACACTGAAGTGAATTG,3.911573440363383
4614,0.2918767870800491,4__mutated,PertCortex_4_ACACTGACATGAAGTA,4.36751876608827
4615,0.3015063832825982,4__mutated,PertCortex_4_ACACTGAGTCGTGGCT,4.130180406509486
4616,0.5331906300969228,4__mutated,PertCortex_4_ACACTGATCGAGAGCA,2.26852398265237
4617,0.04153448155342954,4__mutated,PertCortex_4_ACACTGATCTGCTTGC,3.7204953039061666
4618,0.1757079933742361,4__mutated,PertCortex_4_ACAGCCGCAATCACAC,4.086541173575113
4619,0.2367358186351557,4__mutated,PertCortex_4_ACAGCCGCAGCTCGAC,4.60711511690091
4620,0.09375325933936482,4__mutated,PertCortex_4_ACAGCCGCATCAGTCA,4.18102560982961
4621,0.20530725487392465,4__mutated,PertCortex_4_ACAGCCGCATCCGTGG,3.526140138511805
4622,0.11925877777102659,4__mutated,PertCortex_4_ACAGCCGGTACCGCTG,5.368132371557856
4623,0.27193943536460696,4__mutated,PertCortex_4_ACAGCCGGTAGCTGCC,4.636509617607733
4624,0.6356528323403463,4__mutated,PertCortex_4_ACAGCCGGTATATCCG,2.112481407928952
4625,0.09224956983562609,4__mutated,PertCortex_4_ACAGCCGGTCAGTGGA,4.239416545239767
4626,0.4660252842871929,4__mutated,PertCortex_4_ACAGCCGGTTCGGCAC,2.0545887665439375
4627,0.20615788780198246,4__mutated,PertCortex_4_ACAGCCGTCAGAGCTT,3.6056409562462677
4628,0.5626787531445779,4__mutated,PertCortex_4_ACAGCCGTCCCTTGTG,2.1905331573667968
4629,0.32466609147408976,4__mutated,PertCortex_4_ACAGCTAAGACTTTCG,4.49527188078636
4630,0.1423712184152863,4__mutated,PertCortex_4_ACAGCTAAGCTATGCT,5.016753340100942
4631,0.1338631312804672,4__mutated,PertCortex_4_ACAGCTAAGGAGCGAG,4.026712331562276
4632,0.30756389184162863,4__mutated,PertCortex_4_ACAGCTACAAGCCGCT,2.9484920496838667
4633,0.11392956373110222,4__mutated,PertCortex_4_ACAGCTACAGCTCGAC,3.9223363044401034
4634,0.05494007040657299,4__mutated,PertCortex_4_ACAGCTAGTTGCGCAC,4.148942341578663
4635,0.497901512448531,4__mutated,PertCortex_4_ACAGCTATCAACACTG,2.1416167736308607
4636,0.17079780438227832,4__mutated,PertCortex_4_ACAGCTATCGCGCCAA,4.036791006101972
4637,0.13415186440126065,4__mutated,PertCortex_4_ACATACGAGTACGTAA,3.560011961462949
4638,0.19850904219998572,4__mutated,PertCortex_4_ACATACGCAAGCTGTT,4.061429966280641
4639,0.1752309907993951,4__mutated,PertCortex_4_ACATACGCACCGAATT,3.8330176988822036
4640,0.19532667409690088,4__mutated,PertCortex_4_ACATACGGTCTAGCGC,5.110667923016549
4641,0.6622761447372915,4__mutated,PertCortex_4_ACATACGTCCGCGGTA,1.9997033488062446
4642,0.1979332258860486,4__mutated,PertCortex_4_ACATACGTCTCTTGAT,5.051643107987904
4643,0.11032170090599142,4__mutated,PertCortex_4_ACATCAGAGTGGGTTG,3.5941879799246346
4644,0.12104204679488305,4__mutated,PertCortex_4_ACATCAGCATGCAACT,4.7828012897162715
4645,0.15163746253581567,4__mutated,PertCortex_4_ACATCAGGTACGCTGC,5.111364591427097
4646,0.2449623918570291,4__mutated,PertCortex_4_ACATCAGGTCAAGCGA,3.0624458336006883
4647,0.23659828888609816,4__mutated,PertCortex_4_ACATCAGGTCTGCAAT,4.771754687457471
4648,0.14120669741383962,4__mutated,PertCortex_4_ACATCAGGTGTAACGG,4.294720744221453
4649,0.14386727793646428,4__mutated,PertCortex_4_ACATCAGGTGTAATGA,5.01173267071157
4650,0.11561502736814873,4__mutated,PertCortex_4_ACATCAGTCAAGGTAA,3.796962061421874
4651,0.280948657860705,4__mutated,PertCortex_4_ACATCAGTCAGCACAT,4.32722858260901
4652,0.25205976066074137,4__mutated,PertCortex_4_ACATCAGTCAGCGATT,4.702338846777701
4653,0.3652016688970667,4__mutated,PertCortex_4_ACATGGTAGAAACCAT,2.5624094450550507
4654,0.15119101960928769,4__mutated,PertCortex_4_ACATGGTAGACCACGA,5.0537736803893365
4655,0.1585630094938187,4__mutated,PertCortex_4_ACATGGTAGACGCTTT,4.216278115631268
4656,0.16777358389160713,4__mutated,PertCortex_4_ACATGGTAGCAGGCTA,4.835338354899291
4657,0.11541582385258212,4__mutated,PertCortex_4_ACATGGTAGTGTCCCG,4.728123226135341
4658,0.19736161174681993,4__mutated,PertCortex_4_ACATGGTCACTGTCGG,3.038334488775866
4659,0.12791497031826668,4__mutated,PertCortex_4_ACATGGTCAGCCAGAA,4.862513116132164
4660,0.1470726511017634,4__mutated,PertCortex_4_ACATGGTCATTGAGCT,5.450127245563601
4661,0.09601539973861845,4__mutated,PertCortex_4_ACATGGTGTATTACCG,4.63797051300342
4662,0.24732764724918133,4__mutated,PertCortex_4_ACATGGTGTTAAGTAG,3.259084801572202
4663,0.266991352269561,4__mutated,PertCortex_4_ACATGGTGTTTGGGCC,4.584186699703129
4664,0.1801329147443605,4__mutated,PertCortex_4_ACATGGTTCTCTTGAT,4.971383818932143
4665,0.11954670470369459,4__mutated,PertCortex_4_ACATGGTTCTTGTATC,4.087529587046134
4666,0.05142309681832141,4__mutated,PertCortex_4_ACCAGTAAGTACCGGA,4.509791944099517
4667,0.12277252610724419,4__mutated,PertCortex_4_ACCAGTAGTCTAGGTT,4.882896922524703
4668,0.2820259447065865,4__mutated,PertCortex_4_ACCAGTAGTGGTAACG,4.078432380618011
4669,0.28726132520268227,4__mutated,PertCortex_4_ACCAGTAGTTCCGTCT,4.759741796088431
4670,0.1920808622954133,4__mutated,PertCortex_4_ACCAGTATCAAGCCTA,3.446839964740703
4671,0.3032543936797723,4__mutated,PertCortex_4_ACCCACTAGATGTAAC,4.636256652117141
4672,0.19061698206135202,4__mutated,PertCortex_4_ACCCACTCAGCGATCC,4.44901625633276
4673,0.33807093315940256,4__mutated,PertCortex_4_ACCCACTCATGAACCT,3.34502938327385
4674,0.06873391343409706,4__mutated,PertCortex_4_ACCCACTGTGATAAAC,4.455705096503296
4675,0.24849259941940863,4__mutated,PertCortex_4_ACCCACTGTTCAGCGC,4.404784629328474
4676,0.26143178644428483,4__mutated,PertCortex_4_ACCCACTGTTGTCTTT,3.51201360243342
4677,0.17865733732726086,4__mutated,PertCortex_4_ACCCACTTCCTAGAAC,3.0208051151806927
4678,0.1396623081441564,4__mutated,PertCortex_4_ACCGTAAAGCTGGAAC,4.5800818760167745
4679,0.3128410351854693,4__mutated,PertCortex_4_ACCGTAAAGGAGTAGA,4.523750457016423
4680,0.22491349202739205,4__mutated,PertCortex_4_ACCGTAACACAGGTTT,4.084260517508186
4681,0.1396022034398812,4__mutated,PertCortex_4_ACCGTAACATGGTCAT,4.680063751706228
4682,0.19581071902813335,4__mutated,PertCortex_4_ACCGTAACATGGTCTA,3.7764708111399106
4683,0.30272824661678893,4__mutated,PertCortex_4_ACCGTAAGTCTCTTTA,3.9943870064830516
4684,0.24108437717578524,4__mutated,PertCortex_4_ACCGTAAGTGCATCTA,4.019432185761666
4685,0.08363035587779799,4__mutated,PertCortex_4_ACCGTAATCCGCAAGC,4.180730903339343
4686,0.07881264383865262,4__mutated,PertCortex_4_ACCGTAATCTGCAGTA,3.8394950016063163
4687,0.21965215469084035,4__mutated,PertCortex_4_ACCGTAATCTTAGCCC,4.686066108210001
4688,0.18665262428417687,4__mutated,PertCortex_4_ACCTTTAAGCTAGTCT,3.9212544440833725
4689,0.2764862731873311,4__mutated,PertCortex_4_ACCTTTAAGGAGTTGC,4.643452590003892
4690,0.12866364171834144,4__mutated,PertCortex_4_ACCTTTAAGTCATCCA,4.658481268225856
4691,0.5926050967131131,4__mutated,PertCortex_4_ACCTTTACACCATCCT,2.2389602460176175
4692,0.12457940022747079,4__mutated,PertCortex_4_ACCTTTACAGCTGTTA,4.81631129837308
4693,0.19461722004001208,4__mutated,PertCortex_4_ACCTTTACATCAGTCA,4.860240630199918
4694,0.3343272938373573,4__mutated,PertCortex_4_ACCTTTAGTAAACACA,2.760832327419154
4695,0.1591062556242378,4__mutated,PertCortex_4_ACCTTTAGTCCGAATT,5.054478468981648
4696,0.01284651788053757,4__mutated,PertCortex_4_ACCTTTAGTTACTGAC,3.3921432844440442
4697,0.09595354215968077,4__mutated,PertCortex_4_ACCTTTATCACCTCGT,2.3983767545669425
4698,0.36180724341174786,4__mutated,PertCortex_4_ACCTTTATCTCAAGTG,3.509512964425813
4699,0.2104922288180258,4__mutated,PertCortex_4_ACGAGCCCAGGAACGT,3.7141743109096432
4700,0.17451868094858794,4__mutated,PertCortex_4_ACGAGCCCAGGAATGC,3.0814471224215723
4701,0.09819298885849655,4__mutated,PertCortex_4_ACGAGCCTCCACGACG,4.061729265568986
4702,0.49915601830467193,4__mutated,PertCortex_4_ACGAGCCTCGCGGATC,2.547755674676262
4703,0.2901431160973867,4__mutated,PertCortex_4_ACGAGGAAGGCATGGT,4.532849483778883
4704,0.22825861855464671,4__mutated,PertCortex_4_ACGAGGACAGGTCTCG,3.82177763343307
4705,0.20180072162429868,4__mutated,PertCortex_4_ACGAGGAGTCTAAAGA,5.050526039236375
4706,0.06170275520630319,4__mutated,PertCortex_4_ACGAGGAGTTATCCGA,3.7741680847832138
4707,0.1849647000643895,4__mutated,PertCortex_4_ACGAGGAGTTCCATGA,4.170398413294097
4708,0.13882204209895155,4__mutated,PertCortex_4_ACGAGGATCACGCATA,4.046058618398586
4709,0.46650289638462894,4__mutated,PertCortex_4_ACGAGGATCTGCTGTC,1.9677916909918898
4710,0.6465884315882136,4__mutated,PertCortex_4_ACGATACAGAAACGCC,1.9682709215888463
4711,0.17338049726614435,4__mutated,PertCortex_4_ACGATACAGTACGCGA,4.559198204015345
4712,0.2167717307725013,4__mutated,PertCortex_4_ACGATACAGTGGTCCC,4.602524744847952
4713,0.20704960628971109,4__mutated,PertCortex_4_ACGATACAGTGTTAGA,4.151559045679017
4714,0.15033524030001266,4__mutated,PertCortex_4_ACGATACTCCAGTATG,4.118411854454208
4715,0.10908546100688611,4__mutated,PertCortex_4_ACGATGTAGGAGTTGC,4.492929681754127
4716,0.1038957539017424,4__mutated,PertCortex_4_ACGATGTCAGTGACAG,4.615226849296189
4717,0.205332600431328,4__mutated,PertCortex_4_ACGATGTCATCACGTA,3.894066969039487
4718,0.08325799214754556,4__mutated,PertCortex_4_ACGCAGCAGTCGAGTG,3.7603421733067
4719,0.12581862138574795,4__mutated,PertCortex_4_ACGCAGCCAAACTGCT,4.555970913812655
4720,0.12011278666928951,4__mutated,PertCortex_4_ACGCAGCCACAACTGT,3.1527222898472056
4721,0.1342643786888941,4__mutated,PertCortex_4_ACGCAGCGTCAGAGGT,5.014528954390402
4722,0.20956255261189452,4__mutated,PertCortex_4_ACGCAGCGTGACCAAG,3.7347900645553023
4723,0.11724671362270375,4__mutated,PertCortex_4_ACGCCAGAGAAGGACA,3.152599631604535
4724,0.10221137408089685,4__mutated,PertCortex_4_ACGCCAGAGGATGCGT,3.4646159703374995
4725,0.11943574590500053,4__mutated,PertCortex_4_ACGCCAGAGGTACTCT,2.9566807928115546
4726,0.1682289358227316,4__mutated,PertCortex_4_ACGCCAGCATACTACG,5.29524603900158
4727,0.12794878880246952,4__mutated,PertCortex_4_ACGCCAGGTAATAGCA,4.789135404005791
4728,0.11716047152024842,4__mutated,PertCortex_4_ACGCCAGTCACCGTAA,3.469773410564896
4729,0.7095142776305565,4__mutated,PertCortex_4_ACGCCAGTCACTCTTA,1.7158692464840468
4730,0.10001631837399394,4__mutated,PertCortex_4_ACGCCGAAGTTAGCGG,4.646346550503593
4731,0.10757717996869304,4__mutated,PertCortex_4_ACGCCGAAGTTGAGTA,4.7384270923099105
4732,0.14769054268219003,4__mutated,PertCortex_4_ACGCCGACACAGCGTC,3.9571581079057987
4733,0.16258601635854492,4__mutated,PertCortex_4_ACGCCGACACCTTGTC,4.323040044820098
4734,0.11248521909544747,4__mutated,PertCortex_4_ACGCCGACACGGACAA,4.742588784718471
4735,0.20821616985819608,4__mutated,PertCortex_4_ACGCCGACATCGATTG,2.6527303414133483
4736,0.09104466355607041,4__mutated,PertCortex_4_ACGCCGAGTAACGTTC,3.815394111324182
4737,0.12378635439123466,4__mutated,PertCortex_4_ACGCCGAGTTCGTCTC,3.3852241051400056
4738,0.06394451548108507,4__mutated,PertCortex_4_ACGGAGAAGAGCTGGT,4.864516592302467
4739,0.16593049828988002,4__mutated,PertCortex_4_ACGGAGAAGGCTCAGA,4.560479340149387
4740,0.23905625539726574,4__mutated,PertCortex_4_ACGGAGAAGGGATGGG,4.841634855076074
4741,0.16731600804877134,4__mutated,PertCortex_4_ACGGAGACACTTGGAT,3.376197564611739
4742,0.13825807911902524,4__mutated,PertCortex_4_ACGGAGAGTCGCTTCT,4.533964384166933
4743,0.4368750841682451,4__mutated,PertCortex_4_ACGGAGATCGGTTCGG,2.624384465619938
4744,0.12146128178766023,4__mutated,PertCortex_4_ACGGCCAAGATGTGTA,4.5561275611282435
4745,0.14565909643189381,4__mutated,PertCortex_4_ACGGCCAAGGGATGGG,3.8687895082579824
4746,0.5118372477494089,4__mutated,PertCortex_4_ACGGCCAAGGTCGGAT,2.0498808794517003
4747,0.07702034926422097,4__mutated,PertCortex_4_ACGGCCACAAGACACG,4.190049725241851
4748,0.31252963104419385,4__mutated,PertCortex_4_ACGGCCACATCGTCGG,4.200937311018401
4749,0.15223985117188504,4__mutated,PertCortex_4_ACGGCCAGTCAGGACA,3.750595589096389
4750,0.1357825052797494,4__mutated,PertCortex_4_ACGGCCAGTGATGTCT,5.110531012998428
4751,0.19218215073565212,4__mutated,PertCortex_4_ACGGCCAGTTGGTGGA,4.503178070265948
4752,0.21502738481718695,4__mutated,PertCortex_4_ACGGCCATCAAACCAC,4.262763233305447
4753,0.1606908165005757,4__mutated,PertCortex_4_ACGGCCATCAACTCTT,4.319388296724092
4754,0.25589259145933463,4__mutated,PertCortex_4_ACGGGCTAGGCAGTCA,3.7817208243067726
4755,0.2589038993259138,4__mutated,PertCortex_4_ACGGGCTAGTGAACGC,4.452929121457802
4756,0.21104168257450234,4__mutated,PertCortex_4_ACGGGCTCAAGGGTCA,4.275973251451776
4757,0.10543613216452474,4__mutated,PertCortex_4_ACGGGCTGTCAAAGCG,5.078104595950133
4758,0.17020606708171893,4__mutated,PertCortex_4_ACGGGCTGTCAACTGT,4.041201254808984
4759,0.215228157148476,4__mutated,PertCortex_4_ACGGGCTGTCGAGATG,3.2675230847524226
4760,0.16395373232274663,4__mutated,PertCortex_4_ACGGGCTGTTCTGAAC,4.826505664170788
4761,0.2272127255014181,4__mutated,PertCortex_4_ACGGGCTTCTGCAAGT,3.1332411611049094
4762,0.17951300918017069,4__mutated,PertCortex_4_ACGGGTCAGCCGCCTA,3.139184487713859
4763,0.25686679771443,4__mutated,PertCortex_4_ACGGGTCAGGTGATAT,4.781782966680188
4764,0.14511286850124464,4__mutated,PertCortex_4_ACGGGTCCACACCGCA,4.646995141119929
4765,0.1398362287825641,4__mutated,PertCortex_4_ACGGGTCCACCGGAAA,4.582388474644709
4766,0.18970144241531886,4__mutated,PertCortex_4_ACGGGTCCATGCCCGA,4.109747381781548
4767,0.22581748704106078,4__mutated,PertCortex_4_ACGGGTCGTCAAAGCG,4.516419676160633
4768,0.3599946176312756,4__mutated,PertCortex_4_ACGGGTCGTCTGGAGA,2.096661750605921
4769,0.1469384152675485,4__mutated,PertCortex_4_ACGGGTCGTCTTGTCC,5.50781357522177
4770,0.2695004903309371,4__mutated,PertCortex_4_ACGGGTCTCTTCGAGA,4.42090904506321
4771,0.11824697173829306,4__mutated,PertCortex_4_ACGTCAAAGAGACTTA,4.915086756336809
4772,0.16830920223631385,4__mutated,PertCortex_4_ACGTCAAGTAGCTGCC,3.631767291046873
4773,0.35029200475677824,4__mutated,PertCortex_4_ACGTCAAGTGGTCTCG,2.5116482824633186
4774,0.11942896190048757,4__mutated,PertCortex_4_ACGTCAAGTGTTCTTT,4.616938658691561
4775,0.16852533700118857,4__mutated,PertCortex_4_ACGTCAAGTTCCATGA,4.717797408326534
4776,0.13344153988544535,4__mutated,PertCortex_4_ACGTCAAGTTCTGAAC,4.335290100150687
4777,0.16757010939499672,4__mutated,PertCortex_4_ACTATCTCATGACATC,3.6018259397143657
4778,0.13167936861226145,4__mutated,PertCortex_4_ACTATCTTCCAAGCCG,3.8098390881338533
4779,0.13178926219569076,4__mutated,PertCortex_4_ACTGAACCAACTGGCC,4.769553171969588
4780,0.24257464692742992,4__mutated,PertCortex_4_ACTGAACGTTACGGAG,4.774336776763011
4781,0.1537654925754324,4__mutated,PertCortex_4_ACTGAGTAGATCGGGT,3.716355459832347
4782,0.5573469295052237,4__mutated,PertCortex_4_ACTGAGTAGCTAGTGG,2.228429961579475
4783,0.03372466451024976,4__mutated,PertCortex_4_ACTGAGTCACGTGAGA,4.066938057654574
4784,0.12105185444016503,4__mutated,PertCortex_4_ACTGAGTCACTGCCAG,4.119258970263625
4785,0.20866813752894217,4__mutated,PertCortex_4_ACTGAGTGTCAGGACA,4.331192343288572
4786,0.10015356050166778,4__mutated,PertCortex_4_ACTGAGTGTGGTCTCG,4.579929086172304
4787,0.12429721599677754,4__mutated,PertCortex_4_ACTGAGTTCCGCATCT,4.03744698690416
4788,0.15158921443909765,4__mutated,PertCortex_4_ACTGATGAGGAGCGAG,3.4360020493845735
4789,0.2604133945332889,4__mutated,PertCortex_4_ACTGATGAGTGTACGG,4.818398483593311
4790,0.14085551747657268,4__mutated,PertCortex_4_ACTGATGCAAAGGTGC,4.764239202126655
4791,0.19771083731422703,4__mutated,PertCortex_4_ACTGATGCATACTCTT,5.300011736580555
4792,0.5674704913490235,4__mutated,PertCortex_4_ACTGATGCATCCTAGA,2.32014465581445
4793,0.2865015078760549,4__mutated,PertCortex_4_ACTGATGCATGGTTGT,4.584721401513092
4794,0.14812565568768882,4__mutated,PertCortex_4_ACTGATGGTTCGTGAT,3.729453974726176
4795,0.3036826908605197,4__mutated,PertCortex_4_ACTGCTCAGCTAGTGG,4.660830693429698
4796,0.12437206630109653,4__mutated,PertCortex_4_ACTGCTCAGTTGTAGA,4.064354522737392
4797,0.5557082357315334,4__mutated,PertCortex_4_ACTGCTCGTTTGGGCC,1.8945216765348045
4798,0.5888631220303753,4__mutated,PertCortex_4_ACTGCTCTCCTATGTT,2.158974371799043
4799,0.17062631151395793,4__mutated,PertCortex_4_ACTGCTCTCTGGCGTG,4.934412982862338
4800,0.08716981167043342,4__mutated,PertCortex_4_ACTGTCCAGCTAAACA,4.110524106978946
4801,0.244421435625954,4__mutated,PertCortex_4_ACTGTCCCAAACCCAT,3.620973241477895
4802,0.07394793717656638,4__mutated,PertCortex_4_ACTGTCCGTAGCTAAA,2.652605525225017
4803,0.19291603382552222,4__mutated,PertCortex_4_ACTGTCCGTCTACCTC,3.611040097648634
4804,0.26224249830131136,4__mutated,PertCortex_4_ACTGTCCGTGTATGGG,3.8938402279432034
4805,0.3786897605692244,4__mutated,PertCortex_4_ACTGTCCGTTCGCTAA,3.5032062299974305
4806,0.13126837119787804,4__mutated,PertCortex_4_ACTGTCCTCCAGGGCT,4.115233385921999
4807,0.2774841816411728,4__mutated,PertCortex_4_ACTTACTGTCAGATAA,2.8092533012694685
4808,0.24172382801076747,4__mutated,PertCortex_4_ACTTACTTCAGGCGAA,3.5969947095037504
4809,0.13426716385803053,4__mutated,PertCortex_4_ACTTGTTGTCCCTACT,3.615865290701497
4810,0.1254715763571156,4__mutated,PertCortex_4_ACTTTCAAGCGTTTAC,4.426960316402221
4811,0.19633559957519392,4__mutated,PertCortex_4_ACTTTCAGTACTCGCG,4.654862167588101
4812,0.15546390499635052,4__mutated,PertCortex_4_ACTTTCAGTGCCTGCA,3.0079280622602056
4813,0.2421234311355931,4__mutated,PertCortex_4_ACTTTCAGTGGCAAAC,4.432385048058775
4814,0.05535000065776911,4__mutated,PertCortex_4_ACTTTCATCACGAAGG,4.258684313578987
4815,0.2942770606120616,4__mutated,PertCortex_4_ACTTTCATCCGTAGGC,2.3992388892071665
4816,0.07958513672400007,4__mutated,PertCortex_4_ACTTTCATCGGCTTGG,4.1312732913116035
4817,0.24391993816891935,4__mutated,PertCortex_4_ACTTTCATCTAACCGA,4.626703980743262
4818,0.19873569341956546,4__mutated,PertCortex_4_AGAATAGAGAGCTATA,2.6561087702862314
4819,0.28890736594142763,4__mutated,PertCortex_4_AGAATAGCACAGGCCT,4.159595145742468
4820,0.41208114210178326,4__mutated,PertCortex_4_AGAATAGGTGAGGCTA,2.0015999120931345
4821,0.5977883288039167,4__mutated,PertCortex_4_AGAATAGTCCCTTGCA,1.868178544537299
4822,0.2133005197951318,4__mutated,PertCortex_4_AGACGTTCAAACGCGA,4.306655861112489
4823,0.02109409043712484,4__mutated,PertCortex_4_AGACGTTCACGCTTTC,3.5531380821016834
4824,0.1510681644682761,4__mutated,PertCortex_4_AGACGTTCATACGCCG,4.782779314785567
4825,0.2107116479853432,4__mutated,PertCortex_4_AGACGTTGTCTCTCGT,4.2082549369147495
4826,0.19567995291443183,4__mutated,PertCortex_4_AGACGTTGTCTGATCA,3.890956028125826
4827,0.2252194000152273,4__mutated,PertCortex_4_AGACGTTTCCGTAGGC,4.369639022595583
4828,0.2553448815711543,4__mutated,PertCortex_4_AGAGCGACAACACCCG,3.5206821692516574
4829,0.18528736750792255,4__mutated,PertCortex_4_AGAGCGACATGACATC,4.2239342033469125
4830,0.25543801857378445,4__mutated,PertCortex_4_AGAGCGACATGCAACT,3.8611259026151723
4831,0.1590666225327998,4__mutated,PertCortex_4_AGAGCGAGTCTTGATG,5.376263019338619
4832,0.5804263727378146,4__mutated,PertCortex_4_AGAGCGAGTGTGGTTT,2.2862740608980685
4833,0.15405280701847138,4__mutated,PertCortex_4_AGAGCGATCAACACTG,3.229213493652644
4834,0.19048623121038213,4__mutated,PertCortex_4_AGAGCTTAGAGCCCAA,3.9718439049019802
4835,0.09220949734611028,4__mutated,PertCortex_4_AGAGCTTAGGACATTA,3.8366237743857203
4836,0.21831447555085903,4__mutated,PertCortex_4_AGAGCTTAGTAGCGGT,3.83267055805051
4837,0.13438331484594865,4__mutated,PertCortex_4_AGAGCTTGTGCGCTTG,4.537920943011941
4838,0.29887382797104795,4__mutated,PertCortex_4_AGAGCTTTCAAGGTAA,4.1371620767712916
4839,0.1170994383163312,4__mutated,PertCortex_4_AGAGTGGCACTTGGAT,4.353762338332606
4840,0.34285102332567696,4__mutated,PertCortex_4_AGAGTGGCATTGGGCC,2.6878717205505365
4841,0.17588322260338346,4__mutated,PertCortex_4_AGAGTGGGTCTTGCGG,5.048161252555201
4842,0.0968521774246304,4__mutated,PertCortex_4_AGAGTGGTCGTATCAG,5.026260685608457
4843,0.5277530189728082,4__mutated,PertCortex_4_AGAGTGGTCTGCCAGG,2.0515329062222794
4844,0.13248022588426447,4__mutated,PertCortex_4_AGATCTGTCCTTAATC,3.163627404598112
4845,0.049828245462187205,4__mutated,PertCortex_4_AGATTGCAGAACAATC,3.7783530861511636
4846,0.15048189833669734,4__mutated,PertCortex_4_AGATTGCAGAGATGAG,4.498985531078187
4847,0.1500347967434561,4__mutated,PertCortex_4_AGATTGCAGCCAGGAT,3.843473872033028
4848,0.28567934375097576,4__mutated,PertCortex_4_AGATTGCCACGAAATA,4.271527541273825
4849,0.1540440494807438,4__mutated,PertCortex_4_AGATTGCGTTCTGTTT,5.105736423456448
4850,0.18746751696253333,4__mutated,PertCortex_4_AGATTGCGTTTGCATG,4.140887586463934
4851,0.24081373380725812,4__mutated,PertCortex_4_AGATTGCTCCATTCTA,4.793783695307253
4852,0.16466452656391062,4__mutated,PertCortex_4_AGCAGCCAGTTCGCAT,5.17823276905358
4853,0.10342411103189834,4__mutated,PertCortex_4_AGCAGCCGTTAAGAAC,4.810640716923271
4854,0.2468447858101079,4__mutated,PertCortex_4_AGCAGCCTCCCAGGTG,3.7596575135334906
4855,0.18946263462426727,4__mutated,PertCortex_4_AGCAGCCTCGAACTGT,4.348720631626967
4856,0.09395732409565134,4__mutated,PertCortex_4_AGCAGCCTCTACTATC,4.6069032650207316
4857,0.15378513421445494,4__mutated,PertCortex_4_AGCATACAGAAAGTGG,3.8796539730886157
4858,0.22629420354064206,4__mutated,PertCortex_4_AGCATACAGAGGTTAT,4.426718238846821
4859,0.2001887828034743,4__mutated,PertCortex_4_AGCATACGTGTATGGG,4.818578433951163
4860,0.14921749446579602,4__mutated,PertCortex_4_AGCCTAAAGGATCGCA,3.894477808692133
4861,0.24632774263312737,4__mutated,PertCortex_4_AGCCTAACAGGATTGG,4.7968128085803095
4862,0.2875232692609129,4__mutated,PertCortex_4_AGCCTAAGTGAAATCA,4.97915535252216
4863,0.582795559025675,4__mutated,PertCortex_4_AGCCTAAGTTAGAACA,2.3870166191523157
4864,0.1844049153992929,4__mutated,PertCortex_4_AGCCTAATCATGTCCC,3.443466686223385
4865,0.1116941055521581,4__mutated,PertCortex_4_AGCCTAATCCGTCAAA,3.817106527298047
4866,0.11262434663773715,4__mutated,PertCortex_4_AGCGGTCAGAGGTTGC,3.762171498960116
4867,0.22592112210220516,4__mutated,PertCortex_4_AGCGGTCAGTCTCAAC,5.232714388544385
4868,0.1302467219373346,4__mutated,PertCortex_4_AGCGGTCCAAGCCCAC,4.286692961174517
4869,0.12525444941480732,4__mutated,PertCortex_4_AGCGGTCCAAGTACCT,3.5803495684229327
4870,0.11452585296850076,4__mutated,PertCortex_4_AGCGGTCCAAGTCTGT,4.391374561432848
4871,0.14169693473665956,4__mutated,PertCortex_4_AGCGGTCGTATATGAG,4.948843623760636
4872,0.14510443959345862,4__mutated,PertCortex_4_AGCGGTCGTCAAACTC,4.333196658104244
4873,0.20837230646522378,4__mutated,PertCortex_4_AGCGGTCGTCGGATCC,4.92270613031886
4874,0.15555967149179983,4__mutated,PertCortex_4_AGCGGTCGTCTCCATC,4.543568073967727
4875,0.20769538028768028,4__mutated,PertCortex_4_AGCGGTCTCGAGCCCA,5.169872502692935
4876,0.1002737750568082,4__mutated,PertCortex_4_AGCGGTCTCGCTGATA,5.251713716895476
4877,0.14537393727789907,4__mutated,PertCortex_4_AGCGGTCTCTGCGGCA,4.150024971229046
4878,0.1759485630297702,4__mutated,PertCortex_4_AGCGTATAGTTTGCGT,3.659566213315826
4879,0.13794004996392942,4__mutated,PertCortex_4_AGCGTATCACAGGTTT,5.119690382104343
4880,0.19250909749271694,4__mutated,PertCortex_4_AGCGTATTCCCTAATT,2.990522190255211
4881,0.34174553643213756,4__mutated,PertCortex_4_AGCGTATTCGAACTGT,3.282365209632194
4882,0.16000031143079319,4__mutated,PertCortex_4_AGCGTATTCGAGAACG,5.289003977478054
4883,0.13785348816619392,4__mutated,PertCortex_4_AGCGTCGAGCTGTCTA,5.047438138517941
4884,0.4195013724896028,4__mutated,PertCortex_4_AGCGTCGAGTGCGATG,2.2829297704634235
4885,0.2529042170754658,4__mutated,PertCortex_4_AGCGTCGCAGTCTTCC,4.724677046344865
4886,0.14017052191177737,4__mutated,PertCortex_4_AGCGTCGGTCTCTTTA,3.5506688850150856
4887,0.1601206759812117,4__mutated,PertCortex_4_AGCGTCGTCGAGAGCA,3.4117445827449777
4888,0.28289597783919035,4__mutated,PertCortex_4_AGCTCCTCAAGTACCT,3.959070232222523
4889,0.2059099509278314,4__mutated,PertCortex_4_AGCTCCTCACGGATAG,4.260849615873223
4890,0.220145562379627,4__mutated,PertCortex_4_AGCTCCTGTTGAGTTC,5.139672606758905
4891,0.11204791369258783,4__mutated,PertCortex_4_AGCTCCTTCAGCTCTC,4.314356183563684
4892,0.16957783764480153,4__mutated,PertCortex_4_AGCTCCTTCGTTACAG,4.509298320622438
4893,0.20599466324186988,4__mutated,PertCortex_4_AGCTCCTTCTCAAGTG,5.012116702299584
4894,0.2393748080360694,4__mutated,PertCortex_4_AGCTCTCCACTTGGAT,3.763233461641367
4895,0.160803475805903,4__mutated,PertCortex_4_AGCTCTCCAGGATTGG,3.583459918108116
4896,0.6504363157629559,4__mutated,PertCortex_4_AGCTCTCTCCTACAGA,1.9294630972674924
4897,0.11663756113044109,4__mutated,PertCortex_4_AGCTTGACAGACAAGC,3.503007038930861
4898,0.1897516945752636,4__mutated,PertCortex_4_AGCTTGAGTACCATCA,4.3713071326522535
4899,0.2443814360085738,4__mutated,PertCortex_4_AGCTTGAGTATAGTAG,3.889764648871607
4900,0.27819869879329323,4__mutated,PertCortex_4_AGCTTGAGTCGATTGT,4.691281318767217
4901,0.26380269919449206,4__mutated,PertCortex_4_AGCTTGAGTTCACCTC,3.4079351219118923
4902,0.3795315943891251,4__mutated,PertCortex_4_AGGCCACAGTCGAGTG,3.3218821415065585
4903,0.2803249167131628,4__mutated,PertCortex_4_AGGCCACCAGCTGCAC,3.752529828269554
4904,0.09699271180021056,4__mutated,PertCortex_4_AGGCCACCAGCTGCTG,4.404091911398323
4905,0.4550043551919049,4__mutated,PertCortex_4_AGGCCACTCTTGCATT,2.647460113520461
4906,0.09509167839021872,4__mutated,PertCortex_4_AGGCCGTCAAAGTCAA,4.368695843418183
4907,0.10144135935752001,4__mutated,PertCortex_4_AGGCCGTCAGATTGCT,4.265790329469858
4908,0.1885401052983128,4__mutated,PertCortex_4_AGGCCGTCATGCCCGA,4.6794795705366345
4909,0.09935223629486013,4__mutated,PertCortex_4_AGGCCGTGTTCGGGCT,3.5754142390291856
4910,0.26057490269172173,4__mutated,PertCortex_4_AGGGAGTCATGCTGGC,3.603728393356536
4911,0.18403741167699278,4__mutated,PertCortex_4_AGGGAGTCATTGAGCT,4.99935837712356
4912,0.23921362086253056,4__mutated,PertCortex_4_AGGGAGTGTCGCATAT,4.416269058038142
4913,0.6523422562470116,4__mutated,PertCortex_4_AGGGAGTTCTAGAGTC,2.104673676224181
4914,0.3324089089411115,4__mutated,PertCortex_4_AGGGAGTTCTTAGAGC,3.62154693353383
4915,0.35559889463198635,4__mutated,PertCortex_4_AGGGATGAGACCGGAT,3.313331723198236
4916,0.10392900056637208,4__mutated,PertCortex_4_AGGGATGAGCGATCCC,4.364733609632397
4917,0.059794140879200174,4__mutated,PertCortex_4_AGGGATGAGCTAACAA,4.493099111097057
4918,0.2877754384554905,4__mutated,PertCortex_4_AGGGATGAGGACACCA,4.815837756177615
4919,0.19626658159683605,4__mutated,PertCortex_4_AGGGATGCAGTATCTG,4.105796926947972
4920,0.13320220052694026,4__mutated,PertCortex_4_AGGGATGCATCCTAGA,3.9151481567319966
4921,0.17926187033348595,4__mutated,PertCortex_4_AGGGATGGTAATCACC,4.665609543648949
4922,0.2897226635101835,4__mutated,PertCortex_4_AGGGATGGTAGCTCCG,4.3736599489721755
4923,0.16691649294036448,4__mutated,PertCortex_4_AGGGATGGTGCTGTAT,5.051654488017615
4924,0.2457585099728303,4__mutated,PertCortex_4_AGGGATGGTTCAGACT,4.7230624304262605
4925,0.2542540394550353,4__mutated,PertCortex_4_AGGGATGTCCCATTTA,4.874479039901439
4926,0.5444066914459987,4__mutated,PertCortex_4_AGGGATGTCCCTCAGT,2.3208455371562406
4927,0.535300218829567,4__mutated,PertCortex_4_AGGGATGTCGTGGTCG,2.420030819625239
4928,0.16669187868476862,4__mutated,PertCortex_4_AGGGTGAAGAGCTATA,3.9005043154036985
4929,0.19149039768120327,4__mutated,PertCortex_4_AGGGTGAAGGCTAGAC,4.143736180547785
4930,0.12995868916424705,4__mutated,PertCortex_4_AGGGTGAAGTCCTCCT,5.344073269473842
4931,0.13848172161971692,4__mutated,PertCortex_4_AGGGTGACAATACGCT,3.8847936140748813
4932,0.16819682984440193,4__mutated,PertCortex_4_AGGGTGACAATTGCTG,4.006271378991679
4933,0.19467851109407858,4__mutated,PertCortex_4_AGGGTGACATGATCCA,4.713775934084386
4934,0.1900478029112043,4__mutated,PertCortex_4_AGGGTGAGTACCATCA,5.426019738885154
4935,0.343524693890283,4__mutated,PertCortex_4_AGGTCATCAAACCCAT,2.5816251051815424
4936,0.5611238267666399,4__mutated,PertCortex_4_AGGTCATCATCCAACA,2.06719069852278
4937,0.15783904810131383,4__mutated,PertCortex_4_AGGTCATGTAAGTGTA,4.246857291709375
4938,0.12404392094579765,4__mutated,PertCortex_4_AGGTCATGTCCGAAGA,4.2552349616367495
4939,0.21163138097995032,4__mutated,PertCortex_4_AGGTCATGTGCGAAAC,3.514638168727739
4940,0.14556940983463643,4__mutated,PertCortex_4_AGGTCATTCCCATTAT,4.492891417544992
4941,0.048889475671188266,4__mutated,PertCortex_4_AGGTCCGCATGCCACG,4.437769638536637
4942,0.2812991030480832,4__mutated,PertCortex_4_AGGTCCGGTAGCTGCC,3.8698589483568657
4943,0.19471675042354494,4__mutated,PertCortex_4_AGGTCCGTCATTATCC,5.406337150372474
4944,0.19218367825097557,4__mutated,PertCortex_4_AGGTCCGTCCCTTGTG,5.258576525882126
4945,0.25980700942039225,4__mutated,PertCortex_4_AGTAGTCCAACTGCGC,4.262818513529168
4946,0.1750028143115816,4__mutated,PertCortex_4_AGTCTTTAGAATTCCC,4.996569821498568
4947,0.551486401796786,4__mutated,PertCortex_4_AGTCTTTAGAGTCTGG,2.212968626718065
4948,0.10478069965932871,4__mutated,PertCortex_4_AGTCTTTAGCCAGAAC,4.673669698291239
4949,0.21621581999705666,4__mutated,PertCortex_4_AGTCTTTAGCCCAATT,4.495808634470095
4950,0.16708353231031933,4__mutated,PertCortex_4_AGTCTTTAGGTAAACT,4.25255777577503
4951,0.15737378970502697,4__mutated,PertCortex_4_AGTCTTTAGTGTGAAT,4.052346930804689
4952,0.3792907898607492,4__mutated,PertCortex_4_AGTCTTTCAAGCTGTT,3.5875556924198944
4953,0.5825384367137292,4__mutated,PertCortex_4_AGTCTTTCATGAGCGA,2.3527472803264664
4954,0.1525679271738004,4__mutated,PertCortex_4_AGTCTTTTCTACCTGC,4.388038614744431
4955,0.5577391520724272,4__mutated,PertCortex_4_AGTCTTTTCTGTCTAT,2.3205570577545243
4956,0.2322758016243613,4__mutated,PertCortex_4_AGTGAGGAGCGGATCA,4.321785146394493
4957,0.1716373393845611,4__mutated,PertCortex_4_AGTGAGGCAGTGAGTG,4.343499888577817
4958,0.15409559813975313,4__mutated,PertCortex_4_AGTGAGGGTCGAGATG,3.2227059020589777
4959,0.11528935376101952,4__mutated,PertCortex_4_AGTGGGAAGACAATAC,3.7736687246918046
4960,0.09349847393215771,4__mutated,PertCortex_4_AGTGGGAAGCTAGTGG,3.900751482610385
4961,0.20370079031546015,4__mutated,PertCortex_4_AGTGGGAAGGGTGTTG,4.004006303951018
4962,0.1387387121274797,4__mutated,PertCortex_4_AGTGGGAAGGTAGCCA,4.837450688216057
4963,0.14243291963016433,4__mutated,PertCortex_4_AGTGGGACACGGTGTC,4.40567933326974
4964,0.18444447303769027,4__mutated,PertCortex_4_AGTGGGAGTACTTAGC,4.947452792273507
4965,0.12749565324339024,4__mutated,PertCortex_4_AGTGGGAGTGCTGTAT,4.081034017412617
4966,0.28499118140441315,4__mutated,PertCortex_4_AGTGGGATCCGTAGTA,3.2301702050935055
4967,0.1914992104454187,4__mutated,PertCortex_4_AGTGGGATCGCGCCAA,3.766483576379067
4968,0.11308768807225386,4__mutated,PertCortex_4_AGTGTCATCGCTGATA,5.299914968202713
4969,0.16327438510578024,4__mutated,PertCortex_4_AGTTGGTAGACAAAGG,4.1453283725746735
4970,0.22465183643930509,4__mutated,PertCortex_4_AGTTGGTAGGAACTGC,3.521640790238628
4971,0.05312270491909941,4__mutated,PertCortex_4_AGTTGGTCAGGTCCAC,5.178262347544563
4972,0.15726544900695294,4__mutated,PertCortex_4_AGTTGGTCATCCCATC,5.296890107274947
4973,0.3700363034095173,4__mutated,PertCortex_4_AGTTGGTGTCTTCAAG,4.86892479527961
4974,0.06176511905756595,4__mutated,PertCortex_4_AGTTGGTTCGAACGGA,4.819263301225166
4975,0.37093634584544577,4__mutated,PertCortex_4_ATAACGCAGCTAGTCT,4.19228335744124
4976,0.16792759472958685,4__mutated,PertCortex_4_ATAACGCAGCTCTCGG,4.087996533156088
4977,0.17664614569099182,4__mutated,PertCortex_4_ATAACGCCAACCGCCA,3.5479563116195294
4978,0.17364403093554204,4__mutated,PertCortex_4_ATAACGCCAGCCAGAA,5.418809874829754
4979,0.19280162485349,4__mutated,PertCortex_4_ATAACGCCATTATCTC,5.016949559174187
4980,0.1680747471969703,4__mutated,PertCortex_4_ATAACGCGTCTAGGTT,5.503759107911606
4981,0.1587407587500858,4__mutated,PertCortex_4_ATAACGCTCCCATTAT,3.6833987689434076
4982,0.17130053653039695,4__mutated,PertCortex_4_ATAACGCTCGAACGGA,5.198325996204283
4983,0.08953293201595974,4__mutated,PertCortex_4_ATAAGAGAGCTAGTTC,5.462278643907919
4984,0.14163465867264172,4__mutated,PertCortex_4_ATAAGAGCAATCGGTT,4.448902480194601
4985,0.20650842350496795,4__mutated,PertCortex_4_ATAAGAGCAATCTGCA,4.056349934794376
4986,0.18357161855757465,4__mutated,PertCortex_4_ATAAGAGCACGGCTAC,4.622471676100441
4987,0.2123761297752852,4__mutated,PertCortex_4_ATAAGAGCATCACAAC,3.194169161946041
4988,0.1240556083175124,4__mutated,PertCortex_4_ATAAGAGCATCCCATC,4.424753778180835
4989,0.6528571368439077,4__mutated,PertCortex_4_ATAAGAGCATGAACCT,1.9871487116844333
4990,0.14297499963994734,4__mutated,PertCortex_4_ATAAGAGGTCAATGTC,4.066841646845916
4991,0.25861191970411046,4__mutated,PertCortex_4_ATAAGAGTCAGGCAAG,3.4416645386600484
4992,0.10996801821659956,4__mutated,PertCortex_4_ATAAGAGTCCCACTTG,4.282625033625578
4993,0.24516613795248973,4__mutated,PertCortex_4_ATAAGAGTCTGATTCT,4.404382350714893
4994,0.1765083790539785,4__mutated,PertCortex_4_ATAAGAGTCTGCGACG,5.419904777199819
4995,0.19044015228268968,4__mutated,PertCortex_4_ATAGACCCAGCCTGTG,4.6143037457715925
4996,0.26914873573492587,4__mutated,PertCortex_4_ATAGACCTCTACCAGA,4.117978687673001
4997,0.20802842190626175,4__mutated,PertCortex_4_ATCACGAAGTTGAGAT,5.630649358993869
4998,0.2506434726595467,4__mutated,PertCortex_4_ATCACGACAGTCAGAG,3.6302404615031474
4999,0.1955018084471223,4__mutated,PertCortex_4_ATCACGAGTCAGGACA,5.0789020706874135
5000,0.21569331547419712,4__mutated,PertCortex_4_ATCACGAGTTCGTGAT,5.330089517618236
5001,0.14826884849323632,4__mutated,PertCortex_4_ATCACGATCGGTGTCG,4.468091912348447
5002,0.1629418203485166,4__mutated,PertCortex_4_ATCACGATCGTAGGTT,4.738236232915107
5003,0.19872250653343704,4__mutated,PertCortex_4_ATCACGATCTGAGTGT,4.495883936388014
5004,0.2074818226333684,4__mutated,PertCortex_4_ATCACGATCTGTCTAT,4.1598402702253185
5005,0.13896335478487837,4__mutated,PertCortex_4_ATCATCTAGACAGGCT,3.8519679982666397
5006,0.27474610928358795,4__mutated,PertCortex_4_ATCATCTAGACGCACA,4.605796580827112
5007,0.12178704062771906,4__mutated,PertCortex_4_ATCATCTCAATCACAC,4.089819274777049
5008,0.2868553214131275,4__mutated,PertCortex_4_ATCATCTCAGACGCTC,4.028936533628067
5009,0.16866571107052303,4__mutated,PertCortex_4_ATCATCTGTGACCAAG,5.561577712670414
5010,0.15713908727585155,4__mutated,PertCortex_4_ATCATCTGTGCCTTGG,3.133373336107417
5011,0.14367166307015625,4__mutated,PertCortex_4_ATCATCTGTGGGTCAA,5.5800682208499275
5012,0.169304127693398,4__mutated,PertCortex_4_ATCATCTTCAGCTGGC,4.974303059402813
5013,0.039933770376282915,4__mutated,PertCortex_4_ATCATGGAGTACGACG,3.779651502062101
5014,0.18005475526621328,4__mutated,PertCortex_4_ATCATGGAGTGTCTCA,5.055344522951838
5015,0.22143580576913416,4__mutated,PertCortex_4_ATCATGGGTAAACACA,4.178125126598647
5016,0.17580590307112362,4__mutated,PertCortex_4_ATCATGGGTAAGTGTA,4.69424533598143
5017,0.13655083890457367,4__mutated,PertCortex_4_ATCATGGGTTACGCGC,3.770077061456242
5018,0.14500807913616995,4__mutated,PertCortex_4_ATCCACCGTACCGCTG,5.592667966474958
5019,0.15301358509593985,4__mutated,PertCortex_4_ATCCACCGTCATATGC,5.136467151540631
5020,0.6148541283789642,4__mutated,PertCortex_4_ATCCACCGTCTCTTTA,2.1094222736950674
5021,0.2585294666243486,4__mutated,PertCortex_4_ATCCACCTCTGAAAGA,3.0288405686428663
5022,0.10293100185515083,4__mutated,PertCortex_4_ATCCACCTCTTGAGAC,3.5332642590124452
5023,0.23153960352856934,4__mutated,PertCortex_4_ATCCGAAAGACAGGCT,4.584263068346655
5024,0.2067543548170847,4__mutated,PertCortex_4_ATCCGAAAGACGCACA,5.247470773914638
5025,0.08382325028225601,4__mutated,PertCortex_4_ATCCGAACACCCAGTG,4.751350821034855
5026,0.1702562023126936,4__mutated,PertCortex_4_ATCCGAACATGGGACA,3.9452973325770877
5027,0.155450654749002,4__mutated,PertCortex_4_ATCCGAAGTACAGTGG,3.6893705886942367
5028,0.6190790850484158,4__mutated,PertCortex_4_ATCCGAAGTAGAGTGC,2.004736370197358
5029,0.25823430114160373,4__mutated,PertCortex_4_ATCCGAAGTTTAGGAA,2.9478394734356153
5030,0.18402699454982446,4__mutated,PertCortex_4_ATCGAGTAGCCGGTAA,3.2631435363379446
5031,0.14842107340763563,4__mutated,PertCortex_4_ATCGAGTAGCTAGTTC,3.5043427776237572
5032,0.09606179947694782,4__mutated,PertCortex_4_ATCGAGTCAACCGCCA,3.0179401473374283
5033,0.2701965879881233,4__mutated,PertCortex_4_ATCGAGTCAGTTCCCT,4.305813741639832
5034,0.19009392036488856,4__mutated,PertCortex_4_ATCGAGTCATAGAAAC,4.290622619804633
5035,0.11267402787019605,4__mutated,PertCortex_4_ATCGAGTGTAGCGCAA,4.341573010885513
5036,0.2111428360972514,4__mutated,PertCortex_4_ATCGAGTGTTCGTGAT,4.69653926487632
5037,0.21619586199379634,4__mutated,PertCortex_4_ATCGAGTTCGTAGGAG,4.645542782603954
5038,0.14533499899921773,4__mutated,PertCortex_4_ATCTACTAGGGCTTCC,3.9925852198439142
5039,0.4888327310554915,4__mutated,PertCortex_4_ATCTACTCAAGGCTCC,2.1956322609294046
5040,0.2671433424201302,4__mutated,PertCortex_4_ATCTACTCAGAGTGTG,4.565759727063947
5041,0.25939351224313417,4__mutated,PertCortex_4_ATCTACTGTAGCCTCG,3.896859490970417
5042,0.263378184652425,4__mutated,PertCortex_4_ATCTACTGTAGCTTGT,4.428930174465249
5043,0.11715358686158829,4__mutated,PertCortex_4_ATCTACTTCTTGCCGT,3.928541381283892
5044,0.6591500793658757,4__mutated,PertCortex_4_ATCTGCCAGACTCGGA,1.8219739047554295
5045,0.2179987701704248,4__mutated,PertCortex_4_ATCTGCCTCAGTTAGC,3.669522299820179
5046,0.1063818793722485,4__mutated,PertCortex_4_ATCTGCCTCTACTTAC,5.506422177913532
5047,0.22064662003245986,4__mutated,PertCortex_4_ATGAGGGAGGGAACGG,4.713679214540863
5048,0.20268827337472378,4__mutated,PertCortex_4_ATGAGGGAGGTGCTTT,4.589130752036607
5049,0.22137151897876164,4__mutated,PertCortex_4_ATGAGGGCATACAGCT,3.950206316400606
5050,0.17202939592918512,4__mutated,PertCortex_4_ATGAGGGCATCGACGC,4.043542717950035
5051,0.19303200410924393,4__mutated,PertCortex_4_ATGAGGGTCACGGTTA,3.7337966625500836
5052,0.25339810537276947,4__mutated,PertCortex_4_ATGAGGGTCCGCGTTT,4.654674311967031
5053,0.1707874332537897,4__mutated,PertCortex_4_ATGCGATAGCTCCCAG,5.27548380337193
5054,0.16517685296569634,4__mutated,PertCortex_4_ATGCGATCAAGAGTCG,5.480611544973337
5055,0.13869109898400386,4__mutated,PertCortex_4_ATGCGATCAGCTCGCA,4.202527043344967
5056,0.2268036359111569,4__mutated,PertCortex_4_ATGCGATGTAAGAGAG,4.9893849973390925
5057,0.26807088546803637,4__mutated,PertCortex_4_ATGCGATGTCCGAACC,4.763554622540112
5058,0.19322673223147563,4__mutated,PertCortex_4_ATGGGAGAGACCCACC,4.454918355073025
5059,0.11142389563454566,4__mutated,PertCortex_4_ATGGGAGAGGCCCTCA,4.586835879452273
5060,0.6374113881572728,4__mutated,PertCortex_4_ATGGGAGCAAGCGATG,1.9243497105259837
5061,0.09758438125871736,4__mutated,PertCortex_4_ATGGGAGCACATGACT,4.05456171511853
5062,0.26041084131630093,4__mutated,PertCortex_4_ATGGGAGTCAGTTCGA,4.5758020617775275
5063,0.23618819337632987,4__mutated,PertCortex_4_ATGGGAGTCCTAGAAC,3.5672861950562655
5064,0.09786391694529079,4__mutated,PertCortex_4_ATGGGAGTCGGTGTCG,3.9417162879238523
5065,0.2911241516780971,4__mutated,PertCortex_4_ATGTGTGAGTCCCACG,4.335690604587357
5066,0.14341717998376136,4__mutated,PertCortex_4_ATGTGTGCACATGACT,4.224232008493607
5067,0.13567892626894562,4__mutated,PertCortex_4_ATGTGTGGTTAGTGGG,3.3304976374810913
5068,0.13847683883016917,4__mutated,PertCortex_4_ATGTGTGTCAGTTTGG,4.989609304646882
5069,0.15684346204562574,4__mutated,PertCortex_4_ATGTGTGTCGACAGCC,5.013196805032172
5070,0.07332259126412453,4__mutated,PertCortex_4_ATTACTCAGCGCTTAT,3.8771724615246645
5071,0.10310588240534448,4__mutated,PertCortex_4_ATTACTCAGGTAGCTG,5.430716961461218
5072,0.13929701167305505,4__mutated,PertCortex_4_ATTACTCAGTCGTTTG,4.036461974689249
5073,0.15529330345253028,4__mutated,PertCortex_4_ATTACTCAGTGAACAT,4.36806345516189
5074,0.13989370453826575,4__mutated,PertCortex_4_ATTACTCCAACGCACC,4.617828072345828
5075,0.13501143669848087,4__mutated,PertCortex_4_ATTACTCGTTCCGGCA,4.43839053513481
5076,0.35775853697846843,4__mutated,PertCortex_4_ATTACTCTCCCTCTTT,3.379445369137795
5077,0.1956278643189613,4__mutated,PertCortex_4_ATTACTCTCTGTCAAG,5.104107282383935
5078,0.18613827644377393,4__mutated,PertCortex_4_ATTATCCAGAGCTGCA,5.1455823706031065
5079,0.12638567976965756,4__mutated,PertCortex_4_ATTATCCAGGCGACAT,3.985642286894132
5080,0.27246498644640715,4__mutated,PertCortex_4_ATTATCCCATCGGAAG,3.3904214154538783
5081,0.2693637782683893,4__mutated,PertCortex_4_ATTATCCCATGTAGTC,4.113439151484839
5082,0.18178176666413165,4__mutated,PertCortex_4_ATTATCCGTCTGCCAG,4.849778440716582
5083,0.1309790575044132,4__mutated,PertCortex_4_ATTATCCTCGGCCGAT,4.551010061160137
5084,0.07998695792418896,4__mutated,PertCortex_4_ATTCTACAGCATGGCA,4.354308867036712
5085,0.26274313564540935,4__mutated,PertCortex_4_ATTCTACGTGAGGGAG,5.288675995980884
5086,0.17381806258759466,4__mutated,PertCortex_4_ATTGGACAGCGTGAGT,4.424916477571355
5087,0.2553801845015085,4__mutated,PertCortex_4_ATTGGACCACAGACAG,4.4255223329237525
5088,0.1707441962112681,4__mutated,PertCortex_4_ATTGGACGTGATAAAC,5.5269635540281925
5089,0.24963387727097097,4__mutated,PertCortex_4_ATTGGTGAGACTAAGT,4.131271431018026
5090,0.1518347731288604,4__mutated,PertCortex_4_ATTGGTGCACCGATAT,2.4815718381232283
5091,0.27110418078722387,4__mutated,PertCortex_4_ATTGGTGCATCATCCC,3.748987104656233
5092,0.08872452507246636,4__mutated,PertCortex_4_ATTGGTGGTCGTGGCT,4.4520470731898385
5093,0.1010638694313519,4__mutated,PertCortex_4_ATTGGTGGTGCAGGTA,3.933298238525347
5094,0.13941340388706497,4__mutated,PertCortex_4_ATTGGTGTCCACGTGG,4.745013805646522
5095,0.18545379147727514,4__mutated,PertCortex_4_ATTGGTGTCCCATTAT,5.46161855401942
5096,0.26215369268671745,4__mutated,PertCortex_4_ATTTCTGAGAGTACAT,3.9502949193757404
5097,0.08882875539289227,4__mutated,PertCortex_4_ATTTCTGAGCTAACTC,4.697383698768182
5098,0.09593471859319982,4__mutated,PertCortex_4_ATTTCTGAGGAATTAC,4.081633852580616
5099,0.2021222666213184,4__mutated,PertCortex_4_ATTTCTGAGGGTCGAT,5.477927037377854
5100,0.1854188450472083,4__mutated,PertCortex_4_ATTTCTGCAAGGGTCA,2.732095130919269
5101,0.09173903674806824,4__mutated,PertCortex_4_ATTTCTGCAAGGTTCT,4.023135288041245
5102,0.15717205628598074,4__mutated,PertCortex_4_ATTTCTGCATTAACCG,5.843741391249881
5103,0.12400877238383447,4__mutated,PertCortex_4_ATTTCTGGTATGAATG,5.270838559707467
5104,0.14477899401333105,4__mutated,PertCortex_4_ATTTCTGTCTGGTTCC,4.547610929628573
5105,0.11586219905080031,4__mutated,PertCortex_4_CAACCAAAGGATGTAT,4.058069262309392
5106,0.1924082182632422,4__mutated,PertCortex_4_CAACCAAAGGCCCGTT,3.584795161782933
5107,0.2924412033247431,4__mutated,PertCortex_4_CAACCAAAGGTGATTA,4.915247131819536
5108,0.10704982045213159,4__mutated,PertCortex_4_CAACCAAGTAATCACC,5.835673990595893
5109,0.16981561029637268,4__mutated,PertCortex_4_CAACCAAGTTCCAACA,2.8033261782932946
5110,0.2605931345918176,4__mutated,PertCortex_4_CAACCAATCTATCCCG,3.4562340023704374
5111,0.0953480937551731,4__mutated,PertCortex_4_CAACCTCCAGCTCGAC,3.684605757463875
5112,0.21666300980813621,4__mutated,PertCortex_4_CAACCTCCATACTACG,3.203829395379047
5113,0.18302733228472365,4__mutated,PertCortex_4_CAACCTCCATATGCTG,5.100215140356155
5114,0.1730386368576787,4__mutated,PertCortex_4_CAACCTCCATCGACGC,5.249888192182661
5115,0.7186171749247555,4__mutated,PertCortex_4_CAACCTCGTGATGTGG,1.680147633614953
5116,0.15685941417918964,4__mutated,PertCortex_4_CAACCTCTCGCCGTGA,4.60251430903609
5117,0.21659457497054943,4__mutated,PertCortex_4_CAACCTCTCGGCCGAT,5.331403591494324
5118,0.29529093319879113,4__mutated,PertCortex_4_CAACCTCTCTCGTATT,4.162406287868102
5119,0.27980863845951537,4__mutated,PertCortex_4_CAACTAGAGCTCCCAG,4.709063598480938
5120,0.10417174572678146,4__mutated,PertCortex_4_CAACTAGAGCTCCTTC,3.822534471315056
5121,0.20549685172919738,4__mutated,PertCortex_4_CAAGAAAAGTGTCCAT,4.694777389336614
5122,0.10627056067080232,4__mutated,PertCortex_4_CAAGAAACACTGCCAG,4.224843375194952
5123,0.14261039205285828,4__mutated,PertCortex_4_CAAGAAACAGTCAGAG,4.198717366797975
5124,0.5498689867824504,4__mutated,PertCortex_4_CAAGAAAGTACGCTGC,2.083284346191752
5125,0.3909755901650648,4__mutated,PertCortex_4_CAAGAAAGTATCTGCA,3.1217011112008812
5126,0.13808759138178095,4__mutated,PertCortex_4_CAAGAAAGTTATGTGC,4.223457189875695
5127,0.1316323339687129,4__mutated,PertCortex_4_CAAGATCAGAGTACAT,5.657501308723899
5128,0.16957640937379184,4__mutated,PertCortex_4_CAAGATCAGGCTAGGT,3.681270478084393
5129,0.1656117305905347,4__mutated,PertCortex_4_CAAGATCCACGTCTCT,4.865534499231732
5130,0.18272818113093414,4__mutated,PertCortex_4_CAAGATCGTTGGACCC,3.7538484849391174
5131,0.1617725136720974,4__mutated,PertCortex_4_CAAGGCCCAAGTTCTG,4.6630523647519535
5132,0.4327676100862214,4__mutated,PertCortex_4_CAAGGCCGTACCCAAT,2.877218003291945
5133,0.11260020691305184,4__mutated,PertCortex_4_CAAGGCCGTGGCAAAC,4.421196496569768
5134,0.16008981621201396,4__mutated,PertCortex_4_CAAGGCCTCTGTACGA,4.209907689791156
5135,0.10226419361658454,4__mutated,PertCortex_4_CAAGTTGAGGAGTACC,5.618660076565273
5136,0.08107835134073796,4__mutated,PertCortex_4_CAAGTTGAGTACGATA,4.191501180590942
5137,0.2065980896409565,4__mutated,PertCortex_4_CAAGTTGCATACAGCT,3.7024128247928756
5138,0.2307736114662211,4__mutated,PertCortex_4_CAAGTTGGTGGTACAG,4.649207749248693
5139,0.1711607774122537,4__mutated,PertCortex_4_CACAAACAGGGAAACA,4.693921791810529
5140,0.13771300808257406,4__mutated,PertCortex_4_CACAAACGTGGCCCTA,4.1707932185666685
5141,0.24004066848587427,4__mutated,PertCortex_4_CACAAACGTGTCAATC,4.8347379037317975
5142,0.4682794009909771,4__mutated,PertCortex_4_CACAAACTCACATGCA,2.7829242491785964
5143,0.18068278072790636,4__mutated,PertCortex_4_CACAAACTCCAATGGT,4.442151779248454
5144,0.3276100267560935,4__mutated,PertCortex_4_CACAAACTCGCTTGTC,3.2178468473244464
5145,0.591840334437319,4__mutated,PertCortex_4_CACAAACTCGGACAAG,2.268318445760883
5146,0.11882946978229858,4__mutated,PertCortex_4_CACACAAAGATCACGG,4.204228571036728
5147,0.24804236680901692,4__mutated,PertCortex_4_CACACAACAAAGTGCG,4.511399706909164
5148,0.14396109396784262,4__mutated,PertCortex_4_CACACAAGTAAGGATT,4.4643351732284415
5149,0.14224023533457453,4__mutated,PertCortex_4_CACACAAGTGAGTATA,3.807308876859417
5150,0.12629651285000731,4__mutated,PertCortex_4_CACACAAGTGTTGAGG,4.418608562294882
5151,0.344566180787762,4__mutated,PertCortex_4_CACACAAGTTCACGGC,2.8312923596714774
5152,0.09626085943418808,4__mutated,PertCortex_4_CACACAATCAAACAAG,5.013860360926724
5153,0.21964992114790421,4__mutated,PertCortex_4_CACACAATCAGTTTGG,3.669556560115
5154,0.5686486417425038,4__mutated,PertCortex_4_CACACCTAGCTAAGAT,2.457379499814997
5155,0.31854442525733867,4__mutated,PertCortex_4_CACACCTCATCGGGTC,4.6825015490880375
5156,0.16549728022153323,4__mutated,PertCortex_4_CACACCTCATGGTAGG,3.4582990571713204
5157,0.20843648339419715,4__mutated,PertCortex_4_CACACCTTCAACGAAA,4.0266350850987
5158,0.29976361166009313,4__mutated,PertCortex_4_CACACCTTCCCAACGG,3.3405691300096323
5159,0.17595057754144772,4__mutated,PertCortex_4_CACACCTTCCGAACGC,5.393946420163566
5160,0.2767169543170514,4__mutated,PertCortex_4_CACACCTTCGTCCGTT,2.4902423843402692
5161,0.23127838690253974,4__mutated,PertCortex_4_CACACTCCATAGAAAC,4.059879854505954
5162,0.22725370327914476,4__mutated,PertCortex_4_CACACTCCATCTATGG,5.095381581167276
5163,0.05950875801786007,4__mutated,PertCortex_4_CACACTCGTGTGACCC,4.366691759152849
5164,0.13959047431684782,4__mutated,PertCortex_4_CACACTCTCCACGCAG,4.445276054057782
5165,0.2706404744630016,4__mutated,PertCortex_4_CACACTCTCTCTGCTG,4.064580020816726
5166,0.30228953216087595,4__mutated,PertCortex_4_CACAGGCAGGCAAAGA,3.78351215580784
5167,0.15994939975779235,4__mutated,PertCortex_4_CACAGGCGTTGTCTTT,4.366737963506405
5168,0.23422833851214922,4__mutated,PertCortex_4_CACAGGCTCCGCTGTT,5.105690991937072
5169,0.1548123936458803,4__mutated,PertCortex_4_CACAGTACAGCCTATA,5.0220175802484865
5170,0.2300337987889437,4__mutated,PertCortex_4_CACAGTAGTACACCGC,2.8717832332796513
5171,0.1611368108891313,4__mutated,PertCortex_4_CACAGTAGTCATCGGC,4.06391193208023
5172,0.19611855757309743,4__mutated,PertCortex_4_CACAGTAGTTCGGCAC,4.982795728041621
5173,0.2993512221491733,4__mutated,PertCortex_4_CACAGTAGTTGTGGAG,3.3341586749647267
5174,0.1541140999301627,4__mutated,PertCortex_4_CACAGTATCATGGTCA,4.664477864110566
5175,0.27863784606034664,4__mutated,PertCortex_4_CACAGTATCTACCTGC,4.032029332170383
5176,0.22991911970806123,4__mutated,PertCortex_4_CACATAGGTGTTTGTG,3.526224848348175
5177,0.1734884839531681,4__mutated,PertCortex_4_CACATAGTCACTTACT,5.326372121636359
5178,0.201801081597341,4__mutated,PertCortex_4_CACATAGTCCCGACTT,4.724281417363565
5179,0.10249846918375875,4__mutated,PertCortex_4_CACATAGTCCTAGGGC,4.446988796809835
5180,0.1520924517722525,4__mutated,PertCortex_4_CACATAGTCGATCCCT,5.066891817090117
5181,0.15130075166915063,4__mutated,PertCortex_4_CACATTTAGATGTCGG,4.125352948810266
5182,0.543758304475446,4__mutated,PertCortex_4_CACATTTAGCGTAGTG,2.3914760428956088
5183,0.19088143229989687,4__mutated,PertCortex_4_CACATTTAGGAACTGC,4.69783046214856
5184,0.31934549310824667,4__mutated,PertCortex_4_CACATTTCACATTCGA,2.7590894996994666
5185,0.15555140109715235,4__mutated,PertCortex_4_CACATTTCAGGCAGTA,5.202357680959228
5186,0.21420074157085742,4__mutated,PertCortex_4_CACATTTGTCACAAGG,4.3786098890447755
5187,0.11729656570446809,4__mutated,PertCortex_4_CACATTTGTTTGTGTG,5.358654680023854
5188,0.24406445899126952,4__mutated,PertCortex_4_CACATTTTCCAAACTG,3.4167612488633945
5189,0.2498537615906971,4__mutated,PertCortex_4_CACCACTCACAGGTTT,3.7468142621088245
5190,0.5723302898639806,4__mutated,PertCortex_4_CACCACTGTGCCTGCA,2.3098798294589233
5191,0.1693073533480825,4__mutated,PertCortex_4_CACCACTGTTAGAACA,3.5811591432912593
5192,0.15405116931367635,4__mutated,PertCortex_4_CACCACTTCTCGGACG,3.8443538173255427
5193,0.1626915063862003,4__mutated,PertCortex_4_CACCAGGAGTGGAGAA,5.88296089629153
5194,0.14713185659714925,4__mutated,PertCortex_4_CACCAGGCAAGCTGTT,4.278986760543028
5195,0.1922989677359934,4__mutated,PertCortex_4_CACCAGGCACCACGTG,3.72285820967182
5196,0.13482959203470948,4__mutated,PertCortex_4_CACCAGGTCCTAGAAC,3.2086441365285654
5197,0.1583112460908982,4__mutated,PertCortex_4_CACCTTGAGGGCACTA,5.3272472608988215
5198,0.09332564332924544,4__mutated,PertCortex_4_CACCTTGCAGATCGGA,4.300294484992121
5199,0.15904647669456937,4__mutated,PertCortex_4_CACCTTGCATATACGC,4.003580831084368
5200,0.20500406864912604,4__mutated,PertCortex_4_CACTCCAAGTGGAGTC,4.17117231464137
5201,0.24775996044358586,4__mutated,PertCortex_4_CACTCCAGTAGAGGAA,4.672285343577019
5202,0.10110556360130123,4__mutated,PertCortex_4_CACTCCATCTAAGCCA,4.125814197356235
5203,0.25097020125512987,4__mutated,PertCortex_4_CAGAATCAGAATGTTG,4.451667750513971
5204,0.17157209590239014,4__mutated,PertCortex_4_CAGAATCAGACGCACA,4.686013036016668
5205,0.16014175480714013,4__mutated,PertCortex_4_CAGAATCAGATGGGTC,3.225291296549148
5206,0.24848724297997887,4__mutated,PertCortex_4_CAGAATCCAAGAAGAG,3.6054507315328186
5207,0.17105814049507495,4__mutated,PertCortex_4_CAGAATCCAGACAGGT,4.316506059659693
5208,0.17339769509531422,4__mutated,PertCortex_4_CAGAATCCATCACAAC,5.2155526059577815
5209,0.12888809933728662,4__mutated,PertCortex_4_CAGAATCGTGCCTGCA,4.319564342644371
5210,0.06907086537516743,4__mutated,PertCortex_4_CAGAATCGTTTCGCTC,3.8813809305857174
5211,0.1401516973752298,4__mutated,PertCortex_4_CAGAATCTCACATAGC,5.171093504944525
5212,0.20935913067124526,4__mutated,PertCortex_4_CAGAGAGAGCTACCGC,3.542640764567629
5213,0.10251120890416401,4__mutated,PertCortex_4_CAGAGAGGTGTAAGTA,3.859300167573293
5214,0.17134588203930134,4__mutated,PertCortex_4_CAGATCACACCTTGTC,5.537269181644693
5215,0.18888839059982143,4__mutated,PertCortex_4_CAGATCACAGTACACT,3.53580517415795
5216,0.1643591077857993,4__mutated,PertCortex_4_CAGATCACAGTGGAGT,4.482465054241161
5217,0.17441370845557516,4__mutated,PertCortex_4_CAGATCACATTACGAC,5.1827052406344
5218,0.2018519619338103,4__mutated,PertCortex_4_CAGATCAGTCTCCACT,4.653196382903074
5219,0.23847775061038676,4__mutated,PertCortex_4_CAGATCATCAACCATG,4.200760771348248
5220,0.17430347540242475,4__mutated,PertCortex_4_CAGCAGCGTAGCACGA,4.0909913839973235
5221,0.24345345310752511,4__mutated,PertCortex_4_CAGCAGCGTTGGTAAA,3.2645881580328733
5222,0.0825128320115579,4__mutated,PertCortex_4_CAGCAGCGTTTGACAC,4.590468354244688
5223,0.11231750135588561,4__mutated,PertCortex_4_CAGCATAAGACACGAC,5.156001248895402
5224,0.18123706350773616,4__mutated,PertCortex_4_CAGCATAAGAGCCCAA,3.586312719190526
5225,0.16678930712586615,4__mutated,PertCortex_4_CAGCATAAGATGCCTT,3.8656252457411053
5226,0.21026009399067785,4__mutated,PertCortex_4_CAGCATAAGTGAACGC,4.5300684054111295
5227,0.2057636487112339,4__mutated,PertCortex_4_CAGCATAGTACTTGAC,5.221108028963049
5228,0.26749972816711676,4__mutated,PertCortex_4_CAGCATAGTGAGGGAG,3.8336876921172967
5229,0.567862095574922,4__mutated,PertCortex_4_CAGCATATCAAAGACA,2.255788345816695
5230,0.12038052200001945,4__mutated,PertCortex_4_CAGCATATCACCGGGT,4.323889311915489
5231,0.20403109940456282,4__mutated,PertCortex_4_CAGCATATCACGGTTA,4.732705426653096
5232,0.6022836550232217,4__mutated,PertCortex_4_CAGCATATCCAAAGTC,1.7444910678981456
5233,0.20502895603425733,4__mutated,PertCortex_4_CAGCATATCCGAAGAG,4.131588677012643
5234,0.1135423557251175,4__mutated,PertCortex_4_CAGCCGAAGTACACCT,3.985921586831652
5235,0.6160830211708442,4__mutated,PertCortex_4_CAGCCGACATTAGGCT,2.2139033466786313
5236,0.1263089279582883,4__mutated,PertCortex_4_CAGCCGAGTTCCGGCA,4.388587392142848
5237,0.16369694760796913,4__mutated,PertCortex_4_CAGCCGATCCTATTCA,4.725259120578729
5238,0.09736787429398322,4__mutated,PertCortex_4_CAGCGACAGACTCGGA,4.610429327839485
5239,0.21329548901293044,4__mutated,PertCortex_4_CAGCGACAGAGTGAGA,4.963998838486614
5240,0.17408166671058448,4__mutated,PertCortex_4_CAGCGACAGGCATGTG,3.937078064131706
5241,0.24785304542418088,4__mutated,PertCortex_4_CAGCGACAGGCTATCT,4.073854578538909
5242,0.12010095127746274,4__mutated,PertCortex_4_CAGCGACTCGTGGGAA,3.6008506122810267
5243,0.3456033275889124,4__mutated,PertCortex_4_CAGCGACTCTTCATGT,4.6511015568171485
5244,0.2516903333591582,4__mutated,PertCortex_4_CAGCGACTCTTTCCTC,3.8824014471615196
5245,0.34822698504940486,4__mutated,PertCortex_4_CAGCTAAAGGCAATTA,3.1712090024860524
5246,0.20088097506372474,4__mutated,PertCortex_4_CAGCTAACAGAGTGTG,3.635196254328341
5247,0.20010062892808148,4__mutated,PertCortex_4_CAGCTAACAGCTGTAT,3.531136137828561
5248,0.1712393231066839,4__mutated,PertCortex_4_CAGCTAACATGCCTTC,4.168022544289997
5249,0.18814478593187295,4__mutated,PertCortex_4_CAGCTAAGTCAACATC,4.716823853508473
5250,0.5314590149698205,4__mutated,PertCortex_4_CAGCTAAGTGATGTGG,2.5058922086808035
5251,0.18835265437582685,4__mutated,PertCortex_4_CAGCTAATCGCCTGTT,5.093145185423746
5252,0.13554068210115433,4__mutated,PertCortex_4_CAGCTAATCTTAGAGC,4.1425320350269486
5253,0.16738115165708087,4__mutated,PertCortex_4_CAGCTGGAGCTAGGCA,3.876014752409784
5254,0.19767565531839532,4__mutated,PertCortex_4_CAGCTGGAGTCGATAA,4.957523132003224
5255,0.12704486323142664,4__mutated,PertCortex_4_CAGCTGGAGTTTCCTT,4.352218102062676
5256,0.5025583516644491,4__mutated,PertCortex_4_CAGCTGGCACATTCGA,3.579695883726704
5257,0.5564530576026678,4__mutated,PertCortex_4_CAGCTGGGTCGGCTCA,2.3016952129082715
5258,0.15057801486257505,4__mutated,PertCortex_4_CAGCTGGTCATAACCG,5.407431915352135
5259,0.11420753143802834,4__mutated,PertCortex_4_CAGCTGGTCCTTCAAT,3.983108448146285
5260,0.21114413868313098,4__mutated,PertCortex_4_CAGGTGCAGCCACTAT,4.8446113919160005
5261,0.1682153890752548,4__mutated,PertCortex_4_CAGGTGCCACCACCAG,5.075845252227874
5262,0.2657942151057408,4__mutated,PertCortex_4_CAGGTGCCACGAAGCA,4.436940871531481
5263,0.1436739834146797,4__mutated,PertCortex_4_CAGGTGCCAGGCGATA,5.849010563621413
5264,0.1659046814139327,4__mutated,PertCortex_4_CAGGTGCGTCAATACC,5.018496109115886
5265,0.24296749576350138,4__mutated,PertCortex_4_CAGGTGCTCCAGATCA,4.888575105726838
5266,0.1585718843945922,4__mutated,PertCortex_4_CAGTAACCAACTGGCC,5.447150316013626
5267,0.0754708339538554,4__mutated,PertCortex_4_CAGTAACCAGGGTACA,3.7695279953071297
5268,0.2961239427536695,4__mutated,PertCortex_4_CAGTAACGTCTTGATG,2.469037128090062
5269,0.07504826406797006,4__mutated,PertCortex_4_CAGTAACTCGAATGCT,4.44095542185091
5270,0.13246788786863292,4__mutated,PertCortex_4_CAGTAACTCGCGATCG,4.527083450598078
5271,0.18890681846044186,4__mutated,PertCortex_4_CAGTCCTAGAAACCGC,5.377161988753853
5272,0.10746191480978658,4__mutated,PertCortex_4_CAGTCCTAGCCATCGC,5.705313132035653
5273,0.10382407428162538,4__mutated,PertCortex_4_CAGTCCTGTAAAGTCA,4.420183545799517
5274,0.2568498551305298,4__mutated,PertCortex_4_CAGTCCTGTAACGTTC,3.4485594006848026
5275,0.16703874257236098,4__mutated,PertCortex_4_CAGTCCTTCAGCTCTC,5.190429557061037
5276,0.1269550980108756,4__mutated,PertCortex_4_CATATGGCACATGTGT,5.089917265729319
5277,0.16075445011403,4__mutated,PertCortex_4_CATATGGGTCAACTGT,4.345146480333622
5278,0.16332903571204752,4__mutated,PertCortex_4_CATATGGGTCACACGC,4.634918544120314
5279,0.29878225387756,4__mutated,PertCortex_4_CATATGGGTCTCACCT,4.600785979794347
5280,0.15550167778482055,4__mutated,PertCortex_4_CATATGGGTTAGATGA,4.918681147109679
5281,0.30289290269634983,4__mutated,PertCortex_4_CATATGGTCAACGGGA,3.6690970699926866
5282,0.630224394289067,4__mutated,PertCortex_4_CATATGGTCGTGACAT,2.1664304552760667
5283,0.19105901431314143,4__mutated,PertCortex_4_CATATTCAGTATCTCG,3.6461109195373123
5284,0.183527169028626,4__mutated,PertCortex_4_CATATTCGTAGGGACT,5.221701625017904
5285,0.12441689010369385,4__mutated,PertCortex_4_CATATTCGTTCGCTAA,2.3774292668299797
5286,0.16204267212749987,4__mutated,PertCortex_4_CATATTCTCAACACCA,4.134294987381217
5287,0.17838926173375005,4__mutated,PertCortex_4_CATATTCTCAATCTCT,5.53736238357216
5288,0.5388356484715443,4__mutated,PertCortex_4_CATCAAGAGGCTAGAC,2.4943939610493997
5289,0.12070480213490581,4__mutated,PertCortex_4_CATCAAGAGTCCATAC,4.140837387863291
5290,0.10569061035792551,4__mutated,PertCortex_4_CATCAAGCAATAGAGT,3.96419591237636
5291,0.518304784154194,4__mutated,PertCortex_4_CATCAAGCATTGGGCC,3.5401923189054902
5292,0.14330422007165422,4__mutated,PertCortex_4_CATCAAGGTAAGTAGT,4.140954930397039
5293,0.22300920048652537,4__mutated,PertCortex_4_CATCAAGGTTCACCTC,4.81229651899232
5294,0.31398949606119764,4__mutated,PertCortex_4_CATCAGACACGGTTTA,4.446166286551183
5295,0.13811883613621656,4__mutated,PertCortex_4_CATCAGATCACATACG,4.566724690148123
5296,0.11015038476289991,4__mutated,PertCortex_4_CATCCACAGCTAACTC,4.531391985996212
5297,0.18420103825870088,4__mutated,PertCortex_4_CATCCACAGGTAGCTG,3.735338352083423
5298,0.35547268624938744,4__mutated,PertCortex_4_CATCCACCAAGTAATG,3.1670448555775708
5299,0.1893778926790836,4__mutated,PertCortex_4_CATCCACCATGGTAGG,4.496857415076005
5300,0.09670270170288053,4__mutated,PertCortex_4_CATCCACGTTAAGTAG,3.69639101480973
5301,0.19740744322384315,4__mutated,PertCortex_4_CATCCACTCAGTTAGC,4.416951925611352
5302,0.3228815863044447,4__mutated,PertCortex_4_CATCCACTCTTGTCAT,3.959533352041708
5303,0.1943589789051317,4__mutated,PertCortex_4_CATCGAAAGCTGTTCA,4.238443948913766
5304,0.2779532523547816,4__mutated,PertCortex_4_CATCGGGAGACCACGA,3.4618170375872834
5305,0.23113416975287665,4__mutated,PertCortex_4_CATCGGGAGTGACATA,4.688657198015908
5306,0.245164084670956,4__mutated,PertCortex_4_CATCGGGCATTATCTC,4.387008865713385
5307,0.17847049999479353,4__mutated,PertCortex_4_CATCGGGGTAATCGTC,5.388215778359607
5308,0.24476416163652193,4__mutated,PertCortex_4_CATCGGGGTACAGACG,4.376310903503613
5309,0.17799125776565428,4__mutated,PertCortex_4_CATCGGGGTGTTCTTT,3.9265885333710058
5310,0.2565138111320018,4__mutated,PertCortex_4_CATCGGGTCCACGCAG,4.420075858632546
5311,0.10987853334762492,4__mutated,PertCortex_4_CATCGGGTCTGTCCGT,3.9535463838090217
5312,0.11457113001860025,4__mutated,PertCortex_4_CATGACAAGCCGATTT,4.756469483172637
5313,0.10670668308230874,4__mutated,PertCortex_4_CATGACAGTTTGGCGC,3.681003363647189
5314,0.089289027969826,4__mutated,PertCortex_4_CATGCCTAGAGTACCG,5.249919156445978
5315,0.2199600095054126,4__mutated,PertCortex_4_CATGCCTAGGAATTAC,4.079325305625038
5316,0.2894955827114471,4__mutated,PertCortex_4_CATGCCTCAAGTTCTG,3.7528523905590414
5317,0.21454240819981374,4__mutated,PertCortex_4_CATGCCTCACTGTGTA,3.618714105913277
5318,0.17541692417765187,4__mutated,PertCortex_4_CATGCCTGTAGCTTGT,4.49668952870148
5319,0.17615074659387822,4__mutated,PertCortex_4_CATGCCTGTTTCGCTC,4.79410779908412
5320,0.12146944232510204,4__mutated,PertCortex_4_CATGCCTTCCCTAATT,3.8846839600804
5321,0.1566966432929489,4__mutated,PertCortex_4_CATGCCTTCTGTCAAG,4.327713813980492
5322,0.5219565785838145,4__mutated,PertCortex_4_CATGGCGAGAATTCCC,2.9984500803365552
5323,0.146090110591305,4__mutated,PertCortex_4_CATGGCGAGGCCGAAT,5.520695913967145
5324,0.1223920514311549,4__mutated,PertCortex_4_CATGGCGCATACCATG,3.953804944942293
5325,0.13314668661221976,4__mutated,PertCortex_4_CATGGCGGTAGCGCTC,4.083186050697107
5326,0.2509620891280149,4__mutated,PertCortex_4_CATGGCGGTCCTCCAT,4.325246685606861
5327,0.16131364011230867,4__mutated,PertCortex_4_CATGGCGTCTGTCAAG,3.6409458993101893
5328,0.08846286793324086,4__mutated,PertCortex_4_CATTATCAGCCAACAG,5.030198801064348
5329,0.15104469744661775,4__mutated,PertCortex_4_CATTATCCAAGTTGTC,2.89388237574541
5330,0.18901362187000806,4__mutated,PertCortex_4_CATTATCCATCGATGT,3.9088889040644954
5331,0.0918715140480058,4__mutated,PertCortex_4_CATTATCGTACTTGAC,5.143182715604093
5332,0.1522982960954515,4__mutated,PertCortex_4_CATTATCGTATCACCA,5.687357205802829
5333,0.18768380540080626,4__mutated,PertCortex_4_CATTATCTCACTCCTG,3.9275874446576338
5334,0.11964148634354116,4__mutated,PertCortex_4_CATTCGCAGCATGGCA,4.403695050740731
5335,0.230369469835936,4__mutated,PertCortex_4_CATTCGCAGGGCTCTC,4.242742230662338
5336,0.06714505956143743,4__mutated,PertCortex_4_CATTCGCGTACTCTCC,3.665754879046179
5337,0.2805504128026628,4__mutated,PertCortex_4_CATTCGCTCCTCATTA,3.834348797887333
5338,0.15805676051103404,4__mutated,PertCortex_4_CCAATCCAGCCACCTG,5.214754826500694
5339,0.2035403826020941,4__mutated,PertCortex_4_CCAATCCAGTGAAGTT,4.406703872246839
5340,0.2263635220521862,4__mutated,PertCortex_4_CCAATCCCAAACGTGG,3.5971572014929465
5341,0.11453509522167397,4__mutated,PertCortex_4_CCAATCCCAAACTGCT,5.373637562455671
5342,0.38053353220243324,4__mutated,PertCortex_4_CCAATCCGTCACTGGC,4.219245234502579
5343,0.13242149526663463,4__mutated,PertCortex_4_CCAATCCGTGTGGCTC,5.177723771431767
5344,0.15620981139327542,4__mutated,PertCortex_4_CCAATCCTCAACGGCC,4.073213037448334
5345,0.1754271906803815,4__mutated,PertCortex_4_CCAATCCTCGAATGCT,4.149857005316434
5346,0.3545326879177154,4__mutated,PertCortex_4_CCAATCCTCGGTGTTA,3.020403116019416
5347,0.21611864875500705,4__mutated,PertCortex_4_CCAATCCTCTGCTTGC,3.8717385043439725
5348,0.15742762016494669,4__mutated,PertCortex_4_CCACCTACATAGGATA,5.498193451718475
5349,0.30523612083299095,4__mutated,PertCortex_4_CCACCTAGTAAGGATT,4.670148962514062
5350,0.17503355332533005,4__mutated,PertCortex_4_CCACCTATCACTTACT,3.6398033428831926
5351,0.18960069872301116,4__mutated,PertCortex_4_CCACCTATCGTGGGAA,5.245647807985263
5352,0.16470052788548908,4__mutated,PertCortex_4_CCACGGAAGGAGTAGA,5.271590160327425
5353,0.09833341203266473,4__mutated,PertCortex_4_CCACGGAAGGGCTTCC,4.1329408785118495
5354,0.09586856532119921,4__mutated,PertCortex_4_CCACGGACAAGGACAC,4.152870741739414
5355,0.14029086703762286,4__mutated,PertCortex_4_CCACTACAGTGTACCT,5.6073431941652006
5356,0.07345182352441969,4__mutated,PertCortex_4_CCACTACCACCTCGTT,4.63739087266922
5357,0.11084969981300749,4__mutated,PertCortex_4_CCACTACGTCTGATCA,3.8253288397582166
5358,0.2027016000555082,4__mutated,PertCortex_4_CCACTACGTTCCGGCA,5.021371718726535
5359,0.1970873976229176,4__mutated,PertCortex_4_CCACTACTCCAGGGCT,4.002752381846889
5360,0.602317238967504,4__mutated,PertCortex_4_CCACTACTCGTCACGG,2.0905528858614595
5361,0.23372172161509347,4__mutated,PertCortex_4_CCAGCGAAGATGTTAG,4.432845571733552
5362,0.3210123870942474,4__mutated,PertCortex_4_CCAGCGAAGCCAGGAT,3.4325071087789185
5363,0.1365858045125958,4__mutated,PertCortex_4_CCAGCGAAGGTGACCA,4.160020293870079
5364,0.11545639598319644,4__mutated,PertCortex_4_CCAGCGAAGTCGAGTG,4.5024757545234575
5365,0.17811167358881572,4__mutated,PertCortex_4_CCAGCGAAGTTAGCGG,4.903922363038375
5366,0.05689853653718501,4__mutated,PertCortex_4_CCAGCGACACCTATCC,4.1991042850147
5367,0.22467540188686308,4__mutated,PertCortex_4_CCAGCGAGTAATAGCA,4.676480731207014
5368,0.09785178668568908,4__mutated,PertCortex_4_CCAGCGAGTAGGACAC,5.2834888604366315
5369,0.1790905169194731,4__mutated,PertCortex_4_CCAGCGAGTGGTAACG,5.033371136461877
5370,0.3774273762023078,4__mutated,PertCortex_4_CCAGCGAGTTCCTCCA,2.2856714929442257
5371,0.22959171339238305,4__mutated,PertCortex_4_CCAGCGATCCGCAGTG,4.047611951855301
5372,0.15460057933165047,4__mutated,PertCortex_4_CCATGTCCACAACGCC,5.024619244748919
5373,0.2656668914141675,4__mutated,PertCortex_4_CCATGTCCATCTCCCA,4.793819505709685
5374,0.13913626974038576,4__mutated,PertCortex_4_CCATGTCTCGAATGGG,5.949528403727097
5375,0.2133337536983677,4__mutated,PertCortex_4_CCATTCGAGCACGCCT,5.268284710272885
5376,0.1347809380637729,4__mutated,PertCortex_4_CCATTCGCACTACAGT,3.940648879164041
5377,0.19259748493353704,4__mutated,PertCortex_4_CCATTCGCACTAGTAC,4.431395894694996
5378,0.2582366004135893,4__mutated,PertCortex_4_CCATTCGGTCCGTGAC,4.255419965788675
5379,0.25018470382077784,4__mutated,PertCortex_4_CCATTCGGTCTAGTCA,4.966205642915731
5380,0.19238423192100604,4__mutated,PertCortex_4_CCATTCGTCATGTGGT,3.77267682545732
5381,0.1359821221893801,4__mutated,PertCortex_4_CCATTCGTCGTTTAGG,5.060658507205329
5382,0.0426193158818333,4__mutated,PertCortex_4_CCATTCGTCTTGAGAC,4.351019924631078
5383,0.1824189606581279,4__mutated,PertCortex_4_CCCAATCAGCGTTTAC,3.8659823693178406
5384,0.17176430602443293,4__mutated,PertCortex_4_CCCAATCCAAGTTGTC,4.41054054176808
5385,0.054898857322748816,4__mutated,PertCortex_4_CCCAATCGTCATGCAT,4.367557532808711
5386,0.18558874875599526,4__mutated,PertCortex_4_CCCAATCGTTACCAGT,4.560521256197316
5387,0.14357451810771693,4__mutated,PertCortex_4_CCCAATCGTTATCACG,4.014792310839303
5388,0.16609474734063503,4__mutated,PertCortex_4_CCCAATCTCTGCAAGT,4.627597304107252
5389,0.16050436379366922,4__mutated,PertCortex_4_CCCAGTTCAAGCTGGA,3.403905803186068
5390,0.11183947202015526,4__mutated,PertCortex_4_CCCATACAGCACACAG,3.961824837979329
5391,0.17378026315366668,4__mutated,PertCortex_4_CCCATACCACCGGAAA,3.2875232350237895
5392,0.2894574563598975,4__mutated,PertCortex_4_CCCATACCATCACCCT,2.3962926382217593
5393,0.19153618902318656,4__mutated,PertCortex_4_CCCTCCTAGACTGGGT,4.47459046319916
5394,0.12571087572472292,4__mutated,PertCortex_4_CCCTCCTAGGTGCTTT,4.913421578215826
5395,0.15901555368975384,4__mutated,PertCortex_4_CCCTCCTCAGTATAAG,4.887765232833956
5396,0.24278846145093896,4__mutated,PertCortex_4_CCCTCCTTCCGTAGGC,4.604444058160363
5397,0.16195317969063538,4__mutated,PertCortex_4_CCGGGATAGAGGTTGC,3.5269090187786643
5398,0.1458233610625672,4__mutated,PertCortex_4_CCGGGATAGGACGAAA,5.77342095977816
5399,0.5739855342852104,4__mutated,PertCortex_4_CCGGGATCATGCCTTC,2.268337873988563
5400,0.1865267977834458,4__mutated,PertCortex_4_CCGGGATTCGAATCCA,3.7077922162715975
5401,0.1054831217309433,4__mutated,PertCortex_4_CCGGGATTCGAATGGG,5.033821171867948
5402,0.1139729931351398,4__mutated,PertCortex_4_CCGGGATTCTCTGAGA,5.211053929856308
5403,0.0642159700497301,4__mutated,PertCortex_4_CCGGGATTCTTTACAC,4.71745109628203
5404,0.15638361818198737,4__mutated,PertCortex_4_CCGGTAGAGATCTGCT,4.422010485364339
5405,0.1297955382319683,4__mutated,PertCortex_4_CCGGTAGAGCGTAGTG,3.868657417004611
5406,0.6230664152258157,4__mutated,PertCortex_4_CCGGTAGGTGCAACGA,2.3197190501304843
5407,0.16172033337311595,4__mutated,PertCortex_4_CCGGTAGTCTTGAGAC,4.689135431343833
5408,0.1414567358520828,4__mutated,PertCortex_4_CCGTACTAGCAGATCG,5.458937824926556
5409,0.11460031574152511,4__mutated,PertCortex_4_CCGTACTCACTTAACG,4.418864056842661
5410,0.28208844094699237,4__mutated,PertCortex_4_CCGTACTCATGAAGTA,4.469303512112253
5411,0.18081850089336943,4__mutated,PertCortex_4_CCGTACTGTTACGACT,4.776049122920612
5412,0.19050622507908835,4__mutated,PertCortex_4_CCGTACTGTTGTGGCC,5.0833453566389935
5413,0.17369480828447137,4__mutated,PertCortex_4_CCGTACTTCATCTGCC,3.5917136663728715
5414,0.16444981214353688,4__mutated,PertCortex_4_CCGTGGAAGTCGCCGT,4.90225738216159
5415,0.25366717625600543,4__mutated,PertCortex_4_CCGTGGACAGCTGGCT,5.458823483056494
5416,0.13058743676204834,4__mutated,PertCortex_4_CCGTGGACAGGTCCAC,4.937787128332304
5417,0.09403253335167087,4__mutated,PertCortex_4_CCGTGGACATGGTCTA,4.987467283116419
5418,0.14113962067375171,4__mutated,PertCortex_4_CCGTGGAGTCATATGC,3.434607982715113
5419,0.1460394763331641,4__mutated,PertCortex_4_CCGTGGAGTGTGACCC,4.225480612847228
5420,0.18228971703860034,4__mutated,PertCortex_4_CCGTGGATCAACCAAC,5.241712368369809
5421,0.19756650292679268,4__mutated,PertCortex_4_CCGTGGATCAGGATCT,4.7205036959524405
5422,0.2519754886066638,4__mutated,PertCortex_4_CCGTGGATCGTCCAGG,4.392555583106099
5423,0.1644536219875895,4__mutated,PertCortex_4_CCGTTCAAGCCAGGAT,3.4206949317926285
5424,0.0583762771780471,4__mutated,PertCortex_4_CCGTTCAAGGGTTCCC,4.634460883546742
5425,0.17862514663972948,4__mutated,PertCortex_4_CCGTTCACACACCGCA,5.237251372402463
5426,0.3543200587271916,4__mutated,PertCortex_4_CCGTTCACATACTCTT,2.9786462033150585
5427,0.09638399900459703,4__mutated,PertCortex_4_CCGTTCACATTATCTC,3.3210574693179886
5428,0.4231218273234326,4__mutated,PertCortex_4_CCGTTCAGTGAGGGAG,4.046455717085456
5429,0.05314812620218282,4__mutated,PertCortex_4_CCGTTCAGTGGTACAG,3.961727603334672
5430,0.18736803723237982,4__mutated,PertCortex_4_CCGTTCATCAGAGCTT,3.6307632168517974
5431,0.2672720031703971,4__mutated,PertCortex_4_CCGTTCATCCTGTAGA,4.4184749035980895
5432,0.2612819759016603,4__mutated,PertCortex_4_CCTAAAGAGAATTGTG,2.4764535189198758
5433,0.26428696217469394,4__mutated,PertCortex_4_CCTAAAGAGTAGGCCA,4.511949666438103
5434,0.09401304289248372,4__mutated,PertCortex_4_CCTAAAGCACAGTCGC,4.080016873000395
5435,0.11605057465319228,4__mutated,PertCortex_4_CCTAAAGGTCTGCGGT,3.712354809165666
5436,0.11966531546228769,4__mutated,PertCortex_4_CCTAAAGGTTCACGGC,4.21500083821818
5437,0.7152415672412138,4__mutated,PertCortex_4_CCTAAAGTCTATCCCG,1.8188578580058248
5438,0.17216403013822787,4__mutated,PertCortex_4_CCTAAAGTCTGCGGCA,3.9681863420139387
5439,0.2983836176083338,4__mutated,PertCortex_4_CCTACACAGGCTATCT,3.7517815847699274
5440,0.15050121590039625,4__mutated,PertCortex_4_CCTACACGTAGTGAAT,4.010693630885842
5441,0.18439722616804377,4__mutated,PertCortex_4_CCTACACGTATTAGCC,4.158447678351884
5442,0.18109915016048153,4__mutated,PertCortex_4_CCTACACGTCGCCATG,4.601791461957555
5443,0.13533809841670827,4__mutated,PertCortex_4_CCTACACGTTGCTCCT,4.25483728202292
5444,0.13990205748231913,4__mutated,PertCortex_4_CCTACACTCTACCTGC,5.277154222381501
5445,0.12977662196613024,4__mutated,PertCortex_4_CCTACCAAGATATGGT,4.133643384483571
5446,0.1394413529611221,4__mutated,PertCortex_4_CCTACCAAGATGTGTA,4.970484572058154
5447,0.11449177502073604,4__mutated,PertCortex_4_CCTACCAAGTAGCCGA,4.282811402164898
5448,0.15497329025725165,4__mutated,PertCortex_4_CCTACCACAAGCCTAT,5.14844765190295
5449,0.15018344369257938,4__mutated,PertCortex_4_CCTACCACACGAAAGC,6.473235896000491
5450,0.13959501787362927,4__mutated,PertCortex_4_CCTACCACACGGCCAT,4.700402676827685
5451,0.2575786345339348,4__mutated,PertCortex_4_CCTACCAGTACCAGTT,4.682458574300374
5452,0.1566861116742971,4__mutated,PertCortex_4_CCTACCATCAGAGCTT,3.8698170118619863
5453,0.1876029490490605,4__mutated,PertCortex_4_CCTACCATCATCGGAT,5.565804006665523
5454,0.21133700848156808,4__mutated,PertCortex_4_CCTACCATCTCCAGGG,4.153397970211299
5455,0.11296755998260655,4__mutated,PertCortex_4_CCTACCATCTTAGCCC,3.5566130166676997
5456,0.19872046085584957,4__mutated,PertCortex_4_CCTAGCTAGCTGTTCA,4.857053455440788
5457,0.1561486794942897,4__mutated,PertCortex_4_CCTAGCTAGGCTCTTA,4.790033355424159
5458,0.22885405846005155,4__mutated,PertCortex_4_CCTAGCTTCCACTGGG,5.019224883828345
5459,0.173238125914266,4__mutated,PertCortex_4_CCTATTAAGCACAGGT,4.516015746555631
5460,0.2472513060136693,4__mutated,PertCortex_4_CCTATTAAGCCAGTAG,3.8120647814647675
5461,0.1959689843462272,4__mutated,PertCortex_4_CCTATTAAGCCGATTT,5.112070506810026
5462,0.11896913340061077,4__mutated,PertCortex_4_CCTATTACAATCTACG,5.916609382901779
5463,0.3521213628263794,4__mutated,PertCortex_4_CCTATTACAATGAATG,3.8269235032994358
5464,0.15498078624894543,4__mutated,PertCortex_4_CCTATTACACCCTATC,5.060179461613605
5465,0.2428852911629925,4__mutated,PertCortex_4_CCTATTACAGACAAAT,3.4931237505800863
5466,0.2797812561407829,4__mutated,PertCortex_4_CCTATTAGTATCAGTC,5.183015821383064
5467,0.1605572529711434,4__mutated,PertCortex_4_CCTATTATCAAACCAC,3.0617872253881653
5468,0.292782580605161,4__mutated,PertCortex_4_CCTATTATCCTCATTA,4.577437993391875
5469,0.29779234791720377,4__mutated,PertCortex_4_CCTCAGTAGTTTCCTT,3.5130597085112956
5470,0.6670553019941594,4__mutated,PertCortex_4_CCTCAGTCATGCCTAA,1.9181439660726893
5471,0.1624703401508553,4__mutated,PertCortex_4_CCTCAGTTCCTAGGGC,4.844791753540754
5472,0.27513419502337005,4__mutated,PertCortex_4_CCTCAGTTCTACTATC,3.532980650042261
5473,0.1493320964164692,4__mutated,PertCortex_4_CCTCAGTTCTCCCTGA,4.850106967103351
5474,0.10102498641736665,4__mutated,PertCortex_4_CCTCAGTTCTTGACGA,4.095460372095692
5475,0.2736439826231456,4__mutated,PertCortex_4_CCTCTGAAGACCTAGG,4.247992503703346
5476,0.1644698567343296,4__mutated,PertCortex_4_CCTCTGACAAGTAGTA,4.397212492373481
5477,0.1666493976619737,4__mutated,PertCortex_4_CCTCTGACATACTACG,4.689247393170989
5478,0.14991397411336396,4__mutated,PertCortex_4_CCTCTGAGTCATCCCT,4.731087805321337
5479,0.2901654052660537,4__mutated,PertCortex_4_CCTCTGAGTGCAACGA,3.8091885349435417
5480,0.10190473413226746,4__mutated,PertCortex_4_CCTCTGATCAGCGATT,4.490958204745231
5481,0.22734055043720233,4__mutated,PertCortex_4_CCTCTGATCGTTGCCT,3.784948257948537
5482,0.10137130884668093,4__mutated,PertCortex_4_CCTCTGATCTAACTCT,4.550940687709364
5483,0.21795056190651424,4__mutated,PertCortex_4_CCTTACGCATGGAATA,4.138131347725765
5484,0.13262708900734782,4__mutated,PertCortex_4_CCTTACGGTTAAGACA,5.387814242002432
5485,0.3190993788646257,4__mutated,PertCortex_4_CCTTACGTCCTACAGA,4.0237464012176405
5486,0.25309798188997124,4__mutated,PertCortex_4_CCTTACGTCTCTAGGA,4.675365210728084
5487,0.20816016014716346,4__mutated,PertCortex_4_CCTTACGTCTTGTACT,4.029805133713184
5488,0.24636798913140073,4__mutated,PertCortex_4_CCTTCCCAGGTGACCA,4.5282991635339
5489,0.1244635080785644,4__mutated,PertCortex_4_CCTTCCCCATGAAGTA,5.444163571310218
5490,0.17666864973040963,4__mutated,PertCortex_4_CCTTCCCCATTTGCTT,4.221165004878637
5491,0.2285438620908967,4__mutated,PertCortex_4_CCTTCCCGTAAATGAC,3.8986490129467883
5492,0.1527954969430536,4__mutated,PertCortex_4_CCTTCGAAGGAGTCTG,4.910384965920795
5493,0.17765481349347986,4__mutated,PertCortex_4_CCTTCGACAAGAAAGG,5.116392352056901
5494,0.5574229291039886,4__mutated,PertCortex_4_CCTTCGACATCACGTA,2.246851036004932
5495,0.11468385729392848,4__mutated,PertCortex_4_CCTTCGATCACGGTTA,5.583304144733677
5496,0.6269395609253159,4__mutated,PertCortex_4_CCTTCGATCATTCACT,2.4053179276690067
5497,0.19604343776842686,4__mutated,PertCortex_4_CCTTTCTAGAAGAAGC,5.578092282356416
5498,0.1937866717621959,4__mutated,PertCortex_4_CCTTTCTAGGCAAAGA,5.0152655151414685
5499,0.17961254487901301,4__mutated,PertCortex_4_CCTTTCTCAGCTGTTA,3.7698495599654898
5500,0.1511719198680769,4__mutated,PertCortex_4_CCTTTCTTCCACGTGG,4.440918743773721
5501,0.22741412860197593,4__mutated,PertCortex_4_CCTTTCTTCCAGATCA,3.1884358539446156
5502,0.18868650771005427,4__mutated,PertCortex_4_CCTTTCTTCCAGGGCT,5.127113507954596
5503,0.16294418316309045,4__mutated,PertCortex_4_CCTTTCTTCCTCCTAG,5.373940755294931
5504,0.18638569089149673,4__mutated,PertCortex_4_CGAACATAGAGAACAG,4.5482957138139
5505,0.10122218842737499,4__mutated,PertCortex_4_CGAACATAGCTGAACG,3.1583375124117485
5506,0.14635656193814126,4__mutated,PertCortex_4_CGAACATCATGCGCAC,4.171468346468813
5507,0.11630210237746964,4__mutated,PertCortex_4_CGAACATTCCAACCAA,4.216546970960438
5508,0.21633303641351212,4__mutated,PertCortex_4_CGAATGTAGTATTGGA,4.557733712382544
5509,0.2264213381774262,4__mutated,PertCortex_4_CGAATGTCACATCTTT,4.073018733697075
5510,0.1432645954019019,4__mutated,PertCortex_4_CGAATGTCAGATTGCT,5.217237538578543
5511,0.22265699355292065,4__mutated,PertCortex_4_CGAATGTCATTACCTT,4.197652159062085
5512,0.18938262720761745,4__mutated,PertCortex_4_CGAATGTGTACTCGCG,3.7733937965356263
5513,0.27272207023343964,4__mutated,PertCortex_4_CGAATGTGTAGGGACT,3.5285372411856217
5514,0.11149971483958034,4__mutated,PertCortex_4_CGAATGTTCGCCTGTT,5.405768763809894
5515,0.22847502068618658,4__mutated,PertCortex_4_CGACCTTCAAGTAGTA,4.227777084428363
5516,0.12256178299532834,4__mutated,PertCortex_4_CGACCTTCAGTCAGAG,3.693277968114805
5517,0.26256252967995025,4__mutated,PertCortex_4_CGACCTTCATTGCGGC,4.608053509108151
5518,0.17787648056487917,4__mutated,PertCortex_4_CGACCTTGTTCGCGAC,4.345468362899188
5519,0.14066708022560673,4__mutated,PertCortex_4_CGACCTTGTTTGTGTG,4.151566310796897
5520,0.19115175725774605,4__mutated,PertCortex_4_CGACTTCAGGGAAACA,4.173443178934096
5521,0.07440887501381636,4__mutated,PertCortex_4_CGACTTCCACGTTGGC,4.001782001459535
5522,0.12372049838936734,4__mutated,PertCortex_4_CGACTTCGTAGAGGAA,3.4863130630055594
5523,0.25442172759517745,4__mutated,PertCortex_4_CGACTTCGTATGAATG,4.759577707336059
5524,0.24443321701365736,4__mutated,PertCortex_4_CGAGAAGAGCTGAAAT,4.051035638397949
5525,0.26911133382165814,4__mutated,PertCortex_4_CGAGAAGCAAGTCTGT,2.6287547040734
5526,0.14100195737089985,4__mutated,PertCortex_4_CGAGAAGCACTATCTT,4.406509423486053
5527,0.12506987986881088,4__mutated,PertCortex_4_CGAGCACAGCGCTTAT,3.9590521849096176
5528,0.2127392059218675,4__mutated,PertCortex_4_CGAGCACAGTCAAGGC,4.885424221386561
5529,0.1267142009616679,4__mutated,PertCortex_4_CGAGCACGTACACCGC,3.370113352047156
5530,0.1909555790947679,4__mutated,PertCortex_4_CGAGCACTCATGGTCA,3.684420712509228
5531,0.2652126058530705,4__mutated,PertCortex_4_CGAGCACTCCTACAGA,3.806898041961941
5532,0.12169300716639467,4__mutated,PertCortex_4_CGAGCACTCCTAGTGA,4.4734090361697945
5533,0.6438254468136717,4__mutated,PertCortex_4_CGAGCCAAGAAACCTA,1.6751451167487679
5534,0.09820480096095296,4__mutated,PertCortex_4_CGAGCCAAGGAGTTTA,4.903558735671793
5535,0.19676095105752303,4__mutated,PertCortex_4_CGAGCCAAGGCAGTCA,4.302928157752069
5536,0.12609998974858846,4__mutated,PertCortex_4_CGAGCCAAGTTACCCA,4.846417798050734
5537,0.6774576615207503,4__mutated,PertCortex_4_CGAGCCACACAAGCCC,1.7984774983245069
5538,0.2692103233083658,4__mutated,PertCortex_4_CGAGCCAGTATTCTCT,4.675655994968
5539,0.20554700725072425,4__mutated,PertCortex_4_CGAGCCAGTCTCGTTC,4.87036851617673
5540,0.0987436437410902,4__mutated,PertCortex_4_CGATCGGAGACAGGCT,3.199525536839561
5541,0.1469837701832324,4__mutated,PertCortex_4_CGATCGGAGTGGTAGC,4.691265859409434
5542,0.307752762181283,4__mutated,PertCortex_4_CGATCGGCAACTGGCC,3.0903444527662494
5543,0.628868563269513,4__mutated,PertCortex_4_CGATCGGGTCCAGTGC,2.355956055987066
5544,0.20149448912872303,4__mutated,PertCortex_4_CGATCGGGTCTCCCTA,3.876712425571414
5545,0.15831812450939522,4__mutated,PertCortex_4_CGATCGGTCCTAGTGA,5.397124519483601
5546,0.17243065394137594,4__mutated,PertCortex_4_CGATGGCCAAGTACCT,4.0083473618788545
5547,0.2619746598871877,4__mutated,PertCortex_4_CGATGGCCAGCGTCCA,5.022452257260448
5548,0.2330845501325049,4__mutated,PertCortex_4_CGATGGCCATATGGTC,3.4428532446717424
5549,0.26471320267626214,4__mutated,PertCortex_4_CGATGGCGTACAGTTC,4.252095844873486
5550,0.1978207568139738,4__mutated,PertCortex_4_CGATGGCGTAGGACAC,5.379175753369455
5551,0.1145079780853081,4__mutated,PertCortex_4_CGATGGCGTCTAGGTT,3.761149255105032
5552,0.12272562097486428,4__mutated,PertCortex_4_CGATGGCTCGTCACGG,4.005630935489692
5553,0.1362108449720496,4__mutated,PertCortex_4_CGATGGCTCTTGCAAG,4.828911367672882
5554,0.27930625838032547,4__mutated,PertCortex_4_CGATGTAAGAGACTTA,3.9455271936060106
5555,0.4104764113370315,4__mutated,PertCortex_4_CGATGTACAACTGCGC,2.877129043703235
5556,0.19050381867541008,4__mutated,PertCortex_4_CGATGTAGTACTTCTT,3.61412122072117
5557,0.1375708707114032,4__mutated,PertCortex_4_CGATGTAGTCACAAGG,4.377605051196332
5558,0.057879494931807704,4__mutated,PertCortex_4_CGATGTATCTGTCCGT,4.70382076839566
5559,0.07783316467545556,4__mutated,PertCortex_4_CGATTGAAGTACACCT,2.921779979923599
5560,0.1220121449801238,4__mutated,PertCortex_4_CGATTGACAAACTGCT,4.326422145676722
5561,0.13874283171336826,4__mutated,PertCortex_4_CGATTGACACATTCGA,3.761406952324201
5562,0.09193497054067898,4__mutated,PertCortex_4_CGATTGATCACAAACC,3.381624353795595
5563,0.07325103476925889,4__mutated,PertCortex_4_CGCCAAGCACATGTGT,4.733126573397021
5564,0.19660111763610416,4__mutated,PertCortex_4_CGCCAAGCAGGATTGG,4.241388098139806
5565,0.14909474897204636,4__mutated,PertCortex_4_CGCCAAGCATGCAATC,4.892102156575722
5566,0.11502874590446639,4__mutated,PertCortex_4_CGCCAAGCATTAGGCT,4.931226994067159
5567,0.27552137741792443,4__mutated,PertCortex_4_CGCCAAGGTGCTAGCC,4.578357818842825
5568,0.13187795989811496,4__mutated,PertCortex_4_CGCCAAGTCTAACTCT,4.446019276293937
5569,0.1921177631455873,4__mutated,PertCortex_4_CGCCAAGTCTATCGCC,3.9525828362825157
5570,0.059837851103455,4__mutated,PertCortex_4_CGCGGTAAGACTAAGT,4.579883033470126
5571,0.25807020077935294,4__mutated,PertCortex_4_CGCGGTAAGCGTTCCG,3.7901499120602784
5572,0.24821139614798252,4__mutated,PertCortex_4_CGCGGTAAGTCACGCC,4.571856822410024
5573,0.20948476696326906,4__mutated,PertCortex_4_CGCGGTACAGGGATTG,3.947045851968703
5574,0.26107398351721456,4__mutated,PertCortex_4_CGCGGTAGTCGTCTTC,3.117687692244655
5575,0.14523291148820072,4__mutated,PertCortex_4_CGCGGTAGTTTCGCTC,4.261349060880913
5576,0.28001232197733805,4__mutated,PertCortex_4_CGCGGTATCGTATCAG,4.5403402615767225
5577,0.3876832873071463,4__mutated,PertCortex_4_CGCGTTTAGTCACGCC,2.1992303660334485
5578,0.1336512677854172,4__mutated,PertCortex_4_CGCGTTTCAGCTGTGC,4.552539226849481
5579,0.2553115718409413,4__mutated,PertCortex_4_CGCGTTTGTATTCTCT,3.184011846215413
5580,0.21711811017087873,4__mutated,PertCortex_4_CGCGTTTGTGTGACGA,3.962148808338477
5581,0.11501497922999572,4__mutated,PertCortex_4_CGCGTTTTCCCATTTA,4.995927624916261
5582,0.13982592666185348,4__mutated,PertCortex_4_CGCGTTTTCGCATGAT,4.41534569919409
5583,0.0900977875023101,4__mutated,PertCortex_4_CGCGTTTTCGCGTTTC,4.489133864477291
5584,0.09573881204709209,4__mutated,PertCortex_4_CGCGTTTTCTCCAACC,4.2984943750934805
5585,0.28824781739441774,4__mutated,PertCortex_4_CGCTATCCAGTGACAG,3.024341739373478
5586,0.17874239331184125,4__mutated,PertCortex_4_CGCTATCCATGTTGAC,5.196080757405563
5587,0.22613906552343938,4__mutated,PertCortex_4_CGCTATCGTAGCCTCG,3.110422728532667
5588,0.5518797246685797,4__mutated,PertCortex_4_CGCTGGATCAACGCTA,2.3700688989014305
5589,0.26257450511537717,4__mutated,PertCortex_4_CGCTGGATCGCATGGC,2.9221672863606427
5590,0.3188450410470811,4__mutated,PertCortex_4_CGCTTCAAGCTGAAAT,4.509384530794712
5591,0.11287819674797382,4__mutated,PertCortex_4_CGCTTCAAGTTCGATC,5.07907628671728
5592,0.1572667467498944,4__mutated,PertCortex_4_CGCTTCACACACGCTG,3.9405893879846543
5593,0.17230238468696463,4__mutated,PertCortex_4_CGCTTCACATCGATGT,5.445316492991051
5594,0.10839566494179606,4__mutated,PertCortex_4_CGGACACAGACTACAA,3.964808434694051
5595,0.6002356706651812,4__mutated,PertCortex_4_CGGACACAGATCTGAA,2.391647155377007
5596,0.12817645343673822,4__mutated,PertCortex_4_CGGACACGTACGCTGC,4.846580937862922
5597,0.3403300349644472,4__mutated,PertCortex_4_CGGACACGTCAGGACA,4.541331913493191
5598,0.2676171329122141,4__mutated,PertCortex_4_CGGACACTCAGCTGGC,3.2376574045190973
5599,0.2632391396098357,4__mutated,PertCortex_4_CGGACGTCAAACGCGA,5.039311513329319
5600,0.23476408124064585,4__mutated,PertCortex_4_CGGACGTCAAGGCTCC,4.133042241498625
5601,0.2660259278092884,4__mutated,PertCortex_4_CGGACGTCAATGTTGC,4.434198542141741
5602,0.6072774959251207,4__mutated,PertCortex_4_CGGACGTGTAAATGAC,1.8990996969013376
5603,0.10040302309212523,4__mutated,PertCortex_4_CGGACGTTCTCAAGTG,4.713586696698545
5604,0.23595131411130477,4__mutated,PertCortex_4_CGGACTGAGGCGACAT,4.3884141437160284
5605,0.24073895376455057,4__mutated,PertCortex_4_CGGACTGAGTGTACGG,4.326971416476081
5606,0.14373395438372738,4__mutated,PertCortex_4_CGGACTGCAGCGTTCG,4.948892400185972
5607,0.17047487878699874,4__mutated,PertCortex_4_CGGACTGCATACGCTA,3.4587062407248315
5608,0.03559700854830082,4__mutated,PertCortex_4_CGGACTGGTAAACCTC,2.960499147725901
5609,0.18518539867517075,4__mutated,PertCortex_4_CGGACTGGTTAAGTAG,3.744602694835207
5610,0.09622029242079154,4__mutated,PertCortex_4_CGGACTGTCAGCGATT,4.423008125776127
5611,0.1963628480267448,4__mutated,PertCortex_4_CGGAGCTCACAGGTTT,3.5049907286963466
5612,0.27553918669784827,4__mutated,PertCortex_4_CGGAGCTGTATCGCAT,3.763666885942922
5613,0.30798797183349214,4__mutated,PertCortex_4_CGGAGCTGTCTGGTCG,4.398600519999234
5614,0.1669825289842299,4__mutated,PertCortex_4_CGGAGCTGTGTCGCTG,5.180638199891074
5615,0.298026873810929,4__mutated,PertCortex_4_CGGAGCTGTTCGGGCT,4.648989855546363
5616,0.13626652569176567,4__mutated,PertCortex_4_CGGAGCTTCCCAAGTA,3.096547186445412
5617,0.5423436572187605,4__mutated,PertCortex_4_CGGAGCTTCCGAAGAG,2.758673762087993
5618,0.23567362651465623,4__mutated,PertCortex_4_CGGAGCTTCCGTCATC,3.6217806407946824
5619,0.2714137545849352,4__mutated,PertCortex_4_CGGAGCTTCTCAACTT,2.570478206184591
5620,0.2336465893857639,4__mutated,PertCortex_4_CGGAGTCAGCCACGTC,4.800722788389771
5621,0.13643507484516584,4__mutated,PertCortex_4_CGGAGTCAGGTGATAT,4.047964203149076
5622,0.3102333302754289,4__mutated,PertCortex_4_CGGAGTCAGTCCCACG,4.771551601088074
5623,0.11291418090771703,4__mutated,PertCortex_4_CGGAGTCAGTCGCCGT,3.927510553833272
5624,0.2528555833597891,4__mutated,PertCortex_4_CGGAGTCCACAACTGT,3.3856031322736966
5625,0.2062985452493636,4__mutated,PertCortex_4_CGGAGTCCATCTGGTA,3.727892709444668
5626,0.20905881359664552,4__mutated,PertCortex_4_CGGAGTCCATGGATGG,4.855086267832204
5627,0.22435979127418626,4__mutated,PertCortex_4_CGGAGTCGTAGCGATG,3.3337706219267855
5628,0.0928434683191214,4__mutated,PertCortex_4_CGGAGTCGTCTTGATG,4.952384263550855
5629,0.1419933658099901,4__mutated,PertCortex_4_CGGAGTCGTTATCCGA,5.320152539101919
5630,0.20045332310783218,4__mutated,PertCortex_4_CGGAGTCTCCCTCAGT,3.4573849038896824
5631,0.20426605143867296,4__mutated,PertCortex_4_CGGCTAGAGACAGGCT,4.111080003913888
5632,0.12313633402394077,4__mutated,PertCortex_4_CGGCTAGAGGAGTTGC,3.8746195412494417
5633,0.24134175464407862,4__mutated,PertCortex_4_CGGCTAGAGTGGAGTC,3.110015190120649
5634,0.2274238421573537,4__mutated,PertCortex_4_CGGCTAGGTAGCTTGT,3.9793699395533078
5635,0.3380439355745138,4__mutated,PertCortex_4_CGGCTAGGTGATAAAC,2.6014876580530117
5636,0.20371995897409623,4__mutated,PertCortex_4_CGGCTAGTCATCGCTC,3.3862418552990694
5637,0.19751686563993157,4__mutated,PertCortex_4_CGGCTAGTCTGCCCTA,4.087879232236561
5638,0.21832194022880594,4__mutated,PertCortex_4_CGGGTCAAGATCTGCT,2.4020224992252373
5639,0.1260142320281041,4__mutated,PertCortex_4_CGGGTCACACGAAAGC,3.179468105411154
5640,0.13037325020405485,4__mutated,PertCortex_4_CGGGTCACATACGCCG,4.887295853426803
5641,0.11828753260356568,4__mutated,PertCortex_4_CGGGTCACATAGACTC,5.438290602495925
5642,0.11403700362509311,4__mutated,PertCortex_4_CGGGTCACATCCGCGA,3.919134992425973
5643,0.11628182065876932,4__mutated,PertCortex_4_CGGGTCACATCGATTG,3.6300056193465973
5644,0.26792834863960097,4__mutated,PertCortex_4_CGGGTCAGTGGCTCCA,4.963092958813642
5645,0.13737694028676004,4__mutated,PertCortex_4_CGGTTAAAGAGCCTAG,4.456385071462192
5646,0.1658164818703034,4__mutated,PertCortex_4_CGGTTAAAGGACACCA,4.614334113491101
5647,0.16173721789984286,4__mutated,PertCortex_4_CGGTTAAAGGATATAC,2.048144726772518
5648,0.2029695758339953,4__mutated,PertCortex_4_CGGTTAACAGACACTT,3.0224004660985004
5649,0.10765900920305302,4__mutated,PertCortex_4_CGGTTAACAGTATCTG,2.9903260732523664
5650,0.12131399315610046,4__mutated,PertCortex_4_CGGTTAACATCCGTGG,4.311977055104245
5651,0.1500966150526782,4__mutated,PertCortex_4_CGGTTAAGTGATGCCC,4.741059936533119
5652,0.11201424683983802,4__mutated,PertCortex_4_CGTAGCGGTTCACCTC,4.551571412033322
5653,0.20459649666857965,4__mutated,PertCortex_4_CGTAGCGTCCGCGTTT,3.604566540255025
5654,0.100435482157539,4__mutated,PertCortex_4_CGTAGCGTCCTTGCCA,5.007252801640077
5655,0.16640195713037084,4__mutated,PertCortex_4_CGTAGGCAGGACAGCT,3.718560790499317
5656,0.26195032471699126,4__mutated,PertCortex_4_CGTCACTAGCGGATCA,4.003657665568616
5657,0.21663507191530149,4__mutated,PertCortex_4_CGTCACTAGTGTTTGC,4.019248302861415
5658,0.224666892698124,4__mutated,PertCortex_4_CGTCACTGTTCGTGAT,4.552539550760115
5659,0.18998674814508232,4__mutated,PertCortex_4_CGTCACTTCGGGAGTA,3.6282944818538727
5660,0.26835380159794514,4__mutated,PertCortex_4_CGTCACTTCGTACCGG,3.1306520562069227
5661,0.1678288657322764,4__mutated,PertCortex_4_CGTCAGGAGCCGTCGT,4.4497258668326065
5662,0.17441897841932477,4__mutated,PertCortex_4_CGTCAGGTCTCTGAGA,4.542692224585471
5663,0.10665987281873998,4__mutated,PertCortex_4_CGTCCATAGCTCTCGG,4.04612528538381
5664,0.12384169316802131,4__mutated,PertCortex_4_CGTCCATCAAGCCTAT,5.204792595800692
5665,0.547554280545098,4__mutated,PertCortex_4_CGTCCATCATGAACCT,2.23134011660981
5666,0.15982022263712548,4__mutated,PertCortex_4_CGTCCATGTCTTTCAT,5.185070315859468
5667,0.2645365193501644,4__mutated,PertCortex_4_CGTCTACAGCAACGGT,3.021588524048275
5668,0.15256487202866897,4__mutated,PertCortex_4_CGTCTACCAGATGAGC,3.128439187416385
5669,0.19051135847029232,4__mutated,PertCortex_4_CGTCTACTCACCGGGT,3.5308737884132633
5670,0.13274101389147908,4__mutated,PertCortex_4_CGTCTACTCACCTTAT,4.753029261887655
5671,0.2598513358073909,4__mutated,PertCortex_4_CGTGAGCAGACAAGCC,3.6166808716839496
5672,0.16398610688119697,4__mutated,PertCortex_4_CGTGAGCAGCGATGAC,4.9873840927690996
5673,0.16990699723725425,4__mutated,PertCortex_4_CGTGAGCAGTGAAGTT,3.9808181997148706
5674,0.2169764892365635,4__mutated,PertCortex_4_CGTGAGCAGTTACGGG,4.316981801877681
5675,0.09768019067673042,4__mutated,PertCortex_4_CGTGAGCCAATTCCTT,4.977848887734448
5676,0.6137359125861065,4__mutated,PertCortex_4_CGTGAGCTCCTTGCCA,2.2102491919881744
5677,0.18385434919801852,4__mutated,PertCortex_4_CGTGTCTAGCGTGAAC,5.024083293954837
5678,0.22889456364103153,4__mutated,PertCortex_4_CGTGTCTGTATAATGG,4.833530467296859
5679,0.29813827038211105,4__mutated,PertCortex_4_CGTGTCTTCAAACCGT,3.873581924469142
5680,0.33039708324209605,4__mutated,PertCortex_4_CGTGTCTTCTCCAGGG,3.4260093113260264
5681,0.20862355921328907,4__mutated,PertCortex_4_CGTTAGAAGATCTGCT,4.706608671642387
5682,0.14162468384662927,4__mutated,PertCortex_4_CGTTAGAAGGAGTACC,2.33523063038808
5683,0.2024998865715423,4__mutated,PertCortex_4_CGTTAGACATCAGTCA,3.928530886978334
5684,0.3353282081220143,4__mutated,PertCortex_4_CGTTAGAGTGCTAGCC,2.3291363658094926
5685,0.221072095872879,4__mutated,PertCortex_4_CGTTAGAGTTCGGGCT,4.317646391130812
5686,0.19399348524651788,4__mutated,PertCortex_4_CGTTAGATCACCAGGC,3.7498965151943966
5687,0.321869232062667,4__mutated,PertCortex_4_CGTTAGATCTATGTGG,2.6588791520280375
5688,0.3498468673742138,4__mutated,PertCortex_4_CGTTCTGAGAATTGTG,3.4197191716613413
5689,0.19441201672426686,4__mutated,PertCortex_4_CGTTCTGAGCACGCCT,2.859535879273081
5690,0.1125008582098412,4__mutated,PertCortex_4_CGTTCTGAGGGCTTGA,4.828552333859017
5691,0.1693024759029694,4__mutated,PertCortex_4_CGTTCTGGTCAGCTAT,4.397405924753448
5692,0.1689466557095202,4__mutated,PertCortex_4_CGTTCTGGTCTCAACA,4.527589232446741
5693,0.12270729689334162,4__mutated,PertCortex_4_CGTTCTGGTTCCAACA,2.8836133292694734
5694,0.20458966967642786,4__mutated,PertCortex_4_CGTTCTGTCCGCGTTT,3.688964633564242
5695,0.16804021084189982,4__mutated,PertCortex_4_CGTTCTGTCCTAGTGA,5.403617647484034
5696,0.12351709186189083,4__mutated,PertCortex_4_CGTTGGGAGATGCCAG,4.407570990209586
5697,0.168178870079013,4__mutated,PertCortex_4_CGTTGGGAGCTGTCTA,4.627044429598997
5698,0.20531211463923318,4__mutated,PertCortex_4_CGTTGGGAGTCGAGTG,3.338640514992972
5699,0.25678314320248213,4__mutated,PertCortex_4_CGTTGGGCAATGCCAT,3.59761988796646
5700,0.22709367812956155,4__mutated,PertCortex_4_CGTTGGGGTGCTGTAT,4.707582078126015
5701,0.2809968389375295,4__mutated,PertCortex_4_CGTTGGGGTTAAGATG,3.3344399961428355
5702,0.18596774032639726,4__mutated,PertCortex_4_CTAACTTAGACGCACA,3.4996403139565126
5703,0.14448151849506036,4__mutated,PertCortex_4_CTAACTTAGGTACTCT,3.3780983742858166
5704,0.6621543927513036,4__mutated,PertCortex_4_CTAACTTCACGTGAGA,1.876468955583937
5705,0.2754862243879167,4__mutated,PertCortex_4_CTAACTTCATCGACGC,4.237910270125556
5706,0.19828692719596533,4__mutated,PertCortex_4_CTAACTTGTTCGTGAT,4.3508045566072875
5707,0.21103325950966853,4__mutated,PertCortex_4_CTAACTTTCGACAGCC,4.692896168111743
5708,0.0900056895767949,4__mutated,PertCortex_4_CTAACTTTCGAGAGCA,4.200781775551648
5709,0.13165404222045263,4__mutated,PertCortex_4_CTAAGACAGAACTGTA,3.484761106499182
5710,0.10052901845939424,4__mutated,PertCortex_4_CTAAGACAGCACCGTC,4.128663823969
5711,0.28362855402096876,4__mutated,PertCortex_4_CTAAGACCACGGTGTC,4.265700486618334
5712,0.6386913093048422,4__mutated,PertCortex_4_CTAAGACCATCACGTA,1.767495210268597
5713,0.2768459426599287,4__mutated,PertCortex_4_CTAAGACCATCGACGC,3.7353329586136255
5714,0.23375318320111665,4__mutated,PertCortex_4_CTAAGACGTGTTCGAT,3.2018875184795226
5715,0.22018828624074807,4__mutated,PertCortex_4_CTAAGACGTTCAGGCC,4.178971104424032
5716,0.6521950516715992,4__mutated,PertCortex_4_CTAAGACTCGGTTCGG,1.8169450397748765
5717,0.2637012709264154,4__mutated,PertCortex_4_CTAATGGAGACAGAGA,3.8261665243610303
5718,0.2381404113849503,4__mutated,PertCortex_4_CTAATGGAGGTGGGTT,3.816341049744862
5719,0.457559312727841,4__mutated,PertCortex_4_CTAATGGGTTCGGGCT,2.754632030486985
5720,0.22192546721969622,4__mutated,PertCortex_4_CTAATGGGTTTGTTGG,3.622559194165899
5721,0.5481880214529427,4__mutated,PertCortex_4_CTAATGGTCAGCGACC,2.838843020209346
5722,0.10335734544433174,4__mutated,PertCortex_4_CTAATGGTCCTCGCAT,5.081361498491108
5723,0.1456346880762234,4__mutated,PertCortex_4_CTACACCAGGATATAC,5.159925433207538
5724,0.09936739457531207,4__mutated,PertCortex_4_CTACACCCAAGGTGTG,5.49176214923325
5725,0.1606370161251442,4__mutated,PertCortex_4_CTACACCGTTCGCTAA,5.698472757420246
5726,0.23529017666196275,4__mutated,PertCortex_4_CTACACCTCAAACCGT,3.911145154010852
5727,0.2942445778935824,4__mutated,PertCortex_4_CTACACCTCTTACCGC,3.8596022712680536
5728,0.31159906431321255,4__mutated,PertCortex_4_CTACATTAGCACAGGT,4.540558593234181
5729,0.2955143926805039,4__mutated,PertCortex_4_CTACATTCAAGTCTAC,4.345506785953128
5730,0.2155723958407852,4__mutated,PertCortex_4_CTACATTGTCGGATCC,3.9317069634220387
5731,0.23788618212636436,4__mutated,PertCortex_4_CTACATTGTGCGATAG,3.4219127043997393
5732,0.34851009418088325,4__mutated,PertCortex_4_CTACATTTCTAACTCT,3.4398357540464173
5733,0.29363164904637884,4__mutated,PertCortex_4_CTACATTTCTCTGCTG,4.34543177481537
5734,0.15530161137684917,4__mutated,PertCortex_4_CTACATTTCTGTACGA,4.705109525851444
5735,0.6333035305705915,4__mutated,PertCortex_4_CTACCCAAGACACTAA,2.2238145692001496
5736,0.22739151970309968,4__mutated,PertCortex_4_CTACCCAAGACTTTCG,5.1185394818791625
5737,0.2590297052141437,4__mutated,PertCortex_4_CTACCCAGTCGCATCG,4.4227310986400425
5738,0.5735485887560023,4__mutated,PertCortex_4_CTACCCATCAGTCAGT,2.372904000251078
5739,0.09898564769280566,4__mutated,PertCortex_4_CTACCCATCTACGAGT,2.896880714437375
5740,0.11283456249902327,4__mutated,PertCortex_4_CTACCCATCTGGCGAC,2.7114389211246333
5741,0.18115402890369842,4__mutated,PertCortex_4_CTACGTCAGCTGGAAC,2.9967212546691417
5742,0.3015192065267009,4__mutated,PertCortex_4_CTACGTCAGGTAGCCA,2.842363794743266
5743,0.16275359260605948,4__mutated,PertCortex_4_CTACGTCGTCTCTTTA,4.068667497194489
5744,0.22927249611688286,4__mutated,PertCortex_4_CTACGTCTCCACGACG,3.589151976967014
5745,0.14063839238612333,4__mutated,PertCortex_4_CTACGTCTCCTCCTAG,3.7640931164998874
5746,0.4603112578719735,4__mutated,PertCortex_4_CTAGAGTCATGCCCGA,2.3271517957295673
5747,0.3183696081533496,4__mutated,PertCortex_4_CTAGAGTGTGCTTCTC,2.397715642365607
5748,0.13742844377937602,4__mutated,PertCortex_4_CTAGAGTTCTTCATGT,4.757873369591923
5749,0.5234693626439799,4__mutated,PertCortex_4_CTAGCCTAGTATCTCG,2.792156752596523
5750,0.24201914809429304,4__mutated,PertCortex_4_CTAGCCTCAATGGAAT,4.0327019934321235
5751,0.1784541518401169,4__mutated,PertCortex_4_CTAGCCTGTCATTAGC,4.864805256737851
5752,0.3045311551993358,4__mutated,PertCortex_4_CTAGCCTGTCCGTCAG,3.99153038562391
5753,0.21246898220053523,4__mutated,PertCortex_4_CTAGCCTGTGTCCTCT,3.0064317526627593
5754,0.16236515637498974,4__mutated,PertCortex_4_CTAGCCTGTTGGAGGT,3.8421751991557547
5755,0.1623869433076048,4__mutated,PertCortex_4_CTAGTGAAGAGTAATC,4.559282646041498
5756,0.11849888178798672,4__mutated,PertCortex_4_CTAGTGAAGATGAGAG,4.121577392604853
5757,0.23548764434709646,4__mutated,PertCortex_4_CTAGTGAGTATGAATG,3.6801014737965305
5758,0.1320597859701044,4__mutated,PertCortex_4_CTAGTGAGTTCGTCTC,4.093748849988288
5759,0.11378114408603232,4__mutated,PertCortex_4_CTAGTGATCTACTTAC,5.201663636296725
5760,0.553571041722982,4__mutated,PertCortex_4_CTCACACAGGGAAACA,2.3850459542159608
5761,0.1693450376718927,4__mutated,PertCortex_4_CTCACACAGGTGACCA,4.367104196357068
5762,0.10929407049542199,4__mutated,PertCortex_4_CTCACACCAAGTCTGT,4.690913153439382
5763,0.3675459956899676,4__mutated,PertCortex_4_CTCACACGTACACCGC,2.3598687693584157
5764,0.21853681872804404,4__mutated,PertCortex_4_CTCACACGTATATCCG,4.951573413533578
5765,0.22831117154690642,4__mutated,PertCortex_4_CTCACACGTCTCGTTC,3.5697779395336062
5766,0.19858106426542751,4__mutated,PertCortex_4_CTCACACTCAGGTTCA,3.951759568565668
5767,0.23544165568770467,4__mutated,PertCortex_4_CTCAGAAAGCAAATCA,3.3691182441134435
5768,0.6382070097422387,4__mutated,PertCortex_4_CTCAGAACAGGATCGA,2.1673660096723912
5769,0.2324427666600025,4__mutated,PertCortex_4_CTCAGAACAGTTCATG,3.037955118262999
5770,0.11347806837516325,4__mutated,PertCortex_4_CTCAGAACATCCGGGT,4.661965108742397
5771,0.31151252467087215,4__mutated,PertCortex_4_CTCAGAAGTCGAATCT,4.213686448356197
5772,0.17822276078908705,4__mutated,PertCortex_4_CTCAGAATCAATCTCT,4.847007868239181
5773,0.24222010759444154,4__mutated,PertCortex_4_CTCAGAATCATCTGTT,4.864247386156615
5774,0.15034487627294668,4__mutated,PertCortex_4_CTCAGAATCGCGATCG,3.5003329359333186
5775,0.2217298169069308,4__mutated,PertCortex_4_CTCATTAAGGACCACA,4.67724409149727
5776,0.2885476188104965,4__mutated,PertCortex_4_CTCATTAAGGTGATTA,4.547646038497351
5777,0.21196708875616807,4__mutated,PertCortex_4_CTCATTAGTCTGATTG,3.80295007970962
5778,0.22341500457176114,4__mutated,PertCortex_4_CTCATTATCATCGCTC,2.9604956124982844
5779,0.22685837269280323,4__mutated,PertCortex_4_CTCATTATCCACTGGG,4.446130972893178
5780,0.41845605063299945,4__mutated,PertCortex_4_CTCATTATCTTTCCTC,2.63294465449094
5781,0.0418266771624698,4__mutated,PertCortex_4_CTCCTAGAGCTAGTCT,4.073606775697118
5782,0.25431402951311094,4__mutated,PertCortex_4_CTCCTAGCAAGGCTCC,3.4799680176736874
5783,0.18243606046311409,4__mutated,PertCortex_4_CTCCTAGCAAGTAATG,4.11582014303255
5784,0.18508167510629162,4__mutated,PertCortex_4_CTCCTAGCACAGCGTC,2.617034604418949
5785,0.0936048718775552,4__mutated,PertCortex_4_CTCCTAGGTGCACGAA,4.82799786607764
5786,0.24904595651735642,4__mutated,PertCortex_4_CTCCTAGGTTAGATGA,3.6288781362651745
5787,0.2788812044481929,4__mutated,PertCortex_4_CTCGAAAAGAGGACGG,3.1576608575013485
5788,0.1684630514480223,4__mutated,PertCortex_4_CTCGAAAAGATGCCTT,4.137853876371195
5789,0.3075303971340921,4__mutated,PertCortex_4_CTCGAAAAGTGTTTGC,3.973656662129887
5790,0.6770265691424334,4__mutated,PertCortex_4_CTCGAAAGTACCGTAT,1.9227188752515134
5791,0.27806146330302417,4__mutated,PertCortex_4_CTCGAAAGTATATCCG,4.676800076064481
5792,-0.00982004610888556,4__mutated,PertCortex_4_CTCGAAAGTTTCCACC,2.520090340444269
5793,0.29017411594079784,4__mutated,PertCortex_4_CTCGAAATCAACCAAC,3.90159780146064
5794,0.20823308296226545,4__mutated,PertCortex_4_CTCGAAATCGATAGAA,3.706271329191666
5795,0.23196705673341678,4__mutated,PertCortex_4_CTCGAAATCGTCTGCT,4.1173862125346
5796,0.15911514471630317,4__mutated,PertCortex_4_CTCGAGGAGAAGGGTA,2.395032927824206
5797,0.1708108857250767,4__mutated,PertCortex_4_CTCGAGGCAACAACCT,3.481437615083579
5798,0.14350971828473189,4__mutated,PertCortex_4_CTCGAGGCACACCGAC,4.7143412081680065
5799,0.30461947266112666,4__mutated,PertCortex_4_CTCGAGGGTCTTTCAT,4.547119430113971
5800,0.21540875153983094,4__mutated,PertCortex_4_CTCGAGGGTGCACTTA,3.9683361025406323
5801,0.23833092345758428,4__mutated,PertCortex_4_CTCGGAGAGGAGTCTG,4.671870006390932
5802,0.07727309731655134,4__mutated,PertCortex_4_CTCGGAGCACAGGAGT,3.7793942288558386
5803,0.151086550601368,4__mutated,PertCortex_4_CTCGGAGCAGTTAACC,4.939710132797455
5804,0.1377199714310213,4__mutated,PertCortex_4_CTCGGAGTCACTTACT,4.796048893649016
5805,0.3281629326091013,4__mutated,PertCortex_4_CTCGGGAAGATCCGAG,3.4389147085198286
5806,0.480091666848897,4__mutated,PertCortex_4_CTCGGGACATATGCTG,2.3156857929365917
5807,0.20966262055402196,4__mutated,PertCortex_4_CTCGGGACATTCCTGC,3.3365471118300487
5808,0.1441003315144138,4__mutated,PertCortex_4_CTCGGGAGTCGCGTGT,5.491516293964932
5809,0.22609200553843545,4__mutated,PertCortex_4_CTCGGGAGTGCAGACA,2.385908192789803
5810,0.2570278960006519,4__mutated,PertCortex_4_CTCGGGAGTTGGAGGT,4.69438296976295
5811,0.6187103892780005,4__mutated,PertCortex_4_CTCGTACAGAATGTTG,2.1870816485612297
5812,0.2883357180207828,4__mutated,PertCortex_4_CTCGTACAGCCAGAAC,3.9999325735091333
5813,0.1668795094244321,4__mutated,PertCortex_4_CTCGTACCACATCCGG,4.189678120578607
5814,0.22396600947102285,4__mutated,PertCortex_4_CTCGTACCATACTCTT,2.414689789766989
5815,0.2459867076899079,4__mutated,PertCortex_4_CTCGTACGTCGACTGC,3.390451909351534
5816,0.12667934072757106,4__mutated,PertCortex_4_CTCGTACGTCTCATCC,5.568104916972622
5817,0.190692803197097,4__mutated,PertCortex_4_CTCGTACTCATGCAAC,4.493571959469505
5818,0.23295918855034123,4__mutated,PertCortex_4_CTCGTACTCTCTGAGA,2.4663743500979547
5819,0.24078036111471135,4__mutated,PertCortex_4_CTCGTCAAGAGCAATT,4.353506264694577
5820,0.2464562653012847,4__mutated,PertCortex_4_CTCGTCAAGGACGAAA,3.9803827241111835
5821,0.29926972242134536,4__mutated,PertCortex_4_CTCGTCAAGTGGGCTA,3.4119876811705305
5822,0.18139909655782274,4__mutated,PertCortex_4_CTCGTCACAGGACGTA,4.664277972514507
5823,0.31167735578338274,4__mutated,PertCortex_4_CTCGTCATCATCTGTT,4.358132402932547
5824,0.027947641932527904,4__mutated,PertCortex_4_CTCTAATAGAAGCCCA,3.860593128585396
5825,0.16980318132364527,4__mutated,PertCortex_4_CTCTAATAGCTCCCAG,5.004705372294544
5826,0.45639987233970875,4__mutated,PertCortex_4_CTCTAATGTGTCCTCT,2.2975267769007237
5827,0.25753082813575756,4__mutated,PertCortex_4_CTCTAATTCTCAACTT,3.55863119578409
5828,0.13940258373739278,4__mutated,PertCortex_4_CTCTAATTCTGTCTAT,5.176211652449225
5829,0.28339294264297205,4__mutated,PertCortex_4_CTCTAATTCTTCATGT,3.973021647121931
5830,0.15191458564960195,4__mutated,PertCortex_4_CTCTACGAGTAGGTGC,3.51430408846495
5831,0.21554329941400877,4__mutated,PertCortex_4_CTCTACGGTGAGTATA,3.809584906971222
5832,0.6047736144648076,4__mutated,PertCortex_4_CTCTACGTCATAGCAC,2.2112670434814716
5833,0.3066872546306338,4__mutated,PertCortex_4_CTCTGGTAGTTAACGA,3.7802742553617197
5834,0.6644806728030566,4__mutated,PertCortex_4_CTCTGGTCAAGCGTAG,2.0112124292740603
5835,0.21144299937216368,4__mutated,PertCortex_4_CTCTGGTCAATGTAAG,4.648109381175184
5836,0.22247872461591137,4__mutated,PertCortex_4_CTCTGGTCATCTATGG,4.1137338586722
5837,0.1944540221642483,4__mutated,PertCortex_4_CTCTGGTGTGTCAATC,3.758264790474738
5838,0.32166730915549585,4__mutated,PertCortex_4_CTCTGGTGTTCTGGTA,4.090003546308776
5839,0.306559244568528,4__mutated,PertCortex_4_CTCTGGTTCCACGCAG,4.298485839139928
5840,0.2310166636583977,4__mutated,PertCortex_4_CTCTGGTTCGTACCGG,3.1905065780441384
5841,0.20556433187463719,4__mutated,PertCortex_4_CTCTGGTTCTACTTAC,4.389196641487671
5842,0.30920184382351074,4__mutated,PertCortex_4_CTGAAACAGCACCGCT,4.39832828264654
5843,0.24235420383694312,4__mutated,PertCortex_4_CTGAAACAGCGTCAAG,4.303528789915244
5844,0.2191326069522461,4__mutated,PertCortex_4_CTGAAACCATTTGCCC,4.790500521232507
5845,0.3661591216884969,4__mutated,PertCortex_4_CTGAAACTCCGCAAGC,2.3905627747586733
5846,0.15653128909780503,4__mutated,PertCortex_4_CTGAAACTCCGTAGGC,4.403783377577849
5847,0.3495321467210195,4__mutated,PertCortex_4_CTGAAACTCTCACATT,3.3023934419277188
5848,0.11543992867738734,4__mutated,PertCortex_4_CTGAAGTTCTGATTCT,4.896590490112307
5849,0.687799175597017,4__mutated,PertCortex_4_CTGATAGAGGACAGCT,1.6711753622400742
5850,0.2782029365357258,4__mutated,PertCortex_4_CTGATAGCAGCTCCGA,2.898382102028091
5851,0.31594141509734786,4__mutated,PertCortex_4_CTGATAGCATACCATG,3.8195874399280467
5852,0.03503586651133315,4__mutated,PertCortex_4_CTGATAGTCAACACAC,5.01462710219268
5853,0.06068751091775395,4__mutated,PertCortex_4_CTGATAGTCTGTACGA,4.145174997169865
5854,0.19600990294549,4__mutated,PertCortex_4_CTGATAGTCTTCCTTC,3.7903081490116293
5855,0.14462665748581707,4__mutated,PertCortex_4_CTGATCCAGAAACCAT,5.66532976559939
5856,0.274755902505599,4__mutated,PertCortex_4_CTGATCCAGCGTAGTG,3.650291249884578
5857,0.1802482539120574,4__mutated,PertCortex_4_CTGATCCCAAATCCGT,3.183882186650269
5858,0.2289486535256045,4__mutated,PertCortex_4_CTGATCCCACAGTCGC,3.2977950177955253
5859,0.22266197123432954,4__mutated,PertCortex_4_CTGATCCCATGTAAGA,3.095155733224057
5860,0.25070859186489175,4__mutated,PertCortex_4_CTGATCCGTCTGCAAT,3.9017634576760347
5861,0.47706314072043243,4__mutated,PertCortex_4_CTGATCCGTGAGGCTA,2.657588250473989
5862,0.06191300205953889,4__mutated,PertCortex_4_CTGATCCTCCACTCCA,4.107516891254089
5863,0.17584763305670287,4__mutated,PertCortex_4_CTGCCTAAGCCCAACC,3.1976511923009694
5864,0.22328040900190826,4__mutated,PertCortex_4_CTGCCTAAGCCCAGCT,3.234664893383092
5865,0.3376280874984534,4__mutated,PertCortex_4_CTGCCTAAGGATGCGT,3.202633401399807
5866,0.20264531807498123,4__mutated,PertCortex_4_CTGCCTAAGGGTATCG,3.4881745148483896
5867,0.22689319188849055,4__mutated,PertCortex_4_CTGCCTAGTCTCACCT,2.5177943337653863
5868,0.12139307949237713,4__mutated,PertCortex_4_CTGCCTATCACTCTTA,4.478710759669784
5869,0.15498758082644143,4__mutated,PertCortex_4_CTGCGGAGTCAGAATA,4.941071940167527
5870,0.2263174218858649,4__mutated,PertCortex_4_CTGCGGAGTCCAACTA,3.8951150749539662
5871,0.14669654314970584,4__mutated,PertCortex_4_CTGCGGAGTGATGCCC,3.547944652233624
5872,0.09367638646456553,4__mutated,PertCortex_4_CTGCGGATCTGATACG,4.519329239328465
5873,0.3593951424458318,4__mutated,PertCortex_4_CTGCTGTCAGGCGATA,2.3195497081887324
5874,0.320913069225638,4__mutated,PertCortex_4_CTGCTGTCATAAAGGT,3.3883494643143384
5875,0.21988595890776166,4__mutated,PertCortex_4_CTGGTCTAGACCTTTG,4.475837968282147
5876,0.08513307855381852,4__mutated,PertCortex_4_CTGGTCTAGTTACCCA,3.5814809336529434
5877,0.19746123528240161,4__mutated,PertCortex_4_CTGGTCTGTGACGCCT,5.068816455121798
5878,0.09935613266712387,4__mutated,PertCortex_4_CTGTGCTGTAGCGTAG,4.4894564683246445
5879,0.2344960812272216,4__mutated,PertCortex_4_CTGTGCTTCATGTGGT,2.2602785978387283
5880,0.2818124409595863,4__mutated,PertCortex_4_CTGTGCTTCTGCGTAA,3.9133557620888033
5881,0.1753113322001977,4__mutated,PertCortex_4_CTGTTTAAGAGGGATA,3.3009163168499183
5882,0.2512302814602391,4__mutated,PertCortex_4_CTGTTTAAGTCTCCTC,4.246596904432922
5883,0.23763545599135788,4__mutated,PertCortex_4_CTGTTTACACACTGCG,3.790032489930492
5884,0.11951473910411198,4__mutated,PertCortex_4_CTGTTTACAGTATGCT,3.926503714211746
5885,0.14792259943364738,4__mutated,PertCortex_4_CTGTTTACATTAGGCT,3.7101450210820124
5886,0.29044579911391644,4__mutated,PertCortex_4_CTGTTTAGTCGAATCT,4.69188400893653
5887,0.17126532030260436,4__mutated,PertCortex_4_CTGTTTATCTAACTCT,3.104382701845071
5888,0.5927876923709381,4__mutated,PertCortex_4_CTGTTTATCTTTACAC,1.7945776132955573
5889,0.12544105111948,4__mutated,PertCortex_4_CTTAACTAGAGCCTAG,4.6399988854656025
5890,0.16278918260409503,4__mutated,PertCortex_4_CTTAACTAGCTAACTC,3.9713452913458296
5891,0.2651523463789598,4__mutated,PertCortex_4_CTTAACTAGGGTGTTG,3.5473191918017113
5892,0.05521896046004902,4__mutated,PertCortex_4_CTTAACTAGTGAAGTT,2.046154773800538
5893,0.19200189277049587,4__mutated,PertCortex_4_CTTAACTCATAAGACA,3.181671852384794
5894,0.08319592734697036,4__mutated,PertCortex_4_CTTAACTGTACCCAAT,3.281995119371627
5895,0.08239401184846142,4__mutated,PertCortex_4_CTTAACTGTCATATGC,4.264487263459745
5896,0.3216842370433223,4__mutated,PertCortex_4_CTTAACTGTCTAGCGC,3.3157641404509786
5897,0.06582863409593587,4__mutated,PertCortex_4_CTTAACTGTGTGAAAT,3.2190122082199437
5898,0.07460624856932835,4__mutated,PertCortex_4_CTTAACTGTTCGTGAT,3.6148789334229714
5899,0.2308346302042714,4__mutated,PertCortex_4_CTTAACTTCGGAATCT,3.2874423954818335
5900,0.20752608278235785,4__mutated,PertCortex_4_CTTAACTTCTGATACG,2.82244315862899
5901,0.08941718567680215,4__mutated,PertCortex_4_CTTACCGAGAACTGTA,4.875596549749338
5902,0.16346272498475756,4__mutated,PertCortex_4_CTTACCGAGAATCTCC,5.420121647479042
5903,0.09246022654812651,4__mutated,PertCortex_4_CTTACCGAGCCTTGAT,4.688119453334786
5904,0.09885580759526175,4__mutated,PertCortex_4_CTTACCGAGCTGAACG,4.278598337831014
5905,0.293095062482433,4__mutated,PertCortex_4_CTTACCGAGGCTAGAC,2.9531823090661473
5906,0.27261483926292296,4__mutated,PertCortex_4_CTTACCGCACTAAGTC,3.186461016624565
5907,0.27098159519009857,4__mutated,PertCortex_4_CTTACCGGTATTACCG,4.0524411872929225
5908,0.10741253238218597,4__mutated,PertCortex_4_CTTACCGGTTAAGTAG,3.634303133731945
5909,0.15244564576991776,4__mutated,PertCortex_4_CTTACCGTCCAAGTAC,4.364876214547004
5910,0.11544223826493154,4__mutated,PertCortex_4_CTTACCGTCGACAGCC,4.6996875119608434
5911,0.05124340066841708,4__mutated,PertCortex_4_CTTAGGAAGAGGTACC,3.6479393814210916
5912,0.06534618129412798,4__mutated,PertCortex_4_CTTAGGAAGATCTGCT,3.6538488548953314
5913,0.35275440506517225,4__mutated,PertCortex_4_CTTAGGACATTCCTCG,2.428550694773269
5914,0.1292803379110318,4__mutated,PertCortex_4_CTTAGGATCAAACCGT,5.452614903995783
5915,0.31628193752843886,4__mutated,PertCortex_4_CTTAGGATCGTGGTCG,4.015307881241296
5916,0.17466447127101917,4__mutated,PertCortex_4_CTTCTCTAGTAACCCT,4.297389244826809
5917,0.26141063756186156,4__mutated,PertCortex_4_CTTCTCTCATTCTCAT,3.6116184695976883
5918,0.2111200511212355,4__mutated,PertCortex_4_CTTCTCTGTACCGCTG,4.329277242035962
5919,0.2024136314811677,4__mutated,PertCortex_4_CTTCTCTGTTTACTCT,4.643341940483863
5920,0.2584823818432041,4__mutated,PertCortex_4_CTTCTCTTCACTCCTG,4.680749626885816
5921,0.15984999672695047,4__mutated,PertCortex_4_CTTCTCTTCCATTCTA,3.1989266762692434
5922,0.2542763321939417,4__mutated,PertCortex_4_CTTGGCTAGGCAGGTT,3.7286370011924657
5923,0.15999004352694673,4__mutated,PertCortex_4_CTTGGCTAGTGGTAAT,5.122556593554584
5924,0.25063239658337333,4__mutated,PertCortex_4_CTTGGCTCACCTCGTT,3.816143333457623
5925,0.11603345927104798,4__mutated,PertCortex_4_CTTGGCTGTCCATCCT,4.53592065547638
5926,0.379314857796014,4__mutated,PertCortex_4_CTTGGCTGTTTAGGAA,3.297003188191851
5927,0.1105497215870339,4__mutated,PertCortex_4_CTTGGCTTCCACGTGG,4.386589580692585
5928,0.3898059356898322,4__mutated,PertCortex_4_CTTGGCTTCGAGCCCA,3.079301630302535
5929,0.1645173162639754,4__mutated,PertCortex_4_CTTGGCTTCTATGTGG,4.7215733469241545
5930,0.347673940481196,4__mutated,PertCortex_4_CTTTGCGAGACGCAAC,2.319972260321887
5931,0.17604396311194315,4__mutated,PertCortex_4_CTTTGCGAGTCCATAC,4.270751773727586
5932,0.13117442179835906,4__mutated,PertCortex_4_CTTTGCGCAAGCGCTC,4.039625810383862
5933,0.09909206868748173,4__mutated,PertCortex_4_CTTTGCGGTGTTGGGA,4.680766691401974
5934,0.14203110687811502,4__mutated,PertCortex_4_CTTTGCGGTTATGCGT,5.238009061973403
5935,0.18450360176882677,4__mutated,PertCortex_4_GAAACTCAGCCTTGAT,4.037145555974149
5936,0.18081187471935617,4__mutated,PertCortex_4_GAAACTCAGCTCAACT,4.719837004693066
5937,0.14857209784638226,4__mutated,PertCortex_4_GAAACTCCAGATGGGT,4.7796024978628395
5938,0.1803902471888276,4__mutated,PertCortex_4_GAAATGAAGAAACCGC,4.2818112599570926
5939,0.18934858161521312,4__mutated,PertCortex_4_GAAATGAAGTAGGCCA,4.691566905311846
5940,0.15804763433302993,4__mutated,PertCortex_4_GAAATGAAGTTTCCTT,4.689844280767317
5941,0.07835111025753953,4__mutated,PertCortex_4_GAAATGACATAGGATA,4.711255042306908
5942,0.2324297528063467,4__mutated,PertCortex_4_GAAATGACATGGAATA,3.8572316653148384
5943,0.1633380210403192,4__mutated,PertCortex_4_GAAATGACATTCCTGC,3.2833474569222463
5944,0.19558868532404827,4__mutated,PertCortex_4_GAAATGATCCTGCAGG,4.631198303596435
5945,0.214882744696834,4__mutated,PertCortex_4_GAACATCAGTACGCGA,3.560420063715943
5946,0.2636467366673082,4__mutated,PertCortex_4_GAACATCCAGGATCGA,4.487594986472739
5947,0.19279979986878687,4__mutated,PertCortex_4_GAACATCCATGCAACT,4.753463153718672
5948,0.19765994879454055,4__mutated,PertCortex_4_GAACATCCATGCGCAC,4.736623799540038
5949,0.24804281577316165,4__mutated,PertCortex_4_GAACATCGTCGCGGTT,4.583436584978821
5950,0.14789355411517385,4__mutated,PertCortex_4_GAACATCGTGCAACGA,3.6426936522348323
5951,0.5940268900196999,4__mutated,PertCortex_4_GAACATCTCACCTCGT,1.8976683079926333
5952,0.1643061709280889,4__mutated,PertCortex_4_GAACATCTCCCTTGCA,3.428302691619964
5953,0.15244490492643425,4__mutated,PertCortex_4_GAACATCTCTACTCAT,4.223973814728032
5954,0.06785150340635485,4__mutated,PertCortex_4_GAACCTAGTACACCGC,4.202994527723038
5955,0.5450150888098995,4__mutated,PertCortex_4_GAACCTATCAAACGGG,2.214140857616871
5956,0.16565914250730887,4__mutated,PertCortex_4_GAACGGAAGCCACCTG,3.2776715024676384
5957,0.18678608349841225,4__mutated,PertCortex_4_GAACGGAAGCTGCGAA,3.8266031346965255
5958,0.3939052825555503,4__mutated,PertCortex_4_GAACGGAAGTGGAGAA,2.901939301579543
5959,0.16419285677291784,4__mutated,PertCortex_4_GAACGGACAAGGTTTC,4.251998013469272
5960,0.2078871563613509,4__mutated,PertCortex_4_GAACGGACACCAGCAC,4.744596697057632
5961,0.37491041159946337,4__mutated,PertCortex_4_GAACGGACAGGCTGAA,2.845196301696328
5962,0.07428693750929496,4__mutated,PertCortex_4_GAACGGAGTTTGGCGC,4.545636118707611
5963,0.15151634919531626,4__mutated,PertCortex_4_GAAGCAGAGTGCTGCC,3.632593515189504
5964,0.6765049300260858,4__mutated,PertCortex_4_GAAGCAGCAAACCTAC,1.8846479343928517
5965,0.28409920013009415,4__mutated,PertCortex_4_GAAGCAGGTAAGTGGC,2.7909497286705363
5966,0.11934761390377235,4__mutated,PertCortex_4_GAAGCAGGTGATAAAC,4.1094636289076485
5967,0.6057683442441482,4__mutated,PertCortex_4_GAAGCAGTCCCAACGG,2.035140243046036
5968,0.13024884169041784,4__mutated,PertCortex_4_GAATAAGAGACACTAA,5.087980428410894
5969,0.20347961604268955,4__mutated,PertCortex_4_GAATAAGCAGGACGTA,3.8587196898577005
5970,0.3419212634546865,4__mutated,PertCortex_4_GAATAAGGTACCAGTT,2.649138984359724
5971,0.17080009682680125,4__mutated,PertCortex_4_GAATAAGGTGCCTGTG,4.601891986204297
5972,0.2045425665600474,4__mutated,PertCortex_4_GAATAAGGTGGTTTCA,3.626314499034727
5973,0.30847298374756543,4__mutated,PertCortex_4_GAATAAGTCCTGCCAT,3.5689553019079225
5974,0.6372169077312205,4__mutated,PertCortex_4_GAATGAACAAGCTGAG,2.1014725374727243
5975,0.14013519001948388,4__mutated,PertCortex_4_GAATGAACAAGGACTG,4.288614186438637
5976,0.1123513538420502,4__mutated,PertCortex_4_GAATGAACAATCGAAA,5.746089799583806
5977,0.1406596817090887,4__mutated,PertCortex_4_GAATGAAGTATTCGTG,3.1535147470112004
5978,0.11867721070525465,4__mutated,PertCortex_4_GAATGAAGTATTCTCT,3.6944657292896883
5979,0.23330448461945397,4__mutated,PertCortex_4_GAATGAAGTCAGAATA,4.654377187455844
5980,0.1560604251009363,4__mutated,PertCortex_4_GAATGAAGTTGGGACA,3.788197690546725
5981,0.15521857328737249,4__mutated,PertCortex_4_GAATGAATCCGAATGT,4.47898663851771
5982,0.14822091966730105,4__mutated,PertCortex_4_GACACGCAGCACAGGT,3.1017298738581496
5983,0.3148034427711736,4__mutated,PertCortex_4_GACACGCGTCACACGC,4.222884174044253
5984,0.40223266979546957,4__mutated,PertCortex_4_GACACGCGTCATATCG,3.6684091668692944
5985,0.25702794379341304,4__mutated,PertCortex_4_GACACGCGTGCAGGTA,3.0959776617685146
5986,0.24246978192645127,4__mutated,PertCortex_4_GACACGCGTTACGACT,4.46285906967073
5987,0.2622307632586878,4__mutated,PertCortex_4_GACACGCTCCGTAGTA,4.321870156296944
5988,0.24033861790489802,4__mutated,PertCortex_4_GACACGCTCTGCTGCT,3.974357647545019
5989,0.16543125088246496,4__mutated,PertCortex_4_GACAGAGCATCTATGG,4.206279470678785
5990,0.3381744806401714,4__mutated,PertCortex_4_GACAGAGGTCCAGTTA,2.7764569233825314
5991,0.2672279302997355,4__mutated,PertCortex_4_GACAGAGTCGCGGATC,3.8881615561480576
5992,0.5566117176979851,4__mutated,PertCortex_4_GACCAATAGAGGGCTT,1.8691642399778812
5993,0.17132461762138046,4__mutated,PertCortex_4_GACCAATAGTACCGGA,2.4735966380655894
5994,0.1525688158299221,4__mutated,PertCortex_4_GACCAATCACATGGGA,3.2884911465198403
5995,0.21815874572621938,4__mutated,PertCortex_4_GACCTGGGTATGGTTC,4.76674607407608
5996,0.265423810228768,4__mutated,PertCortex_4_GACCTGGTCCGCATCT,4.6780039508133635
5997,0.2777189630121035,4__mutated,PertCortex_4_GACCTGGTCGCAAGCC,2.929972419455345
5998,0.22429290568241395,4__mutated,PertCortex_4_GACGCGTCATCCAACA,4.633382999579027
5999,0.30039893494378433,4__mutated,PertCortex_4_GACGCGTGTGCCTGGT,4.67562630190106
6000,0.1203177058153442,4__mutated,PertCortex_4_GACGCGTTCAACACTG,3.3743048002561227
6001,0.1201612598782163,4__mutated,PertCortex_4_GACGCGTTCCCTAACC,4.801457718124575
6002,0.24460012176893614,4__mutated,PertCortex_4_GACGCGTTCCTAGTGA,4.788460136414274
6003,0.128626342700354,4__mutated,PertCortex_4_GACGCGTTCTGGAGCC,3.1978677724839644
6004,0.2080746122716525,4__mutated,PertCortex_4_GACGGCTAGATGCCAG,4.763680915592879
6005,0.19641431358215147,4__mutated,PertCortex_4_GACGGCTCAGGATTGG,3.262026905612254
6006,0.3227094804804532,4__mutated,PertCortex_4_GACGGCTTCATTGCCC,2.6217882046520757
6007,0.21030438579804767,4__mutated,PertCortex_4_GACGTGCAGACTTTCG,3.6571138666477228
6008,0.1981363258924883,4__mutated,PertCortex_4_GACGTGCAGCTCCCAG,2.991719573470553
6009,0.3318179663006776,4__mutated,PertCortex_4_GACGTGCAGGCGACAT,4.162982266441878
6010,0.17356951411039329,4__mutated,PertCortex_4_GACGTGCAGTGATCGG,5.09539880484423
6011,0.06834866926954337,4__mutated,PertCortex_4_GACGTGCGTACCGTAT,4.099703284669728
6012,0.2513724965733889,4__mutated,PertCortex_4_GACGTGCTCGTAGATC,4.800122273620159
6013,0.1653890983370138,4__mutated,PertCortex_4_GACGTTAAGCTCTCGG,5.109188911656259
6014,0.17997552493510877,4__mutated,PertCortex_4_GACGTTACAGGTCTCG,4.1109729101254855
6015,0.15806017497597183,4__mutated,PertCortex_4_GACGTTAGTACTCTCC,3.592315868678092
6016,0.3486568915066159,4__mutated,PertCortex_4_GACGTTATCAAGATCC,2.74273699013836
6017,0.14401115359075958,4__mutated,PertCortex_4_GACGTTATCGAACGGA,5.667984547764207
6018,0.22820697074029356,4__mutated,PertCortex_4_GACTAACAGGATGGTC,4.331077562828461
6019,0.09782438451300099,4__mutated,PertCortex_4_GACTAACGTGAAGGCT,4.873510691271087
6020,0.27131602289452095,4__mutated,PertCortex_4_GACTAACTCCGCATAA,4.526662361918598
6021,0.46347486782436503,4__mutated,PertCortex_4_GACTAACTCTGGAGCC,2.1007401635853267
6022,0.10377699703607249,4__mutated,PertCortex_4_GACTACAAGATCCCAT,4.951417077230059
6023,0.28016870276755323,4__mutated,PertCortex_4_GACTACACAAAGCGGT,3.778507416234379
6024,0.31870622153679856,4__mutated,PertCortex_4_GACTACACAAGTCTGT,3.5558914081583044
6025,0.17708892940233842,4__mutated,PertCortex_4_GACTACACAGGACCCT,4.394621166929515
6026,0.0870357216945119,4__mutated,PertCortex_4_GACTACAGTCAACATC,3.9865963876074946
6027,0.26029621573861966,4__mutated,PertCortex_4_GACTACAGTCCGAAGA,3.4018974023878243
6028,0.27624400982644215,4__mutated,PertCortex_4_GACTACAGTGGTACAG,3.7894628874406484
6029,0.39536547653296694,4__mutated,PertCortex_4_GACTACAGTGTGCGTC,2.987494738110316
6030,0.16283143986507323,4__mutated,PertCortex_4_GACTACATCCTTTCTC,5.032771489631565
6031,0.11656926461323602,4__mutated,PertCortex_4_GACTACATCGGAATCT,3.7982439862313484
6032,0.07248314423254959,4__mutated,PertCortex_4_GACTGCGAGACGACGT,2.5771659478376523
6033,0.23758049060721684,4__mutated,PertCortex_4_GACTGCGAGGGATACC,3.9456234543710242
6034,0.23992323222421577,4__mutated,PertCortex_4_GACTGCGCAAAGGAAG,3.4449376758517736
6035,0.14955996016998954,4__mutated,PertCortex_4_GACTGCGCAACGCACC,3.6401982611891497
6036,0.22044088199680603,4__mutated,PertCortex_4_GACTGCGCACGGTAAG,3.9761996371239667
6037,0.2924317998465912,4__mutated,PertCortex_4_GACTGCGGTAGCCTCG,3.2265726014636313
6038,0.14293112538351377,4__mutated,PertCortex_4_GACTGCGTCAAGATCC,4.776429752327205
6039,0.14613611213567346,4__mutated,PertCortex_4_GACTGCGTCGCTGATA,4.760285839195964
6040,0.4892783676723769,4__mutated,PertCortex_4_GAGCAGAAGGGATGGG,2.3447711046774384
6041,0.13014919371806816,4__mutated,PertCortex_4_GAGCAGACACTTAACG,4.639213015715168
6042,0.24611401931937507,4__mutated,PertCortex_4_GAGCAGAGTAAATGAC,3.9937871769065993
6043,0.3447480828591763,4__mutated,PertCortex_4_GAGCAGAGTAAGAGAG,3.451036234361312
6044,0.2748815778695387,4__mutated,PertCortex_4_GAGCAGAGTTCCTCCA,4.59697571876137
6045,0.23600547818214626,4__mutated,PertCortex_4_GAGCAGAGTTGCCTCT,4.064435605592125
6046,0.21659009845633265,4__mutated,PertCortex_4_GAGGTGACATAGAAAC,5.0793028797914
6047,0.08263614417950431,4__mutated,PertCortex_4_GAGGTGAGTAAAGTCA,4.248389448164557
6048,0.15368393150006898,4__mutated,PertCortex_4_GAGGTGAGTGTGTGCC,3.73982464740868
6049,0.14334705038163836,4__mutated,PertCortex_4_GAGTCCGAGATATGGT,4.655015906940094
6050,0.3016776574966905,4__mutated,PertCortex_4_GAGTCCGAGCTGCAAG,2.916355176617984
6051,0.54438952018041,4__mutated,PertCortex_4_GAGTCCGAGTTACCCA,2.389888035523564
6052,0.19895775920687458,4__mutated,PertCortex_4_GAGTCCGCAAGGCTCC,4.186689693276205
6053,0.18650976338301395,4__mutated,PertCortex_4_GAGTCCGCAATGCCAT,4.156146153299474
6054,0.3270489588883505,4__mutated,PertCortex_4_GAGTCCGGTGGTAACG,4.547290175511891
6055,0.1421336259088746,4__mutated,PertCortex_4_GAGTCCGGTTACGCGC,4.50250154801715
6056,0.3430887833771004,4__mutated,PertCortex_4_GAGTCCGTCTTACCTA,3.4054643507199343
6057,0.13315145011609325,4__mutated,PertCortex_4_GATCAGTAGAATCTCC,5.020176518415378
6058,0.12829703995502167,4__mutated,PertCortex_4_GATCAGTAGACCCACC,4.8545204711547125
6059,0.21213322718832772,4__mutated,PertCortex_4_GATCAGTAGCTATGCT,4.575580563510582
6060,0.11224915672081621,4__mutated,PertCortex_4_GATCAGTCACCTCGTT,3.3433922151674955
6061,0.13726138029402907,4__mutated,PertCortex_4_GATCAGTCATATACCG,4.983351229622642
6062,0.2329757211198563,4__mutated,PertCortex_4_GATCGATAGCGACGTA,5.0672935204450535
6063,0.2870416416296082,4__mutated,PertCortex_4_GATCGATCAAGCTGTT,2.8216243850797125
6064,0.22389292731938001,4__mutated,PertCortex_4_GATCGATCACCTCGTT,3.468378029747235
6065,0.32297918586372415,4__mutated,PertCortex_4_GATCGATGTCGACTAT,4.495564839146003
6066,0.2539929687919366,4__mutated,PertCortex_4_GATCGATGTCGAGATG,4.956403777356408
6067,0.18909189179373811,4__mutated,PertCortex_4_GATCGATGTTCTCATT,4.330149898059851
6068,0.2428125462012861,4__mutated,PertCortex_4_GATCGCGAGCTGTTCA,4.602310637472443
6069,0.14546161944742497,4__mutated,PertCortex_4_GATCGCGAGGCTAGAC,5.142104247452231
6070,0.2377866292620801,4__mutated,PertCortex_4_GATCGCGCAGCCTTTC,3.0610693820555572
6071,0.11094215434801606,4__mutated,PertCortex_4_GATCGCGTCCTGCCAT,4.949240352791868
6072,0.17015758425929553,4__mutated,PertCortex_4_GATCGTAAGCGATATA,3.086164387635877
6073,0.27972589883230864,4__mutated,PertCortex_4_GATCGTAAGGGTGTGT,3.2990076272791367
6074,0.19347603883857267,4__mutated,PertCortex_4_GATCGTACATCTGGTA,3.5349860471638466
6075,0.2615978737305835,4__mutated,PertCortex_4_GATCGTACATTCTCAT,4.750822525515122
6076,0.18595231296621412,4__mutated,PertCortex_4_GATCGTATCTGAAAGA,3.7663804004890955
6077,0.14244744966191394,4__mutated,PertCortex_4_GATCGTATCTTGTACT,5.031611312042969
6078,0.2793358736072303,4__mutated,PertCortex_4_GATCTAGAGATATACG,4.440454815381385
6079,0.2092034529796672,4__mutated,PertCortex_4_GATCTAGAGGATGGTC,3.8742554806406195
6080,0.14205761711217535,4__mutated,PertCortex_4_GATCTAGAGGCATGTG,4.664371420573945
6081,0.09116888225872805,4__mutated,PertCortex_4_GATCTAGCACCATCCT,4.590070305817867
6082,0.16715929260665444,4__mutated,PertCortex_4_GATCTAGCATCCCATC,4.382143069326839
6083,0.248030381222199,4__mutated,PertCortex_4_GATCTAGTCAGGCCCA,4.584900586426853
6084,0.27128118855949357,4__mutated,PertCortex_4_GATCTAGTCGCCTGAG,4.966987699152238
6085,0.20828121102447283,4__mutated,PertCortex_4_GATGAAAAGAGTCTGG,4.393814954315975
6086,0.1133968805621378,4__mutated,PertCortex_4_GATGAAAAGCTGTTCA,5.2544173665025244
6087,0.24925447271336418,4__mutated,PertCortex_4_GATGAAAAGGAGTACC,4.315871183221614
6088,0.16678806163426868,4__mutated,PertCortex_4_GATGAAAAGTCGCCGT,4.207976890784112
6089,0.22311940978513356,4__mutated,PertCortex_4_GATGAAAGTGCACCAC,3.7674024451710393
6090,0.19217907434426193,4__mutated,PertCortex_4_GATGAAATCCATGCTC,3.6471608757137792
6091,0.11011543386313573,4__mutated,PertCortex_4_GATGAAATCGACGGAA,4.4315746819308535
6092,0.26109133465061735,4__mutated,PertCortex_4_GATGAGGCAAGTAATG,4.725451137387759
6093,0.15413298659036412,4__mutated,PertCortex_4_GATGAGGCAATAACGA,3.3465729276163607
6094,0.23433846334060882,4__mutated,PertCortex_4_GATGAGGCATAGAAAC,3.6395768171249103
6095,0.513384513511625,4__mutated,PertCortex_4_GATGAGGGTTCGCGAC,2.6587907061609
6096,0.5467113478273997,4__mutated,PertCortex_4_GATGAGGGTTTGCATG,2.086149513682355
6097,0.28674227191063295,4__mutated,PertCortex_4_GATGAGGTCACATAGC,3.6290534691710308
6098,0.17557946964826324,4__mutated,PertCortex_4_GATGAGGTCTCTTATG,4.149328829395815
6099,0.2041061354535234,4__mutated,PertCortex_4_GATGCTACATCTCCCA,4.065296607116028
6100,0.11181380931120788,4__mutated,PertCortex_4_GATGCTAGTCTCACCT,4.130923048863533
6101,0.2665676217744698,4__mutated,PertCortex_4_GATGCTAGTTCCACGG,3.1567186849892797
6102,0.35497900877357114,4__mutated,PertCortex_4_GATGCTATCAACGGGA,2.6293482425765045
6103,0.2877147905633494,4__mutated,PertCortex_4_GATTCAGCAACTGCGC,4.7976626324713525
6104,0.18784420716176162,4__mutated,PertCortex_4_GATTCAGCATAAGACA,4.170217552629621
6105,0.2940262874714119,4__mutated,PertCortex_4_GCAAACTAGAGCTGCA,1.9171501612507087
6106,0.6466491550968829,4__mutated,PertCortex_4_GCAAACTAGTCCGTAT,1.9970393078847373
6107,0.15776350915253493,4__mutated,PertCortex_4_GCAAACTCATGCGCAC,3.5766336983557623
6108,0.11121088034601925,4__mutated,PertCortex_4_GCAAACTCATGTTGAC,4.004451515270704
6109,0.2956792583940642,4__mutated,PertCortex_4_GCAAACTTCACGACTA,3.8790039568747203
6110,0.32918289485923463,4__mutated,PertCortex_4_GCAAACTTCTGGCGAC,4.5045673500784424
6111,0.1538573980084858,4__mutated,PertCortex_4_GCAATCAGTACCATCA,4.780776475826331
6112,0.16262453482251676,4__mutated,PertCortex_4_GCAATCAGTCTAAACC,4.068933119453581
6113,0.1289737207395782,4__mutated,PertCortex_4_GCAATCAGTGGGTCAA,4.784280009264934
6114,0.2424176586633512,4__mutated,PertCortex_4_GCAATCATCAAGATCC,4.373541703883998
6115,0.11141324805401775,4__mutated,PertCortex_4_GCAATCATCCAGAAGG,3.8917231626083435
6116,0.4072534326165045,4__mutated,PertCortex_4_GCACATAAGCTAGTTC,2.442426837822867
6117,0.16581757066947064,4__mutated,PertCortex_4_GCACATAAGTTTCCTT,4.683472137283283
6118,0.10050372032740752,4__mutated,PertCortex_4_GCACTCTCAAGTTCTG,4.225886070264162
6119,0.08070925314581555,4__mutated,PertCortex_4_GCACTCTTCAGGTTCA,5.118350589079479
6120,0.222902192611852,4__mutated,PertCortex_4_GCACTCTTCCTGCTTG,5.102609047551025
6121,0.17929190534847558,4__mutated,PertCortex_4_GCACTCTTCTCTTGAT,4.932420119629346
6122,0.1352254563460256,4__mutated,PertCortex_4_GCAGCCAAGGCAGTCA,5.3859097723317735
6123,0.1267305667660656,4__mutated,PertCortex_4_GCAGCCACAAGTTCTG,4.8797264834192555
6124,0.24333093103393222,4__mutated,PertCortex_4_GCAGCCACATAACCTG,4.4677918276552155
6125,0.2031338382485109,4__mutated,PertCortex_4_GCAGCCACATGGAATA,5.338362623180817
6126,0.5791306734796852,4__mutated,PertCortex_4_GCAGCCAGTCCTCCAT,1.9940316063818357
6127,0.15729666258626243,4__mutated,PertCortex_4_GCAGCCAGTGTCTGAT,4.100326920012931
6128,0.1904147955686727,4__mutated,PertCortex_4_GCAGTTAAGTAACCCT,3.7230787494027267
6129,0.2744166417000744,4__mutated,PertCortex_4_GCAGTTACAAAGAATC,3.517950986873484
6130,0.21604271236776607,4__mutated,PertCortex_4_GCAGTTACAAGAGGCT,3.218611161153203
6131,0.61006439252106,4__mutated,PertCortex_4_GCAGTTACAGCCAGAA,2.1139218555728276
6132,0.2245176629189572,4__mutated,PertCortex_4_GCAGTTAGTAAGTTCC,4.151702844169098
6133,0.22348288979654957,4__mutated,PertCortex_4_GCAGTTAGTACCAGTT,3.499970730568163
6134,0.19143285305231167,4__mutated,PertCortex_4_GCAGTTAGTCGCGTGT,3.9257098595791375
6135,0.6342805284816438,4__mutated,PertCortex_4_GCAGTTATCAACCATG,2.2519123593637813
6136,0.05905947319427511,4__mutated,PertCortex_4_GCAGTTATCACGACTA,3.9489585365205713
6137,0.1568467603263937,4__mutated,PertCortex_4_GCAGTTATCCATGCTC,3.8621012532471823
6138,0.1733707901817641,4__mutated,PertCortex_4_GCATACAAGATGGCGT,2.1711476533893084
6139,0.2257128811397586,4__mutated,PertCortex_4_GCATACACAGGATCGA,4.9908068055325545
6140,0.24226002132365282,4__mutated,PertCortex_4_GCATACAGTGAAGGCT,4.5937270803897405
6141,0.20028362969953367,4__mutated,PertCortex_4_GCATACATCAAACGGG,4.643922217389989
6142,0.06168133796294449,4__mutated,PertCortex_4_GCATACATCACTCCTG,4.910764886527255
6143,0.13016257470490225,4__mutated,PertCortex_4_GCATACATCCGCTGTT,5.337971342570423
6144,0.2312941576737472,4__mutated,PertCortex_4_GCATACATCTAGAGTC,2.8602664448675785
6145,0.11148154148466688,4__mutated,PertCortex_4_GCATGATAGAGAACAG,3.699303632011811
6146,0.09993800249147108,4__mutated,PertCortex_4_GCATGATAGTAGGCCA,3.107663585639004
6147,0.10342700125610149,4__mutated,PertCortex_4_GCATGATAGTCAAGGC,3.2090008989596983
6148,0.09371271489502021,4__mutated,PertCortex_4_GCATGATCAAACGTGG,4.33491584996765
6149,0.2223475890618854,4__mutated,PertCortex_4_GCATGCGAGACGCACA,3.5090283892418848
6150,0.13371283711231832,4__mutated,PertCortex_4_GCATGCGAGCCAGAAC,5.310241734208239
6151,0.12012156956499298,4__mutated,PertCortex_4_GCATGCGCACTCAGGC,4.997045110666697
6152,0.15719433086342882,4__mutated,PertCortex_4_GCATGCGCAGCGATCC,3.6902513983381393
6153,0.21208231775942665,4__mutated,PertCortex_4_GCATGCGCAGGCTGAA,2.546159370457216
6154,0.16264460409130427,4__mutated,PertCortex_4_GCATGCGTCCCTCTTT,3.4531067549775685
6155,0.027581973670197376,4__mutated,PertCortex_4_GCATGTAAGTTGTCGT,4.491278008446148
6156,0.14797781544994365,4__mutated,PertCortex_4_GCATGTACAATGAATG,3.4550641201145327
6157,0.07569866196833303,4__mutated,PertCortex_4_GCATGTACATCATCCC,3.198181579463041
6158,0.09834896832240525,4__mutated,PertCortex_4_GCATGTAGTCACAAGG,4.368789926893245
6159,0.17228688624917518,4__mutated,PertCortex_4_GCATGTAGTCGCATAT,4.634906855619203
6160,0.13972670548845179,4__mutated,PertCortex_4_GCATGTAGTTGGTTTG,5.154157065495348
6161,0.09037617980942188,4__mutated,PertCortex_4_GCATGTATCAGTTGAC,5.105915628746672
6162,0.4684334369145865,4__mutated,PertCortex_4_GCATGTATCATCATTC,2.768442864753134
6163,0.09567305989726345,4__mutated,PertCortex_4_GCATGTATCGTCCGTT,4.206327434533566
6164,0.1427997828880675,4__mutated,PertCortex_4_GCATGTATCTCTAAGG,2.9617980506204247
6165,0.12602123369302112,4__mutated,PertCortex_4_GCCAAATAGATATACG,5.096080696954924
6166,0.14853572628584039,4__mutated,PertCortex_4_GCCAAATAGCGATCCC,4.882341302004846
6167,0.0927923927563757,4__mutated,PertCortex_4_GCCAAATAGCGCTTAT,4.231644329659947
6168,0.15119973770546966,4__mutated,PertCortex_4_GCCAAATCAACGATCT,5.593429200241625
6169,0.207422552334371,4__mutated,PertCortex_4_GCCAAATCAGGGTACA,3.023613418432172
6170,0.2762400463664808,4__mutated,PertCortex_4_GCCAAATGTGCTCTTC,2.5171517812071786
6171,0.1878567263291546,4__mutated,PertCortex_4_GCCAAATTCAGCACAT,3.053633372493131
6172,0.08424366229205495,4__mutated,PertCortex_4_GCCAAATTCCCTCAGT,2.877506428151877
6173,0.0778204531665696,4__mutated,PertCortex_4_GCCAAATTCCGTACAA,5.138501927630355
6174,0.04018405334684655,4__mutated,PertCortex_4_GCCTCTACAGGATTGG,4.910395357605112
6175,0.2701450479116371,4__mutated,PertCortex_4_GCCTCTACATAGTAAG,3.1812257576063985
6176,0.21144659481441955,4__mutated,PertCortex_4_GCCTCTACATCGACGC,3.3136814130719836
6177,0.15025163954757742,4__mutated,PertCortex_4_GCCTCTAGTAAGAGGA,4.3999411722019905
6178,0.06365347824740689,4__mutated,PertCortex_4_GCCTCTAGTAGGGACT,4.1078847085831
6179,0.09904478923900376,4__mutated,PertCortex_4_GCCTCTATCAAAGACA,4.320241948977627
6180,0.5234459150506517,4__mutated,PertCortex_4_GCCTCTATCTTCCTTC,2.0348776460287197
6181,0.18460655708064042,4__mutated,PertCortex_4_GCGACCAAGTACGATA,4.662784460798521
6182,0.29335665495070895,4__mutated,PertCortex_4_GCGACCACAATGAAAC,2.2779546972326528
6183,0.15793039483754143,4__mutated,PertCortex_4_GCGACCATCGCAGGCT,3.5751452126111407
6184,0.15390782624615731,4__mutated,PertCortex_4_GCGACCATCTAACTCT,3.370401715877495
6185,0.16196970163954094,4__mutated,PertCortex_4_GCGAGAAAGGTACTCT,4.929670376032246
6186,0.1444199326688014,4__mutated,PertCortex_4_GCGAGAACAAGTACCT,4.073682561336116
6187,0.19365886671247376,4__mutated,PertCortex_4_GCGAGAACAGTTAACC,3.515086443763602
6188,0.12184407657555296,4__mutated,PertCortex_4_GCGAGAACATGCATGT,4.167724507862306
6189,0.16587108643478746,4__mutated,PertCortex_4_GCGAGAAGTACAGTTC,3.032952897194625
6190,0.0707269635695402,4__mutated,PertCortex_4_GCGCAACAGGCGCTCT,2.925067525167156
6191,0.06825775109942074,4__mutated,PertCortex_4_GCGCAACCACCATGTA,5.08826758507139
6192,0.1400511716650176,4__mutated,PertCortex_4_GCGCAACTCAGCAACT,4.033182181015507
6193,0.13974200632382905,4__mutated,PertCortex_4_GCGCAACTCTTCATGT,4.500217930387688
6194,0.09731716617320511,4__mutated,PertCortex_4_GCGCAGTAGTCCATAC,3.201288579517704
6195,0.28599672349546246,4__mutated,PertCortex_4_GCGCAGTCAAGGCTCC,2.8622863541058208
6196,0.598880300671208,4__mutated,PertCortex_4_GCGCAGTCACAGCGTC,1.824208335977405
6197,0.1847066093409792,4__mutated,PertCortex_4_GCGCAGTCAGCATACT,3.712363562228277
6198,0.13778644645667695,4__mutated,PertCortex_4_GCGCAGTTCTTCTGGC,5.379303034124663
6199,0.0877617233191226,4__mutated,PertCortex_4_GCGCCAAAGCGTCTAT,3.9061136977664006
6200,0.0655659792109585,4__mutated,PertCortex_4_GCGCCAAAGTCGATAA,4.345480446363425
6201,0.19414764207698523,4__mutated,PertCortex_4_GCGCCAACATAAGACA,4.655523099916689
6202,0.10333404572212683,4__mutated,PertCortex_4_GCGCCAACATACCATG,4.776487608243792
6203,0.06255624017089541,4__mutated,PertCortex_4_GCGCCAAGTATGCTTG,3.658845902924842
6204,0.11825600114605855,4__mutated,PertCortex_4_GCGCCAATCGAACTGT,5.281679690687717
6205,0.10140982990426824,4__mutated,PertCortex_4_GCGCGATAGCGATGAC,3.038196853861321
6206,0.14516001309401966,4__mutated,PertCortex_4_GCGCGATCAGGAACGT,4.840534793408865
6207,0.16810190694173016,4__mutated,PertCortex_4_GCGCGATGTGTTGAGG,2.974024634611388
6208,0.09713674077600642,4__mutated,PertCortex_4_GCGGGTTAGACGACGT,2.809301122568956
6209,0.12585949741489116,4__mutated,PertCortex_4_GCGGGTTAGTACGCGA,2.2583409032105974
6210,0.11160270808441124,4__mutated,PertCortex_4_GCGGGTTCAGGACCCT,4.749717290434328
6211,0.12544280528850485,4__mutated,PertCortex_4_GCGGGTTCATTAGGCT,4.979966741066773
6212,0.12227712020575096,4__mutated,PertCortex_4_GCGGGTTGTACAGTTC,4.614700938217569
6213,0.17070048239242827,4__mutated,PertCortex_4_GCGGGTTGTTGTCTTT,3.5038897096793935
6214,0.0717997395226323,4__mutated,PertCortex_4_GCGGGTTTCACCGGGT,4.485126278956013
6215,0.26019111189922517,4__mutated,PertCortex_4_GCGGGTTTCAGGCGAA,2.486694624593407
6216,0.11186300605162867,4__mutated,PertCortex_4_GCTCCTAAGTGGGCTA,4.035708903469646
6217,0.19499004025411973,4__mutated,PertCortex_4_GCTCCTACACGTGAGA,2.7687580084482653
6218,0.1800905750273688,4__mutated,PertCortex_4_GCTCCTATCCACTGGG,1.5998660753028568
6219,0.1342960417832413,4__mutated,PertCortex_4_GCTCCTATCGTCTGCT,3.047646527804217
6220,0.1323039616745874,4__mutated,PertCortex_4_GCTCCTATCTAACCGA,3.8291893287465317
6221,0.06578634767163839,4__mutated,PertCortex_4_GCTCCTATCTCGTTTA,4.763677858452823
6222,0.2935194593261302,4__mutated,PertCortex_4_GCTCTGTAGACTAAGT,3.215537188749473
6223,0.24416988238803572,4__mutated,PertCortex_4_GCTCTGTAGCACGCCT,4.529972926323115
6224,0.23884561363073126,4__mutated,PertCortex_4_GCTCTGTAGCGCCTTG,3.1956721151743723
6225,0.1252399860288572,4__mutated,PertCortex_4_GCTCTGTGTGGTCCGT,3.1913171665679507
6226,0.1620883655662941,4__mutated,PertCortex_4_GCTCTGTGTTTGCATG,4.60437337560236
6227,0.11623387192493127,4__mutated,PertCortex_4_GCTCTGTTCTGTCTCG,4.2890662080150905
6228,0.11450972009203968,4__mutated,PertCortex_4_GCTGCAGGTAAATGTG,4.8539542629706665
6229,0.13561964704861781,4__mutated,PertCortex_4_GCTGCAGGTAGTAGTA,3.6903113988932748
6230,0.07129385795927622,4__mutated,PertCortex_4_GCTGCAGGTCAGAATA,5.916785760048138
6231,0.11502291039849702,4__mutated,PertCortex_4_GCTGCAGGTGCACCAC,3.0631617867071586
6232,0.26723459380093,4__mutated,PertCortex_4_GCTGCAGGTTTACTCT,3.6197848034305724
6233,0.06361324726313787,4__mutated,PertCortex_4_GCTGCAGTCACAACGT,4.6928398793320305
6234,0.3660370659757562,4__mutated,PertCortex_4_GCTGCGAAGGGCTCTC,3.3911409289625807
6235,0.15579524547527135,4__mutated,PertCortex_4_GCTGCGACATTATCTC,4.451320088669825
6236,0.1786615743768967,4__mutated,PertCortex_4_GCTGCGATCATGTCTT,4.5132347493728195
6237,0.20980803767287393,4__mutated,PertCortex_4_GCTGCGATCCTCCTAG,3.4570573127050483
6238,0.28919557730546497,4__mutated,PertCortex_4_GCTGCTTGTGACGCCT,2.9969479337912555
6239,0.1831539953959884,4__mutated,PertCortex_4_GCTGCTTGTTATCCGA,5.277341684333911
6240,0.05204969791379542,4__mutated,PertCortex_4_GCTGCTTTCTCCGGTT,3.374312113158361
6241,0.09372313731398442,4__mutated,PertCortex_4_GCTGGGTAGCTGGAAC,4.9137462112201025
6242,0.13655023106413908,4__mutated,PertCortex_4_GCTGGGTCAAGTACCT,4.943332094685606
6243,0.12157790456148045,4__mutated,PertCortex_4_GCTGGGTCATCCGGGT,3.9478882123199854
6244,0.14518831033073643,4__mutated,PertCortex_4_GCTGGGTGTACCGAGA,2.835971897558592
6245,0.23306071683591353,4__mutated,PertCortex_4_GCTGGGTTCCCATTTA,3.700944243123202
6246,0.13923755967846724,4__mutated,PertCortex_4_GCTTCCAAGCGCTCCA,5.043649975441389
6247,0.35439524265887035,4__mutated,PertCortex_4_GCTTCCATCATGTCCC,2.549055584480336
6248,0.11035380396841671,4__mutated,PertCortex_4_GCTTCCATCCTAGTGA,5.193197238393801
6249,0.14590403004167599,4__mutated,PertCortex_4_GCTTCCATCTAACTCT,3.384371005459929
6250,0.1025307903447841,4__mutated,PertCortex_4_GCTTGAAAGGCAATTA,4.9632434614659084
6251,0.10749091976813473,4__mutated,PertCortex_4_GCTTGAACAGACTCGC,4.095510219979024
6252,0.18298542116545605,4__mutated,PertCortex_4_GCTTGAACAGTGGAGT,3.1067206020150544
6253,0.565313041045099,4__mutated,PertCortex_4_GCTTGAACATTTGCCC,2.7856529895670055
6254,0.10972371452735112,4__mutated,PertCortex_4_GCTTGAATCACTATTC,3.9787896377359138
6255,0.22079864756953171,4__mutated,PertCortex_4_GGAAAGCAGCTGCGAA,5.9200898902959205
6256,0.20095485699441568,4__mutated,PertCortex_4_GGAAAGCAGGCCCTCA,2.8902500138239593
6257,0.07184009721385759,4__mutated,PertCortex_4_GGAAAGCAGTTAACGA,3.9314561398708388
6258,0.07164711806911428,4__mutated,PertCortex_4_GGAAAGCCATGCCTTC,5.155936240272118
6259,0.3978933619948328,4__mutated,PertCortex_4_GGAAAGCTCCCTCTTT,3.805455031068621
6260,0.1275463412306004,4__mutated,PertCortex_4_GGAAAGCTCCGCATAA,5.176827280694597
6261,0.21558790550687565,4__mutated,PertCortex_4_GGAAAGCTCTGTTTGT,4.369737382670757
6262,0.13342197233822062,4__mutated,PertCortex_4_GGAACTTAGAATCTCC,6.098283836649787
6263,0.15403360526730847,4__mutated,PertCortex_4_GGAACTTGTCTGATTG,2.82846680731813
6264,0.09342544691013521,4__mutated,PertCortex_4_GGAACTTTCCATGCTC,4.839336838472734
6265,0.1070047056342959,4__mutated,PertCortex_4_GGAATAAAGACGACGT,4.217490338192454
6266,0.08358857182282037,4__mutated,PertCortex_4_GGAATAAAGGGCTTGA,4.357562422372389
6267,0.20337747618431629,4__mutated,PertCortex_4_GGAATAACACCTATCC,2.2420824203482423
6268,0.06674938174764385,4__mutated,PertCortex_4_GGAATAACAGGCGATA,2.2291914362390153
6269,0.46332631966490745,4__mutated,PertCortex_4_GGAATAACATATACGC,2.2992041859928896
6270,0.5733233855259292,4__mutated,PertCortex_4_GGAATAATCAAACGGG,2.472338292481082
6271,0.2255214491835254,4__mutated,PertCortex_4_GGAATAATCGTCTGAA,5.394449812484324
6272,0.07407227806969274,4__mutated,PertCortex_4_GGAATAATCTCTTATG,3.757309851363342
6273,0.22752337601905334,4__mutated,PertCortex_4_GGAATAATCTGCGTAA,3.4833301407503368
6274,0.13350872748094988,4__mutated,PertCortex_4_GGACAAGAGCGGATCA,5.761312020899364
6275,0.1612881535089314,4__mutated,PertCortex_4_GGACAAGAGGTAGCCA,4.71367232613052
6276,0.1514335114298841,4__mutated,PertCortex_4_GGACAAGCACAACTGT,2.886465067656066
6277,0.5876219297473234,4__mutated,PertCortex_4_GGACAAGCACATGACT,2.346353990147674
6278,0.03703191973381724,4__mutated,PertCortex_4_GGACAAGCATTGCGGC,4.650640992555826
6279,0.15440828009151028,4__mutated,PertCortex_4_GGACAAGGTCCTAGCG,4.181401641594214
6280,0.2439101948235086,4__mutated,PertCortex_4_GGACAAGGTCTAACGT,3.9379746181066495
6281,0.05153388995804934,4__mutated,PertCortex_4_GGACAAGGTGCGATAG,4.30031981490617
6282,0.09525478032635651,4__mutated,PertCortex_4_GGACAAGGTTTAGCTG,2.2723629969188788
6283,0.269480949476159,4__mutated,PertCortex_4_GGACAGAAGATATGCA,4.78032492949969
6284,0.1830768586791379,4__mutated,PertCortex_4_GGACAGAGTAATTGGA,4.194018541796313
6285,0.1540191530652702,4__mutated,PertCortex_4_GGACAGAGTTCGAATC,3.8394256317795223
6286,0.19798490903246824,4__mutated,PertCortex_4_GGACAGATCACCTTAT,2.9019486776835937
6287,0.09086166699963345,4__mutated,PertCortex_4_GGACAGATCCAAATGC,3.9351804525490715
6288,0.1870064494283564,4__mutated,PertCortex_4_GGACAGATCCAAGTAC,4.364732688607364
6289,0.16788185414574466,4__mutated,PertCortex_4_GGACAGATCCAGATCA,4.018141080528872
6290,0.47016162489000424,4__mutated,PertCortex_4_GGACATTAGTGTCCAT,2.3461666427764087
6291,0.16085307486212705,4__mutated,PertCortex_4_GGACATTCAAACGCGA,4.7741727657644715
6292,0.18078661108404925,4__mutated,PertCortex_4_GGACATTGTGCCTGCA,4.716739719494584
6293,0.1428985371334195,4__mutated,PertCortex_4_GGACGTCCACTCTGTC,3.273872583381126
6294,0.2105852025526292,4__mutated,PertCortex_4_GGACGTCGTCTCTTTA,3.689114340459299
6295,0.09747925806651755,4__mutated,PertCortex_4_GGACGTCGTGAAAGAG,4.821555931010915
6296,0.172701774279983,4__mutated,PertCortex_4_GGACGTCTCAGGCAAG,2.8472561752818217
6297,0.1948143148636965,4__mutated,PertCortex_4_GGAGCAACATGGGACA,4.252143194438808
6298,0.1030454954885523,4__mutated,PertCortex_4_GGAGCAAGTGATAAGT,4.9214803611651075
6299,0.30520826706357057,4__mutated,PertCortex_4_GGAGCAAGTTATTCTC,3.16201717354534
6300,0.5245926898580358,4__mutated,PertCortex_4_GGAGCAATCCTTGGTC,2.5670013600118393
6301,0.31056266098574253,4__mutated,PertCortex_4_GGAGCAATCGAACTGT,2.740022035818355
6302,0.11535717023503543,4__mutated,PertCortex_4_GGATGTTAGGATGGAA,4.873941296053404
6303,0.17221431589553368,4__mutated,PertCortex_4_GGATGTTCAAGACGTG,4.679586130698137
6304,0.11158640209337595,4__mutated,PertCortex_4_GGATGTTCAGATTGCT,4.77371136149926
6305,0.08814107352544276,4__mutated,PertCortex_4_GGATGTTCATACGCTA,3.877998892086429
6306,0.2906906192686338,4__mutated,PertCortex_4_GGATGTTGTAATTGGA,2.591110835692553
6307,0.1317660562760155,4__mutated,PertCortex_4_GGATGTTTCCGCGCAA,5.1462499385149405
6308,0.12497927077329594,4__mutated,PertCortex_4_GGATGTTTCGTAGGAG,4.752216805960204
6309,0.1051577873371243,4__mutated,PertCortex_4_GGATGTTTCTGGCGTG,4.254288975847583
6310,0.11719189073300781,4__mutated,PertCortex_4_GGATTACAGTGTCTCA,5.220098601721536
6311,0.14775156692899036,4__mutated,PertCortex_4_GGATTACCACTATCTT,3.288427839613274
6312,0.06703089179982812,4__mutated,PertCortex_4_GGATTACTCGTAGGTT,4.230590378083937
6313,0.16945123089582198,4__mutated,PertCortex_4_GGATTACTCTCCAACC,3.869293983374396
6314,0.10405522198785498,4__mutated,PertCortex_4_GGCAATTAGACTAAGT,3.6316480062113645
6315,0.14647064155888528,4__mutated,PertCortex_4_GGCAATTAGCCCAATT,3.366712575880995
6316,0.13282789957651644,4__mutated,PertCortex_4_GGCAATTCAATGGAGC,4.503803306155136
6317,0.20474146833080933,4__mutated,PertCortex_4_GGCAATTCACATCCAA,4.8387382317735055
6318,0.1448469805797226,4__mutated,PertCortex_4_GGCAATTTCGGTTCGG,4.467202880049068
6319,0.01691634255757073,4__mutated,PertCortex_4_GGCAATTTCTCGCTTG,2.732636260424758
6320,0.0795815942428463,4__mutated,PertCortex_4_GGCCGATCAATCCGAT,3.2362273012398526
6321,0.2336803627952832,4__mutated,PertCortex_4_GGCCGATCATCCCATC,3.385981494246086
6322,0.18499018370671882,4__mutated,PertCortex_4_GGCCGATTCGAGAGCA,2.5391728554581285
6323,0.13950124057332322,4__mutated,PertCortex_4_GGCCGATTCGCGTTTC,3.4658711419783508
6324,0.1427481717526417,4__mutated,PertCortex_4_GGCCGATTCTCGTTTA,4.880962927569273
6325,0.033043809823111704,4__mutated,PertCortex_4_GGCGACTCAATGAAAC,2.5723140596687872
6326,0.12597019116121583,4__mutated,PertCortex_4_GGCGACTCAATGGATA,4.758557756903649
6327,0.227519487987235,4__mutated,PertCortex_4_GGCGACTTCATCTGTT,3.5629263328884697
6328,0.12339086749196354,4__mutated,PertCortex_4_GGCGTGTCAGTAAGAT,4.435707896455186
6329,0.09602920955650383,4__mutated,PertCortex_4_GGCGTGTTCACCCTCA,4.02549403481674
6330,0.11268937373322886,4__mutated,PertCortex_4_GGCGTGTTCTCCTATA,4.456425606832363
6331,0.05960673026573652,4__mutated,PertCortex_4_GGCTCGAAGAAGATTC,4.840164305764154
6332,0.22139374782810156,4__mutated,PertCortex_4_GGCTCGAAGACGCACA,3.6609367340798316
6333,0.1791026607278319,4__mutated,PertCortex_4_GGCTCGAAGTCGTACT,4.559160074743921
6334,0.13468112821510234,4__mutated,PertCortex_4_GGCTCGACACAGATTC,3.5503115841292794
6335,0.12048165306223423,4__mutated,PertCortex_4_GGCTCGAGTTCCCTTG,4.534314494397437
6336,0.1177166290654732,4__mutated,PertCortex_4_GGCTCGATCGTAGGTT,3.1571821182196045
6337,0.22129147899884496,4__mutated,PertCortex_4_GGCTCGATCTAACTTC,3.0233914395916575
6338,0.11455246362639374,4__mutated,PertCortex_4_GGCTGGTAGCTAACTC,5.160950029121139
6339,0.20625071662161765,4__mutated,PertCortex_4_GGCTGGTCAAACCTAC,4.843287738594172
6340,0.1855558571143796,4__mutated,PertCortex_4_GGCTGGTCAGGTCTCG,3.182952011567977
6341,0.2685472710598989,4__mutated,PertCortex_4_GGCTGGTCATCGACGC,2.2366835691714497
6342,0.5066117265110547,4__mutated,PertCortex_4_GGCTGGTCATGCCCGA,1.87248349655006
6343,0.12533028422240136,4__mutated,PertCortex_4_GGCTGGTGTCTGCGGT,3.6105090565572335
6344,0.1290241582167298,4__mutated,PertCortex_4_GGCTGGTGTTACCAGT,3.5283005826361697
6345,0.17944923371365418,4__mutated,PertCortex_4_GGCTGGTTCATGCAAC,3.084823667301225
6346,0.16799730746449093,4__mutated,PertCortex_4_GGCTGGTTCCTTGCCA,4.305255136786781
6347,0.17802231070545382,4__mutated,PertCortex_4_GGGAATGAGATGTTAG,3.6115113386070927
6348,0.1192752490438464,4__mutated,PertCortex_4_GGGAATGAGTTCGCAT,5.175520099056476
6349,0.07364482978597289,4__mutated,PertCortex_4_GGGAATGCAACTTGAC,5.1180757850727545
6350,0.1587077543414193,4__mutated,PertCortex_4_GGGAATGCACCGATAT,3.2154172204958877
6351,0.21352011811629265,4__mutated,PertCortex_4_GGGAATGGTATAATGG,4.09159183400287
6352,0.43530211445610617,4__mutated,PertCortex_4_GGGAATGTCCGTCATC,2.255296415454421
6353,0.08095408211874713,4__mutated,PertCortex_4_GGGAATGTCGGAGCAA,4.333732043785491
6354,0.14960509721996146,4__mutated,PertCortex_4_GGGACCTAGAGGACGG,4.946589463808686
6355,0.2636381135823855,4__mutated,PertCortex_4_GGGACCTAGATGGCGT,3.363927539239358
6356,0.5700042426115748,4__mutated,PertCortex_4_GGGACCTCAGCGATCC,1.9998771113451361
6357,0.25995677476933193,4__mutated,PertCortex_4_GGGACCTGTCGTTGTA,1.9706615255324393
6358,0.11170653239742326,4__mutated,PertCortex_4_GGGACCTGTGTAAGTA,4.782266727293903
6359,0.12510183587554416,4__mutated,PertCortex_4_GGGACCTGTTACGGAG,3.5418290300674817
6360,0.1625386558796189,4__mutated,PertCortex_4_GGGACCTTCCTCAACC,4.740429239068582
6361,0.1228660830263498,4__mutated,PertCortex_4_GGGACCTTCTAAGCCA,2.910321250563119
6362,0.14090111982069672,4__mutated,PertCortex_4_GGGACCTTCTACCAGA,3.3102250508240685
6363,0.12343581904595559,4__mutated,PertCortex_4_GGGAGATAGCTGTTCA,4.9420187538550095
6364,0.10188923025779209,4__mutated,PertCortex_4_GGGAGATCAAAGTCAA,3.43969448284038
6365,0.1251177382639149,4__mutated,PertCortex_4_GGGAGATGTATAATGG,4.726978209454146
6366,0.11551362676182822,4__mutated,PertCortex_4_GGGAGATGTTCCCTTG,4.154325116209281
6367,0.5868782920016485,4__mutated,PertCortex_4_GGGAGATTCCAAACTG,1.7075387179011527
6368,0.0998863260613143,4__mutated,PertCortex_4_GGGATGAAGTGCGATG,4.6546827548886744
6369,0.475530121443399,4__mutated,PertCortex_4_GGGATGAAGTTGAGTA,2.641379435398105
6370,0.03746867411405711,4__mutated,PertCortex_4_GGGATGAGTCTCCATC,2.912845303536821
6371,0.16330771817586937,4__mutated,PertCortex_4_GGGATGAGTGATGATA,3.491380280272849
6372,0.1642773591058373,4__mutated,PertCortex_4_GGGCACTAGAGGGATA,3.8616365452798473
6373,0.28600232116521523,4__mutated,PertCortex_4_GGGCACTCACACCGCA,3.017382580167152
6374,0.19621894786260757,4__mutated,PertCortex_4_GGGCACTCACGAGGTA,4.092214782726204
6375,0.10741992382716593,4__mutated,PertCortex_4_GGGCACTCAGGGATTG,4.829646558559298
6376,0.23712079802611546,4__mutated,PertCortex_4_GGGCACTGTCTCCATC,4.723236339352491
6377,0.1969986580497541,4__mutated,PertCortex_4_GGGCACTTCTGAGTGT,4.574339946072477
6378,0.19481176014686005,4__mutated,PertCortex_4_GGGCATCAGAACTGTA,3.1828850248691247
6379,0.15014371957612113,4__mutated,PertCortex_4_GGGCATCAGCCGCCTA,4.605903300248252
6380,0.11657488627978953,4__mutated,PertCortex_4_GGGCATCAGCTAAGAT,4.136814351454399
6381,0.17325456386335622,4__mutated,PertCortex_4_GGGCATCAGCTATGCT,3.4252599161395865
6382,0.13499649893339244,4__mutated,PertCortex_4_GGGCATCCACATTTCT,3.291058126998675
6383,0.06341079096981038,4__mutated,PertCortex_4_GGGCATCGTGTTGGGA,4.291338070772658
6384,0.09087237546128454,4__mutated,PertCortex_4_GGGCATCTCGCCCTTA,4.219212480893661
6385,0.23646565217832557,4__mutated,PertCortex_4_GGGTCTGAGATTACCC,4.633851820266616
6386,0.3005211174409966,4__mutated,PertCortex_4_GGGTCTGAGCAAATCA,2.5270178384512456
6387,0.0899378086248608,4__mutated,PertCortex_4_GGGTTGCAGGACATTA,3.979112274843619
6388,0.11077942892548621,4__mutated,PertCortex_4_GGGTTGCAGGCACATG,3.0791098816041758
6389,0.04124930739686483,4__mutated,PertCortex_4_GGGTTGCAGTCCTCCT,4.255614674383488
6390,0.08546915204404062,4__mutated,PertCortex_4_GGGTTGCCACATCTTT,4.464370410217798
6391,0.11678043136716339,4__mutated,PertCortex_4_GGGTTGCTCACGCGGT,4.89583288169797
6392,0.08614938029733056,4__mutated,PertCortex_4_GGGTTGCTCAGCTTAG,4.411466122352067
6393,0.10404917021815731,4__mutated,PertCortex_4_GGGTTGCTCGGTTCGG,4.040611214753834
6394,0.3706641612665126,4__mutated,PertCortex_4_GGGTTGCTCGTACCGG,2.2612553992064037
6395,0.16391605346964286,4__mutated,PertCortex_4_GGGTTGCTCTTCAACT,3.43664088505686
6396,0.09836972204858745,4__mutated,PertCortex_4_GGTATTGAGAGTCTGG,5.3691056419730465
6397,0.288711587377133,4__mutated,PertCortex_4_GGTATTGCAGTACACT,1.9591645647593352
6398,0.368063660914526,4__mutated,PertCortex_4_GGTATTGGTACGCACC,2.894420838976943
6399,0.10395655252014456,4__mutated,PertCortex_4_GGTATTGGTTAGGGTG,2.95650887676
6400,0.14996167781350705,4__mutated,PertCortex_4_GGTATTGTCAGCTTAG,4.004570312346978
6401,0.12915705047586568,4__mutated,PertCortex_4_GGTATTGTCATTTGGG,4.536124715148411
6402,0.1701609788215184,4__mutated,PertCortex_4_GGTATTGTCGTGGTCG,4.456046808322323
6403,0.09700378445266579,4__mutated,PertCortex_4_GGTATTGTCGTTGACA,2.6316634631386386
6404,0.145899046602341,4__mutated,PertCortex_4_GGTGAAGCAAGCCATT,3.0965311272145897
6405,0.18369519601840062,4__mutated,PertCortex_4_GGTGAAGCACAGATTC,3.375170808806628
6406,0.07565421314700915,4__mutated,PertCortex_4_GGTGAAGCACGCATCG,3.23381142416589
6407,0.13859323123429562,4__mutated,PertCortex_4_GGTGAAGGTGAGTATA,5.351567494479968
6408,0.08483207811253972,4__mutated,PertCortex_4_GGTGAAGGTGCAGACA,4.1475637659286635
6409,0.28802635858385184,4__mutated,PertCortex_4_GGTGAAGTCAACGAAA,2.4781676355134183
6410,0.524240091043408,4__mutated,PertCortex_4_GGTGAAGTCAGTACGT,2.725556187056972
6411,0.3840311197192225,4__mutated,PertCortex_4_GGTGCGTAGTAGATGT,2.654994383096315
6412,0.08538806663852701,4__mutated,PertCortex_4_GGTGCGTCACCTCGTT,5.064552059182654
6413,0.12966248166435496,4__mutated,PertCortex_4_GGTGCGTCACCTGGTG,3.80758729038795
6414,0.19075565402869182,4__mutated,PertCortex_4_GGTGCGTGTCGATTGT,2.5343675917617148
6415,0.06931171979900441,4__mutated,PertCortex_4_GGTGTTAAGGTGATAT,3.475359886594184
6416,0.21354477904510852,4__mutated,PertCortex_4_GGTGTTACATAGGATA,3.998315049661725
6417,0.1714057014867871,4__mutated,PertCortex_4_GGTGTTAGTACTCAAC,4.565699108478582
6418,0.2955710655246804,4__mutated,PertCortex_4_GGTGTTAGTATTAGCC,2.6411285198006973
6419,0.1517290398551614,4__mutated,PertCortex_4_GGTGTTATCGTTGCCT,3.1869984027251075
6420,0.1849117138991697,4__mutated,PertCortex_4_GTAACGTAGCGTGAGT,4.830012518052274
6421,0.18833842443649093,4__mutated,PertCortex_4_GTAACGTCACGAGAGT,3.3305607056437254
6422,0.18577393316415747,4__mutated,PertCortex_4_GTAACGTTCTAACTTC,3.4926028671387592
6423,0.20766095668522527,4__mutated,PertCortex_4_GTAACGTTCTTCTGGC,2.7161646700846114
6424,0.13765048439127342,4__mutated,PertCortex_4_GTAACTGAGAATGTGT,4.845901858378586
6425,0.20670447915158313,4__mutated,PertCortex_4_GTAACTGAGAGCTATA,4.716511556101648
6426,0.11451104334908023,4__mutated,PertCortex_4_GTAACTGAGGGTCGAT,4.621552626712768
6427,0.07403547273464825,4__mutated,PertCortex_4_GTAACTGCACACGCTG,3.8574880786570667
6428,0.19823450109836913,4__mutated,PertCortex_4_GTAACTGGTCAGAGGT,4.309337504117241
6429,0.23368163023242444,4__mutated,PertCortex_4_GTAACTGGTGTCTGAT,3.1363548272851958
6430,0.06798275178405234,4__mutated,PertCortex_4_GTAACTGTCCCTAATT,4.572747038932902
6431,0.17360586729799493,4__mutated,PertCortex_4_GTAACTGTCCTCGCAT,1.811185829442239
6432,0.08305377019569424,4__mutated,PertCortex_4_GTACGTAAGCGGCTTC,3.7500225477477533
6433,0.18889427423524863,4__mutated,PertCortex_4_GTACGTAGTTCTGAAC,4.430206403688963
6434,0.058445235432492575,4__mutated,PertCortex_4_GTACGTATCATGTCTT,4.804032327855613
6435,0.07633711834492796,4__mutated,PertCortex_4_GTACGTATCCGCTGTT,3.666382221736611
6436,0.10641060257541066,4__mutated,PertCortex_4_GTACTCCAGGCAGTCA,4.76151479968747
6437,0.27750069989273085,4__mutated,PertCortex_4_GTACTCCCACGACGAA,3.3038850117532825
6438,0.19364949116171917,4__mutated,PertCortex_4_GTACTCCCAGACAGGT,3.6273485421371214
6439,0.14355336755478293,4__mutated,PertCortex_4_GTACTCCGTATATGAG,4.640537562497136
6440,0.3101288564602358,4__mutated,PertCortex_4_GTACTCCGTATCAGTC,3.0277018257879607
6441,0.17305824436765657,4__mutated,PertCortex_4_GTACTCCGTTTAGCTG,4.252034430456114
6442,0.45886063844118946,4__mutated,PertCortex_4_GTACTCCTCATCGCTC,2.6463055737578043
6443,0.12363530122812122,4__mutated,PertCortex_4_GTACTCCTCCATGAGT,4.182861175066955
6444,0.10471154893283273,4__mutated,PertCortex_4_GTACTCCTCGCTAGCG,4.589278345961497
6445,0.4999255053439238,4__mutated,PertCortex_4_GTACTTTGTAAACCTC,1.5989730290677937
6446,0.2761654497896213,4__mutated,PertCortex_4_GTACTTTGTGATGTGG,4.113515229242262
6447,0.20108494960229648,4__mutated,PertCortex_4_GTACTTTGTTAAAGAC,3.3808356878070285
6448,0.26706831694592753,4__mutated,PertCortex_4_GTACTTTGTTCAGGCC,3.483151137131165
6449,0.042326543334280174,4__mutated,PertCortex_4_GTACTTTTCCCATTTA,2.886322898317428
6450,0.10104894001708345,4__mutated,PertCortex_4_GTACTTTTCCTAGAAC,3.8335309941736373
6451,0.1522426641013718,4__mutated,PertCortex_4_GTAGGCCAGCAGGTCA,5.106570378699114
6452,0.11755786793039122,4__mutated,PertCortex_4_GTAGGCCCACGTAAGG,2.9372019611274958
6453,0.21704172464620422,4__mutated,PertCortex_4_GTAGTCACAAAGTCAA,5.1319790621880435
6454,0.13625511846365326,4__mutated,PertCortex_4_GTAGTCAGTCGGATCC,4.746720295905708
6455,0.1884380250848145,4__mutated,PertCortex_4_GTAGTCATCAGTACGT,2.2468582978576834
6456,0.16495713486610725,4__mutated,PertCortex_4_GTAGTCATCTCCGGTT,2.8925190355959574
6457,0.12719821456189925,4__mutated,PertCortex_4_GTATCTTAGGCTAGCA,4.35717980158506
6458,0.167996372286284,4__mutated,PertCortex_4_GTATCTTCACCGGAAA,3.9577311470721113
6459,0.21002390933608703,4__mutated,PertCortex_4_GTATCTTGTTCGCGAC,4.038890434543827
6460,0.38685132975589925,4__mutated,PertCortex_4_GTATCTTTCAATCTCT,2.114752301670544
6461,0.09999046236704784,4__mutated,PertCortex_4_GTATTCTAGTCCGGTC,4.470489466117195
6462,0.6587407483467447,4__mutated,PertCortex_4_GTATTCTCATCACGTA,2.017442770515683
6463,0.0843488689066218,4__mutated,PertCortex_4_GTATTCTGTCGCCATG,2.8097807608172376
6464,0.22623715140633952,4__mutated,PertCortex_4_GTATTCTTCATAGCAC,3.2776581019283575
6465,0.6192457676859826,4__mutated,PertCortex_4_GTCAAGTAGTCGATAA,1.861810570166559
6466,0.13288340236415072,4__mutated,PertCortex_4_GTCAAGTAGTGTCCCG,3.997516118937196
6467,0.06519114801956837,4__mutated,PertCortex_4_GTCAAGTGTTCGCTAA,4.259855991373808
6468,0.21144485018386594,4__mutated,PertCortex_4_GTCAAGTGTTTAGCTG,3.2175395046938347
6469,0.1298274679645675,4__mutated,PertCortex_4_GTCAAGTTCCACGTTC,4.351493988821799
6470,0.1555601902458725,4__mutated,PertCortex_4_GTCAAGTTCGGTTCGG,3.1736076425438253
6471,0.09426203114005781,4__mutated,PertCortex_4_GTCACAAAGCTAGTGG,4.780660683668396
6472,0.3671854001250044,4__mutated,PertCortex_4_GTCACAAAGGAGTAGA,4.673059678463104
6473,0.05724310947619016,4__mutated,PertCortex_4_GTCACAACAACACCTA,4.248237610097844
6474,0.11688825587259827,4__mutated,PertCortex_4_GTCACAACAACGCACC,3.376055138446618
6475,0.10598171729062142,4__mutated,PertCortex_4_GTCACAACACATGGGA,2.4415909277244525
6476,0.20769456930772798,4__mutated,PertCortex_4_GTCACAACATTATCTC,3.4033856865714416
6477,0.18202840662188194,4__mutated,PertCortex_4_GTCACAAGTAAAGGAG,3.4199116519277384
6478,0.16208660647259784,4__mutated,PertCortex_4_GTCACAAGTCCGACGT,2.9082909827769665
6479,0.33782737164934035,4__mutated,PertCortex_4_GTCACAATCGCGTTTC,4.313530387400929
6480,0.21424552702503152,4__mutated,PertCortex_4_GTCACGGCAAGCCTAT,3.112296142645318
6481,0.19674855804144345,4__mutated,PertCortex_4_GTCACGGCACTTGGAT,3.8303158535981376
6482,0.1621973358872438,4__mutated,PertCortex_4_GTCACGGCATGCGCAC,4.45561442334469
6483,0.22815042828815638,4__mutated,PertCortex_4_GTCACGGGTTCATGGT,4.42651496740931
6484,0.13113890326943675,4__mutated,PertCortex_4_GTCATTTGTGCAGTAG,3.4209169441938765
6485,0.1737539852109261,4__mutated,PertCortex_4_GTCATTTGTGTCGCTG,3.4008488133972614
6486,0.22476429544763554,4__mutated,PertCortex_4_GTCATTTGTTCAGCGC,3.055563049966222
6487,0.13327457533912332,4__mutated,PertCortex_4_GTCATTTTCATCGGAT,5.3485743348450905
6488,0.14530460873441217,4__mutated,PertCortex_4_GTCATTTTCGGTTAAC,2.7947265566729884
6489,0.18646408710438395,4__mutated,PertCortex_4_GTCATTTTCGTATCAG,3.542100964083312
6490,0.02939585822051917,4__mutated,PertCortex_4_GTCATTTTCTGGCGTG,2.698539094924242
6491,0.197620396653133,4__mutated,PertCortex_4_GTCCTCAAGATGGGTC,6.183782643250875
6492,0.20278035856214524,4__mutated,PertCortex_4_GTCCTCAAGGGTCGAT,3.5740793095817653
6493,0.19875720032284508,4__mutated,PertCortex_4_GTCCTCAAGTGCGTGA,3.1046335652636707
6494,0.22322010142256424,4__mutated,PertCortex_4_GTCCTCACAAATCCGT,4.434275828759309
6495,0.1343999081218572,4__mutated,PertCortex_4_GTCCTCACAAGGACTG,4.242383451264171
6496,0.08201465568162547,4__mutated,PertCortex_4_GTCCTCACATACGCCG,5.846636884735811
6497,0.027621962102539074,4__mutated,PertCortex_4_GTCCTCAGTTCGCGAC,3.3484279291283436
6498,0.04756154374436134,4__mutated,PertCortex_4_GTCCTCATCTATCGCC,3.8563725122635963
6499,0.10157921709286016,4__mutated,PertCortex_4_GTCGGGTAGCGCCTCA,3.0857124122684527
6500,0.24212614916197364,4__mutated,PertCortex_4_GTCGGGTGTTCCATGA,3.4573734166173353
6501,0.2911147430328955,4__mutated,PertCortex_4_GTCGGGTTCAAGGCTT,2.450667200031937
6502,0.133159210905511,4__mutated,PertCortex_4_GTCGGGTTCCATGCTC,5.181518103756811
6503,0.13232455426325804,4__mutated,PertCortex_4_GTCGTAAAGGGAAACA,4.9051895453836645
6504,0.14735204535811053,4__mutated,PertCortex_4_GTCGTAAAGTCGTACT,3.045732797663651
6505,0.12251862068926501,4__mutated,PertCortex_4_GTCGTAAGTCCAAGTT,4.823105333320214
6506,0.21988859583185902,4__mutated,PertCortex_4_GTCGTAAGTCCGAATT,4.643801027079549
6507,0.1854934206117104,4__mutated,PertCortex_4_GTCGTAATCATGTAGC,4.284342600166696
6508,0.11543333421084535,4__mutated,PertCortex_4_GTCGTAATCGTGGGAA,4.64226221830776
6509,0.10479760207167349,4__mutated,PertCortex_4_GTCTCGTAGAAGGCCT,5.226552359746298
6510,0.1308636042785351,4__mutated,PertCortex_4_GTCTCGTGTCCAGTTA,3.0955889093405986
6511,0.16541500288235622,4__mutated,PertCortex_4_GTCTCGTTCAACGGGA,3.7639669390475583
6512,0.11086690117777535,4__mutated,PertCortex_4_GTCTCGTTCGGAGCAA,4.598620544916963
6513,0.1567376029054084,4__mutated,PertCortex_4_GTCTTCGAGATCCCAT,2.965504341327012
6514,0.19471491399901797,4__mutated,PertCortex_4_GTCTTCGGTGACCAAG,2.8406597720805595
6515,0.05800990551400822,4__mutated,PertCortex_4_GTCTTCGGTGATGCCC,3.979750030749881
6516,0.08376392253734212,4__mutated,PertCortex_4_GTCTTCGTCGCCAAAT,3.187073074446644
6517,0.007055522564178299,4__mutated,PertCortex_4_GTGAAGGAGCCGGTAA,4.429245914360099
6518,0.2181017192420876,4__mutated,PertCortex_4_GTGAAGGAGGATGTAT,3.427240167675777
6519,0.12096400806395653,4__mutated,PertCortex_4_GTGAAGGAGTGGAGTC,3.0572658036408997
6520,0.14792148073172892,4__mutated,PertCortex_4_GTGAAGGTCACCGGGT,2.5649203841967205
6521,0.07445690913212762,4__mutated,PertCortex_4_GTGAAGGTCCTGTAGA,3.9024746665460945
6522,0.29694491964613934,4__mutated,PertCortex_4_GTGCAGCAGGGTTCCC,2.546715134743684
6523,0.14748408437221114,4__mutated,PertCortex_4_GTGCAGCAGGTGCTAG,4.850786139936048
6524,0.5066621814290853,4__mutated,PertCortex_4_GTGCAGCTCGGTGTCG,2.0286745904186927
6525,0.11030402327837277,4__mutated,PertCortex_4_GTGCATAGTCCGTGAC,3.915022160958979
6526,0.17882662710059224,4__mutated,PertCortex_4_GTGCATATCAGCCTAA,4.737524197279396
6527,0.09018400101744808,4__mutated,PertCortex_4_GTGCATATCATCATTC,3.050042072017608
6528,0.2346507387042704,4__mutated,PertCortex_4_GTGCGGTAGACCCACC,3.521812240006077
6529,0.2097912359306833,4__mutated,PertCortex_4_GTGCGGTCACCGATAT,4.587691826562355
6530,0.5217974931807532,4__mutated,PertCortex_4_GTGCGGTTCTGGAGCC,2.2634999713277875
6531,0.6037847573094526,4__mutated,PertCortex_4_GTGCTTCAGCTAAGAT,1.970346155998186
6532,0.1281665886535835,4__mutated,PertCortex_4_GTGCTTCAGGGTGTGT,3.173453853426576
6533,0.07291378989337713,4__mutated,PertCortex_4_GTGCTTCCACACCGCA,5.045470555903237
6534,0.18791602874966506,4__mutated,PertCortex_4_GTGCTTCCACATGGGA,2.6593614732727224
6535,0.23341337412003713,4__mutated,PertCortex_4_GTGCTTCCACCCATTC,2.7932215920367236
6536,0.19238693865477316,4__mutated,PertCortex_4_GTGCTTCGTGGTACAG,2.893510135994089
6537,0.13472063739551646,4__mutated,PertCortex_4_GTGGGTCAGCTGATAA,4.294753389773123
6538,0.08612105067684217,4__mutated,PertCortex_4_GTGGGTCAGGATGGAA,4.735611144109577
6539,0.11134888543672522,4__mutated,PertCortex_4_GTGGGTCGTGTATGGG,3.823486145509758
6540,0.5732999333800463,4__mutated,PertCortex_4_GTGTGCGAGGATGTAT,1.677195443144436
6541,0.18249668177868777,4__mutated,PertCortex_4_GTGTGCGCATGTTGAC,3.310963632372721
6542,0.1522767783899042,4__mutated,PertCortex_4_GTGTGCGGTCCGAATT,4.761438939486352
6543,0.12744939851622647,4__mutated,PertCortex_4_GTGTGCGTCGCAGGCT,5.124714104528462
6544,0.23322735828545252,4__mutated,PertCortex_4_GTGTTAGAGCCCAGCT,2.7516213068655357
6545,0.10723476154816927,4__mutated,PertCortex_4_GTGTTAGCAACAACCT,3.5451291284391027
6546,0.05848584815205468,4__mutated,PertCortex_4_GTGTTAGCAATCTACG,2.8673830931435886
6547,0.1417171639154577,4__mutated,PertCortex_4_GTGTTAGGTCAATACC,5.008978279400687
6548,0.15953472383955425,4__mutated,PertCortex_4_GTGTTAGTCTACCAGA,2.65338055101119
6549,0.3969950285897473,4__mutated,PertCortex_4_GTTAAGCCACATAACC,2.6354078933766996
6550,0.07710380943699825,4__mutated,PertCortex_4_GTTAAGCCACGCTTTC,3.8827684658802406
6551,0.1470290181447397,4__mutated,PertCortex_4_GTTAAGCGTCCCTTGT,4.553377193834309
6552,0.0776188894856395,4__mutated,PertCortex_4_GTTAAGCTCCTTAATC,3.8290779757208186
6553,0.1886480506097386,4__mutated,PertCortex_4_GTTACAGAGAGTCGGT,2.8251762191776315
6554,0.21876137465189,4__mutated,PertCortex_4_GTTACAGCAGCTATTG,3.724084479579354
6555,0.23525561487826305,4__mutated,PertCortex_4_GTTCATTGTCAGAATA,4.655217392655448
6556,0.1545197224868322,4__mutated,PertCortex_4_GTTCATTGTGCGATAG,5.207088836141309
6557,0.6600851248380081,4__mutated,PertCortex_4_GTTCATTGTTTCGCTC,1.6665519603364385
6558,0.135390383370047,4__mutated,PertCortex_4_GTTCATTTCTGATTCT,5.215550331123195
6559,0.29560761444611044,4__mutated,PertCortex_4_GTTCATTTCTGCTGTC,3.1743290164708107
6560,0.0991851314585344,4__mutated,PertCortex_4_GTTCGGGAGGCTCTTA,4.545770555399584
6561,0.07834685216504562,4__mutated,PertCortex_4_GTTCGGGCACCCTATC,3.6499585295501165
6562,0.28316870162972163,4__mutated,PertCortex_4_GTTCGGGGTGTATGGG,2.256652576770578
6563,0.16728693918108903,4__mutated,PertCortex_4_GTTCGGGTCACTATTC,4.992848436258829
6564,0.18275393623517522,4__mutated,PertCortex_4_GTTCTCGAGAAACGCC,2.986161901665191
6565,0.06857386169563544,4__mutated,PertCortex_4_GTTCTCGGTCCTCTTG,4.467582662824858
6566,0.1624131857147393,4__mutated,PertCortex_4_GTTCTCGGTCTAAACC,3.968977853072286
6567,0.2923147399049048,4__mutated,PertCortex_4_GTTCTCGGTCTTCGTC,3.3869191652968222
6568,0.30229195556993965,4__mutated,PertCortex_4_GTTCTCGTCCGCAAGC,2.848679511716054
6569,0.24119565355005027,4__mutated,PertCortex_4_GTTTCTAAGACAGAGA,3.8385726777588443
6570,0.1629858049360461,4__mutated,PertCortex_4_GTTTCTAAGATCCCGC,4.1583359891218326
6571,0.25994794174332503,4__mutated,PertCortex_4_GTTTCTACACGAAGCA,3.5058320914392533
6572,0.19735734686652098,4__mutated,PertCortex_4_GTTTCTACATGGGAAC,2.9468966995971178
6573,0.14323149457898166,4__mutated,PertCortex_4_GTTTCTATCCTCAACC,4.397089702713514
6574,0.15904399963273433,4__mutated,PertCortex_4_TAAACCGAGGTCGGAT,5.229244001677066
6575,0.20086725453401785,4__mutated,PertCortex_4_TAAACCGAGTACGCGA,4.549622314513145
6576,0.22199971113779762,4__mutated,PertCortex_4_TAAGAGACATACTACG,3.782541962916133
6577,0.08565331770235061,4__mutated,PertCortex_4_TAAGAGAGTTTGGGCC,4.258225211918798
6578,0.08158959152972362,4__mutated,PertCortex_4_TAAGAGATCCAGAAGG,4.15655298502441
6579,0.20001290702963884,4__mutated,PertCortex_4_TAAGAGATCGGACAAG,4.61947491333721
6580,0.08615503752030937,4__mutated,PertCortex_4_TAAGCGTAGAAGGACA,3.975109883877029
6581,0.1823527837182687,4__mutated,PertCortex_4_TAAGCGTGTGAAGGCT,3.0705020393741096
6582,0.14424569821164712,4__mutated,PertCortex_4_TAAGCGTTCGGTTAAC,3.0299519238324133
6583,0.0855645866276226,4__mutated,PertCortex_4_TAAGTGCAGGGAACGG,3.0734557691517725
6584,0.062445635248482276,4__mutated,PertCortex_4_TAAGTGCAGGTGACCA,5.797597270860153
6585,0.12711842953755917,4__mutated,PertCortex_4_TAAGTGCCAATCCAAC,5.003314545130663
6586,0.21370808558008414,4__mutated,PertCortex_4_TAAGTGCCACCTGGTG,3.655306426183973
6587,0.16633358194754053,4__mutated,PertCortex_4_TAAGTGCCAGCTATTG,4.779365421683159
6588,0.15737842873502084,4__mutated,PertCortex_4_TAAGTGCGTACTCAAC,2.573253899762437
6589,0.12858138067258695,4__mutated,PertCortex_4_TAAGTGCGTAGTAGTA,4.969823443408893
6590,0.09425277188793,4__mutated,PertCortex_4_TAAGTGCGTCTAGCCG,5.00840664768401
6591,0.1550935513952765,4__mutated,PertCortex_4_TAAGTGCGTTTGTGTG,2.5930361767655667
6592,0.17395542835487965,4__mutated,PertCortex_4_TAAGTGCTCCGCATAA,5.262405830430984
6593,0.5402084549352444,4__mutated,PertCortex_4_TACACGACAAGCTGGA,1.7060448149345857
6594,0.23273315548073875,4__mutated,PertCortex_4_TACACGACAGGGTACA,4.914655774459478
6595,0.18461576927043247,4__mutated,PertCortex_4_TACACGAGTCTTGTCC,2.62869677852139
6596,0.1345089229495788,4__mutated,PertCortex_4_TACACGATCCGTTGCT,3.024416550037466
6597,0.15723687956133656,4__mutated,PertCortex_4_TACAGTGAGACTGTAA,3.103766477663361
6598,0.18052491073938987,4__mutated,PertCortex_4_TACAGTGTCCACGCAG,3.1264053258804876
6599,0.170214682133769,4__mutated,PertCortex_4_TACAGTGTCCTTAATC,3.8215500275682213
6600,0.16801028090799136,4__mutated,PertCortex_4_TACAGTGTCGGAGGTA,3.6696723090787247
6601,0.16472227486970056,4__mutated,PertCortex_4_TACCTATCAGTCAGCC,5.213125048966049
6602,0.28359791114377136,4__mutated,PertCortex_4_TACCTATGTCCCTTGT,3.5788580644828145
6603,0.4756265855972241,4__mutated,PertCortex_4_TACCTATTCACCACCT,2.7215992335689543
6604,0.14755331623015722,4__mutated,PertCortex_4_TACCTATTCTATCCCG,2.9529355408319318
6605,0.16920601668575802,4__mutated,PertCortex_4_TACCTTAGTCCTCTTG,5.11106375744756
6606,0.08575945171746564,4__mutated,PertCortex_4_TACCTTAGTCGAAAGC,2.8684826348319934
6607,0.21063498442209175,4__mutated,PertCortex_4_TACCTTATCTTGGGTA,4.3593250195373585
6608,0.12630936958764233,4__mutated,PertCortex_4_TACGGATAGATGTCGG,3.2265044320393117
6609,0.11710182550422893,4__mutated,PertCortex_4_TACGGATCAAGCGAGT,4.584126324205595
6610,0.09594612434157611,4__mutated,PertCortex_4_TACGGATCATACGCTA,4.739739017245472
6611,0.4380308733838188,4__mutated,PertCortex_4_TACGGATCATCTCGCT,1.9491542357818203
6612,0.10220636786462867,4__mutated,PertCortex_4_TACGGATCATGCCCGA,2.9576164758792074
6613,0.08197190988626424,4__mutated,PertCortex_4_TACGGATTCACTCCTG,4.011090582675524
6614,0.20137130857613197,4__mutated,PertCortex_4_TACGGATTCCGGCACA,2.4583527396088165
6615,0.10942386970888068,4__mutated,PertCortex_4_TACGGATTCGGAGCAA,3.5651746653163903
6616,0.07612916721416857,4__mutated,PertCortex_4_TACGGGCAGCCACTAT,4.38813159216488
6617,0.12295112937726542,4__mutated,PertCortex_4_TACGGGCAGTCACGCC,4.717965388385022
6618,0.3214505931660331,4__mutated,PertCortex_4_TACGGGCAGTGCCATT,1.77677581707102
6619,0.25308344660614646,4__mutated,PertCortex_4_TACGGGCCAGCTTAAC,2.3808928256307045
6620,0.13825858141715017,4__mutated,PertCortex_4_TACGGGCCATCTGGTA,3.3675147744929856
6621,0.12296014319389383,4__mutated,PertCortex_4_TACGGGCGTCATATCG,3.5943376943720797
6622,0.1537896157971707,4__mutated,PertCortex_4_TACGGGCTCCATGAGT,3.5523420412746587
6623,0.5203132627675914,4__mutated,PertCortex_4_TACGGGCTCCCACTTG,2.5988691065667346
6624,0.0678180230049023,4__mutated,PertCortex_4_TACGGGCTCCTTGACC,4.905066429991159
6625,0.18373331911238572,4__mutated,PertCortex_4_TACGGGCTCTTGTTTG,4.578347090555574
6626,0.19887995982083878,4__mutated,PertCortex_4_TACGGTAAGATGCCTT,4.71557581084059
6627,0.17069048968792486,4__mutated,PertCortex_4_TACGGTAAGGGCTTGA,3.438103027469524
6628,0.09501620006256373,4__mutated,PertCortex_4_TACGGTAAGGTCATCT,4.77675364777262
6629,0.14682322910618,4__mutated,PertCortex_4_TACGGTAAGGTCGGAT,5.54147843694849
6630,0.23599233142907872,4__mutated,PertCortex_4_TACGGTAAGTTTCCTT,3.9923740170171396
6631,0.22607838060751242,4__mutated,PertCortex_4_TACGGTATCCCATTTA,4.5243429221412095
6632,0.3739803432242617,4__mutated,PertCortex_4_TACTCATAGCCGGTAA,3.2174970665564624
6633,0.09855825555542067,4__mutated,PertCortex_4_TACTCATAGGCTCATT,4.931095811053006
6634,0.11020467097063022,4__mutated,PertCortex_4_TACTCATAGGGTCGAT,4.68414135718464
6635,0.1432664444570314,4__mutated,PertCortex_4_TACTCATGTCGAGATG,6.216190754310488
6636,0.20867947965651953,4__mutated,PertCortex_4_TACTCATGTCTCATCC,4.390283629048009
6637,0.1594187468406593,4__mutated,PertCortex_4_TACTCGCAGTTAGCGG,5.22795777578027
6638,0.19071000576022537,4__mutated,PertCortex_4_TACTCGCCACAACGTT,4.76975048333714
6639,0.04751770330482277,4__mutated,PertCortex_4_TACTCGCCAGGACCCT,4.522373480121641
6640,0.32954442277052093,4__mutated,PertCortex_4_TACTCGCGTCTTGTCC,2.1606254318392346
6641,0.12264117773907596,4__mutated,PertCortex_4_TACTTACCACCATGTA,5.085590953449126
6642,0.15797294722244967,4__mutated,PertCortex_4_TACTTACCAGGAACGT,4.569561580777518
6643,0.17416219947570258,4__mutated,PertCortex_4_TACTTACCAGTCTTCC,3.8217713994597715
6644,0.0858230916755301,4__mutated,PertCortex_4_TACTTACCATCCGTGG,5.158450792180255
6645,0.1114425585500527,4__mutated,PertCortex_4_TACTTACGTCATATCG,3.457392988360398
6646,0.0502361640675931,4__mutated,PertCortex_4_TACTTACTCCGATATG,4.225524948273562
6647,0.21278419876593851,4__mutated,PertCortex_4_TACTTGTAGCAAATCA,4.619184132381415
6648,0.650230808204986,4__mutated,PertCortex_4_TACTTGTCACATTTCT,1.9285060263399036
6649,0.09818430496364496,4__mutated,PertCortex_4_TACTTGTGTAATCGTC,4.656500550809027
6650,0.2590892816126211,4__mutated,PertCortex_4_TACTTGTGTGAGGGTT,3.2423553736753075
6651,0.10625029311043634,4__mutated,PertCortex_4_TAGACCAAGCGACGTA,3.720016846499868
6652,0.03947939715607425,4__mutated,PertCortex_4_TAGACCAAGCGATAGC,3.8287134057849683
6653,0.17653490172574385,4__mutated,PertCortex_4_TAGACCAGTGCGATAG,4.432798737338134
6654,0.09087507910893011,4__mutated,PertCortex_4_TAGAGCTAGCCATCGC,4.021804672697365
6655,0.16667708607213444,4__mutated,PertCortex_4_TAGAGCTTCGCGATCG,3.4431402500262607
6656,0.40690210583016645,4__mutated,PertCortex_4_TAGAGCTTCGTTACAG,2.3006619125111274
6657,0.17488475211781884,4__mutated,PertCortex_4_TAGCCGGAGGATGGAA,2.777479975457729
6658,0.2842227676902442,4__mutated,PertCortex_4_TAGCCGGCATTCACTT,3.619849640096006
6659,0.10458383309074314,4__mutated,PertCortex_4_TAGCCGGGTTATTCTC,3.6128227859118422
6660,0.062497433419679976,4__mutated,PertCortex_4_TAGCCGGTCTTGCATT,4.4412350621893415
6661,0.17428959429822216,4__mutated,PertCortex_4_TAGGCATAGCGTGTCC,3.1347267408633215
6662,0.23543451023468986,4__mutated,PertCortex_4_TAGGCATAGGCTAGCA,1.909390224505386
6663,0.07858101510555013,4__mutated,PertCortex_4_TAGGCATAGTCAATAG,4.118340846861935
6664,0.35458466286804907,4__mutated,PertCortex_4_TAGGCATCAATACGCT,2.364182665680126
6665,0.09230903614769181,4__mutated,PertCortex_4_TAGGCATCAATGAAAC,4.909950119374049
6666,0.16641788587159334,4__mutated,PertCortex_4_TAGGCATGTCCCTTGT,3.687645875948873
6667,0.09923327344135754,4__mutated,PertCortex_4_TAGGCATTCATCGGAT,4.044364267162187
6668,0.2020284772210716,4__mutated,PertCortex_4_TAGGCATTCTAAGCCA,3.862700161966205
6669,0.15066359856271622,4__mutated,PertCortex_4_TAGGCATTCTTCTGGC,4.767321546361507
6670,0.25514104223938083,4__mutated,PertCortex_4_TAGTGGTAGATCTGAA,3.7293622308497043
6671,0.23714955929554166,4__mutated,PertCortex_4_TAGTGGTAGATGTGTA,4.952377277403264
6672,0.16963159472648498,4__mutated,PertCortex_4_TAGTGGTAGTGAAGTT,4.4963239184987
6673,0.10518464261573969,4__mutated,PertCortex_4_TAGTGGTCACAACTGT,4.931181153981554
6674,0.06831156782972432,4__mutated,PertCortex_4_TAGTGGTCAGATCCAT,3.5974814806915547
6675,0.1235825712245451,4__mutated,PertCortex_4_TAGTGGTGTAGAAAGG,4.037803969662392
6676,0.017127221433659856,4__mutated,PertCortex_4_TAGTGGTTCAGTCCCT,4.3987680361840615
6677,0.17300799300251754,4__mutated,PertCortex_4_TAGTTGGAGTAGGTGC,2.9263187653810117
6678,0.12481037224595079,4__mutated,PertCortex_4_TAGTTGGCAGATCCAT,3.7432946381439223
6679,0.14675891714307554,4__mutated,PertCortex_4_TAGTTGGCATCACGTA,5.0974825104220445
6680,0.2424030717669357,4__mutated,PertCortex_4_TAGTTGGGTGCAACGA,3.766468802402857
6681,0.17769397363621142,4__mutated,PertCortex_4_TAGTTGGTCGGAGGTA,2.6571446196308752
6682,0.061763938261069684,4__mutated,PertCortex_4_TAGTTGGTCGTGGGAA,2.117988632646249
6683,0.11407079422012352,4__mutated,PertCortex_4_TATCAGGAGAAGGACA,4.3061621618552035
6684,0.20256218531511644,4__mutated,PertCortex_4_TATCAGGAGATGTGGC,3.9621490969522366
6685,0.1453736970265538,4__mutated,PertCortex_4_TATCAGGAGTATGACA,3.2014183721834613
6686,0.0998658774056628,4__mutated,PertCortex_4_TATCAGGCAGCTCGAC,4.679657245677046
6687,0.3237579915984792,4__mutated,PertCortex_4_TATCAGGGTCGCTTTC,2.324600264000902
6688,0.16899180256318172,4__mutated,PertCortex_4_TATCAGGTCAGGTTCA,3.440669881392966
6689,0.1296132078799902,4__mutated,PertCortex_4_TATCAGGTCCAACCAA,4.319373581834558
6690,0.09629620883752471,4__mutated,PertCortex_4_TATCTCACAGCGTAAG,3.4225408915416162
6691,0.11060949352488601,4__mutated,PertCortex_4_TATCTCACAGCTGCAC,4.77252475814857
6692,0.07640055315505288,4__mutated,PertCortex_4_TATCTCACAGGCTGAA,5.036437210981697
6693,0.14624533019587205,4__mutated,PertCortex_4_TATCTCAGTCCGTTAA,2.4727548355836815
6694,0.16289795722551523,4__mutated,PertCortex_4_TATCTCAGTCTAAACC,5.669634227396571
6695,0.41900597156357744,4__mutated,PertCortex_4_TATCTCATCTAACCGA,2.4399248592615206
6696,0.18401716059074838,4__mutated,PertCortex_4_TATGCCCAGCCAGGAT,3.0234671861700804
6697,0.19237438910776314,4__mutated,PertCortex_4_TATGCCCCACAGGTTT,2.7815188770240784
6698,0.27581655154020596,4__mutated,PertCortex_4_TATGCCCCATAGACTC,2.5703496635818732
6699,0.10351554936962053,4__mutated,PertCortex_4_TATGCCCGTGATAAAC,5.199366816033336
6700,0.0693437470181073,4__mutated,PertCortex_4_TATTACCGTTCTGTTT,4.573203853285263
6701,0.3231077830128736,4__mutated,PertCortex_4_TATTACCTCACATACG,4.260096702555849
6702,0.22901788370213647,4__mutated,PertCortex_4_TATTACCTCTGGCGAC,4.7952481581251325
6703,0.0859201806002905,4__mutated,PertCortex_4_TCAACGAAGTCACGCC,4.105467777142776
6704,0.15265531441197386,4__mutated,PertCortex_4_TCAACGAGTGTGACCC,2.449356080948973
6705,0.1172129323878482,4__mutated,PertCortex_4_TCAACGATCCCAAGTA,4.233394668443396
6706,0.20204447560631894,4__mutated,PertCortex_4_TCAATCTAGAGGTAGA,4.601503039147283
6707,0.15534342654149488,4__mutated,PertCortex_4_TCAATCTAGTACGTTC,3.133444962380221
6708,0.25881675598995374,4__mutated,PertCortex_4_TCAATCTAGTGTGAAT,3.3635513416114704
6709,0.09981195685141402,4__mutated,PertCortex_4_TCAATCTCAATGTTGC,3.6891992606171087
6710,0.0923963642319542,4__mutated,PertCortex_4_TCAATCTCAGACGCCT,3.427228672198231
6711,0.168136002801042,4__mutated,PertCortex_4_TCAATCTGTATTACCG,4.199937832219211
6712,0.20562075433937313,4__mutated,PertCortex_4_TCAATCTGTGGCCCTA,4.4400532809685735
6713,0.16722195150136865,4__mutated,PertCortex_4_TCAATCTTCCGATATG,3.5604047279497255
6714,0.282603175094692,4__mutated,PertCortex_4_TCACAAGAGTCGAGTG,2.543453213390514
6715,0.08287097603657591,4__mutated,PertCortex_4_TCACAAGCAAAGGTGC,3.6226789993058794
6716,0.1085185134960687,4__mutated,PertCortex_4_TCACAAGCAATTGCTG,4.9252816375701185
6717,0.2808386326732453,4__mutated,PertCortex_4_TCACAAGCACCAGGTC,2.065929783565172
6718,0.2243800087711459,4__mutated,PertCortex_4_TCACAAGCACTAGTAC,4.594389047833687
6719,0.12570659954832566,4__mutated,PertCortex_4_TCACAAGCAGACGTAG,3.8146519064563913
6720,0.039139118686413454,4__mutated,PertCortex_4_TCACAAGCAGTGAGTG,4.371192140595506
6721,0.24243845142869447,4__mutated,PertCortex_4_TCACAAGCATACCATG,4.366021956225838
6722,0.1368696453771208,4__mutated,PertCortex_4_TCACGAAAGGCTAGCA,4.363080226936083
6723,0.14630983313980406,4__mutated,PertCortex_4_TCACGAACATGGTTGT,3.8447445883445757
6724,0.16900735859155303,4__mutated,PertCortex_4_TCACGAAGTTACGGAG,4.177839736120573
6725,0.19956870308572255,4__mutated,PertCortex_4_TCACGAAGTTGCGTTA,3.78062444222873
6726,0.07345223312332538,4__mutated,PertCortex_4_TCACGAAGTTTGACAC,4.747137936819141
6727,0.14891929869879403,4__mutated,PertCortex_4_TCACGAATCCTAGTGA,4.584494202028318
6728,0.1359423589262962,4__mutated,PertCortex_4_TCACGAATCGGTCCGA,4.469251824188861
6729,0.2035483384633622,4__mutated,PertCortex_4_TCAGATGAGGGTCTCC,2.8968383278201455
6730,-0.0009859711788280973,4__mutated,PertCortex_4_TCAGATGCATGTCCTC,4.038462560030324
6731,0.1716850166297227,4__mutated,PertCortex_4_TCAGATGTCGTTGCCT,4.174215470824476
6732,0.21413926973215788,4__mutated,PertCortex_4_TCAGCAAAGGGTTCCC,2.9461857266516716
6733,0.1999512112186277,4__mutated,PertCortex_4_TCAGCAAAGTTATCGC,3.2683009878460934
6734,0.175047480354008,4__mutated,PertCortex_4_TCAGCAAGTTCTGGTA,4.093879031395083
6735,0.16432401759627766,4__mutated,PertCortex_4_TCAGCTCAGTGTTGAA,3.6715956277394914
6736,0.0839846772268146,4__mutated,PertCortex_4_TCAGCTCCACACATGT,3.4003127917889233
6737,0.09853236311481713,4__mutated,PertCortex_4_TCAGCTCGTACTTAGC,4.665987170032572
6738,0.07136381386788486,4__mutated,PertCortex_4_TCAGCTCGTAGCGTCC,3.214006071562506
6739,0.0831092937927488,4__mutated,PertCortex_4_TCAGCTCGTAGGGTAC,3.1932411256231443
6740,0.120369449583341,4__mutated,PertCortex_4_TCAGGATCATTGGCGC,4.29249050388292
6741,0.27457870291240793,4__mutated,PertCortex_4_TCAGGATGTGCGATAG,4.663522593623977
6742,0.21327872167505213,4__mutated,PertCortex_4_TCAGGATGTTCTGTTT,2.657626636662833
6743,0.6499438992979621,4__mutated,PertCortex_4_TCAGGATTCGCGCCAA,1.5935686950608081
6744,0.1462863327682259,4__mutated,PertCortex_4_TCAGGATTCTCCAACC,3.4176904463961164
6745,0.16069191458584536,4__mutated,PertCortex_4_TCAGGTAAGACAAGCC,4.244483000993272
6746,0.6272307112570104,4__mutated,PertCortex_4_TCAGGTAAGCCAACAG,1.8536951012256642
6747,0.05928801941538327,4__mutated,PertCortex_4_TCAGGTAAGCGTAGTG,4.479069261329795
6748,0.06650071981014911,4__mutated,PertCortex_4_TCAGGTACAGGCAGTA,4.3595243070017675
6749,0.2089605156639099,4__mutated,PertCortex_4_TCAGGTAGTATTCGTG,2.5084952087502077
6750,0.13200933407383475,4__mutated,PertCortex_4_TCAGGTAGTGCGCTTG,3.3022989796525843
6751,0.061161047845982024,4__mutated,PertCortex_4_TCAGGTATCCTAGTGA,4.510237805127162
6752,0.27037263851418675,4__mutated,PertCortex_4_TCATTACAGATCACGG,3.0676671074236865
6753,0.21125714001309204,4__mutated,PertCortex_4_TCATTACAGTCGTTTG,3.3517182488766113
6754,0.11580441293588703,4__mutated,PertCortex_4_TCATTACCACATGTGT,4.23716000580291
6755,0.05812267825708719,4__mutated,PertCortex_4_TCATTACCAGCAGTTT,3.8436988645979917
6756,0.03593498800127964,4__mutated,PertCortex_4_TCATTACCATAACCTG,5.249376525894748
6757,0.17608330685699905,4__mutated,PertCortex_4_TCATTACCATCTCCCA,3.7445456663862333
6758,0.19122989087452255,4__mutated,PertCortex_4_TCATTACGTGTCCTCT,4.623705365619938
6759,0.16848870119068168,4__mutated,PertCortex_4_TCATTACGTTACGGAG,4.404654285436042
6760,0.15510198130203973,4__mutated,PertCortex_4_TCATTTGAGACAATAC,5.169185148161203
6761,0.2319770232215291,4__mutated,PertCortex_4_TCATTTGAGCAATCTC,4.687284563897671
6762,0.0939173524804731,4__mutated,PertCortex_4_TCATTTGAGTAGGCCA,3.575098129648479
6763,0.08977599525544899,4__mutated,PertCortex_4_TCCACACTCAACACCA,4.218732967674078
6764,0.12363836454438952,4__mutated,PertCortex_4_TCCACACTCAGTGTTG,2.9566131116397827
6765,0.07330593805541089,4__mutated,PertCortex_4_TCCACACTCTGCCCTA,4.861468872334226
6766,0.12397586513567813,4__mutated,PertCortex_4_TCCCGATAGACTAGAT,3.9286248036539773
6767,0.20012566567356393,4__mutated,PertCortex_4_TCCCGATAGTACGTTC,3.0714952955944406
6768,0.19156008424145396,4__mutated,PertCortex_4_TCCCGATAGTTGTCGT,4.514706572847522
6769,0.12025985730190629,4__mutated,PertCortex_4_TCCCGATCACTTAAGC,5.1815856948232195
6770,0.18228369656270532,4__mutated,PertCortex_4_TCCCGATCATCGGGTC,3.6266091439249286
6771,0.14728015408782172,4__mutated,PertCortex_4_TCCCGATCATGCGCAC,4.67826809727686
6772,0.13135545526153905,4__mutated,PertCortex_4_TCCCGATGTGAAAGAG,4.670035736029419
6773,0.16695554820022823,4__mutated,PertCortex_4_TCCCGATTCAAGATCC,3.286437248517819
6774,0.30150840840621024,4__mutated,PertCortex_4_TCGAGGCAGCAATCTC,2.0813374084553846
6775,0.15844768851380936,4__mutated,PertCortex_4_TCGAGGCCAATTCCTT,3.93538242990943
6776,0.1390822351639564,4__mutated,PertCortex_4_TCGAGGCCACAACTGT,2.781076382303722
6777,0.11325404139806144,4__mutated,PertCortex_4_TCGAGGCGTACCGTAT,3.6692177567049233
6778,0.20312414264329967,4__mutated,PertCortex_4_TCGAGGCTCCCTTGTG,3.6032938682977327
6779,0.09647675625651705,4__mutated,PertCortex_4_TCGAGGCTCCGCGCAA,4.984829634377479
6780,0.14034075362131382,4__mutated,PertCortex_4_TCGCGAGAGAACTCGG,5.306736752352868
6781,0.2350586734634226,4__mutated,PertCortex_4_TCGCGAGAGCGCCTTG,3.393503578486024
6782,0.15982856178562943,4__mutated,PertCortex_4_TCGCGAGCACCTGGTG,4.790374669085553
6783,0.12705017978072558,4__mutated,PertCortex_4_TCGCGAGCACGAAACG,4.511307195349381
6784,0.19738261216859412,4__mutated,PertCortex_4_TCGCGAGGTTAAGACA,3.920877288886178
6785,0.28295500247824845,4__mutated,PertCortex_4_TCGCGAGTCAGAAATG,2.689585501134991
6786,0.2238733115976499,4__mutated,PertCortex_4_TCGCGTTCAAAGAATC,3.605726490968774
6787,0.19454490084723566,4__mutated,PertCortex_4_TCGCGTTGTACTCGCG,4.998860856770491
6788,0.06889451684876778,4__mutated,PertCortex_4_TCGCGTTGTACTTGAC,4.79023271468044
6789,0.14555229160008615,4__mutated,PertCortex_4_TCGCGTTTCACCTCGT,2.3854543474118923
6790,0.16075765335437328,4__mutated,PertCortex_4_TCGCGTTTCAGGTAAA,4.885055258524402
6791,0.2003925681200881,4__mutated,PertCortex_4_TCGGGACAGGAATCGC,4.25966485888671
6792,0.5185741356758321,4__mutated,PertCortex_4_TCGGGACAGTGTCCCG,2.4575861420989717
6793,0.151425006355065,4__mutated,PertCortex_4_TCGGGACTCTAAGCCA,5.106013837877657
6794,0.21208856240480145,4__mutated,PertCortex_4_TCGGTAAAGCGTTGCC,4.096710482186463
6795,0.027434432912486505,4__mutated,PertCortex_4_TCGGTAAAGGGTGTGT,4.337343843066719
6796,0.08126867631386472,4__mutated,PertCortex_4_TCGGTAAGTATAGGTA,4.471133867998483
6797,0.026511135946100765,4__mutated,PertCortex_4_TCGGTAAGTTATGCGT,4.422398189227641
6798,0.26310154660698964,4__mutated,PertCortex_4_TCGGTAATCAGCGATT,3.515958732783949
6799,0.17985012718959745,4__mutated,PertCortex_4_TCGGTAATCGCCATAA,3.6649197912202194
6800,0.4738509784628649,4__mutated,PertCortex_4_TCGGTAATCGTCCAGG,2.1827909830937755
6801,0.09437641383258531,4__mutated,PertCortex_4_TCGTACCCAGCCTTGG,4.309383478478142
6802,0.16369734960604757,4__mutated,PertCortex_4_TCGTACCGTAGCCTAT,3.5914243895737608
6803,0.30603745583811076,4__mutated,PertCortex_4_TCGTAGAAGGAGTAGA,2.91181199643726
6804,0.19877055216272815,4__mutated,PertCortex_4_TCGTAGAGTTGGAGGT,3.029642495402972
6805,0.10787847811479986,4__mutated,PertCortex_4_TCGTAGATCAAGATCC,2.4191296170695185
6806,0.3672402805165696,4__mutated,PertCortex_4_TCGTAGATCAGCTCTC,1.841592813052949
6807,0.14611116711321973,4__mutated,PertCortex_4_TCGTAGATCGGCTACG,3.4140108850947244
6808,0.13939585371418384,4__mutated,PertCortex_4_TCGTAGATCTGACCTC,5.293997312582482
6809,0.12862003116656484,4__mutated,PertCortex_4_TCTATTGAGCACGCCT,3.9650544024363934
6810,0.16624055724967604,4__mutated,PertCortex_4_TCTATTGCAAGCTGGA,5.133406654282731
6811,0.12372966393356909,4__mutated,PertCortex_4_TCTATTGCAGCTCGAC,4.117491602275848
6812,0.10367895995949948,4__mutated,PertCortex_4_TCTATTGGTAGCTAAA,4.718054259227281
6813,0.12692823319170443,4__mutated,PertCortex_4_TCTATTGGTCTCATCC,3.0732765417546912
6814,0.09639297573589618,4__mutated,PertCortex_4_TCTATTGGTTACTGAC,3.2636420207378096
6815,0.22008378784133853,4__mutated,PertCortex_4_TCTATTGTCACCCGAG,4.66125079114951
6816,0.18181896488261123,4__mutated,PertCortex_4_TCTATTGTCCCATTTA,4.353595326616794
6817,0.1291312133685831,4__mutated,PertCortex_4_TCTATTGTCTTGCATT,3.807032142812192
6818,0.362609774738901,4__mutated,PertCortex_4_TCTCATAAGCTCCTTC,2.2632450227918284
6819,0.15976568780778008,4__mutated,PertCortex_4_TCTCATAAGGTGATTA,4.536041522608999
6820,0.06971909228697394,4__mutated,PertCortex_4_TCTCATAAGGTGGGTT,2.734846797476824
6821,0.10700119140833136,4__mutated,PertCortex_4_TCTCATACAGACACTT,3.9992481605855663
6822,0.11653524160931931,4__mutated,PertCortex_4_TCTCATACAGCTCGAC,4.660988599385113
6823,0.07483970099547432,4__mutated,PertCortex_4_TCTCATACATGGTCAT,4.887920145880841
6824,0.3170831084051467,4__mutated,PertCortex_4_TCTCATAGTTTGGGCC,2.3777498258637384
6825,0.30444686044185504,4__mutated,PertCortex_4_TCTCATATCAGAGCTT,2.2697681071923714
6826,0.0705488409633816,4__mutated,PertCortex_4_TCTCATATCTGGGCCA,4.515819962467651
6827,0.19177389162908398,4__mutated,PertCortex_4_TCTCATATCTTGAGAC,3.1438304158654575
6828,0.17852507994222025,4__mutated,PertCortex_4_TCTCTAAAGTTACCCA,4.202864072279799
6829,0.09241910581589217,4__mutated,PertCortex_4_TCTCTAACACACAGAG,2.950171388372162
6830,0.12219412111252272,4__mutated,PertCortex_4_TCTCTAACACGAAACG,3.7251165956091565
6831,0.10417659497613618,4__mutated,PertCortex_4_TCTCTAAGTCTTCGTC,4.206378475974838
6832,0.21278795811748263,4__mutated,PertCortex_4_TCTGAGAAGTACTTGC,5.116028016009262
6833,0.1273842821917792,4__mutated,PertCortex_4_TCTGAGACATTACCTT,4.93520094780563
6834,0.2697668441407416,4__mutated,PertCortex_4_TCTGAGAGTTAGAACA,4.697737929863029
6835,0.1727669173710192,4__mutated,PertCortex_4_TCTGAGATCGAATGGG,3.135194866033138
6836,0.16584944764035967,4__mutated,PertCortex_4_TCTGAGATCGGCATCG,4.868392676250028
6837,0.5167522453950214,4__mutated,PertCortex_4_TCTGGAAAGGCAAAGA,2.296829133546128
6838,0.19976399302210734,4__mutated,PertCortex_4_TCTGGAAGTTGCTCCT,4.295610798711441
6839,0.19512275391913406,4__mutated,PertCortex_4_TCTGGAAGTTTAGCTG,4.894373114038009
6840,0.1600551664535148,4__mutated,PertCortex_4_TCTGGAATCCACGACG,4.20045750393235
6841,0.10025826046699055,4__mutated,PertCortex_4_TCTTCGGAGCTGATAA,4.025592483781561
6842,0.29444472847454667,4__mutated,PertCortex_4_TCTTCGGTCACTATTC,2.604619786238002
6843,0.14334504844513937,4__mutated,PertCortex_4_TCTTCGGTCCACTCCA,4.865634500202867
6844,0.16846262975048312,4__mutated,PertCortex_4_TCTTCGGTCTAGAGTC,4.798214022184745
6845,0.25258289862467614,4__mutated,PertCortex_4_TCTTCGGTCTGGCGTG,3.7459200532862402
6846,0.21591355823613223,4__mutated,PertCortex_4_TCTTTCCAGGACTGGT,3.0799939654900785
6847,0.22694262290617942,4__mutated,PertCortex_4_TCTTTCCCAATAACGA,3.632484671524693
6848,0.12895148094651904,4__mutated,PertCortex_4_TCTTTCCGTAAATACG,5.411500115989711
6849,0.22032469456608075,4__mutated,PertCortex_4_TCTTTCCGTAGAAGGA,3.733437654015139
6850,0.1101662527193806,4__mutated,PertCortex_4_TCTTTCCGTAGGCATG,3.4272186739778987
6851,0.21318070731665473,4__mutated,PertCortex_4_TCTTTCCTCATCGATG,4.097830048043393
6852,0.16387544564923973,4__mutated,PertCortex_4_TCTTTCCTCGCCAGCA,3.1279168591285926
6853,0.40463932313119755,4__mutated,PertCortex_4_TGAAAGACAACTGGCC,2.4577621343566225
6854,0.07123593001703082,4__mutated,PertCortex_4_TGAAAGACAATGGACG,4.903475421386412
6855,0.31211783325720194,4__mutated,PertCortex_4_TGAAAGAGTAGGGTAC,2.51090132839955
6856,0.14044233767119665,4__mutated,PertCortex_4_TGACAACAGCACACAG,4.5827640971077415
6857,0.10265539718628393,4__mutated,PertCortex_4_TGACAACAGTGTTAGA,2.9386938406585794
6858,0.093801634371063,4__mutated,PertCortex_4_TGACAACCATGACATC,3.813541118609449
6859,0.13740132494902646,4__mutated,PertCortex_4_TGACAACGTACTCAAC,4.933538141867705
6860,0.16595793837264408,4__mutated,PertCortex_4_TGACAACGTGGTGTAG,4.83600018650395
6861,0.23113301624691493,4__mutated,PertCortex_4_TGACAACGTTATGTGC,3.5376881485305938
6862,0.17507470032398542,4__mutated,PertCortex_4_TGACAACTCGGCATCG,3.4540074776809115
6863,0.36101239113225997,4__mutated,PertCortex_4_TGACGGCCAACTGGCC,3.936329774497114
6864,0.1838269949768002,4__mutated,PertCortex_4_TGACGGCCAGTTTACG,4.869919973183568
6865,0.14479143836691263,4__mutated,PertCortex_4_TGACGGCGTAGGCTGA,4.158615556603536
6866,0.13577354557626234,4__mutated,PertCortex_4_TGACGGCGTCTCACCT,5.068937941748149
6867,0.22021017726242137,4__mutated,PertCortex_4_TGACGGCGTCTGATTG,5.171431927514678
6868,0.16234553762599843,4__mutated,PertCortex_4_TGACGGCTCCCGGATG,2.7393366529648246
6869,0.142214178677009,4__mutated,PertCortex_4_TGACGGCTCTTGTACT,2.5641625571987614
6870,0.1306256128600436,4__mutated,PertCortex_4_TGACTAGAGATGTTAG,4.313780488223889
6871,0.12680840851949907,4__mutated,PertCortex_4_TGACTAGAGTAGATGT,2.296860131476444
6872,0.0606674697717041,4__mutated,PertCortex_4_TGACTAGAGTCCATAC,4.441409370556484
6873,0.2903607263399527,4__mutated,PertCortex_4_TGACTAGCAAGCCCAC,3.7438068579726473
6874,0.09358780707986232,4__mutated,PertCortex_4_TGACTAGCAGCTGCAC,4.08795031093488
6875,0.22208804291287948,4__mutated,PertCortex_4_TGACTAGCATGCAACT,3.181799335518099
6876,0.20049138958969456,4__mutated,PertCortex_4_TGACTAGGTGCAACGA,2.048320646190748
6877,0.19670146675524589,4__mutated,PertCortex_4_TGACTTTAGATACACA,3.3372828813054642
6878,0.1674693454798546,4__mutated,PertCortex_4_TGACTTTCAATCCGAT,4.8597811188371
6879,0.13933720606943095,4__mutated,PertCortex_4_TGACTTTTCTTGTCAT,5.22118194484951
6880,0.05489480676360549,4__mutated,PertCortex_4_TGAGAGGAGTAGTGCG,4.319934967285687
6881,0.12354699417834757,4__mutated,PertCortex_4_TGAGAGGTCATAAAGG,5.78782569739298
6882,0.024690057066690103,4__mutated,PertCortex_4_TGAGAGGTCCTCATTA,4.440263747504747
6883,0.1987114561777307,4__mutated,PertCortex_4_TGAGCATAGCTGTCTA,4.868948314608322
6884,0.2534052192516807,4__mutated,PertCortex_4_TGAGCATCAAGTTCTG,2.662549321418259
6885,0.15089566422436956,4__mutated,PertCortex_4_TGAGCATGTCAGTGGA,3.9661832797329746
6886,0.1801269487409793,4__mutated,PertCortex_4_TGAGCATGTTAAGATG,4.743820220603251
6887,0.2804758410275287,4__mutated,PertCortex_4_TGAGCATGTTGACGTT,3.2747839764715043
6888,0.15765520740121444,4__mutated,PertCortex_4_TGAGCATTCACAGGCC,3.436017675942989
6889,0.10244467677910812,4__mutated,PertCortex_4_TGAGCATTCAGCTCGG,4.313918470334278
6890,0.07739704396229458,4__mutated,PertCortex_4_TGAGCATTCTCTAAGG,3.714372565931259
6891,0.2517964655856679,4__mutated,PertCortex_4_TGAGCCGAGCTGCAAG,4.121965244632028
6892,0.26784422260520363,4__mutated,PertCortex_4_TGAGCCGGTAAGCACG,2.7982421410340823
6893,0.20272177130008312,4__mutated,PertCortex_4_TGAGCCGGTCCGACGT,3.6538486587280925
6894,0.15504113100257033,4__mutated,PertCortex_4_TGAGCCGGTCTAGTGT,4.57628476292222
6895,0.22427771384088432,4__mutated,PertCortex_4_TGAGCCGTCATCGGAT,2.899391644417549
6896,0.16666400378269752,4__mutated,PertCortex_4_TGAGGGAAGGACAGCT,3.949165927132135
6897,0.0858746703895701,4__mutated,PertCortex_4_TGAGGGAAGGAGTTGC,5.461058940522151
6898,0.13200271838234004,4__mutated,PertCortex_4_TGAGGGACAGCTCGCA,5.0353497117022945
6899,0.1682265113928187,4__mutated,PertCortex_4_TGAGGGATCTAGCACA,3.7706188295294787
6900,0.33802310270000074,4__mutated,PertCortex_4_TGATTTCAGCCTTGAT,2.611771500235176
6901,0.13284760735765117,4__mutated,PertCortex_4_TGATTTCAGTCTCGGC,3.8254651336210452
6902,0.08858791626516034,4__mutated,PertCortex_4_TGATTTCGTCCAAGTT,4.844507022862162
6903,0.13025745611632006,4__mutated,PertCortex_4_TGATTTCGTCTGATCA,4.614803571186703
6904,0.09491796466508931,4__mutated,PertCortex_4_TGATTTCGTTCGGGCT,4.964592453908677
6905,0.23070677354010202,4__mutated,PertCortex_4_TGATTTCTCTGTTTGT,4.741447997238547
6906,0.0693174409740137,4__mutated,PertCortex_4_TGCACCTCAGCTGTGC,3.844028948489673
6907,0.08498457217629367,4__mutated,PertCortex_4_TGCACCTCATTACGAC,4.2870958105656864
6908,0.1319513407758557,4__mutated,PertCortex_4_TGCACCTGTAGCTGCC,3.859864826080031
6909,0.17586810219857188,4__mutated,PertCortex_4_TGCACCTTCAGCAACT,3.752899403826501
6910,0.12652381973928076,4__mutated,PertCortex_4_TGCCAAACACAGTCGC,4.139057943268106
6911,0.19949316368254955,4__mutated,PertCortex_4_TGCCAAACATCCAACA,2.7031202038356676
6912,0.1276987488453119,4__mutated,PertCortex_4_TGCCAAAGTCTCCACT,5.397651709422672
6913,0.151416412073201,4__mutated,PertCortex_4_TGCCAAATCACGGTTA,3.7772959273924833
6914,0.4753892074300093,4__mutated,PertCortex_4_TGCCAAATCTCGATGA,2.498069081194164
6915,0.1635626280225294,4__mutated,PertCortex_4_TGCCCATAGAGTCTGG,4.196292995815045
6916,0.1015662502325418,4__mutated,PertCortex_4_TGCCCATTCACCTCGT,4.417169972925476
6917,0.09146607593147027,4__mutated,PertCortex_4_TGCCCTAAGACCGGAT,3.2998699972016086
6918,0.1206075093600926,4__mutated,PertCortex_4_TGCCCTAAGAGCCTAG,4.314449553596938
6919,0.07720286070867226,4__mutated,PertCortex_4_TGCCCTAAGCCCAACC,2.4199776340322376
6920,0.19811643444802213,4__mutated,PertCortex_4_TGCCCTACACCATGTA,2.740405068997406
6921,0.09616031025500235,4__mutated,PertCortex_4_TGCCCTAGTAAAGGAG,4.646729571364903
6922,0.33064916104305936,4__mutated,PertCortex_4_TGCCCTAGTAGGGTAC,2.5140904362878636
6923,0.29370288879406187,4__mutated,PertCortex_4_TGCCCTAGTCTCACCT,3.066346686020735
6924,0.08655083545008763,4__mutated,PertCortex_4_TGCCCTAGTGCGGTAA,2.4216069725058627
6925,0.14327010463345052,4__mutated,PertCortex_4_TGCCCTAGTTTACTCT,4.1847934957727535
6926,0.28745179377517355,4__mutated,PertCortex_4_TGCCCTATCAACCATG,3.293646152735491
6927,0.21531212597327648,4__mutated,PertCortex_4_TGCCCTATCCACGCAG,3.669852658743384
6928,0.21270224652471273,4__mutated,PertCortex_4_TGCCCTATCGTCGTTC,4.67185377422416
6929,0.09840982039228247,4__mutated,PertCortex_4_TGCGCAGAGCGTTGCC,4.875606645676481
6930,0.21025605398245742,4__mutated,PertCortex_4_TGCGCAGAGGAGTACC,2.628226398836433
6931,0.2543510807012023,4__mutated,PertCortex_4_TGCGCAGCAGTTCATG,3.6376073146139722
6932,0.5416557877782334,4__mutated,PertCortex_4_TGCGCAGGTATAAACG,2.2777463772397932
6933,0.10131753170474257,4__mutated,PertCortex_4_TGCGCAGGTCTAGGTT,4.107473518460889
6934,0.15968688797095307,4__mutated,PertCortex_4_TGCGCAGGTGGTAACG,3.7358741246908123
6935,0.140131297859226,4__mutated,PertCortex_4_TGCGCAGTCCAAACTG,3.9793575333989897
6936,0.1480538571116311,4__mutated,PertCortex_4_TGCGCAGTCCTGCCAT,5.433536223010016
6937,0.1566724140886058,4__mutated,PertCortex_4_TGCGGGTAGACAAAGG,2.30320294806479
6938,0.15119770637674995,4__mutated,PertCortex_4_TGCGGGTAGCAACGGT,3.4789417493630665
6939,0.6189199582420551,4__mutated,PertCortex_4_TGCGGGTCATATGCTG,2.03941380971896
6940,0.06658575510063058,4__mutated,PertCortex_4_TGCGGGTGTAGCTTGT,3.489184648864169
6941,0.278650283239675,4__mutated,PertCortex_4_TGCGGGTGTCAGAATA,1.9427213192679684
6942,0.17614659614884537,4__mutated,PertCortex_4_TGCGGGTTCAAGGCTT,4.724832590630076
6943,0.5454603140009435,4__mutated,PertCortex_4_TGCGGGTTCCGCGTTT,1.9738396507739218
6944,0.5580345054653593,4__mutated,PertCortex_4_TGCGGGTTCCGTCATC,2.124707314178766
6945,0.1956314849485525,4__mutated,PertCortex_4_TGCGGGTTCGGTTCGG,3.192438548427689
6946,0.28255260003030436,4__mutated,PertCortex_4_TGCGGGTTCTCGATGA,3.3008699776465287
6947,0.06274163898814936,4__mutated,PertCortex_4_TGCGTGGAGACCCACC,4.20962961253856
6948,0.3733036368022983,4__mutated,PertCortex_4_TGCGTGGAGCTCTCGG,2.106016985088372
6949,0.20362223598025317,4__mutated,PertCortex_4_TGCGTGGAGGACACCA,3.4597638801600725
6950,0.11230298721041113,4__mutated,PertCortex_4_TGCGTGGGTCATCCCT,5.0313290157488915
6951,0.41855068575260695,4__mutated,PertCortex_4_TGCGTGGGTGAGTATA,2.1558895828945777
6952,0.26831288337101705,4__mutated,PertCortex_4_TGCGTGGGTGCAGGTA,4.454657534783076
6953,0.21575699935990442,4__mutated,PertCortex_4_TGCGTGGGTTCAGACT,4.576913771631982
6954,0.21671769061862306,4__mutated,PertCortex_4_TGCTACCAGCGCCTCA,3.460356844424143
6955,0.27176840987507955,4__mutated,PertCortex_4_TGCTACCAGCTAGGCA,3.616074010688043
6956,0.36369488702174513,4__mutated,PertCortex_4_TGCTACCCAATACGCT,2.2065922468218977
6957,0.1690487195839767,4__mutated,PertCortex_4_TGCTACCGTCCAACTA,2.9009544666669593
6958,0.41879913525432777,4__mutated,PertCortex_4_TGCTACCTCGCGCCAA,2.162683872854907
6959,0.14808656286560218,4__mutated,PertCortex_4_TGCTGCTAGGATTCGG,4.33233125694264
6960,0.1661950229583079,4__mutated,PertCortex_4_TGCTGCTAGGTGATTA,3.1155230266201617
6961,0.24505741925499755,4__mutated,PertCortex_4_TGCTGCTGTACTTGAC,3.1776013611245544
6962,0.16671821984484286,4__mutated,PertCortex_4_TGCTGCTGTCAAAGCG,4.651822483702538
6963,0.08874603529771674,4__mutated,PertCortex_4_TGCTGCTGTGCAGGTA,4.813618397846349
6964,0.13256650597449496,4__mutated,PertCortex_4_TGCTGCTTCCTTAATC,2.247345155333188
6965,0.17721342402149437,4__mutated,PertCortex_4_TGGACGCCATGCCCGA,3.820363197436154
6966,0.27523544650601706,4__mutated,PertCortex_4_TGGACGCGTCAAGCGA,3.0928576320918757
6967,0.18153667490044456,4__mutated,PertCortex_4_TGGACGCGTGGCCCTA,4.472130336209974
6968,0.14220916821229423,4__mutated,PertCortex_4_TGGACGCGTTAAAGTG,3.7188725280473087
6969,0.15868404783703186,4__mutated,PertCortex_4_TGGACGCTCACCCTCA,3.7721958428388978
6970,0.17343681637130265,4__mutated,PertCortex_4_TGGCCAGAGCGTGAAC,4.661760803271778
6971,0.1476224077198678,4__mutated,PertCortex_4_TGGCCAGAGTTGTAGA,3.6832694093688745
6972,0.30242793643033555,4__mutated,PertCortex_4_TGGCCAGGTACCTACA,2.429590249098405
6973,0.04976784663467276,4__mutated,PertCortex_4_TGGCCAGGTAGGAGTC,4.412926847671501
6974,0.18728499298906864,4__mutated,PertCortex_4_TGGCCAGGTTTAGGAA,3.6271675749236345
6975,0.13190969845674008,4__mutated,PertCortex_4_TGGCCAGTCCACGAAT,4.6686821208501295
6976,0.21525150330095058,4__mutated,PertCortex_4_TGGCCAGTCGTAGGAG,4.482938178307045
6977,0.14987846239456024,4__mutated,PertCortex_4_TGGCGCAAGCGAAGGG,4.661547232010279
6978,0.19675779193478105,4__mutated,PertCortex_4_TGGCGCACATATGAGA,3.586147677760744
6979,0.13774504802725604,4__mutated,PertCortex_4_TGGCTGGAGGGCTTGA,3.3479233886523643
6980,0.44213599773731127,4__mutated,PertCortex_4_TGGCTGGCACACAGAG,2.7098396410963907
6981,0.23861511013748807,4__mutated,PertCortex_4_TGGCTGGGTAATTGGA,2.2498949036699294
6982,0.18459429441293806,4__mutated,PertCortex_4_TGGCTGGGTCATCGGC,3.9502516118402444
6983,0.10814054302401567,4__mutated,PertCortex_4_TGGCTGGTCAAACCGT,4.15074109485936
6984,0.16602765906703995,4__mutated,PertCortex_4_TGGGAAGAGTCCGTAT,4.705406162358222
6985,0.5062892069459821,4__mutated,PertCortex_4_TGGGAAGCAGAGTGTG,2.4455670398216527
6986,0.1649873103315137,4__mutated,PertCortex_4_TGGGAAGTCGTGGTCG,2.9996732200070437
6987,0.15917750504767494,4__mutated,PertCortex_4_TGGGAAGTCTTACCGC,5.268832211870462
6988,0.18898348504273743,4__mutated,PertCortex_4_TGGGCGTAGAGCCCAA,4.619570662985847
6989,0.00016031982166417327,4__mutated,PertCortex_4_TGGGCGTAGATATGCA,2.989851766178523
6990,0.22346099894410767,4__mutated,PertCortex_4_TGGGCGTAGTTCGCAT,4.160893318924415
6991,0.10690596447034134,4__mutated,PertCortex_4_TGGGCGTCAATCGAAA,3.1938571629918315
6992,0.12779545018498228,4__mutated,PertCortex_4_TGGGCGTTCTAACCGA,3.80609342411071
6993,0.10547522761180819,4__mutated,PertCortex_4_TGGGCGTTCTCAAGTG,4.00065067707506
6994,0.05963080808958616,4__mutated,PertCortex_4_TGGTTAGCAAGCGAGT,2.4888497868070454
6995,0.017836913369858647,4__mutated,PertCortex_4_TGGTTAGCAGCTGCAC,4.931396213817661
6996,0.20876606262584219,4__mutated,PertCortex_4_TGGTTAGCATGGTCAT,3.6706412689624637
6997,0.18626449408083734,4__mutated,PertCortex_4_TGGTTAGTCACCTCGT,4.221776210524888
6998,0.20243137284522522,4__mutated,PertCortex_4_TGGTTAGTCGCGCCAA,4.662458350621255
6999,0.07339963976156831,4__mutated,PertCortex_4_TGGTTAGTCTGGTATG,4.546434212793784
7000,0.11484485008920074,4__mutated,PertCortex_4_TGGTTCCAGACAAAGG,5.034200861097682
7001,0.18630337596256022,4__mutated,PertCortex_4_TGGTTCCAGGCAAAGA,4.2323730547233955
7002,0.10983012844121862,4__mutated,PertCortex_4_TGTATTCAGATGTGTA,4.9314094372148665
7003,0.06648709056273838,4__mutated,PertCortex_4_TGTATTCAGCCATCGC,4.984857875681813
7004,0.16634818842443985,4__mutated,PertCortex_4_TGTATTCAGGACCACA,3.932006057498299
7005,0.14213836040396965,4__mutated,PertCortex_4_TGTATTCCACGCATCG,3.479493240161652
7006,0.03698956909292351,4__mutated,PertCortex_4_TGTATTCCATGCATGT,4.590081563554771
7007,0.11399179272160985,4__mutated,PertCortex_4_TGTATTCGTACGAAAT,4.621886265209553
7008,0.10262881246746236,4__mutated,PertCortex_4_TGTATTCGTCATTAGC,5.183448337486003
7009,0.14279829027484095,4__mutated,PertCortex_4_TGTATTCGTCTAGGTT,3.629117498423785
7010,0.10219675700117352,4__mutated,PertCortex_4_TGTATTCTCCTATTCA,5.088488428795841
7011,0.16817567768984543,4__mutated,PertCortex_4_TGTATTCTCCTCAACC,3.6745866201302504
7012,0.13504871005225236,4__mutated,PertCortex_4_TGTATTCTCTTAGAGC,4.890163256139136
7013,0.2231374716472941,4__mutated,PertCortex_4_TGTATTCTCTTCTGGC,4.39589692160662
7014,0.1784708607387458,4__mutated,PertCortex_4_TGTCCCAGTAACGACG,3.5358371943416467
7015,0.26822035985593023,4__mutated,PertCortex_4_TGTCCCAGTATATCCG,3.3461158748708675
7016,0.21747238708508337,4__mutated,PertCortex_4_TGTCCCAGTCGTCTTC,3.7072870914169007
7017,0.0962385200856073,4__mutated,PertCortex_4_TGTCCCAGTGCCTGTG,3.8412824413348883
7018,0.17291652122439133,4__mutated,PertCortex_4_TGTGGTACAAACTGTC,3.7693287550272583
7019,0.07236869377260569,4__mutated,PertCortex_4_TGTGGTACAAAGAATC,3.5717565516447123
7020,0.22411730356634013,4__mutated,PertCortex_4_TGTGGTACATGAGCGA,4.566237769953697
7021,0.1945132890182919,4__mutated,PertCortex_4_TGTGGTAGTTCCCGAG,4.270484606799917
7022,0.23090882459224898,4__mutated,PertCortex_4_TGTGGTAGTTCCCTTG,3.246789316613648
7023,0.07571131704761384,4__mutated,PertCortex_4_TGTGGTATCACAACGT,4.713439478998739
7024,0.17823420753764982,4__mutated,PertCortex_4_TGTGGTATCTTATCTG,4.6815588589942
7025,0.1663237433331671,4__mutated,PertCortex_4_TGTGTTTAGATGCGAC,5.510208887923386
7026,0.15325147807817885,4__mutated,PertCortex_4_TGTGTTTCAATGACCT,5.097202735306997
7027,0.20865234202665006,4__mutated,PertCortex_4_TGTGTTTCACGCTTTC,4.140270441004582
7028,0.13542029790453758,4__mutated,PertCortex_4_TGTGTTTTCTCGAGTA,4.226004176216649
7029,0.1891616190808722,4__mutated,PertCortex_4_TGTTCCGAGCCCGAAA,3.9389779759993346
7030,0.21324370640165133,4__mutated,PertCortex_4_TGTTCCGCAAGTTGTC,4.920828677383526
7031,0.3125211087554432,4__mutated,PertCortex_4_TGTTCCGGTCACTGGC,2.0826298553482983
7032,0.1397901068304632,4__mutated,PertCortex_4_TGTTCCGTCACCATAG,3.4373755429627644
7033,0.18787190723003613,4__mutated,PertCortex_4_TGTTCCGTCGGGAGTA,2.412440087795344
7034,0.191183853993807,4__mutated,PertCortex_4_TTAACTCCATGCCACG,3.444153196731483
7035,0.2567516583912827,4__mutated,PertCortex_4_TTAACTCGTCAGCTAT,3.5789440601335216
7036,0.12035586197176851,4__mutated,PertCortex_4_TTAACTCGTCCCTTGT,3.7459878362138475
7037,0.18831721289075787,4__mutated,PertCortex_4_TTAGGACAGTTGAGTA,4.997376265715721
7038,0.09902371765992242,4__mutated,PertCortex_4_TTAGGACGTCAAAGCG,4.276161480783814
7039,0.2029028804793484,4__mutated,PertCortex_4_TTAGGACTCCTGCAGG,3.276698116333477
7040,0.26602852180914277,4__mutated,PertCortex_4_TTAGGCAAGACTGGGT,2.6363479632321414
7041,0.14035358602951595,4__mutated,PertCortex_4_TTAGGCAAGCAAATCA,4.589046406130874
7042,0.09641729376857075,4__mutated,PertCortex_4_TTAGGCAGTACTTAGC,5.130545762587441
7043,0.15881228963894795,4__mutated,PertCortex_4_TTAGGCAGTCAGCTAT,3.7261319909661785
7044,0.09127839856804532,4__mutated,PertCortex_4_TTAGGCAGTTATGCGT,3.1188746899336213
7045,0.21240498910260228,4__mutated,PertCortex_4_TTAGGCATCCGGCACA,2.628842368823089
7046,0.25482582844120694,4__mutated,PertCortex_4_TTAGTTCAGCTCAACT,3.8516242629156645
7047,0.1630759868165362,4__mutated,PertCortex_4_TTAGTTCAGTGTCCAT,2.633260918716181
7048,0.21967790679984509,4__mutated,PertCortex_4_TTAGTTCCACAGGAGT,4.011824215125943
7049,0.09667252831016178,4__mutated,PertCortex_4_TTAGTTCCACCACGTG,3.165901584290077
7050,0.1548495892078296,4__mutated,PertCortex_4_TTAGTTCGTTGATTCG,4.031903686604935
7051,0.09614517711911735,4__mutated,PertCortex_4_TTAGTTCTCCAAGTAC,4.8139925234955445
7052,0.33244799940485587,4__mutated,PertCortex_4_TTAGTTCTCCTTGACC,2.4228343960663037
7053,0.1665677785636212,4__mutated,PertCortex_4_TTAGTTCTCCTTTCTC,4.155710465056794
7054,0.11869861373314254,4__mutated,PertCortex_4_TTATGCTAGTACGTAA,4.615893697531689
7055,0.16227729401902288,4__mutated,PertCortex_4_TTATGCTCACCAGGTC,3.9225560345214086
7056,0.07869286257913187,4__mutated,PertCortex_4_TTATGCTCAGGTCGTC,4.446025674588133
7057,0.08838356959828089,4__mutated,PertCortex_4_TTATGCTGTTCTGTTT,3.6892944407112767
7058,0.2992552003377468,4__mutated,PertCortex_4_TTCCCAGAGACCTAGG,2.4421834543816914
7059,0.06347500511198644,4__mutated,PertCortex_4_TTCCCAGAGAGACGAA,3.7485872167526906
7060,0.1524963416172901,4__mutated,PertCortex_4_TTCCCAGAGCCACGTC,5.227616704670723
7061,0.14339295371140132,4__mutated,PertCortex_4_TTCCCAGCACATGGGA,2.9110696007114303
7062,0.09657734372173706,4__mutated,PertCortex_4_TTCCCAGCACTAAGTC,4.038649687196453
7063,0.2756697072201338,4__mutated,PertCortex_4_TTCCCAGGTGCGGTAA,3.658481428231178
7064,0.12935091733857104,4__mutated,PertCortex_4_TTCCCAGTCCAGAGGA,3.8348470090253985
7065,0.1527345659191658,4__mutated,PertCortex_4_TTCGAAGCAGTGACAG,4.4862365342381745
7066,0.1302539813809376,4__mutated,PertCortex_4_TTCGAAGCATCACAAC,2.615079152143709
7067,0.1320149312824378,4__mutated,PertCortex_4_TTCGAAGCATGGTCTA,3.6491099766256694
7068,0.04858984995630452,4__mutated,PertCortex_4_TTCGAAGGTCAGGACA,3.03983440889997
7069,0.10803984670323999,4__mutated,PertCortex_4_TTCGAAGGTCCCTACT,5.18337760245485
7070,0.11120128000948983,4__mutated,PertCortex_4_TTCGAAGGTTCCAACA,4.455144051204192
7071,0.07786629717929165,4__mutated,PertCortex_4_TTCGGTCAGACATAAC,4.871223764781499
7072,0.2678606283510439,4__mutated,PertCortex_4_TTCGGTCCACATGGGA,3.841756794453397
7073,0.11482090420547475,4__mutated,PertCortex_4_TTCGGTCCATCCGTGG,4.1215564058331005
7074,0.17856975887085308,4__mutated,PertCortex_4_TTCGGTCGTGAAAGAG,4.38289472616081
7075,0.23246334498555932,4__mutated,PertCortex_4_TTCGGTCTCTCGAGTA,4.293223280662601
7076,0.09965944035198664,4__mutated,PertCortex_4_TTCGGTCTCTCGCTTG,4.642272178256173
7077,0.23891713454414426,4__mutated,PertCortex_4_TTCTACAAGCGTTCCG,3.2435242533409627
7078,0.14218795313407642,4__mutated,PertCortex_4_TTCTACACAGACGCTC,4.652732318217682
7079,0.188090553985124,4__mutated,PertCortex_4_TTCTACACAGTTCATG,3.156200127508912
7080,0.1565222365769272,4__mutated,PertCortex_4_TTCTCAAAGATGTCGG,4.717886724850722
7081,0.1307052304553797,4__mutated,PertCortex_4_TTCTCAAAGTTCGCAT,5.249429879028845
7082,0.2416968947808803,4__mutated,PertCortex_4_TTCTCAAGTTACCGAT,3.2678758565637955
7083,0.15699165391268124,4__mutated,PertCortex_4_TTCTCAATCCAGGGCT,4.706877481520549
7084,0.05938038692219242,4__mutated,PertCortex_4_TTCTCCTAGCGACGTA,3.9818899656222637
7085,0.2669337996050227,4__mutated,PertCortex_4_TTCTCCTAGGCGTACA,3.2188103852465404
7086,0.11074558709848281,4__mutated,PertCortex_4_TTCTCCTCAAGCTGAG,4.172768031613648
7087,0.1166228823165794,4__mutated,PertCortex_4_TTCTCCTTCAACCATG,4.732922478279594
7088,0.2628982077178165,4__mutated,PertCortex_4_TTCTCCTTCCTCCTAG,3.0237674293567527
7089,0.23478974360211763,4__mutated,PertCortex_4_TTCTTAGAGGTGTTAA,4.526830586359067
7090,0.059076039236086945,4__mutated,PertCortex_4_TTCTTAGGTGGGTCAA,5.30455598532811
7091,0.5944618547263988,4__mutated,PertCortex_4_TTCTTAGGTGTTCTTT,2.176259599506331
7092,0.11933286886243494,4__mutated,PertCortex_4_TTCTTAGGTTTACTCT,4.096390446027048
7093,0.08667174025636543,4__mutated,PertCortex_4_TTCTTAGTCTACTCAT,6.1407428002855395
7094,0.18080324531862635,4__mutated,PertCortex_4_TTGAACGCACACAGAG,4.40053044799827
7095,0.17293817618046475,4__mutated,PertCortex_4_TTGAACGCACGAAATA,5.363410239159258
7096,0.027864955816768826,4__mutated,PertCortex_4_TTGACTTAGCCACCTG,3.298264388454996
7097,0.09890456294238312,4__mutated,PertCortex_4_TTGACTTAGCCAGAAC,5.683370491525442
7098,0.5087941811250637,4__mutated,PertCortex_4_TTGACTTCAGATTGCT,2.453367797377714
7099,0.44797143759677605,4__mutated,PertCortex_4_TTGACTTCATGGGAAC,2.3184351360318534
7100,0.07837653746020704,4__mutated,PertCortex_4_TTGACTTGTCGTGGCT,4.671539200769327
7101,0.09164764244009532,4__mutated,PertCortex_4_TTGACTTGTCTGCCAG,4.6154342655872265
7102,0.12950759062289016,4__mutated,PertCortex_4_TTGACTTTCAGATAAG,3.627769529585924
7103,0.14699099634827575,4__mutated,PertCortex_4_TTGACTTTCATCGGAT,3.067768050678267
7104,0.3239840426772519,4__mutated,PertCortex_4_TTGACTTTCTCAACTT,2.3420624880484557
7105,0.20686696833949295,4__mutated,PertCortex_4_TTGCCGTAGGCACATG,4.983247085954587
7106,0.08392314621028514,4__mutated,PertCortex_4_TTGCCGTAGTGTACCT,3.7260465701899665
7107,0.45899113057250196,4__mutated,PertCortex_4_TTGCCGTAGTTAGGTA,2.338208880616441
7108,0.10899665079470389,4__mutated,PertCortex_4_TTGCCGTCATTTGCCC,3.6465844011978383
7109,0.1005084763746882,4__mutated,PertCortex_4_TTGCCGTGTAGGAGTC,2.502327652995737
7110,0.2597198297263407,4__mutated,PertCortex_4_TTGCCGTTCCGCATCT,4.446155059906555
7111,0.15985489747391346,4__mutated,PertCortex_4_TTGCGTCCAGTACACT,3.947444354370717
7112,0.25759371683888066,4__mutated,PertCortex_4_TTGGAACAGTCATCCA,3.169330349691701
7113,0.17735581860283756,4__mutated,PertCortex_4_TTGGAACGTCCAGTAT,3.368001075594562
7114,0.5074766991088188,4__mutated,PertCortex_4_TTGGAACGTCTCATCC,2.200583556150663
7115,0.24136323694452097,4__mutated,PertCortex_4_TTGGAACGTTGTTTGG,3.5431295335006396
7116,0.08815898399628966,4__mutated,PertCortex_4_TTGGCAAAGCTGTCTA,3.8932197382115907
7117,0.07823314626215544,4__mutated,PertCortex_4_TTGGCAAAGGACCACA,4.479162968520379
7118,0.23597288975017464,4__mutated,PertCortex_4_TTGGCAACAGCCTTGG,3.289155966466096
7119,0.21115168714879307,4__mutated,PertCortex_4_TTGGCAAGTAGGCTGA,4.50469775213245
7120,0.14799734070853202,4__mutated,PertCortex_4_TTGGCAAGTTGGACCC,3.505066545326602
7121,0.13595938805747015,4__mutated,PertCortex_4_TTGGCAATCTGTTGAG,4.755221641838813
7122,0.14700608791945288,4__mutated,PertCortex_4_TTGTAGGCAGATCTGT,4.51352196227762
7123,0.14420220524687521,4__mutated,PertCortex_4_TTGTAGGTCATAACCG,3.78114804209526
7124,0.165186394193985,4__mutated,PertCortex_4_TTGTAGGTCGCTGATA,3.547022228608956
7125,0.39696424021690113,4__mutated,PertCortex_4_TTTACTGAGTACGACG,2.505784286185579
7126,0.17810049527390964,4__mutated,PertCortex_4_TTTACTGCACGGCGTT,4.5570486157315235
7127,0.2087722253709852,4__mutated,PertCortex_4_TTTACTGCAGCTGTAT,2.7205419788335448
7128,0.25298956853754156,4__mutated,PertCortex_4_TTTACTGGTGAAAGAG,4.308432017975614
7129,0.1798036118587992,4__mutated,PertCortex_4_TTTACTGTCAGTCAGT,4.234671687815698
7130,0.09651616578766219,4__mutated,PertCortex_4_TTTACTGTCAGTTCGA,4.738587282059612
7131,0.15802286532338788,4__mutated,PertCortex_4_TTTATGCAGAAGCCCA,4.235898350034115
7132,0.0912156813661983,4__mutated,PertCortex_4_TTTATGCAGCAGATCG,4.993274134205246
7133,0.0977478824385834,4__mutated,PertCortex_4_TTTATGCAGGACAGAA,3.905617286240974
7134,0.1180595994478833,4__mutated,PertCortex_4_TTTATGCCAGCGATCC,3.122915462776501
7135,0.1289149779312079,4__mutated,PertCortex_4_TTTATGCGTATTCTCT,4.5828169419432125
7136,0.38047157684512006,4__mutated,PertCortex_4_TTTATGCGTCTAGCGC,1.9361408051437303
7137,0.08875214195836999,4__mutated,PertCortex_4_TTTATGCTCGCCCTTA,3.432438552550225
7138,0.16411123405211972,4__mutated,PertCortex_4_TTTCCTCCAAGACACG,3.0655377678457065
7139,0.2011633078736367,4__mutated,PertCortex_4_TTTCCTCCAAGGCTCC,4.184120418843306
7140,0.4521308234850378,4__mutated,PertCortex_4_TTTCCTCCAGCTGTAT,2.3650857759629726
7141,0.13766504137716587,4__mutated,PertCortex_4_TTTCCTCCATAGACTC,2.75261503690648
7142,0.23959588478609872,4__mutated,PertCortex_4_TTTCCTCGTCGAGATG,4.785507398136929
7143,0.11937145970290608,4__mutated,PertCortex_4_TTTCCTCGTTACGCGC,2.9787004657515457
7144,0.16127040463381118,4__mutated,PertCortex_4_TTTGCGCGTGGACGAT,3.1988294083049396
7145,0.0706988144082029,4__mutated,PertCortex_4_TTTGCGCTCAGTACGT,5.437006635252687
7146,0.15835044251430214,4__mutated,PertCortex_4_TTTGCGCTCGTGGTCG,3.0339389908288066
7147,0.4726126595922156,4__mutated,PertCortex_4_TTTGGTTCAAAGGAAG,2.564894641112137
7148,0.22799338030484345,4__mutated,PertCortex_4_TTTGGTTCACGTCTCT,4.4862804261344875
7149,0.2712122894215747,4__mutated,PertCortex_4_TTTGGTTGTATGAATG,3.0492206683103795
7150,0.23556089605664857,4__mutated,PertCortex_4_TTTGGTTTCAATCTCT,3.0734140009225586
7151,0.47468642877943207,4__mutated,PertCortex_4_TTTGTCAAGAGACTTA,2.9418806467252407
7152,0.12237012703842126,4__mutated,PertCortex_4_TTTGTCAAGTCGTACT,4.504354720002543
7153,0.19267736090416945,4__mutated,PertCortex_4_TTTGTCAAGTCTCCTC,3.1049655802390905
7154,0.1180236471157211,4__mutated,PertCortex_4_TTTGTCACAAAGTGCG,4.412519309496233
7155,0.103834432819951,4__mutated,PertCortex_4_TTTGTCACAAGTTCTG,3.7941014707143887
7156,0.32682904709643656,4__mutated,PertCortex_4_TTTGTCACATATACCG,3.0368549716260143
7157,0.05717341596723041,4__mutated,PertCortex_4_TTTGTCAGTCATCGGC,4.737527153143698
7158,0.12842368111179941,4__mutated,PertCortex_4_TTTGTCATCAATAAGG,2.9095891528562943
7159,0.18968156990551624,4__mutated,PertCortex_4_TTTGTCATCACAAACC,3.037986323826506
7160,0.1037330035648478,4__mutated,PertCortex_4_TTTGTCATCCACGACG,2.382558334542641
7161,0.10545397288170599,4__mutated,PertCortex_4_TTTGTCATCGGCGGTT,5.256351744474679
7162,0.20115639757470324,5__mutated,PertCortex_5_AAACCTGAGCCCAACC,3.7366346840899194
7163,0.0314770728767959,5__mutated,PertCortex_5_AAACGGGCAGCCTTGG,2.7588417973135395
7164,0.036640973455443086,5__mutated,PertCortex_5_AAACGGGTCCACGCAG,3.59742039248917
7165,0.2180129776447807,5__mutated,PertCortex_5_AAACGGGTCCACTCCA,2.886005662711408
7166,0.4298381318090642,5__mutated,PertCortex_5_AAACGGGTCTCTTGAT,3.7153848996435626
7167,0.07705810483945927,5__mutated,PertCortex_5_AAAGATGAGGAGTACC,3.7603407563113644
7168,0.03146323488275379,5__mutated,PertCortex_5_AAAGATGGTGCCTTGG,3.7425825902343934
7169,0.07782858642266112,5__mutated,PertCortex_5_AAAGATGTCGCCAAAT,3.857285286801416
7170,0.07040738301781763,5__mutated,PertCortex_5_AAAGCAACACGGCGTT,3.7732323769076994
7171,0.11293606859639094,5__mutated,PertCortex_5_AAAGCAACAGCTTCGG,2.4876919122540584
7172,0.13883593537019484,5__mutated,PertCortex_5_AAAGCAATCGACCAGC,3.5134769009816464
7173,0.2839640373468942,5__mutated,PertCortex_5_AAAGTAGAGAACTCGG,2.0655398938887664
7174,0.23086041928653353,5__mutated,PertCortex_5_AAAGTAGAGCAGACTG,3.0137074057206004
7175,0.16909298911277704,5__mutated,PertCortex_5_AAAGTAGCAGTATGCT,2.556902185621903
7176,0.1260714428876799,5__mutated,PertCortex_5_AAAGTAGTCAGCACAT,3.0503519919751856
7177,0.038254477222958196,5__mutated,PertCortex_5_AAATGCCAGAAGGTTT,3.6310905708813532
7178,0.0788069723865118,5__mutated,PertCortex_5_AACACGTCACTCGACG,3.1866328934702044
7179,0.1078077235514425,5__mutated,PertCortex_5_AACACGTGTTTGGCGC,2.813254779895152
7180,0.09877714770303617,5__mutated,PertCortex_5_AACCATGGTACAGTTC,3.88722520933902
7181,0.6091634356498332,5__mutated,PertCortex_5_AACCATGGTTACTGAC,1.7980775849806716
7182,0.12312043258144978,5__mutated,PertCortex_5_AACCGCGTCAAACCAC,2.3836546769800044
7183,0.3079249866744331,5__mutated,PertCortex_5_AACGTTGAGGGAAACA,3.292810797610295
7184,0.19850443214373822,5__mutated,PertCortex_5_AACGTTGGTTTAGCTG,2.485460533945413
7185,0.4240267956373134,5__mutated,PertCortex_5_AACTCAGAGCCGCCTA,1.9674046063025326
7186,0.17955122854716515,5__mutated,PertCortex_5_AACTCAGAGCTAGGCA,3.4630215527372212
7187,0.23294129083731901,5__mutated,PertCortex_5_AACTCAGAGTATCGAA,2.0799574167278694
7188,0.4754679448473676,5__mutated,PertCortex_5_AACTCAGGTTGATTCG,1.885174123300358
7189,0.16160068328799107,5__mutated,PertCortex_5_AACTCCCAGCCACGCT,3.924236472902536
7190,0.06763973719094872,5__mutated,PertCortex_5_AACTCCCCACATGACT,3.8607987222308546
7191,0.6841397322137082,5__mutated,PertCortex_5_AACTCCCTCTCCAGGG,1.492868029880499
7192,0.05226749849251872,5__mutated,PertCortex_5_AACTCTTCACTTGGAT,3.811113528351863
7193,0.19278128624117344,5__mutated,PertCortex_5_AACTCTTGTACCGTAT,3.4867392933039913
7194,0.4596869041004865,5__mutated,PertCortex_5_AACTGGTCAACCGCCA,1.0106179496402143
7195,0.26766490171555746,5__mutated,PertCortex_5_AACTGGTGTAAACACA,2.6263675036417973
7196,0.5078787634353863,5__mutated,PertCortex_5_AACTGGTGTCGAAAGC,1.3323702801743875
7197,0.11860121423273898,5__mutated,PertCortex_5_AACTGGTGTCGTCTTC,4.646347872744125
7198,0.30912500836136825,5__mutated,PertCortex_5_AACTGGTGTTATGTGC,3.032086659347236
7199,0.08318445480813369,5__mutated,PertCortex_5_AACTTTCGTAATTGGA,3.419038442801424
7200,0.13835903901448662,5__mutated,PertCortex_5_AACTTTCGTGTATGGG,3.9240500870795545
7201,0.2880125140427755,5__mutated,PertCortex_5_AACTTTCTCATTGCCC,3.857540863561672
7202,0.15089946802450863,5__mutated,PertCortex_5_AAGACCTAGGTGCTTT,2.828795216892383
7203,0.27187357781400046,5__mutated,PertCortex_5_AAGACCTTCGGCATCG,2.871868699399058
7204,0.09078819372527713,5__mutated,PertCortex_5_AAGCCGCAGTTCGCAT,3.3157954476685045
7205,0.48185237727790703,5__mutated,PertCortex_5_AAGCCGCGTGACCAAG,1.9306749495500708
7206,0.16309536317766707,5__mutated,PertCortex_5_AAGCCGCTCTGCGACG,2.7607699901465375
7207,0.06879277501326844,5__mutated,PertCortex_5_AAGGAGCAGGTGCACA,4.560947655891775
7208,0.11758519983381496,5__mutated,PertCortex_5_AAGGCAGAGACAGGCT,4.279725945020307
7209,0.5252060493117761,5__mutated,PertCortex_5_AAGGCAGAGGCCCTCA,2.267577696032418
7210,0.04083116654683234,5__mutated,PertCortex_5_AAGGCAGAGTACATGA,3.57920129390793
7211,0.12555931135414952,5__mutated,PertCortex_5_AAGGTTCAGATGTCGG,2.7575237191602637
7212,0.023848966876487108,5__mutated,PertCortex_5_AAGGTTCTCGTCCAGG,3.8887585089564363
7213,0.10497948579031985,5__mutated,PertCortex_5_AAGTCTGGTAGCTCCG,4.087389657263669
7214,0.159925078589746,5__mutated,PertCortex_5_AATCCAGAGAAAGTGG,3.283891774660868
7215,0.20697301762832,5__mutated,PertCortex_5_AATCCAGCAGGACGTA,3.454582110930165
7216,0.17860108517140447,5__mutated,PertCortex_5_AATCCAGCATTACGAC,2.175553107919676
7217,0.042116928296815626,5__mutated,PertCortex_5_AATCGGTAGAGGTTGC,4.040405081495206
7218,0.18628140986198533,5__mutated,PertCortex_5_AATCGGTAGATGCCTT,2.500293636302106
7219,0.03776812451142139,5__mutated,PertCortex_5_AATCGGTCATGCATGT,4.472576571101066
7220,0.3237709636109615,5__mutated,PertCortex_5_AATCGGTGTCTGCCAG,3.1154986352130023
7221,0.1583791259718892,5__mutated,PertCortex_5_ACACCAAAGACTACAA,3.317316096336504
7222,0.1548291230784291,5__mutated,PertCortex_5_ACACCCTAGGCATGTG,2.863998990330613
7223,0.14331214170705597,5__mutated,PertCortex_5_ACACCCTCAGTCGATT,2.2449921349965627
7224,0.15305976243959415,5__mutated,PertCortex_5_ACACCCTCATGAAGTA,2.454071483328554
7225,0.11796947845136532,5__mutated,PertCortex_5_ACACCCTGTAAAGTCA,4.2732563285533365
7226,0.031929701067805814,5__mutated,PertCortex_5_ACACCGGAGAGCTATA,3.409073138961385
7227,-0.014089144622604508,5__mutated,PertCortex_5_ACACCGGCACTTAAGC,3.1553697078164067
7228,0.5249188679859148,5__mutated,PertCortex_5_ACACCGGTCCGCGCAA,1.8631144512666902
7229,0.5305940734588919,5__mutated,PertCortex_5_ACACTGACACAGGCCT,2.318424024496045
7230,0.3948472795150963,5__mutated,PertCortex_5_ACACTGACATGCCCGA,2.5035872907213332
7231,0.11971848410168257,5__mutated,PertCortex_5_ACACTGACATGGGAAC,3.3925987059494034
7232,0.060915179573034245,5__mutated,PertCortex_5_ACACTGAGTAGCTTGT,2.8942469764598617
7233,0.2059214576830783,5__mutated,PertCortex_5_ACAGCCGCACAAGACG,3.324083773000445
7234,0.5100020146428298,5__mutated,PertCortex_5_ACAGCTAAGACAGGCT,1.719542275589596
7235,0.21810361555106003,5__mutated,PertCortex_5_ACAGCTAAGCGCCTCA,2.182157221476755
7236,0.22308188247907146,5__mutated,PertCortex_5_ACAGCTAAGTGGTCCC,3.1295622999492334
7237,0.10785908271916836,5__mutated,PertCortex_5_ACAGCTACAGCCTTTC,3.540046741161323
7238,0.14669871749456503,5__mutated,PertCortex_5_ACAGCTACAGCTCGCA,2.093103536736258
7239,0.3161861935705492,5__mutated,PertCortex_5_ACAGCTAGTAAAGTCA,2.4732159282791946
7240,0.06789922268225135,5__mutated,PertCortex_5_ACAGCTATCCGCAGTG,3.7343610067287125
7241,0.025882489455722846,5__mutated,PertCortex_5_ACAGCTATCTTCTGGC,3.163864949552361
7242,0.1553095039030677,5__mutated,PertCortex_5_ACATACGGTGGGTATG,3.108048738934402
7243,0.19740896160000734,5__mutated,PertCortex_5_ACATACGGTTTAAGCC,3.445318211716596
7244,0.21950517549901297,5__mutated,PertCortex_5_ACATCAGCAAGCGATG,2.223177402358529
7245,0.1834527662716184,5__mutated,PertCortex_5_ACATCAGTCAACACCA,2.9744918320230918
7246,0.4154367665001047,5__mutated,PertCortex_5_ACATGGTCAGTTTACG,2.9217903800321308
7247,0.2763564262165714,5__mutated,PertCortex_5_ACCAGTAAGCGAGAAA,3.7101000243478213
7248,0.24060797606401557,5__mutated,PertCortex_5_ACCAGTACAAATACAG,4.674408106609023
7249,0.2653223560562371,5__mutated,PertCortex_5_ACCAGTACACCGAAAG,2.8606773305318134
7250,0.35829611695960256,5__mutated,PertCortex_5_ACCAGTAGTCATCCCT,2.2434657850505704
7251,0.06992155816765819,5__mutated,PertCortex_5_ACCAGTATCTGGCGAC,2.8384208487917495
7252,0.40407459595980766,5__mutated,PertCortex_5_ACCCACTTCTCTTATG,2.330176762464611
7253,0.1719361899976509,5__mutated,PertCortex_5_ACCTTTACATCGGACC,3.4014592037331894
7254,0.17218816485864444,5__mutated,PertCortex_5_ACCTTTAGTGAGTATA,2.6172403158189703
7255,0.1999726882590075,5__mutated,PertCortex_5_ACGAGGAAGAGTCTGG,3.191887244975434
7256,0.16112347411270822,5__mutated,PertCortex_5_ACGAGGACACGTTGGC,2.6628820924908223
7257,0.10977178284110158,5__mutated,PertCortex_5_ACGATACAGCGTTTAC,2.8312424017361577
7258,0.0399266310899131,5__mutated,PertCortex_5_ACGATACGTTATGTGC,3.4933054545868236
7259,0.13834300474890604,5__mutated,PertCortex_5_ACGATGTAGGCCCTTG,3.1966212053518865
7260,0.04304451359791597,5__mutated,PertCortex_5_ACGATGTTCAAGCCTA,2.9516410050329123
7261,0.5807504081961239,5__mutated,PertCortex_5_ACGATGTTCGCAAACT,1.8946549133057218
7262,0.14185837343107183,5__mutated,PertCortex_5_ACGCAGCCATACTACG,3.695956387127017
7263,0.22747936063095364,5__mutated,PertCortex_5_ACGCAGCGTCTGCAAT,2.554012211076498
7264,0.06336079948152572,5__mutated,PertCortex_5_ACGCAGCGTCTTGTCC,3.8304810163696565
7265,0.09291671931149946,5__mutated,PertCortex_5_ACGCAGCGTGCAGGTA,2.6028784155706877
7266,0.5433950247561592,5__mutated,PertCortex_5_ACGCCAGAGACTACAA,1.6562984641639484
7267,0.09288232835345947,5__mutated,PertCortex_5_ACGCCAGAGGCTATCT,4.140929494439701
7268,0.21083537472376912,5__mutated,PertCortex_5_ACGCCAGGTAGAAAGG,3.7961992487535765
7269,0.08046043323005782,5__mutated,PertCortex_5_ACGCCAGTCCGTACAA,3.3874555456418065
7270,0.5971136684576395,5__mutated,PertCortex_5_ACGCCGACACTCAGGC,1.5359025610063746
7271,0.12584601477175753,5__mutated,PertCortex_5_ACGCCGACATAAGACA,4.250523879603899
7272,0.02095506805331316,5__mutated,PertCortex_5_ACGCCGACATGTAAGA,3.2180584098362632
7273,0.09911895159347552,5__mutated,PertCortex_5_ACGGAGAAGCCAGGAT,2.606053871950266
7274,0.4952366962079479,5__mutated,PertCortex_5_ACGGCCAAGCGAGAAA,2.0993709214319045
7275,0.0677276138188841,5__mutated,PertCortex_5_ACGGCCACACGTTGGC,3.9908806598382878
7276,0.2966977847864157,5__mutated,PertCortex_5_ACGGGTCAGACAAAGG,3.3322927566022953
7277,0.13128048448114074,5__mutated,PertCortex_5_ACGGGTCTCTCGCATC,3.563628308132899
7278,0.03760662664868138,5__mutated,PertCortex_5_ACGTCAAAGCAAATCA,3.528991712051493
7279,0.07556127548867454,5__mutated,PertCortex_5_ACGTCAACAGGTGGAT,3.9076943392663384
7280,0.06752570690409379,5__mutated,PertCortex_5_ACGTCAATCAGAGACG,3.82535521355414
7281,0.2243857375689881,5__mutated,PertCortex_5_ACTATCTCATCGACGC,2.2803228892734797
7282,0.121993930843605,5__mutated,PertCortex_5_ACTATCTGTGGGTATG,4.266128560045984
7283,0.2977595912498609,5__mutated,PertCortex_5_ACTGAACAGCACAGGT,1.0875643167635962
7284,0.13468555112193736,5__mutated,PertCortex_5_ACTGAACTCGGAAATA,3.389247799493316
7285,0.017212919088478367,5__mutated,PertCortex_5_ACTGAGTAGTCGAGTG,3.5181082122235203
7286,0.5970972505821265,5__mutated,PertCortex_5_ACTGATGCAAACCTAC,2.113045138354879
7287,0.08085279939615651,5__mutated,PertCortex_5_ACTGATGGTGTGCCTG,2.4241211908927287
7288,0.08084032548133321,5__mutated,PertCortex_5_ACTGATGTCAAGGCTT,4.106656200916805
7289,0.3403403943646139,5__mutated,PertCortex_5_ACTGATGTCGTCTGAA,2.1206841972179755
7290,0.0423372194318118,5__mutated,PertCortex_5_ACTGATGTCGTTGCCT,3.9064906213306387
7291,0.18951799423351856,5__mutated,PertCortex_5_ACTGCTCTCCGTAGGC,2.6219356029395975
7292,0.0878426875991301,5__mutated,PertCortex_5_ACTGTCCAGGATGGAA,3.549214715511647
7293,0.0485210485403012,5__mutated,PertCortex_5_ACTGTCCCAGTCCTTC,4.271329918742791
7294,0.45396102501361213,5__mutated,PertCortex_5_ACTGTCCGTACTCGCG,1.9259207384085044
7295,0.11683853782491607,5__mutated,PertCortex_5_ACTGTCCGTCGAACAG,3.833126648903808
7296,0.0677627288698243,5__mutated,PertCortex_5_ACTTACTAGATAGTCA,3.0451074499862854
7297,0.1548233128395101,5__mutated,PertCortex_5_ACTTACTAGATGTGGC,3.460042084218724
7298,0.13361141149318667,5__mutated,PertCortex_5_ACTTACTTCTTCCTTC,5.162353243199405
7299,0.1502745231780863,5__mutated,PertCortex_5_ACTTGTTGTCTTGCGG,3.624454767169001
7300,0.11741399510935766,5__mutated,PertCortex_5_ACTTTCAAGTCGAGTG,3.925122044334001
7301,0.22894879420280026,5__mutated,PertCortex_5_ACTTTCAGTAAATGAC,2.5799865340928574
7302,0.4284303643024407,5__mutated,PertCortex_5_AGACGTTCATCCCACT,1.9438142289691436
7303,0.16103416140452573,5__mutated,PertCortex_5_AGACGTTTCAGGCCCA,2.5060868564926815
7304,0.45022787255239044,5__mutated,PertCortex_5_AGAGCGATCACGACTA,1.566413074398663
7305,0.09170236650062313,5__mutated,PertCortex_5_AGAGCGATCAGTTCGA,3.6080640589796933
7306,0.07100317419538145,5__mutated,PertCortex_5_AGAGCTTCATTAGCCA,4.246883647786788
7307,0.27933776837495616,5__mutated,PertCortex_5_AGATCTGAGTGGTAGC,3.12459628364744
7308,0.017157762421039384,5__mutated,PertCortex_5_AGATCTGCATTCGACA,4.102679310951139
7309,0.28507411234092883,5__mutated,PertCortex_5_AGATCTGGTGCACGAA,2.0425009154336173
7310,0.2056138396023448,5__mutated,PertCortex_5_AGATCTGTCTCTGTCG,2.6397835141301975
7311,0.6282741960601019,5__mutated,PertCortex_5_AGATCTGTCTTGCAAG,1.6078811510774718
7312,0.14460593330964197,5__mutated,PertCortex_5_AGATTGCTCGGAAATA,3.8510892666109533
7313,0.18671187265984926,5__mutated,PertCortex_5_AGCAGCCGTGCGATAG,2.5780440366259865
7314,0.1719285400073866,5__mutated,PertCortex_5_AGCAGCCTCGCTGATA,2.584840590218862
7315,0.20473355304145974,5__mutated,PertCortex_5_AGCATACCATGTTCCC,2.9422698772006872
7316,0.20783257209609562,5__mutated,PertCortex_5_AGCATACCATTAACCG,3.682425403531681
7317,0.03925169319976053,5__mutated,PertCortex_5_AGCATACTCTCTTGAT,3.6741460012080114
7318,0.20484407373719177,5__mutated,PertCortex_5_AGCCTAAGTCGAAAGC,2.9897503513135897
7319,0.3686542547129165,5__mutated,PertCortex_5_AGCCTAATCGGCCGAT,2.146444972491919
7320,0.5208398502809211,5__mutated,PertCortex_5_AGCGGTCAGATCCCGC,2.471868807930988
7321,0.14946341718768974,5__mutated,PertCortex_5_AGCGGTCCAGTTCATG,2.579031943817193
7322,0.08042249128616998,5__mutated,PertCortex_5_AGCGGTCTCCGCATCT,2.494087805082667
7323,0.05819724178439705,5__mutated,PertCortex_5_AGCGTATAGGCCCGTT,3.718117965602735
7324,0.2657753684020044,5__mutated,PertCortex_5_AGCGTATCAAAGGTGC,2.270410555823235
7325,0.14212502027160437,5__mutated,PertCortex_5_AGCGTATTCAACGGCC,3.3160009978176785
7326,0.0899341867297113,5__mutated,PertCortex_5_AGCGTATTCGAGGTAG,3.8884897008040142
7327,0.25083090795789054,5__mutated,PertCortex_5_AGCGTATTCGGTTAAC,2.6741623235899743
7328,0.18931725766827517,5__mutated,PertCortex_5_AGCGTCGCACGTAAGG,2.3268832710465923
7329,0.15976512259464912,5__mutated,PertCortex_5_AGCGTCGGTAAACACA,3.505694861793153
7330,0.24867430981751848,5__mutated,PertCortex_5_AGCGTCGGTATTCGTG,2.8988371463806994
7331,0.22201636143322895,5__mutated,PertCortex_5_AGCGTCGTCCGCATCT,2.911765904964931
7332,0.2167492649926744,5__mutated,PertCortex_5_AGCGTCGTCTTGTCAT,2.331429719816396
7333,0.26041782854643175,5__mutated,PertCortex_5_AGCTCCTAGCAGGCTA,1.8097771478909508
7334,0.11393436775736937,5__mutated,PertCortex_5_AGCTCCTCATCCTAGA,2.895023665834842
7335,0.5009454173840879,5__mutated,PertCortex_5_AGCTCCTTCACCCGAG,1.6923739534994398
7336,0.19057441877870138,5__mutated,PertCortex_5_AGCTCTCAGAGCAATT,3.0337534731676974
7337,0.18830848166316458,5__mutated,PertCortex_5_AGCTCTCAGGGTCGAT,3.090081414432759
7338,0.29702494560671294,5__mutated,PertCortex_5_AGCTCTCGTCTAAACC,1.9950581394625897
7339,0.037956079232239696,5__mutated,PertCortex_5_AGCTCTCTCGTAGGAG,3.4989022343686056
7340,0.6635179913817025,5__mutated,PertCortex_5_AGCTCTCTCTCGCATC,1.7119674119008588
7341,0.22549328175872463,5__mutated,PertCortex_5_AGCTCTCTCTTGAGAC,3.9164333656818173
7342,0.1065006984065707,5__mutated,PertCortex_5_AGCTCTCTCTTTACGT,4.316137102745625
7343,0.09093980319437438,5__mutated,PertCortex_5_AGCTTGATCGGATGTT,3.3771577454908273
7344,0.4378834820930404,5__mutated,PertCortex_5_AGCTTGATCTGCAAGT,2.200411393705398
7345,0.09771860907204852,5__mutated,PertCortex_5_AGGCCACGTTTGTTTC,3.8652848059546097
7346,0.1296336093300833,5__mutated,PertCortex_5_AGGCCACTCGAACTGT,4.645670067970467
7347,0.35049754238042957,5__mutated,PertCortex_5_AGGCCGTCAGGGTATG,2.1108136643609887
7348,0.05676607445501774,5__mutated,PertCortex_5_AGGCCGTCATTTGCTT,3.6734177003826076
7349,0.08352552018746623,5__mutated,PertCortex_5_AGGCCGTTCATGTCCC,4.153548391897577
7350,0.180005992802265,5__mutated,PertCortex_5_AGGCCGTTCTCGCTTG,3.840207769215871
7351,0.4535785015162173,5__mutated,PertCortex_5_AGGGAGTTCATGCTCC,2.955785488307415
7352,0.12293144205430193,5__mutated,PertCortex_5_AGGGATGAGAAGGTGA,4.784975951383971
7353,0.23069789572578042,5__mutated,PertCortex_5_AGGGATGAGACAGAGA,3.0140585545359864
7354,0.09687294037375804,5__mutated,PertCortex_5_AGGGATGAGTCAAGCG,3.4726925331420233
7355,0.11538104875283542,5__mutated,PertCortex_5_AGGGATGTCAATAAGG,3.7199869745487577
7356,0.2522501267418352,5__mutated,PertCortex_5_AGGGATGTCTATCCCG,3.039325875915083
7357,0.2634379019502627,5__mutated,PertCortex_5_AGGGTGACAATAGCGG,2.0640884140665254
7358,0.05674658012767277,5__mutated,PertCortex_5_AGGTCATAGGGCTCTC,3.675670414773308
7359,0.21498159085397134,5__mutated,PertCortex_5_AGGTCATCAAGCTGGA,2.9770966918550568
7360,0.0463562066127207,5__mutated,PertCortex_5_AGGTCCGCAGGCAGTA,3.2266159198127347
7361,0.08557103649518599,5__mutated,PertCortex_5_AGGTCCGGTTCTGGTA,2.9083570232792035
7362,0.09826552580610944,5__mutated,PertCortex_5_AGTAGTCAGTGAACAT,4.260976216160956
7363,0.052998839200826625,5__mutated,PertCortex_5_AGTAGTCTCCTTTCTC,3.988013155975716
7364,0.08010466919502283,5__mutated,PertCortex_5_AGTCTTTCACCAGATT,3.617386188367403
7365,0.1529050651123059,5__mutated,PertCortex_5_AGTCTTTGTACCGCTG,3.814716359718539
7366,0.20028433920327252,5__mutated,PertCortex_5_AGTCTTTGTGTTCTTT,4.109613268376585
7367,0.08978265191626904,5__mutated,PertCortex_5_AGTCTTTTCGTTTAGG,4.203590956422735
7368,0.32836770115851605,5__mutated,PertCortex_5_AGTGAGGCAGATCTGT,2.188967003465056
7369,0.2490144052100706,5__mutated,PertCortex_5_AGTGAGGGTAATCGTC,2.3739136700261723
7370,0.19403386982962761,5__mutated,PertCortex_5_AGTGGGAAGCTAGTGG,3.246703037628887
7371,0.1339773511428213,5__mutated,PertCortex_5_AGTGTCAAGCCTCGTG,2.6387453090681556
7372,0.05633425942731473,5__mutated,PertCortex_5_AGTGTCATCCAACCAA,2.6344125590457015
7373,0.07404195817749608,5__mutated,PertCortex_5_AGTGTCATCGGTCCGA,3.9209420142927867
7374,0.1445442904668103,5__mutated,PertCortex_5_AGTTGGTAGGCATGGT,2.6888414000003014
7375,0.3847566364861962,5__mutated,PertCortex_5_AGTTGGTAGTGTTTGC,1.9436667252057478
7376,0.09181439225390237,5__mutated,PertCortex_5_AGTTGGTCAGACTCGC,4.117780088720239
7377,0.06203639372827148,5__mutated,PertCortex_5_ATAACGCAGCTAGTTC,1.8148710664205223
7378,0.3972114503257725,5__mutated,PertCortex_5_ATAACGCAGTCCAGGA,2.102757564534214
7379,0.4016041413515174,5__mutated,PertCortex_5_ATAACGCAGTTGTAGA,2.2030461745614844
7380,0.2132679774031317,5__mutated,PertCortex_5_ATAACGCCACATTTCT,3.5349521813696896
7381,0.16871005270689668,5__mutated,PertCortex_5_ATAACGCGTTAGATGA,2.4520133647738183
7382,0.2881873077937812,5__mutated,PertCortex_5_ATAACGCTCCTGTAGA,2.3875414889666855
7383,0.12627638722587262,5__mutated,PertCortex_5_ATAACGCTCGGCGGTT,4.5681674061364825
7384,0.27952388240306447,5__mutated,PertCortex_5_ATAAGAGAGTGAAGAG,2.392585407506487
7385,0.05528433296082097,5__mutated,PertCortex_5_ATAAGAGAGTGCCATT,4.3054153993837065
7386,0.5893963129379955,5__mutated,PertCortex_5_ATAAGAGGTGTTGGGA,1.728239477739247
7387,0.29516753315473054,5__mutated,PertCortex_5_ATAGACCTCCGGGTGT,2.4866773212170616
7388,0.12286300402018291,5__mutated,PertCortex_5_ATCACGAAGGGTCTCC,1.7842125857741293
7389,0.2111955773966088,5__mutated,PertCortex_5_ATCACGACATGCTAGT,2.418306782582992
7390,0.12933878037041296,5__mutated,PertCortex_5_ATCATGGAGACTTGAA,4.03430335413271
7391,0.09112772323883106,5__mutated,PertCortex_5_ATCATGGGTTCAGTAC,3.3548380462397005
7392,0.09576633894355822,5__mutated,PertCortex_5_ATCATGGTCAGTACGT,3.783278991162109
7393,0.6154730835640374,5__mutated,PertCortex_5_ATCATGGTCCTGTACC,2.051256655676946
7394,0.2066499879960846,5__mutated,PertCortex_5_ATCCACCAGTGTTAGA,2.925606190810894
7395,0.1013123171598954,5__mutated,PertCortex_5_ATCCACCCACGCATCG,3.991550069223432
7396,0.019690714094232405,5__mutated,PertCortex_5_ATCCACCCAGGGAGAG,3.9488945196868843
7397,0.10077480320520894,5__mutated,PertCortex_5_ATCCACCGTGGCCCTA,4.500048771059743
7398,0.1430183007052565,5__mutated,PertCortex_5_ATCCACCTCGAACGGA,3.191954214812228
7399,0.0534811261958571,5__mutated,PertCortex_5_ATCCACCTCTTCATGT,4.064816640960613
7400,0.13417701104140187,5__mutated,PertCortex_5_ATCCGAACATGGTCTA,3.551501801231356
7401,0.05722493660257408,5__mutated,PertCortex_5_ATCCGAATCCTAGTGA,4.909788554649965
7402,0.16514523420867327,5__mutated,PertCortex_5_ATCGAGTAGTGAACAT,3.830991756552037
7403,0.05330109827039329,5__mutated,PertCortex_5_ATCGAGTCATTGGGCC,3.818350773613566
7404,0.0851493399914302,5__mutated,PertCortex_5_ATCGAGTGTATAGTAG,3.4491267349428716
7405,0.007781517398731983,5__mutated,PertCortex_5_ATCGAGTTCACAGTAC,3.580871032227063
7406,0.35428745007216134,5__mutated,PertCortex_5_ATCTACTAGTGCCAGA,3.176514314869372
7407,0.3360981716079019,5__mutated,PertCortex_5_ATCTACTGTCCGAGTC,2.0845176807110137
7408,0.08972474514584493,5__mutated,PertCortex_5_ATCTACTTCAAAGACA,4.049470448466667
7409,0.2197599135958414,5__mutated,PertCortex_5_ATCTACTTCATTGCGA,3.6586379355178664
7410,0.28111804529186846,5__mutated,PertCortex_5_ATCTGCCAGTACGTAA,3.1802247849344596
7411,0.06505508076099607,5__mutated,PertCortex_5_ATCTGCCAGTCGCCGT,3.432127204278693
7412,0.11602648852813857,5__mutated,PertCortex_5_ATCTGCCCACAGGTTT,3.501010516634983
7413,0.2751502771087778,5__mutated,PertCortex_5_ATCTGCCCAGCGAACA,3.5244903275442465
7414,0.1514327000397976,5__mutated,PertCortex_5_ATCTGCCCATTGAGCT,4.599194783709725
7415,0.12767331349875866,5__mutated,PertCortex_5_ATCTGCCTCATGCAAC,3.20009161340046
7416,0.05979947244755039,5__mutated,PertCortex_5_ATCTGCCTCCCACTTG,3.5159881782417277
7417,0.176349972732871,5__mutated,PertCortex_5_ATCTGCCTCTTGTACT,2.943848240500241
7418,0.0842581705918517,5__mutated,PertCortex_5_ATGAGGGCACGTAAGG,1.873659947539169
7419,0.11490726878665972,5__mutated,PertCortex_5_ATGAGGGTCCCAAGTA,3.9018614728439465
7420,0.07577527252392857,5__mutated,PertCortex_5_ATGCGATCAAGCGTAG,3.7020268521921245
7421,0.1549837526341712,5__mutated,PertCortex_5_ATGCGATGTACAAGTA,3.1948471207491673
7422,0.42936744503399255,5__mutated,PertCortex_5_ATGCGATGTAGTACCT,2.335814276506754
7423,0.13789279382702266,5__mutated,PertCortex_5_ATGCGATTCGACCAGC,3.6807426578671247
7424,-0.014183114837928336,5__mutated,PertCortex_5_ATGCGATTCTCGATGA,4.30199263177463
7425,0.048384789345827336,5__mutated,PertCortex_5_ATGCGATTCTGCTGCT,3.505871415440589
7426,0.30311195506291166,5__mutated,PertCortex_5_ATGGGAGAGAGTGACC,3.0235313847815277
7427,0.15412453045589528,5__mutated,PertCortex_5_ATGTGTGGTCAGTGGA,3.1330582146077894
7428,0.1403736381213187,5__mutated,PertCortex_5_ATGTGTGGTTATCACG,3.103206545731921
7429,0.13400983417458703,5__mutated,PertCortex_5_ATGTGTGTCAACGGGA,2.870476882544099
7430,0.17693574665983175,5__mutated,PertCortex_5_ATGTGTGTCGCGTTTC,3.454400652854452
7431,0.15627611685397505,5__mutated,PertCortex_5_ATGTGTGTCTTGAGGT,3.441568588219585
7432,0.16222289976641316,5__mutated,PertCortex_5_ATTACTCAGCTCCTTC,3.1092658415076193
7433,0.16101245867493963,5__mutated,PertCortex_5_ATTACTCTCCCGACTT,2.8591329282897338
7434,0.18386618633290863,5__mutated,PertCortex_5_ATTATCCAGATGTCGG,2.97205244138306
7435,0.183197751287168,5__mutated,PertCortex_5_ATTATCCTCAGCACAT,3.4357602995305965
7436,0.14347520792297977,5__mutated,PertCortex_5_ATTATCCTCAGTTTGG,3.0764781267183263
7437,0.0692856410902413,5__mutated,PertCortex_5_ATTATCCTCGATAGAA,4.139418487012033
7438,0.18243158018992314,5__mutated,PertCortex_5_ATTCTACCAAAGAATC,2.7046447832634173
7439,0.17060613169877367,5__mutated,PertCortex_5_ATTCTACCATAAAGGT,3.301096488710057
7440,0.1576684892741923,5__mutated,PertCortex_5_ATTCTACTCTCTGCTG,4.189674198525756
7441,0.13995320956625584,5__mutated,PertCortex_5_ATTGGACAGCGTAATA,2.8365340065157763
7442,0.03477268820939694,5__mutated,PertCortex_5_ATTGGACGTGCAGGTA,3.97420083391058
7443,0.17989951407947727,5__mutated,PertCortex_5_ATTGGTGAGGGTATCG,3.092965458830712
7444,0.5121970847471632,5__mutated,PertCortex_5_ATTGGTGGTCTCCCTA,1.5838665711813356
7445,0.06323881717021508,5__mutated,PertCortex_5_ATTGGTGGTTCCCTTG,3.983029286415127
7446,0.23721050467774982,5__mutated,PertCortex_5_ATTGGTGTCACAAACC,2.513693610034434
7447,0.053187421003509566,5__mutated,PertCortex_5_ATTGGTGTCCGCTGTT,3.555384498009984
7448,0.5023760388639348,5__mutated,PertCortex_5_ATTTCTGAGAGTACCG,1.5936910459636893
7449,0.1534930642460762,5__mutated,PertCortex_5_ATTTCTGCACGGATAG,2.382611324418903
7450,0.3830178337251869,5__mutated,PertCortex_5_ATTTCTGCATCTCGCT,1.6890886228840674
7451,0.6250986445029548,5__mutated,PertCortex_5_ATTTCTGTCCTATTCA,1.879189866447945
7452,0.37289346307653465,5__mutated,PertCortex_5_ATTTCTGTCTGTCTCG,1.5235470224793513
7453,0.08247351862101632,5__mutated,PertCortex_5_CAACCAACAGTAAGAT,4.382639836357907
7454,0.2971303989873779,5__mutated,PertCortex_5_CAACCAAGTAACGTTC,2.258512929089817
7455,0.05598361475284494,5__mutated,PertCortex_5_CAACCAATCGTACGGC,3.721256549392838
7456,0.1183820665380064,5__mutated,PertCortex_5_CAACCTCGTATAGTAG,3.054477567419918
7457,0.15914321714358975,5__mutated,PertCortex_5_CAACTAGCAGATTGCT,4.123833310077772
7458,0.1310866760018852,5__mutated,PertCortex_5_CAACTAGGTCCAGTTA,4.010252962330726
7459,0.490373361198332,5__mutated,PertCortex_5_CAACTAGGTTGTCTTT,2.5841925778204358
7460,0.3094062686586919,5__mutated,PertCortex_5_CAAGAAACATGCATGT,2.5328743495098216
7461,0.010399772914823515,5__mutated,PertCortex_5_CAAGAAATCGTTGACA,4.025293255617886
7462,0.2792149888439171,5__mutated,PertCortex_5_CAAGATCAGGAATGGA,2.2080310372877947
7463,0.1951217274427938,5__mutated,PertCortex_5_CAAGATCAGTCTTGCA,2.401668442983115
7464,0.42540960214820034,5__mutated,PertCortex_5_CAAGATCAGTGTCCAT,1.2411594376067963
7465,0.19647174761258343,5__mutated,PertCortex_5_CAAGATCCAGGTCTCG,3.2415497049886
7466,0.5368061306048434,5__mutated,PertCortex_5_CAAGATCTCTCTGAGA,1.8564241262058285
7467,0.26898985227872096,5__mutated,PertCortex_5_CAAGGCCCAGCGTAAG,2.8873078076722125
7468,0.07329806652502643,5__mutated,PertCortex_5_CAAGGCCCAGCTTCGG,3.9256139392127416
7469,0.07962846162716768,5__mutated,PertCortex_5_CAAGGCCCATGAAGTA,4.1121424993751114
7470,0.30528586920609735,5__mutated,PertCortex_5_CAAGGCCTCAGTCAGT,3.1852153669916605
7471,0.08554954740044171,5__mutated,PertCortex_5_CAAGTTGAGCTTATCG,3.9189025260508368
7472,0.04691322343276147,5__mutated,PertCortex_5_CAAGTTGCAGATAATG,3.8457688811853457
7473,0.043625777564355574,5__mutated,PertCortex_5_CAAGTTGGTACCCAAT,3.8161180577644216
7474,0.1429037502838819,5__mutated,PertCortex_5_CACAAACAGATCACGG,2.707471414171547
7475,0.3801631593690873,5__mutated,PertCortex_5_CACAAACAGTCCATAC,2.213370757824042
7476,0.2684058596697025,5__mutated,PertCortex_5_CACAAACGTACCGAGA,2.187198079218402
7477,0.12143489349494978,5__mutated,PertCortex_5_CACAAACGTTTGGCGC,3.18906547074062
7478,0.09898060418617562,5__mutated,PertCortex_5_CACAAACTCCCACTTG,2.9130280116929312
7479,0.158824373654124,5__mutated,PertCortex_5_CACACAAAGTCACGCC,2.2348658966598554
7480,0.2329467323964123,5__mutated,PertCortex_5_CACACAATCCCTGACT,2.139800541193874
7481,0.2416299512477431,5__mutated,PertCortex_5_CACACCTGTCCGAACC,2.8183630828980855
7482,0.12302522621488833,5__mutated,PertCortex_5_CACACTCCACAGCGTC,3.832632877477567
7483,0.17900458459480578,5__mutated,PertCortex_5_CACACTCCACCCAGTG,2.1131669706961747
7484,0.20495426197680383,5__mutated,PertCortex_5_CACACTCGTAGCAAAT,3.1825966867135174
7485,0.05560309387169003,5__mutated,PertCortex_5_CACAGGCAGCCACTAT,3.9169348501948833
7486,0.23094182615497977,5__mutated,PertCortex_5_CACAGGCAGGGTTTCT,3.144401605861186
7487,0.05569986266479801,5__mutated,PertCortex_5_CACAGGCAGTCCAGGA,3.3255299236699343
7488,0.40000335838288636,5__mutated,PertCortex_5_CACAGGCTCCAAATGC,2.165227470045715
7489,0.5822144617357884,5__mutated,PertCortex_5_CACAGGCTCTAACTGG,1.2789088472418748
7490,0.11198366036304613,5__mutated,PertCortex_5_CACAGTAAGATATGCA,3.178745275527044
7491,0.19368358468985886,5__mutated,PertCortex_5_CACAGTACAGGTGCCT,2.9379431319282383
7492,0.08842841435942414,5__mutated,PertCortex_5_CACAGTAGTAGTGAAT,2.5807967303251926
7493,0.06575416103754242,5__mutated,PertCortex_5_CACATAGCAAGCCGTC,3.579898215117115
7494,0.20055812535853051,5__mutated,PertCortex_5_CACATAGTCTAACTTC,3.3406979371863037
7495,0.11227616696257386,5__mutated,PertCortex_5_CACATTTAGCGTAATA,4.311377732812314
7496,0.4741052351599394,5__mutated,PertCortex_5_CACATTTCAAACCCAT,1.9971580471953998
7497,0.1048508943816788,5__mutated,PertCortex_5_CACATTTGTGATGATA,3.0597773838396694
7498,0.40885425405385195,5__mutated,PertCortex_5_CACCACTCATCCGGGT,2.0600737239472493
7499,0.21848117285840518,5__mutated,PertCortex_5_CACCACTCATCTACGA,3.567176845210531
7500,0.12823430086613447,5__mutated,PertCortex_5_CACCACTGTAAATGAC,4.629284770151798
7501,0.1783296404691206,5__mutated,PertCortex_5_CACCACTTCAGGCAAG,3.378746702900823
7502,0.22260130653770407,5__mutated,PertCortex_5_CACCACTTCGCATGGC,2.700565012615894
7503,0.04646931451217423,5__mutated,PertCortex_5_CACCACTTCGTTGCCT,4.3234685426927415
7504,0.20314823505059532,5__mutated,PertCortex_5_CACCAGGTCAACACCA,3.1709923091635535
7505,0.17703767896964095,5__mutated,PertCortex_5_CACCTTGAGCATGGCA,2.773877801284194
7506,0.1306482294562295,5__mutated,PertCortex_5_CACCTTGAGGATGGAA,4.97328167697079
7507,0.5556164496295435,5__mutated,PertCortex_5_CACCTTGTCATGCAAC,1.4835047646439017
7508,0.04367988288236655,5__mutated,PertCortex_5_CACCTTGTCCAAGCCG,3.5231553391326043
7509,0.0698370035353333,5__mutated,PertCortex_5_CACTCCATCACTTACT,3.6847811597345275
7510,0.5913522786238415,5__mutated,PertCortex_5_CAGAATCAGGTAGCCA,1.8746954887158775
7511,0.4997836377310251,5__mutated,PertCortex_5_CAGAATCCATTTGCCC,2.5611528883488517
7512,0.12367095769514898,5__mutated,PertCortex_5_CAGAATCGTAAGCACG,4.162074121229944
7513,0.17699508528522695,5__mutated,PertCortex_5_CAGAGAGCAGACAGGT,2.861101262228264
7514,0.11546150890873012,5__mutated,PertCortex_5_CAGAGAGCAGCTATTG,4.456294411082832
7515,0.170175635928499,5__mutated,PertCortex_5_CAGAGAGCATCCGGGT,3.4551254007753034
7516,0.2593510042846873,5__mutated,PertCortex_5_CAGAGAGGTACGACCC,2.7618627685898636
7517,0.21175995230374325,5__mutated,PertCortex_5_CAGATCAAGTTAAGTG,3.498106129395338
7518,0.5201729007201565,5__mutated,PertCortex_5_CAGATCAGTCGACTAT,1.8980394714034878
7519,0.08509976977878406,5__mutated,PertCortex_5_CAGATCAGTTCGTCTC,4.452546477528747
7520,0.08712562279492016,5__mutated,PertCortex_5_CAGATCATCATAAAGG,3.384826224299229
7521,0.12874627653751253,5__mutated,PertCortex_5_CAGCAGCCAATCAGAA,2.2097934008158022
7522,0.10271305392946052,5__mutated,PertCortex_5_CAGCAGCCATTCCTGC,5.349257740559829
7523,0.021300708825092714,5__mutated,PertCortex_5_CAGCAGCGTTCCACTC,4.756911432702403
7524,0.09855202999812175,5__mutated,PertCortex_5_CAGCAGCTCTTGCCGT,3.5917762708822347
7525,0.21311290377618217,5__mutated,PertCortex_5_CAGCATAAGAGTAAGG,2.7710643681533225
7526,0.1569889824834338,5__mutated,PertCortex_5_CAGCATAAGCTGAAAT,2.4943389183054356
7527,0.5545327837963088,5__mutated,PertCortex_5_CAGCATAAGTGAACAT,1.7517323309191228
7528,0.062262934065001836,5__mutated,PertCortex_5_CAGCCGAAGCAGCCTC,3.676266192413891
7529,0.07987393170044625,5__mutated,PertCortex_5_CAGCCGAGTGGTGTAG,3.691772670643885
7530,0.057879078351027916,5__mutated,PertCortex_5_CAGCGACCATTCTTAC,4.262203362227343
7531,0.0518258204045389,5__mutated,PertCortex_5_CAGCGACGTTCACGGC,4.154923792178583
7532,0.15903431718990604,5__mutated,PertCortex_5_CAGCTAAAGGCTAGCA,2.7495545568198057
7533,0.5144958755951244,5__mutated,PertCortex_5_CAGCTAAGTGCGAAAC,2.047060529850957
7534,0.03299346794378354,5__mutated,PertCortex_5_CAGCTAATCATAAAGG,3.367716225412004
7535,0.12478149471918663,5__mutated,PertCortex_5_CAGCTGGGTTATCGGT,4.370424189108864
7536,0.1444394257984403,5__mutated,PertCortex_5_CAGCTGGTCCGAAGAG,2.762199427404359
7537,0.18223102638576255,5__mutated,PertCortex_5_CAGGTGCAGAGGGATA,2.8479210144614515
7538,0.09872045745355543,5__mutated,PertCortex_5_CAGGTGCGTACAGACG,3.8559110899563103
7539,0.031045101454455014,5__mutated,PertCortex_5_CAGGTGCTCAACACAC,2.9523182083546864
7540,0.4295973960756017,5__mutated,PertCortex_5_CAGGTGCTCACTTCAT,2.6544491460885324
7541,0.05094753841381245,5__mutated,PertCortex_5_CAGGTGCTCTTCTGGC,3.5712326442308147
7542,0.2829436202415493,5__mutated,PertCortex_5_CAGTAACCACCAGCAC,2.20704249853195
7543,0.054772762741218825,5__mutated,PertCortex_5_CAGTAACGTGCCTTGG,3.76096095418068
7544,0.15880527772060485,5__mutated,PertCortex_5_CAGTAACTCACCCGAG,2.521597287252702
7545,0.1126491522488483,5__mutated,PertCortex_5_CAGTAACTCGGCGCAT,3.616063751163442
7546,0.06204970268433557,5__mutated,PertCortex_5_CAGTCCTAGAGATGAG,4.187120257630433
7547,0.0307839720651355,5__mutated,PertCortex_5_CAGTCCTCACCGTTGG,1.2998348507321507
7548,0.021376952560287193,5__mutated,PertCortex_5_CAGTCCTTCAACACCA,3.9798347068828246
7549,0.24014772871516407,5__mutated,PertCortex_5_CAGTCCTTCAGGTAAA,3.12856420399494
7550,0.03443625903423541,5__mutated,PertCortex_5_CATATGGAGACCGGAT,3.3554539583892002
7551,0.6534273853908963,5__mutated,PertCortex_5_CATATGGAGACGACGT,1.6507138705733206
7552,0.3957687845988489,5__mutated,PertCortex_5_CATATGGAGGTGCTTT,3.1811043098410514
7553,0.12425372824852472,5__mutated,PertCortex_5_CATATTCAGGGCTCTC,3.7873707654487183
7554,0.08805750850658055,5__mutated,PertCortex_5_CATATTCCAGTCGATT,4.393524985114658
7555,0.19931761629078576,5__mutated,PertCortex_5_CATATTCGTCCCTACT,1.7947165417540234
7556,0.1183539861064094,5__mutated,PertCortex_5_CATATTCGTGTATGGG,3.2145674273353313
7557,0.17889281440290128,5__mutated,PertCortex_5_CATATTCTCTTATCTG,3.351860505272969
7558,0.3137504296209692,5__mutated,PertCortex_5_CATCAAGTCCGTACAA,2.968598544350179
7559,0.1186849567157882,5__mutated,PertCortex_5_CATCAGAAGTGAAGTT,3.7434509119002706
7560,0.09256147926726419,5__mutated,PertCortex_5_CATCCACTCCGCGCAA,3.055998167180833
7561,0.17277241550137265,5__mutated,PertCortex_5_CATCGAACACGGTAGA,2.3897371146093507
7562,0.067045526770925,5__mutated,PertCortex_5_CATCGAATCACATGCA,2.8574315741740137
7563,0.03311122876961802,5__mutated,PertCortex_5_CATCGGGAGTCCGTAT,3.0720280261309454
7564,0.20420871978018412,5__mutated,PertCortex_5_CATCGGGGTACCGAGA,2.4577208303607634
7565,0.09912917731521274,5__mutated,PertCortex_5_CATCGGGTCGCTAGCG,4.3602762202856145
7566,0.14280637502534677,5__mutated,PertCortex_5_CATGACAGTTCAGACT,3.1190851898106575
7567,0.13867178320408416,5__mutated,PertCortex_5_CATGACATCCTTGGTC,2.950261919154642
7568,0.27579081149397056,5__mutated,PertCortex_5_CATGCCTAGAAACGCC,2.7052495218031707
7569,0.19460386944012728,5__mutated,PertCortex_5_CATGCCTCACGGACAA,3.2672213584471903
7570,0.6318408898239831,5__mutated,PertCortex_5_CATGCCTGTAGGGACT,1.80294769893518
7571,0.11485522511326748,5__mutated,PertCortex_5_CATGCCTTCATGTCTT,3.543571032575506
7572,0.058774751677982046,5__mutated,PertCortex_5_CATGGCGAGCGCCTTG,4.901661787556945
7573,0.6039620481897735,5__mutated,PertCortex_5_CATGGCGGTCGCATCG,1.3876507310994572
7574,0.032754454871760944,5__mutated,PertCortex_5_CATTATCAGCCAGTTT,3.946011670675456
7575,0.07094647787424402,5__mutated,PertCortex_5_CATTATCCACTTAAGC,3.709890258619005
7576,0.13063950029611865,5__mutated,PertCortex_5_CATTATCGTCAGAAGC,3.269608292956792
7577,0.12779230296714458,5__mutated,PertCortex_5_CATTATCGTTCCCTTG,3.1459935700476565
7578,0.11804745494695804,5__mutated,PertCortex_5_CATTATCTCACCCTCA,3.095763121783183
7579,0.16723265264189177,5__mutated,PertCortex_5_CATTCGCAGAAACGAG,3.9868788811329194
7580,0.05053907454907419,5__mutated,PertCortex_5_CATTCGCGTTGCCTCT,4.238697723219911
7581,0.021558601225965878,5__mutated,PertCortex_5_CATTCGCTCACAACGT,3.161050009639631
7582,0.09638466816063453,5__mutated,PertCortex_5_CATTCGCTCAGTGCAT,3.5216634332080576
7583,0.15317885479137547,5__mutated,PertCortex_5_CCAATCCCAACTGGCC,2.3815414093539298
7584,0.10482894353017434,5__mutated,PertCortex_5_CCACCTAAGCGTGTCC,4.054154356197099
7585,0.14373692263561288,5__mutated,PertCortex_5_CCACCTAGTCCTGCTT,4.0828314864347215
7586,0.1873095915700866,5__mutated,PertCortex_5_CCACCTAGTTCGTTGA,3.480726355824939
7587,0.5544136849190165,5__mutated,PertCortex_5_CCACCTATCGAGAGCA,2.175235169724274
7588,0.5510787290464539,5__mutated,PertCortex_5_CCACGGACAGCTGGCT,2.2888098721350936
7589,0.3602757319282143,5__mutated,PertCortex_5_CCACGGACAGGGTTAG,1.8975243220719555
7590,0.07913577569144298,5__mutated,PertCortex_5_CCACGGACAGTCACTA,3.1928554371208606
7591,0.10339861951951447,5__mutated,PertCortex_5_CCACGGACATACGCCG,3.338036663719818
7592,0.21735920879469778,5__mutated,PertCortex_5_CCACGGACATTATCTC,3.436041434654443
7593,0.046689216347387354,5__mutated,PertCortex_5_CCACTACTCACCACCT,3.476605602481002
7594,0.15869634396911203,5__mutated,PertCortex_5_CCACTACTCCAAACAC,3.6255793187033794
7595,0.11040246875802201,5__mutated,PertCortex_5_CCAGCGACAATAGAGT,3.8322854687885783
7596,0.10786346227367963,5__mutated,PertCortex_5_CCAGCGACATATGGTC,3.4797602981798383
7597,0.5489830566174394,5__mutated,PertCortex_5_CCAGCGATCACCAGGC,1.8997551917385298
7598,0.025314097112658446,5__mutated,PertCortex_5_CCAGCGATCGGATGGA,3.6775834029550327
7599,0.2290821813200768,5__mutated,PertCortex_5_CCATGTCCAAGCGATG,3.455336254422183
7600,0.3674608962308851,5__mutated,PertCortex_5_CCATGTCGTTGTCTTT,2.4244990264231463
7601,0.20379223246955286,5__mutated,PertCortex_5_CCATGTCTCAGTTGAC,2.8116401068859376
7602,0.24359582143322334,5__mutated,PertCortex_5_CCATGTCTCCCATTTA,2.583803969286187
7603,0.1316056383413139,5__mutated,PertCortex_5_CCATTCGCAGCTGCTG,2.833168488228131
7604,0.3642182864190063,5__mutated,PertCortex_5_CCCAATCCATGCCACG,1.926373730528957
7605,0.19526192984811905,5__mutated,PertCortex_5_CCCAATCGTGCACTTA,3.376683424245448
7606,0.16806587134931922,5__mutated,PertCortex_5_CCCAGTTGTATGAATG,3.4459344261700076
7607,0.05443039009314004,5__mutated,PertCortex_5_CCCATACAGTTCGATC,3.3421529791138216
7608,0.6106252508677326,5__mutated,PertCortex_5_CCCATACCAAGTTCTG,1.8799349304784914
7609,0.25720441568004665,5__mutated,PertCortex_5_CCCATACCAGTAGAGC,1.8108328588460105
7610,0.21898524014700435,5__mutated,PertCortex_5_CCCATACTCTATCCCG,2.8263918304229234
7611,0.5574191836276342,5__mutated,PertCortex_5_CCCTCCTAGCAGATCG,1.4609178636154287
7612,0.19734252464959676,5__mutated,PertCortex_5_CCCTCCTAGTTAACGA,3.1632382810809103
7613,0.13897637963143647,5__mutated,PertCortex_5_CCCTCCTGTCACACGC,2.7373230700626614
7614,0.0407471864211867,5__mutated,PertCortex_5_CCCTCCTTCATCGGAT,3.811669302199205
7615,0.2761520898556782,5__mutated,PertCortex_5_CCCTCCTTCGGCTACG,2.354998454061907
7616,0.20500974156034443,5__mutated,PertCortex_5_CCGGGATGTCTCTTTA,2.6200207615052333
7617,0.20602186399795588,5__mutated,PertCortex_5_CCGGGATGTTCTCATT,3.1006372292001947
7618,0.11121375168802981,5__mutated,PertCortex_5_CCGGGATTCAGTCCCT,3.886967422483417
7619,0.17939929476890107,5__mutated,PertCortex_5_CCGGGATTCTCCTATA,2.439808785188466
7620,0.26764812876450983,5__mutated,PertCortex_5_CCGGTAGAGATGCGAC,2.721250451662114
7621,0.06237952771208937,5__mutated,PertCortex_5_CCGGTAGCAGTCAGAG,3.519398424562285
7622,0.042654950594599624,5__mutated,PertCortex_5_CCGTACTCAGGCAGTA,2.891782559094004
7623,0.12436632188493135,5__mutated,PertCortex_5_CCGTACTCATCCGTGG,2.730668182261813
7624,0.08342174513252484,5__mutated,PertCortex_5_CCGTACTTCTGCGGCA,2.93081015196849
7625,0.36414277207596163,5__mutated,PertCortex_5_CCGTGGAGTAGCTAAA,2.3191184231688045
7626,0.07129009968483924,5__mutated,PertCortex_5_CCGTTCAAGAAAGTGG,3.92227058845748
7627,0.4289700499391593,5__mutated,PertCortex_5_CCGTTCACAAATTGCC,1.6366352079082163
7628,0.5685120628341432,5__mutated,PertCortex_5_CCGTTCATCCCTCAGT,1.7480337969306206
7629,0.2665361196423694,5__mutated,PertCortex_5_CCTAAAGAGTAATCCC,2.7793111181014263
7630,0.1446719512876771,5__mutated,PertCortex_5_CCTAAAGCAATCCAAC,4.449229114384326
7631,0.429433447207765,5__mutated,PertCortex_5_CCTAAAGTCACGAAGG,1.919691015279339
7632,0.15951336514938125,5__mutated,PertCortex_5_CCTAAAGTCACTTACT,3.975456881482101
7633,0.18694394468306394,5__mutated,PertCortex_5_CCTACACGTGTCTGAT,3.7696081686959073
7634,0.2812478633448587,5__mutated,PertCortex_5_CCTACCAAGCATCATC,3.6398837279173057
7635,0.1867020664670883,5__mutated,PertCortex_5_CCTACCAAGCCTTGAT,3.147945569290406
7636,0.11608788303812209,5__mutated,PertCortex_5_CCTACCAGTCCGTTAA,3.335674554606107
7637,0.03112211006205334,5__mutated,PertCortex_5_CCTACCATCCCTTGTG,3.5875376253093245
7638,0.2937096198967953,5__mutated,PertCortex_5_CCTAGCTAGGACAGAA,3.0786176080453087
7639,0.09204145602837509,5__mutated,PertCortex_5_CCTAGCTAGTCCAGGA,3.59781529074832
7640,0.2538509227721368,5__mutated,PertCortex_5_CCTAGCTCATACGCCG,3.2203775669937404
7641,0.28982770578299666,5__mutated,PertCortex_5_CCTAGCTGTAGCTCCG,3.0195408793036096
7642,0.2267708727051315,5__mutated,PertCortex_5_CCTAGCTTCTTCAACT,3.1885759545480963
7643,0.09989592101752263,5__mutated,PertCortex_5_CCTATTAGTTGATTCG,3.7429164788031892
7644,0.14061072525831148,5__mutated,PertCortex_5_CCTCAGTGTCACAAGG,3.601370250971907
7645,0.10708327753149932,5__mutated,PertCortex_5_CCTCAGTTCAAGCCTA,4.170442755091192
7646,0.26380270775898745,5__mutated,PertCortex_5_CCTCAGTTCTAAGCCA,2.738482527563529
7647,0.6511223399327382,5__mutated,PertCortex_5_CCTCTGACATGCTGGC,1.7355288955115407
7648,0.09170715268944943,5__mutated,PertCortex_5_CCTCTGAGTCTAGCCG,3.8512292174594185
7649,0.048159441737035666,5__mutated,PertCortex_5_CCTCTGAGTTCGGCAC,2.5204997524830706
7650,0.3323465843026213,5__mutated,PertCortex_5_CCTCTGATCGAGGTAG,1.7908634195282422
7651,0.4197460067079175,5__mutated,PertCortex_5_CCTCTGATCTTCGGTC,2.4917916305237675
7652,0.19300549699452652,5__mutated,PertCortex_5_CCTTACGAGTGAAGAG,2.754973202889555
7653,0.1437508427961776,5__mutated,PertCortex_5_CCTTACGCATTATCTC,3.319666878622328
7654,0.19299331137504136,5__mutated,PertCortex_5_CCTTACGGTCCATGAT,3.1206668365779797
7655,0.09710476310442569,5__mutated,PertCortex_5_CCTTACGGTTGTCGCG,2.3782308745136445
7656,0.33250491128307563,5__mutated,PertCortex_5_CCTTCCCAGATATGGT,3.4619201214811675
7657,0.513783070150272,5__mutated,PertCortex_5_CCTTCCCGTATCACCA,2.439690167032704
7658,0.21045567391705183,5__mutated,PertCortex_5_CCTTCGACAACTGCTA,2.4159441640658326
7659,0.1380939206746056,5__mutated,PertCortex_5_CCTTCGACAGAGTGTG,2.996360022971169
7660,0.25559322655734773,5__mutated,PertCortex_5_CCTTCGACATGGTAGG,1.8787071908624897
7661,0.14435632506271995,5__mutated,PertCortex_5_CCTTCGAGTCAGAGGT,3.218677864142137
7662,0.08876505828210413,5__mutated,PertCortex_5_CCTTCGATCTGTTTGT,4.3352401824135915
7663,0.15681368189667438,5__mutated,PertCortex_5_CCTTTCTAGTTGAGAT,2.1130177400262156
7664,0.08187235531147628,5__mutated,PertCortex_5_CCTTTCTGTGTCTGAT,3.342675761550138
7665,0.17736020738061511,5__mutated,PertCortex_5_CCTTTCTTCCCATTTA,2.2509314844824866
7666,0.062310121668521096,5__mutated,PertCortex_5_CGAATGTTCAACGGCC,4.142810765835256
7667,0.12378826449724216,5__mutated,PertCortex_5_CGAATGTTCATCATTC,3.9319402659572917
7668,0.1755384820725276,5__mutated,PertCortex_5_CGACCTTAGTCTTGCA,2.9997211939261397
7669,0.22459572703665642,5__mutated,PertCortex_5_CGACCTTAGTTAAGTG,2.4465100718499766
7670,0.13249130454518698,5__mutated,PertCortex_5_CGACCTTGTGACCAAG,2.7164901356616236
7671,0.17816394261878551,5__mutated,PertCortex_5_CGACTTCAGACTAGAT,2.3593747727881547
7672,0.06485395887766372,5__mutated,PertCortex_5_CGACTTCGTCCTGCTT,3.793183325754334
7673,0.12811063342573903,5__mutated,PertCortex_5_CGACTTCGTGTTGAGG,4.300461848406853
7674,0.1777570808111714,5__mutated,PertCortex_5_CGACTTCTCCCAAGTA,2.356804047337222
7675,0.02009571733080708,5__mutated,PertCortex_5_CGAGAAGAGAGTAAGG,3.2545030795517342
7676,0.17441487321912624,5__mutated,PertCortex_5_CGAGAAGCATTGGCGC,2.6703829602005325
7677,0.27074752650639217,5__mutated,PertCortex_5_CGAGAAGGTGGTCTCG,3.6767121383369123
7678,0.13659616099667968,5__mutated,PertCortex_5_CGAGAAGGTTAAGAAC,3.2041121837815765
7679,0.04792388234575549,5__mutated,PertCortex_5_CGAGCACGTAATAGCA,3.15757840463902
7680,0.05538359760052259,5__mutated,PertCortex_5_CGAGCACTCACAAACC,3.2371875620845256
7681,0.366327199168647,5__mutated,PertCortex_5_CGAGCACTCCTCCTAG,2.0910578840733587
7682,0.12991999950469585,5__mutated,PertCortex_5_CGAGCCACACAGGAGT,3.321526388037746
7683,0.21582624567304234,5__mutated,PertCortex_5_CGAGCCATCACGGTTA,2.1364051418942265
7684,0.1441457643456427,5__mutated,PertCortex_5_CGATCGGAGAACAACT,2.186124841412531
7685,0.13158796575829115,5__mutated,PertCortex_5_CGATCGGAGTACATGA,2.4300511413595935
7686,-0.008985804323736808,5__mutated,PertCortex_5_CGATCGGGTTCTGTTT,4.555848343889138
7687,0.4502849639469393,5__mutated,PertCortex_5_CGATGGCAGCTGTTCA,1.956041427453477
7688,0.05573069597718534,5__mutated,PertCortex_5_CGATGGCAGTCATCCA,3.7814845364492573
7689,0.07919539659838673,5__mutated,PertCortex_5_CGATGTAGTTAAAGAC,2.920932149522012
7690,0.04365241874911828,5__mutated,PertCortex_5_CGATGTAGTTCCACGG,3.3369087757671596
7691,0.42409617333047334,5__mutated,PertCortex_5_CGATGTATCCTACAGA,1.8693966923988832
7692,0.06211205106462872,5__mutated,PertCortex_5_CGATGTATCCTCGCAT,3.2477876059888837
7693,0.21647410396007943,5__mutated,PertCortex_5_CGATTGAAGCTTTGGT,2.2513964375551914
7694,0.3957563001673446,5__mutated,PertCortex_5_CGATTGATCCCAAGTA,1.5057036148658207
7695,0.13441064038913839,5__mutated,PertCortex_5_CGATTGATCCGTTGCT,4.603392777019348
7696,0.036369280093570266,5__mutated,PertCortex_5_CGCCAAGGTGGTCTCG,3.74180463513375
7697,0.07510443117192746,5__mutated,PertCortex_5_CGCCAAGGTTTGACTG,3.7670320271284243
7698,0.10688548163802969,5__mutated,PertCortex_5_CGCCAAGTCTAAGCCA,4.39648073376852
7699,0.15904686609850197,5__mutated,PertCortex_5_CGCGGTAAGTACGCGA,3.738502186639697
7700,0.04893039705427958,5__mutated,PertCortex_5_CGCGGTACACGGCCAT,5.092502244349051
7701,0.11393401474968089,5__mutated,PertCortex_5_CGCGTTTAGCGCTCCA,3.2465299468435984
7702,0.20332391655776938,5__mutated,PertCortex_5_CGCGTTTCAGTATCTG,3.3053526161040874
7703,0.032896204588971696,5__mutated,PertCortex_5_CGCGTTTTCAGTGCAT,2.4556057623532617
7704,0.12145558793217978,5__mutated,PertCortex_5_CGCTATCTCATGTCCC,3.5431372522809372
7705,0.21778790491202896,5__mutated,PertCortex_5_CGCTATCTCCGCAAGC,3.2763598241765473
7706,0.12266473548087557,5__mutated,PertCortex_5_CGCTATCTCCTCATTA,4.472956954546762
7707,0.3322868576591215,5__mutated,PertCortex_5_CGCTGGAGTTGATTCG,1.9829604794910536
7708,0.009521646156624543,5__mutated,PertCortex_5_CGCTGGATCAACGAAA,2.508651994208763
7709,0.22317967108550196,5__mutated,PertCortex_5_CGCTGGATCTAAGCCA,2.9507049791593203
7710,0.4050357433082254,5__mutated,PertCortex_5_CGCTTCATCTAACCGA,1.547760080087807
7711,0.5353642784425008,5__mutated,PertCortex_5_CGGACACGTCTAGTCA,2.1658873017639944
7712,0.5369045558887157,5__mutated,PertCortex_5_CGGACGTAGACGCAAC,2.467182402495748
7713,0.1190059791931668,5__mutated,PertCortex_5_CGGACGTGTCTCTTAT,2.7447957929033233
7714,0.09003057541137675,5__mutated,PertCortex_5_CGGACTGCAATGACCT,3.3416125495347195
7715,0.2169902489407181,5__mutated,PertCortex_5_CGGAGCTCATAAAGGT,2.5404397678103146
7716,0.24780633417199893,5__mutated,PertCortex_5_CGGAGCTGTTATCACG,2.131222095645208
7717,0.5984111147907861,5__mutated,PertCortex_5_CGGAGTCAGATCCGAG,1.8464359245334112
7718,0.4790978960449757,5__mutated,PertCortex_5_CGGCTAGCACAGCCCA,2.6491494370073787
7719,0.16530701962153,5__mutated,PertCortex_5_CGGCTAGCATCTCCCA,2.9913694294713076
7720,0.37590122630466377,5__mutated,PertCortex_5_CGGCTAGTCCGTCAAA,2.049448106923924
7721,0.08745087575668445,5__mutated,PertCortex_5_CGGCTAGTCGGACAAG,3.7747115191846836
7722,0.13093874198486521,5__mutated,PertCortex_5_CGGGTCAAGACTAGGC,3.3920247311114746
7723,0.18608300296924157,5__mutated,PertCortex_5_CGGGTCAAGAGACTTA,3.457943237853094
7724,0.011500416529486456,5__mutated,PertCortex_5_CGGTTAACAGCTTAAC,3.975363059005781
7725,0.1813433516166096,5__mutated,PertCortex_5_CGGTTAATCCCATTTA,2.6081354891301127
7726,0.18051316081369087,5__mutated,PertCortex_5_CGTAGCGAGCGATATA,3.5393585184232528
7727,0.10217047819717304,5__mutated,PertCortex_5_CGTAGCGTCGTATCAG,2.7077103436559313
7728,0.14468660250432042,5__mutated,PertCortex_5_CGTAGGCCAAGGTGTG,2.6219790600975594
7729,0.08796858845168039,5__mutated,PertCortex_5_CGTAGGCCAGGACGTA,3.9335507845246664
7730,0.3221851041698907,5__mutated,PertCortex_5_CGTAGGCGTGCGCTTG,2.228361557615922
7731,0.6089630232641959,5__mutated,PertCortex_5_CGTCACTCATAGAAAC,1.9323626793939426
7732,0.2367669620651822,5__mutated,PertCortex_5_CGTCAGGAGCACACAG,2.9369373200484024
7733,0.007539449229614047,5__mutated,PertCortex_5_CGTCAGGCATGTTCCC,4.088104118636299
7734,0.26011363382186997,5__mutated,PertCortex_5_CGTCAGGGTTTAGCTG,3.5202793383348854
7735,0.08169978060244734,5__mutated,PertCortex_5_CGTCAGGTCCTATGTT,3.651334795236705
7736,0.47894954460864225,5__mutated,PertCortex_5_CGTCAGGTCTATGTGG,2.113615667123497
7737,0.39621817192320935,5__mutated,PertCortex_5_CGTCCATAGGCTCTTA,1.6993279485169883
7738,0.2016616041210638,5__mutated,PertCortex_5_CGTCCATCAATAGAGT,2.802022289784409
7739,0.2444136815450454,5__mutated,PertCortex_5_CGTCCATCAATGCCAT,2.8816825285391547
7740,0.4272563891070208,5__mutated,PertCortex_5_CGTCCATGTTGTACAC,2.205117441806149
7741,0.30336931155124575,5__mutated,PertCortex_5_CGTCCATTCAGCAACT,3.2222002642491194
7742,0.21207274321248548,5__mutated,PertCortex_5_CGTCTACAGGTGCTAG,2.8851251284247597
7743,0.421344017739818,5__mutated,PertCortex_5_CGTCTACCACGAGAGT,2.123487364147114
7744,0.2012735482409647,5__mutated,PertCortex_5_CGTCTACTCACTCCTG,3.571138537572662
7745,0.1309423543839403,5__mutated,PertCortex_5_CGTGAGCCATGGGACA,3.985499078441093
7746,0.19016279669764102,5__mutated,PertCortex_5_CGTGAGCGTTCCACGG,3.047169459980734
7747,0.17097561582073223,5__mutated,PertCortex_5_CGTGTAAAGATCACGG,4.355479175830947
7748,0.16511353432746348,5__mutated,PertCortex_5_CGTGTAACATTTCAGG,2.06493528547263
7749,0.13364472372470212,5__mutated,PertCortex_5_CGTGTAATCGGACAAG,4.421988683391943
7750,0.13117310918234285,5__mutated,PertCortex_5_CGTGTCTAGACCACGA,3.3394189256501425
7751,0.5723698147561534,5__mutated,PertCortex_5_CGTGTCTAGGTGCACA,2.20972552217753
7752,0.054945527204733065,5__mutated,PertCortex_5_CGTGTCTCACCGCTAG,3.5048397007345335
7753,0.1831198778125299,5__mutated,PertCortex_5_CGTGTCTTCCAGATCA,2.5432802198940454
7754,0.08655987563336756,5__mutated,PertCortex_5_CGTTAGAGTTAAGGGC,4.956387254997051
7755,0.11353508929068637,5__mutated,PertCortex_5_CGTTAGATCTGCTGTC,4.315426233336102
7756,0.11808239864832942,5__mutated,PertCortex_5_CGTTCTGGTGGGTCAA,2.0757142329561424
7757,0.3982511531275352,5__mutated,PertCortex_5_CGTTCTGTCCGTTGCT,2.1233888013464486
7758,0.05325063257263451,5__mutated,PertCortex_5_CGTTGGGCACGAGAGT,4.208808145856025
7759,0.22907463017186902,5__mutated,PertCortex_5_CGTTGGGCACGAGGTA,2.3928668070384647
7760,0.32811609387483787,5__mutated,PertCortex_5_CGTTGGGCAGCGATCC,2.8618152922184046
7761,0.5607666255698499,5__mutated,PertCortex_5_CGTTGGGGTATCACCA,2.083075860101636
7762,0.18651054005245557,5__mutated,PertCortex_5_CTAACTTAGATGTGTA,2.2506586115851333
7763,0.07781501543741613,5__mutated,PertCortex_5_CTAACTTTCAGAGGTG,3.650158413884094
7764,0.1573986922262565,5__mutated,PertCortex_5_CTAACTTTCGAGAACG,1.9681043643657234
7765,0.05233973534455517,5__mutated,PertCortex_5_CTAAGACCACTGCCAG,3.266261972367376
7766,0.16622824288264165,5__mutated,PertCortex_5_CTAAGACCAGGTGCCT,3.0219151524043255
7767,0.24380260773640505,5__mutated,PertCortex_5_CTAAGACTCCTGCTTG,2.937238342730895
7768,0.6079202086372663,5__mutated,PertCortex_5_CTACACCCATTCTCAT,1.9247985336721396
7769,0.5848783796062901,5__mutated,PertCortex_5_CTACACCGTCACCTAA,2.047665555047104
7770,0.1715445392906712,5__mutated,PertCortex_5_CTACACCGTTACGTCA,2.3637322138511943
7771,0.1042371311353877,5__mutated,PertCortex_5_CTACATTCAACAACCT,4.616264611240747
7772,0.08158781967569251,5__mutated,PertCortex_5_CTACCCAAGGTGCACA,3.8044516322911868
7773,0.2552391696362384,5__mutated,PertCortex_5_CTACCCAGTACACCGC,3.4287085109902162
7774,0.23299303577507774,5__mutated,PertCortex_5_CTACCCAGTGTGCCTG,2.077819253300133
7775,0.1704429811222724,5__mutated,PertCortex_5_CTACGTCGTGTTCGAT,3.2557242658336025
7776,0.08661106781270775,5__mutated,PertCortex_5_CTACGTCTCACCTCGT,3.664996707930081
7777,0.17532777778391678,5__mutated,PertCortex_5_CTACGTCTCATCTGCC,2.0975808388881556
7778,0.14291813463332162,5__mutated,PertCortex_5_CTAGAGTTCCTCAATT,2.6632294313147002
7779,0.20983096690596414,5__mutated,PertCortex_5_CTAGCCTGTCACTGGC,2.7902829425689983
7780,0.24059242280248733,5__mutated,PertCortex_5_CTAGTGAAGATTACCC,3.4739076303799328
7781,0.15667848813744803,5__mutated,PertCortex_5_CTCACACAGGATGGTC,2.7202775594390642
7782,0.17437949292816773,5__mutated,PertCortex_5_CTCAGAATCTCGAGTA,3.4317860105340396
7783,0.3859100156842341,5__mutated,PertCortex_5_CTCATTACACTCAGGC,2.199101438059327
7784,0.0795074152991428,5__mutated,PertCortex_5_CTCATTAGTCGCGTGT,4.009528839743178
7785,0.12707003895671146,5__mutated,PertCortex_5_CTCATTATCATGTCTT,3.5947971920861446
7786,0.45144765058334474,5__mutated,PertCortex_5_CTCCTAGCATTAGGCT,2.1061294822562004
7787,0.20244606889310285,5__mutated,PertCortex_5_CTCCTAGGTCGGGTCT,2.6040177370181152
7788,0.054191122223324215,5__mutated,PertCortex_5_CTCCTAGGTGTCTGAT,3.766492931886869
7789,0.1677919897884716,5__mutated,PertCortex_5_CTCGAAAAGACTAGGC,3.6151610584951603
7790,0.6337574788827715,5__mutated,PertCortex_5_CTCGAAATCCATGAGT,1.6130185909647528
7791,0.1814852954863387,5__mutated,PertCortex_5_CTCGAAATCGTGGTCG,2.7342981903013936
7792,0.16330468616829238,5__mutated,PertCortex_5_CTCGAGGAGCAATCTC,3.05809773465494
7793,0.10240482202399942,5__mutated,PertCortex_5_CTCGAGGGTCCAACTA,2.9443939911269146
7794,0.5700069337050249,5__mutated,PertCortex_5_CTCGAGGGTGTCGCTG,2.123694661382131
7795,0.33888858321612453,5__mutated,PertCortex_5_CTCGAGGTCCCTCTTT,1.8690834228555355
7796,0.02360160300010303,5__mutated,PertCortex_5_CTCGGAGAGGAGTAGA,3.8800427269021807
7797,0.14706012451686803,5__mutated,PertCortex_5_CTCGGGAAGGCTCTTA,3.0916606389322143
7798,0.13193042050766962,5__mutated,PertCortex_5_CTCGGGACACCCAGTG,4.564282541081202
7799,0.5350664215819565,5__mutated,PertCortex_5_CTCGGGATCCGGGTGT,2.221141300509189
7800,0.18493337209476818,5__mutated,PertCortex_5_CTCGTACGTGTAACGG,2.7196020146901208
7801,0.02083657203020945,5__mutated,PertCortex_5_CTCGTACGTTAGAACA,3.3920919950318713
7802,0.015279192753318578,5__mutated,PertCortex_5_CTCGTCAGTAATTGGA,4.000496089709923
7803,0.3049446789510141,5__mutated,PertCortex_5_CTCGTCAGTCTCGTTC,2.84704684883166
7804,0.004631731285356674,5__mutated,PertCortex_5_CTCGTCAGTTGTGGAG,4.19944205872433
7805,0.1704464439380678,5__mutated,PertCortex_5_CTCGTCATCCGAAGAG,4.054977299134048
7806,0.24850741831872128,5__mutated,PertCortex_5_CTCTAATAGAGTCGGT,2.3048456112611575
7807,0.10227988000540578,5__mutated,PertCortex_5_CTCTACGGTTAAAGTG,3.8678099676417843
7808,0.02928424279848878,5__mutated,PertCortex_5_CTCTACGGTTAAGACA,3.5646897446131414
7809,0.138804009842004,5__mutated,PertCortex_5_CTCTACGTCTGACCTC,3.3366073083598606
7810,0.2909396948541267,5__mutated,PertCortex_5_CTCTGGTAGTAGCCGA,3.109705732167366
7811,0.07578081722533897,5__mutated,PertCortex_5_CTCTGGTAGTGAAGAG,3.493458579432989
7812,0.11653382069824475,5__mutated,PertCortex_5_CTCTGGTTCTTGTCAT,3.01246368317977
7813,0.26199407819000337,5__mutated,PertCortex_5_CTGAAGTAGAGTACCG,2.515575002428981
7814,0.19262126895114515,5__mutated,PertCortex_5_CTGAAGTTCGAATGCT,2.6293083515438727
7815,0.039879440501432994,5__mutated,PertCortex_5_CTGAAGTTCTATGTGG,3.8006071633231087
7816,0.08498824358030119,5__mutated,PertCortex_5_CTGATAGAGCTAGCCC,3.400403240397219
7817,0.1576811741002611,5__mutated,PertCortex_5_CTGATAGAGGCATTGG,3.4206665112568198
7818,0.1053036873636325,5__mutated,PertCortex_5_CTGATAGGTAGCTAAA,3.305193579520157
7819,0.684743651506698,5__mutated,PertCortex_5_CTGATCCAGAATAGGG,1.1841492648518814
7820,0.5488523862205668,5__mutated,PertCortex_5_CTGATCCAGCGATTCT,1.9082669247508874
7821,0.14869573948220446,5__mutated,PertCortex_5_CTGATCCCACGTAAGG,2.99374789254997
7822,0.3785797606579118,5__mutated,PertCortex_5_CTGATCCGTGTATGGG,2.0125330741379823
7823,0.10488646463996568,5__mutated,PertCortex_5_CTGCCTATCGTCTGAA,3.970178624202796
7824,0.361166022917716,5__mutated,PertCortex_5_CTGCCTATCTGATACG,2.037425467666737
7825,0.06215932239119064,5__mutated,PertCortex_5_CTGCGGACACTACAGT,3.7461250916265554
7826,0.3091252410508311,5__mutated,PertCortex_5_CTGCGGACAGCAGTTT,1.995648994070129
7827,0.5968820089542155,5__mutated,PertCortex_5_CTGCGGAGTAGGGACT,2.116700938110354
7828,0.11075069187018241,5__mutated,PertCortex_5_CTGCGGAGTTCCATGA,2.632260701579044
7829,0.1283893629389519,5__mutated,PertCortex_5_CTGCGGAGTTTGGCGC,4.155819738198822
7830,0.10312547363933744,5__mutated,PertCortex_5_CTGCGGAGTTTGTTGG,2.879415261803014
7831,0.32302088127360984,5__mutated,PertCortex_5_CTGCTGTAGGCTAGCA,3.2008833107504095
7832,0.20582687311697231,5__mutated,PertCortex_5_CTGCTGTTCTTAGAGC,2.448080169450537
7833,0.21204072975429708,5__mutated,PertCortex_5_CTGGTCTTCACATGCA,2.7790280346241008
7834,0.11044144714589729,5__mutated,PertCortex_5_CTGGTCTTCACGCATA,5.161420638502503
7835,0.3455275820019008,5__mutated,PertCortex_5_CTGGTCTTCCACGACG,1.7923668372594566
7836,0.09627443397086644,5__mutated,PertCortex_5_CTGGTCTTCTCTAGGA,4.29819499431214
7837,0.2327483700725425,5__mutated,PertCortex_5_CTGTGCTCATAGGATA,3.0039877746911423
7838,0.5737589887542656,5__mutated,PertCortex_5_CTGTGCTTCTCTAAGG,2.1257947083962265
7839,0.0943307726619204,5__mutated,PertCortex_5_CTGTTTAAGGTCATCT,3.33875230010232
7840,0.00046363718678116484,5__mutated,PertCortex_5_CTGTTTACATAGGATA,2.7440106786323515
7841,0.22684825225202868,5__mutated,PertCortex_5_CTGTTTAGTTATCACG,3.1589407660325675
7842,0.21168365208082704,5__mutated,PertCortex_5_CTGTTTATCAAAGTAG,3.183070920998932
7843,0.001990458972782402,5__mutated,PertCortex_5_CTGTTTATCCTTTCGG,4.21127378199946
7844,0.1926141016017608,5__mutated,PertCortex_5_CTGTTTATCGGTCTAA,2.892674334722413
7845,0.06631663851592302,5__mutated,PertCortex_5_CTGTTTATCTCTTGAT,2.7659959701325096
7846,0.027146623521677973,5__mutated,PertCortex_5_CTGTTTATCTGGTGTA,3.7087485279294596
7847,0.2465721047931275,5__mutated,PertCortex_5_CTTAACTCAAACGTGG,3.222260472581191
7848,0.05301016930854781,5__mutated,PertCortex_5_CTTAACTCAATGAATG,4.187959030417932
7849,0.1278139049645077,5__mutated,PertCortex_5_CTTACCGAGCTACCTA,3.967768067314012
7850,0.06531424042574355,5__mutated,PertCortex_5_CTTACCGAGTGGTAAT,4.213437537006684
7851,0.12277903137102482,5__mutated,PertCortex_5_CTTACCGCAGCATGAG,2.990046983161772
7852,0.04519031929683,5__mutated,PertCortex_5_CTTACCGCAGCTATTG,4.395628536601327
7853,0.18492879855833128,5__mutated,PertCortex_5_CTTACCGCATTCTCAT,1.403972702527586
7854,0.47866878900730353,5__mutated,PertCortex_5_CTTAGGATCATGTAGC,2.4220789816408153
7855,0.3684342608946573,5__mutated,PertCortex_5_CTTCTCTTCAGGTAAA,2.169235853940613
7856,0.2093867267754231,5__mutated,PertCortex_5_CTTGGCTGTCAGAATA,2.6364945346094206
7857,0.22652170166040125,5__mutated,PertCortex_5_CTTGGCTTCAACACGT,2.2748258968335815
7858,0.21816620185461463,5__mutated,PertCortex_5_CTTTGCGAGTACATGA,2.745308841078274
7859,0.2337425841696985,5__mutated,PertCortex_5_CTTTGCGCAAGTCTAC,3.3611973135664304
7860,0.5439597817823523,5__mutated,PertCortex_5_CTTTGCGCAGGTTTCA,1.67697652002901
7861,0.14230163103977644,5__mutated,PertCortex_5_CTTTGCGCATTGTGCA,3.7279715616932627
7862,0.17426854043592244,5__mutated,PertCortex_5_CTTTGCGTCAAACGGG,2.6401772394956424
7863,0.10268943065667721,5__mutated,PertCortex_5_CTTTGCGTCTGGCGTG,3.862826407553858
7864,0.3592598880993729,5__mutated,PertCortex_5_GAAACTCAGGCAAAGA,2.341512152825905
7865,0.16792814836866746,5__mutated,PertCortex_5_GAAACTCCAAACCCAT,3.202895775755017
7866,0.14391702101894085,5__mutated,PertCortex_5_GAAACTCGTCTAGTGT,3.9735196372951282
7867,0.24794753247581142,5__mutated,PertCortex_5_GAAACTCTCTGTTTGT,2.8075891370991264
7868,0.23265395043120693,5__mutated,PertCortex_5_GAAATGAAGACTTGAA,2.956985358518803
7869,0.07652913104543026,5__mutated,PertCortex_5_GAAATGAAGCCAGTAG,4.033528966639757
7870,0.09117911088227092,5__mutated,PertCortex_5_GAAATGAGTAGCGATG,2.952361586199214
7871,0.16181522549813765,5__mutated,PertCortex_5_GAACCTAAGCTGAAAT,2.3752372052848623
7872,0.2827013975257043,5__mutated,PertCortex_5_GAACCTAGTGACTACT,2.4873053054886003
7873,0.09557573107529645,5__mutated,PertCortex_5_GAACCTATCTGCCCTA,3.4562816151507896
7874,0.14946547647614372,5__mutated,PertCortex_5_GAACGGAAGTGATCGG,2.696525317239965
7875,0.09935005663915504,5__mutated,PertCortex_5_GAACGGACAGTTAACC,4.620978630361787
7876,0.5857768804781314,5__mutated,PertCortex_5_GAACGGAGTACGCTGC,1.5666979270972083
7877,0.1670264007446326,5__mutated,PertCortex_5_GAACGGATCAGATAAG,3.727612641759397
7878,0.2316768891244939,5__mutated,PertCortex_5_GAAGCAGAGTTGTAGA,3.4649500600015934
7879,0.45956086944841,5__mutated,PertCortex_5_GAAGCAGCAGGGATTG,2.44202091522238
7880,0.13603720311313425,5__mutated,PertCortex_5_GAAGCAGCATACAGCT,3.4527739148152206
7881,0.21420732566617054,5__mutated,PertCortex_5_GAAGCAGCATTTCAGG,2.8254099265026227
7882,0.1415137551189233,5__mutated,PertCortex_5_GAAGCAGTCCTAGTGA,3.3931717746388133
7883,0.16863161050041678,5__mutated,PertCortex_5_GAATAAGCACCGCTAG,4.376931856706053
7884,0.06367709483807034,5__mutated,PertCortex_5_GAATAAGCAGAAGCAC,3.032818693381114
7885,0.5621227295672268,5__mutated,PertCortex_5_GAATAAGCATCATCCC,2.114635714745492
7886,0.14016051203054852,5__mutated,PertCortex_5_GAATAAGTCGTAGGTT,2.761472168343692
7887,0.0775569413378082,5__mutated,PertCortex_5_GAATGAAAGTACCGGA,3.6365673396663656
7888,0.22241068535415007,5__mutated,PertCortex_5_GAATGAACACATGACT,2.6525432183623074
7889,0.41105824409878494,5__mutated,PertCortex_5_GAATGAATCCGCATAA,2.0856888246142393
7890,0.23506836614896057,5__mutated,PertCortex_5_GAATGAATCCTCTAGC,3.6066312083531993
7891,0.05136706979653208,5__mutated,PertCortex_5_GACACGCAGTGTCTCA,3.6617820427125842
7892,0.0755123107973276,5__mutated,PertCortex_5_GACACGCGTCGAAAGC,4.305812283794281
7893,0.22974484661186415,5__mutated,PertCortex_5_GACACGCTCCGGGTGT,2.428287338226762
7894,0.044117459121097616,5__mutated,PertCortex_5_GACACGCTCTTAGCCC,4.062816844016551
7895,0.09394698767334557,5__mutated,PertCortex_5_GACAGAGAGCGTGAAC,3.2900540343022207
7896,0.1762095861777612,5__mutated,PertCortex_5_GACAGAGCACCGAAAG,2.2373457049032566
7897,0.13523366796197492,5__mutated,PertCortex_5_GACAGAGTCGTGGTCG,3.613678637303905
7898,0.10288365980139196,5__mutated,PertCortex_5_GACCAATAGCTAGTTC,4.378820295021038
7899,0.1933766769142287,5__mutated,PertCortex_5_GACCAATAGTACTTGC,2.6462858493998533
7900,0.11431343323946008,5__mutated,PertCortex_5_GACCAATAGTGGCACA,2.752580777836477
7901,0.5590394418758411,5__mutated,PertCortex_5_GACCAATCAAGCTGTT,2.1723231360939326
7902,0.5980336364523345,5__mutated,PertCortex_5_GACCAATCAGCTGTGC,1.8761901089435529
7903,0.04043287028893742,5__mutated,PertCortex_5_GACCAATCAGTAAGAT,4.4267525474615015
7904,0.1759922991234303,5__mutated,PertCortex_5_GACCAATGTACCGTTA,2.6626076035022774
7905,0.05530480176210406,5__mutated,PertCortex_5_GACCTGGAGAGAGCTC,4.983282789772272
7906,0.38412125597399155,5__mutated,PertCortex_5_GACCTGGAGTTTCCTT,2.212755799163484
7907,0.0837965606636565,5__mutated,PertCortex_5_GACGCGTTCAGTACGT,3.7521311292781343
7908,0.13970021935273627,5__mutated,PertCortex_5_GACGCGTTCCTCAATT,2.6299408035312477
7909,0.2337839957770805,5__mutated,PertCortex_5_GACGGCTCAAGCGCTC,1.8997955004031806
7910,0.6733329645978616,5__mutated,PertCortex_5_GACGGCTCACAGCGTC,1.495209692778021
7911,0.17514761339785828,5__mutated,PertCortex_5_GACGGCTTCCCTTGTG,2.6903156684988545
7912,0.27718000844022544,5__mutated,PertCortex_5_GACGTTAAGCCGGTAA,2.30981156371045
7913,0.5813709761425625,5__mutated,PertCortex_5_GACGTTAAGGACAGCT,1.9740509635841412
7914,0.12155276410010477,5__mutated,PertCortex_5_GACTAACCATTCTTAC,3.5365752176210865
7915,0.33495204857211835,5__mutated,PertCortex_5_GACTAACTCCTCGCAT,1.71642225241208
7916,0.041028480848607274,5__mutated,PertCortex_5_GACTACAGTCCAAGTT,2.916156251674386
7917,0.06917421797090559,5__mutated,PertCortex_5_GACTACAGTGCATCTA,3.5394082558817317
7918,0.1711327244574928,5__mutated,PertCortex_5_GACTACATCCGTCATC,3.0303365544550447
7919,0.4454852629657677,5__mutated,PertCortex_5_GACTGCGAGAGACTTA,2.802348016294074
7920,0.5818515344666929,5__mutated,PertCortex_5_GACTGCGAGTCCAGGA,1.7990207663203595
7921,0.15177009888548912,5__mutated,PertCortex_5_GACTGCGCAGAGTGTG,2.979273436132592
7922,0.10780528107832468,5__mutated,PertCortex_5_GACTGCGTCTCTGCTG,3.7119091938585145
7923,0.45836906067510236,5__mutated,PertCortex_5_GAGCAGAAGCTTTGGT,1.9567217271337982
7924,0.08483117970873734,5__mutated,PertCortex_5_GAGCAGAGTTACGTCA,4.772345599732759
7925,0.044307974853265965,5__mutated,PertCortex_5_GAGCAGATCCAGGGCT,3.5134191721806745
7926,0.47850040722931514,5__mutated,PertCortex_5_GAGGTGACATCCGGGT,1.6134220288547412
7927,0.24755036858316992,5__mutated,PertCortex_5_GAGGTGACATGCCCGA,2.8852723696606573
7928,0.48840535488181736,5__mutated,PertCortex_5_GAGGTGAGTGCACGAA,2.231512307811801
7929,0.15442240403149735,5__mutated,PertCortex_5_GAGGTGAGTTCACGGC,2.7649676679014417
7930,0.07097894042191524,5__mutated,PertCortex_5_GAGTCCGCAAGGTGTG,3.3111433478156322
7931,0.5155009647843914,5__mutated,PertCortex_5_GAGTCCGCATTGGCGC,1.7924353155246027
7932,0.17087112175670902,5__mutated,PertCortex_5_GAGTCCGGTGATAAGT,2.676877219678387
7933,0.3449797946445757,5__mutated,PertCortex_5_GATCAGTCAGTGGGAT,2.8790741319372857
7934,0.14328609672311313,5__mutated,PertCortex_5_GATCAGTGTCTGCGGT,3.5043786905308716
7935,0.6125784945070192,5__mutated,PertCortex_5_GATCGATAGCTGCAAG,1.3713677588172082
7936,0.13079697796849463,5__mutated,PertCortex_5_GATCGATTCGTTTATC,3.5345885155767336
7937,0.056769225198194835,5__mutated,PertCortex_5_GATCGATTCTGCGTAA,3.9778038220282737
7938,0.263716692098125,5__mutated,PertCortex_5_GATCGCGAGATGGGTC,3.202151389373873
7939,0.5209624322185884,5__mutated,PertCortex_5_GATCGTAAGATATACG,2.0228809480247727
7940,0.1117339991064732,5__mutated,PertCortex_5_GATCGTAGTCCAGTTA,3.3918992408685313
7941,0.16962155149590452,5__mutated,PertCortex_5_GATCGTATCAACACCA,4.221425268680412
7942,0.32562804312579086,5__mutated,PertCortex_5_GATCTAGCAATCGGTT,2.027196853704976
7943,0.5740362634843322,5__mutated,PertCortex_5_GATCTAGGTCATACTG,2.214799667521388
7944,0.3659636137530948,5__mutated,PertCortex_5_GATCTAGGTGATAAGT,2.2926554525418634
7945,0.10840451115021996,5__mutated,PertCortex_5_GATCTAGGTGGTAACG,2.685852708257761
7946,0.14113824909273265,5__mutated,PertCortex_5_GATGAAAAGATATACG,3.645917462257821
7947,0.3954049480442145,5__mutated,PertCortex_5_GATGAAACACACAGAG,2.4207261563056335
7948,0.32831440263503686,5__mutated,PertCortex_5_GATGAAAGTACATCCA,2.498170924109613
7949,0.05242729510705592,5__mutated,PertCortex_5_GATGAAAGTCGACTGC,3.9590755218004907
7950,0.3476508248891982,5__mutated,PertCortex_5_GATGAGGTCCATGAGT,1.6218177285879785
7951,0.49306405197175984,5__mutated,PertCortex_5_GATGCTACAGTAAGCG,1.9886107323841302
7952,0.10287446983105272,5__mutated,PertCortex_5_GATGCTAGTATGGTTC,3.143638153077008
7953,0.6320861029521383,5__mutated,PertCortex_5_GATTCAGAGACTGGGT,1.7464461020394402
7954,0.1536896807198483,5__mutated,PertCortex_5_GATTCAGAGCTACCGC,2.7283611721861436
7955,0.028563839714233503,5__mutated,PertCortex_5_GATTCAGCACCATCCT,3.7153345024730156
7956,0.39977237400558485,5__mutated,PertCortex_5_GATTCAGTCAACCATG,2.27112865353977
7957,0.16787181361547088,5__mutated,PertCortex_5_GATTCAGTCAAGATCC,2.5792640503906252
7958,0.18491210044157871,5__mutated,PertCortex_5_GATTCAGTCACCCGAG,3.3374656170658454
7959,0.0632214775032641,5__mutated,PertCortex_5_GATTCAGTCCTATTCA,4.7186283079700955
7960,0.2736943178117893,5__mutated,PertCortex_5_GCAAACTGTATCAGTC,1.739340240576623
7961,0.5938494608361223,5__mutated,PertCortex_5_GCAAACTTCTGAAAGA,2.1210133426939954
7962,0.089852391787932,5__mutated,PertCortex_5_GCAATCAAGGGCTCTC,2.5147087674848865
7963,0.07987261427514822,5__mutated,PertCortex_5_GCACATAAGTGGACGT,3.452865990061714
7964,0.09662701780165663,5__mutated,PertCortex_5_GCACATACACCAGATT,4.086630848652658
7965,0.16181984819283973,5__mutated,PertCortex_5_GCACATAGTCTCTCTG,2.7733564228425824
7966,0.2220520850069457,5__mutated,PertCortex_5_GCACTCTAGAGGTTAT,3.4354847639373807
7967,0.04813977835413486,5__mutated,PertCortex_5_GCACTCTAGGAACTGC,2.6979049438783593
7968,0.40056326353572397,5__mutated,PertCortex_5_GCACTCTGTGTCAATC,2.5414487513239603
7969,0.08958268789007197,5__mutated,PertCortex_5_GCACTCTTCCAGATCA,2.6556314489209663
7970,0.1747888322701628,5__mutated,PertCortex_5_GCAGCCACAGATTGCT,2.7323164560995052
7971,0.07090194696954352,5__mutated,PertCortex_5_GCAGCCAGTGACGCCT,1.5604077805300927
7972,0.20626554375708034,5__mutated,PertCortex_5_GCAGTTACAGGAACGT,4.115407197698449
7973,0.4831675783561316,5__mutated,PertCortex_5_GCAGTTAGTGTCTGAT,1.8406717355644497
7974,0.15810902119317535,5__mutated,PertCortex_5_GCAGTTATCTCCAACC,3.257263395340341
7975,0.14111084523642844,5__mutated,PertCortex_5_GCATACAAGGCGATAC,2.218305962044652
7976,0.07771316494391203,5__mutated,PertCortex_5_GCATACATCTGTCCGT,3.402342129049592
7977,0.10213378659721818,5__mutated,PertCortex_5_GCATGATAGAAGGGTA,3.958530224232226
7978,0.028183589776984933,5__mutated,PertCortex_5_GCATGATGTGTTGAGG,3.973770092847678
7979,0.13276361996664438,5__mutated,PertCortex_5_GCATGATTCTAGCACA,2.938637661198515
7980,0.04536773423961288,5__mutated,PertCortex_5_GCATGCGAGCGATGAC,3.563906722611644
7981,0.024487926052345982,5__mutated,PertCortex_5_GCATGCGCAATCTACG,3.3020540593739405
7982,0.182214730495222,5__mutated,PertCortex_5_GCATGTAAGGACAGAA,2.8807235546453325
7983,0.1401340360700931,5__mutated,PertCortex_5_GCATGTACAGGTCGTC,3.351790868705362
7984,0.47041397353965975,5__mutated,PertCortex_5_GCATGTACATGGGACA,2.371663366961431
7985,0.407808856041898,5__mutated,PertCortex_5_GCATGTATCCATTCTA,1.3304355952284046
7986,0.20655116075218444,5__mutated,PertCortex_5_GCCAAATAGTTACGGG,2.7270081491914246
7987,0.1285003206867378,5__mutated,PertCortex_5_GCCAAATCAAGCCTAT,4.443658076868724
7988,0.05410824087440124,5__mutated,PertCortex_5_GCCAAATCACGTAAGG,4.2618244030082115
7989,0.07496889029843508,5__mutated,PertCortex_5_GCCAAATCAGCTGCAC,4.334919839624765
7990,0.20426295509875064,5__mutated,PertCortex_5_GCCAAATCAGCTGGCT,2.705673364073541
7991,0.23200701598290935,5__mutated,PertCortex_5_GCCAAATGTACGAAAT,2.8600493658146813
7992,0.3213156883583861,5__mutated,PertCortex_5_GCCTCTACAGGATTGG,2.38920236075085
7993,0.16549548022811547,5__mutated,PertCortex_5_GCCTCTATCTGCTTGC,4.053953682633343
7994,0.3665986695660677,5__mutated,PertCortex_5_GCGACCAGTCGCGAAA,2.2185586154069696
7995,0.08274362765742298,5__mutated,PertCortex_5_GCGACCAGTGAAATCA,4.457824453702573
7996,0.06019418573948184,5__mutated,PertCortex_5_GCGACCATCACAGTAC,2.8466368445619072
7997,0.017613886906875733,5__mutated,PertCortex_5_GCGACCATCACTATTC,2.9764924750745374
7998,0.14051336914826762,5__mutated,PertCortex_5_GCGACCATCGGCTTGG,3.3377866821119686
7999,0.0010906863430461332,5__mutated,PertCortex_5_GCGAGAAGTTACGGAG,3.219696870594683
8000,0.13399606135067046,5__mutated,PertCortex_5_GCGAGAAGTTCCCGAG,2.9985124363471716
8001,0.16141866806623775,5__mutated,PertCortex_5_GCGCAACAGCCAGAAC,4.196331228245921
8002,0.19472639297849148,5__mutated,PertCortex_5_GCGCAACAGGGTCGAT,3.417302220835635
8003,0.09769067398983128,5__mutated,PertCortex_5_GCGCAGTCAAGTACCT,2.4635695222801894
8004,0.1308380335837573,5__mutated,PertCortex_5_GCGCCAAAGTGAACAT,4.068931751727378
8005,0.04549293336715401,5__mutated,PertCortex_5_GCGCCAACACAGCGTC,3.260624675002839
8006,0.3516324867456173,5__mutated,PertCortex_5_GCGCGATCAGTGGAGT,2.6741653252694686
8007,0.1689423186550937,5__mutated,PertCortex_5_GCGGGTTAGTGAATTG,3.051742356811005
8008,0.5135729282744717,5__mutated,PertCortex_5_GCGGGTTTCTTTACGT,2.475690203493688
8009,0.2015567915071692,5__mutated,PertCortex_5_GCTCCTAAGCGTTGCC,2.2889159897496327
8010,0.6172188705824044,5__mutated,PertCortex_5_GCTCCTACAAACGCGA,1.668964470198472
8011,0.17277330827239318,5__mutated,PertCortex_5_GCTCCTACACGTAAGG,3.102958261036638
8012,0.5753619867967495,5__mutated,PertCortex_5_GCTCCTATCTGCTGCT,1.9090412307784117
8013,0.16968933117386403,5__mutated,PertCortex_5_GCTGCAGTCCAAAGTC,2.931255492610021
8014,0.1527812006555376,5__mutated,PertCortex_5_GCTGCAGTCGTTACGA,4.109487539507931
8015,0.1545119812956054,5__mutated,PertCortex_5_GCTGCAGTCTTGTCAT,2.383839756327049
8016,0.09338605921889931,5__mutated,PertCortex_5_GCTGCTTGTAGAAGGA,3.8624315026830316
8017,0.09552201202221162,5__mutated,PertCortex_5_GCTGCTTGTCTTCAAG,3.303375527976083
8018,0.14615386219547052,5__mutated,PertCortex_5_GCTGCTTTCTTGTTTG,3.0944034478349614
8019,0.09516002541104597,5__mutated,PertCortex_5_GCTGGGTAGTTCGCGC,4.935841668585625
8020,0.37866881564983684,5__mutated,PertCortex_5_GCTGGGTGTCACAAGG,1.6963394902043452
8021,0.0980601648859418,5__mutated,PertCortex_5_GCTGGGTTCCTATGTT,4.307734289906139
8022,0.13833557431684143,5__mutated,PertCortex_5_GCTTCCAAGACTGGGT,3.2285127805809344
8023,0.10658396849328543,5__mutated,PertCortex_5_GCTTCCAGTGTAAGTA,4.4853064058859236
8024,0.10888448545067347,5__mutated,PertCortex_5_GCTTCCATCACGCATA,2.7768073437072656
8025,0.183965991365011,5__mutated,PertCortex_5_GCTTGAAGTCTGGTCG,2.247745331899306
8026,0.23670841959403388,5__mutated,PertCortex_5_GCTTGAATCATGCATG,2.4612280157659563
8027,0.034003025307944454,5__mutated,PertCortex_5_GGAAAGCCACATGGGA,3.384120285266754
8028,0.044211369422671586,5__mutated,PertCortex_5_GGAAAGCCACGTCTCT,2.8672979323516015
8029,0.09121617018395968,5__mutated,PertCortex_5_GGAAAGCGTGAGTGAC,3.9544708584681296
8030,0.1739311931038004,5__mutated,PertCortex_5_GGAAAGCTCCTTGACC,3.828181325736713
8031,0.11648513911584078,5__mutated,PertCortex_5_GGAAAGCTCGTAGATC,3.060697137052497
8032,0.10384171311281334,5__mutated,PertCortex_5_GGAAAGCTCTGATACG,3.772924349736987
8033,0.25420003051550477,5__mutated,PertCortex_5_GGAACTTAGCTAACTC,2.8805933497601437
8034,0.17561131024327378,5__mutated,PertCortex_5_GGAACTTAGTACGATA,1.950195964352806
8035,0.286797203066444,5__mutated,PertCortex_5_GGAACTTGTACCAGTT,2.0830502882464628
8036,0.05893141360178036,5__mutated,PertCortex_5_GGAATAAAGGCGACAT,3.324765126946633
8037,0.08286001736805508,5__mutated,PertCortex_5_GGAATAATCGAACGGA,4.332853742245805
8038,0.10206037198323857,5__mutated,PertCortex_5_GGACAAGCACTATCTT,2.2182691960449055
8039,0.5897591831148079,5__mutated,PertCortex_5_GGACAGACAACAACCT,1.713250698034065
8040,0.21480184330575716,5__mutated,PertCortex_5_GGACAGACAATGACCT,2.36557952663918
8041,0.16355738093905933,5__mutated,PertCortex_5_GGACAGAGTGCAACTT,2.388972315891978
8042,0.48800178185986504,5__mutated,PertCortex_5_GGACATTAGCTGAAAT,1.747653474392508
8043,0.16435866731853874,5__mutated,PertCortex_5_GGACATTAGGCTCAGA,3.4205354490104534
8044,0.050890930637060086,5__mutated,PertCortex_5_GGACATTGTCTCGTTC,3.309683866534974
8045,0.12975431220099873,5__mutated,PertCortex_5_GGACGTCGTGGCTCCA,3.1604049174750646
8046,0.14493443809307616,5__mutated,PertCortex_5_GGAGCAACAAGCCCAC,3.220607393148739
8047,0.023144715807029023,5__mutated,PertCortex_5_GGAGCAACACGAGGTA,4.828170627404655
8048,0.21350880148669169,5__mutated,PertCortex_5_GGATGTTAGGTTCCTA,3.0289503060904153
8049,0.13071023585477237,5__mutated,PertCortex_5_GGATGTTCAGTACACT,2.3510904908776626
8050,0.25512278055200754,5__mutated,PertCortex_5_GGATGTTCATCGTCGG,2.68085037930444
8051,0.16322624830956994,5__mutated,PertCortex_5_GGATTACAGCCCAATT,3.4830937291381323
8052,0.40231841320025613,5__mutated,PertCortex_5_GGCAATTAGTGGGATC,1.728116882053727
8053,0.05895698369564445,5__mutated,PertCortex_5_GGCAATTCAATGGATA,3.147913453083843
8054,0.14290647645429205,5__mutated,PertCortex_5_GGCAATTCACTATCTT,3.005248481622523
8055,0.17318472449930336,5__mutated,PertCortex_5_GGCAATTTCAAAGTAG,3.5638016808567636
8056,0.15534106808562692,5__mutated,PertCortex_5_GGCCGATAGCCGGTAA,2.5530493565178927
8057,0.13256756814595663,5__mutated,PertCortex_5_GGCGACTTCGCCAGCA,2.9861383072323253
8058,0.36028387938612655,5__mutated,PertCortex_5_GGCGTGTAGATTACCC,2.0518304907222564
8059,0.09560288469826791,5__mutated,PertCortex_5_GGCGTGTTCCCTCTTT,3.9951852328435384
8060,0.17656602319836434,5__mutated,PertCortex_5_GGCTCGACATGTCTCC,3.244756835671062
8061,0.3287872855827321,5__mutated,PertCortex_5_GGCTCGATCATGCATG,3.3092580103418365
8062,0.23218359310594536,5__mutated,PertCortex_5_GGCTCGATCGCGTAGC,2.449292598118697
8063,0.09543671393961574,5__mutated,PertCortex_5_GGCTCGATCTTTAGTC,3.956973513246871
8064,0.025579592085211603,5__mutated,PertCortex_5_GGCTGGTGTGCACCAC,4.060445696338913
8065,0.07205379141393425,5__mutated,PertCortex_5_GGGACCTAGCCTCGTG,2.9397613084732983
8066,0.37085842419443943,5__mutated,PertCortex_5_GGGACCTCAACAACCT,1.9781158740272722
8067,0.6382543924810156,5__mutated,PertCortex_5_GGGACCTGTATCACCA,2.0125058119150836
8068,0.14417681463823,5__mutated,PertCortex_5_GGGACCTGTCTCATCC,3.5312551210410623
8069,0.12323808449570306,5__mutated,PertCortex_5_GGGACCTTCCGCTGTT,3.5185792086814955
8070,0.08880261038230632,5__mutated,PertCortex_5_GGGACCTTCCTTTCTC,4.259559946442833
8071,0.13621229917460323,5__mutated,PertCortex_5_GGGAGATCAGCGTTCG,2.106163800702515
8072,0.038636722665815096,5__mutated,PertCortex_5_GGGAGATCAGTCGTGC,3.6527848794271858
8073,0.13020491606914336,5__mutated,PertCortex_5_GGGAGATTCATCGATG,3.9063551067234608
8074,0.103439980419413,5__mutated,PertCortex_5_GGGAGATTCCTGTACC,3.595941511464657
8075,0.08891341843418238,5__mutated,PertCortex_5_GGGATGACATTGCGGC,3.0982487324954544
8076,0.10695380798754735,5__mutated,PertCortex_5_GGGCACTCAAGCTGAG,4.246138384477745
8077,0.16854047149494145,5__mutated,PertCortex_5_GGGCACTCAGTCACTA,3.632713848046988
8078,0.18835110111938091,5__mutated,PertCortex_5_GGGCACTTCCGTAGTA,2.1960971504153894
8079,0.24103354849958522,5__mutated,PertCortex_5_GGGCATCAGCCAACAG,2.708716960601888
8080,0.14403602007296937,5__mutated,PertCortex_5_GGGCATCGTTAAGGGC,2.8299037833949323
8081,0.6253314625909016,5__mutated,PertCortex_5_GGGCATCTCCTCATTA,1.797534006788464
8082,0.1558939425881502,5__mutated,PertCortex_5_GGGTCTGAGTGTGGCA,3.24085207971561
8083,0.07155578982513676,5__mutated,PertCortex_5_GGGTCTGGTTATGTGC,3.542981162738923
8084,0.06395661356880662,5__mutated,PertCortex_5_GGGTTGCCAGATGGCA,2.789042581241825
8085,0.07253929897815481,5__mutated,PertCortex_5_GGGTTGCGTGAACCTT,2.626212180410271
8086,0.1167014123949985,5__mutated,PertCortex_5_GGGTTGCGTGCAACGA,2.8875651844436967
8087,0.14435011968026573,5__mutated,PertCortex_5_GGGTTGCTCAGCATGT,3.342037013707311
8088,0.14179349699863134,5__mutated,PertCortex_5_GGTATTGAGAGTAAGG,2.9724908599965194
8089,0.1841983781524027,5__mutated,PertCortex_5_GGTATTGCAGCCACCA,2.015761780497117
8090,0.1822295182309803,5__mutated,PertCortex_5_GGTATTGTCCTTGACC,2.6667599065097387
8091,0.6156471763131934,5__mutated,PertCortex_5_GGTGAAGTCGTTTGCC,1.9271595114167257
8092,0.11966507553626836,5__mutated,PertCortex_5_GGTGCGTAGCGATGAC,4.097459466308433
8093,0.052535359243739796,5__mutated,PertCortex_5_GGTGCGTAGTTACCCA,3.2702639040585044
8094,0.20136744062662185,5__mutated,PertCortex_5_GGTGCGTCACCAGGCT,2.9852082507394506
8095,0.3689858932273381,5__mutated,PertCortex_5_GGTGCGTGTATAGGGC,1.3708636871247595
8096,0.6235368606148866,5__mutated,PertCortex_5_GGTGCGTTCAGCCTAA,1.6374155284064704
8097,0.07662611327115013,5__mutated,PertCortex_5_GGTGCGTTCCTACAGA,3.8212350693454207
8098,0.0022290667552549042,5__mutated,PertCortex_5_GGTGTTACACCAGCAC,2.9742196303856976
8099,0.2602657676708848,5__mutated,PertCortex_5_GTAACGTAGCGTAGTG,2.4982344073203278
8100,0.16572940533454356,5__mutated,PertCortex_5_GTAACGTGTTAAAGTG,3.35477750400144
8101,0.1389637472869753,5__mutated,PertCortex_5_GTAACTGAGCAAATCA,2.3736168941340776
8102,0.3017535401083071,5__mutated,PertCortex_5_GTAACTGAGCAGGTCA,1.7416080187534184
8103,0.08612907337947297,5__mutated,PertCortex_5_GTAACTGCACGGCTAC,2.759371588576875
8104,0.10264538204262957,5__mutated,PertCortex_5_GTACTTTCATGGGACA,4.537436786977056
8105,0.13012154894585806,5__mutated,PertCortex_5_GTACTTTGTCGCATCG,3.23586548212725
8106,0.011896694960756458,5__mutated,PertCortex_5_GTACTTTTCGTGGTCG,3.058790639514168
8107,0.03440312282871315,5__mutated,PertCortex_5_GTAGGCCAGTGACATA,4.804248190135096
8108,0.19197553068868098,5__mutated,PertCortex_5_GTAGGCCCAATGAATG,3.6270750589399285
8109,0.07444772146316712,5__mutated,PertCortex_5_GTAGGCCCAGATGAGC,4.023929240252565
8110,0.12152234152345973,5__mutated,PertCortex_5_GTAGGCCGTAAATGAC,2.64512951179611
8111,0.0845857084297423,5__mutated,PertCortex_5_GTAGGCCGTCGGATCC,4.335573356791139
8112,0.15685881838693663,5__mutated,PertCortex_5_GTAGGCCTCAGGTAAA,2.2753711795165246
8113,0.03167892051025787,5__mutated,PertCortex_5_GTAGTCACACTTCTGC,4.370762137862677
8114,0.14705688509927137,5__mutated,PertCortex_5_GTAGTCACATGGAATA,4.378730351314413
8115,0.03387492054303741,5__mutated,PertCortex_5_GTAGTCAGTCCAACTA,2.648644110770555
8116,0.09875467265466202,5__mutated,PertCortex_5_GTAGTCAGTGTCTGAT,3.472879431775837
8117,0.08255873435324082,5__mutated,PertCortex_5_GTAGTCAGTTCGTCTC,3.766614050475976
8118,0.037512893162715256,5__mutated,PertCortex_5_GTAGTCATCTTGTCAT,3.4635833710878043
8119,0.48679410391492484,5__mutated,PertCortex_5_GTATCTTGTACGAAAT,2.4244824602378845
8120,0.18857503809423454,5__mutated,PertCortex_5_GTATTCTAGAAGGTGA,2.362719392067792
8121,0.3210085548573856,5__mutated,PertCortex_5_GTATTCTAGCGTCAAG,3.3468060454701196
8122,0.06967344388313343,5__mutated,PertCortex_5_GTCAAGTAGCCACCTG,3.202761089925887
8123,0.4876772091104681,5__mutated,PertCortex_5_GTCAAGTTCCTCAACC,1.5880150734093839
8124,0.13654318770274065,5__mutated,PertCortex_5_GTCACAACAGCTGTTA,2.627845119761609
8125,0.13910387939414479,5__mutated,PertCortex_5_GTCACAAGTCACCCAG,3.869424070555353
8126,0.1999865912809531,5__mutated,PertCortex_5_GTCACAATCTTGTCAT,3.4313212967654647
8127,0.16529885784993814,5__mutated,PertCortex_5_GTCACGGAGCATCATC,1.8566264694800374
8128,0.27655625719497606,5__mutated,PertCortex_5_GTCACGGAGGAGTACC,2.367509653306899
8129,0.3939109767695471,5__mutated,PertCortex_5_GTCACGGCATTCACTT,2.119866322874402
8130,0.09290549587664487,5__mutated,PertCortex_5_GTCATTTCACAACTGT,3.8866438085935116
8131,0.08730886227185791,5__mutated,PertCortex_5_GTCCTCAAGAGGTAGA,4.2625840940228885
8132,0.0983756030173679,5__mutated,PertCortex_5_GTCCTCAAGTTAGCGG,4.483728072547863
8133,0.35769426750001176,5__mutated,PertCortex_5_GTCGGGTCATTTGCCC,1.9509192032626392
8134,0.08103515511326866,5__mutated,PertCortex_5_GTCGGGTGTCCGAATT,4.045358179722241
8135,0.1295366836649075,5__mutated,PertCortex_5_GTCGGGTGTTCTGTTT,2.078096608158766
8136,0.40089552023704317,5__mutated,PertCortex_5_GTCGGGTTCATGCTCC,1.8999095040413465
8137,0.20793502225912325,5__mutated,PertCortex_5_GTCGGGTTCCACGAAT,2.5515714578517126
8138,0.11712751635670193,5__mutated,PertCortex_5_GTCGTAAAGTGGAGAA,3.766179220012083
8139,0.3164268245889726,5__mutated,PertCortex_5_GTCGTAAGTAGCGTCC,2.5896689515462787
8140,0.11124189720915366,5__mutated,PertCortex_5_GTCTCGTCACGTAAGG,3.7695765664605356
8141,0.5934547863433849,5__mutated,PertCortex_5_GTCTTCGAGGAATGGA,1.8190883611418984
8142,0.04888651397648849,5__mutated,PertCortex_5_GTCTTCGAGTTCGCGC,3.6860639005334677
8143,0.1176240123545036,5__mutated,PertCortex_5_GTCTTCGTCGGAGGTA,2.635260348878295
8144,0.43646189728999624,5__mutated,PertCortex_5_GTGAAGGCAAACGCGA,2.639854968808073
8145,0.2676957233210507,5__mutated,PertCortex_5_GTGAAGGGTCGAACAG,2.907615037926047
8146,0.28029749363417206,5__mutated,PertCortex_5_GTGCAGCAGTAGCCGA,3.070335719584337
8147,0.2840054225566994,5__mutated,PertCortex_5_GTGCAGCGTCACCTAA,2.8622607033960974
8148,0.12221427562682259,5__mutated,PertCortex_5_GTGCAGCTCATTGCCC,3.37537255109559
8149,0.30191013210996587,5__mutated,PertCortex_5_GTGCATAAGCTTATCG,1.884334161570207
8150,0.1531678749250179,5__mutated,PertCortex_5_GTGCATACAGACTCGC,2.7293427059271496
8151,0.19661533102217468,5__mutated,PertCortex_5_GTGCATACATCCTAGA,3.193239784014145
8152,0.15643321005962707,5__mutated,PertCortex_5_GTGCATATCGGCGCTA,3.0767371903250322
8153,0.122854406733395,5__mutated,PertCortex_5_GTGCGGTAGCGATATA,3.477020646851227
8154,0.13395811285999476,5__mutated,PertCortex_5_GTGCGGTGTACTTAGC,3.559121951136875
8155,0.10997662880607846,5__mutated,PertCortex_5_GTGGGTCTCGCCAGCA,2.9249810096308666
8156,0.29341674246689725,5__mutated,PertCortex_5_GTGTGCGGTGATGATA,2.3026123621410717
8157,0.17260870750582974,5__mutated,PertCortex_5_GTGTGCGGTTACAGAA,3.293994972321438
8158,0.11463804764060834,5__mutated,PertCortex_5_GTGTGCGTCTTACCGC,2.0776471722374543
8159,0.18311788896650724,5__mutated,PertCortex_5_GTGTTAGTCCGCGCAA,2.6810069524232127
8160,0.23268962104908056,5__mutated,PertCortex_5_GTTAAGCAGATGTAAC,4.142345351346605
8161,0.11990979899755834,5__mutated,PertCortex_5_GTTAAGCAGCCCAATT,2.5359032745953214
8162,0.2507248473866538,5__mutated,PertCortex_5_GTTAAGCTCATATCGG,3.894956194836939
8163,0.09559402511145151,5__mutated,PertCortex_5_GTTACAGGTGCACCAC,3.5752323644990627
8164,0.26219458999489054,5__mutated,PertCortex_5_GTTCATTCATGCCACG,2.9716076706995858
8165,0.1383805869133375,5__mutated,PertCortex_5_GTTCATTGTCTCATCC,3.4277082051096843
8166,0.09945092919465877,5__mutated,PertCortex_5_GTTCATTGTGACCAAG,3.3214105789600143
8167,0.10581260124690872,5__mutated,PertCortex_5_GTTCATTGTGAGGGAG,3.310136924402759
8168,0.07791955602011542,5__mutated,PertCortex_5_GTTCGGGAGTCCCACG,4.4948677576018605
8169,0.29053503294579414,5__mutated,PertCortex_5_GTTCGGGAGTCGCCGT,3.2579569873559078
8170,0.22979141648497273,5__mutated,PertCortex_5_GTTCGGGGTCTCCACT,2.343547411224939
8171,0.18074611823791012,5__mutated,PertCortex_5_GTTCGGGGTGTGACGA,2.7798022679425354
8172,0.21997931151143268,5__mutated,PertCortex_5_GTTCTCGCAAGCGAGT,2.520837447077032
8173,0.0266360450355846,5__mutated,PertCortex_5_GTTCTCGCACCAACCG,2.834011529202034
8174,0.12666900196176947,5__mutated,PertCortex_5_GTTCTCGTCAGGTAAA,2.9548858003628493
8175,0.14724454442947446,5__mutated,PertCortex_5_GTTTCTAGTTGCGCAC,2.8966184884584423
8176,0.1304853208732595,5__mutated,PertCortex_5_GTTTCTATCCGAAGAG,2.8946967890922832
8177,0.5225049807240614,5__mutated,PertCortex_5_GTTTCTATCCGTACAA,2.2494238682023178
8178,0.3584622131701491,5__mutated,PertCortex_5_TAAACCGGTTTACTCT,2.4653735724078385
8179,0.16967457070273845,5__mutated,PertCortex_5_TAAGAGAAGTGAACGC,2.5119248134734016
8180,0.14042476095241335,5__mutated,PertCortex_5_TAAGCGTAGACGCACA,2.499465252150843
8181,0.6029119818535551,5__mutated,PertCortex_5_TAAGCGTAGCCACTAT,1.933845388934691
8182,0.5707394154570337,5__mutated,PertCortex_5_TAAGCGTGTTCCACGG,1.876220503586515
8183,0.17324143253684965,5__mutated,PertCortex_5_TAAGTGCAGAACTGTA,3.1629818708915494
8184,0.16106721791716572,5__mutated,PertCortex_5_TAAGTGCAGGCTCAGA,2.1164739431091757
8185,0.13798646002958184,5__mutated,PertCortex_5_TAAGTGCGTGCAACGA,2.2403786174990974
8186,0.3308821921034543,5__mutated,PertCortex_5_TAAGTGCTCTCCCTGA,2.147937758939068
8187,0.23934905945934196,5__mutated,PertCortex_5_TACACGAAGTGCTGCC,2.425470021499217
8188,0.14973124228785062,5__mutated,PertCortex_5_TACACGACAATCGGTT,3.4181370609468007
8189,0.1500356198730996,5__mutated,PertCortex_5_TACACGAGTAGCTCCG,3.7743705941386687
8190,0.15531446707273963,5__mutated,PertCortex_5_TACACGATCCCATTTA,2.6588125149845037
8191,0.06389841250424184,5__mutated,PertCortex_5_TACAGTGAGATCCCAT,4.062542570282478
8192,0.2989501426229709,5__mutated,PertCortex_5_TACCTATAGCCTTGAT,3.353020243359018
8193,0.24768085083533847,5__mutated,PertCortex_5_TACCTATAGTGGAGAA,3.7361918750509893
8194,0.06570391731479686,5__mutated,PertCortex_5_TACCTATAGTTAACGA,3.4026642984621285
8195,0.13989455477096133,5__mutated,PertCortex_5_TACCTATCAGGGTATG,3.388754686563862
8196,0.17885033444759382,5__mutated,PertCortex_5_TACCTATTCCGCTGTT,3.4203846901354433
8197,0.1142091573629971,5__mutated,PertCortex_5_TACCTTAAGAGACTAT,4.871617715089813
8198,0.2089907653590777,5__mutated,PertCortex_5_TACCTTAAGGATGGTC,2.7149526352205067
8199,0.6348871567884626,5__mutated,PertCortex_5_TACCTTAAGGCACATG,1.7875423489222424
8200,0.05387914778341687,5__mutated,PertCortex_5_TACCTTAGTTTCCACC,4.0629217306627625
8201,0.056846233108770315,5__mutated,PertCortex_5_TACGGATGTGCTAGCC,3.317471993332054
8202,0.21115633258384453,5__mutated,PertCortex_5_TACGGATGTGTGACCC,2.8333997104038393
8203,0.02158838231661768,5__mutated,PertCortex_5_TACGGATTCTTAGCCC,3.691198989424732
8204,0.5885609849588521,5__mutated,PertCortex_5_TACGGGCAGGATGGAA,1.8055270851424954
8205,0.20898826458729602,5__mutated,PertCortex_5_TACGGGCAGGTGGGTT,2.2799142025679613
8206,0.08593336623007698,5__mutated,PertCortex_5_TACGGGCAGTCTCCTC,4.318130170037198
8207,0.28204303535718617,5__mutated,PertCortex_5_TACGGGCTCCGATATG,2.0489250902896505
8208,0.03584148668581272,5__mutated,PertCortex_5_TACGGGCTCGTTTATC,4.2052109899115875
8209,0.3305972419564139,5__mutated,PertCortex_5_TACGGTACATCACGTA,1.6421540112766362
8210,0.1521893994479962,5__mutated,PertCortex_5_TACGGTAGTACTTCTT,3.3378115337112164
8211,0.20594247289841405,5__mutated,PertCortex_5_TACTCATCAGACGCTC,3.2837841875836125
8212,0.19849035100177392,5__mutated,PertCortex_5_TACTCATTCAGCTCGG,3.007819292901647
8213,0.17678401275183586,5__mutated,PertCortex_5_TACTCATTCAGCTTAG,2.4536243463547054
8214,0.10658304343795792,5__mutated,PertCortex_5_TACTCATTCGCTTGTC,2.7598742624012647
8215,0.05545837751908582,5__mutated,PertCortex_5_TACTCATTCGGTTCGG,3.206289162356271
8216,0.3635015997132579,5__mutated,PertCortex_5_TACTCGCCACATGACT,2.2888329149891216
8217,0.0737341046024493,5__mutated,PertCortex_5_TACTCGCCACGCCAGT,3.950255265368073
8218,0.10914043898898801,5__mutated,PertCortex_5_TACTTGTAGGCCCTCA,3.294176587260356
8219,0.19765738551780995,5__mutated,PertCortex_5_TAGACCAAGACGCAAC,3.8652219965634416
8220,0.06957501908708538,5__mutated,PertCortex_5_TAGACCAAGCACACAG,2.1086404395595966
8221,0.076749549932578,5__mutated,PertCortex_5_TAGACCAAGCTACCGC,3.528253426226722
8222,0.562463558041309,5__mutated,PertCortex_5_TAGACCAAGGATTCGG,2.0551837983414627
8223,0.6783665060971751,5__mutated,PertCortex_5_TAGACCACAACTGGCC,1.5358698128149733
8224,0.1684192990678163,5__mutated,PertCortex_5_TAGACCATCCTGCTTG,2.67852039578352
8225,0.19779715331533604,5__mutated,PertCortex_5_TAGAGCTAGCTCTCGG,2.2465706863220025
8226,0.310206257178338,5__mutated,PertCortex_5_TAGAGCTGTGGGTATG,1.9076044576985607
8227,0.5498731188520484,5__mutated,PertCortex_5_TAGCCGGGTCCGACGT,1.2413726883784735
8228,0.18545631243429367,5__mutated,PertCortex_5_TAGCCGGGTGTCAATC,3.0881466494374883
8229,0.19665232025595802,5__mutated,PertCortex_5_TAGGCATAGCGTTGCC,2.656403451445078
8230,0.19553641607142547,5__mutated,PertCortex_5_TAGGCATGTTCAACCA,2.397407425377496
8231,0.0828025487470736,5__mutated,PertCortex_5_TAGGCATTCAGTTAGC,3.3332219857746415
8232,0.2018241595952456,5__mutated,PertCortex_5_TAGGCATTCTTAACCT,2.9582043086595395
8233,0.18919704935962808,5__mutated,PertCortex_5_TAGTGGTAGCTCTCGG,3.3026180599238097
8234,0.041798740582616206,5__mutated,PertCortex_5_TAGTGGTAGGGTTCCC,3.548652756547263
8235,0.1718976225192567,5__mutated,PertCortex_5_TAGTTGGAGCTAACAA,3.1283190458410153
8236,0.26038451292633363,5__mutated,PertCortex_5_TAGTTGGAGTTAGCGG,2.201238961543056
8237,0.13828782477209714,5__mutated,PertCortex_5_TAGTTGGCATGATCCA,3.269499196153882
8238,0.05539091404025696,5__mutated,PertCortex_5_TATCAGGCAGTTTACG,3.656227099409722
8239,0.07951943571963394,5__mutated,PertCortex_5_TATCAGGTCCGCAGTG,3.1982419283763313
8240,0.07925156080037411,5__mutated,PertCortex_5_TATCTCACACTGAAGG,3.6279296720974425
8241,0.1972804206587431,5__mutated,PertCortex_5_TATCTCACAGCATACT,3.210398889800586
8242,0.120957520316138,5__mutated,PertCortex_5_TATCTCAGTATAGGGC,3.5856444300561514
8243,0.06710829779116644,5__mutated,PertCortex_5_TATGCCCAGTTGTCGT,3.1368320512654453
8244,0.20595161720733418,5__mutated,PertCortex_5_TATGCCCTCTCCGGTT,2.745574358348869
8245,0.08846465768682323,5__mutated,PertCortex_5_TATTACCGTCTAAAGA,2.9773468211278074
8246,0.1928093439554763,5__mutated,PertCortex_5_TCAACGAAGCTAGTCT,3.1707513822694753
8247,0.09594991523529534,5__mutated,PertCortex_5_TCAACGACATCACAAC,3.7770008489172984
8248,0.4271429244052014,5__mutated,PertCortex_5_TCAACGATCAGGCCCA,1.7965042199681245
8249,0.07159252207057558,5__mutated,PertCortex_5_TCAACGATCCGTTGTC,4.80680146733016
8250,0.09376820532419403,5__mutated,PertCortex_5_TCAACGATCTCGATGA,3.725464090100144
8251,0.21087109997043477,5__mutated,PertCortex_5_TCAACGATCTGACCTC,3.129877285002775
8252,0.07778809032861965,5__mutated,PertCortex_5_TCAACGATCTGCAAGT,3.58043824537291
8253,0.33592865806522204,5__mutated,PertCortex_5_TCAATCTAGACAGACC,2.0161367237904084
8254,0.05821491421399637,5__mutated,PertCortex_5_TCACAAGCAAGAAGAG,4.050665698807619
8255,0.16356212366235398,5__mutated,PertCortex_5_TCACAAGCAGTCAGCC,3.0658841917002175
8256,0.1950697970755183,5__mutated,PertCortex_5_TCACGAAAGCTGAACG,2.5742514648781443
8257,0.10366123859134486,5__mutated,PertCortex_5_TCACGAACACGGCCAT,3.3679518361147225
8258,0.14466070301615003,5__mutated,PertCortex_5_TCACGAACATTCTCAT,2.8287593967312934
8259,0.1789246752452391,5__mutated,PertCortex_5_TCACGAAGTGCAGGTA,3.2466192064447794
8260,0.09888561090573572,5__mutated,PertCortex_5_TCACGAAGTGGTGTAG,3.7561180286579847
8261,0.03491081857045396,5__mutated,PertCortex_5_TCAGATGAGAATGTGT,3.7888798196145688
8262,0.10635814063890282,5__mutated,PertCortex_5_TCAGATGAGGCAGGTT,4.590574145397202
8263,0.0570879756730846,5__mutated,PertCortex_5_TCAGATGGTGCGCTTG,4.0672165521563235
8264,0.22778675505875803,5__mutated,PertCortex_5_TCAGATGGTGTTAAGA,2.892963246633426
8265,0.14825461564637923,5__mutated,PertCortex_5_TCAGATGTCCTGCTTG,3.666356635437725
8266,0.3325340404970497,5__mutated,PertCortex_5_TCAGCAAAGAATTCCC,3.690126720562136
8267,0.3716068332960336,5__mutated,PertCortex_5_TCAGCAATCTGTCCGT,2.1522238752741987
8268,0.06566617619999643,5__mutated,PertCortex_5_TCAGCTCCACTGAAGG,3.2611306695231037
8269,0.11697780552284018,5__mutated,PertCortex_5_TCAGGATCAGATTGCT,4.281471022218228
8270,0.19419327798699487,5__mutated,PertCortex_5_TCAGGATCATCTACGA,2.712760898418326
8271,0.06390917656375075,5__mutated,PertCortex_5_TCAGGATGTTATTCTC,4.4990779010083175
8272,0.13677600613719795,5__mutated,PertCortex_5_TCAGGTAAGGACAGAA,3.551516677526321
8273,0.10229611652631015,5__mutated,PertCortex_5_TCAGGTAAGGTGCACA,3.7127155633525333
8274,0.2466816275649065,5__mutated,PertCortex_5_TCATTACGTAAATGTG,3.182155055388159
8275,0.5857258977203765,5__mutated,PertCortex_5_TCATTACGTCCGACGT,1.9363111076824642
8276,0.1538628805815701,5__mutated,PertCortex_5_TCATTACTCACGCGGT,3.6992264367193304
8277,0.01814250134667333,5__mutated,PertCortex_5_TCATTTGAGTGGAGAA,3.788991041100204
8278,0.3098744393330626,5__mutated,PertCortex_5_TCATTTGCAAGCGATG,1.5849660858543075
8279,0.11171809585317558,5__mutated,PertCortex_5_TCATTTGCACTCGACG,3.334732500066253
8280,0.5585680000417277,5__mutated,PertCortex_5_TCATTTGCAGCTGCAC,1.582088901694735
8281,0.0916897723477953,5__mutated,PertCortex_5_TCATTTGGTAAACCTC,4.085287661394447
8282,0.5347171920851519,5__mutated,PertCortex_5_TCATTTGGTCTCACCT,2.0538492484246187
8283,0.6587239199033871,5__mutated,PertCortex_5_TCATTTGTCGAATCCA,1.97727219529494
8284,0.18865064942198065,5__mutated,PertCortex_5_TCCACACCAGTGACAG,2.6030702643706927
8285,0.26740337626525856,5__mutated,PertCortex_5_TCCACACTCAACGGCC,2.4753492370855854
8286,0.09998020643440916,5__mutated,PertCortex_5_TCCACACTCCCTTGTG,4.628458956028941
8287,0.15676020668466867,5__mutated,PertCortex_5_TCCCGATCATGAACCT,3.562611219335657
8288,0.5923139661485354,5__mutated,PertCortex_5_TCGCGAGGTAACGTTC,1.620251093282477
8289,0.024658238657993724,5__mutated,PertCortex_5_TCGCGAGTCAGCAACT,4.165486842885244
8290,0.22246294373962053,5__mutated,PertCortex_5_TCGCGAGTCTTGCAAG,2.5652816646004135
8291,0.24903769827651973,5__mutated,PertCortex_5_TCGCGTTGTGGTACAG,3.4028083116907455
8292,0.3254798060493582,5__mutated,PertCortex_5_TCGCGTTTCGGTGTCG,1.3572132979067244
8293,0.08245906965874851,5__mutated,PertCortex_5_TCGGGACGTAAACGCG,3.670424224360214
8294,0.098878946632535,5__mutated,PertCortex_5_TCGGGACTCATCGATG,3.3819415211427923
8295,0.21202837713732722,5__mutated,PertCortex_5_TCGGGACTCTCGAGTA,2.689217979736555
8296,0.14866454956936354,5__mutated,PertCortex_5_TCGGTAAAGGACACCA,4.376773524452992
8297,0.10957653975804618,5__mutated,PertCortex_5_TCGGTAATCACTATTC,3.8668552807468197
8298,0.04751676648607787,5__mutated,PertCortex_5_TCGTACCAGACGCACA,3.083906225606207
8299,0.21667085736239872,5__mutated,PertCortex_5_TCGTACCAGTGATCGG,2.846356894304151
8300,0.20935099660226184,5__mutated,PertCortex_5_TCGTACCGTTAAGGGC,2.384643605360082
8301,0.20631391187410048,5__mutated,PertCortex_5_TCGTACCTCGGTTAAC,3.3175025075921054
8302,0.10254524654723958,5__mutated,PertCortex_5_TCGTACCTCTTGTATC,4.308523015616604
8303,0.11335000535074687,5__mutated,PertCortex_5_TCGTAGACAGACGCTC,3.8362830475714538
8304,0.16067047938123197,5__mutated,PertCortex_5_TCGTAGACAGGATTGG,3.4978729566087132
8305,0.1937591616111643,5__mutated,PertCortex_5_TCGTAGACATGAAGTA,3.393646952338577
8306,0.017245623033964222,5__mutated,PertCortex_5_TCGTAGAGTACCGGCT,3.3042720654226425
8307,0.36172353033437715,5__mutated,PertCortex_5_TCGTAGAGTTTGGGCC,2.223431839207619
8308,0.07361015315726648,5__mutated,PertCortex_5_TCTATTGAGCGATTCT,2.4415568695210013
8309,0.33149475578931253,5__mutated,PertCortex_5_TCTATTGCAGTAAGAT,2.2800861529022103
8310,0.15864550210109826,5__mutated,PertCortex_5_TCTATTGCATGCCACG,2.374695625861189
8311,0.14251355901792734,5__mutated,PertCortex_5_TCTCATAAGCTGAAAT,3.879205835007957
8312,0.18274809934728095,5__mutated,PertCortex_5_TCTCATAAGGGTGTTG,3.415485274507091
8313,0.18647486834059956,5__mutated,PertCortex_5_TCTCATACAGCGATCC,3.0684124757811024
8314,0.3226542907462243,5__mutated,PertCortex_5_TCTCATATCTGGCGTG,1.7772481462079976
8315,0.07546941343248344,5__mutated,PertCortex_5_TCTCTAATCATGGTCA,4.4541875481903315
8316,0.24987796420830677,5__mutated,PertCortex_5_TCTCTAATCCTGCCAT,1.2637702388415295
8317,0.6433167040869223,5__mutated,PertCortex_5_TCTCTAATCGGAGGTA,1.3572522411995536
8318,0.08573809382837036,5__mutated,PertCortex_5_TCTGAGAAGATGTGTA,3.866833421468057
8319,0.11285863252255025,5__mutated,PertCortex_5_TCTGAGAAGCCAGGAT,3.685821974082156
8320,0.25657853896488314,5__mutated,PertCortex_5_TCTGAGAAGCCCGAAA,2.3615750940559748
8321,0.29746664494222463,5__mutated,PertCortex_5_TCTGAGAAGGAGTCTG,3.0131284517680417
8322,0.207372965631193,5__mutated,PertCortex_5_TCTGAGAGTGATAAGT,2.587689024860694
8323,0.273405027827298,5__mutated,PertCortex_5_TCTGAGATCCACGTGG,2.246829727064333
8324,0.19527791003947234,5__mutated,PertCortex_5_TCTGAGATCCCAACGG,2.4851273798605247
8325,0.1151703568891081,5__mutated,PertCortex_5_TCTGGAAAGCCTCGTG,3.411104647736842
8326,0.18512553243096017,5__mutated,PertCortex_5_TCTGGAAAGCGTAGTG,3.2864701856979637
8327,0.2465382681360835,5__mutated,PertCortex_5_TCTGGAACAATGAATG,2.60014441751047
8328,0.0662347942537276,5__mutated,PertCortex_5_TCTGGAATCACGACTA,3.631732332571369
8329,0.17815360610395226,5__mutated,PertCortex_5_TCTTCGGAGGCGATAC,3.1078134154550185
8330,0.10280979294750814,5__mutated,PertCortex_5_TCTTCGGAGGCTAGAC,4.314043893761871
8331,0.4233988780849481,5__mutated,PertCortex_5_TCTTCGGGTCTAGCCG,2.486266652141022
8332,0.08005646576945138,5__mutated,PertCortex_5_TCTTTCCAGACACGAC,4.397403370949437
8333,0.4256574408729238,5__mutated,PertCortex_5_TCTTTCCAGACTCGGA,1.7580067918882936
8334,0.17498632179720996,5__mutated,PertCortex_5_TCTTTCCAGCCCAATT,2.9968411367791656
8335,0.5604343689033878,5__mutated,PertCortex_5_TCTTTCCAGCGCTTAT,2.0942216389377655
8336,0.13771917371019626,5__mutated,PertCortex_5_TCTTTCCAGGCGATAC,3.797642530350286
8337,0.04985441614058627,5__mutated,PertCortex_5_TCTTTCCCAAACGTGG,3.546066028952014
8338,0.23118759802860903,5__mutated,PertCortex_5_TCTTTCCTCGCTAGCG,2.362488205039118
8339,0.19749056437678011,5__mutated,PertCortex_5_TGAAAGAAGTCCTCCT,2.9305161373591155
8340,0.09681235007051453,5__mutated,PertCortex_5_TGAAAGAGTCATGCAT,3.8115867586629544
8341,0.17685356684801606,5__mutated,PertCortex_5_TGAAAGATCACTCTTA,4.5569409676607595
8342,0.18423953944420485,5__mutated,PertCortex_5_TGACAACAGCTACCTA,2.813002787118256
8343,0.20675990128731267,5__mutated,PertCortex_5_TGACAACGTTCGGCAC,2.9685017495629067
8344,0.06750135035562421,5__mutated,PertCortex_5_TGACGGCAGAGCTGCA,4.223330203466745
8345,0.5775680336193912,5__mutated,PertCortex_5_TGACGGCCACGTCTCT,2.0203186650756906
8346,0.10181853593946741,5__mutated,PertCortex_5_TGACGGCGTGATGTCT,3.5052405525740395
8347,0.6573802799927699,5__mutated,PertCortex_5_TGACTAGAGAATCTCC,1.7940299788621148
8348,0.31016387603575934,5__mutated,PertCortex_5_TGACTAGAGAGATGAG,1.8173771022704905
8349,0.06734296543562664,5__mutated,PertCortex_5_TGACTAGGTAATCGTC,4.2402883535047895
8350,0.17516403555269952,5__mutated,PertCortex_5_TGAGAGGCAGGCAGTA,2.917278190326571
8351,0.10323029284105406,5__mutated,PertCortex_5_TGAGAGGCATAGACTC,4.2863301504207065
8352,0.4643165937932598,5__mutated,PertCortex_5_TGAGAGGGTATCAGTC,1.967235091363119
8353,0.1719455176186654,5__mutated,PertCortex_5_TGAGAGGTCAGAGCTT,3.0234778373980764
8354,0.5518026609967981,5__mutated,PertCortex_5_TGAGCATAGCACCGCT,2.2086669316746876
8355,0.17079458749439064,5__mutated,PertCortex_5_TGAGCATCACGGATAG,3.777427313398919
8356,0.059278789899884964,5__mutated,PertCortex_5_TGAGCATTCCAGTAGT,3.601411137096948
8357,0.21889939044717716,5__mutated,PertCortex_5_TGAGCATTCTTGGGTA,3.055023170137324
8358,0.4123578530294227,5__mutated,PertCortex_5_TGAGCCGGTATTCGTG,1.3094098295647625
8359,0.323950684550596,5__mutated,PertCortex_5_TGAGCCGGTGATGATA,2.443018818493467
8360,0.48492192719379096,5__mutated,PertCortex_5_TGAGGGACAAGCCGCT,1.7679943848560442
8361,0.20782153989342475,5__mutated,PertCortex_5_TGAGGGACAATGGACG,3.3456858923346955
8362,0.6339951104523573,5__mutated,PertCortex_5_TGATTTCCAGTGGAGT,1.365200593256259
8363,0.4229150840360604,5__mutated,PertCortex_5_TGCACCTCACCGATAT,1.9277404251897894
8364,0.149882559391139,5__mutated,PertCortex_5_TGCACCTGTAGCTTGT,2.3934829525435104
8365,0.051060426927426565,5__mutated,PertCortex_5_TGCACCTGTCTTCTCG,4.06181526054358
8366,0.22254570249676034,5__mutated,PertCortex_5_TGCACCTTCAACGGGA,2.60038442698581
8367,0.5081567856895235,5__mutated,PertCortex_5_TGCCAAAAGGCTAGGT,2.698142119170533
8368,0.6821380428908232,5__mutated,PertCortex_5_TGCCAAACAGCGTTCG,1.2276948243919727
8369,0.4882381004101414,5__mutated,PertCortex_5_TGCCAAACATTCTTAC,2.5198788272574384
8370,0.07310875485882742,5__mutated,PertCortex_5_TGCCAAAGTTCACCTC,2.918645045665322
8371,0.5222923561677723,5__mutated,PertCortex_5_TGCCAAATCACCATAG,1.8080387237068167
8372,0.1910189736681117,5__mutated,PertCortex_5_TGCCCATGTGATGATA,2.9544387892367077
8373,0.3076450844324158,5__mutated,PertCortex_5_TGCCCATGTGTGGCTC,2.8150842061258383
8374,0.22012880741740107,5__mutated,PertCortex_5_TGCGCAGGTTAAAGAC,1.8578139844001016
8375,0.031570448104623026,5__mutated,PertCortex_5_TGCGCAGTCCGAACGC,3.7849840873738443
8376,0.14063260251890133,5__mutated,PertCortex_5_TGCGGGTAGGGCTTGA,3.76497132949825
8377,0.3976520507160415,5__mutated,PertCortex_5_TGCGGGTTCTACTATC,2.1063735581091567
8378,0.018630059534486897,5__mutated,PertCortex_5_TGCGGGTTCTGCAAGT,3.4377785170406083
8379,0.2599320362425467,5__mutated,PertCortex_5_TGCGTGGGTCGGCTCA,2.524648008261318
8380,0.3657841724889163,5__mutated,PertCortex_5_TGCTACCAGACTAGGC,2.1917071628604154
8381,0.0582275966364007,5__mutated,PertCortex_5_TGCTACCAGTTCGATC,3.3832873125865364
8382,0.17179374685672444,5__mutated,PertCortex_5_TGCTACCTCCTAGAAC,2.2304182130359282
8383,0.26676099473651327,5__mutated,PertCortex_5_TGCTGCTGTGCCTTGG,3.102702237964376
8384,0.12935761919514446,5__mutated,PertCortex_5_TGCTGCTGTTGGGACA,4.0196269429171405
8385,0.4586336976137889,5__mutated,PertCortex_5_TGGACGCAGATATACG,1.9617205674979608
8386,0.04592078495105971,5__mutated,PertCortex_5_TGGACGCCATCCCATC,3.8030504847503863
8387,0.22601004880045503,5__mutated,PertCortex_5_TGGACGCGTATTACCG,4.4886840167699305
8388,0.1734928675045036,5__mutated,PertCortex_5_TGGCCAGAGTGCAAGC,2.2525187414382097
8389,0.34982432617193593,5__mutated,PertCortex_5_TGGCCAGGTAGATTAG,2.7057168717747007
8390,0.06332778962113625,5__mutated,PertCortex_5_TGGCCAGGTCATGCCG,3.40153715551569
8391,0.1731144802039055,5__mutated,PertCortex_5_TGGCCAGGTCGTTGTA,2.9969035775792308
8392,0.2565566187574854,5__mutated,PertCortex_5_TGGCGCATCAGCGACC,2.4849565797514477
8393,0.17067705232807073,5__mutated,PertCortex_5_TGGCGCATCTCTTATG,3.2095661641697215
8394,0.07390246122070789,5__mutated,PertCortex_5_TGGCTGGCAATAGAGT,3.6275972899189894
8395,0.2616273952946964,5__mutated,PertCortex_5_TGGCTGGTCCACTGGG,3.4960760885051148
8396,0.18218824773323514,5__mutated,PertCortex_5_TGGCTGGTCCAGGGCT,1.9870548283381142
8397,0.0784308647890384,5__mutated,PertCortex_5_TGGCTGGTCCGGGTGT,3.5493124985008815
8398,0.018156515940151816,5__mutated,PertCortex_5_TGGCTGGTCGGTCTAA,2.8495303834858587
8399,0.10137522819567406,5__mutated,PertCortex_5_TGGGAAGCATGTCTCC,2.287725593451064
8400,0.2243056581148739,5__mutated,PertCortex_5_TGGGAAGGTAGCGATG,1.3613741600707012
8401,0.16660761343850872,5__mutated,PertCortex_5_TGGGAAGGTCGGCACT,3.115316809134959
8402,0.15446378499238506,5__mutated,PertCortex_5_TGGGAAGTCTGTTTGT,4.093192761188001
8403,0.4064258000988167,5__mutated,PertCortex_5_TGGGCGTGTGCACGAA,2.2825474569134485
8404,0.4187475047435627,5__mutated,PertCortex_5_TGGTTAGCATGCGCAC,2.1510008287766675
8405,0.3734772245118686,5__mutated,PertCortex_5_TGGTTAGGTACGAAAT,2.1244401823929806
8406,0.5166701583359815,5__mutated,PertCortex_5_TGGTTAGGTCCAGTTA,2.5355709197239196
8407,0.4794864891181769,5__mutated,PertCortex_5_TGGTTCCAGGAATTAC,1.2894577784193675
8408,0.17088486998924676,5__mutated,PertCortex_5_TGGTTCCCAATCTACG,3.005695507009222
8409,0.17511243536947282,5__mutated,PertCortex_5_TGGTTCCGTGTGAATA,3.955069742996941
8410,0.5324107350645884,5__mutated,PertCortex_5_TGGTTCCTCTTAGCCC,1.6556177314487186
8411,0.0671951099033239,5__mutated,PertCortex_5_TGTATTCCATGGAATA,4.559139218074517
8412,0.5079372048563064,5__mutated,PertCortex_5_TGTATTCGTGGCGAAT,1.2952460562507782
8413,0.34115126855158967,5__mutated,PertCortex_5_TGTATTCTCACATGCA,1.664999826744703
8414,0.3264654617395891,5__mutated,PertCortex_5_TGTATTCTCACCCTCA,2.2489750344602135
8415,0.1320967547291197,5__mutated,PertCortex_5_TGTCCCACAGGCGATA,2.7628959232618455
8416,0.05716537343296838,5__mutated,PertCortex_5_TGTCCCAGTAAATGAC,3.8692731286814936
8417,0.6059207506239381,5__mutated,PertCortex_5_TGTGGTAAGCCAGTAG,2.4004339084907698
8418,0.20306830772331372,5__mutated,PertCortex_5_TGTGGTAAGGTGCTTT,3.3432192379587002
8419,0.31577224681434807,5__mutated,PertCortex_5_TGTGGTACACAGACAG,2.1399710442206326
8420,0.531239362361612,5__mutated,PertCortex_5_TGTGGTAGTAGCACGA,1.5929825748235096
8421,0.1668360497699629,5__mutated,PertCortex_5_TGTGGTAGTTATCCGA,3.10240747537896
8422,0.3844435245183454,5__mutated,PertCortex_5_TGTGTTTAGAGTCGGT,1.8466925626731456
8423,0.09258336140013057,5__mutated,PertCortex_5_TGTGTTTAGGCCCTCA,3.867409799097621
8424,0.3468747090648539,5__mutated,PertCortex_5_TGTGTTTAGTCGTACT,1.8108254776498802
8425,0.28971593994122513,5__mutated,PertCortex_5_TGTGTTTCAAGTAGTA,2.59994057838598
8426,0.24725214684444904,5__mutated,PertCortex_5_TGTGTTTGTGAGGCTA,2.6841255176998873
8427,0.35768213631154966,5__mutated,PertCortex_5_TGTTCCGTCCACGAAT,1.988039280974756
8428,0.13872938913847543,5__mutated,PertCortex_5_TTAACTCGTACATGTC,3.4109092041136266
8429,0.4353116595297994,5__mutated,PertCortex_5_TTAACTCGTATAGTAG,2.1072154132111494
8430,0.20641285523735084,5__mutated,PertCortex_5_TTAACTCGTCGTCTTC,2.418893492523936
8431,0.3730196862687886,5__mutated,PertCortex_5_TTAACTCGTCTGGAGA,2.01086653099339
8432,0.06504645119867301,5__mutated,PertCortex_5_TTAACTCTCTTCGAGA,3.823353443704006
8433,0.5303930692636063,5__mutated,PertCortex_5_TTAACTCTCTTGCAAG,2.4231520814957275
8434,0.3694234382259315,5__mutated,PertCortex_5_TTAGGACCATTGCGGC,1.7425893878189072
8435,0.1579815587131537,5__mutated,PertCortex_5_TTAGGACTCACATAGC,4.522542475300532
8436,0.0786989652014045,5__mutated,PertCortex_5_TTAGGCAAGGTAGCTG,3.789829609382732
8437,0.16327094073628876,5__mutated,PertCortex_5_TTAGGCACACGAAGCA,3.048844558334817
8438,0.26772350504774695,5__mutated,PertCortex_5_TTAGGCAGTTCTGTTT,2.583143211730898
8439,0.15087203956242057,5__mutated,PertCortex_5_TTAGGCATCGTTTGCC,4.788834100146597
8440,0.42936011172082045,5__mutated,PertCortex_5_TTAGGCATCTTGTATC,2.184540276009614
8441,0.19090638306067387,5__mutated,PertCortex_5_TTAGTTCCAAATCCGT,2.4895365093027833
8442,0.14136156782903078,5__mutated,PertCortex_5_TTAGTTCTCTTGGGTA,4.394342599165473
8443,0.1462778269119293,5__mutated,PertCortex_5_TTATGCTAGTCCGGTC,2.897259455279229
8444,0.46694178864960184,5__mutated,PertCortex_5_TTATGCTCAGGGTTAG,1.9400670303364478
8445,0.13693688857848127,5__mutated,PertCortex_5_TTATGCTCATTAGGCT,3.711967869215497
8446,0.2095564362340042,5__mutated,PertCortex_5_TTATGCTGTCCGTTAA,3.1725501037090855
8447,0.09762790241329927,5__mutated,PertCortex_5_TTATGCTTCAAGGTAA,4.004525288513176
8448,0.0652617099322499,5__mutated,PertCortex_5_TTCCCAGAGACGACGT,3.5148588531071354
8449,0.11368705280845855,5__mutated,PertCortex_5_TTCCCAGCATTTCACT,4.978916837210254
8450,0.18622189288081784,5__mutated,PertCortex_5_TTCCCAGGTTTGCATG,3.949415073969035
8451,0.1909985549979998,5__mutated,PertCortex_5_TTCCCAGGTTTGTTTC,3.268025319726539
8452,0.30201515848729266,5__mutated,PertCortex_5_TTCCCAGTCAATACCG,2.1789388967451253
8453,0.36589374284089715,5__mutated,PertCortex_5_TTCGAAGAGGATGTAT,2.0486763701909547
8454,0.3121297898343038,5__mutated,PertCortex_5_TTCGAAGCACGTCAGC,1.744354085000462
8455,0.0382274922512483,5__mutated,PertCortex_5_TTCGAAGCAGCCTATA,4.495289380399538
8456,0.1107413568550413,5__mutated,PertCortex_5_TTCGAAGGTTAAAGTG,3.1310608580913057
8457,0.17769306389144846,5__mutated,PertCortex_5_TTCGGTCAGCCACTAT,3.38018343761328
8458,0.09508446727540697,5__mutated,PertCortex_5_TTCGGTCAGTCAATAG,3.47625106016844
8459,0.14242626104430056,5__mutated,PertCortex_5_TTCGGTCCAAAGTGCG,3.120935157275452
8460,0.20189416610559058,5__mutated,PertCortex_5_TTCGGTCGTCGCGAAA,2.434509332450277
8461,0.1854585003663426,5__mutated,PertCortex_5_TTCGGTCGTCTGATTG,3.174866492691027
8462,0.1931387271533306,5__mutated,PertCortex_5_TTCGGTCTCCAGTATG,2.765783646423973
8463,0.3459248188402714,5__mutated,PertCortex_5_TTCGGTCTCGTAGGAG,2.203125268333305
8464,0.0931812229110462,5__mutated,PertCortex_5_TTCTACAAGTACGTTC,3.3016757909237904
8465,0.6153436762572504,5__mutated,PertCortex_5_TTCTCAAAGCGATTCT,2.0503214784427595
8466,0.19035279612667796,5__mutated,PertCortex_5_TTCTCAACACGGTTTA,2.6125446431171393
8467,0.3878252307074331,5__mutated,PertCortex_5_TTCTCCTAGGAGTCTG,2.1209646921916145
8468,0.4071306063066959,5__mutated,PertCortex_5_TTCTCCTGTATGAATG,1.7280724100000557
8469,0.14042101556326353,5__mutated,PertCortex_5_TTCTTAGAGTGTACCT,3.6651758024819663
8470,0.14802567488072207,5__mutated,PertCortex_5_TTCTTAGCATAGAAAC,3.1106074643851915
8471,0.22665821355021193,5__mutated,PertCortex_5_TTGACTTCACCAGATT,3.683709234034819
8472,0.4876756363310592,5__mutated,PertCortex_5_TTGACTTCAGCCACCA,1.9973368810678451
8473,0.49651323080264625,5__mutated,PertCortex_5_TTGCCGTAGACAGACC,1.8427760484001463
8474,0.12671676667341847,5__mutated,PertCortex_5_TTGCCGTTCACAGTAC,3.61681210705712
8475,0.2537769709956891,5__mutated,PertCortex_5_TTGCCGTTCTATCGCC,2.757182302587731
8476,0.09426183475008436,5__mutated,PertCortex_5_TTGCGTCAGAGGGATA,3.172797023040046
8477,0.6529563090631945,5__mutated,PertCortex_5_TTGCGTCAGTTTAGGA,1.7041812239773726
8478,0.5960226925044786,5__mutated,PertCortex_5_TTGCGTCCAAGTTGTC,2.1136857189943563
8479,0.21840529269837708,5__mutated,PertCortex_5_TTGCGTCCAGGCGATA,1.8070317844111574
8480,0.024122159552015056,5__mutated,PertCortex_5_TTGCGTCGTGAAAGAG,3.7737933446171654
8481,0.2463833066931206,5__mutated,PertCortex_5_TTGCGTCTCTTGTTTG,2.837419849396391
8482,0.06613731083343002,5__mutated,PertCortex_5_TTGGAACAGACCACGA,3.581390706910206
8483,0.2835711872797998,5__mutated,PertCortex_5_TTGGAACAGCCAGTTT,2.916009137611961
8484,0.04541953466090903,5__mutated,PertCortex_5_TTGGAACCAGGTCGTC,4.10167703827031
8485,0.09044369508247493,5__mutated,PertCortex_5_TTGGAACGTGGCTCCA,3.89592006937517
8486,0.09604037737391091,5__mutated,PertCortex_5_TTGGCAAAGTACATGA,2.924413213786557
8487,0.08611701047355391,5__mutated,PertCortex_5_TTGGCAATCTGTTGAG,4.248307799310618
8488,0.17495789259885758,5__mutated,PertCortex_5_TTGTAGGGTTGTCGCG,3.510541072922689
8489,0.22297918781979453,5__mutated,PertCortex_5_TTTACTGAGTACATGA,2.9665081718543442
8490,0.2556139275580339,5__mutated,PertCortex_5_TTTACTGCAAGCCGCT,3.068939839628424
8491,0.23338712196130953,5__mutated,PertCortex_5_TTTACTGGTGAGGGTT,2.449711151478172
8492,0.23936385902797233,5__mutated,PertCortex_5_TTTATGCAGACATAAC,3.637816605830897
8493,0.4069202057149042,5__mutated,PertCortex_5_TTTATGCAGAGTACCG,1.6842671307408046
8494,0.17218464835633815,5__mutated,PertCortex_5_TTTATGCTCGTGACAT,4.511687935264091
8495,0.18548288273920638,5__mutated,PertCortex_5_TTTCCTCAGGTGCTTT,2.835644376294319
8496,0.2571073372941311,5__mutated,PertCortex_5_TTTCCTCTCAGCCTAA,1.827514362108574
8497,0.18177331238293074,5__mutated,PertCortex_5_TTTGCGCAGTGGGCTA,3.825503191412012
8498,0.5850177572305043,5__mutated,PertCortex_5_TTTGCGCGTAATCACC,1.9749254012271873
8499,0.18275974154329583,5__mutated,PertCortex_5_TTTGGTTCAATTGCTG,3.452979734920815
8500,0.029665978601325322,6__mutated,PertCortex_6_AAACCTGCAAGCCTAT,3.8582396736125193
8501,0.19542213779139486,6__mutated,PertCortex_6_AAACCTGCATGATCCA,3.7559260579561173
8502,0.6187534103233919,6__mutated,PertCortex_6_AAACCTGGTACGCTGC,2.132079999005404
8503,0.3621285688362857,6__mutated,PertCortex_6_AAACCTGGTGCCTGTG,1.7536166913002071
8504,0.06652455301163696,6__mutated,PertCortex_6_AAACCTGTCGCCGTGA,3.7011312383639803
8505,0.17597063071842203,6__mutated,PertCortex_6_AAACGGGCAAGGTTCT,4.4305951889021635
8506,0.13646512060418536,6__mutated,PertCortex_6_AAACGGGCATGCTGGC,4.556172563302174
8507,0.08784824901501415,6__mutated,PertCortex_6_AAACGGGCATGGGAAC,4.088949784959285
8508,0.5753628738168935,6__mutated,PertCortex_6_AAAGATGAGTGGGTTG,2.2057953748256525
8509,0.6249692140048255,6__mutated,PertCortex_6_AAAGATGTCTTTACGT,1.9764881738150775
8510,0.1942559692806802,6__mutated,PertCortex_6_AAAGTAGAGTTCGCGC,3.4199247400077497
8511,0.19340784607272385,6__mutated,PertCortex_6_AAAGTAGTCCATGAAC,4.401498516106452
8512,0.04323168957143584,6__mutated,PertCortex_6_AAATGCCCACTATCTT,3.811752788223768
8513,0.1325467302341777,6__mutated,PertCortex_6_AAATGCCCACTTAAGC,4.544126917961909
8514,0.24255653006158254,6__mutated,PertCortex_6_AAATGCCGTAGCTGCC,4.2380228894450696
8515,0.23524733580436827,6__mutated,PertCortex_6_AAATGCCGTCGCGTGT,3.456191511108428
8516,0.16519995164990753,6__mutated,PertCortex_6_AAATGCCTCGCCATAA,4.271488347460967
8517,0.12821111179154346,6__mutated,PertCortex_6_AAATGCCTCTGCTGTC,4.92393511023887
8518,0.44569590069118376,6__mutated,PertCortex_6_AACACGTAGCGTAGTG,1.5315494103787772
8519,0.41038766888269057,6__mutated,PertCortex_6_AACACGTCATCGGTTA,2.064783389705695
8520,0.14791185642422827,6__mutated,PertCortex_6_AACCATGCACGGTAGA,3.5299611740065218
8521,0.2021841227861738,6__mutated,PertCortex_6_AACCATGGTAGAAAGG,3.491227580552882
8522,0.17576980903510245,6__mutated,PertCortex_6_AACCATGTCAGAGCTT,3.4775967876953247
8523,0.1004683156146115,6__mutated,PertCortex_6_AACCGCGAGATGTGTA,4.258203446446671
8524,0.1296647874097109,6__mutated,PertCortex_6_AACGTTGCATCGATTG,3.469148720523542
8525,0.19820094756260354,6__mutated,PertCortex_6_AACGTTGTCACTCTTA,4.915420469408227
8526,0.6183392077349845,6__mutated,PertCortex_6_AACTCAGAGCTAACAA,2.239470888692952
8527,0.2861607980481491,6__mutated,PertCortex_6_AACTCAGCACAGAGGT,3.395220575464539
8528,0.1174857552265284,6__mutated,PertCortex_6_AACTCAGCACTTACGA,3.737820710667168
8529,0.08158076242214143,6__mutated,PertCortex_6_AACTCAGCAGACGTAG,4.134718214525559
8530,0.14139832751915893,6__mutated,PertCortex_6_AACTCAGGTAGGCTGA,5.2906646080683295
8531,0.5187292428584732,6__mutated,PertCortex_6_AACTCAGTCGGGAGTA,2.6946063982097574
8532,0.1058538147270439,6__mutated,PertCortex_6_AACTCCCCAAGACACG,4.23619452804437
8533,0.09558613138495049,6__mutated,PertCortex_6_AACTCCCCACACGCTG,4.500641252263298
8534,0.0870037100691762,6__mutated,PertCortex_6_AACTCTTAGATAGCAT,3.7849240693678112
8535,0.08940887432560872,6__mutated,PertCortex_6_AACTCTTAGTGTACCT,4.665556377481995
8536,0.180825218859957,6__mutated,PertCortex_6_AACTCTTCAAGCTGTT,4.813309951315154
8537,0.2147769386709413,6__mutated,PertCortex_6_AACTCTTCATCCGGGT,3.078392073511483
8538,0.06967612308686459,6__mutated,PertCortex_6_AACTCTTGTCGGCACT,3.3682541446169156
8539,0.09761796481993149,6__mutated,PertCortex_6_AACTGGTAGATATGCA,5.1669590385338475
8540,0.1448650298674465,6__mutated,PertCortex_6_AACTGGTGTATAATGG,3.151810285600094
8541,0.07033499951609373,6__mutated,PertCortex_6_AACTGGTGTGATAAAC,3.7436631406318694
8542,0.059241565541042075,6__mutated,PertCortex_6_AACTTTCAGGACGAAA,3.3365796623224693
8543,0.17153239508786036,6__mutated,PertCortex_6_AACTTTCCAGTATCTG,4.070460965230516
8544,0.20403778204141015,6__mutated,PertCortex_6_AACTTTCCAGTTCATG,2.880828879291808
8545,0.17816906904527743,6__mutated,PertCortex_6_AAGACCTGTTCCTCCA,3.7729394545371173
8546,0.08179877871833098,6__mutated,PertCortex_6_AAGCCGCAGTGCGTGA,3.5889641707564723
8547,0.1585913106905975,6__mutated,PertCortex_6_AAGCCGCCAATCCGAT,3.32294406600815
8548,0.471107734758365,6__mutated,PertCortex_6_AAGCCGCGTAGGGTAC,2.1723293321298534
8549,0.25224149427316767,6__mutated,PertCortex_6_AAGCCGCGTCTCGTTC,3.6215891119468218
8550,0.10487681568178497,6__mutated,PertCortex_6_AAGGAGCAGAGAACAG,4.546936174183738
8551,0.07475783236490466,6__mutated,PertCortex_6_AAGGAGCGTTTGCATG,3.812274457533951
8552,0.7100406140069535,6__mutated,PertCortex_6_AAGGCAGAGCATCATC,1.4658290341019558
8553,0.07030762868969559,6__mutated,PertCortex_6_AAGGCAGAGTTATCGC,4.735333228621024
8554,0.13992171432495462,6__mutated,PertCortex_6_AAGGTTCCAATGTTGC,3.344363253858298
8555,0.14179625048433078,6__mutated,PertCortex_6_AAGGTTCGTAACGTTC,4.362059198710888
8556,0.06543728305098354,6__mutated,PertCortex_6_AAGGTTCGTAAGCACG,3.901097797896929
8557,0.15552347753818677,6__mutated,PertCortex_6_AAGGTTCGTGCAGACA,3.664181286568053
8558,0.19658669503459347,6__mutated,PertCortex_6_AAGTCTGCATTTCACT,2.93273824062558
8559,0.15848874888475398,6__mutated,PertCortex_6_AAGTCTGTCTGGCGTG,4.152942242177949
8560,0.07300813191193288,6__mutated,PertCortex_6_AATCCAGGTTAGATGA,4.5506754181131965
8561,0.4014751272506852,6__mutated,PertCortex_6_AATCCAGTCAACGAAA,2.5717908203653432
8562,0.616921280706245,6__mutated,PertCortex_6_AATCGGTAGCTAGTGG,1.4519226841664006
8563,0.5614027062873826,6__mutated,PertCortex_6_AATCGGTCATCATCCC,2.1508881454170323
8564,0.6087144541509268,6__mutated,PertCortex_6_ACACCCTAGAACTGTA,2.1207636480774625
8565,0.19412760122486913,6__mutated,PertCortex_6_ACACCCTAGACTGGGT,3.669257114221612
8566,0.6292261238873645,6__mutated,PertCortex_6_ACACCCTAGCCCAACC,1.6782562008683366
8567,0.06016642784894936,6__mutated,PertCortex_6_ACACCGGGTGCTGTAT,4.480807267206088
8568,0.12252072666435744,6__mutated,PertCortex_6_ACACTGACAGATGAGC,4.243794192927271
8569,0.0991305058888397,6__mutated,PertCortex_6_ACACTGAGTGATGATA,4.021148391395402
8570,0.26833921169980585,6__mutated,PertCortex_6_ACACTGATCCGGGTGT,3.559600613402873
8571,0.17827354985179586,6__mutated,PertCortex_6_ACAGCCGAGCTGTTCA,3.2329439401470235
8572,0.6260910773200713,6__mutated,PertCortex_6_ACAGCCGAGTTGAGAT,2.2153606898758116
8573,0.43434985077280336,6__mutated,PertCortex_6_ACAGCCGCAAGGACTG,2.081972733776387
8574,0.08854249323720471,6__mutated,PertCortex_6_ACAGCTAAGCAGACTG,3.3103082865810785
8575,0.15863796361685278,6__mutated,PertCortex_6_ACAGCTAAGGAATCGC,3.542536834219008
8576,0.09140856844813475,6__mutated,PertCortex_6_ACAGCTACAGCAGTTT,4.03171731661114
8577,0.11730497299953666,6__mutated,PertCortex_6_ACAGCTATCTCGAGTA,3.5272822527117262
8578,0.4550071131873241,6__mutated,PertCortex_6_ACATACGCATTCTTAC,2.008010766495949
8579,0.6613499805086579,6__mutated,PertCortex_6_ACATACGTCTACCTGC,1.8608831559258994
8580,0.1570828957192376,6__mutated,PertCortex_6_ACATCAGAGCGGATCA,4.795080664553513
8581,0.17755846594615354,6__mutated,PertCortex_6_ACATCAGTCGTAGGAG,3.1530758064849733
8582,0.0780552055551446,6__mutated,PertCortex_6_ACATGGTCAATGTAAG,4.001889409659585
8583,0.18121684955151682,6__mutated,PertCortex_6_ACATGGTGTAAACGCG,4.95733233395507
8584,0.13771428416964132,6__mutated,PertCortex_6_ACATGGTTCTGTTTGT,2.952423338335849
8585,0.23074811804992706,6__mutated,PertCortex_6_ACCAGTAAGTACGCGA,2.7619687213320714
8586,0.33807291873286877,6__mutated,PertCortex_6_ACCAGTATCTAACTCT,2.8268166056705377
8587,0.24203609581467592,6__mutated,PertCortex_6_ACCCACTAGCGCCTCA,3.580538951329573
8588,0.07254207727348017,6__mutated,PertCortex_6_ACCCACTCACAGCCCA,4.151159049408727
8589,0.13781098719829932,6__mutated,PertCortex_6_ACCCACTGTATAGGTA,4.173477845026935
8590,0.19326296514103136,6__mutated,PertCortex_6_ACCCACTGTTACGTCA,3.966825826341876
8591,0.08188208342331518,6__mutated,PertCortex_6_ACCCACTTCCTATGTT,4.215947578623029
8592,0.05668728699723183,6__mutated,PertCortex_6_ACCGTAACACCGCTAG,4.105660842609914
8593,0.3534429011415986,6__mutated,PertCortex_6_ACCGTAACACGTTGGC,2.3103866238968886
8594,0.17669014054809137,6__mutated,PertCortex_6_ACCTTTAAGGTGCAAC,3.914822509084165
8595,0.11863992819348589,6__mutated,PertCortex_6_ACCTTTACAGCTGGCT,4.079548059019653
8596,0.18748785558635128,6__mutated,PertCortex_6_ACCTTTATCAGCACAT,3.586143385697224
8597,0.0975294600176927,6__mutated,PertCortex_6_ACGAGCCAGGGCTTCC,4.047339335431199
8598,0.3116679723722036,6__mutated,PertCortex_6_ACGAGCCTCAGGTTCA,3.5620934879907726
8599,0.09448237418904779,6__mutated,PertCortex_6_ACGAGGATCGGTCCGA,3.9684189740447753
8600,0.16485856187495856,6__mutated,PertCortex_6_ACGATACAGGGCTCTC,2.887162049531443
8601,0.11879496132944307,6__mutated,PertCortex_6_ACGATACCATGAACCT,3.708011917499749
8602,0.06662343105278788,6__mutated,PertCortex_6_ACGATGTGTACATCCA,4.648109435050645
8603,0.5054450384090496,6__mutated,PertCortex_6_ACGATGTGTACTTCTT,2.0088878011456184
8604,0.14153454614942332,6__mutated,PertCortex_6_ACGATGTGTCTAGGTT,4.505950322766308
8605,0.5713464386858843,6__mutated,PertCortex_6_ACGATGTGTTGGAGGT,2.089263631282427
8606,0.07459195713804566,6__mutated,PertCortex_6_ACGATGTTCAAGCCTA,2.974049651466442
8607,0.7171826450801272,6__mutated,PertCortex_6_ACGCAGCGTTCCATGA,1.507516650525197
8608,0.17003252631647178,6__mutated,PertCortex_6_ACGCAGCTCTGAGGGA,3.4273204470578023
8609,0.11422895587396807,6__mutated,PertCortex_6_ACGCCAGTCATAACCG,4.5124524458077095
8610,0.16345467931933869,6__mutated,PertCortex_6_ACGGAGAAGAGCCTAG,4.2449495084409605
8611,0.16354267441928672,6__mutated,PertCortex_6_ACGGAGACAGTATGCT,4.14430582372077
8612,0.13928154218479796,6__mutated,PertCortex_6_ACGGCCAAGCCCTAAT,3.978012852293285
8613,0.43917989992300605,6__mutated,PertCortex_6_ACGGCCACACACCGCA,2.1185457662515845
8614,0.07473912476110771,6__mutated,PertCortex_6_ACGGCCACACACTGCG,4.7773535431723335
8615,0.20556305150218382,6__mutated,PertCortex_6_ACGGGCTCATAAGACA,2.682101787672502
8616,0.3944865341320165,6__mutated,PertCortex_6_ACGGGCTCATGCTGGC,2.149821811786904
8617,0.10032392935962349,6__mutated,PertCortex_6_ACGGGCTGTCTGATTG,5.2597737720484545
8618,0.10822264727488538,6__mutated,PertCortex_6_ACGGGTCTCATATCGG,4.505634701125667
8619,0.7664253680434635,6__mutated,PertCortex_6_ACGTCAACAGCTGCTG,1.2199030999519733
8620,0.06285688012206059,6__mutated,PertCortex_6_ACGTCAAGTCAACATC,4.127136834129041
8621,0.08104831096236939,6__mutated,PertCortex_6_ACTATCTCACCATCCT,3.6589083551832484
8622,0.20443100493290958,6__mutated,PertCortex_6_ACTATCTTCGATAGAA,4.742506914409587
8623,0.17644402115411162,6__mutated,PertCortex_6_ACTGAACAGAGCTTCT,3.58956438159429
8624,0.2189077010583051,6__mutated,PertCortex_6_ACTGAGTGTTGATTCG,4.441271862294886
8625,0.10276768333130011,6__mutated,PertCortex_6_ACTGATGGTTCTGTTT,3.787174457308154
8626,0.25556724947018716,6__mutated,PertCortex_6_ACTGCTCAGTTAACGA,3.2017626753929793
8627,0.2358360413353705,6__mutated,PertCortex_6_ACTGCTCGTTTCGCTC,3.051312215104004
8628,0.10759961710180589,6__mutated,PertCortex_6_ACTGCTCTCAGGATCT,4.729560983354585
8629,0.32857938848394547,6__mutated,PertCortex_6_ACTGCTCTCAGTTAGC,2.097535754943883
8630,0.15957293785554758,6__mutated,PertCortex_6_ACTGCTCTCGCGTAGC,3.9040889402493764
8631,0.11063186994028038,6__mutated,PertCortex_6_ACTGCTCTCGGGAGTA,3.1891594714165894
8632,0.3821854064586849,6__mutated,PertCortex_6_ACTGTCCAGTGGAGTC,3.7084945301434424
8633,0.3927289347841015,6__mutated,PertCortex_6_ACTGTCCGTCCGTTAA,2.742744984304302
8634,0.19044701271250172,6__mutated,PertCortex_6_ACTGTCCGTCTAGGTT,3.183737205866891
8635,0.1552819990915275,6__mutated,PertCortex_6_ACTGTCCTCGTGGACC,3.5100437285805737
8636,0.1554057473213523,6__mutated,PertCortex_6_ACTTACTAGGTGACCA,4.393077123467044
8637,0.07192319659558984,6__mutated,PertCortex_6_ACTTGTTAGTACACCT,3.891793128096926
8638,0.10024345505593828,6__mutated,PertCortex_6_ACTTGTTGTGAAGGCT,4.088679030838874
8639,0.22608676501936012,6__mutated,PertCortex_6_ACTTGTTGTGTGACCC,2.735576070724186
8640,0.10704204343919492,6__mutated,PertCortex_6_ACTTGTTTCCATGCTC,3.3676844201024028
8641,0.5419447492475405,6__mutated,PertCortex_6_ACTTTCAAGACGCTTT,2.347678117048825
8642,0.12684444587877416,6__mutated,PertCortex_6_ACTTTCAAGGCGACAT,3.5403202990287124
8643,0.05937947193170308,6__mutated,PertCortex_6_ACTTTCACAGGCAGTA,4.073164088441633
8644,0.41850337463313014,6__mutated,PertCortex_6_AGAATAGTCGTAGATC,2.2949285225170946
8645,0.1630200785562012,6__mutated,PertCortex_6_AGACGTTCAAGCCATT,4.301168910276359
8646,0.026790323053536576,6__mutated,PertCortex_6_AGACGTTCATACCATG,4.310050340958478
8647,0.5442773695024403,6__mutated,PertCortex_6_AGACGTTGTCAATACC,2.0542526554323994
8648,0.4202990898353467,6__mutated,PertCortex_6_AGAGCGAGTTCTGTTT,2.7184089500164927
8649,0.15742782894072407,6__mutated,PertCortex_6_AGAGCTTGTCAAAGCG,3.571986690563319
8650,0.08082390426139717,6__mutated,PertCortex_6_AGAGCTTTCCGAGCCA,2.7398834467814246
8651,0.19319673113298264,6__mutated,PertCortex_6_AGAGTGGCATTGAGCT,3.9028546205633567
8652,0.23665155215430134,6__mutated,PertCortex_6_AGAGTGGTCCGCGCAA,3.1236676839846416
8653,0.18960353000372576,6__mutated,PertCortex_6_AGATCTGAGACGACGT,3.4248894265283996
8654,0.18098463795659817,6__mutated,PertCortex_6_AGATCTGAGCCACCTG,2.8444620079999057
8655,0.025749236765055594,6__mutated,PertCortex_6_AGATCTGCAAATTGCC,4.49721026871289
8656,0.24312772347182202,6__mutated,PertCortex_6_AGATCTGCACTATCTT,3.239013157022271
8657,0.7480805778216061,6__mutated,PertCortex_6_AGATTGCCATCATCCC,1.3141952679558513
8658,0.5516884559784087,6__mutated,PertCortex_6_AGCAGCCAGACGCTTT,2.066718604557238
8659,0.6467281926605485,6__mutated,PertCortex_6_AGCAGCCCAGTAAGCG,1.8312344165286807
8660,0.15911222791611418,6__mutated,PertCortex_6_AGCAGCCGTGATGTGG,3.424060137447959
8661,0.5694951276740744,6__mutated,PertCortex_6_AGCAGCCTCGCAAACT,2.334880366403482
8662,0.6673973805800205,6__mutated,PertCortex_6_AGCATACAGTGAATTG,1.7573972243730587
8663,0.21836301128203953,6__mutated,PertCortex_6_AGCATACCAGCTGTGC,2.404636783609816
8664,0.1656237524151359,6__mutated,PertCortex_6_AGCGGTCTCAACCAAC,3.567184243611177
8665,0.16277246459482714,6__mutated,PertCortex_6_AGCGGTCTCATGTCCC,3.5578171749104612
8666,0.3047374908577003,6__mutated,PertCortex_6_AGCGTATCATACTACG,3.2108170832079277
8667,0.4907106877325804,6__mutated,PertCortex_6_AGCGTATGTGCGATAG,2.058099686565226
8668,0.5775036809768807,6__mutated,PertCortex_6_AGCTCCTGTATTCTCT,1.6854263970787575
8669,0.0790028376609362,6__mutated,PertCortex_6_AGCTCCTGTGCAACTT,4.155637624553426
8670,0.17026440730246065,6__mutated,PertCortex_6_AGCTTGAAGTACGCCC,3.8135409740881987
8671,0.1233355739600694,6__mutated,PertCortex_6_AGGCCACAGTAGTGCG,4.064700158615239
8672,0.06116407232811193,6__mutated,PertCortex_6_AGGCCACCAACGATCT,3.727453634407715
8673,0.05580290180531676,6__mutated,PertCortex_6_AGGCCACGTAAACACA,4.0045656731956845
8674,0.04142019799258623,6__mutated,PertCortex_6_AGGCCACGTCCATGAT,3.925584488935073
8675,0.10522473791141602,6__mutated,PertCortex_6_AGGCCACTCCGCAAGC,3.97432735320569
8676,0.14299055257254878,6__mutated,PertCortex_6_AGGCCACTCCTCCTAG,3.442458770285013
8677,0.1504226570788179,6__mutated,PertCortex_6_AGGCCGTAGAAGGACA,3.7203687425143293
8678,0.08887061818795867,6__mutated,PertCortex_6_AGGCCGTAGAGGGATA,4.21490270099335
8679,0.2141030771067713,6__mutated,PertCortex_6_AGGCCGTAGGGTCGAT,3.748840489483151
8680,0.15364508982983752,6__mutated,PertCortex_6_AGGCCGTCAGCTCGAC,4.132203293033938
8681,0.1563179880059444,6__mutated,PertCortex_6_AGGCCGTGTGACAAAT,3.8478915947946852
8682,0.16873510295045355,6__mutated,PertCortex_6_AGGCCGTTCAACGCTA,4.111804695727409
8683,0.12463391960923664,6__mutated,PertCortex_6_AGGCCGTTCGGCGGTT,3.5192863348865933
8684,0.2239222932688995,6__mutated,PertCortex_6_AGGGATGTCCTCATTA,3.268126739797354
8685,0.11927419152936265,6__mutated,PertCortex_6_AGGGATGTCTAGCACA,2.1143099267073078
8686,0.12387284248522133,6__mutated,PertCortex_6_AGGGATGTCTGCCCTA,3.885041602905881
8687,0.12321944236824768,6__mutated,PertCortex_6_AGGGTGATCCTACAGA,3.1688741439783144
8688,0.06409222168426491,6__mutated,PertCortex_6_AGGGTGATCTGCAAGT,3.8164061280807235
8689,0.030774816291242284,6__mutated,PertCortex_6_AGGTCATCAATGGACG,3.088492277896886
8690,0.2945428249082258,6__mutated,PertCortex_6_AGGTCATGTCTGATTG,1.9732456637954192
8691,0.2877420152795656,6__mutated,PertCortex_6_AGGTCATTCGTCGTTC,1.9338709132642928
8692,0.18222688362332742,6__mutated,PertCortex_6_AGGTCATTCGTTACAG,3.188440577680786
8693,0.22309555619890226,6__mutated,PertCortex_6_AGGTCCGCAATGGAGC,2.7598726750308495
8694,0.2652236359460148,6__mutated,PertCortex_6_AGGTCCGCATAAGACA,4.845826902200427
8695,0.08695549351127839,6__mutated,PertCortex_6_AGGTCCGGTACGAAAT,3.574868698920156
8696,0.6347085413154165,6__mutated,PertCortex_6_AGGTCCGGTTCAGCGC,1.9533564169302882
8697,0.19198809709828416,6__mutated,PertCortex_6_AGGTCCGGTTGAACTC,2.737495971383024
8698,0.21657687555378366,6__mutated,PertCortex_6_AGGTCCGTCAACACTG,3.4361335545015232
8699,0.10067394252334516,6__mutated,PertCortex_6_AGGTCCGTCCAAAGTC,3.908301382187952
8700,0.11501095273127176,6__mutated,PertCortex_6_AGTAGTCAGCGTTTAC,2.408218467572674
8701,0.19954891442966077,6__mutated,PertCortex_6_AGTAGTCAGCTCCCAG,3.807523015953896
8702,0.6574757095429834,6__mutated,PertCortex_6_AGTGAGGCAATCAGAA,1.8094525426268753
8703,0.1528784633667541,6__mutated,PertCortex_6_AGTGGGAAGGTGCAAC,4.100909901284947
8704,0.18492660618270826,6__mutated,PertCortex_6_AGTGGGAAGTATGACA,3.8920793029900542
8705,0.09448045569752636,6__mutated,PertCortex_6_AGTGGGAGTACAAGTA,3.952063044390925
8706,0.05347393057210183,6__mutated,PertCortex_6_AGTGGGAGTACGAAAT,4.016598430681706
8707,0.2743968812624871,6__mutated,PertCortex_6_AGTGGGATCTGGAGCC,2.885335968262104
8708,0.20809794240794738,6__mutated,PertCortex_6_AGTGTCACAATGGAGC,2.9675880644237957
8709,0.18498098391659243,6__mutated,PertCortex_6_AGTGTCAGTAGCGATG,3.891053262615451
8710,0.1811661213071126,6__mutated,PertCortex_6_AGTGTCATCAGTCAGT,3.376115828313026
8711,0.14896515240082903,6__mutated,PertCortex_6_AGTTGGTCATTGCGGC,3.659387983077839
8712,0.07999356981871004,6__mutated,PertCortex_6_AGTTGGTTCAGAAATG,4.101678324714849
8713,0.19009666019159413,6__mutated,PertCortex_6_AGTTGGTTCCAACCAA,3.5382469155800056
8714,0.06905665602641532,6__mutated,PertCortex_6_ATAACGCCACAGAGGT,4.498236684284528
8715,0.1335711751948569,6__mutated,PertCortex_6_ATAACGCCATCCGCGA,2.3862747223479133
8716,0.467515550286869,6__mutated,PertCortex_6_ATAACGCGTAAACGCG,2.0044864411467582
8717,0.20303420002958578,6__mutated,PertCortex_6_ATAACGCGTACCTACA,4.288512734401424
8718,0.26481646646903556,6__mutated,PertCortex_6_ATAAGAGCATCTCCCA,3.9495085065319135
8719,0.5861107540814992,6__mutated,PertCortex_6_ATAGACCAGAATTGTG,2.1199480022623374
8720,0.1031905745920141,6__mutated,PertCortex_6_ATAGACCAGACGCACA,5.173702710551037
8721,0.18241355646705057,6__mutated,PertCortex_6_ATAGACCCATCCAACA,3.4510972011691137
8722,0.061494475168120316,6__mutated,PertCortex_6_ATAGACCGTGGTAACG,4.688657957630183
8723,0.5346846716965498,6__mutated,PertCortex_6_ATCATCTAGCTGTCTA,1.7784499752828338
8724,0.2240914035819342,6__mutated,PertCortex_6_ATCATCTCAGAAGCAC,2.7160664681589646
8725,0.25309195384953226,6__mutated,PertCortex_6_ATCATCTTCAATACCG,3.3208228297901035
8726,0.09395993816386922,6__mutated,PertCortex_6_ATCATCTTCTCTGAGA,3.800484066212582
8727,0.08407409436179307,6__mutated,PertCortex_6_ATCATGGAGTGCGATG,5.423982260381093
8728,0.07303528681629502,6__mutated,PertCortex_6_ATCATGGAGTGTACCT,3.882955628792902
8729,0.1282407183584108,6__mutated,PertCortex_6_ATCATGGGTCCGAATT,4.532177790164165
8730,0.1498945856438291,6__mutated,PertCortex_6_ATCCACCCACGCATCG,4.675117677474348
8731,0.09403531032796403,6__mutated,PertCortex_6_ATCCACCGTCGATTGT,3.4301268674323557
8732,0.4502427755844448,6__mutated,PertCortex_6_ATCCACCTCATATCGG,2.4950432605612876
8733,0.10365231548995034,6__mutated,PertCortex_6_ATCCACCTCTAGAGTC,3.7993481999784455
8734,0.18945218766569194,6__mutated,PertCortex_6_ATCCGAAAGGCCCTCA,2.7202361281013254
8735,0.11508469682878991,6__mutated,PertCortex_6_ATCCGAACACGACTCG,4.053659357976753
8736,0.09722261277247457,6__mutated,PertCortex_6_ATCCGAAGTCTTCGTC,4.240306689793217
8737,0.2514209345120781,6__mutated,PertCortex_6_ATCGAGTAGTACGACG,3.264797250634023
8738,0.07243328772292995,6__mutated,PertCortex_6_ATCGAGTAGTTAGCGG,3.810826670638103
8739,0.616363222213803,6__mutated,PertCortex_6_ATCGAGTTCATTTGGG,1.9190364318246844
8740,0.2642371651569136,6__mutated,PertCortex_6_ATCTACTGTATTCGTG,3.462080130314423
8741,0.10562032681948917,6__mutated,PertCortex_6_ATCTACTTCACCACCT,3.929269681320112
8742,0.3199451313830551,6__mutated,PertCortex_6_ATCTACTTCCACGAAT,2.0575974875371017
8743,0.5086849556487524,6__mutated,PertCortex_6_ATCTGCCCAACTGGCC,3.117208562969369
8744,0.22567664227618,6__mutated,PertCortex_6_ATCTGCCGTAGCTGCC,2.268051294484044
8745,0.09529232194187486,6__mutated,PertCortex_6_ATCTGCCGTTCTGGTA,3.8699762878830066
8746,0.21052255651930898,6__mutated,PertCortex_6_ATCTGCCTCCTGTACC,3.394620738069508
8747,0.4395961601205263,6__mutated,PertCortex_6_ATGCGATAGACAATAC,2.434738985648791
8748,0.5691531809208652,6__mutated,PertCortex_6_ATGCGATAGACATAAC,2.3349003504570773
8749,0.16248550606665418,6__mutated,PertCortex_6_ATGCGATCAACTTGAC,2.8334229506645534
8750,0.6064950053153442,6__mutated,PertCortex_6_ATGCGATGTTAAAGAC,1.9144593665327632
8751,0.08240474855450959,6__mutated,PertCortex_6_ATGCGATTCCGCATAA,4.128547493655377
8752,0.4583451766184084,6__mutated,PertCortex_6_ATGCGATTCTCCTATA,1.8107503886694511
8753,0.15787303464322747,6__mutated,PertCortex_6_ATGCGATTCTGGCGAC,4.493422152946207
8754,0.19732989722547062,6__mutated,PertCortex_6_ATGGGAGAGGTTACCT,4.424887064282962
8755,0.07671249225324571,6__mutated,PertCortex_6_ATGGGAGCATTGAGCT,4.363060836715976
8756,0.07326205499560462,6__mutated,PertCortex_6_ATGGGAGGTCCTCTTG,3.705197351575971
8757,0.038345087815084514,6__mutated,PertCortex_6_ATGGGAGTCCTGCAGG,4.9083298963640285
8758,0.0482564178807965,6__mutated,PertCortex_6_ATGTGTGCATTGTGCA,4.31602244613068
8759,0.15763788869831866,6__mutated,PertCortex_6_ATGTGTGTCCCTCTTT,3.224106784630487
8760,0.15005054778592805,6__mutated,PertCortex_6_ATTACTCGTAGGCATG,4.215394402012772
8761,0.09826208522547918,6__mutated,PertCortex_6_ATTATCCAGGCGATAC,3.2332006976399152
8762,0.18523051866733947,6__mutated,PertCortex_6_ATTATCCTCACCACCT,4.041623497863699
8763,0.0990315625861254,6__mutated,PertCortex_6_ATTCTACGTAAACACA,4.610832746607388
8764,0.2143364604618558,6__mutated,PertCortex_6_ATTGGACCATGGTCAT,4.762204096721234
8765,0.16064715528501516,6__mutated,PertCortex_6_ATTGGTGTCAGATAAG,3.321304203044496
8766,0.2165106246502926,6__mutated,PertCortex_6_ATTTCTGAGAAACCGC,3.5517860797000322
8767,0.30328142335160047,6__mutated,PertCortex_6_ATTTCTGCACTATCTT,2.585748149330905
8768,0.13319652414589178,6__mutated,PertCortex_6_ATTTCTGGTACCGTAT,4.629714973255621
8769,0.21709273379013114,6__mutated,PertCortex_6_ATTTCTGGTTCATGGT,2.423752229890633
8770,0.16283442850627303,6__mutated,PertCortex_6_ATTTCTGTCACATGCA,3.412416092574573
8771,0.07733473870820295,6__mutated,PertCortex_6_ATTTCTGTCACTTATC,3.55409216346385
8772,0.22037898484946786,6__mutated,PertCortex_6_CAACCAAAGGACAGCT,1.5739306783601672
8773,0.5541329871415046,6__mutated,PertCortex_6_CAACCAACAGTTTACG,2.3343381971801422
8774,0.408637805773257,6__mutated,PertCortex_6_CAACCAATCCTGTACC,1.8205203688390088
8775,0.16136080476295855,6__mutated,PertCortex_6_CAACCAATCGGAAATA,3.753607161140053
8776,0.43440074161863734,6__mutated,PertCortex_6_CAACCAATCGTGGTCG,2.2941093967678237
8777,0.15621193931880775,6__mutated,PertCortex_6_CAACCAATCTACCTGC,2.9492234297772053
8778,0.13509801551172673,6__mutated,PertCortex_6_CAACCAATCTCCGGTT,3.775274764071796
8779,0.11400249551856059,6__mutated,PertCortex_6_CAACCTCAGGCGATAC,3.6042417100828916
8780,0.2867776218008962,6__mutated,PertCortex_6_CAACCTCTCAACGAAA,2.517511819392196
8781,0.01995673024093538,6__mutated,PertCortex_6_CAACCTCTCTGTCCGT,4.916783955855673
8782,0.22451481715931357,6__mutated,PertCortex_6_CAACTAGCACCAGTTA,3.9683547876098535
8783,0.16603492671985856,6__mutated,PertCortex_6_CAACTAGGTCAGATAA,4.8517820560738665
8784,0.10356057276407911,6__mutated,PertCortex_6_CAACTAGGTCATACTG,3.57360160846543
8785,0.6506460489244918,6__mutated,PertCortex_6_CAACTAGGTGCCTGTG,1.812959860942972
8786,0.5809325424103012,6__mutated,PertCortex_6_CAACTAGTCAGCATGT,2.163751471904636
8787,0.18218585923682865,6__mutated,PertCortex_6_CAAGAAAAGGTGTTAA,5.351217921521403
8788,0.4993632938237209,6__mutated,PertCortex_6_CAAGAAAAGTTACCCA,2.382947220071571
8789,0.1307571888594602,6__mutated,PertCortex_6_CAAGAAACACACCGCA,3.3554542726476737
8790,0.0814134262907095,6__mutated,PertCortex_6_CAAGAAACACCGAAAG,4.031815383171824
8791,0.28709565006570464,6__mutated,PertCortex_6_CAAGATCAGGCCATAG,2.3059230430009565
8792,0.6636190883500999,6__mutated,PertCortex_6_CAAGATCAGTTACCCA,1.5326417696038293
8793,0.088664021079566,6__mutated,PertCortex_6_CAAGATCGTTCAGGCC,3.9153317427744976
8794,0.21516592276299246,6__mutated,PertCortex_6_CAAGATCTCGTCCAGG,3.358853342723025
8795,0.10080761963292473,6__mutated,PertCortex_6_CAAGGCCAGTTATCGC,4.0550951946910345
8796,0.06282574745573602,6__mutated,PertCortex_6_CAAGGCCCAAAGCAAT,4.487477700796402
8797,0.17537646032944937,6__mutated,PertCortex_6_CAAGGCCTCTTGAGAC,3.747292793646951
8798,0.21239515807558204,6__mutated,PertCortex_6_CAAGTTGAGCCCGAAA,2.3196335164175377
8799,0.06857032657640667,6__mutated,PertCortex_6_CAAGTTGCACGACTCG,4.21030143013707
8800,0.07194740644373011,6__mutated,PertCortex_6_CAAGTTGTCCCACTTG,4.201198188590784
8801,0.26249284594509675,6__mutated,PertCortex_6_CACAAACAGTACGTTC,2.956343576001227
8802,0.07807509606478857,6__mutated,PertCortex_6_CACAAACCAACCGCCA,2.980791201504312
8803,0.1638319352317961,6__mutated,PertCortex_6_CACAAACCATTGAGCT,4.404873270205526
8804,0.19869291954160262,6__mutated,PertCortex_6_CACAAACTCAGCACAT,2.9616930357922873
8805,0.0643893685300376,6__mutated,PertCortex_6_CACACAATCTATCCCG,3.883228989471364
8806,0.13552696406148498,6__mutated,PertCortex_6_CACACCTGTAATCACC,4.178141831505804
8807,0.20462826172357013,6__mutated,PertCortex_6_CACACCTGTGTTAAGA,2.258246207817405
8808,0.5625117283465615,6__mutated,PertCortex_6_CACACCTTCCGTTGTC,2.0180283715482115
8809,0.09940884109446596,6__mutated,PertCortex_6_CACACTCCACCAGATT,3.246466846415628
8810,0.08260348622833434,6__mutated,PertCortex_6_CACACTCCACCATCCT,3.7685097288052467
8811,0.15677681185115377,6__mutated,PertCortex_6_CACACTCCATCGGTTA,3.889267305689077
8812,0.1481747603846432,6__mutated,PertCortex_6_CACAGGCCAGTCGATT,3.255696517483476
8813,0.7299175477528377,6__mutated,PertCortex_6_CACAGGCGTAGAGGAA,1.3939259809383986
8814,0.09979211892991005,6__mutated,PertCortex_6_CACAGGCTCGTCCGTT,3.8807394283333125
8815,0.32775735319033805,6__mutated,PertCortex_6_CACAGTAGTCGAGATG,2.9002525386466003
8816,0.15786520158064385,6__mutated,PertCortex_6_CACAGTATCTCGCATC,4.116012019184305
8817,0.5304230805445334,6__mutated,PertCortex_6_CACATAGGTTGCGCAC,2.4939609330087844
8818,0.07859574668365,6__mutated,PertCortex_6_CACATTTAGGCAGGTT,3.9740798812530733
8819,0.03910166598106001,6__mutated,PertCortex_6_CACATTTGTGACCAAG,3.7769141177606587
8820,0.24472791573828154,6__mutated,PertCortex_6_CACATTTTCACCCTCA,2.6409371464490823
8821,0.5110524959276314,6__mutated,PertCortex_6_CACCACTAGTACGCCC,1.7643140917948124
8822,0.16990034330176151,6__mutated,PertCortex_6_CACCACTAGTTACCCA,3.6273736541106305
8823,0.6708324097661387,6__mutated,PertCortex_6_CACCACTGTACGAAAT,1.825043747489833
8824,0.15305035966595765,6__mutated,PertCortex_6_CACCAGGGTTGCGCAC,4.16246647754751
8825,0.18526929481101248,6__mutated,PertCortex_6_CACCAGGTCAACGCTA,3.206284136956439
8826,0.0696091880067272,6__mutated,PertCortex_6_CACCTTGAGAGCTGCA,4.125091011557616
8827,0.5880770374986924,6__mutated,PertCortex_6_CACCTTGGTATAGTAG,2.1572198676465573
8828,0.03157170171063304,6__mutated,PertCortex_6_CACCTTGGTCTGGAGA,3.946648292551755
8829,0.6062280134381142,6__mutated,PertCortex_6_CACTCCAGTTAAAGAC,1.9322225421995005
8830,0.2679822960855618,6__mutated,PertCortex_6_CAGAATCCATTTCAGG,2.7473408133320008
8831,0.24308242407969918,6__mutated,PertCortex_6_CAGAATCGTACAGTTC,3.1840682284030044
8832,0.289041059005999,6__mutated,PertCortex_6_CAGAATCGTGATGTGG,3.26153873741972
8833,0.7057448175001474,6__mutated,PertCortex_6_CAGAGAGAGCCAGAAC,1.6517309095290476
8834,0.48691842414329506,6__mutated,PertCortex_6_CAGAGAGAGCTACCGC,3.3851194598653396
8835,0.21928237880615767,6__mutated,PertCortex_6_CAGAGAGAGCTTATCG,3.333717640819542
8836,0.3224784002881622,6__mutated,PertCortex_6_CAGAGAGCAATGTTGC,3.209405658338314
8837,0.688268733888909,6__mutated,PertCortex_6_CAGAGAGGTACGCACC,1.83087357271801
8838,0.14857783001358532,6__mutated,PertCortex_6_CAGAGAGGTCTCACCT,4.491317570148805
8839,0.1484582254209013,6__mutated,PertCortex_6_CAGAGAGGTTCGTTGA,2.76754965546263
8840,0.08358147116380182,6__mutated,PertCortex_6_CAGATCAAGCTGAAAT,4.646815323840065
8841,0.12512363294475143,6__mutated,PertCortex_6_CAGATCACAAGCGCTC,2.74806653563894
8842,0.09192817365616496,6__mutated,PertCortex_6_CAGATCATCCTTGCCA,3.780804641395967
8843,0.2686164222378198,6__mutated,PertCortex_6_CAGCAGCAGAGCCTAG,2.5302700039271335
8844,0.1360229855084861,6__mutated,PertCortex_6_CAGCAGCAGCCACGTC,4.381486797970039
8845,0.404271720304993,6__mutated,PertCortex_6_CAGCATACAGTGGAGT,2.2066975880512585
8846,0.25892200098684987,6__mutated,PertCortex_6_CAGCATAGTCCAGTTA,3.4576677550105095
8847,0.45706256249868427,6__mutated,PertCortex_6_CAGCCGAAGCCTATGT,1.8126476994620657
8848,0.1507129930062666,6__mutated,PertCortex_6_CAGCCGACAGATGGCA,3.1827665427342025
8849,0.13243601756752096,6__mutated,PertCortex_6_CAGCGACGTCTCTTTA,3.0012170089799985
8850,0.10419408093722983,6__mutated,PertCortex_6_CAGCGACTCCTCGCAT,2.5468144869114457
8851,0.11609373276415177,6__mutated,PertCortex_6_CAGCTAACACGAAGCA,4.38447596445801
8852,0.4674209795257446,6__mutated,PertCortex_6_CAGCTAACAGCCTATA,1.9886672536428083
8853,0.1845080853364973,6__mutated,PertCortex_6_CAGCTGGCAGTCGTGC,2.542429185288735
8854,0.18028193996412184,6__mutated,PertCortex_6_CAGCTGGCATGCCTAA,5.093273088958944
8855,0.00980827170297256,6__mutated,PertCortex_6_CAGGTGCCAGTTAACC,3.601416196087627
8856,0.13858607683719895,6__mutated,PertCortex_6_CAGGTGCGTAAATACG,3.308508635630961
8857,0.08249026251237956,6__mutated,PertCortex_6_CAGTAACAGAAGATTC,3.6627626781326437
8858,0.11944253499408056,6__mutated,PertCortex_6_CAGTAACCACTAAGTC,3.051335423093218
8859,0.16246355329714185,6__mutated,PertCortex_6_CAGTAACGTTAGGGTG,4.321493817282825
8860,0.09137101804488476,6__mutated,PertCortex_6_CAGTAACTCCAGAGGA,4.526546965407379
8861,0.150104940707842,6__mutated,PertCortex_6_CAGTCCTTCGTACGGC,2.741525897024111
8862,0.1483282743570232,6__mutated,PertCortex_6_CATATGGAGAGTAAGG,4.400839702714136
8863,0.29356835494215894,6__mutated,PertCortex_6_CATATGGCAAGGTTTC,4.190311000165113
8864,0.6045659780502779,6__mutated,PertCortex_6_CATATGGCATGTAAGA,1.5244802550006966
8865,0.09741078061257671,6__mutated,PertCortex_6_CATATGGTCCGCTGTT,3.8461020517218447
8866,0.7152533046006498,6__mutated,PertCortex_6_CATATTCAGGTGTGGT,1.6690251728382608
8867,0.10980461974287811,6__mutated,PertCortex_6_CATATTCCATCTCCCA,3.3832497540005604
8868,0.27225003198926795,6__mutated,PertCortex_6_CATATTCGTGTAATGA,2.2477357648547103
8869,0.3047543062622926,6__mutated,PertCortex_6_CATCAAGCACATGGGA,3.6219585940867196
8870,0.2433463298302501,6__mutated,PertCortex_6_CATCAAGCAGATCGGA,2.4744074782306718
8871,0.01688708865538936,6__mutated,PertCortex_6_CATCAAGCATTGGTAC,3.6618592956922247
8872,0.1323985414220104,6__mutated,PertCortex_6_CATCAAGGTTTGTTGG,5.381801628616275
8873,0.16200761373019673,6__mutated,PertCortex_6_CATCAAGTCATGGTCA,3.7802788716586293
8874,0.17026018510304755,6__mutated,PertCortex_6_CATCAGACAGACGCAA,2.9294818941165093
8875,0.1137142415211882,6__mutated,PertCortex_6_CATCAGACAGAGCCAA,4.076722704682428
8876,0.07351386573080042,6__mutated,PertCortex_6_CATCAGAGTCTGGAGA,4.172284853767846
8877,0.09882281401532388,6__mutated,PertCortex_6_CATCCACCACTGCCAG,3.9894277260240494
8878,0.11764007036623794,6__mutated,PertCortex_6_CATCCACGTTGGTAAA,4.2248369327033135
8879,0.1577228353335178,6__mutated,PertCortex_6_CATCCACTCGGCCGAT,3.722148892322959
8880,0.1546335226705491,6__mutated,PertCortex_6_CATCGAAAGCGTCAAG,3.3995878296432678
8881,0.55294894261579,6__mutated,PertCortex_6_CATCGAACACCAGGCT,2.480192393921223
8882,0.1215040002898104,6__mutated,PertCortex_6_CATCGAAGTCCGAATT,4.135517177597021
8883,0.19533164293894306,6__mutated,PertCortex_6_CATCGAAGTTAAGAAC,3.76313245037035
8884,0.26412803705877863,6__mutated,PertCortex_6_CATCGAAGTTAGGGTG,4.302552175035476
8885,0.7078744945380865,6__mutated,PertCortex_6_CATCGAATCGCGGATC,1.5922910080822037
8886,0.5508058226744446,6__mutated,PertCortex_6_CATCGGGAGAAGGGTA,2.5137322686398442
8887,0.4860297563895469,6__mutated,PertCortex_6_CATCGGGAGAGACTTA,2.5522491414350252
8888,0.35101856998085745,6__mutated,PertCortex_6_CATCGGGTCCGGCACA,2.9221470888902594
8889,0.17088162712168956,6__mutated,PertCortex_6_CATGACAAGCAAATCA,2.6983046814406486
8890,0.5504189716537156,6__mutated,PertCortex_6_CATGACACAACTGCTA,1.7649183431054434
8891,0.21986746665816084,6__mutated,PertCortex_6_CATGACAGTTCAGACT,2.643940166103677
8892,0.46104957725970297,6__mutated,PertCortex_6_CATGACATCCAGAAGG,1.9219108356455017
8893,0.23267032258800346,6__mutated,PertCortex_6_CATGCCTAGATGAGAG,4.263443679524151
8894,0.5841465366948686,6__mutated,PertCortex_6_CATGCCTAGTCCAGGA,2.228222043671946
8895,0.07893980596153082,6__mutated,PertCortex_6_CATGCCTCACCGAATT,3.51765787130129
8896,0.2142308277178974,6__mutated,PertCortex_6_CATGCCTCACGGACAA,3.611825234544901
8897,0.12835410263166733,6__mutated,PertCortex_6_CATGCCTTCCCACTTG,4.04909172195126
8898,0.17802782341707782,6__mutated,PertCortex_6_CATGGCGAGATGTAAC,3.6268618736934926
8899,0.11620272783186318,6__mutated,PertCortex_6_CATTATCAGGCCGAAT,3.791419215743312
8900,0.106613921296383,6__mutated,PertCortex_6_CATTATCTCATGCTCC,3.6831763699371147
8901,0.1281181854336761,6__mutated,PertCortex_6_CATTATCTCCGGGTGT,3.958651332232472
8902,0.23348642875464726,6__mutated,PertCortex_6_CATTATCTCGTCCGTT,3.3724299253094823
8903,0.48733989640350817,6__mutated,PertCortex_6_CATTCGCCACACATGT,2.1708243473305395
8904,0.5881096859882105,6__mutated,PertCortex_6_CCAATCCAGCGAGAAA,2.1222844751747996
8905,0.263503210249428,6__mutated,PertCortex_6_CCAATCCAGGAGCGTT,3.6361693821190992
8906,0.08668835682640064,6__mutated,PertCortex_6_CCAATCCGTCCGACGT,4.271745183673132
8907,0.4804804222129355,6__mutated,PertCortex_6_CCAATCCTCTGGCGTG,2.503050024355757
8908,0.419992301816124,6__mutated,PertCortex_6_CCACCTAGTGGCAAAC,2.2259600100898678
8909,0.23030164848287377,6__mutated,PertCortex_6_CCACCTAGTGTTCTTT,3.1016863522437537
8910,0.11462458134356676,6__mutated,PertCortex_6_CCACCTATCGGCGCTA,3.346860127674559
8911,0.19177631384181995,6__mutated,PertCortex_6_CCACGGAAGTCAATAG,3.1354548591798066
8912,0.6094804170764881,6__mutated,PertCortex_6_CCACGGACAGGTTTCA,2.0343553482679164
8913,0.11771427574075699,6__mutated,PertCortex_6_CCACGGAGTTCGTTGA,3.3099250153261224
8914,0.08277283351697297,6__mutated,PertCortex_6_CCACTACAGGCCATAG,4.053890802131975
8915,0.05867505017426896,6__mutated,PertCortex_6_CCACTACGTTGGACCC,3.914680200939696
8916,0.15135380980421206,6__mutated,PertCortex_6_CCACTACGTTGGGACA,4.446779213519259
8917,0.033934884169046955,6__mutated,PertCortex_6_CCAGCGAGTAGGACAC,4.151154792508035
8918,0.11686332876121534,6__mutated,PertCortex_6_CCAGCGAGTGAGGGAG,4.043564076821279
8919,0.3300042174587222,6__mutated,PertCortex_6_CCATGTCAGCCTCGTG,2.9291443853462233
8920,0.14136871187270436,6__mutated,PertCortex_6_CCATGTCGTGAAAGAG,3.9354570138338865
8921,0.46520292412844433,6__mutated,PertCortex_6_CCATGTCGTTCCCGAG,1.9500233795173973
8922,0.4725872875034428,6__mutated,PertCortex_6_CCATGTCTCTGGCGAC,2.1067318689648054
8923,0.46764138396011296,6__mutated,PertCortex_6_CCATTCGCAGCGAACA,1.9041997588807302
8924,0.10860343036148633,6__mutated,PertCortex_6_CCATTCGTCTCTGTCG,3.615532966805926
8925,0.10979177054289894,6__mutated,PertCortex_6_CCCAATCAGACTTTCG,3.3657963242429734
8926,0.17837244898137325,6__mutated,PertCortex_6_CCCAATCCAGATAATG,4.326387428449013
8927,0.20426192840180554,6__mutated,PertCortex_6_CCCAATCCAGTTCATG,4.302724797956751
8928,0.11768779859016126,6__mutated,PertCortex_6_CCCAATCCATCACCCT,3.3635408020308057
8929,0.05327361930475416,6__mutated,PertCortex_6_CCCAATCTCTTGAGAC,3.614648261841905
8930,0.1107115148780722,6__mutated,PertCortex_6_CCCAGTTAGACGACGT,3.8041956009200355
8931,0.17959411246779658,6__mutated,PertCortex_6_CCCAGTTAGTAGGTGC,5.631184166234303
8932,0.1389201965511566,6__mutated,PertCortex_6_CCCAGTTGTAAACCTC,3.4962029528673964
8933,0.12680213768177187,6__mutated,PertCortex_6_CCCAGTTGTCGGCATC,4.267631502384514
8934,0.18575948419475136,6__mutated,PertCortex_6_CCCATACAGAAACCAT,4.431753915257883
8935,0.6787512049828622,6__mutated,PertCortex_6_CCCATACCACGGTGTC,1.7778179354242447
8936,0.24678640111376848,6__mutated,PertCortex_6_CCCTCCTAGCACCGTC,2.2335454432122885
8937,0.3393042812261085,6__mutated,PertCortex_6_CCGGGATGTAGTACCT,2.193343081232902
8938,0.34786494986649846,6__mutated,PertCortex_6_CCGGTAGAGCGTCTAT,1.7212233423699583
8939,0.06498277526262476,6__mutated,PertCortex_6_CCGGTAGGTTCATGGT,4.740473322988747
8940,0.19273442693566709,6__mutated,PertCortex_6_CCGTACTCATCGACGC,4.221697339067284
8941,0.23865781021180926,6__mutated,PertCortex_6_CCGTACTTCACAGTAC,3.19071419896773
8942,0.1762790763941431,6__mutated,PertCortex_6_CCGTGGAAGTGGACGT,3.064939397757257
8943,0.13993842303131848,6__mutated,PertCortex_6_CCGTGGAGTAAGGGAA,3.9785667480563145
8944,0.08758858677834078,6__mutated,PertCortex_6_CCGTTCAGTAAGTGTA,3.7924703640417525
8945,0.227387096123589,6__mutated,PertCortex_6_CCGTTCATCAAGAAGT,4.398224540834771
8946,0.14426002431135557,6__mutated,PertCortex_6_CCTAAAGGTTCCTCCA,4.576267505347993
8947,0.14651601754755988,6__mutated,PertCortex_6_CCTAAAGTCAGATAAG,4.132655409677377
8948,0.1257507535765492,6__mutated,PertCortex_6_CCTACACGTGGTTTCA,3.9882340239910565
8949,0.10881308188877378,6__mutated,PertCortex_6_CCTACACTCCCGACTT,3.1837711876037655
8950,0.24229208201992777,6__mutated,PertCortex_6_CCTACACTCTCAACTT,2.8367899813436614
8951,0.10597611055817413,6__mutated,PertCortex_6_CCTACCAGTAGGGTAC,4.93924176961163
8952,0.11782695040169004,6__mutated,PertCortex_6_CCTACCAGTATAAACG,3.803330448402858
8953,0.6371200711683317,6__mutated,PertCortex_6_CCTACCATCGTCCGTT,1.8466648969700137
8954,0.5919405977929258,6__mutated,PertCortex_6_CCTACCATCTCTAAGG,2.4677052523326273
8955,0.6388416743281848,6__mutated,PertCortex_6_CCTAGCTCACATGACT,1.8270032857848215
8956,0.6014125254703059,6__mutated,PertCortex_6_CCTAGCTCAGCGTAAG,1.9907168446955972
8957,0.5822862792288221,6__mutated,PertCortex_6_CCTAGCTGTTAAGAAC,1.9170478899836885
8958,0.1378445432651181,6__mutated,PertCortex_6_CCTCAGTAGATGAGAG,4.395484446772716
8959,0.14237549399898503,6__mutated,PertCortex_6_CCTCTGAAGGTGTTAA,4.031070356089993
8960,0.178095112099041,6__mutated,PertCortex_6_CCTCTGACACCATGTA,4.4207427478692845
8961,0.12457148203459127,6__mutated,PertCortex_6_CCTCTGACAGGTCCAC,3.437275400234661
8962,0.14304109743431723,6__mutated,PertCortex_6_CCTTACGAGCCCAGCT,3.630262565869357
8963,0.14271869576846058,6__mutated,PertCortex_6_CCTTCCCGTCTACCTC,2.5637143423092
8964,0.19662919136821452,6__mutated,PertCortex_6_CCTTCCCGTCTAGCCG,3.7948431112129186
8965,0.07380021673779648,6__mutated,PertCortex_6_CCTTCGAGTACAGACG,4.213581517563511
8966,0.06942781840186182,6__mutated,PertCortex_6_CCTTCGAGTCACCTAA,3.9413074635984895
8967,0.29467340783192353,6__mutated,PertCortex_6_CCTTCGAGTTTGCATG,4.015397615922737
8968,0.1514432155235751,6__mutated,PertCortex_6_CCTTTCTCACCAGTTA,5.04946752304169
8969,0.16526066879207585,6__mutated,PertCortex_6_CCTTTCTTCATATCGG,3.9169871838961505
8970,0.16503166583865292,6__mutated,PertCortex_6_CCTTTCTTCCACGTGG,3.1730378567423663
8971,0.15085711023871762,6__mutated,PertCortex_6_CGAACATAGTATCGAA,3.387831036816777
8972,0.08762590410897443,6__mutated,PertCortex_6_CGAACATGTCTAGGTT,4.641134160990567
8973,0.051612763987729265,6__mutated,PertCortex_6_CGAACATTCGCATGAT,4.861772858273868
8974,0.11572237134972387,6__mutated,PertCortex_6_CGAATGTAGCTACCGC,4.099167622530709
8975,0.35330350979684794,6__mutated,PertCortex_6_CGAATGTAGTGCCATT,2.990434469806128
8976,0.19574991891511503,6__mutated,PertCortex_6_CGAATGTCACGAAATA,3.3973471357092113
8977,0.13452244539635325,6__mutated,PertCortex_6_CGAATGTGTGATAAAC,3.9964627948916887
8978,0.12249326464864496,6__mutated,PertCortex_6_CGAATGTTCCGTTGCT,4.343108883378353
8979,0.4706263132046158,6__mutated,PertCortex_6_CGACCTTAGCGTAGTG,3.3155481011454793
8980,0.11022148341074425,6__mutated,PertCortex_6_CGACCTTCATACTCTT,3.7386513446737886
8981,0.16759364151908202,6__mutated,PertCortex_6_CGACCTTGTCCCTACT,4.398270399562937
8982,0.04680339299537203,6__mutated,PertCortex_6_CGACCTTTCACTTATC,4.2720998335388405
8983,0.3518428372679347,6__mutated,PertCortex_6_CGACTTCCATAAGACA,2.394911729364818
8984,0.31203854889195604,6__mutated,PertCortex_6_CGACTTCTCGACCAGC,1.9934433052968323
8985,0.019248463871535566,6__mutated,PertCortex_6_CGAGAAGAGAGACGAA,4.4177488602701835
8986,0.27756053723308566,6__mutated,PertCortex_6_CGAGAAGCAATGACCT,3.07137149931895
8987,0.6666252227516994,6__mutated,PertCortex_6_CGAGAAGGTAGGGACT,1.672791438459471
8988,0.21204515151558184,6__mutated,PertCortex_6_CGAGAAGTCATGCATG,3.8124646464404752
8989,0.07541031770053058,6__mutated,PertCortex_6_CGAGAAGTCCTATGTT,4.742256959403568
8990,0.09158940249160163,6__mutated,PertCortex_6_CGAGCACCAATAGAGT,3.73895965510857
8991,0.327607841417053,6__mutated,PertCortex_6_CGAGCACCACAGGCCT,2.1030204148305285
8992,0.18667515045087593,6__mutated,PertCortex_6_CGAGCACGTATATGAG,3.357757556782577
8993,0.07670562629206681,6__mutated,PertCortex_6_CGAGCCAAGAGTAAGG,4.253217348721235
8994,0.12444419568295946,6__mutated,PertCortex_6_CGAGCCAAGGAGCGAG,3.8759035127621693
8995,0.12003268066886968,6__mutated,PertCortex_6_CGAGCCAGTAACGTTC,4.795640853214112
8996,0.18229832354541717,6__mutated,PertCortex_6_CGAGCCATCAAACCGT,3.3152489141012347
8997,0.1598148270173739,6__mutated,PertCortex_6_CGATCGGAGGTAGCCA,4.239152537835633
8998,0.11745640144827671,6__mutated,PertCortex_6_CGATCGGCACGAAACG,4.189038382490502
8999,-0.011120567275536003,6__mutated,PertCortex_6_CGATCGGCAGCTGCTG,3.901808518724858
9000,0.17966964749368203,6__mutated,PertCortex_6_CGATCGGCATCACGAT,3.039859344593328
9001,0.08329221917493726,6__mutated,PertCortex_6_CGATGGCAGGATGCGT,4.389804227454049
9002,0.2304466853007017,6__mutated,PertCortex_6_CGATGGCAGTCTCGGC,3.4779249958446843
9003,0.07337051431829761,6__mutated,PertCortex_6_CGATGGCAGTTCGCAT,3.511108296772896
9004,0.2296588198051713,6__mutated,PertCortex_6_CGATGGCCACGGATAG,3.3803463509181713
9005,0.18467007760780793,6__mutated,PertCortex_6_CGATGGCCATTAACCG,3.11621991691247
9006,0.09364315783002905,6__mutated,PertCortex_6_CGATGTAAGAATGTTG,3.691188489199424
9007,0.04048397083687125,6__mutated,PertCortex_6_CGATTGAAGAGGGATA,4.07271328624651
9008,0.672681878781751,6__mutated,PertCortex_6_CGATTGAAGCTCAACT,1.7472425832120961
9009,0.17124243704942707,6__mutated,PertCortex_6_CGATTGAAGTGCGATG,2.477339106636205
9010,0.6464810422511645,6__mutated,PertCortex_6_CGATTGACAAAGTCAA,1.7571955047351704
9011,0.14548706898546807,6__mutated,PertCortex_6_CGCCAAGCATCGGGTC,3.332042906509342
9012,0.1645133872327584,6__mutated,PertCortex_6_CGCCAAGTCAGTCCCT,3.926474212344273
9013,0.1279949560598359,6__mutated,PertCortex_6_CGCGGTACAACTGCGC,3.035255828656901
9014,0.0987507307121889,6__mutated,PertCortex_6_CGCGGTAGTCGAACAG,4.6308578129840825
9015,0.24189633558741006,6__mutated,PertCortex_6_CGCGTTTGTAGGCATG,3.392140356660052
9016,0.16628702709812757,6__mutated,PertCortex_6_CGCGTTTGTGGTCCGT,3.3987071923111936
9017,0.1712167938286083,6__mutated,PertCortex_6_CGCTATCAGGCTCTTA,4.262119760700178
9018,0.18715297659457225,6__mutated,PertCortex_6_CGCTATCCAAGTCTGT,2.4469599514600504
9019,0.046554990757596275,6__mutated,PertCortex_6_CGCTGGAAGGTGATTA,4.14375721854183
9020,0.1499812122565403,6__mutated,PertCortex_6_CGCTGGAGTAAGGGCT,3.317895786806576
9021,0.03857915606886633,6__mutated,PertCortex_6_CGCTGGAGTGCATCTA,3.870191091933629
9022,0.5831636367792905,6__mutated,PertCortex_6_CGCTGGATCGCCCTTA,1.7328264466001424
9023,0.1109170422995772,6__mutated,PertCortex_6_CGCTTCAAGCAGATCG,3.949041118074515
9024,0.07679639007796055,6__mutated,PertCortex_6_CGGACACAGATATGGT,4.799239941815005
9025,0.1401611522400869,6__mutated,PertCortex_6_CGGACACAGTCGTTTG,4.310375807401043
9026,0.047973638361576955,6__mutated,PertCortex_6_CGGACACCAAACAACA,4.2368451531237605
9027,0.5856492142004561,6__mutated,PertCortex_6_CGGACACCACGGCCAT,1.99860837730298
9028,0.0788318603150917,6__mutated,PertCortex_6_CGGACACGTGTGGCTC,4.066659545182937
9029,0.20053947592900806,6__mutated,PertCortex_6_CGGACACTCAATCACG,3.0828957611676526
9030,0.199764674648408,6__mutated,PertCortex_6_CGGACGTAGCTAGCCC,3.749914554684569
9031,0.1355845038792136,6__mutated,PertCortex_6_CGGACGTGTCGGCACT,3.422655563380922
9032,0.5732935770488382,6__mutated,PertCortex_6_CGGACTGAGATCCCGC,1.723026304200109
9033,0.16524843744627402,6__mutated,PertCortex_6_CGGACTGAGGAATTAC,3.9373986869864765
9034,0.24025533726409612,6__mutated,PertCortex_6_CGGACTGCAGGGAGAG,2.5754858530718656
9035,0.40366046651922893,6__mutated,PertCortex_6_CGGACTGTCCTAAGTG,2.1157269435136574
9036,0.19594538977028025,6__mutated,PertCortex_6_CGGAGCTAGCTAGTGG,3.7546533858230093
9037,0.22701973974261758,6__mutated,PertCortex_6_CGGAGCTAGCTGTCTA,2.925801494249472
9038,0.18228222597653582,6__mutated,PertCortex_6_CGGAGCTCAAAGCAAT,3.5831315363306517
9039,0.12487792253439199,6__mutated,PertCortex_6_CGGAGCTGTTGAGTTC,4.126389704761488
9040,0.2806529766387134,6__mutated,PertCortex_6_CGGAGTCCAGGGTATG,2.9127775405664282
9041,0.06367725219501343,6__mutated,PertCortex_6_CGGAGTCTCCAACCAA,4.064911038259991
9042,0.2558701494887764,6__mutated,PertCortex_6_CGGCTAGAGAGGTACC,2.8827142174145357
9043,0.1764786259924399,6__mutated,PertCortex_6_CGGCTAGAGCTGATAA,2.926654550952294
9044,0.2332591626590662,6__mutated,PertCortex_6_CGGTTAAGTGAGTGAC,1.764101767904334
9045,0.6568343486012966,6__mutated,PertCortex_6_CGGTTAAGTGCCTGGT,1.758310200344788
9046,0.1873543500171929,6__mutated,PertCortex_6_CGGTTAAGTTCCATGA,4.4212127293332975
9047,0.1675388919620771,6__mutated,PertCortex_6_CGTAGCGCAAGCTGAG,3.02278338359142
9048,0.14466914057814897,6__mutated,PertCortex_6_CGTAGGCTCCTTTCGG,3.8018352556980366
9049,0.07401289599173806,6__mutated,PertCortex_6_CGTCACTGTTCGTCTC,3.245256488557926
9050,0.093615100689539,6__mutated,PertCortex_6_CGTCACTTCATAAAGG,4.8067774717001175
9051,0.13189907892449304,6__mutated,PertCortex_6_CGTCACTTCCGTCAAA,3.704876442679078
9052,0.20033547646529493,6__mutated,PertCortex_6_CGTCAGGAGTGCGATG,4.245350268048294
9053,0.11857564498956114,6__mutated,PertCortex_6_CGTCAGGCAACCGCCA,3.953359037659374
9054,0.42492981453356415,6__mutated,PertCortex_6_CGTCAGGCATATGAGA,1.835920811965137
9055,0.17945018223612583,6__mutated,PertCortex_6_CGTCAGGGTTACGGAG,3.6154030100819834
9056,0.06990121094904289,6__mutated,PertCortex_6_CGTCCATAGCCATCGC,3.66644088821119
9057,0.09606099073754777,6__mutated,PertCortex_6_CGTCCATAGTTGCAGG,4.245258191568943
9058,0.059038854906167,6__mutated,PertCortex_6_CGTCTACAGGGCTTCC,3.23013657144069
9059,0.20415101384460796,6__mutated,PertCortex_6_CGTCTACGTCTGGAGA,3.5596385357209743
9060,0.19705416933947292,6__mutated,PertCortex_6_CGTGAGCTCCGCATCT,2.5942468433025914
9061,0.209652192957634,6__mutated,PertCortex_6_CGTGTAAAGGGCACTA,2.851173370659754
9062,0.15653743315243607,6__mutated,PertCortex_6_CGTGTAATCCCAAGAT,3.861285060984751
9063,0.15521388430336294,6__mutated,PertCortex_6_CGTGTCTAGACTGTAA,4.420765082174083
9064,0.37544723066523433,6__mutated,PertCortex_6_CGTGTCTAGCAGCGTA,2.5942605675405526
9065,0.5435928503763905,6__mutated,PertCortex_6_CGTGTCTAGCTAACAA,1.9198115442757093
9066,0.03944093898057131,6__mutated,PertCortex_6_CGTGTCTCATGCAATC,4.273222237624314
9067,0.16877155779999584,6__mutated,PertCortex_6_CGTGTCTCATGCCCGA,3.1865057936750194
9068,0.28820197216060583,6__mutated,PertCortex_6_CGTGTCTCATGGGACA,2.3132894425035753
9069,0.20483219668892888,6__mutated,PertCortex_6_CGTGTCTTCGCAAACT,4.479147974662583
9070,0.10984796571126884,6__mutated,PertCortex_6_CGTTCTGAGTACACCT,4.8773466944043085
9071,0.41037404490514334,6__mutated,PertCortex_6_CGTTGGGAGCCTATGT,2.076157262982381
9072,0.17747054795942302,6__mutated,PertCortex_6_CTAACTTCAGCCTTGG,3.0123482926408096
9073,0.1564986978397231,6__mutated,PertCortex_6_CTAACTTCATGTAAGA,3.5988787033028538
9074,0.10735451238095192,6__mutated,PertCortex_6_CTAAGACCAGCGAACA,3.9099810347689843
9075,0.16850974596592402,6__mutated,PertCortex_6_CTAAGACGTAGAGCTG,3.7412784265607333
9076,0.07453474523885392,6__mutated,PertCortex_6_CTAAGACTCATGTCCC,4.364700929443504
9077,0.19921808139576005,6__mutated,PertCortex_6_CTAAGACTCCTTGCCA,2.6990625061466207
9078,0.21706042826007815,6__mutated,PertCortex_6_CTAATGGCAGCTCGCA,3.440049337052705
9079,0.10025760070860461,6__mutated,PertCortex_6_CTAATGGGTCTGGTCG,4.258878506539109
9080,0.10678655149166741,6__mutated,PertCortex_6_CTAATGGGTTCGCTAA,4.716242055040653
9081,0.5988631082439522,6__mutated,PertCortex_6_CTACACCCATACTACG,2.277713298655693
9082,0.25110275775080476,6__mutated,PertCortex_6_CTACACCGTGCTCTTC,2.181459169056715
9083,0.08693013457749202,6__mutated,PertCortex_6_CTACACCTCGGCTTGG,3.779504129469881
9084,0.03272871851924073,6__mutated,PertCortex_6_CTACATTGTAGAGGAA,4.481898907977903
9085,0.09868050986870845,6__mutated,PertCortex_6_CTACATTGTTCGTGAT,3.390194544598353
9086,0.16634705824541413,6__mutated,PertCortex_6_CTACCCACAAACTGTC,3.3717129599210085
9087,0.06825566003945958,6__mutated,PertCortex_6_CTACCCACACATTTCT,4.572320796055578
9088,0.4659007394073612,6__mutated,PertCortex_6_CTACGTCCACTTAACG,3.5312991256872075
9089,0.6852286340395587,6__mutated,PertCortex_6_CTACGTCGTAATTGGA,1.7159913449421187
9090,0.0965963395862262,6__mutated,PertCortex_6_CTACGTCGTCTTGATG,3.306868590732498
9091,0.06220686130378042,6__mutated,PertCortex_6_CTAGAGTCAAGAAAGG,3.875211702056429
9092,0.31331524633380264,6__mutated,PertCortex_6_CTAGAGTGTAGCTCCG,3.2049944682513005
9093,0.21451655393689764,6__mutated,PertCortex_6_CTAGAGTGTCAAGCGA,2.789735469811052
9094,0.044809384824666454,6__mutated,PertCortex_6_CTAGCCTGTCTCATCC,4.263378428514732
9095,0.20208446846086278,6__mutated,PertCortex_6_CTAGCCTTCAAGGCTT,2.505575088603379
9096,0.19125606312069585,6__mutated,PertCortex_6_CTAGTGAAGCTAAGAT,3.983024752572922
9097,0.07824901119940472,6__mutated,PertCortex_6_CTAGTGACATCCGCGA,4.531096320892866
9098,0.6533167993008215,6__mutated,PertCortex_6_CTCACACAGATCGGGT,1.8557870389647415
9099,0.16824461799681442,6__mutated,PertCortex_6_CTCACACCACGAAATA,4.424247634228354
9100,0.03423649637857459,6__mutated,PertCortex_6_CTCACACCATTGTGCA,3.5244716512484744
9101,0.10431578177612566,6__mutated,PertCortex_6_CTCACACGTTCCAACA,4.145287545733431
9102,0.5646548488223986,6__mutated,PertCortex_6_CTCAGAAAGATCTGAA,2.4367951251419386
9103,0.08061167966188318,6__mutated,PertCortex_6_CTCATTACACACATGT,4.222881069006537
9104,0.23370179962214016,6__mutated,PertCortex_6_CTCATTATCACTTATC,2.91480701270001
9105,0.6385717523578139,6__mutated,PertCortex_6_CTCCTAGAGTTGCAGG,1.8882937782734919
9106,0.14030931440711647,6__mutated,PertCortex_6_CTCCTAGCACAGCGTC,3.7913324069863865
9107,0.5774118296061802,6__mutated,PertCortex_6_CTCCTAGTCAGTTTGG,2.174354945973835
9108,0.1352616783628372,6__mutated,PertCortex_6_CTCGAAAGTACCGAGA,4.1492158978604525
9109,0.12542988309169825,6__mutated,PertCortex_6_CTCGAAAGTCAGATAA,1.8441710234232815
9110,0.38705906331669476,6__mutated,PertCortex_6_CTCGAAAGTTAGTGGG,4.12823537813597
9111,0.21508890581764806,6__mutated,PertCortex_6_CTCGAGGCAATGTAAG,2.491733857444167
9112,0.15645202251720028,6__mutated,PertCortex_6_CTCGAGGTCTCGATGA,3.56434992337251
9113,0.06693993981996878,6__mutated,PertCortex_6_CTCGGAGTCAACACAC,4.519643749727927
9114,0.3513681293610601,6__mutated,PertCortex_6_CTCGGAGTCTCATTCA,3.635526432404163
9115,0.12098030585578175,6__mutated,PertCortex_6_CTCGGGAAGCAGCGTA,4.733876343001209
9116,0.19342573627260962,6__mutated,PertCortex_6_CTCGGGAAGCTAGTCT,3.0321833558281286
9117,0.06326398846992601,6__mutated,PertCortex_6_CTCGGGACAGTTCCCT,3.661216902491553
9118,0.10133298227219155,6__mutated,PertCortex_6_CTCGGGACATCCGCGA,3.579750948715102
9119,0.10892332541826896,6__mutated,PertCortex_6_CTCGGGAGTCGAGTTT,3.6399587765233825
9120,0.08759003344919854,6__mutated,PertCortex_6_CTCGTACAGTATCGAA,4.507239117452292
9121,0.11942263985450172,6__mutated,PertCortex_6_CTCGTACCAGCCTTTC,3.9238146801324234
9122,0.10228046157904877,6__mutated,PertCortex_6_CTCGTACTCGTGACAT,4.167372473820841
9123,0.7244816013692166,6__mutated,PertCortex_6_CTCGTCAGTCAGCTAT,1.5178476556809934
9124,0.5503931756405431,6__mutated,PertCortex_6_CTCGTCATCACATGCA,2.2733879480994985
9125,0.11079892879286957,6__mutated,PertCortex_6_CTCTAATAGTCCGTAT,2.3459866943216157
9126,0.5629119350558611,6__mutated,PertCortex_6_CTCTAATCAGCGAACA,2.320032343932338
9127,0.7075720389578545,6__mutated,PertCortex_6_CTCTAATCATAGGATA,1.3099296735787502
9128,0.5925679024500121,6__mutated,PertCortex_6_CTCTAATGTCGGATCC,2.0229655863815665
9129,0.5201424749330035,6__mutated,PertCortex_6_CTCTACGAGCGCTCCA,1.8806907694357757
9130,0.087445060016548,6__mutated,PertCortex_6_CTCTACGCAGACAAAT,3.720007764236774
9131,0.09730998097115082,6__mutated,PertCortex_6_CTCTACGGTACCGGCT,4.4756284740121774
9132,0.24752985577036338,6__mutated,PertCortex_6_CTCTACGGTAGCGTCC,2.596154398790378
9133,0.600148690202952,6__mutated,PertCortex_6_CTCTACGGTCTGCGGT,2.218210020178586
9134,0.4024820447313486,6__mutated,PertCortex_6_CTCTACGTCCTATTCA,3.7260575313674384
9135,0.597408403861671,6__mutated,PertCortex_6_CTCTACGTCTAGCACA,2.063376251990719
9136,0.6536896922988407,6__mutated,PertCortex_6_CTCTGGTAGGAATCGC,1.7412159754550867
9137,0.5805345982571103,6__mutated,PertCortex_6_CTCTGGTCACCTATCC,2.0027596819746627
9138,0.08929640668550619,6__mutated,PertCortex_6_CTCTGGTCATAAGACA,4.418859371908828
9139,0.4129802753071944,6__mutated,PertCortex_6_CTCTGGTGTGATGTGG,2.574637340363858
9140,0.09855529971202188,6__mutated,PertCortex_6_CTCTGGTGTTGTGGAG,4.263463506005712
9141,0.6661401728421118,6__mutated,PertCortex_6_CTGAAACCAGACAGGT,1.7895812868761514
9142,0.06445778865581346,6__mutated,PertCortex_6_CTGAAACGTCCGAGTC,3.8032556544583644
9143,0.13817219682333995,6__mutated,PertCortex_6_CTGAAACGTCGACTAT,3.6985163176634783
9144,0.08551125103414478,6__mutated,PertCortex_6_CTGAAGTCACTTAACG,4.5837567141189774
9145,0.5188723394756709,6__mutated,PertCortex_6_CTGAAGTGTCGCTTCT,2.3934383327740116
9146,0.16514130450923556,6__mutated,PertCortex_6_CTGAAGTTCTTAGAGC,4.256392265248402
9147,0.1072480776610074,6__mutated,PertCortex_6_CTGATAGCACAGCGTC,3.9006043175487894
9148,0.3085326023717899,6__mutated,PertCortex_6_CTGATCCAGCAATATG,3.956507433327029
9149,0.14464980436926558,6__mutated,PertCortex_6_CTGATCCAGCGATTCT,3.8721290665414827
9150,0.12055855406654338,6__mutated,PertCortex_6_CTGCCTACAGTCAGAG,4.524099743515581
9151,0.12784139317080376,6__mutated,PertCortex_6_CTGCCTAGTATGAATG,4.251964361042219
9152,0.15907600232940844,6__mutated,PertCortex_6_CTGCCTATCCTGCAGG,3.715312772440237
9153,0.18909794598998123,6__mutated,PertCortex_6_CTGCGGAGTGACCAAG,3.3434104751660785
9154,0.19268052883995168,6__mutated,PertCortex_6_CTGCTGTTCTGCTTGC,3.585784076164956
9155,0.1308744250424437,6__mutated,PertCortex_6_CTGGTCTAGGTTCCTA,3.6954312487329397
9156,0.13025741299824736,6__mutated,PertCortex_6_CTGGTCTGTCACCCAG,3.4178070135439977
9157,0.6541747619211209,6__mutated,PertCortex_6_CTGGTCTGTTGCTCCT,1.620610303754394
9158,0.11543529481099624,6__mutated,PertCortex_6_CTGGTCTTCAAGGCTT,3.273723983756185
9159,0.07957148008369648,6__mutated,PertCortex_6_CTGTGCTGTTGGTAAA,4.770252139474787
9160,0.261239086964163,6__mutated,PertCortex_6_CTTAACTAGATATACG,2.0498563380725865
9161,0.11903928073951646,6__mutated,PertCortex_6_CTTAACTAGGCGCTCT,3.462685876182475
9162,0.48382997989682464,6__mutated,PertCortex_6_CTTAACTCACGAAAGC,2.4443832045439438
9163,0.5957286174689603,6__mutated,PertCortex_6_CTTAACTCACTCAGGC,2.273236384373964
9164,0.09848471304122197,6__mutated,PertCortex_6_CTTAACTGTCCGAATT,4.210455541258356
9165,0.1591165083851971,6__mutated,PertCortex_6_CTTAACTGTGGAAAGA,4.242029752318195
9166,0.30909884026428014,6__mutated,PertCortex_6_CTTAACTGTGGTACAG,2.8297535879736158
9167,0.2418186677709477,6__mutated,PertCortex_6_CTTAACTTCGATGAGG,3.8677064754679815
9168,0.1127902801122032,6__mutated,PertCortex_6_CTTAACTTCTGTCTAT,3.6201599164098726
9169,0.327645138106599,6__mutated,PertCortex_6_CTTACCGAGACATAAC,2.823319393397954
9170,0.197126656258095,6__mutated,PertCortex_6_CTTACCGCACAGCGTC,4.430649163568611
9171,0.14208339584177895,6__mutated,PertCortex_6_CTTAGGAAGGCCCTTG,4.149512263814409
9172,0.3271675596467287,6__mutated,PertCortex_6_CTTAGGAGTAGTACCT,2.6996280436870737
9173,0.09404994091080765,6__mutated,PertCortex_6_CTTCTCTAGTTAGGTA,3.8976402884452552
9174,0.06416356814211165,6__mutated,PertCortex_6_CTTCTCTCAGGTGCCT,4.830612734198983
9175,0.1489443419471412,6__mutated,PertCortex_6_CTTCTCTTCGACGGAA,3.6860484133379345
9176,0.5177077976150681,6__mutated,PertCortex_6_CTTCTCTTCGATCCCT,2.308945003760724
9177,0.29403218782197726,6__mutated,PertCortex_6_CTTGGCTAGGTTACCT,0.9382791845656708
9178,0.15614147900282355,6__mutated,PertCortex_6_CTTTGCGCACAGACAG,3.896319205383655
9179,0.13294769417342717,6__mutated,PertCortex_6_CTTTGCGCAGGACGTA,3.1840272780461403
9180,0.5946763384412357,6__mutated,PertCortex_6_CTTTGCGTCCGGGTGT,1.5570380236122783
9181,0.04711442875081647,6__mutated,PertCortex_6_GAAACTCAGAACTCGG,3.897928207276777
9182,0.10195221472441626,6__mutated,PertCortex_6_GAAACTCAGGACCACA,3.214960307258634
9183,0.3222468020432524,6__mutated,PertCortex_6_GAAACTCCAATAGCGG,2.309101224006175
9184,0.399692791085855,6__mutated,PertCortex_6_GAAATGACACATGTGT,2.3385420684427856
9185,0.6078365959331795,6__mutated,PertCortex_6_GAAATGACACCTTGTC,1.8514368115980946
9186,0.11719704276691988,6__mutated,PertCortex_6_GAAATGATCCTTGCCA,3.9211637772332204
9187,0.05487507851890207,6__mutated,PertCortex_6_GAACATCCAACTGCGC,2.8483785375719317
9188,0.17856813289515674,6__mutated,PertCortex_6_GAACATCCACTTACGA,3.9481151251657485
9189,0.1271565682435732,6__mutated,PertCortex_6_GAACATCTCAGCTGGC,4.595665159681051
9190,0.2426513298397965,6__mutated,PertCortex_6_GAACCTAAGTCCATAC,3.3919719213358124
9191,0.5780687298925845,6__mutated,PertCortex_6_GAACCTACAATCTGCA,2.3706060269405222
9192,0.08897011639527388,6__mutated,PertCortex_6_GAACCTATCCATTCTA,4.037305679259577
9193,0.07662558413882631,6__mutated,PertCortex_6_GAACGGACAATGCCAT,3.953158677966747
9194,0.4005109532331087,6__mutated,PertCortex_6_GAACGGACAATGGATA,2.9426594791330825
9195,0.15670778182031536,6__mutated,PertCortex_6_GAACGGACACCAGGTC,4.51771555297739
9196,0.5992024280230036,6__mutated,PertCortex_6_GAACGGACACGAGGTA,2.022850380190766
9197,0.12629211455319092,6__mutated,PertCortex_6_GAAGCAGAGCCACTAT,3.79369383897889
9198,0.39525644985892217,6__mutated,PertCortex_6_GAAGCAGCAGAGCCAA,1.9538481879267193
9199,0.25972674380896704,6__mutated,PertCortex_6_GAATAAGAGTCAAGGC,3.516319985979537
9200,0.1609286809619872,6__mutated,PertCortex_6_GAATAAGGTCCGAATT,3.7072328066844666
9201,0.06978738965142388,6__mutated,PertCortex_6_GAATAAGGTCTCCCTA,4.092146703296516
9202,0.17609865931671242,6__mutated,PertCortex_6_GAATAAGGTGGCTCCA,3.8444505667659423
9203,0.6012674447403522,6__mutated,PertCortex_6_GAATAAGGTGGTAACG,2.2029202220757367
9204,0.15366452855067472,6__mutated,PertCortex_6_GAATAAGGTTGGGACA,3.3833939467169545
9205,0.1944678462737115,6__mutated,PertCortex_6_GAATAAGTCACTATTC,2.9580786362806455
9206,0.4247746157627417,6__mutated,PertCortex_6_GACACGCAGAAGGTTT,2.399853378911858
9207,0.25866817203675324,6__mutated,PertCortex_6_GACACGCCATTACCTT,3.0071242313708133
9208,0.21126427994646937,6__mutated,PertCortex_6_GACACGCGTAGTGAAT,1.8778369551860004
9209,0.5952224795318798,6__mutated,PertCortex_6_GACACGCGTTTGTTTC,2.0602939843976538
9210,0.5867565083868103,6__mutated,PertCortex_6_GACAGAGAGCTAACAA,1.807442653749064
9211,0.1290109765716688,6__mutated,PertCortex_6_GACAGAGCAACTGGCC,3.446538945626311
9212,0.672500094253381,6__mutated,PertCortex_6_GACAGAGCACCTGGTG,1.6230493578724918
9213,0.1595561309200837,6__mutated,PertCortex_6_GACAGAGGTTCACGGC,2.8987021708542042
9214,0.46865920844287473,6__mutated,PertCortex_6_GACCAATCAGCCAATT,3.2510528054197856
9215,0.22168707553247927,6__mutated,PertCortex_6_GACCAATCATCGATTG,4.475833831133604
9216,0.23750015280464334,6__mutated,PertCortex_6_GACCAATTCACCACCT,2.8777670125656676
9217,0.1266037084385398,6__mutated,PertCortex_6_GACCAATTCATTGCGA,4.545053371574888
9218,0.3526426550246527,6__mutated,PertCortex_6_GACCTGGCACCAGCAC,2.03028800109489
9219,0.2303196349109678,6__mutated,PertCortex_6_GACCTGGCAGCTCCGA,3.752845759806721
9220,0.06285694381565093,6__mutated,PertCortex_6_GACGCGTCACCCTATC,4.313710527545054
9221,0.5792521649470563,6__mutated,PertCortex_6_GACGCGTCACCGATAT,2.3566906423441556
9222,0.44196798437218937,6__mutated,PertCortex_6_GACGCGTTCGCTTAGA,3.364043422538329
9223,0.19826265972529106,6__mutated,PertCortex_6_GACGGCTAGTGGGATC,3.5730321873381268
9224,0.5350160779489892,6__mutated,PertCortex_6_GACGGCTGTGCAACTT,2.0391828781351253
9225,0.14836747950545467,6__mutated,PertCortex_6_GACGTGCCAAATTGCC,5.275359359862979
9226,0.2963102907468134,6__mutated,PertCortex_6_GACGTGCCAGGAACGT,4.765218778888462
9227,0.543649453942603,6__mutated,PertCortex_6_GACGTTACAAGCTGGA,2.043406274373826
9228,0.2452472601821735,6__mutated,PertCortex_6_GACGTTAGTACCTACA,4.859677336940549
9229,0.6947838563650852,6__mutated,PertCortex_6_GACGTTATCTGCTGTC,1.4613898052736072
9230,0.2237246789362497,6__mutated,PertCortex_6_GACTAACAGAAGATTC,4.682243316996622
9231,0.5406297538131646,6__mutated,PertCortex_6_GACTAACAGATAGTCA,2.4995424835701088
9232,0.18290236891836206,6__mutated,PertCortex_6_GACTAACAGCGTCAAG,4.774791720972198
9233,0.17604693548114025,6__mutated,PertCortex_6_GACTAACCAAGTCTAC,3.8793335004385963
9234,0.17596092741020994,6__mutated,PertCortex_6_GACTAACCAGGGTACA,3.729839194930134
9235,0.187863020487305,6__mutated,PertCortex_6_GACTACAAGGACATTA,4.586543229120857
9236,0.15841652794072314,6__mutated,PertCortex_6_GACTACACACGCTTTC,3.015852707043635
9237,0.0933112777449658,6__mutated,PertCortex_6_GACTACACAGGGTTAG,5.074847291182224
9238,0.04492559362884276,6__mutated,PertCortex_6_GACTACAGTGATAAAC,3.944905103917223
9239,0.5455885695824657,6__mutated,PertCortex_6_GACTACAGTGGACGAT,1.9704185253743867
9240,0.5974621916017051,6__mutated,PertCortex_6_GACTACAGTGTAACGG,1.4810400305381537
9241,0.12700299484985988,6__mutated,PertCortex_6_GACTACAGTTGATTGC,2.691031488836318
9242,0.0772823165776497,6__mutated,PertCortex_6_GACTACATCGTTTAGG,3.8317318537846963
9243,0.0983162446491613,6__mutated,PertCortex_6_GACTGCGGTCGACTGC,3.7113302961253414
9244,0.09267421744894924,6__mutated,PertCortex_6_GAGCAGATCGCAAGCC,4.155311522702446
9245,0.5774396335160322,6__mutated,PertCortex_6_GAGGTGAAGCCAGAAC,2.3036077156350383
9246,0.07762175143616135,6__mutated,PertCortex_6_GAGGTGAAGCGCTTAT,4.160065992653103
9247,0.1780580283411154,6__mutated,PertCortex_6_GAGGTGACACACTGCG,3.168992026720508
9248,0.13549456724980724,6__mutated,PertCortex_6_GAGGTGATCACATAGC,4.252023942972501
9249,0.10851030964662382,6__mutated,PertCortex_6_GAGGTGATCGGAGCAA,3.819827304888084
9250,0.16949708927292095,6__mutated,PertCortex_6_GAGTCCGAGTAGATGT,4.561301816916757
9251,0.10508333140560153,6__mutated,PertCortex_6_GAGTCCGGTAGTGAAT,3.4707744164501992
9252,0.16342273295020276,6__mutated,PertCortex_6_GAGTCCGTCGCATGAT,4.552928015087674
9253,0.24340348606311762,6__mutated,PertCortex_6_GATCGATCAGACGCTC,3.232159246839136
9254,0.6758135191504538,6__mutated,PertCortex_6_GATCGATGTCACTTCC,1.7044036003679657
9255,0.19820862083263818,6__mutated,PertCortex_6_GATCGATGTCCGCTGA,2.6941137758900697
9256,0.15514261661904113,6__mutated,PertCortex_6_GATCGATTCCTATTCA,3.3147043995606373
9257,0.08086920674539627,6__mutated,PertCortex_6_GATCGCGAGGCAGGTT,4.464371526615153
9258,0.11263064516016152,6__mutated,PertCortex_6_GATCGTAAGACTAGAT,3.4137192104628213
9259,0.5722268229898694,6__mutated,PertCortex_6_GATCGTAGTGTTCTTT,2.2007191894013896
9260,0.06251391362864353,6__mutated,PertCortex_6_GATCTAGAGACTGTAA,4.073708042823525
9261,0.3375124079200329,6__mutated,PertCortex_6_GATCTAGGTGCCTGTG,2.498038104590043
9262,0.5956917427164582,6__mutated,PertCortex_6_GATCTAGTCACAACGT,2.188565333234784
9263,0.17608809529487243,6__mutated,PertCortex_6_GATGAAAAGATGAGAG,3.8606406627174867
9264,0.2970399895293759,6__mutated,PertCortex_6_GATGAAAAGTCGCCGT,2.6508209159933394
9265,0.11057868130228111,6__mutated,PertCortex_6_GATGAAACACACAGAG,4.392670609660767
9266,0.1544588395274506,6__mutated,PertCortex_6_GATGAAATCTTAGAGC,3.6724950263088245
9267,0.21460074197604564,6__mutated,PertCortex_6_GATGCTAAGGGTTTCT,4.207061953234072
9268,0.07761243862345972,6__mutated,PertCortex_6_GATGCTACACTCAGGC,4.106162261257343
9269,0.050729992255034294,6__mutated,PertCortex_6_GATGCTAGTAGAAGGA,3.399817283894433
9270,0.19391644961717452,6__mutated,PertCortex_6_GATGCTAGTGCTCTTC,2.9962557031299055
9271,0.0766327480205582,6__mutated,PertCortex_6_GATTCAGCACAACGCC,3.517955960058011
9272,0.18753731611060673,6__mutated,PertCortex_6_GATTCAGGTGCTAGCC,3.1518003315409064
9273,0.28653336950968694,6__mutated,PertCortex_6_GATTCAGTCAGAGGTG,1.5002378340633105
9274,0.22900207440669199,6__mutated,PertCortex_6_GCAAACTTCTTAGCCC,3.7596608122586805
9275,0.0701626422006055,6__mutated,PertCortex_6_GCAATCAGTAGCTCCG,4.0922207655041545
9276,0.19103331898906986,6__mutated,PertCortex_6_GCAATCAGTGGACGAT,3.7417362220552044
9277,0.29499018920568376,6__mutated,PertCortex_6_GCACATACAGACAAAT,3.059414371314068
9278,0.09102074287398747,6__mutated,PertCortex_6_GCACATAGTATTCTCT,4.321083219871881
9279,0.49245298891479866,6__mutated,PertCortex_6_GCACATAGTGACTACT,1.5215982657232916
9280,0.6538045574014713,6__mutated,PertCortex_6_GCACATAGTGTAATGA,2.0236539905083655
9281,0.305663803188276,6__mutated,PertCortex_6_GCACTCTGTAGGCATG,1.9245526704778353
9282,0.155852566982473,6__mutated,PertCortex_6_GCACTCTTCATCGGAT,3.9312397717825185
9283,0.08030135002192328,6__mutated,PertCortex_6_GCAGCCACAGCCTGTG,3.9071033695388766
9284,0.5458759461706697,6__mutated,PertCortex_6_GCAGCCAGTTGCGTTA,1.7860585900993742
9285,0.1950309829569457,6__mutated,PertCortex_6_GCAGCCATCTGTGCAA,3.110498832933134
9286,0.22337247212888878,6__mutated,PertCortex_6_GCAGCCATCTGTTTGT,3.2517079829981514
9287,0.14742510239948556,6__mutated,PertCortex_6_GCAGTTACACAGGAGT,4.041489568486492
9288,0.07301346136411611,6__mutated,PertCortex_6_GCAGTTATCGCCAGCA,4.459378149008239
9289,0.13287086194928924,6__mutated,PertCortex_6_GCATACAGTGTGCCTG,4.529549157562167
9290,0.15749513622276837,6__mutated,PertCortex_6_GCATACATCCGCGGTA,4.11735063118837
9291,0.16958472690246287,6__mutated,PertCortex_6_GCATGATCAGGAATGC,4.709802304069433
9292,0.23475728032825527,6__mutated,PertCortex_6_GCATGATGTAGTGAAT,3.232558872456446
9293,0.03866627280034282,6__mutated,PertCortex_6_GCATGATGTTGTCGCG,4.082242866417956
9294,0.1420308731750584,6__mutated,PertCortex_6_GCATGATTCCAGAAGG,3.874580844752317
9295,0.6905092006810478,6__mutated,PertCortex_6_GCATGCGAGACACTAA,1.8103146130830454
9296,0.17591477990814341,6__mutated,PertCortex_6_GCATGCGAGTGGGCTA,4.450709104472709
9297,0.6376734318856958,6__mutated,PertCortex_6_GCATGCGGTAATTGGA,1.6819334857241606
9298,0.5553729373832392,6__mutated,PertCortex_6_GCATGTACACCATGTA,2.4048905281372637
9299,0.283159376702513,6__mutated,PertCortex_6_GCATGTACACCCAGTG,2.755202124332056
9300,0.19063049133959328,6__mutated,PertCortex_6_GCATGTATCCCATTTA,4.16613133677286
9301,0.227113510889715,6__mutated,PertCortex_6_GCATGTATCGTCACGG,4.176172004590425
9302,0.06358956612440334,6__mutated,PertCortex_6_GCCAAATGTCCGTCAG,3.850298506003989
9303,0.1055434148539637,6__mutated,PertCortex_6_GCCAAATGTGTGACCC,3.4371243523367396
9304,0.0639193344113425,6__mutated,PertCortex_6_GCCAAATTCAACGGCC,3.5905648218870394
9305,0.07612647238394024,6__mutated,PertCortex_6_GCCTCTAAGTCTTGCA,3.5208724940433287
9306,0.06405846580058623,6__mutated,PertCortex_6_GCCTCTACAATCCAAC,4.11639323711372
9307,0.20877416004917784,6__mutated,PertCortex_6_GCCTCTAGTTGGACCC,4.917441852737057
9308,0.16339930986760803,6__mutated,PertCortex_6_GCGACCAGTGTGGTTT,3.5943334401307903
9309,0.1308452101447293,6__mutated,PertCortex_6_GCGACCAGTTGTTTGG,4.965006353348261
9310,0.15500994831008288,6__mutated,PertCortex_6_GCGACCATCACCGTAA,3.7097053153610995
9311,0.22095940192015256,6__mutated,PertCortex_6_GCGACCATCTGGTTCC,3.9032737011307788
9312,0.1820500775122275,6__mutated,PertCortex_6_GCGAGAAGTGTCTGAT,3.2354637818127046
9313,0.13516797095200908,6__mutated,PertCortex_6_GCGCAACAGTTATCGC,4.524421536490506
9314,0.4937891328216143,6__mutated,PertCortex_6_GCGCAACCAATAAGCA,2.5948088307952384
9315,0.11021167441976139,6__mutated,PertCortex_6_GCGCAACCACCACGTG,3.368209690434999
9316,0.20469696647389268,6__mutated,PertCortex_6_GCGCAGTCATTCACTT,3.377878793009434
9317,0.1512639906095609,6__mutated,PertCortex_6_GCGCCAAAGCACCGCT,3.9407962926116324
9318,0.4604260255930642,6__mutated,PertCortex_6_GCGCCAAAGTACGCGA,1.7416721963460056
9319,0.6735663919705798,6__mutated,PertCortex_6_GCGCCAAAGTTTCCTT,1.5616008811387205
9320,0.5916981825252746,6__mutated,PertCortex_6_GCGCCAAGTCCAGTGC,1.7364492317063691
9321,0.12035464166426807,6__mutated,PertCortex_6_GCGCGATAGAAACGAG,4.762675969632634
9322,0.17491069751612812,6__mutated,PertCortex_6_GCGCGATGTACGACCC,2.262098878405006
9323,0.0476185194886544,6__mutated,PertCortex_6_GCTCCTAAGTTTCCTT,3.9971748512799357
9324,0.16489820116721643,6__mutated,PertCortex_6_GCTCCTATCGTTTGCC,4.928321045889093
9325,0.11061661627895024,6__mutated,PertCortex_6_GCTCTGTAGTACATGA,3.5178623209794257
9326,0.11330945366326546,6__mutated,PertCortex_6_GCTCTGTAGTGTTTGC,3.668038332975951
9327,0.08489125295341168,6__mutated,PertCortex_6_GCTGCAGAGAAGGTGA,4.009522937533293
9328,0.17233444368127449,6__mutated,PertCortex_6_GCTGCAGAGGCAAAGA,3.4728004402377173
9329,0.1550457219283341,6__mutated,PertCortex_6_GCTGCAGAGGCATTGG,3.9793026562157916
9330,0.1513139669485281,6__mutated,PertCortex_6_GCTGCAGCAATGGTCT,3.295661410754802
9331,0.34425938609673884,6__mutated,PertCortex_6_GCTGCAGTCTGTTGAG,1.9421811601493348
9332,0.4018722978200548,6__mutated,PertCortex_6_GCTGCGAGTGAGGGTT,3.4727363655846575
9333,0.17916930876286938,6__mutated,PertCortex_6_GCTGCGATCGAGGTAG,3.2215778476347654
9334,0.12330268480460722,6__mutated,PertCortex_6_GCTGCTTGTGCTGTAT,4.113903058537231
9335,0.5348479641430278,6__mutated,PertCortex_6_GCTGCTTTCTCCAGGG,1.5820708913580972
9336,0.20260129576522456,6__mutated,PertCortex_6_GCTGGGTCATGCAATC,3.5049182869700184
9337,0.07810332745943077,6__mutated,PertCortex_6_GCTGGGTGTTACGTCA,3.5919904580417588
9338,0.1861732642348594,6__mutated,PertCortex_6_GCTTCCATCATTTGGG,3.332712398729687
9339,0.347461081362551,6__mutated,PertCortex_6_GCTTCCATCCGATATG,3.8344969564568903
9340,0.11570569582478361,6__mutated,PertCortex_6_GCTTCCATCTCGAGTA,1.8263491367432165
9341,0.6028920121758241,6__mutated,PertCortex_6_GCTTGAAAGTAGGCCA,2.090077370933658
9342,0.5877631747593844,6__mutated,PertCortex_6_GCTTGAAGTCAAAGAT,2.082391976524037
9343,0.09414066378527951,6__mutated,PertCortex_6_GGAAAGCGTCACCCAG,4.075015269469914
9344,0.44966236617788374,6__mutated,PertCortex_6_GGAATAAAGGAATTAC,2.06889388706303
9345,0.2595970788172772,6__mutated,PertCortex_6_GGAATAAAGTTCCACA,3.0384461344719087
9346,0.14165884180000451,6__mutated,PertCortex_6_GGAATAAGTTATCACG,4.339304722606832
9347,0.1719234847523679,6__mutated,PertCortex_6_GGACAAGCATCTACGA,3.3291228887212183
9348,0.07761034680225079,6__mutated,PertCortex_6_GGACAAGGTACACCGC,4.745954538881749
9349,0.17672672884525212,6__mutated,PertCortex_6_GGACAGATCACGAAGG,3.4880943273013223
9350,0.22807244901197554,6__mutated,PertCortex_6_GGACATTCATCACGAT,3.8281350028917696
9351,0.06584341430150693,6__mutated,PertCortex_6_GGACATTTCTTCCTTC,4.117697302498913
9352,0.6331456523192406,6__mutated,PertCortex_6_GGACGTCGTCTTGTCC,1.8670738236481985
9353,0.14302305964054407,6__mutated,PertCortex_6_GGAGCAAAGAGCCTAG,4.8356951165958035
9354,0.18423342481247204,6__mutated,PertCortex_6_GGAGCAAAGTTTCCTT,2.3640328258995447
9355,0.44542179954142713,6__mutated,PertCortex_6_GGAGCAATCAGTTTGG,1.970333052333472
9356,0.13619511690429129,6__mutated,PertCortex_6_GGAGCAATCGGCATCG,4.324692590835599
9357,0.12440666829848443,6__mutated,PertCortex_6_GGATGTTAGCCCAACC,3.873644221456239
9358,0.1419596263507439,6__mutated,PertCortex_6_GGATGTTGTACTCAAC,4.588856046887752
9359,0.0480785148521924,6__mutated,PertCortex_6_GGATTACAGGAATTAC,3.873012109580585
9360,0.14440951513211225,6__mutated,PertCortex_6_GGATTACTCATTGCGA,3.6642460059086353
9361,0.2431550307302949,6__mutated,PertCortex_6_GGCCGATAGCCCGAAA,3.559237634252921
9362,0.583595920097407,6__mutated,PertCortex_6_GGCCGATTCTGCTGCT,2.250526092714267
9363,0.16025912273420054,6__mutated,PertCortex_6_GGCCGATTCTGGGCCA,3.109699997006316
9364,0.04817066603700517,6__mutated,PertCortex_6_GGCGACTCATGTCTCC,3.8833172241499705
9365,0.13281103209894007,6__mutated,PertCortex_6_GGCGACTGTCTAAACC,2.58766204329091
9366,0.6072361145164498,6__mutated,PertCortex_6_GGCGTGTGTGTAACGG,2.055920643515852
9367,0.10401118797086285,6__mutated,PertCortex_6_GGCTGGTGTAGCCTCG,3.8262688606339403
9368,0.5109831478157999,6__mutated,PertCortex_6_GGGAATGAGTTCGATC,2.548397240836523
9369,0.1134255867155381,6__mutated,PertCortex_6_GGGAATGGTAATCGTC,3.75361212701196
9370,0.29318255791352216,6__mutated,PertCortex_6_GGGACCTAGGTACTCT,3.055256411078674
9371,0.5633557872671384,6__mutated,PertCortex_6_GGGACCTCAACACCCG,2.111692671639187
9372,0.07934465374527937,6__mutated,PertCortex_6_GGGACCTGTAATAGCA,4.040766247234936
9373,0.08260906913110638,6__mutated,PertCortex_6_GGGACCTTCAATAAGG,3.739655792974471
9374,0.06150492325720704,6__mutated,PertCortex_6_GGGATGACAAGCTGAG,4.044092213991184
9375,0.06319879664246988,6__mutated,PertCortex_6_GGGATGATCTGTACGA,3.9888525385398514
9376,0.07530568883351897,6__mutated,PertCortex_6_GGGCACTAGATCCCGC,3.473602594559288
9377,0.6861496441229712,6__mutated,PertCortex_6_GGGCACTAGTCGTTTG,1.829140700685397
9378,0.2433444720125043,6__mutated,PertCortex_6_GGGCACTCATAGAAAC,2.7434482370629536
9379,0.15566828530504787,6__mutated,PertCortex_6_GGGCACTTCCGTTGCT,5.183617687819996
9380,0.071149217518937,6__mutated,PertCortex_6_GGGCATCAGTTACCCA,4.044042991410226
9381,0.059892240913961635,6__mutated,PertCortex_6_GGGCATCTCGCGATCG,3.5830732092222624
9382,0.26315490894839744,6__mutated,PertCortex_6_GGGCATCTCGGCGGTT,2.499198855110255
9383,0.13373045761350155,6__mutated,PertCortex_6_GGGTCTGAGGAATGGA,3.161583005836587
9384,0.14566003047969653,6__mutated,PertCortex_6_GGGTCTGGTCGGCTCA,4.008126836593672
9385,0.19932151507737483,6__mutated,PertCortex_6_GGGTTGCAGATCACGG,3.86592643417016
9386,0.111363458807516,6__mutated,PertCortex_6_GGGTTGCGTTCACCTC,3.5521061437058687
9387,0.1094004921704192,6__mutated,PertCortex_6_GGTATTGAGCCACGTC,3.6454359599256185
9388,0.2747904804860372,6__mutated,PertCortex_6_GGTGCGTAGCGTTTAC,2.990236399951983
9389,0.5591400537166614,6__mutated,PertCortex_6_GGTGCGTGTTCCAACA,2.18679388255691
9390,0.30144377896521524,6__mutated,PertCortex_6_GGTGTTACATCGATGT,3.15194209623419
9391,0.07566926788879831,6__mutated,PertCortex_6_GGTGTTATCATTATCC,4.091391505341985
9392,0.5869202615978201,6__mutated,PertCortex_6_GGTGTTATCGCCAAAT,2.1826092332242673
9393,0.17664538819750158,6__mutated,PertCortex_6_GTAACGTAGACAGACC,3.2810193129607517
9394,0.11239638763469145,6__mutated,PertCortex_6_GTAACGTAGCTCCTTC,3.907333263275429
9395,0.39563634003223125,6__mutated,PertCortex_6_GTAACGTCACCCTATC,2.5998026924639754
9396,0.19952978910396954,6__mutated,PertCortex_6_GTAACGTGTAACGCGA,2.8449199377400647
9397,0.21038123405131598,6__mutated,PertCortex_6_GTAACGTTCGTACGGC,3.394274147493523
9398,0.318336593430732,6__mutated,PertCortex_6_GTAACTGCAGAGTGTG,2.94526373061921
9399,0.20778705956745622,6__mutated,PertCortex_6_GTAACTGCATTTGCCC,4.176164572953585
9400,0.13424672604660504,6__mutated,PertCortex_6_GTAACTGGTGTGCCTG,4.36112357341499
9401,0.03510810435909353,6__mutated,PertCortex_6_GTAACTGGTTCTGTTT,4.044709465502515
9402,0.014396542778022652,6__mutated,PertCortex_6_GTACGTAAGTGTCCAT,4.1050226265960115
9403,0.5118149005568906,6__mutated,PertCortex_6_GTACGTATCGGTGTCG,2.528125935958708
9404,0.14742370546196257,6__mutated,PertCortex_6_GTACTCCAGTAGGTGC,3.4220383471077467
9405,0.6142159329508422,6__mutated,PertCortex_6_GTACTCCCAATAGAGT,1.9725843189511791
9406,0.11036076256035832,6__mutated,PertCortex_6_GTACTCCGTACTTGAC,4.059165872128337
9407,0.037297847813992535,6__mutated,PertCortex_6_GTACTCCTCTCGAGTA,3.0441639281520376
9408,0.0995466197419644,6__mutated,PertCortex_6_GTACTTTAGCAAATCA,3.995436651351172
9409,0.15342356319650322,6__mutated,PertCortex_6_GTACTTTCATATACGC,2.6952624053245846
9410,0.1446310800998913,6__mutated,PertCortex_6_GTAGGCCAGCGATAGC,3.2069372059764283
9411,0.15479044737960437,6__mutated,PertCortex_6_GTAGGCCAGGACTGGT,3.673421957121329
9412,0.15626469299800247,6__mutated,PertCortex_6_GTAGGCCAGGGCTTCC,4.87309198862288
9413,0.14681366339386767,6__mutated,PertCortex_6_GTAGGCCCAAATTGCC,3.847818282993644
9414,0.2913230957345663,6__mutated,PertCortex_6_GTAGGCCTCCCGGATG,3.0303471606252605
9415,0.18982482155494565,6__mutated,PertCortex_6_GTAGTCAAGCTTCGCG,4.761497334040177
9416,0.431995725213576,6__mutated,PertCortex_6_GTATCTTAGTGTCTCA,3.3668871881457125
9417,0.14684643651860363,6__mutated,PertCortex_6_GTATCTTGTCATGCAT,4.029611174416973
9418,0.3546433306086351,6__mutated,PertCortex_6_GTATCTTGTCTCCATC,2.2123736957934397
9419,0.5955306165981785,6__mutated,PertCortex_6_GTATTCTGTCCCTACT,2.2834320953665066
9420,0.20863862859525364,6__mutated,PertCortex_6_GTATTCTGTCTTCGTC,3.267759844842343
9421,0.11678922451686738,6__mutated,PertCortex_6_GTCACAACAAAGGTGC,4.233222893361162
9422,0.6138495072311423,6__mutated,PertCortex_6_GTCACAACAGATGAGC,2.0249847014313977
9423,0.24674760702967394,6__mutated,PertCortex_6_GTCACAACATGCATGT,2.865591932713972
9424,0.039632989934865685,6__mutated,PertCortex_6_GTCACAAGTCGGCTCA,4.48033601191825
9425,0.1461992168309744,6__mutated,PertCortex_6_GTCACAATCACAGGCC,2.8777297115768654
9426,0.139321587189011,6__mutated,PertCortex_6_GTCACGGAGCTCCTCT,3.1932681451192915
9427,0.06775725553191504,6__mutated,PertCortex_6_GTCACGGCAAGGACTG,3.8573888722794316
9428,0.07030116448992776,6__mutated,PertCortex_6_GTCACGGGTCCTGCTT,3.7443083953764433
9429,0.1656904289515925,6__mutated,PertCortex_6_GTCACGGGTTAGAACA,2.543594106114433
9430,0.19276852538468406,6__mutated,PertCortex_6_GTCATTTCATGGTAGG,3.5886951393490776
9431,0.08487959747348194,6__mutated,PertCortex_6_GTCCTCAAGGCCCTTG,3.936195790014209
9432,0.16063478799643713,6__mutated,PertCortex_6_GTCCTCATCTCCGGTT,2.7160796385634747
9433,0.05390466367672917,6__mutated,PertCortex_6_GTCGGGTAGCTGGAAC,3.247688683440271
9434,0.08870811792784628,6__mutated,PertCortex_6_GTCGGGTAGTGGACGT,3.6777149505087676
9435,0.7156475677709738,6__mutated,PertCortex_6_GTCGGGTCAATTCCTT,1.4444083340855047
9436,0.0941718694866859,6__mutated,PertCortex_6_GTCGGGTCAGATCGGA,3.97134152408678
9437,0.484123752883644,6__mutated,PertCortex_6_GTCGGGTTCAAACCGT,1.7845858998780793
9438,0.04431236581546318,6__mutated,PertCortex_6_GTCGTAAGTAAGAGAG,4.225667191806202
9439,0.5239552763513914,6__mutated,PertCortex_6_GTCGTAATCATGTGGT,2.6898411778237543
9440,0.3263921771576946,6__mutated,PertCortex_6_GTCTCGTGTCCGTCAG,1.7955454883988407
9441,0.15972794613033953,6__mutated,PertCortex_6_GTGAAGGAGATGCCTT,4.011274800517964
9442,0.1575170093075595,6__mutated,PertCortex_6_GTGCAGCGTGACCAAG,2.939047231965272
9443,0.09915111028314347,6__mutated,PertCortex_6_GTGCAGCGTTAAGACA,3.488302322355244
9444,0.27205813570235243,6__mutated,PertCortex_6_GTGCAGCGTTCCATGA,2.856162167436567
9445,0.6058041122474105,6__mutated,PertCortex_6_GTGCATAGTTCGCTAA,2.127074333055023
9446,0.14668540061793447,6__mutated,PertCortex_6_GTGCATATCAGCACAT,3.9053138066483353
9447,0.10664844365200876,6__mutated,PertCortex_6_GTGCGGTAGGCCATAG,4.653942262922104
9448,0.1838941019079594,6__mutated,PertCortex_6_GTGCGGTCAAGCGATG,3.547104945486239
9449,0.04917415650458193,6__mutated,PertCortex_6_GTGCGGTGTAGAAAGG,3.8447628630064035
9450,0.21525298057019435,6__mutated,PertCortex_6_GTGCGGTTCTATCGCC,3.2797181133650395
9451,0.1461773490249868,6__mutated,PertCortex_6_GTGCTTCCACCGCTAG,4.15472116732922
9452,0.2868491165235079,6__mutated,PertCortex_6_GTGGGTCCAAGCCCAC,3.70335698700731
9453,0.36988139223806055,6__mutated,PertCortex_6_GTGGGTCCATTATCTC,1.9213948432865902
9454,0.19542334705353023,6__mutated,PertCortex_6_GTGTGCGCATTTGCCC,4.3235246339863505
9455,0.21828680233490216,6__mutated,PertCortex_6_GTGTGCGTCTACGAGT,3.542859115321129
9456,0.18192310212508686,6__mutated,PertCortex_6_GTGTGCGTCTATCGCC,3.4191891500936538
9457,0.14100669396198107,6__mutated,PertCortex_6_GTGTGCGTCTTGTTTG,2.5192244901441883
9458,0.13385503244889102,6__mutated,PertCortex_6_GTGTTAGCAACCGCCA,3.953589706340472
9459,0.2602352122518995,6__mutated,PertCortex_6_GTGTTAGCAGCTGTTA,2.160791771034412
9460,0.16678093595252105,6__mutated,PertCortex_6_GTGTTAGCATGAAGTA,3.65164097691265
9461,0.5080153330474355,6__mutated,PertCortex_6_GTGTTAGGTGATAAGT,2.258156006831011
9462,0.18286392752204364,6__mutated,PertCortex_6_GTGTTAGTCACATAGC,3.7623655246694243
9463,0.15033743799994367,6__mutated,PertCortex_6_GTTAAGCAGTTTCCTT,4.581966036868036
9464,0.15809874051302597,6__mutated,PertCortex_6_GTTACAGAGGACCACA,4.569455594154575
9465,0.1636549301445601,6__mutated,PertCortex_6_GTTACAGAGTACATGA,3.7038864116625585
9466,0.061766925336046226,6__mutated,PertCortex_6_GTTACAGCAAGACGTG,3.1707958818208914
9467,0.18322550633594184,6__mutated,PertCortex_6_GTTACAGGTTACAGAA,3.2794141633115452
9468,0.5455224194437229,6__mutated,PertCortex_6_GTTCATTCAGTCGATT,1.7822383108887516
9469,0.08463750901336836,6__mutated,PertCortex_6_GTTCATTTCGTCCGTT,4.088963503155875
9470,0.16836930024609406,6__mutated,PertCortex_6_GTTCGGGCATCCTTGC,4.119601620860368
9471,0.052089403183685275,6__mutated,PertCortex_6_GTTCGGGCATGGTCAT,4.517966224531738
9472,0.1630620398003287,6__mutated,PertCortex_6_GTTCTCGTCTAACCGA,4.0678894137663955
9473,0.13845739059650683,6__mutated,PertCortex_6_GTTTCTAAGCCAGGAT,3.68806692088873
9474,0.48622705437470654,6__mutated,PertCortex_6_GTTTCTAGTTCGGGCT,2.020942019750033
9475,0.23896161029280313,6__mutated,PertCortex_6_GTTTCTATCCTGTAGA,3.4918082425079264
9476,0.14537712734409491,6__mutated,PertCortex_6_TAAACCGAGCCTCGTG,3.472958436083222
9477,0.44805988572566174,6__mutated,PertCortex_6_TAAACCGCAGGTCCAC,2.188553583388837
9478,0.49397165323102954,6__mutated,PertCortex_6_TAAACCGTCATCGGAT,1.8999277008199933
9479,0.14687288937696863,6__mutated,PertCortex_6_TAAGAGAAGCTAACTC,3.2373375830945434
9480,0.3043400521464321,6__mutated,PertCortex_6_TAAGAGAAGGCCCGTT,2.040624857083647
9481,0.14263383338354424,6__mutated,PertCortex_6_TAAGAGAGTCTCGTTC,2.7208691989608385
9482,0.4434099127709605,6__mutated,PertCortex_6_TAAGAGAGTTGCTCCT,2.22911718893285
9483,0.20953860358441587,6__mutated,PertCortex_6_TAAGAGATCAAAGTAG,3.4602017682309683
9484,0.12751789834285757,6__mutated,PertCortex_6_TAAGCGTCAGCTATTG,3.9754592793213646
9485,0.11110603623287961,6__mutated,PertCortex_6_TAAGCGTTCCCTTGTG,3.792650471204418
9486,0.18166670358284712,6__mutated,PertCortex_6_TAAGCGTTCGGTCTAA,3.0943085179018737
9487,0.656406147679587,6__mutated,PertCortex_6_TAAGTGCAGACGACGT,1.9149230095638985
9488,0.2096783731055867,6__mutated,PertCortex_6_TAAGTGCAGACTACAA,5.07607900037517
9489,0.19021502177430377,6__mutated,PertCortex_6_TAAGTGCCAGACGTAG,3.8696820137947667
9490,0.270979704081894,6__mutated,PertCortex_6_TAAGTGCTCGGATGGA,4.0857409826533715
9491,0.13800443815420924,6__mutated,PertCortex_6_TACACGAGTAATCACC,3.3252444735559403
9492,0.0779157747842736,6__mutated,PertCortex_6_TACACGATCGGATGTT,3.280777459928485
9493,0.11079606629715606,6__mutated,PertCortex_6_TACAGTGTCACCACCT,4.718603947927893
9494,0.14071490526043934,6__mutated,PertCortex_6_TACCTATGTCTGGAGA,2.6258179576482528
9495,0.09916799711079054,6__mutated,PertCortex_6_TACCTATTCGCATGGC,2.5844067250633547
9496,0.19398252358825696,6__mutated,PertCortex_6_TACCTTAAGCCCAATT,3.576852885413014
9497,0.23125433546638893,6__mutated,PertCortex_6_TACCTTAGTACCGTAT,4.483971218059514
9498,0.11362273938577566,6__mutated,PertCortex_6_TACCTTATCTGTCTCG,3.8104988982635586
9499,0.21688079541809402,6__mutated,PertCortex_6_TACGGATAGACCTTTG,2.572302177190789
9500,0.1137248102795438,6__mutated,PertCortex_6_TACGGATCACAAGACG,3.5256915432126563
9501,0.13925492158415384,6__mutated,PertCortex_6_TACGGATGTGACGCCT,3.886440822884527
9502,0.2581996995553558,6__mutated,PertCortex_6_TACGGATTCTGACCTC,3.96313978336806
9503,0.6048385536433696,6__mutated,PertCortex_6_TACGGGCAGTGTACTC,2.061327631828225
9504,0.37723980622507336,6__mutated,PertCortex_6_TACGGGCCAACTGCTA,1.9586435560353093
9505,0.10859122435826371,6__mutated,PertCortex_6_TACGGTAAGGTAGCTG,4.654322801230611
9506,0.2711502034302057,6__mutated,PertCortex_6_TACGGTACAGCAGTTT,2.5144674154127604
9507,0.13794109863576126,6__mutated,PertCortex_6_TACTCATGTAAATGTG,4.322341872765782
9508,0.18517050881463662,6__mutated,PertCortex_6_TACTCATGTAGCGTAG,3.5880635793583506
9509,0.14926331508005242,6__mutated,PertCortex_6_TACTCATTCCAGGGCT,3.472817969512088
9510,0.5926325541832557,6__mutated,PertCortex_6_TACTCATTCCCTCTTT,2.2475711668187244
9511,0.21053053457969756,6__mutated,PertCortex_6_TACTCGCAGTCATCCA,4.393341562595894
9512,0.07824341473495572,6__mutated,PertCortex_6_TACTCGCCACTTGGAT,3.779932049332331
9513,0.06422227562948012,6__mutated,PertCortex_6_TACTCGCTCTGTGCAA,4.048501043931019
9514,0.10315708583101621,6__mutated,PertCortex_6_TACTTACAGAGCAATT,4.146835688512695
9515,0.030680212171788273,6__mutated,PertCortex_6_TACTTACAGGTAAACT,3.9481763665573704
9516,0.1013696420195809,6__mutated,PertCortex_6_TACTTACCACCTCGGA,4.168687463902464
9517,0.22293754341153027,6__mutated,PertCortex_6_TACTTACCAGGGTTAG,2.9880341221991324
9518,0.16092347120427325,6__mutated,PertCortex_6_TACTTACGTACTTGAC,3.9618995763534075
9519,0.1974452480690468,6__mutated,PertCortex_6_TACTTACGTCTCCATC,3.3362836181587636
9520,0.2503167631968387,6__mutated,PertCortex_6_TACTTACGTCTCGTTC,2.9851218861856794
9521,0.2622158622873229,6__mutated,PertCortex_6_TACTTACGTTCCACTC,2.357923106024721
9522,0.1632786568881919,6__mutated,PertCortex_6_TACTTGTAGGCTCAGA,4.29655831825796
9523,0.24780634127374154,6__mutated,PertCortex_6_TACTTGTCACTATCTT,3.3110127148085247
9524,0.5801107598795999,6__mutated,PertCortex_6_TACTTGTCATTACCTT,1.4156965107826118
9525,0.16940516935052385,6__mutated,PertCortex_6_TAGACCAAGCTAACTC,3.390280926375385
9526,0.26714554088414094,6__mutated,PertCortex_6_TAGACCACAATTGCTG,2.9691894004537795
9527,0.13086592155873908,6__mutated,PertCortex_6_TAGACCAGTGTATGGG,4.288548327981452
9528,0.0706708942823038,6__mutated,PertCortex_6_TAGACCATCAGTCAGT,4.475657997160659
9529,0.6256251218024972,6__mutated,PertCortex_6_TAGACCATCTTGTATC,1.712713318375991
9530,0.4552819745082855,6__mutated,PertCortex_6_TAGAGCTAGTGAAGTT,2.5283628150839452
9531,0.45504170257613474,6__mutated,PertCortex_6_TAGAGCTAGTGTTGAA,1.9332078808416364
9532,0.15547114912033927,6__mutated,PertCortex_6_TAGAGCTGTCACTTCC,4.483813409749508
9533,0.3525455451222796,6__mutated,PertCortex_6_TAGAGCTGTCAGTGGA,3.0924180905945002
9534,0.25286902692365393,6__mutated,PertCortex_6_TAGAGCTTCGTCTGAA,2.9784666646572933
9535,0.1238031002810356,6__mutated,PertCortex_6_TAGCCGGAGACAGGCT,5.066293283479605
9536,0.20587092224783962,6__mutated,PertCortex_6_TAGCCGGAGTAAGTAC,3.565195715771977
9537,0.18944322456502097,6__mutated,PertCortex_6_TAGCCGGCAGTAAGCG,2.6056839432157095
9538,0.485338305331666,6__mutated,PertCortex_6_TAGCCGGGTTCCAACA,1.772785593648096
9539,0.09646480827200811,6__mutated,PertCortex_6_TAGCCGGTCAAGATCC,2.111026276725161
9540,0.2045552057198576,6__mutated,PertCortex_6_TAGCCGGTCTGCTGCT,2.983756611784167
9541,0.1664414439656858,6__mutated,PertCortex_6_TAGGCATCACCAGCAC,4.3752190069716566
9542,0.11333386316127514,6__mutated,PertCortex_6_TAGGCATCAGGGTTAG,3.9843148248169435
9543,0.17054204256350686,6__mutated,PertCortex_6_TAGTGGTCACCTCGGA,3.3960128380839225
9544,0.05916870030706835,6__mutated,PertCortex_6_TAGTTGGCATGCCTTC,3.215152113428383
9545,0.08598415551606592,6__mutated,PertCortex_6_TAGTTGGTCAAACCAC,3.7446745338332956
9546,0.5594091162126837,6__mutated,PertCortex_6_TATCAGGAGGCAGGTT,2.173599560145791
9547,0.06304622320159815,6__mutated,PertCortex_6_TATCTCATCAACACAC,3.6677643374088085
9548,0.08661941464914556,6__mutated,PertCortex_6_TATGCCCCAGGGTATG,4.276974198873
9549,0.2975762091209076,6__mutated,PertCortex_6_TATGCCCCATTGGCGC,2.150621500550583
9550,0.10156485084826058,6__mutated,PertCortex_6_TATGCCCTCTGCGTAA,3.2579370164193815
9551,0.07784507226131836,6__mutated,PertCortex_6_TATTACCAGCCATCGC,4.410437361161204
9552,0.09959157847921693,6__mutated,PertCortex_6_TATTACCCACTTAACG,4.381461300722422
9553,0.06184622991160052,6__mutated,PertCortex_6_TATTACCCACTTACGA,4.035215636082091
9554,0.19759861245510724,6__mutated,PertCortex_6_TATTACCCATACGCCG,3.461001447877075
9555,0.08789359834267112,6__mutated,PertCortex_6_TATTACCGTTGGTGGA,3.611932601798988
9556,0.09648399247430897,6__mutated,PertCortex_6_TATTACCTCCGAAGAG,3.1211432487784925
9557,0.16436829892371843,6__mutated,PertCortex_6_TCAACGAAGGTTCCTA,3.3110779893033855
9558,0.2772848093911934,6__mutated,PertCortex_6_TCAACGACATGGTCTA,2.417088283668907
9559,0.16278252759056908,6__mutated,PertCortex_6_TCAACGAGTCGTGGCT,3.489484788365154
9560,0.0815506624345777,6__mutated,PertCortex_6_TCAACGATCCGAACGC,3.7690655206219335
9561,0.09950605048048865,6__mutated,PertCortex_6_TCAACGATCGAGAGCA,2.81207801785563
9562,0.22464395825238878,6__mutated,PertCortex_6_TCAACGATCGTACCGG,3.567709765465726
9563,0.08886797614810468,6__mutated,PertCortex_6_TCAATCTCAGATTGCT,3.689264795365144
9564,0.6225165975405328,6__mutated,PertCortex_6_TCACAAGAGGAGTCTG,1.7751877604895203
9565,0.5174453870866836,6__mutated,PertCortex_6_TCACAAGTCTTTACAC,2.257316450671475
9566,0.15794848767701047,6__mutated,PertCortex_6_TCACGAAAGATATGGT,3.5682836740779673
9567,0.08031827714494594,6__mutated,PertCortex_6_TCACGAACACAACGTT,4.174977293475049
9568,0.7044132817308414,6__mutated,PertCortex_6_TCAGATGAGTGTACCT,1.561087398622994
9569,0.11997540697577541,6__mutated,PertCortex_6_TCAGATGGTCCCGACA,4.383133649097912
9570,0.1722084876998647,6__mutated,PertCortex_6_TCAGATGGTCTAGCCG,2.7715687243026346
9571,0.09231148783777014,6__mutated,PertCortex_6_TCAGCAATCACGATGT,3.7100795326655174
9572,0.08738599869861936,6__mutated,PertCortex_6_TCAGCAATCGCACTCT,4.306801963923847
9573,0.0791629156980772,6__mutated,PertCortex_6_TCAGCTCCAATCGGTT,4.046942779819987
9574,0.11249210844143301,6__mutated,PertCortex_6_TCAGCTCGTAGCGCAA,3.847007782890732
9575,0.1109837872575773,6__mutated,PertCortex_6_TCAGCTCGTGCAGTAG,3.880818870337754
9576,0.13942474883863892,6__mutated,PertCortex_6_TCAGCTCGTTCAACCA,3.84747985771992
9577,0.23840569811746282,6__mutated,PertCortex_6_TCAGCTCTCATTTGGG,3.007298047247449
9578,0.10104557173709151,6__mutated,PertCortex_6_TCAGGATCACAAGCCC,2.5896843020096574
9579,0.17646712317913096,6__mutated,PertCortex_6_TCAGGATTCAACGGCC,4.034756813519446
9580,0.23247544807491,6__mutated,PertCortex_6_TCAGGTAAGGTCGGAT,3.188869612654346
9581,0.07079968309636941,6__mutated,PertCortex_6_TCAGGTACAAAGAATC,4.183149180799205
9582,0.04851762185443419,6__mutated,PertCortex_6_TCATTACAGAACTGTA,3.4798841147188084
9583,0.6179527535274385,6__mutated,PertCortex_6_TCATTACCATATGAGA,2.0777522423420187
9584,0.09559480584561039,6__mutated,PertCortex_6_TCATTTGCACACTGCG,3.9447328820743754
9585,0.3022942018008421,6__mutated,PertCortex_6_TCATTTGCAGGGTATG,2.666460027582697
9586,0.12656649572375517,6__mutated,PertCortex_6_TCCACACAGCACGCCT,4.203988665837121
9587,0.13289427722166974,6__mutated,PertCortex_6_TCCACACGTTATGCGT,4.732055885647429
9588,0.052380732981600286,6__mutated,PertCortex_6_TCCCGATCAGGAATGC,4.233561280192338
9589,0.09168040966252214,6__mutated,PertCortex_6_TCCCGATGTCTAACGT,3.775891977015472
9590,0.587340322889154,6__mutated,PertCortex_6_TCCCGATTCAACCAAC,1.5879601565498624
9591,0.09809011458169578,6__mutated,PertCortex_6_TCCCGATTCAACCATG,4.140207110023412
9592,0.2859090150613075,6__mutated,PertCortex_6_TCCCGATTCATCATTC,2.6805371799198565
9593,0.037914793546617,6__mutated,PertCortex_6_TCGAGGCCAGGGATTG,3.6171971273990047
9594,0.09922545569636454,6__mutated,PertCortex_6_TCGAGGCGTCCGAAGA,4.334267610755028
9595,0.12093016363269087,6__mutated,PertCortex_6_TCGCGAGAGGAATGGA,2.982383614024113
9596,0.1709476164010424,6__mutated,PertCortex_6_TCGCGAGGTAAACACA,4.373508392964913
9597,0.2181472911561691,6__mutated,PertCortex_6_TCGCGAGGTACTCTCC,3.4855454261232084
9598,0.10249714482465364,6__mutated,PertCortex_6_TCGCGTTTCAGTTCGA,4.092990621404678
9599,0.3923363102452512,6__mutated,PertCortex_6_TCGGGACCATTGAGCT,2.2797625119093627
9600,0.28928474741480115,6__mutated,PertCortex_6_TCGGTAAAGCAATCTC,2.745882717189344
9601,0.11761373793887699,6__mutated,PertCortex_6_TCGGTAACACCCAGTG,4.336590025469057
9602,0.4342448117000972,6__mutated,PertCortex_6_TCGGTAACAGACGCCT,2.2060381437655043
9603,0.42696371934908023,6__mutated,PertCortex_6_TCGGTAACATACTCTT,2.2151852334815185
9604,0.13356782119538552,6__mutated,PertCortex_6_TCGTACCCACAAGCCC,4.015692787997376
9605,0.3164087180159379,6__mutated,PertCortex_6_TCGTAGACATAGGATA,3.354145211612354
9606,0.6348344797421397,6__mutated,PertCortex_6_TCGTAGACATATGGTC,1.812398526333472
9607,0.04913231404463108,6__mutated,PertCortex_6_TCGTAGACATCGACGC,4.3056030712658435
9608,0.24462573799878942,6__mutated,PertCortex_6_TCGTAGAGTCAATACC,3.6086447068690135
9609,0.2461176413023448,6__mutated,PertCortex_6_TCGTAGATCAGCTTAG,3.130407438180139
9610,0.4734866996073388,6__mutated,PertCortex_6_TCTATTGCACAACGTT,1.2582606597910804
9611,0.06338961119848392,6__mutated,PertCortex_6_TCTATTGCATTGGGCC,4.0678833630070566
9612,0.24573903188848575,6__mutated,PertCortex_6_TCTATTGGTAAGGGAA,3.4069647872589566
9613,0.2267757175304358,6__mutated,PertCortex_6_TCTATTGTCTACTATC,3.181723695411868
9614,0.11483232307842704,6__mutated,PertCortex_6_TCTATTGTCTGTCTAT,4.368788258280376
9615,0.1715907829332875,6__mutated,PertCortex_6_TCTCATAAGAAAGTGG,3.765292497709424
9616,0.08796489136829637,6__mutated,PertCortex_6_TCTCATACACACGCTG,4.0790792858961105
9617,0.20623841549284097,6__mutated,PertCortex_6_TCTCATAGTTGTACAC,3.6903864000831743
9618,0.13961368696418794,6__mutated,PertCortex_6_TCTGAGACATTATCTC,4.341207325251084
9619,0.19301282142648304,6__mutated,PertCortex_6_TCTGAGAGTTAAGAAC,3.6303896582217834
9620,0.06983982557036146,6__mutated,PertCortex_6_TCTGAGAGTTGTTTGG,4.330430907372324
9621,0.11153703766179188,6__mutated,PertCortex_6_TCTGGAAAGTGCGTGA,4.698407968497675
9622,0.21005379005755095,6__mutated,PertCortex_6_TCTTCGGAGCAAATCA,3.34632137034827
9623,0.1801051431945727,6__mutated,PertCortex_6_TCTTCGGTCTCATTCA,2.833647171238417
9624,0.18333710486936833,6__mutated,PertCortex_6_TCTTTCCGTCTCGTTC,3.1005502513630683
9625,0.24351732115003333,6__mutated,PertCortex_6_TGAAAGAAGGGTGTGT,3.1196565395683056
9626,0.43863630040932144,6__mutated,PertCortex_6_TGAAAGAGTAAGTGTA,2.1699675478849567
9627,0.22307915018975605,6__mutated,PertCortex_6_TGAAAGAGTATTCTCT,3.139097619461976
9628,0.11627639308272195,6__mutated,PertCortex_6_TGACGGCAGGAGTCTG,3.8535638592068144
9629,0.24501821851125788,6__mutated,PertCortex_6_TGACGGCCACAAGACG,3.339559205869678
9630,0.05052309108728283,6__mutated,PertCortex_6_TGACGGCGTAGAAAGG,2.1186480457230736
9631,0.2174891521875836,6__mutated,PertCortex_6_TGACGGCGTGTGACCC,3.2863717071874152
9632,0.1412292391197621,6__mutated,PertCortex_6_TGACTAGGTCTGGAGA,3.291527846423928
9633,0.5525463600619944,6__mutated,PertCortex_6_TGACTAGTCCGCATCT,1.708845844537992
9634,0.09164860755279253,6__mutated,PertCortex_6_TGACTTTAGAATTCCC,3.9020311554470513
9635,0.14810671817797685,6__mutated,PertCortex_6_TGACTTTAGGGTTCCC,3.536151490254534
9636,0.19183807078804124,6__mutated,PertCortex_6_TGACTTTGTATAGTAG,3.5817984981378244
9637,0.5109556260240828,6__mutated,PertCortex_6_TGACTTTGTCAAAGAT,1.8718365385861429
9638,0.11534604172415763,6__mutated,PertCortex_6_TGAGAGGTCCAGTATG,3.8682071618038996
9639,0.24274389391302034,6__mutated,PertCortex_6_TGAGCATGTCTCAACA,3.31729824994689
9640,0.2109489515894017,6__mutated,PertCortex_6_TGAGCCGAGGAGTACC,3.5802296031465692
9641,0.035212303651457465,6__mutated,PertCortex_6_TGAGCCGCAGTGAGTG,3.60166993121604
9642,0.14955998469311538,6__mutated,PertCortex_6_TGAGCCGGTAACGACG,4.318795251301805
9643,0.03725364626719347,6__mutated,PertCortex_6_TGATTTCAGAGGTTGC,4.387926886682096
9644,0.08824221938038201,6__mutated,PertCortex_6_TGATTTCAGGCACATG,3.6205788632580305
9645,0.04499139491211579,6__mutated,PertCortex_6_TGATTTCAGTTCGCAT,3.9948608939296184
9646,0.07321359215928697,6__mutated,PertCortex_6_TGATTTCGTTCACGGC,4.898192309036969
9647,0.06194062118477596,6__mutated,PertCortex_6_TGATTTCTCATAACCG,3.6745127532589077
9648,0.15201582742815511,6__mutated,PertCortex_6_TGCACCTAGCTGAACG,4.369300655794
9649,0.12377370193418816,6__mutated,PertCortex_6_TGCACCTCAGCATACT,4.2673792457128705
9650,0.11812876515229527,6__mutated,PertCortex_6_TGCACCTGTCGCATAT,4.192729722087188
9651,0.11420215455780769,6__mutated,PertCortex_6_TGCACCTTCGGCTTGG,4.145315482495525
9652,0.48595267585103996,6__mutated,PertCortex_6_TGCCAAAAGTTACGGG,3.250201200815925
9653,0.08829991702213218,6__mutated,PertCortex_6_TGCCAAACAGTAACGG,4.080602559956055
9654,0.5343958892684896,6__mutated,PertCortex_6_TGCCAAAGTATGCTTG,2.340232997429405
9655,0.1684937807470124,6__mutated,PertCortex_6_TGCCCATCAAGGTGTG,3.3453567858349986
9656,0.17373642038504583,6__mutated,PertCortex_6_TGCCCATCACACCGCA,4.184300082379219
9657,0.08342532436159315,6__mutated,PertCortex_6_TGCCCATGTTGAGGTG,4.397581233190312
9658,0.21166656104336534,6__mutated,PertCortex_6_TGCCCATTCGACAGCC,3.1691184632028544
9659,0.38404336230512937,6__mutated,PertCortex_6_TGCCCATTCGTCGTTC,1.859767327049897
9660,0.049126845011254146,6__mutated,PertCortex_6_TGCCCTACATGTAGTC,4.495512298316529
9661,0.6104557929326153,6__mutated,PertCortex_6_TGCCCTAGTAACGTTC,2.014608316427185
9662,0.09664116669611804,6__mutated,PertCortex_6_TGCCCTAGTATATGAG,4.304538109253443
9663,0.2755168768040912,6__mutated,PertCortex_6_TGCGCAGAGGAATCGC,2.524390624066937
9664,0.09309113214957146,6__mutated,PertCortex_6_TGCGCAGAGGCCCGTT,2.7062744541663166
9665,0.17928462497417796,6__mutated,PertCortex_6_TGCGCAGCATGGAATA,4.691177323542243
9666,0.14997512385871942,6__mutated,PertCortex_6_TGCGCAGGTCTCTTTA,4.347761699142352
9667,0.19804668967043496,6__mutated,PertCortex_6_TGCGGGTAGTGGGTTG,3.16732783724442
9668,0.6111958168900552,6__mutated,PertCortex_6_TGCGTGGAGAGTAAGG,2.195055480211114
9669,0.16121709618633015,6__mutated,PertCortex_6_TGCGTGGCATCCTAGA,3.7965212340979524
9670,0.49456363518943863,6__mutated,PertCortex_6_TGCTGCTGTTACGGAG,1.801474104359997
9671,0.15563115512069012,6__mutated,PertCortex_6_TGGACGCAGAAACCAT,2.6273940845198323
9672,0.20823533970691932,6__mutated,PertCortex_6_TGGACGCAGCTCTCGG,3.5233071463330763
9673,0.11043296147868267,6__mutated,PertCortex_6_TGGCCAGAGTACGATA,3.9600152068803722
9674,0.09548574114644809,6__mutated,PertCortex_6_TGGCCAGCATCCGCGA,3.3997464533796746
9675,0.17199363182066818,6__mutated,PertCortex_6_TGGCCAGCATGGGACA,3.4781176702559713
9676,0.08511223798844328,6__mutated,PertCortex_6_TGGCCAGGTACTTCTT,3.5584408736641513
9677,0.09037486701172263,6__mutated,PertCortex_6_TGGCCAGGTAGCCTAT,3.956413601468709
9678,0.592726040631903,6__mutated,PertCortex_6_TGGCGCAAGCGGCTTC,2.0443073334629562
9679,0.15352040883744755,6__mutated,PertCortex_6_TGGCGCACATGCATGT,3.5300072333872357
9680,0.20458457949504383,6__mutated,PertCortex_6_TGGCGCATCTCACATT,4.31133111228737
9681,0.12238273754587375,6__mutated,PertCortex_6_TGGCTGGAGTTCGCGC,4.432282714592174
9682,0.23907229740210484,6__mutated,PertCortex_6_TGGCTGGTCGGTGTCG,4.600297863725191
9683,0.6441022594050732,6__mutated,PertCortex_6_TGGGAAGGTGACGGTA,1.79316242250566
9684,0.15181423625823987,6__mutated,PertCortex_6_TGGGAAGTCAACCAAC,3.7750837076326498
9685,0.17258402912031356,6__mutated,PertCortex_6_TGGGAAGTCATCACCC,4.720620033269566
9686,0.47485218851824185,6__mutated,PertCortex_6_TGGGCGTCACGGTGTC,1.9382369473195808
9687,0.17952985770103358,6__mutated,PertCortex_6_TGGTTAGTCTCGCTTG,2.435770110087231
9688,0.09619449495682117,6__mutated,PertCortex_6_TGGTTCCAGACAGACC,3.6514176854744806
9689,0.17930011208773716,6__mutated,PertCortex_6_TGGTTCCTCCTGCAGG,4.369759929137115
9690,0.2074534341891204,6__mutated,PertCortex_6_TGTATTCAGGTGCTAG,3.4573175736882686
9691,0.14167347531579974,6__mutated,PertCortex_6_TGTATTCCAGCGAACA,4.291636047379068
9692,0.08029839483006693,6__mutated,PertCortex_6_TGTATTCCATGCCCGA,4.211626559894897
9693,0.15238518134521803,6__mutated,PertCortex_6_TGTATTCTCACGGTTA,4.156233679152353
9694,0.37537964284857683,6__mutated,PertCortex_6_TGTATTCTCCCTGACT,3.996204626912143
9695,0.25180611797250047,6__mutated,PertCortex_6_TGTCCCAAGATGCGAC,2.991754037158571
9696,0.4880063787097997,6__mutated,PertCortex_6_TGTCCCAAGCCACTAT,1.7058189731051419
9697,0.1903460416964631,6__mutated,PertCortex_6_TGTCCCAAGGATTCGG,4.591624727274676
9698,0.6824454914016764,6__mutated,PertCortex_6_TGTCCCAGTACTCGCG,1.6511702151057421
9699,0.13779548538305605,6__mutated,PertCortex_6_TGTCCCATCCTAAGTG,4.472252214466505
9700,0.20881105299385974,6__mutated,PertCortex_6_TGTCCCATCGGAGGTA,4.147403005650557
9701,0.08864558879096002,6__mutated,PertCortex_6_TGTGGTAAGGCTCTTA,3.6149377960694427
9702,0.24334237638901168,6__mutated,PertCortex_6_TGTGGTAGTTACGGAG,2.7252446234119625
9703,0.6282633352930821,6__mutated,PertCortex_6_TGTGGTATCAGCTCGG,1.7456321527399115
9704,0.3990843143925314,6__mutated,PertCortex_6_TGTGTTTAGGCTCATT,1.7184941115554302
9705,0.04124564398763226,6__mutated,PertCortex_6_TGTGTTTAGGGATACC,4.3758330759737065
9706,0.16454096751347322,6__mutated,PertCortex_6_TGTGTTTAGGGTTCCC,3.7831686694449163
9707,0.12924715367754938,6__mutated,PertCortex_6_TGTGTTTAGGTGTTAA,3.561323503842844
9708,0.06679211002860651,6__mutated,PertCortex_6_TGTGTTTAGTAACCCT,3.5984740332453486
9709,0.22268421845354194,6__mutated,PertCortex_6_TGTGTTTGTCATATCG,3.2178963673595034
9710,0.05438343850763438,6__mutated,PertCortex_6_TGTTCCGAGACAGAGA,3.944665839946407
9711,0.14244340779325718,6__mutated,PertCortex_6_TGTTCCGTCGGATGGA,4.018087648429087
9712,0.040420477561574304,6__mutated,PertCortex_6_TTAACTCAGACCGGAT,3.9990079943466954
9713,0.19968489169325465,6__mutated,PertCortex_6_TTAACTCCAAGTAATG,3.5885514355781645
9714,0.7021972351910483,6__mutated,PertCortex_6_TTAACTCCAGACACTT,1.5019518800468117
9715,0.20005662773808988,6__mutated,PertCortex_6_TTAACTCGTACCAGTT,3.437075350152058
9716,0.18916499735860437,6__mutated,PertCortex_6_TTAGGACAGGGTCGAT,3.5445654346477995
9717,0.22301651680497747,6__mutated,PertCortex_6_TTAGGACTCGGATGTT,4.310010444400935
9718,0.2559570568850744,6__mutated,PertCortex_6_TTAGGCAAGCCCAATT,2.742825848040895
9719,0.0859261734829257,6__mutated,PertCortex_6_TTAGGCACATTGAGCT,4.215326484651156
9720,0.15422466292757553,6__mutated,PertCortex_6_TTAGGCATCTCCAACC,2.918856053050949
9721,0.13327751586027045,6__mutated,PertCortex_6_TTAGGCATCTGCGTAA,3.809273538482873
9722,0.4912972731705406,6__mutated,PertCortex_6_TTAGGCATCTTACCGC,1.9402404359077254
9723,0.5705280339998645,6__mutated,PertCortex_6_TTAGGCATCTTGCCGT,1.9214551046589978
9724,0.7039833190968324,6__mutated,PertCortex_6_TTAGTTCAGCGATTCT,1.7322909950520962
9725,0.1504485857149705,6__mutated,PertCortex_6_TTAGTTCAGGTTACCT,3.8361708518423057
9726,0.31210523513261157,6__mutated,PertCortex_6_TTAGTTCCAATGGATA,2.9990483165589574
9727,0.10161529767587887,6__mutated,PertCortex_6_TTAGTTCGTCTCTTTA,4.456587153198506
9728,0.10243907684878005,6__mutated,PertCortex_6_TTATGCTAGAATAGGG,4.208943561769003
9729,0.08799005228129157,6__mutated,PertCortex_6_TTATGCTGTTGGAGGT,4.218394381713757
9730,0.10410162351480909,6__mutated,PertCortex_6_TTCCCAGGTTGTACAC,3.6840888196127173
9731,0.12352595187264791,6__mutated,PertCortex_6_TTCGAAGCATTCCTGC,4.2339860079244565
9732,0.12606276494657212,6__mutated,PertCortex_6_TTCGAAGGTTCCCTTG,3.634373846650114
9733,0.1658411699145296,6__mutated,PertCortex_6_TTCGGTCCATGGATGG,4.182663858637024
9734,0.08790403310922625,6__mutated,PertCortex_6_TTCGGTCGTAAATGTG,2.848372431328606
9735,0.6622002088005365,6__mutated,PertCortex_6_TTCGGTCTCGAATGGG,1.5131365644037131
9736,0.09793377441308458,6__mutated,PertCortex_6_TTCTACACAGTATAAG,3.192862603337547
9737,0.09109878919814157,6__mutated,PertCortex_6_TTCTACACAGTCGATT,4.186762567533995
9738,0.37267276573671737,6__mutated,PertCortex_6_TTCTACACATAAGACA,2.4391344923180287
9739,0.18167382298271267,6__mutated,PertCortex_6_TTCTACAGTTCAGCGC,3.7613574756873023
9740,0.4551920381174222,6__mutated,PertCortex_6_TTCTCAAGTATATGAG,2.1532360872302214
9741,0.17862209865502976,6__mutated,PertCortex_6_TTCTCAAGTGCACGAA,3.686305541368378
9742,0.1868997869120697,6__mutated,PertCortex_6_TTCTCAATCACCGTAA,3.9786140387010853
9743,0.2178249899445385,6__mutated,PertCortex_6_TTCTCCTAGGTCATCT,2.7650743955038415
9744,0.23006722488060685,6__mutated,PertCortex_6_TTCTCCTCAATGTAAG,3.0645700331290473
9745,0.17358779973428534,6__mutated,PertCortex_6_TTCTCCTCACGTTGGC,4.020048698059323
9746,0.19625321224835648,6__mutated,PertCortex_6_TTCTCCTTCGCCATAA,3.456698056394338
9747,0.15693745545285825,6__mutated,PertCortex_6_TTCTCCTTCGCTAGCG,3.3616485455386544
9748,0.15398233410617357,6__mutated,PertCortex_6_TTCTCCTTCTGGCGAC,3.3833812510267127
9749,0.43339047988358836,6__mutated,PertCortex_6_TTCTCCTTCTTACCGC,2.372051037959708
9750,0.19594096201216132,6__mutated,PertCortex_6_TTCTTAGCAAGTTGTC,3.610364715075908
9751,0.21720735913432881,6__mutated,PertCortex_6_TTCTTAGGTACTCGCG,3.52766749409639
9752,0.22284247436940746,6__mutated,PertCortex_6_TTCTTAGGTAGGCTGA,2.6840566520853026
9753,0.18840063505152232,6__mutated,PertCortex_6_TTCTTAGGTGTCAATC,3.502785428752247
9754,0.6335403957323723,6__mutated,PertCortex_6_TTCTTAGTCGCCATAA,2.0408653179595015
9755,0.1350874800668092,6__mutated,PertCortex_6_TTGAACGAGAAACCGC,3.7513964265315582
9756,0.24179502771546155,6__mutated,PertCortex_6_TTGAACGAGTACATGA,3.0006422006288878
9757,0.2307618506703723,6__mutated,PertCortex_6_TTGAACGTCCTGTACC,3.1954042652127876
9758,0.10001288179655263,6__mutated,PertCortex_6_TTGACTTAGAGATGAG,4.306309976955928
9759,0.24415214757661538,6__mutated,PertCortex_6_TTGACTTGTGCGATAG,2.92021267953549
9760,0.4500060050077258,6__mutated,PertCortex_6_TTGACTTTCAGCCTAA,3.719010475827204
9761,0.5104356616811847,6__mutated,PertCortex_6_TTGCCGTAGTTAGCGG,1.8421392600257727
9762,0.1037743949764921,6__mutated,PertCortex_6_TTGCCGTGTCCCTACT,4.6452327267123374
9763,0.18624907403717997,6__mutated,PertCortex_6_TTGCCGTGTCGGCACT,3.555793734487008
9764,0.13935763022761893,6__mutated,PertCortex_6_TTGCGTCCAGCATACT,3.5287659546981485
9765,0.6595338401422397,6__mutated,PertCortex_6_TTGCGTCCATACGCTA,2.032470654172264
9766,0.1429807197883885,6__mutated,PertCortex_6_TTGCGTCCATGAGCGA,4.058003378637216
9767,0.19894217422395727,6__mutated,PertCortex_6_TTGCGTCTCCCTTGCA,3.2402259999763436
9768,0.10326867043082205,6__mutated,PertCortex_6_TTGGCAAAGAAGGTGA,5.163066666277059
9769,0.14654624133218577,6__mutated,PertCortex_6_TTGGCAAAGCCACGTC,3.2874334688750384
9770,0.2539952040321172,6__mutated,PertCortex_6_TTGGCAATCCTTTCGG,2.245732347825937
9771,0.17174133653158888,6__mutated,PertCortex_6_TTTACTGCAAACAACA,5.017770615535333
9772,0.234133318221483,6__mutated,PertCortex_6_TTTACTGTCCAAACAC,3.0720520902073867
9773,0.12111893155631061,6__mutated,PertCortex_6_TTTACTGTCCAGATCA,2.874672307056334
9774,0.6695147928106056,6__mutated,PertCortex_6_TTTACTGTCCCATTTA,1.7800811227063535
9775,0.6844739863656641,6__mutated,PertCortex_6_TTTACTGTCGCCATAA,1.7728547755488475
9776,0.07238524849423453,6__mutated,PertCortex_6_TTTATGCAGCTAGTGG,4.576414593198539
9777,0.609977991289639,6__mutated,PertCortex_6_TTTATGCAGGAACTGC,1.9550842399426906
9778,0.19369525274673652,6__mutated,PertCortex_6_TTTATGCGTCACCTAA,4.3947996085968954
9779,0.08924973020943121,6__mutated,PertCortex_6_TTTATGCTCATCACCC,4.021551744164144
9780,0.20182151024904724,6__mutated,PertCortex_6_TTTCCTCAGGCCATAG,3.5999648356990774
9781,0.11013237331947727,6__mutated,PertCortex_6_TTTCCTCAGTGCGATG,3.9564136391806732
9782,0.14570047542228454,6__mutated,PertCortex_6_TTTCCTCGTTGGAGGT,3.606690229701681
9783,0.08854615662594494,6__mutated,PertCortex_6_TTTGCGCTCAAACCAC,4.48388386911773
9784,0.20552680792479097,6__mutated,PertCortex_6_TTTGTCAAGTCGTTTG,4.200021088897878
9785,0.14327507849691862,6__mutated,PertCortex_6_TTTGTCAGTGCAGACA,3.4301486357605917
9786,0.19162468553722406,6__mutated,PertCortex_6_TTTGTCAGTTCGAATC,3.6807343966137167
9787,0.11801468417634361,7__mutated,PertCortex_7_AAACCTGTCGAATGCT,3.7273076819551307
9788,0.4965371275789481,7__mutated,PertCortex_7_AAACGGGAGAGCCCAA,1.6131451188412453
9789,0.23861776936437967,7__mutated,PertCortex_7_AAACGGGAGGTGGGTT,2.438498741877181
9790,0.12024087214594854,7__mutated,PertCortex_7_AAACGGGTCCGCAGTG,4.11654882370678
9791,0.23771967921083553,7__mutated,PertCortex_7_AAACGGGTCCGTCAAA,3.093868080302375
9792,0.07517723593578311,7__mutated,PertCortex_7_AAAGATGAGGTGGGTT,2.8071756555470646
9793,0.10169092237788457,7__mutated,PertCortex_7_AAAGATGTCAGTACGT,4.182224352749316
9794,0.477835795929558,7__mutated,PertCortex_7_AAAGATGTCGTCCAGG,1.956716691860169
9795,0.19271534408218033,7__mutated,PertCortex_7_AAAGCAAAGCTCCCAG,5.202814993200059
9796,0.06179105436244261,7__mutated,PertCortex_7_AAAGCAACAAGCTGTT,3.2487410353042323
9797,0.26131734123344136,7__mutated,PertCortex_7_AAAGCAAGTGGCTCCA,3.139928072401948
9798,0.16913311164752234,7__mutated,PertCortex_7_AAAGTAGCATCCGCGA,4.640224954837437
9799,0.17786856286969532,7__mutated,PertCortex_7_AACACGTGTACCAGTT,3.45940506038244
9800,0.14726145839184265,7__mutated,PertCortex_7_AACACGTGTTTGACAC,4.320750391392332
9801,0.10474614879282762,7__mutated,PertCortex_7_AACCATGAGATATACG,3.9263808996746765
9802,0.20915012554327655,7__mutated,PertCortex_7_AACCATGGTCCAGTTA,3.650963480997841
9803,0.706664935275782,7__mutated,PertCortex_7_AACCATGTCCGAACGC,1.5335569356777232
9804,0.3513789341939605,7__mutated,PertCortex_7_AACCATGTCCTTCAAT,1.624655929039547
9805,0.22150303560600199,7__mutated,PertCortex_7_AACCGCGAGGCAATTA,3.166538224475092
9806,0.33649342527210163,7__mutated,PertCortex_7_AACCGCGAGTGGGATC,1.7680479987360211
9807,0.15462380575218423,7__mutated,PertCortex_7_AACCGCGCAGGTCTCG,1.2444726011535776
9808,0.138572781540358,7__mutated,PertCortex_7_AACCGCGGTGAGGCTA,4.044591186015512
9809,0.1703044634829553,7__mutated,PertCortex_7_AACGTTGAGCCTATGT,4.313662747186408
9810,0.17871168592291214,7__mutated,PertCortex_7_AACGTTGAGTACTTGC,3.682769839967533
9811,0.7119653045715222,7__mutated,PertCortex_7_AACGTTGGTTTGACAC,1.6373308098006714
9812,0.2592403257685194,7__mutated,PertCortex_7_AACGTTGTCAGCGACC,2.3597377606469343
9813,0.16165160991280705,7__mutated,PertCortex_7_AACTCAGGTCTCCACT,2.097352604656714
9814,0.29325589686340403,7__mutated,PertCortex_7_AACTCAGGTCTCGTTC,3.084109409517255
9815,0.7064428829689766,7__mutated,PertCortex_7_AACTCAGTCAGTCAGT,1.6167278735176112
9816,0.12917751563384824,7__mutated,PertCortex_7_AACTCCCCACGTCAGC,3.4318184094083257
9817,0.08328916873400458,7__mutated,PertCortex_7_AACTCTTAGTCCTCCT,4.360861237045118
9818,0.16164721705269797,7__mutated,PertCortex_7_AACTCTTTCGTCCGTT,3.940555538201639
9819,0.26494654144151764,7__mutated,PertCortex_7_AACTTTCAGACTAAGT,3.580035418713865
9820,0.004830790458731149,7__mutated,PertCortex_7_AACTTTCAGGATGGAA,3.4529119865853017
9821,0.6582930962215049,7__mutated,PertCortex_7_AACTTTCGTCGAACAG,1.787407722059755
9822,0.19149468464783545,7__mutated,PertCortex_7_AACTTTCGTCTGCCAG,3.026045217167101
9823,0.43736419341693855,7__mutated,PertCortex_7_AAGACCTAGCAATCTC,2.3764760343128173
9824,0.443046953631053,7__mutated,PertCortex_7_AAGACCTAGGAGTCTG,2.3309169512811057
9825,0.19568317431474214,7__mutated,PertCortex_7_AAGCCGCAGACCGGAT,3.21936844282297
9826,0.12808022260307575,7__mutated,PertCortex_7_AAGCCGCAGCAACGGT,3.8778066848587067
9827,0.6519475768024763,7__mutated,PertCortex_7_AAGGAGCAGCAGCCTC,2.1271528920700216
9828,0.21321177201637415,7__mutated,PertCortex_7_AAGGAGCAGCCAGGAT,2.038236143948942
9829,0.3342133071982929,7__mutated,PertCortex_7_AAGGCAGTCGGCCGAT,1.858695274653405
9830,0.19114074525270128,7__mutated,PertCortex_7_AAGGTTCAGACTAGGC,2.544571501789992
9831,0.44678269730926906,7__mutated,PertCortex_7_AAGTCTGGTCTCCATC,2.521517687721906
9832,0.24223216743399503,7__mutated,PertCortex_7_AAGTCTGGTGTTGAGG,4.18491569351326
9833,0.12128691047146808,7__mutated,PertCortex_7_AAGTCTGGTTCCCGAG,2.9816387459605376
9834,0.17909190823224325,7__mutated,PertCortex_7_AATCCAGCAACTGCGC,3.5454795636858005
9835,0.098522965273406,7__mutated,PertCortex_7_AATCCAGCAGCGTAAG,3.1923497683833424
9836,0.1685604184587626,7__mutated,PertCortex_7_AATCCAGTCTTTACGT,3.768507012336311
9837,0.25897080911627135,7__mutated,PertCortex_7_AATCGGTGTAAGTAGT,4.16778341299545
9838,0.15012634236909686,7__mutated,PertCortex_7_ACACCAACACCAGGTC,2.944210607531697
9839,0.13632963208604298,7__mutated,PertCortex_7_ACACCAACAGTAACGG,3.001947861335308
9840,0.23840239215861156,7__mutated,PertCortex_7_ACACCAAGTGGTCCGT,3.6720980407899155
9841,0.5438897482706222,7__mutated,PertCortex_7_ACACCCTAGCAGACTG,2.184405768802684
9842,0.3743125762639975,7__mutated,PertCortex_7_ACACCCTTCAATCACG,2.743437781628043
9843,0.17334160451686595,7__mutated,PertCortex_7_ACACCCTTCTGGTGTA,4.100772984293573
9844,0.571331708394076,7__mutated,PertCortex_7_ACACCGGAGTTAGGTA,2.3677626578224524
9845,0.49477647683749026,7__mutated,PertCortex_7_ACACCGGTCTAACTGG,2.633441063496173
9846,0.2592814494806369,7__mutated,PertCortex_7_ACACTGAAGGAATGGA,3.381153656968344
9847,0.13565969208512785,7__mutated,PertCortex_7_ACACTGAGTGCAGTAG,4.229080567830582
9848,0.031950490072681186,7__mutated,PertCortex_7_ACAGCCGAGTTTAGGA,4.897968537881489
9849,0.22295087564265872,7__mutated,PertCortex_7_ACAGCCGCACAGAGGT,3.159023234032513
9850,0.45391710077629627,7__mutated,PertCortex_7_ACAGCCGGTAAGAGAG,2.4814108308701814
9851,0.20460973529616214,7__mutated,PertCortex_7_ACAGCCGGTGTTGAGG,3.245767321144963
9852,0.5972366183809542,7__mutated,PertCortex_7_ACAGCTAAGCCAGGAT,1.9944869942862309
9853,0.14729200386424837,7__mutated,PertCortex_7_ACAGCTACACATTTCT,3.931124609292703
9854,0.4592797144249452,7__mutated,PertCortex_7_ACAGCTAGTGAGGGAG,2.221329174664157
9855,0.2926732259643331,7__mutated,PertCortex_7_ACAGCTAGTTGCTCCT,2.3427030821978643
9856,0.5869749600148124,7__mutated,PertCortex_7_ACATACGAGATGAGAG,2.169515346489057
9857,0.24070008902619072,7__mutated,PertCortex_7_ACATACGAGTCATCCA,3.227304137842252
9858,0.4641183547624465,7__mutated,PertCortex_7_ACATACGTCGATAGAA,2.380066101423464
9859,0.04790444280826731,7__mutated,PertCortex_7_ACATCAGAGATCGGGT,4.0427983904044265
9860,0.12395652228469234,7__mutated,PertCortex_7_ACATCAGAGCTGAACG,4.473221608496248
9861,0.13188430988445282,7__mutated,PertCortex_7_ACATCAGCAGTCAGCC,3.159030175103848
9862,0.22703165703059852,7__mutated,PertCortex_7_ACATCAGGTCAGGACA,3.3511661596543982
9863,0.41687540328794764,7__mutated,PertCortex_7_ACATGGTAGCGCCTTG,2.506669421574103
9864,0.04934179287591593,7__mutated,PertCortex_7_ACCCACTGTACCTACA,3.33873607231555
9865,0.0532055982389823,7__mutated,PertCortex_7_ACCCACTGTTGTCTTT,4.0735521272142865
9866,0.09892114736384358,7__mutated,PertCortex_7_ACCGTAATCAGGCCCA,3.278035062734348
9867,-0.004176938617748186,7__mutated,PertCortex_7_ACCTTTACATGCTAGT,2.7240377986570534
9868,0.5444622033723552,7__mutated,PertCortex_7_ACCTTTAGTTAAGAAC,1.695026121797823
9869,0.08752344260374927,7__mutated,PertCortex_7_ACGAGCCCACTTAAGC,4.081186693808269
9870,0.607613390515736,7__mutated,PertCortex_7_ACGAGGAAGTACGCGA,1.963278387012582
9871,0.00936090325748284,7__mutated,PertCortex_7_ACGAGGATCTCAACTT,4.165818139729564
9872,0.19942905348999762,7__mutated,PertCortex_7_ACGATACGTAAATGAC,3.2050295227801273
9873,0.23707259268449415,7__mutated,PertCortex_7_ACGATGTAGATACACA,3.3864190208321854
9874,0.2695784617116003,7__mutated,PertCortex_7_ACGATGTGTGCCTGGT,3.5241522631034994
9875,0.09616972155918531,7__mutated,PertCortex_7_ACGATGTTCCCTAACC,5.201271726541121
9876,0.6453028175569776,7__mutated,PertCortex_7_ACGATGTTCGGTCTAA,2.0314429054371703
9877,0.26087727206589645,7__mutated,PertCortex_7_ACGCAGCGTTCCGTCT,2.778631852425096
9878,0.1612094589771105,7__mutated,PertCortex_7_ACGCCAGAGAGCTGCA,4.880612804202383
9879,0.18914389175226964,7__mutated,PertCortex_7_ACGCCAGGTGATAAGT,4.498693834550561
9880,0.43082631596462595,7__mutated,PertCortex_7_ACGCCAGTCGTTGCCT,2.336490206059174
9881,0.1408543358011639,7__mutated,PertCortex_7_ACGCCGAAGATGGGTC,2.8747800435197757
9882,0.12602793238693044,7__mutated,PertCortex_7_ACGCCGAAGCGATAGC,2.8299025883876565
9883,0.11788543894942217,7__mutated,PertCortex_7_ACGCCGACAGATCCAT,5.21069693452196
9884,0.498565081196542,7__mutated,PertCortex_7_ACGCCGAGTCCATCCT,1.942495497423594
9885,0.45599099534348986,7__mutated,PertCortex_7_ACGGGCTGTCTAGTCA,2.441035697948339
9886,0.14243589687984365,7__mutated,PertCortex_7_ACGGGCTTCCGCGTTT,3.7347682206711355
9887,0.15463538191285198,7__mutated,PertCortex_7_ACGGGCTTCGGAGGTA,3.921711616906729
9888,0.13920385008107658,7__mutated,PertCortex_7_ACGGGTCCACCATGTA,3.1909062616131822
9889,0.14113867956362722,7__mutated,PertCortex_7_ACGGGTCCAGGAATCG,3.6253449985402257
9890,0.3763930479798017,7__mutated,PertCortex_7_ACGGGTCCAGGGCATA,2.0656206360232825
9891,0.6219006690916835,7__mutated,PertCortex_7_ACGTCAACATTTCAGG,1.5658575292956343
9892,0.26493559915440046,7__mutated,PertCortex_7_ACTGAACAGGGTTCCC,3.370476400645365
9893,0.26427591111422993,7__mutated,PertCortex_7_ACTGAACAGGTTCCTA,2.463518671054104
9894,0.18112524175872338,7__mutated,PertCortex_7_ACTGAACGTCTAACGT,3.342693327341223
9895,0.20689932652103138,7__mutated,PertCortex_7_ACTGAACGTCTAGCCG,3.6552977186424296
9896,0.6205827526986893,7__mutated,PertCortex_7_ACTGAACTCGGAAATA,1.6574878305078466
9897,0.29240186921528155,7__mutated,PertCortex_7_ACTGAGTGTCGCATAT,2.42304394939461
9898,0.27977862392829284,7__mutated,PertCortex_7_ACTGAGTTCTGCCCTA,3.4766417930850064
9899,0.31742927830022916,7__mutated,PertCortex_7_ACTGCTCCAGATCGGA,3.6296151641731296
9900,0.11856423860190674,7__mutated,PertCortex_7_ACTGTCCAGTGGGTTG,3.584569131532365
9901,0.16273060289209873,7__mutated,PertCortex_7_ACTGTCCGTCCGAGTC,3.667719471025648
9902,0.46496474149673683,7__mutated,PertCortex_7_ACTGTCCGTTACAGAA,1.9557728495949465
9903,0.20866802328052955,7__mutated,PertCortex_7_ACTGTCCTCCACGCAG,3.2932759287778053
9904,0.23745525169250872,7__mutated,PertCortex_7_ACTTACTAGGTCATCT,2.7464060826218266
9905,0.6421352986483603,7__mutated,PertCortex_7_ACTTACTTCATCATTC,1.9862494548218899
9906,0.13924810609726354,7__mutated,PertCortex_7_ACTTGTTCAAGCTGGA,3.9208977130592406
9907,0.09396200468575822,7__mutated,PertCortex_7_ACTTTCAAGGAGTCTG,3.6739131141556713
9908,0.6370764237207162,7__mutated,PertCortex_7_ACTTTCAAGGGTGTTG,1.9369956459062756
9909,0.2238672033393786,7__mutated,PertCortex_7_ACTTTCACACAGCCCA,3.478151856144936
9910,0.24868087119965937,7__mutated,PertCortex_7_ACTTTCACAGATGGCA,3.2424039599105368
9911,0.2719221283738363,7__mutated,PertCortex_7_ACTTTCATCACCAGGC,2.6351549658502007
9912,0.19919154380757978,7__mutated,PertCortex_7_ACTTTCATCATAGCAC,3.8854537807943563
9913,0.10844151847701938,7__mutated,PertCortex_7_AGAATAGAGCGTGTCC,4.2652927941384915
9914,0.14213915220143974,7__mutated,PertCortex_7_AGAATAGCAAGGCTCC,4.554969952580908
9915,0.2281736530372815,7__mutated,PertCortex_7_AGAATAGCACAGGCCT,3.356333582051305
9916,0.0644793241624073,7__mutated,PertCortex_7_AGAATAGCAGACAAAT,2.934896750087806
9917,0.07592582724227957,7__mutated,PertCortex_7_AGAATAGCATGGTAGG,4.175754770115758
9918,0.4026797951946535,7__mutated,PertCortex_7_AGACGTTGTCTCCATC,3.0697471998188175
9919,0.29735001092008834,7__mutated,PertCortex_7_AGACGTTGTTGTACAC,2.1245798455225047
9920,0.21231113497972603,7__mutated,PertCortex_7_AGAGCGACAGACGCCT,3.8294194220006337
9921,0.140129323624508,7__mutated,PertCortex_7_AGAGCGAGTGCGATAG,3.6780092210769615
9922,0.5435695989054379,7__mutated,PertCortex_7_AGAGCTTAGTGAACAT,1.7565166090955044
9923,0.1143824858510305,7__mutated,PertCortex_7_AGAGCTTGTATAGGGC,3.4745939619255513
9924,0.618257570724057,7__mutated,PertCortex_7_AGAGCTTGTGCTGTAT,2.2336615188011675
9925,0.2461348000544549,7__mutated,PertCortex_7_AGAGCTTTCGCCATAA,2.613488473635194
9926,0.1991248143058688,7__mutated,PertCortex_7_AGAGTGGTCAGGTTCA,3.427492570793469
9927,0.22113204236929826,7__mutated,PertCortex_7_AGATCTGAGTCGTTTG,3.260803649947972
9928,0.36610373010374386,7__mutated,PertCortex_7_AGATCTGGTATGAATG,1.9894666809721107
9929,0.4161812476020192,7__mutated,PertCortex_7_AGATCTGTCGGTCCGA,2.0630422901553755
9930,0.6280702083361502,7__mutated,PertCortex_7_AGATTGCTCTGCAAGT,2.1137617938603297
9931,0.17378138650872418,7__mutated,PertCortex_7_AGCAGCCAGAAACCGC,3.7225488940977884
9932,0.08511708806014728,7__mutated,PertCortex_7_AGCAGCCAGCTGAAAT,2.5271051350247675
9933,0.13677502177927156,7__mutated,PertCortex_7_AGCAGCCCAATGTTGC,3.7904219631238103
9934,0.2095936868012316,7__mutated,PertCortex_7_AGCAGCCTCCGTAGGC,3.1924973780165495
9935,0.6289767176233558,7__mutated,PertCortex_7_AGCATACGTGATGATA,1.9966400310500243
9936,0.20627849332048695,7__mutated,PertCortex_7_AGCCTAAAGACTACAA,3.9617505178494894
9937,0.29445568238640396,7__mutated,PertCortex_7_AGCGGTCGTAGCGTGA,2.3795169099048628
9938,0.18784798545188117,7__mutated,PertCortex_7_AGCGTATAGTTAAGTG,4.0110210797738635
9939,0.5857828827402599,7__mutated,PertCortex_7_AGCGTATCAAGAAGAG,1.634332340130429
9940,0.3203080834605968,7__mutated,PertCortex_7_AGCGTATGTCAGATAA,2.2426552715848413
9941,0.6003682728327765,7__mutated,PertCortex_7_AGCGTATGTGTTTGGT,2.096885039857345
9942,0.18668491303793094,7__mutated,PertCortex_7_AGCGTCGAGTGAAGTT,2.9874525390186655
9943,0.18767643538463585,7__mutated,PertCortex_7_AGCGTCGTCGGAATCT,4.643306200836609
9944,0.6350750822302782,7__mutated,PertCortex_7_AGCTCCTAGACGCTTT,1.9530989229708675
9945,-0.012456043127878872,7__mutated,PertCortex_7_AGCTCCTCACAGACAG,2.762244215458066
9946,0.22079086628011538,7__mutated,PertCortex_7_AGCTCTCGTAGAGGAA,3.9917007165082254
9947,0.21867528730511127,7__mutated,PertCortex_7_AGCTCTCTCTTAACCT,4.077237077510798
9948,0.43919380140573117,7__mutated,PertCortex_7_AGCTTGACATGGTAGG,1.962223327589551
9949,0.12570177921428466,7__mutated,PertCortex_7_AGCTTGAGTTGCCTCT,4.590681373120836
9950,0.12094472202979513,7__mutated,PertCortex_7_AGGCCACTCAAGGTAA,3.285495797558873
9951,0.22970417007966615,7__mutated,PertCortex_7_AGGCCGTCATCACAAC,3.1264397267499633
9952,0.525156773283386,7__mutated,PertCortex_7_AGGCCGTGTATTCGTG,1.9901104812604111
9953,0.42664052739368347,7__mutated,PertCortex_7_AGGCCGTGTCTCCCTA,2.555307815627668
9954,0.041770123633587314,7__mutated,PertCortex_7_AGGGAGTCATGCAACT,4.26254583539017
9955,0.24915608223208424,7__mutated,PertCortex_7_AGGGAGTTCGGATGTT,3.9638399341242474
9956,0.536917654018838,7__mutated,PertCortex_7_AGGGATGCAACTGGCC,2.1238335570820146
9957,0.07395963882293977,7__mutated,PertCortex_7_AGGGATGGTTTACTCT,5.0109960999019805
9958,0.19379847460982183,7__mutated,PertCortex_7_AGGGTGATCAAACCGT,3.800996715311561
9959,0.39793807618793187,7__mutated,PertCortex_7_AGGTCATAGACTGGGT,2.4092417661291776
9960,0.23888196073084755,7__mutated,PertCortex_7_AGGTCATAGCCCAACC,3.2745551061570906
9961,0.3524878052878239,7__mutated,PertCortex_7_AGTCTTTCACCGATAT,2.24504786157568
9962,0.32464956634700487,7__mutated,PertCortex_7_AGTCTTTGTAACGCGA,3.539496633180542
9963,0.5524487089136173,7__mutated,PertCortex_7_AGTGAGGGTCCATGAT,2.299317889421314
9964,0.5629110577491642,7__mutated,PertCortex_7_AGTGAGGTCCAGTAGT,2.2456191522325843
9965,0.1931577155978875,7__mutated,PertCortex_7_ATAAGAGCATTTGCCC,3.605636365164323
9966,0.22363373095477707,7__mutated,PertCortex_7_ATAGACCGTCACTGGC,3.6163208357732204
9967,0.5106391180299152,7__mutated,PertCortex_7_ATCACGACATCGGACC,1.8201669095888473
9968,0.448878448366892,7__mutated,PertCortex_7_ATCACGACATGTCGAT,2.569562685318124
9969,0.5248867501205339,7__mutated,PertCortex_7_ATCACGAGTGTCAATC,2.5137693566266073
9970,0.6305172454180243,7__mutated,PertCortex_7_ATCATGGCACAACTGT,1.5337763147750316
9971,0.5550076379814101,7__mutated,PertCortex_7_ATCATGGCACTCAGGC,1.7491895175542296
9972,0.24019972993476843,7__mutated,PertCortex_7_ATCATGGTCTCACATT,3.7600767104107757
9973,0.17471503375768385,7__mutated,PertCortex_7_ATCCACCGTATAATGG,3.6080107511019497
9974,0.2373117561248238,7__mutated,PertCortex_7_ATCCACCGTCAGAATA,2.88682742884795
9975,0.06002923429857892,7__mutated,PertCortex_7_ATCCACCGTTGATTCG,3.7098821546449954
9976,0.3930440135524121,7__mutated,PertCortex_7_ATCCACCTCGCCATAA,2.3443162957902595
9977,0.6478874399563863,7__mutated,PertCortex_7_ATCCGAACAGCGAACA,2.032968976480082
9978,0.20110636797750553,7__mutated,PertCortex_7_ATCCGAACAGCTGCAC,1.5760572918270241
9979,0.5109852537957686,7__mutated,PertCortex_7_ATCCGAAGTATAAACG,1.9615736366895944
9980,0.17951964239938936,7__mutated,PertCortex_7_ATCGAGTTCCCTTGTG,3.488542516209499
9981,0.32492950688852484,7__mutated,PertCortex_7_ATCGAGTTCGGAAACG,2.464932248048373
9982,0.5789203456152696,7__mutated,PertCortex_7_ATCTGCCAGAGCCTAG,2.1629497325121747
9983,0.04549451032184126,7__mutated,PertCortex_7_ATGAGGGGTATAGGGC,4.059028579249465
9984,0.16634166743668252,7__mutated,PertCortex_7_ATGAGGGGTCGCTTCT,3.4686536556526906
9985,0.12301511385447178,7__mutated,PertCortex_7_ATGCGATAGGAATGGA,4.018443010382614
9986,0.21203802393761642,7__mutated,PertCortex_7_ATGCGATCAGCTTAAC,3.3624461260578165
9987,0.20265928410864817,7__mutated,PertCortex_7_ATGCGATGTTCAGACT,3.59783545398257
9988,0.26958682382756477,7__mutated,PertCortex_7_ATGGGAGCACAACGCC,3.8055590581926224
9989,0.4483570813346717,7__mutated,PertCortex_7_ATGGGAGGTCCCTACT,1.9013444313916
9990,0.5864071450726428,7__mutated,PertCortex_7_ATGTGTGAGAGCTGGT,1.5049115758622087
9991,0.30025718325490863,7__mutated,PertCortex_7_ATGTGTGAGTACATGA,3.1331788880547493
9992,0.12705544373296346,7__mutated,PertCortex_7_ATGTGTGCATGGTCTA,3.7575338198243333
9993,0.3447647773019434,7__mutated,PertCortex_7_ATGTGTGGTCTAAACC,2.386273377597709
9994,0.3037405137095919,7__mutated,PertCortex_7_ATGTGTGGTGCTGTAT,1.715640192228915
9995,0.2123980721772219,7__mutated,PertCortex_7_ATTATCCAGCTGCAAG,3.39023036271587
9996,0.18564492613157355,7__mutated,PertCortex_7_ATTATCCAGTCATGCT,3.272456384719714
9997,0.16205719401864918,7__mutated,PertCortex_7_ATTATCCTCCAAATGC,4.910330249919086
9998,0.1711942772873724,7__mutated,PertCortex_7_ATTCTACCAGGCGATA,3.7111067995739586
9999,0.06149356921646886,7__mutated,PertCortex_7_ATTGGACCACTCTGTC,4.065907948106481
10000,0.5372379192266481,7__mutated,PertCortex_7_ATTGGACTCTGGCGTG,2.5663146449543492
10001,0.16679009181956628,7__mutated,PertCortex_7_ATTGGTGAGGATGGAA,4.537946865437874
10002,0.2390608182270684,7__mutated,PertCortex_7_ATTGGTGAGGGTTCCC,2.0008013555507036
10003,0.04502251824719059,7__mutated,PertCortex_7_ATTGGTGCATTCCTCG,2.875452171401097
10004,0.12415593800207132,7__mutated,PertCortex_7_ATTGGTGGTAGAGCTG,4.088332539948351
10005,0.5295319401087322,7__mutated,PertCortex_7_ATTGGTGTCTGTTGAG,2.587129276340527
10006,0.5153852460613152,7__mutated,PertCortex_7_ATTTCTGGTGCACGAA,2.2860392295192735
10007,0.17186214118439963,7__mutated,PertCortex_7_ATTTCTGTCCAAATGC,4.9396650471132855
10008,0.1640928737951563,7__mutated,PertCortex_7_ATTTCTGTCTTAGAGC,4.338567410592655
10009,0.2525697573986439,7__mutated,PertCortex_7_CAACCAACAATTGCTG,2.964817855567049
10010,0.17360576955155702,7__mutated,PertCortex_7_CAACCAAGTTCTGTTT,3.6875450057112515
10011,0.13090108004806256,7__mutated,PertCortex_7_CAACCTCCAACGCACC,4.6179360912154825
10012,0.3496914409684133,7__mutated,PertCortex_7_CAACCTCCAAGACGTG,2.2079636965697027
10013,0.19779459743328295,7__mutated,PertCortex_7_CAACCTCTCAGGTTCA,3.385922300003629
10014,0.13363440731149998,7__mutated,PertCortex_7_CAACTAGTCCAACCAA,4.670375609641953
10015,0.0627042921499162,7__mutated,PertCortex_7_CAAGGCCAGCCTCGTG,3.9758161266079846
10016,0.6568551468204149,7__mutated,PertCortex_7_CAAGGCCTCACCCGAG,1.863177922039833
10017,0.3529343948833527,7__mutated,PertCortex_7_CAAGGCCTCTTATCTG,2.1264922471306615
10018,0.1224554551018089,7__mutated,PertCortex_7_CAAGGCCTCTTGCATT,2.86952891875375
10019,0.05050656830922051,7__mutated,PertCortex_7_CAAGTTGAGAAACGAG,3.0244023358598624
10020,0.23814285361452658,7__mutated,PertCortex_7_CAAGTTGGTTTGCATG,3.800095980770788
10021,0.2805594763364766,7__mutated,PertCortex_7_CACAAACAGAGGTACC,3.5227174890773822
10022,0.4420350437373819,7__mutated,PertCortex_7_CACAAACTCACATACG,2.3095674424036594
10023,0.49592274060410085,7__mutated,PertCortex_7_CACACAAAGCTAGCCC,2.3231169614576084
10024,0.5686326471418859,7__mutated,PertCortex_7_CACACAAAGGCAGGTT,2.138319496762791
10025,0.2000981134484971,7__mutated,PertCortex_7_CACACAAAGTGTCCCG,3.6628264974192515
10026,0.18363099669911714,7__mutated,PertCortex_7_CACACAACATCGTCGG,4.001558656157737
10027,0.16769954032065906,7__mutated,PertCortex_7_CACACAAGTCACCCAG,3.969834301720074
10028,0.25292896463108905,7__mutated,PertCortex_7_CACACAAGTTCCTCCA,2.940149772793089
10029,0.5807037160674048,7__mutated,PertCortex_7_CACACCTAGCTAACTC,1.6531465525576365
10030,0.5925099553042895,7__mutated,PertCortex_7_CACACCTTCCATGCTC,1.594320499728235
10031,0.275124822290765,7__mutated,PertCortex_7_CACACTCAGATGTTAG,3.2505232878368524
10032,0.13211898002283556,7__mutated,PertCortex_7_CACACTCCACGCCAGT,4.567503327471599
10033,0.48102328805155303,7__mutated,PertCortex_7_CACACTCCAGACGTAG,1.9881347275220027
10034,0.16017549478653473,7__mutated,PertCortex_7_CACAGTAAGATGTGGC,2.7329444966830865
10035,0.5955922700454994,7__mutated,PertCortex_7_CACAGTAAGCTGCAAG,2.144046918872304
10036,0.21493930997633298,7__mutated,PertCortex_7_CACAGTACACCGAAAG,2.903338784360711
10037,0.5567909091524372,7__mutated,PertCortex_7_CACAGTATCTGAAAGA,2.4449738711353155
10038,0.17078111633778964,7__mutated,PertCortex_7_CACAGTATCTGGGCCA,3.470944398335765
10039,0.28611115131231274,7__mutated,PertCortex_7_CACATAGCAAAGAATC,3.166181687096098
10040,0.11856252998728516,7__mutated,PertCortex_7_CACATAGTCACTTCAT,2.742094600452818
10041,0.09868461285484462,7__mutated,PertCortex_7_CACATTTGTTAGTGGG,4.227407601413269
10042,0.10966175763861283,7__mutated,PertCortex_7_CACCACTAGTATTGGA,2.7355970990230087
10043,0.12684465928226707,7__mutated,PertCortex_7_CACCACTAGTTCGATC,3.4079464664134087
10044,0.1011806992602869,7__mutated,PertCortex_7_CACCACTCACACCGCA,3.967776475083776
10045,0.19440320587138044,7__mutated,PertCortex_7_CACCACTTCTTTACAC,3.7859945515400373
10046,0.12092338079248945,7__mutated,PertCortex_7_CACCAGGAGCAACGGT,2.88699650234881
10047,0.07763637378402508,7__mutated,PertCortex_7_CACTCCAGTTGAGGTG,4.7364954370095225
10048,0.5633454998082716,7__mutated,PertCortex_7_CAGAATCAGGCTAGCA,1.7658189027618933
10049,0.06269135704990592,7__mutated,PertCortex_7_CAGAATCGTAGAAAGG,3.620175842887631
10050,0.06730598956787558,7__mutated,PertCortex_7_CAGAATCGTATAGGGC,3.898820108100109
10051,0.5646898468638457,7__mutated,PertCortex_7_CAGAGAGAGGCTCTTA,2.372826571791791
10052,0.44571757839838316,7__mutated,PertCortex_7_CAGATCAAGCTGCCCA,2.125912778573472
10053,0.2122038818917934,7__mutated,PertCortex_7_CAGATCATCACGAAGG,4.125184873979362
10054,0.38474264539202124,7__mutated,PertCortex_7_CAGATCATCATCGGAT,1.597614662052316
10055,0.1819366602725263,7__mutated,PertCortex_7_CAGATCATCGAGAACG,3.7898967135353305
10056,0.15088215629425933,7__mutated,PertCortex_7_CAGCAGCAGGTCGGAT,3.583988554425365
10057,0.240383781279592,7__mutated,PertCortex_7_CAGCAGCAGTACGATA,3.6801254091968243
10058,0.22788043080603063,7__mutated,PertCortex_7_CAGCAGCCAGGGTTAG,3.552005927878664
10059,0.11841599710614756,7__mutated,PertCortex_7_CAGCAGCCATAGTAAG,4.18733178757719
10060,0.1307193996482506,7__mutated,PertCortex_7_CAGCAGCGTTGGACCC,4.9806280237493645
10061,0.19739845954943705,7__mutated,PertCortex_7_CAGCAGCTCACGGTTA,3.0043054440424766
10062,0.06708515584693457,7__mutated,PertCortex_7_CAGCATAGTCATATGC,2.7291423813598557
10063,0.3048600391571264,7__mutated,PertCortex_7_CAGCCGACAAGCGATG,2.5669420081083536
10064,0.08025748051452765,7__mutated,PertCortex_7_CAGCCGAGTATAAACG,3.5544540301919856
10065,0.05017532034203616,7__mutated,PertCortex_7_CAGCCGAGTTAAGTAG,4.116631064366052
10066,0.27277545340692705,7__mutated,PertCortex_7_CAGCGACGTTAAGGGC,2.023393431937039
10067,0.12749970375766415,7__mutated,PertCortex_7_CAGCGACGTTAGTGGG,3.129139841942361
10068,0.11503408512587229,7__mutated,PertCortex_7_CAGCGACTCTGCGGCA,4.9756158501270855
10069,0.23612027416244233,7__mutated,PertCortex_7_CAGCTAACAACACCTA,3.515376603316745
10070,0.28508927359034214,7__mutated,PertCortex_7_CAGCTAACAGATGAGC,3.7915187786580717
10071,0.5488087648190461,7__mutated,PertCortex_7_CAGGTGCCACGTAAGG,1.790286563182283
10072,0.16617543673686877,7__mutated,PertCortex_7_CAGGTGCTCCACTCCA,3.5436262523584783
10073,0.21518991683854316,7__mutated,PertCortex_7_CAGTAACTCAGCGACC,3.5235964503790664
10074,0.22949134810531238,7__mutated,PertCortex_7_CAGTCCTAGAACAACT,3.4455068722044544
10075,0.14623527927729105,7__mutated,PertCortex_7_CAGTCCTAGAATGTGT,3.9547296152501286
10076,0.12750719181890144,7__mutated,PertCortex_7_CAGTCCTAGCCAGGAT,5.0683912991725535
10077,0.5408437439939142,7__mutated,PertCortex_7_CAGTCCTTCCTCCTAG,1.8806779985344082
10078,0.08993402853532263,7__mutated,PertCortex_7_CATATGGGTCTGGTCG,3.1358360990390284
10079,0.6443033900850366,7__mutated,PertCortex_7_CATATTCAGAGCTTCT,2.0429864476780946
10080,0.10745736901564751,7__mutated,PertCortex_7_CATATTCAGTCTTGCA,3.7723570020428223
10081,0.2140584250753515,7__mutated,PertCortex_7_CATCAAGAGTTTAGGA,2.6106676366751724
10082,0.20984823222999605,7__mutated,PertCortex_7_CATCAAGCACATGGGA,2.600042943458989
10083,0.23030641109055935,7__mutated,PertCortex_7_CATCAAGCAGATCCAT,3.797816080400045
10084,0.13357007568385193,7__mutated,PertCortex_7_CATCAAGTCAGGCCCA,3.614490933972385
10085,0.10518077763788244,7__mutated,PertCortex_7_CATCAGATCCCATTTA,3.682459440393868
10086,0.16327281281851302,7__mutated,PertCortex_7_CATCAGATCGCTGATA,3.9006308427898264
10087,0.16982452759210578,7__mutated,PertCortex_7_CATCAGATCTGTCTCG,3.634073191950236
10088,0.16614110586342082,7__mutated,PertCortex_7_CATCCACAGCAGCGTA,4.974814929386141
10089,0.16951416952363207,7__mutated,PertCortex_7_CATCCACAGCGCCTTG,2.7689288504023515
10090,0.14558337146178868,7__mutated,PertCortex_7_CATCGAAAGTACGCGA,3.930328760211025
10091,0.29131729454587435,7__mutated,PertCortex_7_CATCGAACACAGACTT,2.8132770515434444
10092,0.18923888652815193,7__mutated,PertCortex_7_CATCGAACACCTCGGA,3.7593085650656426
10093,0.05956058495253055,7__mutated,PertCortex_7_CATCGGGCACCACGTG,3.9171890899227475
10094,0.06587855922752121,7__mutated,PertCortex_7_CATGACAGTCTAGAGG,3.7366807733880347
10095,0.11419390878413947,7__mutated,PertCortex_7_CATGCCTCAAGACACG,3.060124765829114
10096,0.6365394721978669,7__mutated,PertCortex_7_CATGCCTGTCTAGAGG,2.0586264777206975
10097,0.04841295183090638,7__mutated,PertCortex_7_CATGCCTTCACTATTC,3.836489815208075
10098,0.1588918652274407,7__mutated,PertCortex_7_CATGGCGCAAACGTGG,2.3551183748419255
10099,0.21298697009452677,7__mutated,PertCortex_7_CATGGCGTCCACGTTC,3.7065676422963905
10100,0.613035000035702,7__mutated,PertCortex_7_CATTATCCAAGCCATT,1.5610493727854042
10101,0.11196305699639879,7__mutated,PertCortex_7_CCACCTAGTCAGGACA,4.3524133595474925
10102,0.0636015166531457,7__mutated,PertCortex_7_CCACGGAAGAGTTGGC,4.574224170431749
10103,0.24219716278291956,7__mutated,PertCortex_7_CCACTACGTAAAGTCA,3.572188390050612
10104,0.2817505079584401,7__mutated,PertCortex_7_CCAGCGACAGGGTTAG,3.6527056518435166
10105,0.08791837298584011,7__mutated,PertCortex_7_CCAGCGATCCCATTAT,4.127708787664016
10106,0.07037128423974501,7__mutated,PertCortex_7_CCATGTCAGCTGCGAA,4.722675448977642
10107,0.7364468694728951,7__mutated,PertCortex_7_CCATTCGGTCGAAAGC,1.4661964101503377
10108,0.3112066022322253,7__mutated,PertCortex_7_CCATTCGTCCTTTCTC,2.530712914281863
10109,0.12126747577683045,7__mutated,PertCortex_7_CCATTCGTCTCTAGGA,4.1230353137001465
10110,0.10962127150508859,7__mutated,PertCortex_7_CCCAATCCAGGACCCT,3.489498137297971
10111,0.11579769291191017,7__mutated,PertCortex_7_CCCAGTTCAAGCGAGT,3.1860129851410397
10112,0.2916190102462868,7__mutated,PertCortex_7_CCCAGTTGTCCAGTTA,2.293370675629035
10113,0.22331636908793062,7__mutated,PertCortex_7_CCCAGTTGTCTTGTCC,2.789577808476823
10114,0.2661253893483195,7__mutated,PertCortex_7_CCCATACAGATCCTGT,3.4203670905628134
10115,0.20314790993966844,7__mutated,PertCortex_7_CCCATACCAATACGCT,3.619155301671303
10116,0.3179869290236369,7__mutated,PertCortex_7_CCCTCCTGTATATGAG,2.540119269360248
10117,0.6354887502805674,7__mutated,PertCortex_7_CCCTCCTGTTGTTTGG,1.9262826722458521
10118,0.36205247700366,7__mutated,PertCortex_7_CCGTACTGTAGCCTAT,2.5964912628710177
10119,0.06623331775378738,7__mutated,PertCortex_7_CCGTACTGTTAAAGAC,4.610861391353349
10120,0.1194045701672559,7__mutated,PertCortex_7_CCGTACTGTTAGTGGG,4.38965938263617
10121,0.6372360734025647,7__mutated,PertCortex_7_CCGTGGAAGTGGCACA,1.7888790929734373
10122,0.30266890894239634,7__mutated,PertCortex_7_CCGTGGACAATAGCGG,2.4037215061146773
10123,0.14162251192120054,7__mutated,PertCortex_7_CCGTTCAGTCTGGTCG,4.410947953218441
10124,0.21304759224151043,7__mutated,PertCortex_7_CCTACACAGACTGTAA,2.966337622143621
10125,0.08593825255639859,7__mutated,PertCortex_7_CCTACACAGAGGACGG,4.47429051643307
10126,0.19870263407280417,7__mutated,PertCortex_7_CCTACACGTCTGATTG,3.675369789080134
10127,0.4528985035191357,7__mutated,PertCortex_7_CCTACACGTGACAAAT,3.3523794167617016
10128,0.24243802074606852,7__mutated,PertCortex_7_CCTACACTCAACTCTT,3.4151613981671938
10129,0.10047096759492194,7__mutated,PertCortex_7_CCTACCAAGGTGCTTT,3.2442790790666334
10130,0.20581225900883773,7__mutated,PertCortex_7_CCTACCACAAGCTGAG,4.4449731933956524
10131,0.476726611898191,7__mutated,PertCortex_7_CCTACCAGTGACTCAT,3.0281662473821753
10132,0.3537914262323136,7__mutated,PertCortex_7_CCTACCATCCTTGCCA,2.6177455281106177
10133,0.2277620155839675,7__mutated,PertCortex_7_CCTAGCTAGGTCATCT,3.3288646724473536
10134,0.25895980024946585,7__mutated,PertCortex_7_CCTAGCTCACTATCTT,3.522690119918567
10135,0.284483924012656,7__mutated,PertCortex_7_CCTAGCTCATTGGCGC,2.5333055051321054
10136,0.6042151157468134,7__mutated,PertCortex_7_CCTAGCTTCTGACCTC,2.1641298624283993
10137,0.1766919147883868,7__mutated,PertCortex_7_CCTATTAAGGAGTCTG,3.3585376430253047
10138,0.25405654785772147,7__mutated,PertCortex_7_CCTCAGTCATCGTCGG,3.3062197450392157
10139,0.6318020751576489,7__mutated,PertCortex_7_CCTCTGAGTGAGTGAC,1.8510914099392093
10140,0.2944710507142112,7__mutated,PertCortex_7_CCTCTGAGTGGCGAAT,3.1743531523305384
10141,0.20234733229660432,7__mutated,PertCortex_7_CCTCTGATCGGTGTCG,3.675200523143253
10142,0.1662776876639066,7__mutated,PertCortex_7_CCTTACGCAAAGTGCG,3.673819883298718
10143,0.09735550210582364,7__mutated,PertCortex_7_CCTTACGCAATCAGAA,3.340742986859187
10144,0.4713482826647517,7__mutated,PertCortex_7_CCTTACGTCCACGTTC,2.573610616430186
10145,0.10370866241542312,7__mutated,PertCortex_7_CCTTACGTCGGAGGTA,3.529616743517432
10146,0.14885846609318315,7__mutated,PertCortex_7_CCTTCCCAGTAGCGGT,3.745905563564392
10147,0.24060756043651974,7__mutated,PertCortex_7_CCTTCCCGTGGCAAAC,2.398430305279311
10148,0.43222617774615674,7__mutated,PertCortex_7_CCTTCCCTCCTTTCTC,2.2453930871041416
10149,0.32666716560441217,7__mutated,PertCortex_7_CCTTCGATCAAGATCC,2.0362685209396734
10150,0.23096813216531623,7__mutated,PertCortex_7_CCTTTCTGTGCGAAAC,2.4908353263769114
10151,0.2619091247736289,7__mutated,PertCortex_7_CGAACATCAAATTGCC,3.121523450892384
10152,0.1901634477561016,7__mutated,PertCortex_7_CGAACATCACCAGCAC,2.941187092188664
10153,0.26641964039171045,7__mutated,PertCortex_7_CGAATGTAGCGATCCC,4.24479926454169
10154,0.617864170905663,7__mutated,PertCortex_7_CGAATGTAGGGAGTAA,2.2370858998210323
10155,0.15194894430891961,7__mutated,PertCortex_7_CGAATGTCACGGCGTT,4.8572567758793435
10156,0.27471194045437053,7__mutated,PertCortex_7_CGAATGTCAGCTCGCA,2.816042569283625
10157,0.310258020164584,7__mutated,PertCortex_7_CGAATGTCATATACGC,2.18487651755726
10158,0.171798208194968,7__mutated,PertCortex_7_CGAATGTGTCTGGTCG,3.5767161340937785
10159,0.19070688018673165,7__mutated,PertCortex_7_CGACCTTTCCGCATCT,5.136841503576719
10160,0.5060745875532491,7__mutated,PertCortex_7_CGACTTCAGCTGATAA,1.916654188098519
10161,0.1932624715506768,7__mutated,PertCortex_7_CGACTTCAGTGTTTGC,4.0967788883258685
10162,0.3283944814719847,7__mutated,PertCortex_7_CGAGAAGAGCCAGGAT,2.7180458953038102
10163,0.08951270175929739,7__mutated,PertCortex_7_CGAGAAGGTATAGGTA,3.197250019494615
10164,0.23140342525507648,7__mutated,PertCortex_7_CGAGAAGTCCAAAGTC,3.778440967631277
10165,0.5811657347875487,7__mutated,PertCortex_7_CGAGAAGTCCACGTGG,2.130588576525574
10166,0.2525039963902962,7__mutated,PertCortex_7_CGAGAAGTCCCGGATG,3.558511164697312
10167,0.32547270651260424,7__mutated,PertCortex_7_CGAGCACGTCAGTGGA,2.180945481899579
10168,0.1755082454456243,7__mutated,PertCortex_7_CGAGCACTCAGGTTCA,4.949018922900113
10169,0.5688193318133878,7__mutated,PertCortex_7_CGAGCACTCCCTCTTT,2.3944717336031838
10170,0.3668067835992624,7__mutated,PertCortex_7_CGAGCCACACTAAGTC,1.979971119473797
10171,0.2566043060739232,7__mutated,PertCortex_7_CGATCGGCAGTATGCT,2.3435636115258265
10172,0.04520328732440778,7__mutated,PertCortex_7_CGATCGGGTAGTAGTA,4.431890901410927
10173,0.31297492680598565,7__mutated,PertCortex_7_CGATCGGTCTAACTGG,2.8608076151909874
10174,0.2945239582475727,7__mutated,PertCortex_7_CGATGGCGTGGCCCTA,3.5350713592194065
10175,0.1906112794523142,7__mutated,PertCortex_7_CGATGGCTCCGAAGAG,3.108139944241305
10176,0.19587440227847314,7__mutated,PertCortex_7_CGATGTAAGAGGTAGA,4.416214342733973
10177,0.17794052530913537,7__mutated,PertCortex_7_CGATGTACAATGTAAG,3.0625827083710537
10178,0.047018952616301166,7__mutated,PertCortex_7_CGATTGAAGACAATAC,4.378927158702027
10179,0.07220237944236166,7__mutated,PertCortex_7_CGATTGATCATCATTC,5.322582989400838
10180,0.04840524596332313,7__mutated,PertCortex_7_CGCGTTTAGAGGGCTT,4.535141969894422
10181,0.2556309241802652,7__mutated,PertCortex_7_CGCGTTTAGCTAACTC,3.047962733406336
10182,0.09412269949694357,7__mutated,PertCortex_7_CGCTATCAGTCAAGCG,3.1868707221049917
10183,0.2501247186770113,7__mutated,PertCortex_7_CGCTATCTCTGCGGCA,2.0126292365825234
10184,0.1499939141398081,7__mutated,PertCortex_7_CGCTGGAGTTAAAGAC,4.833188501099794
10185,0.5015308955307688,7__mutated,PertCortex_7_CGCTTCAAGCCCTAAT,1.7046065985246268
10186,0.21841381017692227,7__mutated,PertCortex_7_CGCTTCACACCAGATT,3.020999803386958
10187,0.5476782069512666,7__mutated,PertCortex_7_CGCTTCACATATGAGA,2.3041931370900968
10188,0.35853184938351945,7__mutated,PertCortex_7_CGCTTCAGTTGAACTC,2.9308352563494
10189,0.2398404216277268,7__mutated,PertCortex_7_CGGACACCAGGGCATA,2.6529772425058176
10190,0.10541099565378288,7__mutated,PertCortex_7_CGGACACCATCCGGGT,4.4058735854783535
10191,0.6133837320291292,7__mutated,PertCortex_7_CGGACGTCATACCATG,1.6256244506422977
10192,0.38018049855626224,7__mutated,PertCortex_7_CGGACGTTCCTAGGGC,2.9784926221482957
10193,0.5334438888647597,7__mutated,PertCortex_7_CGGACTGGTAGCGTAG,2.14433024064059
10194,0.17976017442196046,7__mutated,PertCortex_7_CGGACTGGTTGAGTTC,4.071574025207262
10195,0.5621696422107599,7__mutated,PertCortex_7_CGGAGCTCACGGTAAG,1.7075864609948803
10196,0.09760703104725511,7__mutated,PertCortex_7_CGGAGCTTCCGCGGTA,3.5931036010135804
10197,0.5999195603009375,7__mutated,PertCortex_7_CGGCTAGCAAATCCGT,2.0596164872885407
10198,0.32760738144765655,7__mutated,PertCortex_7_CGGCTAGCAGTCGATT,2.486357741946253
10199,0.1970886848204547,7__mutated,PertCortex_7_CGGCTAGGTCTGCGGT,3.653927374985282
10200,0.1127892209629747,7__mutated,PertCortex_7_CGGGTCAAGATCGATA,3.5207152577067937
10201,0.06403802552151161,7__mutated,PertCortex_7_CGGGTCAAGCTCCTCT,2.3780571761199436
10202,0.41222263276560206,7__mutated,PertCortex_7_CGGTTAAAGATGGCGT,1.6044032984302667
10203,0.47726453238986233,7__mutated,PertCortex_7_CGTAGCGGTGCCTGCA,2.6159356476977282
10204,0.12621972108375923,7__mutated,PertCortex_7_CGTAGCGGTGGTCTCG,4.380311729902509
10205,0.1897748715902181,7__mutated,PertCortex_7_CGTAGCGTCATAAAGG,3.558461925590627
10206,0.08533704753435446,7__mutated,PertCortex_7_CGTAGCGTCATTGCCC,3.290612253728284
10207,0.1459779019794321,7__mutated,PertCortex_7_CGTAGGCTCACTCCTG,4.524815275835088
10208,0.6603528217309946,7__mutated,PertCortex_7_CGTCACTGTAAACGCG,1.8346055458503476
10209,0.7568192948534442,7__mutated,PertCortex_7_CGTCAGGCATAACCTG,1.285328707596228
10210,0.09714298371343208,7__mutated,PertCortex_7_CGTCCATCACGGTTTA,4.81057093667301
10211,0.4158926563398216,7__mutated,PertCortex_7_CGTCTACAGTGGTAGC,2.4222028553672237
10212,0.5907082658453758,7__mutated,PertCortex_7_CGTCTACGTAAGAGAG,1.7831713783205532
10213,0.6004305940691551,7__mutated,PertCortex_7_CGTCTACGTTGTGGAG,2.33476490128368
10214,0.24555932231032968,7__mutated,PertCortex_7_CGTCTACTCAGTTAGC,2.82860892396724
10215,0.553744102156691,7__mutated,PertCortex_7_CGTGAGCCAGACAGGT,2.1779812353935504
10216,0.09484076413377843,7__mutated,PertCortex_7_CGTGAGCCAGCTATTG,4.500551112642215
10217,0.05980422115999199,7__mutated,PertCortex_7_CGTGAGCGTCCCTTGT,4.815673809198231
10218,0.3066542213803404,7__mutated,PertCortex_7_CGTGTAAGTTCAGTAC,2.4132665885126747
10219,0.1807862681213908,7__mutated,PertCortex_7_CGTGTAATCTGGTATG,2.9932284462315604
10220,0.26731914493079834,7__mutated,PertCortex_7_CGTGTCTAGGCGTACA,3.4391880868950158
10221,0.19247352107525698,7__mutated,PertCortex_7_CGTGTCTCAAATACAG,4.233864808996765
10222,0.1384664611470845,7__mutated,PertCortex_7_CGTGTCTGTCAGCTAT,3.8053181609480515
10223,0.07123434108719762,7__mutated,PertCortex_7_CGTTAGAAGCTGAACG,3.3607115274113912
10224,0.10000994106650085,7__mutated,PertCortex_7_CGTTCTGAGGTCATCT,3.313454969005563
10225,0.31744445533819393,7__mutated,PertCortex_7_CGTTCTGCATGGAATA,4.005819042029775
10226,0.5806917756902624,7__mutated,PertCortex_7_CGTTGGGAGCACAGGT,2.157944673192216
10227,0.21265999571767638,7__mutated,PertCortex_7_CGTTGGGCAGAGTGTG,3.8292996176791223
10228,0.36297199178026446,7__mutated,PertCortex_7_CGTTGGGGTGACAAAT,2.5688549055647307
10229,0.09938139586681619,7__mutated,PertCortex_7_CTAACTTAGATGTCGG,4.294920174162189
10230,0.2756681094558452,7__mutated,PertCortex_7_CTAACTTGTGTTGAGG,3.4331672996485483
10231,0.1904401250465365,7__mutated,PertCortex_7_CTAAGACGTGTAAGTA,3.716608946890506
10232,0.3235376281737095,7__mutated,PertCortex_7_CTAAGACTCGGAGGTA,3.607461582060135
10233,0.29126482574733165,7__mutated,PertCortex_7_CTAATGGAGGATGCGT,2.289899712550697
10234,0.29381277213237134,7__mutated,PertCortex_7_CTAATGGGTGCTTCTC,2.746762801645054
10235,0.15345314766084123,7__mutated,PertCortex_7_CTACACCAGACCTTTG,3.371707698201257
10236,0.5906612037710135,7__mutated,PertCortex_7_CTACATTGTTCGAATC,2.155952335178525
10237,0.5504334981384263,7__mutated,PertCortex_7_CTACATTTCCCAAGTA,1.9345200365936512
10238,0.15413065152812025,7__mutated,PertCortex_7_CTACCCACAATCGGTT,5.139638582614088
10239,0.14340638424637478,7__mutated,PertCortex_7_CTACCCAGTCGCGGTT,3.876446835861745
10240,0.6235825112664433,7__mutated,PertCortex_7_CTACCCAGTGCAACGA,2.09553255594699
10241,0.5684619571418358,7__mutated,PertCortex_7_CTACGTCAGGATCGCA,1.5072045393321174
10242,0.41365829077690824,7__mutated,PertCortex_7_CTAGAGTTCATCTGTT,2.7287439012629466
10243,0.04860849476758221,7__mutated,PertCortex_7_CTAGAGTTCCGCGGTA,4.328989840379931
10244,0.19805230219939374,7__mutated,PertCortex_7_CTAGCCTGTTGATTCG,3.914424049223119
10245,0.21339166203211643,7__mutated,PertCortex_7_CTAGCCTTCTCAAACG,3.7413858858134623
10246,0.23551870276372552,7__mutated,PertCortex_7_CTAGTGATCTTACCTA,3.0002126012744568
10247,0.0778291145466192,7__mutated,PertCortex_7_CTCACACAGATGTGTA,5.081181525402794
10248,0.17229742502054834,7__mutated,PertCortex_7_CTCACACCAATGGTCT,3.6273479786244507
10249,0.4903146002074084,7__mutated,PertCortex_7_CTCACACCATCCCACT,1.6189355318560055
10250,0.1017083387187573,7__mutated,PertCortex_7_CTCATTAAGTTTCCTT,4.755103167395745
10251,0.596235721803787,7__mutated,PertCortex_7_CTCATTATCAAGCCTA,2.0859110866562713
10252,0.14432603925483684,7__mutated,PertCortex_7_CTCATTATCTTGACGA,4.554544080362167
10253,0.18966842865067055,7__mutated,PertCortex_7_CTCCTAGGTCTGCCAG,3.6122101058546923
10254,0.25798624180452623,7__mutated,PertCortex_7_CTCCTAGTCAACCATG,3.36610807418683
10255,0.17802212461527187,7__mutated,PertCortex_7_CTCGAAAAGAATCTCC,3.2533545667760446
10256,0.5217553751827355,7__mutated,PertCortex_7_CTCGAAATCCCTAATT,3.0712772052617785
10257,0.1418060946699348,7__mutated,PertCortex_7_CTCGAAATCGAATGCT,4.084449724471371
10258,0.5725275450863168,7__mutated,PertCortex_7_CTCGAGGAGTAGTGCG,1.5626632364711628
10259,0.18107108301076247,7__mutated,PertCortex_7_CTCGGAGAGCACAGGT,3.7398822483710554
10260,0.29069872700203025,7__mutated,PertCortex_7_CTCGGAGGTGCACTTA,2.6394806238891007
10261,0.22452619479227662,7__mutated,PertCortex_7_CTCGTACCACTGTGTA,3.8308276901889933
10262,0.4406805345528123,7__mutated,PertCortex_7_CTCGTCAAGAGTAATC,2.220319763202238
10263,0.20624246011534567,7__mutated,PertCortex_7_CTCGTCAGTCATGCAT,2.9026541204786844
10264,0.034024453496839,7__mutated,PertCortex_7_CTCGTCATCTTATCTG,4.540572481825915
10265,0.09919134550240849,7__mutated,PertCortex_7_CTCTAATAGCAATCTC,4.012384986019669
10266,0.5237369955092558,7__mutated,PertCortex_7_CTCTAATGTGTAACGG,2.5624839764206055
10267,0.26995227861530213,7__mutated,PertCortex_7_CTCTAATTCCTACAGA,3.3671615744035113
10268,0.09315136302254008,7__mutated,PertCortex_7_CTCTACGAGAACTCGG,4.086310698018772
10269,0.5603236943409355,7__mutated,PertCortex_7_CTCTACGCAGACAAGC,1.7489748020687574
10270,0.12011404592853647,7__mutated,PertCortex_7_CTCTACGCAGCCTTTC,4.317234526305038
10271,0.5229379875409143,7__mutated,PertCortex_7_CTCTACGGTAGCGTAG,2.2392537261689114
10272,0.36905290823350956,7__mutated,PertCortex_7_CTCTACGGTGAGGCTA,2.256094535105862
10273,0.17028771494556916,7__mutated,PertCortex_7_CTCTACGGTTAGATGA,2.918115978508594
10274,0.19255761359285967,7__mutated,PertCortex_7_CTCTACGTCCGGGTGT,4.475664693899974
10275,0.21692702565859992,7__mutated,PertCortex_7_CTCTACGTCTGAGTGT,2.6306472102056215
10276,0.18632839366919132,7__mutated,PertCortex_7_CTCTACGTCTGCCAGG,3.6067717451967556
10277,0.19470115479346445,7__mutated,PertCortex_7_CTCTGGTCATCTATGG,4.434122673942499
10278,0.15075163965931387,7__mutated,PertCortex_7_CTCTGGTCATGGGAAC,4.01477290889576
10279,0.3196421327765793,7__mutated,PertCortex_7_CTCTGGTGTATAAACG,4.000043907337443
10280,0.1652257047076755,7__mutated,PertCortex_7_CTGAAACGTGACTACT,4.6756194627088625
10281,0.1864698646058951,7__mutated,PertCortex_7_CTGAAGTAGGGTTCCC,3.9703282042403463
10282,0.20649576988578344,7__mutated,PertCortex_7_CTGATCCTCCAAACTG,3.604713417192248
10283,0.43680974887457896,7__mutated,PertCortex_7_CTGCCTAAGATATACG,1.9983347788439274
10284,0.29859315723115537,7__mutated,PertCortex_7_CTGCCTACAAACCTAC,3.1437806084614888
10285,0.30218596191713093,7__mutated,PertCortex_7_CTGCCTAGTAAATGTG,3.355917224870269
10286,0.5995271818471493,7__mutated,PertCortex_7_CTGCGGATCAACTCTT,2.0049119255401853
10287,0.4372903094096539,7__mutated,PertCortex_7_CTGCTGTGTCAAAGAT,1.9692895644445971
10288,0.1035287871100521,7__mutated,PertCortex_7_CTGGTCTTCCTTGCCA,4.476509928174088
10289,0.22992289170933444,7__mutated,PertCortex_7_CTGGTCTTCTTGAGGT,3.2596291834480535
10290,0.22080949048906434,7__mutated,PertCortex_7_CTGTGCTCAAGCTGAG,2.949922613068007
10291,0.4962333322375846,7__mutated,PertCortex_7_CTGTGCTCAGGCTCAC,2.23614113733644
10292,0.6474577492133605,7__mutated,PertCortex_7_CTGTGCTGTTCAGTAC,1.8799845457510624
10293,0.11182213555206405,7__mutated,PertCortex_7_CTGTGCTTCAGGCGAA,4.1911158143771665
10294,0.07709494329740811,7__mutated,PertCortex_7_CTGTGCTTCCATGCTC,3.2303465656333374
10295,0.2899866448009757,7__mutated,PertCortex_7_CTGTTTAAGTTAGGTA,2.528911501239822
10296,0.15714559348021373,7__mutated,PertCortex_7_CTGTTTACAAATTGCC,5.146735430017095
10297,0.25505504627269165,7__mutated,PertCortex_7_CTGTTTACACAACTGT,3.8518183501206322
10298,0.5888973211260794,7__mutated,PertCortex_7_CTGTTTATCTTCGAGA,1.7564453058502383
10299,0.2667420013909499,7__mutated,PertCortex_7_CTTAACTGTCTTTCAT,3.386860141276432
10300,0.07742076358015935,7__mutated,PertCortex_7_CTTACCGTCAACACCA,4.2936683264729405
10301,0.12439052848648298,7__mutated,PertCortex_7_CTTACCGTCTCGTATT,4.663557751275368
10302,0.20409869453210935,7__mutated,PertCortex_7_CTTACCGTCTGACCTC,3.4893511366660497
10303,0.18055672566629874,7__mutated,PertCortex_7_CTTACCGTCTTTAGTC,3.614555166674143
10304,0.06160700335021523,7__mutated,PertCortex_7_CTTAGGAGTTGCCTCT,2.4996645071419143
10305,0.12140085232597358,7__mutated,PertCortex_7_CTTCTCTCACACATGT,3.3324621170215223
10306,0.5955295425745767,7__mutated,PertCortex_7_CTTTGCGCATTAGCCA,1.5815010846289508
10307,0.029009126110421165,7__mutated,PertCortex_7_GAAACTCCAAGTTCTG,3.424431738913654
10308,0.1382039013853947,7__mutated,PertCortex_7_GAAACTCCACGGATAG,2.37229270582642
10309,0.07994162744951723,7__mutated,PertCortex_7_GAAACTCTCAATACCG,4.1691610521221865
10310,0.5464611079427337,7__mutated,PertCortex_7_GAAACTCTCACCGGGT,2.346672640949196
10311,0.10614432218010147,7__mutated,PertCortex_7_GAAACTCTCGAACGGA,4.898484778336915
10312,0.23046292135019977,7__mutated,PertCortex_7_GAACATCAGCGCCTCA,3.7410615322637053
10313,0.016343603661537975,7__mutated,PertCortex_7_GAACATCCACACAGAG,3.7981852991601435
10314,0.6827216466047832,7__mutated,PertCortex_7_GAACATCTCTGCTTGC,1.7582472101884186
10315,0.1462552464283986,7__mutated,PertCortex_7_GAACCTACACGGCGTT,4.286928271300329
10316,0.18684925771186495,7__mutated,PertCortex_7_GAACCTACAGTCTTCC,3.7278669703099165
10317,0.2419196146329312,7__mutated,PertCortex_7_GAACCTAGTCCATGAT,3.0327524605017553
10318,0.16957150020920553,7__mutated,PertCortex_7_GAACCTAGTCTCTCTG,5.690071170240573
10319,0.33860329372416414,7__mutated,PertCortex_7_GAACCTATCCCTCAGT,2.9830538816832863
10320,0.6833950258974243,7__mutated,PertCortex_7_GAACCTATCGGCATCG,1.2626635773951866
10321,0.048549245585303887,7__mutated,PertCortex_7_GAAGCAGCACAGTCGC,3.981411923988025
10322,0.5150542024297983,7__mutated,PertCortex_7_GAAGCAGCAGGGTATG,1.798108103686377
10323,0.2297949512953522,7__mutated,PertCortex_7_GAAGCAGGTGATGATA,2.8751243842004603
10324,0.3962633221253246,7__mutated,PertCortex_7_GAATAAGCATGCATGT,1.8824602153838936
10325,0.15209797285090138,7__mutated,PertCortex_7_GAATAAGTCTTTAGGG,2.930719611447343
10326,0.13437130239362016,7__mutated,PertCortex_7_GAATGAAAGGACATTA,4.639428637572099
10327,0.18764358410792928,7__mutated,PertCortex_7_GAATGAAGTGATAAGT,3.2738158152379366
10328,0.21499744931078843,7__mutated,PertCortex_7_GACCAATCACAGTCGC,3.53375832241055
10329,0.15651007142304793,7__mutated,PertCortex_7_GACCTGGAGGTGCTAG,4.023412455394116
10330,0.12426878231159118,7__mutated,PertCortex_7_GACCTGGTCTGGTATG,4.154932912054143
10331,0.13036740261549093,7__mutated,PertCortex_7_GACGCGTTCCCTTGCA,3.562305969763915
10332,0.28731075850889004,7__mutated,PertCortex_7_GACGTGCGTGCAGGTA,2.376783338227683
10333,0.12231534462689725,7__mutated,PertCortex_7_GACGTTAAGACATAAC,5.096891205544886
10334,0.19792098136603875,7__mutated,PertCortex_7_GACTAACCATACAGCT,4.5502030435758005
10335,0.15028669769324401,7__mutated,PertCortex_7_GACTAACGTCGGCATC,3.430441788326984
10336,0.11975772733777239,7__mutated,PertCortex_7_GACTACAAGGCTAGGT,3.7184840858864554
10337,0.10581539093893293,7__mutated,PertCortex_7_GACTACACACATGTGT,4.008480057882203
10338,0.5365148520679359,7__mutated,PertCortex_7_GACTACACATCCGGGT,2.253389378135576
10339,0.4065563079353991,7__mutated,PertCortex_7_GACTACATCGTTACGA,1.8193613608175236
10340,0.558958644212594,7__mutated,PertCortex_7_GACTACATCTACCTGC,2.3985792542671134
10341,0.15598875146618926,7__mutated,PertCortex_7_GACTGCGCATCCTTGC,4.590077361741073
10342,0.6568169284804821,7__mutated,PertCortex_7_GACTGCGGTCGACTGC,1.8164049946356007
10343,0.21047711313952,7__mutated,PertCortex_7_GAGCAGACACCAGGCT,3.3517919655533994
10344,0.2610264693173224,7__mutated,PertCortex_7_GAGCAGAGTCGAACAG,3.4694637019711925
10345,0.3478184062003325,7__mutated,PertCortex_7_GAGCAGATCTTGGGTA,3.2058985083926146
10346,0.45991398030840325,7__mutated,PertCortex_7_GAGGTGACACCGCTAG,1.3237148745159357
10347,0.24650970578447726,7__mutated,PertCortex_7_GAGGTGACATGCGCAC,3.5840767630876598
10348,0.23155955014776636,7__mutated,PertCortex_7_GAGGTGATCATCGATG,3.7611524747557987
10349,0.5144114090650892,7__mutated,PertCortex_7_GATCAGTAGATCGGGT,2.321693681700572
10350,0.507355606888697,7__mutated,PertCortex_7_GATCGATAGAATGTTG,1.9094319411186187
10351,0.447678706140449,7__mutated,PertCortex_7_GATCGATAGGATGTAT,2.157621590933443
10352,0.7126181563941546,7__mutated,PertCortex_7_GATCGATAGTTACGGG,1.7176134698463115
10353,0.6617344291472682,7__mutated,PertCortex_7_GATCGATCACTATCTT,1.4741011633562695
10354,0.12123317344025114,7__mutated,PertCortex_7_GATCGATGTCTTCTCG,4.397882829442297
10355,0.15744885696578237,7__mutated,PertCortex_7_GATCGATTCATAGCAC,3.8537986569469966
10356,0.46930430462721573,7__mutated,PertCortex_7_GATCGATTCCAAGCCG,1.976444785212808
10357,0.11577385561818158,7__mutated,PertCortex_7_GATCGATTCGAATCCA,4.858035264481876
10358,0.11024106496434988,7__mutated,PertCortex_7_GATCGCGCATTCACTT,3.0231702960891518
10359,0.10126834275527677,7__mutated,PertCortex_7_GATCGCGGTCACACGC,2.4828268068940322
10360,0.22890355967840176,7__mutated,PertCortex_7_GATCGTAGTAGGCATG,3.042434888092075
10361,0.2718585374477728,7__mutated,PertCortex_7_GATCGTATCGATGAGG,2.861663699890939
10362,0.4649982411388917,7__mutated,PertCortex_7_GATCTAGTCCCAAGTA,1.9078386164097998
10363,0.6099168839678374,7__mutated,PertCortex_7_GATCTAGTCCCGGATG,2.006700472410494
10364,0.1888238739156019,7__mutated,PertCortex_7_GATGAAACATTGCGGC,3.8860107449914216
10365,0.5222055045684159,7__mutated,PertCortex_7_GATGAAAGTCTTGTCC,2.232416335342168
10366,0.23365844886395074,7__mutated,PertCortex_7_GATGAGGAGCATGGCA,3.310682036854151
10367,0.07687351010211718,7__mutated,PertCortex_7_GATGAGGAGCCCAGCT,4.577876033398301
10368,0.24462866100090958,7__mutated,PertCortex_7_GATGAGGGTAGAAGGA,3.7434411457504027
10369,0.6193223937811368,7__mutated,PertCortex_7_GATGAGGTCACTCTTA,1.4868146488498415
10370,0.43698583468458324,7__mutated,PertCortex_7_GATGAGGTCCGCGCAA,2.6745334386948456
10371,0.359171468783535,7__mutated,PertCortex_7_GATTCAGAGCCGTCGT,2.1733326943867977
10372,0.03729352819710612,7__mutated,PertCortex_7_GATTCAGCACATGACT,3.52974913873904
10373,0.18983383414004937,7__mutated,PertCortex_7_GCAAACTAGACAAGCC,3.3623005136907893
10374,0.4880151085524368,7__mutated,PertCortex_7_GCAAACTCAGTGGAGT,1.8600577803889105
10375,0.05113608207273435,7__mutated,PertCortex_7_GCAAACTCATGACATC,4.473469250949229
10376,0.1981525514339889,7__mutated,PertCortex_7_GCAAACTGTTATGCGT,3.693125822981423
10377,0.5492559318667803,7__mutated,PertCortex_7_GCAAACTTCAACACTG,1.680922130885947
10378,0.16516101518913878,7__mutated,PertCortex_7_GCAATCACACATGTGT,3.3020303004614324
10379,0.2452961103776729,7__mutated,PertCortex_7_GCAATCACAGTATAAG,2.052754445773531
10380,0.11501179168018161,7__mutated,PertCortex_7_GCAATCATCATAAAGG,4.49031064317038
10381,0.5169213628501327,7__mutated,PertCortex_7_GCAATCATCCACGTGG,1.6932327736098896
10382,0.15391360501879722,7__mutated,PertCortex_7_GCACATAGTAGGCTGA,3.0017026824916506
10383,0.15411388135971624,7__mutated,PertCortex_7_GCACATATCAACGGGA,3.235714115926249
10384,0.3527854059562925,7__mutated,PertCortex_7_GCACTCTCATTGGGCC,2.07888825175992
10385,0.08796716939523555,7__mutated,PertCortex_7_GCACTCTGTAAATGAC,4.078050908182536
10386,0.15546403655249394,7__mutated,PertCortex_7_GCACTCTTCGGAAACG,3.344140894206107
10387,0.16639605301908925,7__mutated,PertCortex_7_GCAGTTAGTACTCTCC,4.697087535389108
10388,0.0908664460158747,7__mutated,PertCortex_7_GCAGTTAGTATCGCAT,4.445836958499576
10389,0.6784002318116346,7__mutated,PertCortex_7_GCATACAAGCTACCGC,1.6710123570607416
10390,0.6604646637392149,7__mutated,PertCortex_7_GCATACAAGGATGGTC,1.6508542031317415
10391,0.232176311579971,7__mutated,PertCortex_7_GCATACAGTGCGAAAC,2.360596718955894
10392,0.1752535660242583,7__mutated,PertCortex_7_GCATGCGGTAACGACG,3.819668731857069
10393,0.5529026659072178,7__mutated,PertCortex_7_GCATGCGGTTCCATGA,1.99983095382155
10394,0.18972831939303858,7__mutated,PertCortex_7_GCATGTACAAGCTGGA,3.518525343578363
10395,0.5514982477668398,7__mutated,PertCortex_7_GCATGTAGTCATACTG,2.19345383680488
10396,0.05615184589130018,7__mutated,PertCortex_7_GCCAAATTCAATCTCT,4.440981288308925
10397,0.23665652322623773,7__mutated,PertCortex_7_GCGACCAGTCCTCCAT,2.685749307849487
10398,0.642179851430141,7__mutated,PertCortex_7_GCGACCAGTCTAGCGC,1.8262150472552012
10399,0.456143348756142,7__mutated,PertCortex_7_GCGCAACGTAGGAGTC,2.2099553341376486
10400,0.10482869034345056,7__mutated,PertCortex_7_GCGCAGTCAGTAAGCG,4.150288536155701
10401,0.10441231514784727,7__mutated,PertCortex_7_GCGCCAACAGCGTAAG,3.1641241865925447
10402,0.3292961263501457,7__mutated,PertCortex_7_GCGCCAATCAGTTGAC,2.229786766655604
10403,0.13777335971598662,7__mutated,PertCortex_7_GCGCGATCAGGGCATA,4.333787858214168
10404,0.1424552524426938,7__mutated,PertCortex_7_GCGCGATTCTCAAACG,3.762849122880276
10405,0.1704411139690289,7__mutated,PertCortex_7_GCGGGTTCACCGGAAA,4.445733040417279
10406,0.2420917467060821,7__mutated,PertCortex_7_GCGGGTTGTGCTGTAT,3.204954347686854
10407,0.19526244647900992,7__mutated,PertCortex_7_GCGGGTTTCAATACCG,5.029545237290817
10408,0.19212830998677888,7__mutated,PertCortex_7_GCTCCTAAGTGACTCT,3.3315684706433073
10409,0.12506568186633918,7__mutated,PertCortex_7_GCTCCTACAATGGATA,2.904095801945435
10410,0.10690420776463917,7__mutated,PertCortex_7_GCTCTGTGTATCAGTC,4.09212826499162
10411,0.2760134354841835,7__mutated,PertCortex_7_GCTCTGTTCTAAGCCA,3.2354049817872665
10412,0.10700862795701947,7__mutated,PertCortex_7_GCTCTGTTCTCTGTCG,3.084110468862351
10413,0.38146752667267964,7__mutated,PertCortex_7_GCTGCAGAGTTGAGTA,1.9020107643109436
10414,0.08492053280510607,7__mutated,PertCortex_7_GCTGCAGGTGTTCTTT,2.6894650453597104
10415,0.10052220937666649,7__mutated,PertCortex_7_GCTGCGAAGCCAGGAT,3.6153962129899826
10416,0.12981530997347346,7__mutated,PertCortex_7_GCTGCGACAACGCACC,3.369994972899174
10417,0.11975742853712758,7__mutated,PertCortex_7_GCTGCGAGTTCATGGT,3.701960197064721
10418,0.12137868727824275,7__mutated,PertCortex_7_GCTGCGATCCACGTGG,4.152625776798612
10419,0.23095574080100015,7__mutated,PertCortex_7_GCTGCTTAGGATATAC,3.5560476929684124
10420,0.12328214183707868,7__mutated,PertCortex_7_GCTGCTTGTCTAAACC,3.139311234444527
10421,0.18100242880557868,7__mutated,PertCortex_7_GCTGCTTTCCCGACTT,2.3590936699346075
10422,0.10593823825764319,7__mutated,PertCortex_7_GCTTCCAAGAGATGAG,3.9285808007163885
10423,0.13170252178065242,7__mutated,PertCortex_7_GCTTCCATCGGTGTTA,3.822781047612481
10424,0.3254435988575641,7__mutated,PertCortex_7_GCTTGAACAGAAGCAC,3.030521974192507
10425,0.05320148936781178,7__mutated,PertCortex_7_GGAAAGCAGCCTCGTG,3.452617185201726
10426,0.06812344717804092,7__mutated,PertCortex_7_GGAAAGCGTCAAAGAT,3.704031955475012
10427,0.14704570257912997,7__mutated,PertCortex_7_GGAAAGCTCAACCATG,4.347103510770396
10428,0.2845277096273018,7__mutated,PertCortex_7_GGAACTTCAAGCGCTC,2.148839447267707
10429,0.06176951013172857,7__mutated,PertCortex_7_GGAACTTCACATCCGG,4.239576770298017
10430,0.1110945348503895,7__mutated,PertCortex_7_GGAACTTTCTGTCTCG,4.971719773711855
10431,0.23380469877268387,7__mutated,PertCortex_7_GGAATAAAGCCAACAG,3.6878804187484167
10432,0.21461934298120344,7__mutated,PertCortex_7_GGAATAAGTGATGTCT,3.7256626183229686
10433,-0.012607359875240589,7__mutated,PertCortex_7_GGAATAAGTTCGTGAT,4.830271119668892
10434,0.24638217537691953,7__mutated,PertCortex_7_GGAATAATCCGTAGTA,4.86409005796213
10435,0.059581792292120586,7__mutated,PertCortex_7_GGAATAATCTTTAGGG,4.58311822420739
10436,0.15080952224035243,7__mutated,PertCortex_7_GGACAAGAGGCTAGCA,4.046900906639066
10437,0.19326583295278008,7__mutated,PertCortex_7_GGACAAGGTCTCGTTC,2.6911841628714126
10438,0.6849318953085727,7__mutated,PertCortex_7_GGACAAGTCTTGGGTA,1.6591078890543691
10439,0.4563667618982608,7__mutated,PertCortex_7_GGACAGAAGTTACCCA,2.660397700039021
10440,0.19754043275727134,7__mutated,PertCortex_7_GGACAGAGTTGGTAAA,3.671187683045223
10441,0.29452144960784943,7__mutated,PertCortex_7_GGACAGATCGCCGTGA,1.7663910261109546
10442,0.6370739708957772,7__mutated,PertCortex_7_GGACATTCAGTGGAGT,1.8338429188151044
10443,0.10236679008755355,7__mutated,PertCortex_7_GGACATTTCAGTTGAC,3.678778305020336
10444,0.14725655591010897,7__mutated,PertCortex_7_GGACATTTCATCTGTT,3.5523683933977535
10445,0.17560900391190357,7__mutated,PertCortex_7_GGACGTCCAGATGAGC,4.788844412438552
10446,0.5528603006819526,7__mutated,PertCortex_7_GGAGCAAAGAACAACT,1.5554935653881907
10447,0.22048371587977214,7__mutated,PertCortex_7_GGAGCAAAGTCCCACG,2.9330187856371657
10448,0.03629466412406483,7__mutated,PertCortex_7_GGATGTTTCCCAAGAT,2.5101874493225633
10449,0.10868139427691643,7__mutated,PertCortex_7_GGATGTTTCCCGGATG,3.2775879354785364
10450,0.10174872302988651,7__mutated,PertCortex_7_GGATTACGTACGACCC,3.062932725011323
10451,0.3450141727023981,7__mutated,PertCortex_7_GGATTACGTCGTTGTA,2.3794091051709443
10452,0.032125266679507894,7__mutated,PertCortex_7_GGCAATTAGTGGGTTG,3.6738553091261057
10453,0.07308554944759868,7__mutated,PertCortex_7_GGCGACTAGGCGATAC,3.4941097326681305
10454,0.0689641571415903,7__mutated,PertCortex_7_GGCGACTGTAGCGTCC,3.978326409564432
10455,0.03643938266270376,7__mutated,PertCortex_7_GGCTCGAAGATCCGAG,3.413925277577793
10456,0.17718757431080662,7__mutated,PertCortex_7_GGCTCGAAGTAGGTGC,4.578833952036162
10457,0.5167558883629044,7__mutated,PertCortex_7_GGCTCGAGTATTCTCT,1.9992511516976357
10458,0.2393428879483965,7__mutated,PertCortex_7_GGCTGGTCATGTCCTC,2.0624155536450064
10459,0.118555166287137,7__mutated,PertCortex_7_GGCTGGTGTTCAGCGC,2.781356018063802
10460,0.6388236533519674,7__mutated,PertCortex_7_GGCTGGTGTTCGCGAC,1.7486064711771474
10461,0.1901964653107107,7__mutated,PertCortex_7_GGCTGGTTCAGGTAAA,3.4306543594964833
10462,0.10475782112910115,7__mutated,PertCortex_7_GGCTGGTTCTCCGGTT,3.4294921701136345
10463,0.12174006644862373,7__mutated,PertCortex_7_GGGAATGAGTGGGATC,4.472111998804472
10464,0.04609105944713032,7__mutated,PertCortex_7_GGGAATGAGTGTTAGA,4.921157312373131
10465,0.18771723223364611,7__mutated,PertCortex_7_GGGACCTCAATGGAGC,3.136558664713125
10466,0.6318996876641473,7__mutated,PertCortex_7_GGGACCTCATGTCGAT,2.005797675682209
10467,0.4661125240005989,7__mutated,PertCortex_7_GGGAGATAGCTAAGAT,3.49128656916044
10468,0.22068839342479457,7__mutated,PertCortex_7_GGGATGACATCACGAT,3.248971048152847
10469,0.14449052336787993,7__mutated,PertCortex_7_GGGATGATCAGAGACG,2.710381866063115
10470,0.3499529386729945,7__mutated,PertCortex_7_GGGCACTAGTAATCCC,2.194538251359772
10471,0.6053011814684554,7__mutated,PertCortex_7_GGGCATCAGGGTGTTG,1.992391937462317
10472,0.1070694670962129,7__mutated,PertCortex_7_GGGCATCTCAACGGCC,3.6969824671549234
10473,0.1408874466900498,7__mutated,PertCortex_7_GGGTCTGCAGACTCGC,3.3667486054613565
10474,0.2958222027173125,7__mutated,PertCortex_7_GGGTCTGGTGAACCTT,3.1500232752646635
10475,0.08636352521220893,7__mutated,PertCortex_7_GGGTTGCTCGCCTGAG,4.1813067131993575
10476,0.09524633775255281,7__mutated,PertCortex_7_GGTATTGTCAGGATCT,3.9764571625588774
10477,0.05735307747851608,7__mutated,PertCortex_7_GGTGAAGAGATCCTGT,4.270711622154046
10478,0.18738536003798567,7__mutated,PertCortex_7_GGTGAAGAGATGCGAC,5.074081903600123
10479,0.6354455931146514,7__mutated,PertCortex_7_GGTGAAGAGGGCTTCC,1.854445044481121
10480,0.2363312017847396,7__mutated,PertCortex_7_GGTGCGTGTCACTTCC,3.1624570259042315
10481,0.17865121070708048,7__mutated,PertCortex_7_GGTGCGTTCAAGGTAA,4.15663153516471
10482,0.3923228097073486,7__mutated,PertCortex_7_GTAACGTGTACCGTTA,2.970979856522288
10483,0.29527315280856214,7__mutated,PertCortex_7_GTAACTGCAGGGAGAG,2.712984741866649
10484,0.20984972254810766,7__mutated,PertCortex_7_GTAACTGCATATACGC,3.048680168213743
10485,0.18284818457150798,7__mutated,PertCortex_7_GTACGTAGTAAGAGAG,3.524564973855398
10486,0.0662788586395037,7__mutated,PertCortex_7_GTACTCCAGAATTCCC,4.331006626159678
10487,0.10922546907868234,7__mutated,PertCortex_7_GTACTCCAGATGTTAG,4.570998244322898
10488,0.23914962605830808,7__mutated,PertCortex_7_GTACTCCAGTGAATTG,4.1404643514046
10489,0.24525296778601982,7__mutated,PertCortex_7_GTACTCCGTTCGGGCT,2.671686290142047
10490,0.5466457351073847,7__mutated,PertCortex_7_GTACTCCTCTGCAAGT,1.543295520693852
10491,0.06993957637099193,7__mutated,PertCortex_7_GTACTTTTCCACTGGG,4.129640203418952
10492,0.5951190811187725,7__mutated,PertCortex_7_GTACTTTTCTTGTTTG,2.0548809149088494
10493,0.14618503153500653,7__mutated,PertCortex_7_GTAGGCCAGTGGGTTG,2.813656893104445
10494,0.5548668707448925,7__mutated,PertCortex_7_GTAGGCCCACAAGTAA,1.4873276229230958
10495,0.02901846316799292,7__mutated,PertCortex_7_GTAGGCCGTCAGAAGC,3.459848518203475
10496,0.6084184930724822,7__mutated,PertCortex_7_GTAGGCCTCAGTACGT,1.9432910922268374
10497,0.3466367576074424,7__mutated,PertCortex_7_GTAGTCAAGAATTGTG,2.380659235982656
10498,0.08525376351865196,7__mutated,PertCortex_7_GTAGTCAGTCGGCATC,4.3995334543054385
10499,0.13977322227847297,7__mutated,PertCortex_7_GTATCTTAGTCATGCT,4.724296379570231
10500,0.09695382598333188,7__mutated,PertCortex_7_GTATCTTAGTGTCCCG,2.917747068880389
10501,0.19346900488375685,7__mutated,PertCortex_7_GTATCTTGTCATACTG,4.903216005804749
10502,0.24576480905452264,7__mutated,PertCortex_7_GTATTCTAGAACTGTA,2.8925776330194592
10503,0.07573348386694265,7__mutated,PertCortex_7_GTATTCTAGACAATAC,4.229847795558672
10504,0.2723027608554767,7__mutated,PertCortex_7_GTATTCTCAGCTGTTA,3.0466270648159544
10505,0.15434511389891992,7__mutated,PertCortex_7_GTATTCTTCGAATGGG,4.5818721529637845
10506,0.042871697298052354,7__mutated,PertCortex_7_GTCAAGTTCACGATGT,3.3551491001485143
10507,0.23141753999198617,7__mutated,PertCortex_7_GTCACAAGTTCGCTAA,2.7652217858389547
10508,0.16463497011054368,7__mutated,PertCortex_7_GTCACAATCACATACG,4.049822171820887
10509,0.20439532110397923,7__mutated,PertCortex_7_GTCACGGAGTCCCACG,3.3100101879083335
10510,0.1336805915172963,7__mutated,PertCortex_7_GTCACGGTCAAACCAC,2.8763897752642977
10511,0.4607241551278304,7__mutated,PertCortex_7_GTCACGGTCATGCAAC,1.3371611155921057
10512,0.1442821095521162,7__mutated,PertCortex_7_GTCATTTCATACGCCG,3.4345211447205983
10513,0.20776668925874825,7__mutated,PertCortex_7_GTCATTTCATGTCCTC,2.9905931474779557
10514,0.26996043593132624,7__mutated,PertCortex_7_GTCCTCATCAGGATCT,2.3201105895009375
10515,0.07392070058864046,7__mutated,PertCortex_7_GTCGGGTAGCGTCAAG,3.5605329218832766
10516,0.21448917548891475,7__mutated,PertCortex_7_GTCGGGTCAGATGAGC,3.718485120094795
10517,0.05391732606381041,7__mutated,PertCortex_7_GTCGTAAAGACCACGA,4.028011621998678
10518,0.28784154110201465,7__mutated,PertCortex_7_GTCGTAAAGCCAGTTT,3.173658642434476
10519,0.27732328572332976,7__mutated,PertCortex_7_GTCTTCGCAAAGGAAG,2.2747619856170904
10520,0.3898182678084789,7__mutated,PertCortex_7_GTCTTCGCATGTCTCC,1.9268739990303378
10521,0.2650117656037034,7__mutated,PertCortex_7_GTCTTCGTCCAGAAGG,3.2722458985528893
10522,0.11502548218205068,7__mutated,PertCortex_7_GTGAAGGAGCCATCGC,3.8247439739499627
10523,0.11216378576145443,7__mutated,PertCortex_7_GTGAAGGTCGGTGTCG,4.551328367112738
10524,0.29256793935479797,7__mutated,PertCortex_7_GTGCAGCCAAGCGAGT,2.1864579420422876
10525,0.10634328951384187,7__mutated,PertCortex_7_GTGCAGCCACACCGAC,3.9392255731350367
10526,0.35270335258279595,7__mutated,PertCortex_7_GTGCATAAGCGCCTCA,1.8812005685873696
10527,0.09133407922224843,7__mutated,PertCortex_7_GTGCATAAGTGCGATG,3.425362084377236
10528,0.13340086330535267,7__mutated,PertCortex_7_GTGCATACAGGTTTCA,4.282905320395683
10529,0.10221855772775672,7__mutated,PertCortex_7_GTGCATATCAGCGACC,3.7004259182908457
10530,0.10098024883092258,7__mutated,PertCortex_7_GTGCATATCGGTTCGG,5.927276396271461
10531,0.09976294168481575,7__mutated,PertCortex_7_GTGCGGTAGAAAGTGG,3.3107271873031308
10532,0.1525427086668723,7__mutated,PertCortex_7_GTGCGGTGTCTAGCGC,3.0718199664492594
10533,0.3168513673297136,7__mutated,PertCortex_7_GTGCTTCAGAATCTCC,3.022563406625022
10534,0.17901282783683373,7__mutated,PertCortex_7_GTGCTTCGTGATGCCC,3.4291193910382303
10535,0.44536869224252645,7__mutated,PertCortex_7_GTGCTTCGTTCAGTAC,2.4400295593805517
10536,0.07297560296483875,7__mutated,PertCortex_7_GTGCTTCTCACCTCGT,3.7548324723488835
10537,0.22971538949533316,7__mutated,PertCortex_7_GTGCTTCTCAGGCGAA,3.7088001160141677
10538,0.21235668755393336,7__mutated,PertCortex_7_GTGGGTCAGAAACGAG,3.7669101248455763
10539,0.5923097687175802,7__mutated,PertCortex_7_GTGGGTCTCTCTAAGG,1.9418903240391583
10540,0.0614704541026235,7__mutated,PertCortex_7_GTGTGCGAGGCGATAC,3.619895126562867
10541,0.4718710336053173,7__mutated,PertCortex_7_GTGTGCGCACTTAAGC,1.5577821874551296
10542,0.1595654952350574,7__mutated,PertCortex_7_GTGTGCGTCATGTGGT,4.0223357846525
10543,0.7013288467624447,7__mutated,PertCortex_7_GTGTGCGTCTATCCCG,1.6606817431340255
10544,0.08080419302356956,7__mutated,PertCortex_7_GTGTGCGTCTGCGTAA,4.056033588111672
10545,0.16069011144978082,7__mutated,PertCortex_7_GTGTTAGCACATCCAA,4.2956552629083475
10546,0.052387223235460925,7__mutated,PertCortex_7_GTTAAGCGTCTAGAGG,3.3242640635982696
10547,0.1519293129264791,7__mutated,PertCortex_7_GTTACAGAGCAATCTC,2.337355985610183
10548,0.09517309960544552,7__mutated,PertCortex_7_GTTACAGAGTCTCGGC,3.282734866998422
10549,0.10723188876571411,7__mutated,PertCortex_7_GTTACAGTCCGCGTTT,3.1975566176376895
10550,0.11302789039264238,7__mutated,PertCortex_7_GTTCGGGAGGTGTTAA,3.914742792190462
10551,0.5668062381387603,7__mutated,PertCortex_7_GTTCGGGAGTTAGCGG,2.3378846925045678
10552,0.4626187267440268,7__mutated,PertCortex_7_GTTCGGGGTCAAGCGA,2.107906940830758
10553,0.07227874891808056,7__mutated,PertCortex_7_GTTCGGGTCGCCATAA,3.400298578773811
10554,0.059491371232982405,7__mutated,PertCortex_7_GTTCTCGTCTGTACGA,4.455623401361776
10555,0.1060355069303218,7__mutated,PertCortex_7_GTTTCTAGTCCGTTAA,3.391401586265381
10556,0.10458200324147143,7__mutated,PertCortex_7_TAAACCGAGCCCAATT,3.6603650024679393
10557,0.23878536815109003,7__mutated,PertCortex_7_TAAACCGAGCCGCCTA,3.084219626363782
10558,0.08166461654989017,7__mutated,PertCortex_7_TAAACCGTCATTGCCC,4.359094151575274
10559,0.24152712126320025,7__mutated,PertCortex_7_TAAGAGACAGCATGAG,2.159340930097807
10560,0.4348320784647115,7__mutated,PertCortex_7_TAAGAGACATCGATTG,2.1724944192486118
10561,0.7106943967871183,7__mutated,PertCortex_7_TAAGAGAGTACCAGTT,1.5151312769612595
10562,0.09635145268845814,7__mutated,PertCortex_7_TAAGAGATCACAAACC,4.961674766580281
10563,0.30969542215422985,7__mutated,PertCortex_7_TAAGTGCTCCTTTACA,2.0136681503099845
10564,0.2490121589997394,7__mutated,PertCortex_7_TACACGACATCTATGG,3.4824062316368956
10565,0.27899309048589177,7__mutated,PertCortex_7_TACACGAGTCGAAAGC,1.702117490045319
10566,0.2908545878565488,7__mutated,PertCortex_7_TACACGATCCGAACGC,3.6473448049182142
10567,0.11203950812006269,7__mutated,PertCortex_7_TACACGATCTGGTATG,5.57581198543715
10568,0.5372387130798296,7__mutated,PertCortex_7_TACAGTGAGATCACGG,2.809531821878255
10569,0.10416924786503975,7__mutated,PertCortex_7_TACAGTGTCCAAACAC,4.118732816290161
10570,0.3242382530295956,7__mutated,PertCortex_7_TACCTATTCTCCGGTT,3.038068959961545
10571,0.5710270837700607,7__mutated,PertCortex_7_TACCTTACAGGGATTG,2.383957505235606
10572,0.0063790462318004835,7__mutated,PertCortex_7_TACGGATCAAACTGTC,3.832229101071531
10573,0.18278504129039452,7__mutated,PertCortex_7_TACGGATCAGGGTATG,5.141258796116729
10574,0.4129834095080555,7__mutated,PertCortex_7_TACGGATGTGCAGACA,2.5229833863174282
10575,0.16296162808416062,7__mutated,PertCortex_7_TACGGTAAGCGTTCCG,3.540431108902832
10576,0.16051895940938107,7__mutated,PertCortex_7_TACGGTACAAGCCTAT,2.4743831887424594
10577,0.542775268646866,7__mutated,PertCortex_7_TACGGTACATCTATGG,2.5907504653671047
10578,0.17666736367642183,7__mutated,PertCortex_7_TACGGTACATGACATC,4.133737720238492
10579,0.4824170934048668,7__mutated,PertCortex_7_TACTCATCACGAAAGC,2.0533248434858877
10580,0.09904169539559474,7__mutated,PertCortex_7_TACTCATTCGCATGGC,3.7241699488999704
10581,0.1244719457844275,7__mutated,PertCortex_7_TACTCGCAGCTAGCCC,1.8845351070808392
10582,0.4522565652497993,7__mutated,PertCortex_7_TACTCGCAGGGCTTGA,2.438335844148947
10583,0.7005131282848636,7__mutated,PertCortex_7_TACTCGCCACCGGAAA,1.6008784508409877
10584,0.13487844753131353,7__mutated,PertCortex_7_TACTCGCGTAGCGCTC,4.223984356187788
10585,0.12990362165513913,7__mutated,PertCortex_7_TACTCGCTCCTAGTGA,4.5383713915765584
10586,0.055933107176642745,7__mutated,PertCortex_7_TACTTACGTATGAATG,3.4252240474839066
10587,0.19325565016663948,7__mutated,PertCortex_7_TACTTGTGTCCGTTAA,2.764960397387211
10588,0.13082839689914183,7__mutated,PertCortex_7_TAGACCACACAGCCCA,2.859230786588135
10589,0.06661845190379748,7__mutated,PertCortex_7_TAGAGCTGTTACGCGC,3.9586543426502
10590,0.627442315797219,7__mutated,PertCortex_7_TAGCCGGTCATTGCCC,1.4530706570592444
10591,0.12921571529450573,7__mutated,PertCortex_7_TAGGCATAGGGTCTCC,3.7034301026645915
10592,0.2763207881468349,7__mutated,PertCortex_7_TAGGCATCAAGGTGTG,2.7088895149886203
10593,0.6927472758940891,7__mutated,PertCortex_7_TAGTGGTAGGATATAC,1.6638699556013863
10594,0.10621723007785437,7__mutated,PertCortex_7_TAGTGGTTCCGCTGTT,3.282716278859526
10595,0.1795539635677687,7__mutated,PertCortex_7_TAGTTGGCAAGGTTTC,2.818503629217731
10596,0.40892581120649235,7__mutated,PertCortex_7_TATCAGGAGAAAGTGG,2.7481608833087496
10597,0.5583460449328732,7__mutated,PertCortex_7_TATCAGGAGCATGGCA,2.4499060823162018
10598,0.5027005627283233,7__mutated,PertCortex_7_TATCTCAGTCACTTCC,2.37944292586077
10599,0.5786143973245976,7__mutated,PertCortex_7_TATCTCATCCGATATG,1.5231877219348837
10600,0.7778860548466291,7__mutated,PertCortex_7_TATCTCATCTAACCGA,1.359293726273464
10601,0.22966829247505874,7__mutated,PertCortex_7_TATCTCATCTTTACGT,3.632831819154353
10602,0.3596045710384097,7__mutated,PertCortex_7_TATGCCCAGGTCGGAT,2.282853714814216
10603,0.1018304899480609,7__mutated,PertCortex_7_TATTACCTCAGAAATG,3.864069762716934
10604,0.1014792298353014,7__mutated,PertCortex_7_TCAACGAAGTTCCACA,3.9106881250467427
10605,0.1042302957819057,7__mutated,PertCortex_7_TCAACGACAATACGCT,5.399571006710128
10606,0.1311084267379945,7__mutated,PertCortex_7_TCAACGACAGGGTTAG,4.467470234012638
10607,0.1610509431149271,7__mutated,PertCortex_7_TCAACGATCTCTTGAT,3.5179737293657776
10608,0.28656381763869876,7__mutated,PertCortex_7_TCACAAGGTTGAGTTC,3.180415902812487
10609,0.18981474570532345,7__mutated,PertCortex_7_TCACAAGTCATTGCCC,3.1776752991079493
10610,0.11003137673290402,7__mutated,PertCortex_7_TCACGAACACGCCAGT,3.5794889735179805
10611,0.17615261268520901,7__mutated,PertCortex_7_TCACGAAGTTAAAGTG,3.9700300336947376
10612,0.12051674971373186,7__mutated,PertCortex_7_TCAGCAACATCGGAAG,4.007969937819163
10613,0.20298808382485894,7__mutated,PertCortex_7_TCAGCAAGTATCAGTC,2.9311085538188855
10614,0.25374042693357807,7__mutated,PertCortex_7_TCAGCAAGTGCCTGGT,3.482640782297852
10615,0.32428996049634295,7__mutated,PertCortex_7_TCAGCTCAGTCGTTTG,1.9546268019137356
10616,0.428292695479873,7__mutated,PertCortex_7_TCAGCTCAGTGTTGAA,1.9853305408751696
10617,0.24132581856781174,7__mutated,PertCortex_7_TCAGCTCCAATGTAAG,3.2681025696110018
10618,0.05863172676474204,7__mutated,PertCortex_7_TCAGCTCCACCTCGGA,3.909039440191556
10619,0.10793958757544105,7__mutated,PertCortex_7_TCAGCTCCAGTATAAG,4.616492995831874
10620,0.10657930453799822,7__mutated,PertCortex_7_TCAGGATGTAGCTAAA,4.002888510418673
10621,0.07831217729004404,7__mutated,PertCortex_7_TCAGGTAAGCACCGTC,2.9091523223150446
10622,0.6285907439402292,7__mutated,PertCortex_7_TCATTACAGGCCCTCA,2.0351404640409885
10623,0.4278115185345905,7__mutated,PertCortex_7_TCATTACAGTACGTAA,2.111567147575771
10624,0.2182898776655655,7__mutated,PertCortex_7_TCATTACCACGAGAGT,3.105672206941315
10625,0.09838117746821068,7__mutated,PertCortex_7_TCATTACCATACTACG,3.926924209441439
10626,0.5893114427548805,7__mutated,PertCortex_7_TCATTTGAGGCATGGT,2.265386894814864
10627,0.16363278844629464,7__mutated,PertCortex_7_TCATTTGCACGGCGTT,3.795133053873581
10628,0.23656364768570984,7__mutated,PertCortex_7_TCATTTGTCGCCAAAT,3.367873592239351
10629,0.21762314209692132,7__mutated,PertCortex_7_TCCACACAGACGACGT,3.702144795812097
10630,0.08923718413805402,7__mutated,PertCortex_7_TCCACACCAATGGATA,4.350624095705072
10631,0.1068542310200148,7__mutated,PertCortex_7_TCCACACGTGTCGCTG,4.955764648575633
10632,0.1793808238247599,7__mutated,PertCortex_7_TCCACACGTTCGTTGA,4.579720413543527
10633,0.14371152834131762,7__mutated,PertCortex_7_TCCCGATTCAGTTCGA,4.05852267063378
10634,0.17295077277745874,7__mutated,PertCortex_7_TCGAGGCGTCCGACGT,3.5700644692116175
10635,0.5782669588790211,7__mutated,PertCortex_7_TCGAGGCGTTGACGTT,1.6609196383412723
10636,0.14656708034318747,7__mutated,PertCortex_7_TCGAGGCGTTGGAGGT,3.8146990410716906
10637,0.07810970160030804,7__mutated,PertCortex_7_TCGAGGCTCTACTCAT,4.1450253883035275
10638,0.227343943434375,7__mutated,PertCortex_7_TCGCGAGGTAGCTCCG,3.539063211751192
10639,0.17803174925995469,7__mutated,PertCortex_7_TCGCGAGGTCAAAGAT,3.487419237660447
10640,0.09917711688093422,7__mutated,PertCortex_7_TCGCGAGGTGAGTGAC,4.679439210136774
10641,0.572885810983743,7__mutated,PertCortex_7_TCGCGAGGTGTCTGAT,2.4059011100309133
10642,0.21710802913926527,7__mutated,PertCortex_7_TCGCGAGTCGGACAAG,3.792827154405555
10643,0.031743912028592745,7__mutated,PertCortex_7_TCGCGTTGTACCGAGA,3.393234552800304
10644,0.25786003999452656,7__mutated,PertCortex_7_TCGCGTTGTAGCGTCC,3.5150780285585714
10645,0.17618684093485168,7__mutated,PertCortex_7_TCGGGACCAGACACTT,3.945769383515796
10646,0.06031172328839953,7__mutated,PertCortex_7_TCGGTAATCGGTTCGG,3.968226734997105
10647,0.09669216393701481,7__mutated,PertCortex_7_TCGTACCAGGTTACCT,3.9248728371330333
10648,0.18203057644687473,7__mutated,PertCortex_7_TCTATTGGTGACTACT,3.556929375082874
10649,0.24715108643903858,7__mutated,PertCortex_7_TCTATTGTCTATCCCG,3.8662778561107727
10650,0.047194578823279314,7__mutated,PertCortex_7_TCTATTGTCTCCAGGG,3.9488935590147776
10651,0.5641658339823636,7__mutated,PertCortex_7_TCTCATATCAGCAACT,2.1665086621626144
10652,0.054562552397640914,7__mutated,PertCortex_7_TCTCATATCCTTGACC,4.313269345121715
10653,0.17870469620316742,7__mutated,PertCortex_7_TCTCTAACACAGATTC,4.029419554686781
10654,0.6443375951905729,7__mutated,PertCortex_7_TCTCTAACACCAACCG,1.9318761847366703
10655,0.6437365804075774,7__mutated,PertCortex_7_TCTCTAACATTGTGCA,1.8233019030511355
10656,0.5944122937131799,7__mutated,PertCortex_7_TCTCTAAGTTTCGCTC,2.3466904633156047
10657,0.18011113459880515,7__mutated,PertCortex_7_TCTGAGAGTCATACTG,2.156242230005195
10658,0.20833533189129283,7__mutated,PertCortex_7_TCTGGAACAATAAGCA,3.70283651660688
10659,0.09623895031362988,7__mutated,PertCortex_7_TCTGGAACAATCACAC,4.447406380865777
10660,0.34025663872699835,7__mutated,PertCortex_7_TCTGGAAGTCGAGATG,2.2000124423463094
10661,0.4449849974414362,7__mutated,PertCortex_7_TCTGGAATCCCTCTTT,2.3739536762145534
10662,0.12712956528033748,7__mutated,PertCortex_7_TCTTCGGGTAAGAGGA,4.872606093834926
10663,0.38566539608894274,7__mutated,PertCortex_7_TCTTCGGTCGCAAACT,1.5511848235313928
10664,0.39570282128018935,7__mutated,PertCortex_7_TCTTTCCAGGATGGTC,1.9739660792011402
10665,0.155592594864069,7__mutated,PertCortex_7_TCTTTCCAGGGTCTCC,2.9361911107010306
10666,0.08349254913330587,7__mutated,PertCortex_7_TCTTTCCAGTGCCATT,2.4492700679114896
10667,0.5559705095754398,7__mutated,PertCortex_7_TCTTTCCTCCTTGACC,2.2415069259962674
10668,0.09026633515383121,7__mutated,PertCortex_7_TGAAAGAAGCTGAACG,3.5090270293542636
10669,0.10943195059246673,7__mutated,PertCortex_7_TGAAAGAAGTGTTAGA,3.492130977115674
10670,0.15402108182348065,7__mutated,PertCortex_7_TGACAACAGAAGGCCT,3.6388909066837716
10671,0.2113452309054344,7__mutated,PertCortex_7_TGACGGCAGAGGTAGA,3.605491048431076
10672,0.10827382690602466,7__mutated,PertCortex_7_TGACGGCCACCTCGTT,3.4293420295852006
10673,0.7651886549408975,7__mutated,PertCortex_7_TGACGGCCAGGTCTCG,1.3830395449547472
10674,0.13494930887707504,7__mutated,PertCortex_7_TGACTAGAGCTACCGC,3.1615554416436127
10675,0.23354210591926156,7__mutated,PertCortex_7_TGACTAGGTCAAGCGA,3.350834691326128
10676,0.24248122507422537,7__mutated,PertCortex_7_TGAGAGGAGTCAATAG,4.43284527151169
10677,0.12371367264266316,7__mutated,PertCortex_7_TGAGAGGCATTCTTAC,4.6784188182889395
10678,0.07619109822606547,7__mutated,PertCortex_7_TGAGCCGAGGTGGGTT,3.9355853074064533
10679,0.1764179240494466,7__mutated,PertCortex_7_TGAGGGAAGTGGAGTC,5.069022574647746
10680,0.06995010682733868,7__mutated,PertCortex_7_TGCACCTAGCCCGAAA,3.9494789495009064
10681,0.10775190304378418,7__mutated,PertCortex_7_TGCACCTCACACAGAG,4.3474331639461665
10682,0.17600436579418224,7__mutated,PertCortex_7_TGCACCTCAGGAATGC,3.595694781217886
10683,0.04808972260279633,7__mutated,PertCortex_7_TGCCAAATCTAGCACA,3.538851437629644
10684,0.21124456058657531,7__mutated,PertCortex_7_TGCCCATGTTTCGCTC,3.681947381721218
10685,0.08692196587049085,7__mutated,PertCortex_7_TGCCCATTCTGTTTGT,3.7829501829809695
10686,0.08683786512843664,7__mutated,PertCortex_7_TGCCCTATCTACCAGA,4.04674926325093
10687,0.10285856212364958,7__mutated,PertCortex_7_TGCGCAGCATCAGTCA,4.144508085704005
10688,0.029365340885580477,7__mutated,PertCortex_7_TGCGCAGGTAAACACA,3.0567209478695214
10689,0.05558391721290314,7__mutated,PertCortex_7_TGCGCAGGTCGCTTCT,3.6695957422432492
10690,0.4566989631908391,7__mutated,PertCortex_7_TGCGCAGGTGGTACAG,2.426643060674009
10691,0.334797658653926,7__mutated,PertCortex_7_TGCGGGTCAAACCTAC,2.148307162208508
10692,0.1944633025666937,7__mutated,PertCortex_7_TGCGGGTGTTGACGTT,4.040199039035603
10693,0.07465876373230189,7__mutated,PertCortex_7_TGCGGGTTCAGAGACG,3.0525727130017937
10694,0.17477851575815304,7__mutated,PertCortex_7_TGCGGGTTCAGGTTCA,3.975242921747106
10695,0.7097672174921323,7__mutated,PertCortex_7_TGCGGGTTCCTAGTGA,1.6851620524545612
10696,0.2176730593887781,7__mutated,PertCortex_7_TGCGTGGCAGATAATG,3.6064334168139918
10697,0.09232319916389921,7__mutated,PertCortex_7_TGCGTGGTCAGGCGAA,3.6119655650356925
10698,0.5879270892780895,7__mutated,PertCortex_7_TGCGTGGTCATATCGG,2.1777411980259505
10699,0.12676296413890029,7__mutated,PertCortex_7_TGCTACCGTAAATGTG,1.8935706836052926
10700,0.5204546122112571,7__mutated,PertCortex_7_TGCTGCTAGAATAGGG,2.495674328351495
10701,0.2687846506068835,7__mutated,PertCortex_7_TGCTGCTCACTGTCGG,2.6830786443015433
10702,0.14416310009715655,7__mutated,PertCortex_7_TGCTGCTCATTGCGGC,3.514528363311173
10703,0.6177264153595384,7__mutated,PertCortex_7_TGGACGCCAGCGAACA,2.065397272523126
10704,0.1445620987679979,7__mutated,PertCortex_7_TGGCCAGCACACCGCA,4.503621506183777
10705,0.4459310324264962,7__mutated,PertCortex_7_TGGCCAGCATCAGTAC,2.010189597748837
10706,0.20409740977678417,7__mutated,PertCortex_7_TGGCCAGTCTCGGACG,3.8776408786414875
10707,0.12364313577310901,7__mutated,PertCortex_7_TGGCGCATCGCAGGCT,2.5409593991426576
10708,0.6067568286355374,7__mutated,PertCortex_7_TGGCTGGTCACTTCAT,2.050257883352165
10709,0.16561649697951558,7__mutated,PertCortex_7_TGGGAAGAGACTAGGC,4.347017913953145
10710,0.0049677399392398435,7__mutated,PertCortex_7_TGGGAAGGTCTTGATG,3.5287183620144624
10711,0.6921988102621673,7__mutated,PertCortex_7_TGGGAAGTCATGTCCC,1.2558282034950672
10712,0.02679205062830808,7__mutated,PertCortex_7_TGGTTAGTCCGCATCT,4.30639389764431
10713,0.2603973851180293,7__mutated,PertCortex_7_TGGTTCCCAGGCAGTA,2.608135902510878
10714,0.024931389408903288,7__mutated,PertCortex_7_TGGTTCCTCCACGTTC,3.7164685407041036
10715,0.07614569351582667,7__mutated,PertCortex_7_TGGTTCCTCGTTACGA,4.168019934363501
10716,0.19991525279762037,7__mutated,PertCortex_7_TGTATTCCACCTGGTG,4.781850054744125
10717,0.2800764035170692,7__mutated,PertCortex_7_TGTCCCAAGTGTCTCA,2.0955539730918136
10718,0.11445843342194217,7__mutated,PertCortex_7_TGTCCCACAAGAGTCG,3.354869669462717
10719,0.10435728612194202,7__mutated,PertCortex_7_TGTTCCGGTCATGCAT,3.293925365344626
10720,0.12965797475635035,7__mutated,PertCortex_7_TTAACTCAGAAGGACA,4.275616851924659
10721,0.27013955435476217,7__mutated,PertCortex_7_TTAACTCCATGTAAGA,3.3451573746730285
10722,0.14378065064649906,7__mutated,PertCortex_7_TTAACTCGTTACGGAG,4.010623088329455
10723,0.11245032196495226,7__mutated,PertCortex_7_TTAACTCTCGACAGCC,3.6323705132236617
10724,0.08814925255199904,7__mutated,PertCortex_7_TTAGGACCATCTCGCT,3.956387563908687
10725,0.473163482565686,7__mutated,PertCortex_7_TTAGGACTCAAGGCTT,2.016198695529759
10726,0.08653941511518284,7__mutated,PertCortex_7_TTAGGCAAGTACGACG,2.9804620421035386
10727,0.2933313435589823,7__mutated,PertCortex_7_TTAGGCAAGTGCGTGA,2.2348951101493357
10728,0.5776236291685353,7__mutated,PertCortex_7_TTAGGCAGTCGGCATC,2.2187372888460177
10729,0.2536830686362526,7__mutated,PertCortex_7_TTAGTTCTCTTGCAAG,2.500564111267846
10730,0.23335902229060876,7__mutated,PertCortex_7_TTATGCTAGGTACTCT,2.9675932285569053
10731,0.07668222300974835,7__mutated,PertCortex_7_TTATGCTGTACGACCC,3.8987702078970847
10732,0.07500975612233171,7__mutated,PertCortex_7_TTATGCTTCTCACATT,4.451776911930118
10733,0.11572351008440233,7__mutated,PertCortex_7_TTCCCAGGTATATCCG,4.971775094821569
10734,0.5780143674895059,7__mutated,PertCortex_7_TTCCCAGGTCATACTG,2.12161953265109
10735,0.2237148158127322,7__mutated,PertCortex_7_TTCCCAGGTGCATCTA,3.4951896362079315
10736,0.2832362924335663,7__mutated,PertCortex_7_TTCCCAGTCGTTTGCC,3.339422885187353
10737,0.297692595629494,7__mutated,PertCortex_7_TTCGAAGAGCCACGCT,2.2034949179422165
10738,0.20105821404378826,7__mutated,PertCortex_7_TTCGAAGAGGAGTTTA,3.095600456227379
10739,0.19364963861335063,7__mutated,PertCortex_7_TTCGAAGGTGATAAAC,4.708655385915252
10740,0.4096488543085583,7__mutated,PertCortex_7_TTCGAAGGTGGCGAAT,2.2396700835455463
10741,0.2702752042462926,7__mutated,PertCortex_7_TTCGAAGGTTAAGACA,3.4446215049671998
10742,0.1258672552309695,7__mutated,PertCortex_7_TTCGGTCAGTTGAGTA,4.68124606966636
10743,0.5621958204341281,7__mutated,PertCortex_7_TTCTACACAAACCTAC,2.1966310306419863
10744,0.7303847584293275,7__mutated,PertCortex_7_TTCTACATCGGCCGAT,1.4701065456374294
10745,0.16515876524339634,7__mutated,PertCortex_7_TTCTCCTAGTGTACCT,4.237604111490891
10746,0.5878272639211944,7__mutated,PertCortex_7_TTCTCCTCACGGTGTC,1.8789855629864154
10747,0.1744899667912873,7__mutated,PertCortex_7_TTCTCCTTCGGCCGAT,3.539352228888335
10748,0.7007916520994083,7__mutated,PertCortex_7_TTCTTAGCATAGGATA,1.594955030047784
10749,0.5251289074941186,7__mutated,PertCortex_7_TTCTTAGGTAAGTAGT,1.7983416827231404
10750,0.38689177294811494,7__mutated,PertCortex_7_TTGAACGAGGCCCGTT,1.808908069664201
10751,0.5735579303644365,7__mutated,PertCortex_7_TTGAACGAGGGTCTCC,2.0225369839152676
10752,0.6788665271361047,7__mutated,PertCortex_7_TTGAACGCACATTTCT,1.8317159554992668
10753,0.11516934270979934,7__mutated,PertCortex_7_TTGACTTGTAGCCTCG,4.203985177254561
10754,0.07341539780303842,7__mutated,PertCortex_7_TTGCCGTAGGGCTCTC,4.2225404705240335
10755,0.03565073308793153,7__mutated,PertCortex_7_TTGCGTCAGATAGGAG,2.906532037257869
10756,0.04640200847230082,7__mutated,PertCortex_7_TTGGAACAGCAGCGTA,3.8542301563832524
10757,0.1517485934662803,7__mutated,PertCortex_7_TTGGAACAGTCGTACT,3.186341062689045
10758,0.10661781155315618,7__mutated,PertCortex_7_TTGGAACCACCCATGG,4.072557974847853
10759,0.18941743515960166,7__mutated,PertCortex_7_TTGGAACGTCTCATCC,4.481467841459384
10760,0.1322902366038632,7__mutated,PertCortex_7_TTGGAACTCTTCATGT,4.242525217727694
10761,0.0807073873161301,7__mutated,PertCortex_7_TTGGCAAAGATCACGG,4.0174746957608924
10762,0.171826394996094,7__mutated,PertCortex_7_TTGGCAACACGGACAA,2.6670788093697473
10763,0.22444076468219412,7__mutated,PertCortex_7_TTGGCAACAGTCTTCC,2.144837191721821
10764,0.20696375799797662,7__mutated,PertCortex_7_TTGGCAAGTCCCTACT,3.021677743486905
10765,0.04750319219470255,7__mutated,PertCortex_7_TTGGCAAGTTTGACTG,4.57109370777703
10766,0.1942885948308884,7__mutated,PertCortex_7_TTGTAGGAGCAGACTG,4.561966307079557
10767,0.6237764042770749,7__mutated,PertCortex_7_TTTACTGAGACAAGCC,2.0664849217981214
10768,0.30328499763769523,7__mutated,PertCortex_7_TTTACTGAGCAATCTC,2.5540686263780876
10769,0.6170523491169221,7__mutated,PertCortex_7_TTTATGCTCTACTTAC,2.0783350412972674
10770,0.17558792313258628,7__mutated,PertCortex_7_TTTCCTCGTCATCCCT,2.03758057465121
10771,0.12357434410890951,7__mutated,PertCortex_7_TTTCCTCTCAGAGCTT,4.248667747568293
10772,0.1841008701610417,7__mutated,PertCortex_7_TTTGCGCAGATATGGT,3.467301456899667
10773,0.2123722134218165,7__mutated,PertCortex_7_TTTGCGCCACATTCGA,2.414158907181255
10774,0.19012045369951022,7__mutated,PertCortex_7_TTTGGTTCAGCGAACA,4.5028839166417605
10775,0.2187266073030259,7__mutated,PertCortex_7_TTTGGTTTCTTAGCCC,3.2335559233741704
10776,0.23989579592881724,7__mutated,PertCortex_7_TTTGTCACAAACCCAT,3.4158370072571134
10777,0.5894203160367039,8__mutated,PertCortex_8_AAACCTGAGGACGAAA,1.7655507024688164
10778,0.02340820313429186,8__mutated,PertCortex_8_AAACCTGCAAGTCTAC,2.983508739016599
10779,0.5825440243517065,8__mutated,PertCortex_8_AAACCTGGTCAAAGCG,2.063609037784862
10780,0.054109990643374566,8__mutated,PertCortex_8_AAACCTGTCAGGTAAA,4.345770983915969
10781,0.07790127892554362,8__mutated,PertCortex_8_AAACCTGTCCGTAGTA,3.3394326211643386
10782,0.1945206711215029,8__mutated,PertCortex_8_AAACCTGTCTGTCTAT,3.6547589299283354
10783,0.06297871284324152,8__mutated,PertCortex_8_AAACGGGCAAACCTAC,2.8185622817255984
10784,0.07583779402689983,8__mutated,PertCortex_8_AAACGGGCATATGAGA,4.055176733038951
10785,0.16644880010543206,8__mutated,PertCortex_8_AAACGGGGTACCCAAT,2.96923196610612
10786,0.20004250255715839,8__mutated,PertCortex_8_AAACGGGGTCACCTAA,3.22293412218885
10787,0.1997999705649264,8__mutated,PertCortex_8_AAACGGGTCACCCGAG,3.5411423062766674
10788,0.14113340945384087,8__mutated,PertCortex_8_AAAGATGAGCCAGAAC,3.435644521067065
10789,0.09708178077518198,8__mutated,PertCortex_8_AAAGATGAGGTAGCCA,2.3925006771398283
10790,0.1204624369900312,8__mutated,PertCortex_8_AAAGATGGTCATATCG,3.373961027276165
10791,0.12538791372421385,8__mutated,PertCortex_8_AAAGATGTCGCCCTTA,3.2120040693068885
10792,-0.004275889087908234,8__mutated,PertCortex_8_AAAGCAAAGCTGGAAC,2.325556632462399
10793,0.1490140822132224,8__mutated,PertCortex_8_AAAGCAAGTCAGTGGA,3.819390787591806
10794,0.09354075274448363,8__mutated,PertCortex_8_AAAGCAAGTTTGACTG,4.187525096207595
10795,0.05065474742348116,8__mutated,PertCortex_8_AAAGCAATCAACGCTA,4.48300192170146
10796,0.3442326508089957,8__mutated,PertCortex_8_AAAGCAATCCACTGGG,2.4104041773512046
10797,0.24302457146751857,8__mutated,PertCortex_8_AAAGCAATCCGAAGAG,2.7801400636912117
10798,0.22155310568717282,8__mutated,PertCortex_8_AAAGTAGAGATTACCC,2.713869522161666
10799,0.19904892990136647,8__mutated,PertCortex_8_AAAGTAGAGGAGTACC,5.121130451374645
10800,0.20203822861684623,8__mutated,PertCortex_8_AAAGTAGAGGTCGGAT,3.273639635624725
10801,0.007146140655454656,8__mutated,PertCortex_8_AAAGTAGCACATGTGT,3.2544841866881042
10802,0.19787022713804117,8__mutated,PertCortex_8_AAAGTAGCAGCCTTGG,5.242703287418327
10803,0.06723996955764625,8__mutated,PertCortex_8_AAAGTAGCATACGCCG,2.852837946677002
10804,0.1471997279263181,8__mutated,PertCortex_8_AAAGTAGCATCCTAGA,2.6883327646391892
10805,0.16690866065523258,8__mutated,PertCortex_8_AAAGTAGGTGCCTGGT,3.999893422421128
10806,0.24403734193891882,8__mutated,PertCortex_8_AAAGTAGGTTTGCATG,2.7060954125902046
10807,0.15528971962430665,8__mutated,PertCortex_8_AAAGTAGTCAGGTTCA,3.2784786137604582
10808,0.03736339591122938,8__mutated,PertCortex_8_AAAGTAGTCCAAGCCG,4.24836856442719
10809,0.23510560712250997,8__mutated,PertCortex_8_AAATGCCCAAGACACG,2.3907760454904383
10810,0.1361084963218783,8__mutated,PertCortex_8_AAATGCCCAAGTCATC,3.809564777134375
10811,0.3776587115799749,8__mutated,PertCortex_8_AAATGCCTCCGCGGTA,1.9718856285859028
10812,0.17570370523556883,8__mutated,PertCortex_8_AACACGTAGACTGGGT,3.2316524183478488
10813,0.3714337324225678,8__mutated,PertCortex_8_AACACGTAGGTCATCT,2.057127037356667
10814,0.1451458376973038,8__mutated,PertCortex_8_AACACGTCAAGGTGTG,4.642070086696233
10815,0.19260618849742545,8__mutated,PertCortex_8_AACACGTCACTCTGTC,3.692687772975481
10816,0.042653248071356065,8__mutated,PertCortex_8_AACACGTCAGTATGCT,3.3489440740053174
10817,0.6055747820355574,8__mutated,PertCortex_8_AACACGTGTAGCCTAT,1.8312204139321875
10818,0.041731608209370503,8__mutated,PertCortex_8_AACACGTGTCTCCATC,3.5960660453203537
10819,0.4132687849503988,8__mutated,PertCortex_8_AACACGTTCTGGCGAC,2.261709178274549
10820,0.13488839789007614,8__mutated,PertCortex_8_AACCATGAGTACGCGA,2.3624373102709635
10821,0.19070368410242577,8__mutated,PertCortex_8_AACCATGCACGGCTAC,2.9281441901342453
10822,0.3149475586745426,8__mutated,PertCortex_8_AACCATGCAGGTCTCG,3.326399313490279
10823,0.16595807269357193,8__mutated,PertCortex_8_AACCATGCATTCTCAT,3.3835097222776245
10824,0.2145778743638898,8__mutated,PertCortex_8_AACCATGCATTGTGCA,3.0054016412683997
10825,0.638687019838648,8__mutated,PertCortex_8_AACCATGGTAAACCTC,2.0396616280911517
10826,0.08529020420361423,8__mutated,PertCortex_8_AACCATGGTATGAAAC,3.9846973562943093
10827,0.08065573045258428,8__mutated,PertCortex_8_AACCATGGTGCTTCTC,3.577760013355886
10828,0.5082984681033763,8__mutated,PertCortex_8_AACCGCGAGGTACTCT,2.426543642329856
10829,0.1807995764177028,8__mutated,PertCortex_8_AACCGCGGTAGGGACT,4.557731550689157
10830,0.20514328494878106,8__mutated,PertCortex_8_AACCGCGGTATAATGG,4.592491722980844
10831,0.35484256040439655,8__mutated,PertCortex_8_AACCGCGGTCTTGTCC,2.03464126661598
10832,0.2601146190833751,8__mutated,PertCortex_8_AACCGCGTCCTCAACC,2.178034221386463
10833,0.2632948323676091,8__mutated,PertCortex_8_AACGTTGCATATGGTC,1.9141678215661524
10834,0.5808382059907877,8__mutated,PertCortex_8_AACGTTGTCCAACCAA,1.9405259124146963
10835,0.07954381022850383,8__mutated,PertCortex_8_AACGTTGTCTCCAGGG,4.089386226522953
10836,0.08837573667635268,8__mutated,PertCortex_8_AACTCAGAGCACACAG,4.867046642126366
10837,0.03899409018341602,8__mutated,PertCortex_8_AACTCAGCAAGGTTTC,4.380064947852612
10838,0.0446311972755512,8__mutated,PertCortex_8_AACTCAGGTCTTTCAT,3.4900774252974025
10839,0.04473359220319594,8__mutated,PertCortex_8_AACTCAGTCATGCAAC,3.1753316830538014
10840,0.09155580800891251,8__mutated,PertCortex_8_AACTCCCAGGTGATTA,3.5370704825811767
10841,0.33593856864391286,8__mutated,PertCortex_8_AACTCCCGTACTCAAC,2.331691255124938
10842,0.09076405464231838,8__mutated,PertCortex_8_AACTCCCGTTATGTGC,4.5066947491505385
10843,0.15024278688549866,8__mutated,PertCortex_8_AACTCCCTCGGCTACG,2.961625819755577
10844,0.03537749239149027,8__mutated,PertCortex_8_AACTCTTAGCTGTCTA,4.271286315655827
10845,0.1562750766828787,8__mutated,PertCortex_8_AACTCTTCAGAGTGTG,2.834707642155189
10846,0.14939996904184277,8__mutated,PertCortex_8_AACTCTTCAGTATGCT,2.9105419549869755
10847,0.4353772924667387,8__mutated,PertCortex_8_AACTCTTTCCAAATGC,2.9586452824206044
10848,0.5751866430573263,8__mutated,PertCortex_8_AACTGGTAGTCACGCC,2.0269423511060425
10849,0.17533143389819902,8__mutated,PertCortex_8_AACTGGTCATCCGCGA,3.596766782043019
10850,0.036839996291133346,8__mutated,PertCortex_8_AACTGGTGTGGTCTCG,3.5939212928152577
10851,0.0876830191876164,8__mutated,PertCortex_8_AACTGGTTCCACTGGG,3.59844626470769
10852,0.0802608769113215,8__mutated,PertCortex_8_AACTTTCAGGACAGAA,3.666988655349361
10853,0.13613034712513172,8__mutated,PertCortex_8_AACTTTCGTCAATGTC,4.093571364273708
10854,0.04819423252553797,8__mutated,PertCortex_8_AACTTTCGTTCGTCTC,4.371310468969383
10855,0.1818377156153761,8__mutated,PertCortex_8_AAGACCTAGTGACATA,2.693970092884428
10856,0.24545046877207216,8__mutated,PertCortex_8_AAGACCTTCACTCCTG,3.039143340304101
10857,0.12677657869161565,8__mutated,PertCortex_8_AAGACCTTCTACGAGT,3.0393685682407527
10858,0.05318999354869714,8__mutated,PertCortex_8_AAGCCGCCACCACCAG,3.727359067207585
10859,0.6758483113772604,8__mutated,PertCortex_8_AAGCCGCCACCAGGCT,1.6851951181813174
10860,0.09246066185684972,8__mutated,PertCortex_8_AAGCCGCCACGGCTAC,3.043794228212754
10861,0.25839067228412244,8__mutated,PertCortex_8_AAGCCGCTCGAACGGA,2.1373649881701047
10862,0.08561971267501252,8__mutated,PertCortex_8_AAGCCGCTCGTGGTCG,3.940474744217535
10863,0.05280239513476209,8__mutated,PertCortex_8_AAGGAGCCAAGGTTTC,4.076163473353803
10864,0.15416111165661728,8__mutated,PertCortex_8_AAGGAGCCAAGTTGTC,2.8497280352899614
10865,0.30877681900832854,8__mutated,PertCortex_8_AAGGAGCTCAAAGACA,2.6251870114606826
10866,0.4082972208233513,8__mutated,PertCortex_8_AAGGAGCTCTTTACAC,2.0092228728198975
10867,0.07453657002619496,8__mutated,PertCortex_8_AAGGCAGCAGCTGTGC,3.97192720027132
10868,0.20794656526682406,8__mutated,PertCortex_8_AAGGCAGCATGCGCAC,3.387522880983867
10869,0.3595026862156568,8__mutated,PertCortex_8_AAGGCAGTCACTATTC,1.9336456292622406
10870,0.4857937987311425,8__mutated,PertCortex_8_AAGGCAGTCCCATTAT,2.700465333584668
10871,0.012560507656981107,8__mutated,PertCortex_8_AAGGCAGTCCGCAAGC,3.5374441012655606
10872,0.10973242438322915,8__mutated,PertCortex_8_AAGGCAGTCCTAGAAC,2.6590264423575953
10873,0.27645454628714994,8__mutated,PertCortex_8_AAGGTTCAGAGGTAGA,1.9424771337736997
10874,0.1635778554379987,8__mutated,PertCortex_8_AAGGTTCCAAACCTAC,2.6323212565872955
10875,0.5546871924189278,8__mutated,PertCortex_8_AAGGTTCCAAGCCGTC,1.9001142867653005
10876,0.14948836990514272,8__mutated,PertCortex_8_AAGGTTCCACCAGATT,2.0544089857372945
10877,0.25216326462416877,8__mutated,PertCortex_8_AAGGTTCCATACCATG,3.1051813756759183
10878,0.12069618619828182,8__mutated,PertCortex_8_AAGGTTCCATGGGAAC,3.9263513620594432
10879,0.14786038060958137,8__mutated,PertCortex_8_AAGGTTCCATGTCCTC,3.640804271144505
10880,0.4084896769943098,8__mutated,PertCortex_8_AAGGTTCGTAGCAAAT,2.285068685976833
10881,0.13945812681107383,8__mutated,PertCortex_8_AAGGTTCGTGATGTCT,3.506816585772887
10882,0.508831101415763,8__mutated,PertCortex_8_AAGGTTCTCCCAAGAT,2.2113090683330356
10883,0.2056591157032255,8__mutated,PertCortex_8_AAGGTTCTCGTTGCCT,3.239130577239837
10884,0.0900657644832162,8__mutated,PertCortex_8_AAGGTTCTCTCTAGGA,3.4662619171504963
10885,0.11100180301838801,8__mutated,PertCortex_8_AAGTCTGAGGGATCTG,3.9236340210573184
10886,0.11647736985746049,8__mutated,PertCortex_8_AAGTCTGTCACAGTAC,4.080315840011493
10887,0.5808842063254277,8__mutated,PertCortex_8_AAGTCTGTCACCTCGT,2.092479209970842
10888,0.30821497829254874,8__mutated,PertCortex_8_AAGTCTGTCTGATTCT,2.171649805092738
10889,0.40281941481161676,8__mutated,PertCortex_8_AATCCAGAGAACTCGG,2.3375259289497827
10890,0.23119977385755178,8__mutated,PertCortex_8_AATCCAGAGATAGGAG,3.832415817758376
10891,0.09973654177117458,8__mutated,PertCortex_8_AATCCAGAGCAAATCA,3.914033413353442
10892,0.08754088231342996,8__mutated,PertCortex_8_AATCCAGGTCCGTGAC,3.5305659435860752
10893,0.161937078598569,8__mutated,PertCortex_8_AATCCAGGTTTAGGAA,3.4107893715185624
10894,0.06894390799299105,8__mutated,PertCortex_8_AATCCAGTCAGAGCTT,3.0698943103149885
10895,0.21262653453241856,8__mutated,PertCortex_8_AATCCAGTCATTATCC,2.9619649975241926
10896,0.2837542809093441,8__mutated,PertCortex_8_AATCCAGTCATTGCGA,2.2210953622137906
10897,0.12728256926745246,8__mutated,PertCortex_8_AATCCAGTCTCTGTCG,4.966330780894442
10898,0.15252971474569488,8__mutated,PertCortex_8_AATCGGTAGCTGCGAA,3.556791705625111
10899,0.139868548754297,8__mutated,PertCortex_8_AATCGGTAGGCTCAGA,3.81748012344786
10900,0.6803757401772621,8__mutated,PertCortex_8_AATCGGTCACCGGAAA,1.3748532492639147
10901,0.11405681544993652,8__mutated,PertCortex_8_AATCGGTGTCTTCTCG,3.9865713584515534
10902,0.21060087484793164,8__mutated,PertCortex_8_AATCGGTTCTGTGCAA,2.3717426347973225
10903,0.07265524572298925,8__mutated,PertCortex_8_ACACCAAAGGTCGGAT,3.6659610141131838
10904,0.6364834491571405,8__mutated,PertCortex_8_ACACCAAAGTGGTCCC,1.7634941418469778
10905,0.08788668911490573,8__mutated,PertCortex_8_ACACCAAAGTGTACTC,3.499825678520705
10906,0.09662294713809925,8__mutated,PertCortex_8_ACACCAACATCGTCGG,4.625561190937095
10907,-0.02471504965962666,8__mutated,PertCortex_8_ACACCAAGTCAACTGT,2.940503945419715
10908,-0.006191429279416204,8__mutated,PertCortex_8_ACACCCTAGCCACCTG,5.486414751027253
10909,0.07992759973822293,8__mutated,PertCortex_8_ACACCCTAGCTTTGGT,2.4874438235376672
10910,0.15908795612500287,8__mutated,PertCortex_8_ACACCCTCACTCAGGC,3.2833275562209523
10911,0.1660366274020279,8__mutated,PertCortex_8_ACACCCTGTCAACTGT,3.2021291289456615
10912,0.15892098563149704,8__mutated,PertCortex_8_ACACCCTGTTCCATGA,3.255630158285456
10913,0.28324941444317564,8__mutated,PertCortex_8_ACACCCTTCATCGCTC,2.304126972603758
10914,0.11824371750814106,8__mutated,PertCortex_8_ACACCGGAGACTGGGT,4.541939276676959
10915,0.10960966146382457,8__mutated,PertCortex_8_ACACCGGCACATTAGC,3.067931128220437
10916,0.07848681390006958,8__mutated,PertCortex_8_ACACCGGTCACTTCAT,4.369248598359824
10917,0.13395187309612866,8__mutated,PertCortex_8_ACACCGGTCCCAACGG,4.236188457460918
10918,0.43017837747887117,8__mutated,PertCortex_8_ACACTGAGTAGGCATG,2.3204678319669574
10919,0.14734142215118845,8__mutated,PertCortex_8_ACACTGAGTCTCACCT,4.217078061183485
10920,0.34468527770257373,8__mutated,PertCortex_8_ACACTGATCCTTGCCA,2.6257106715838425
10921,0.10404334887850117,8__mutated,PertCortex_8_ACACTGATCTTGCAAG,4.090246867289647
10922,0.5298923524796653,8__mutated,PertCortex_8_ACAGCCGAGAAACCTA,2.0833513738022025
10923,0.21683049854653952,8__mutated,PertCortex_8_ACAGCCGAGATACACA,2.3635987772470703
10924,0.009677082070751967,8__mutated,PertCortex_8_ACAGCCGAGCAGCGTA,2.831955325543021
10925,0.18479414088122978,8__mutated,PertCortex_8_ACAGCCGCAGTCTTCC,2.2852870353800796
10926,0.21178781367614657,8__mutated,PertCortex_8_ACAGCCGTCCTTGCCA,3.328277524591947
10927,0.0650215003317887,8__mutated,PertCortex_8_ACAGCCGTCTCCAACC,3.5939408770119834
10928,0.18428404574372126,8__mutated,PertCortex_8_ACAGCCGTCTCGGACG,2.6908467609834714
10929,0.23203293736701877,8__mutated,PertCortex_8_ACAGCTACACCGAATT,1.9298620751038966
10930,0.05902493835985151,8__mutated,PertCortex_8_ACAGCTACAGCTATTG,3.9560435957207454
10931,0.07777565632297097,8__mutated,PertCortex_8_ACAGCTAGTAGCAAAT,3.568762340946867
10932,0.23967747628908573,8__mutated,PertCortex_8_ACAGCTAGTTCCCTTG,2.867663484566143
10933,0.21154082234458482,8__mutated,PertCortex_8_ACAGCTATCACGGTTA,3.570243204981054
10934,0.10780738099376318,8__mutated,PertCortex_8_ACATACGAGTCAAGCG,4.064850260573295
10935,0.44745259697559825,8__mutated,PertCortex_8_ACATACGCACAACTGT,2.1141496794351986
10936,0.13661302798277938,8__mutated,PertCortex_8_ACATACGCAGGGCATA,4.689425481125931
10937,0.04091264251754619,8__mutated,PertCortex_8_ACATACGCATTGTGCA,4.106520460687038
10938,0.1932325122362094,8__mutated,PertCortex_8_ACATACGGTATAGGTA,2.2503767291312533
10939,0.11492624963299358,8__mutated,PertCortex_8_ACATACGTCATAAAGG,2.7873897590380112
10940,0.5952098127508367,8__mutated,PertCortex_8_ACATCAGAGACTGTAA,2.331239066372141
10941,0.03357731012534061,8__mutated,PertCortex_8_ACATCAGAGGCTCTTA,4.093454683825865
10942,0.06518596262452026,8__mutated,PertCortex_8_ACATCAGAGTGCTGCC,4.587199109235158
10943,0.17970295830299687,8__mutated,PertCortex_8_ACATCAGCATCACGAT,3.8341557812095495
10944,0.21970898414892961,8__mutated,PertCortex_8_ACATCAGGTCTCTTTA,2.739678559371435
10945,0.0805113672842582,8__mutated,PertCortex_8_ACATCAGGTTGTTTGG,4.623687613973687
10946,0.059398620078650176,8__mutated,PertCortex_8_ACATCAGGTTTAGCTG,4.2734239777566705
10947,0.14303068272736114,8__mutated,PertCortex_8_ACATCAGTCGCCGTGA,2.7680223338146015
10948,0.1664389259924228,8__mutated,PertCortex_8_ACATCAGTCGTCTGAA,3.6766990302361773
10949,0.08558612926733881,8__mutated,PertCortex_8_ACATGGTAGACTCGGA,3.050724593588192
10950,0.0576611611155134,8__mutated,PertCortex_8_ACATGGTCACCAGCAC,4.099150966789473
10951,0.08598684889198968,8__mutated,PertCortex_8_ACATGGTGTGCTTCTC,3.5372838731606344
10952,0.10642975954850627,8__mutated,PertCortex_8_ACATGGTGTTGTGGCC,4.4508727695845085
10953,0.44287053923672326,8__mutated,PertCortex_8_ACATGGTTCACGCGGT,1.7708607291928824
10954,0.14778168656786272,8__mutated,PertCortex_8_ACATGGTTCATAACCG,3.6788702995215337
10955,0.17824740414525686,8__mutated,PertCortex_8_ACATGGTTCCCTTGTG,3.2214648213474804
10956,0.3066328041125004,8__mutated,PertCortex_8_ACCAGTAAGAGCCCAA,2.2401199152724782
10957,0.5780194293956786,8__mutated,PertCortex_8_ACCAGTAAGTCGAGTG,1.6496562213353172
10958,0.18553638662252994,8__mutated,PertCortex_8_ACCAGTATCTTCTGGC,1.8961230273290972
10959,0.29351591654602155,8__mutated,PertCortex_8_ACCCACTAGTGACTCT,4.916473597627643
10960,0.09463753680799504,8__mutated,PertCortex_8_ACCCACTGTACCGGCT,3.1782369298957773
10961,0.5337830913313245,8__mutated,PertCortex_8_ACCCACTTCTGTACGA,2.198801578551742
10962,0.19527311551234525,8__mutated,PertCortex_8_ACCGTAACACCAGCAC,2.779910410175352
10963,0.18604135348126066,8__mutated,PertCortex_8_ACCGTAACAGCGATCC,2.6817198704749936
10964,0.1444214538048161,8__mutated,PertCortex_8_ACCGTAACATTCTCAT,3.502773202811806
10965,0.25743056132897524,8__mutated,PertCortex_8_ACCGTAAGTACTCTCC,2.5014922584419654
10966,0.15675260577083536,8__mutated,PertCortex_8_ACCGTAATCAGTTCGA,4.329800985228101
10967,0.06412869151846333,8__mutated,PertCortex_8_ACCGTAATCCGAACGC,3.967845014565254
10968,0.28222306263621827,8__mutated,PertCortex_8_ACCTTTAAGACTACAA,2.8317185886470333
10969,0.09130941644004943,8__mutated,PertCortex_8_ACCTTTAGTACGACCC,3.9053931732823823
10970,0.12508343037342523,8__mutated,PertCortex_8_ACCTTTATCGTTGCCT,2.8041298976202325
10971,0.10714155434535484,8__mutated,PertCortex_8_ACCTTTATCTTAGCCC,4.135139433845653
10972,0.1575608569822849,8__mutated,PertCortex_8_ACGAGCCGTTCAACCA,4.029035095171763
10973,0.13607310541846138,8__mutated,PertCortex_8_ACGAGGAAGAAGCCCA,2.48092078271859
10974,0.08984058760339877,8__mutated,PertCortex_8_ACGAGGATCAGCATGT,4.755947364235566
10975,0.24275926804138956,8__mutated,PertCortex_8_ACGATACAGTACGTAA,2.871303217614624
10976,0.06679182271678834,8__mutated,PertCortex_8_ACGATACCACATCCAA,3.4227505706457695
10977,0.20327422409034335,8__mutated,PertCortex_8_ACGATACCACATTAGC,2.1915338696347364
10978,0.3795290420329222,8__mutated,PertCortex_8_ACGATACGTCTAGCCG,2.8484052450783817
10979,0.5456040650682795,8__mutated,PertCortex_8_ACGATACTCTAACTCT,1.993707602657122
10980,0.650666912625539,8__mutated,PertCortex_8_ACGATGTTCAGAGGTG,1.5056793322738276
10981,0.038212835800383003,8__mutated,PertCortex_8_ACGATGTTCGTCCGTT,3.897079921663661
10982,0.10725563279380898,8__mutated,PertCortex_8_ACGATGTTCTGAGTGT,3.9359032545355674
10983,0.1411053448884388,8__mutated,PertCortex_8_ACGCAGCCATAACCTG,3.507321213292482
10984,0.07167939619595275,8__mutated,PertCortex_8_ACGCCAGAGAGACTAT,3.4822151189561863
10985,0.17234948617181442,8__mutated,PertCortex_8_ACGCCAGAGTGTGGCA,3.108167874786489
10986,0.21271975952118338,8__mutated,PertCortex_8_ACGCCAGAGTTCGATC,3.1866999874537485
10987,0.018408241337828785,8__mutated,PertCortex_8_ACGCCAGAGTTGCAGG,3.818402206275646
10988,0.08362060054114395,8__mutated,PertCortex_8_ACGCCAGCACCCTATC,4.9425899927728025
10989,0.08024893931338074,8__mutated,PertCortex_8_ACGCCAGTCTATCCCG,2.41535567285108
10990,0.5502707088206408,8__mutated,PertCortex_8_ACGCCAGTCTCCAGGG,2.329424477157512
10991,0.2878447156585971,8__mutated,PertCortex_8_ACGCCGAAGACACTAA,2.5517911605501817
10992,0.12778097515995288,8__mutated,PertCortex_8_ACGCCGAAGAGGTAGA,3.7985313725861274
10993,0.037663363725177416,8__mutated,PertCortex_8_ACGCCGAAGATAGTCA,3.287762101093248
10994,0.4075379583866021,8__mutated,PertCortex_8_ACGCCGAAGCGCTCCA,1.9743315021768284
10995,0.6131027676013177,8__mutated,PertCortex_8_ACGCCGAGTAGTAGTA,1.7710673646132682
10996,0.5154440186558823,8__mutated,PertCortex_8_ACGCCGATCACTATTC,2.145819243187143
10997,0.07692977854221351,8__mutated,PertCortex_8_ACGCCGATCTATGTGG,4.220732952665796
10998,0.21276237350971622,8__mutated,PertCortex_8_ACGGAGACAGTATAAG,3.133881965984494
10999,0.1104543670731369,8__mutated,PertCortex_8_ACGGAGAGTCTGATTG,3.5102120022539105
11000,0.10483275277825616,8__mutated,PertCortex_8_ACGGAGATCGAACGGA,4.522064507059698
11001,0.14993240087538642,8__mutated,PertCortex_8_ACGGAGATCTGCGGCA,2.7780201967011795
11002,0.06397774915135679,8__mutated,PertCortex_8_ACGGCCAAGACTTTCG,4.372263508593001
11003,0.13828507493620212,8__mutated,PertCortex_8_ACGGCCAAGGCGTACA,4.364330759025316
11004,0.055946543519921475,8__mutated,PertCortex_8_ACGGCCAAGGTGATTA,4.1525265903374
11005,0.06205889445058714,8__mutated,PertCortex_8_ACGGCCACATTTGCTT,3.1864245223776315
11006,0.1655152195623037,8__mutated,PertCortex_8_ACGGCCAGTACACCGC,2.677048024398342
11007,0.12506107857410498,8__mutated,PertCortex_8_ACGGCCATCGTAGGTT,3.693331087987728
11008,0.11564433260684731,8__mutated,PertCortex_8_ACGGCCATCGTCCAGG,3.381038488671858
11009,0.1239182650653932,8__mutated,PertCortex_8_ACGGCCATCTACTTAC,4.220796651639635
11010,0.35467514498253777,8__mutated,PertCortex_8_ACGGGCTCAGCTGTGC,2.090875064085618
11011,0.17990946749992956,8__mutated,PertCortex_8_ACGGGCTGTCTGCAAT,2.8118874415740995
11012,0.2174082868940244,8__mutated,PertCortex_8_ACGGGTCAGTAAGTAC,3.660480975845985
11013,0.5317541087586756,8__mutated,PertCortex_8_ACGGGTCCAGCTCCGA,2.3091419122838146
11014,0.20031407730554027,8__mutated,PertCortex_8_ACGGGTCGTACCGTTA,2.367048728430768
11015,0.2970972234818494,8__mutated,PertCortex_8_ACGTCAAGTACCGTAT,2.281916800474835
11016,0.09665931231949863,8__mutated,PertCortex_8_ACGTCAAGTGCCTGGT,4.306613205597171
11017,0.49902948286743876,8__mutated,PertCortex_8_ACGTCAATCACCCTCA,2.050961594873073
11018,0.1509703224953125,8__mutated,PertCortex_8_ACGTCAATCCATTCTA,4.2242071994401105
11019,0.195354426487511,8__mutated,PertCortex_8_ACTATCTAGACCGGAT,3.7074769605380933
11020,0.09873496590146608,8__mutated,PertCortex_8_ACTATCTAGGCGCTCT,3.536543977424534
11021,0.21496168077461283,8__mutated,PertCortex_8_ACTATCTAGTGGGTTG,3.8015841507374435
11022,0.05930016326552058,8__mutated,PertCortex_8_ACTATCTGTCGGGTCT,4.845679245142156
11023,0.13192721281577274,8__mutated,PertCortex_8_ACTATCTTCAGTTAGC,2.9174971588882026
11024,0.16932884367011494,8__mutated,PertCortex_8_ACTGAACAGTTTGCGT,2.8704479216277585
11025,0.33736448900282096,8__mutated,PertCortex_8_ACTGAGTAGGAGTACC,2.5345466956991247
11026,0.10702473320002769,8__mutated,PertCortex_8_ACTGAGTGTTAGATGA,3.8014310803917155
11027,0.26586331327792795,8__mutated,PertCortex_8_ACTGAGTTCTTGAGAC,2.9203690469530157
11028,0.06797300182502178,8__mutated,PertCortex_8_ACTGATGAGGCATTGG,3.3142203525053664
11029,0.17854898387965593,8__mutated,PertCortex_8_ACTGATGAGGTGTTAA,2.8111626559205543
11030,0.044117763490393175,8__mutated,PertCortex_8_ACTGATGCAGCTATTG,4.026654721749259
11031,0.11100425295947385,8__mutated,PertCortex_8_ACTGATGGTCTAGGTT,2.7812437905989955
11032,0.6019357618911086,8__mutated,PertCortex_8_ACTGATGGTTGAGTTC,1.8474821821826364
11033,0.680740968770868,8__mutated,PertCortex_8_ACTGATGTCCTAGTGA,1.5614156633294187
11034,0.127919534710484,8__mutated,PertCortex_8_ACTGATGTCGAATGCT,3.66665817228383
11035,0.015935218015633235,8__mutated,PertCortex_8_ACTGATGTCGATCCCT,2.9504575692846813
11036,0.10711120976483765,8__mutated,PertCortex_8_ACTGATGTCGCTGATA,3.2607256818497374
11037,0.11766267340585697,8__mutated,PertCortex_8_ACTGATGTCGTACCGG,3.555891941885846
11038,0.12319806480393403,8__mutated,PertCortex_8_ACTGCTCAGCGATAGC,2.7367925786877536
11039,0.33556920537671664,8__mutated,PertCortex_8_ACTGCTCGTCGAATCT,1.6040130019610297
11040,0.07826283961039299,8__mutated,PertCortex_8_ACTGCTCGTTCCTCCA,4.985270791537756
11041,0.11785758093464933,8__mutated,PertCortex_8_ACTGCTCTCTCTTATG,4.007588970439698
11042,0.0806361500452597,8__mutated,PertCortex_8_ACTGTCCAGGAGTACC,3.6535988510353135
11043,0.1011202157775792,8__mutated,PertCortex_8_ACTGTCCCAGCGTAAG,4.930313440972464
11044,0.006294513910105073,8__mutated,PertCortex_8_ACTGTCCGTCGAAAGC,4.396032114425428
11045,0.32746634679005393,8__mutated,PertCortex_8_ACTTACTAGCACCGCT,3.717784260709095
11046,0.553622034519709,8__mutated,PertCortex_8_ACTTACTAGTGAAGTT,2.0619840043997564
11047,0.15706482830858323,8__mutated,PertCortex_8_ACTTACTCAAGGACTG,2.937591437593423
11048,0.42822486584646025,8__mutated,PertCortex_8_ACTTACTCATAGTAAG,2.44272165468054
11049,0.03556763789111652,8__mutated,PertCortex_8_ACTTGTTAGAATCTCC,4.345346853093617
11050,0.47409554149349853,8__mutated,PertCortex_8_ACTTGTTCATCCCATC,2.0278318515479823
11051,0.1873488877189686,8__mutated,PertCortex_8_ACTTGTTGTTGACGTT,3.00219469461309
11052,0.6233696770986241,8__mutated,PertCortex_8_ACTTGTTTCACTTATC,1.8510358712440567
11053,0.09819001181519667,8__mutated,PertCortex_8_ACTTGTTTCGAGCCCA,4.526372309854529
11054,0.5299320976626152,8__mutated,PertCortex_8_ACTTTCAAGACAAGCC,2.282332510148912
11055,0.18745821052492306,8__mutated,PertCortex_8_ACTTTCAAGTAGCCGA,3.2351402238931435
11056,0.21213851979463402,8__mutated,PertCortex_8_ACTTTCACAAGAAAGG,2.6763594039243572
11057,0.14549524579879153,8__mutated,PertCortex_8_ACTTTCACATCCAACA,3.699230491002224
11058,0.07632610171335104,8__mutated,PertCortex_8_ACTTTCAGTACGAAAT,2.7454712471590703
11059,0.1370805899319968,8__mutated,PertCortex_8_ACTTTCAGTATGGTTC,3.3366362480570815
11060,0.2054624470903846,8__mutated,PertCortex_8_ACTTTCAGTATTCGTG,3.3604453219858383
11061,0.16543937572331105,8__mutated,PertCortex_8_ACTTTCAGTTGTGGAG,2.826324340060857
11062,0.3509591659766595,8__mutated,PertCortex_8_ACTTTCATCCGGGTGT,3.195889814063056
11063,0.11739585581274115,8__mutated,PertCortex_8_AGAATAGAGACTACAA,4.499834480225773
11064,0.0680014331405469,8__mutated,PertCortex_8_AGAATAGGTCATATCG,3.35863067898787
11065,0.1083104976903624,8__mutated,PertCortex_8_AGAATAGTCACGCATA,2.407225399184298
11066,0.08466386820844272,8__mutated,PertCortex_8_AGAATAGTCCAAATGC,3.0723368705311715
11067,0.18605438896302712,8__mutated,PertCortex_8_AGACGTTAGATGTAAC,2.0028948810558442
11068,0.34436329131201987,8__mutated,PertCortex_8_AGACGTTTCCGTTGCT,3.504807792246237
11069,0.11547218867202984,8__mutated,PertCortex_8_AGACGTTTCGAACTGT,3.2883981785879803
11070,0.5511979183831099,8__mutated,PertCortex_8_AGACGTTTCTGCGGCA,2.2271889233113833
11071,0.14440176155662118,8__mutated,PertCortex_8_AGAGCGAAGACTACAA,4.282509497139703
11072,0.5246934406775573,8__mutated,PertCortex_8_AGAGCGAAGCTAAACA,2.4681935206571035
11073,0.0777947461110056,8__mutated,PertCortex_8_AGAGCGAAGCTAGCCC,4.357057751054926
11074,0.2083176955446352,8__mutated,PertCortex_8_AGAGCGACAGTCTTCC,3.298848797550415
11075,0.18597918137044683,8__mutated,PertCortex_8_AGAGCGAGTCAGGACA,2.308732363184817
11076,0.11413431451294538,8__mutated,PertCortex_8_AGAGCTTGTGTAAGTA,3.470982429604479
11077,0.05266119741123056,8__mutated,PertCortex_8_AGAGCTTTCATGCATG,3.1371248891765346
11078,0.5906601990866868,8__mutated,PertCortex_8_AGAGCTTTCTTCAACT,1.4736742066121287
11079,0.13352792427871724,8__mutated,PertCortex_8_AGAGTGGCACGGACAA,3.661860691174144
11080,0.3733260656456033,8__mutated,PertCortex_8_AGAGTGGCAGCTGGCT,2.095136596463463
11081,0.1244059325769667,8__mutated,PertCortex_8_AGAGTGGCATCCGCGA,3.868187409367789
11082,0.1987569346533796,8__mutated,PertCortex_8_AGAGTGGCATGAACCT,3.218477002862823
11083,0.29278665225191236,8__mutated,PertCortex_8_AGAGTGGGTATATCCG,1.8150725299939714
11084,0.17605397672933812,8__mutated,PertCortex_8_AGAGTGGGTTAGATGA,3.0039813998003293
11085,0.0976310419080105,8__mutated,PertCortex_8_AGAGTGGTCACCTCGT,3.606915987550266
11086,0.5698772123187379,8__mutated,PertCortex_8_AGATCTGCACACTGCG,1.9312153696894476
11087,0.5621118090301233,8__mutated,PertCortex_8_AGATCTGTCCCACTTG,2.132537561806247
11088,0.039387833667518184,8__mutated,PertCortex_8_AGATCTGTCGTCCAGG,4.397495969899011
11089,0.13635069143066597,8__mutated,PertCortex_8_AGATTGCCACATTCGA,3.8982337800733857
11090,0.1629453814161666,8__mutated,PertCortex_8_AGATTGCCAGTACACT,3.844751534231034
11091,0.5237844996881182,8__mutated,PertCortex_8_AGATTGCTCGGCATCG,2.460294909977286
11092,0.24159914481572167,8__mutated,PertCortex_8_AGATTGCTCTATGTGG,3.142609238447194
11093,0.1319243035456088,8__mutated,PertCortex_8_AGCAGCCCAAGACGTG,3.185786848254497
11094,0.06359655373873506,8__mutated,PertCortex_8_AGCAGCCGTGCGATAG,2.9924080904137553
11095,0.2349759337432692,8__mutated,PertCortex_8_AGCAGCCTCGTGGACC,2.624123902264226
11096,0.34332728757823033,8__mutated,PertCortex_8_AGCATACAGCGATATA,1.8726958412547061
11097,0.0410917131022583,8__mutated,PertCortex_8_AGCATACAGCTAACTC,4.400996673797099
11098,0.1796180458731885,8__mutated,PertCortex_8_AGCATACCAACCGCCA,3.15463696646016
11099,0.3928957199759142,8__mutated,PertCortex_8_AGCATACCATCGGACC,2.2386069857346
11100,0.2540510351304387,8__mutated,PertCortex_8_AGCATACGTTATCACG,2.8039308851500424
11101,0.06390337121241339,8__mutated,PertCortex_8_AGCCTAAAGCCACGCT,4.234037080498721
11102,0.16035572695917782,8__mutated,PertCortex_8_AGCCTAAAGGACGAAA,5.124795697688635
11103,0.19386516283165176,8__mutated,PertCortex_8_AGCCTAAAGGTGTTAA,3.7696223306962424
11104,0.5323807277507694,8__mutated,PertCortex_8_AGCCTAATCAGTTAGC,2.0497371029197367
11105,0.11348443502301563,8__mutated,PertCortex_8_AGCGGTCAGGACAGCT,3.8005814995275307
11106,0.5843659811981762,8__mutated,PertCortex_8_AGCGGTCAGTAATCCC,1.716522328632163
11107,0.12094208392924866,8__mutated,PertCortex_8_AGCGGTCAGTTAGGTA,3.753514968786947
11108,0.08799138106701569,8__mutated,PertCortex_8_AGCGGTCCACACATGT,1.8886384069942015
11109,0.07866395053399143,8__mutated,PertCortex_8_AGCGGTCCAGCGATCC,3.4516080867989065
11110,0.13838331564757123,8__mutated,PertCortex_8_AGCGGTCCAGGACCCT,4.766954850008908
11111,0.25843812733257415,8__mutated,PertCortex_8_AGCGGTCCATGAACCT,2.491100183063283
11112,0.13463070121863122,8__mutated,PertCortex_8_AGCGGTCTCAGCTGGC,3.638150709511895
11113,0.5695858470103469,8__mutated,PertCortex_8_AGCGGTCTCAGTTAGC,2.19928293665053
11114,0.13041813612839753,8__mutated,PertCortex_8_AGCGGTCTCGTGGTCG,3.8172103276100224
11115,0.4161940365676692,8__mutated,PertCortex_8_AGCGGTCTCTATCGCC,1.8943540403426145
11116,0.12938041657247223,8__mutated,PertCortex_8_AGCGTATAGACTACAA,4.605902281594668
11117,0.1768545781522212,8__mutated,PertCortex_8_AGCGTATGTAAGGGAA,3.046626183097469
11118,0.05965273352796468,8__mutated,PertCortex_8_AGCGTATTCCCTTGCA,3.816483977789254
11119,0.16564806578559657,8__mutated,PertCortex_8_AGCGTCGCATGAGCGA,3.0685799174101955
11120,0.22382133378042798,8__mutated,PertCortex_8_AGCTCCTAGCGGATCA,2.661247073817041
11121,0.11605174102282419,8__mutated,PertCortex_8_AGCTCCTGTCTTGTCC,3.3484720795007235
11122,0.45522716515296335,8__mutated,PertCortex_8_AGCTCCTGTTGTTTGG,2.7065130244110565
11123,0.1705279777388281,8__mutated,PertCortex_8_AGCTCTCCAAGCGTAG,2.02856197947381
11124,0.1373103463362821,8__mutated,PertCortex_8_AGCTCTCGTAGCACGA,2.265343965564383
11125,0.09372433483078013,8__mutated,PertCortex_8_AGCTCTCGTCGCTTTC,3.2828400718455777
11126,0.09565375711011324,8__mutated,PertCortex_8_AGCTCTCGTGGTTTCA,4.552351226231254
11127,0.3839533782205793,8__mutated,PertCortex_8_AGCTCTCTCAAGGCTT,2.5119065750187564
11128,0.236829205728082,8__mutated,PertCortex_8_AGCTCTCTCGTACCGG,2.79962739534057
11129,0.47842199383419937,8__mutated,PertCortex_8_AGCTCTCTCTATGTGG,2.678604176402657
11130,0.18672608868108456,8__mutated,PertCortex_8_AGCTCTCTCTTAACCT,2.9229360449110646
11131,0.1267192664522582,8__mutated,PertCortex_8_AGCTTGAAGCCCAGCT,4.778352474336681
11132,0.4831552391628948,8__mutated,PertCortex_8_AGCTTGAAGTTACCCA,2.169531398227885
11133,0.023242501399865598,8__mutated,PertCortex_8_AGCTTGACAAGGTTTC,3.767682330517346
11134,0.24761036969391512,8__mutated,PertCortex_8_AGCTTGATCGAGAGCA,2.815433358180405
11135,0.3327500356622316,8__mutated,PertCortex_8_AGCTTGATCTTATCTG,2.417437997091791
11136,0.04576089284057538,8__mutated,PertCortex_8_AGGCCACAGCGAAGGG,3.227650818831125
11137,0.17249189707208673,8__mutated,PertCortex_8_AGGCCACGTCAGAAGC,3.078050788466179
11138,0.055266268471109624,8__mutated,PertCortex_8_AGGCCACGTCGGATCC,3.6993278719996185
11139,0.4709490056552479,8__mutated,PertCortex_8_AGGCCACGTTCAGCGC,2.7321560835102536
11140,0.05040216425067013,8__mutated,PertCortex_8_AGGCCGTAGCAGATCG,3.379187482104476
11141,0.6288604095056652,8__mutated,PertCortex_8_AGGCCGTAGCGTAATA,1.6542079349215342
11142,0.4650736191316965,8__mutated,PertCortex_8_AGGCCGTAGCTAAGAT,1.7915165810239386
11143,0.1274513848346438,8__mutated,PertCortex_8_AGGCCGTAGGTAAACT,3.2747994176620696
11144,0.15942484140686536,8__mutated,PertCortex_8_AGGCCGTCAAGAGGCT,3.111808316231159
11145,0.37258482668664394,8__mutated,PertCortex_8_AGGCCGTCACAGTCGC,2.6843552040403265
11146,0.2805768185486036,8__mutated,PertCortex_8_AGGCCGTCATCGGAAG,2.229303645256977
11147,0.09254195561612215,8__mutated,PertCortex_8_AGGCCGTGTACATGTC,3.90755923189956
11148,0.15585098511800755,8__mutated,PertCortex_8_AGGCCGTGTTATCGGT,2.610028961957447
11149,0.1763226430473002,8__mutated,PertCortex_8_AGGCCGTTCGCTAGCG,3.2829327257308667
11150,0.05631889616540502,8__mutated,PertCortex_8_AGGGAGTAGATGTGTA,3.791193619237071
11151,0.09434604480635009,8__mutated,PertCortex_8_AGGGAGTCACAGCGTC,2.5623550828510266
11152,0.4868767580966688,8__mutated,PertCortex_8_AGGGAGTGTCGGCACT,1.5742984603872228
11153,0.1691917108137403,8__mutated,PertCortex_8_AGGGAGTTCACTCCTG,2.950369296673266
11154,0.11124783152991292,8__mutated,PertCortex_8_AGGGAGTTCCAAACTG,3.9850018943995558
11155,0.24578074020555873,8__mutated,PertCortex_8_AGGGATGAGCACGCCT,3.202457019315127
11156,0.5765637660488375,8__mutated,PertCortex_8_AGGGATGAGTGCCAGA,2.454849316032595
11157,0.05832530853084541,8__mutated,PertCortex_8_AGGGATGGTAATCGTC,4.092010728825789
11158,0.1785350292086051,8__mutated,PertCortex_8_AGGGATGGTGCAACGA,3.5005834257037987
11159,0.04123542795799633,8__mutated,PertCortex_8_AGGGATGGTGGTCTCG,3.294346125343692
11160,0.08502531202745323,8__mutated,PertCortex_8_AGGGATGTCGTATCAG,3.8498920020120027
11161,0.1961115974920237,8__mutated,PertCortex_8_AGGGTGAAGAGAGCTC,2.8270074890814914
11162,0.13561881026067873,8__mutated,PertCortex_8_AGGTCATAGAAGGACA,4.1793456228163075
11163,0.061085735394794755,8__mutated,PertCortex_8_AGGTCATAGGGTTCCC,3.345380134004959
11164,0.10676435078503752,8__mutated,PertCortex_8_AGGTCATCAAAGGTGC,3.182907397208637
11165,0.11780516580076698,8__mutated,PertCortex_8_AGGTCATCAAGACGTG,3.4490857583644243
11166,0.1119854901257455,8__mutated,PertCortex_8_AGGTCATCATCGGACC,2.853411938908299
11167,0.105517530298646,8__mutated,PertCortex_8_AGGTCATGTAGAGCTG,3.66815242683948
11168,0.16221563978747774,8__mutated,PertCortex_8_AGGTCATGTGGCGAAT,3.325584176014243
11169,0.09570224326702294,8__mutated,PertCortex_8_AGGTCATTCTGGTATG,3.7829594580734063
11170,0.27125148424008544,8__mutated,PertCortex_8_AGGTCCGAGGCATGTG,3.0187517585745542
11171,0.5026212872284581,8__mutated,PertCortex_8_AGGTCCGAGGTTCCTA,2.0750815677222327
11172,0.19928799429881658,8__mutated,PertCortex_8_AGGTCCGAGTGATCGG,2.620907186326418
11173,0.09719741073229793,8__mutated,PertCortex_8_AGGTCCGCACAGAGGT,3.790849207523331
11174,0.07833818448185001,8__mutated,PertCortex_8_AGGTCCGCAGCCTTTC,3.581181290541093
11175,0.4606176886899627,8__mutated,PertCortex_8_AGGTCCGCATTTCAGG,1.5550357763685978
11176,0.03116427354431902,8__mutated,PertCortex_8_AGTAGTCAGAAACGCC,3.5969745263254747
11177,0.34842826813923805,8__mutated,PertCortex_8_AGTAGTCAGACCGGAT,2.804485926159994
11178,0.2756761558911218,8__mutated,PertCortex_8_AGTAGTCAGGAATTAC,3.383170654193854
11179,0.1436194759065605,8__mutated,PertCortex_8_AGTAGTCCACAGACAG,3.28157339447133
11180,0.08713737559029623,8__mutated,PertCortex_8_AGTAGTCCACCAGGTC,3.141711808284332
11181,0.16065097954213128,8__mutated,PertCortex_8_AGTAGTCCAGGATTGG,3.5907376472828183
11182,0.6041365159863613,8__mutated,PertCortex_8_AGTAGTCGTTCAACCA,2.01110049093901
11183,0.1165578326258321,8__mutated,PertCortex_8_AGTAGTCTCACTCTTA,4.074732989295557
11184,0.03665959434633271,8__mutated,PertCortex_8_AGTCTTTGTGAAGGCT,2.9028978697706656
11185,0.2166084733331041,8__mutated,PertCortex_8_AGTCTTTGTTGGGACA,2.4028176274652107
11186,0.012087721634971007,8__mutated,PertCortex_8_AGTCTTTTCTTGAGGT,3.2459076977732275
11187,0.15008907725991832,8__mutated,PertCortex_8_AGTGAGGGTCCGCTGA,3.6341142130073814
11188,0.22810225161582726,8__mutated,PertCortex_8_AGTGAGGTCAATAAGG,2.201863012620193
11189,0.15921572522640892,8__mutated,PertCortex_8_AGTGAGGTCATGTCCC,3.5258870188356504
11190,0.08842286703147463,8__mutated,PertCortex_8_AGTGAGGTCTGGAGCC,3.6210264717651053
11191,0.5627738322513679,8__mutated,PertCortex_8_AGTGGGAGTGTGCCTG,2.010382167711483
11192,0.048806012623776714,8__mutated,PertCortex_8_AGTGGGATCAACACCA,3.7441611275858926
11193,0.1726056463657576,8__mutated,PertCortex_8_AGTGGGATCCAAACAC,3.181423304847516
11194,0.5488034433792409,8__mutated,PertCortex_8_AGTGGGATCGGAGCAA,1.3553414677963511
11195,0.11514076905310161,8__mutated,PertCortex_8_AGTGTCAAGATAGGAG,4.286334893464533
11196,0.10825519182859179,8__mutated,PertCortex_8_AGTGTCACACGTCAGC,4.46998080511467
11197,0.15738611654772067,8__mutated,PertCortex_8_AGTGTCAGTCATATCG,3.471975825080224
11198,0.04381485574630287,8__mutated,PertCortex_8_AGTGTCAGTCTTGTCC,4.728490274840763
11199,0.16401902216175993,8__mutated,PertCortex_8_AGTGTCATCAGGATCT,3.3690322135425532
11200,0.014247466132918739,8__mutated,PertCortex_8_AGTGTCATCATCACCC,3.895943411902832
11201,0.11978438374872741,8__mutated,PertCortex_8_AGTTGGTGTTCTGTTT,3.300926254136631
11202,0.20974152143124247,8__mutated,PertCortex_8_ATAACGCGTGTGCGTC,3.265630985216918
11203,0.20308607938592135,8__mutated,PertCortex_8_ATAACGCTCCGCATCT,2.0621587909522496
11204,0.13932663498888234,8__mutated,PertCortex_8_ATAAGAGAGCAGCGTA,2.431294955535137
11205,0.156772828376074,8__mutated,PertCortex_8_ATAAGAGGTACGAAAT,5.180077576615246
11206,0.1734748275988863,8__mutated,PertCortex_8_ATAAGAGGTGGCAAAC,3.457024819618452
11207,0.053737948239295584,8__mutated,PertCortex_8_ATAAGAGGTTTAAGCC,4.246025411194989
11208,0.1781191364280085,8__mutated,PertCortex_8_ATAAGAGTCCCACTTG,3.9549568647144144
11209,0.34265181229878644,8__mutated,PertCortex_8_ATAAGAGTCGCAAGCC,2.0400055911289514
11210,0.1145979776074016,8__mutated,PertCortex_8_ATAAGAGTCGTAGGAG,2.247712193718902
11211,0.3052455601191812,8__mutated,PertCortex_8_ATAGACCGTACCGCTG,3.407182977005485
11212,0.20581288349697138,8__mutated,PertCortex_8_ATAGACCGTCAACATC,2.9340110774244494
11213,0.37686412378225004,8__mutated,PertCortex_8_ATAGACCTCGGACAAG,2.7346871145152982
11214,0.13371211569942817,8__mutated,PertCortex_8_ATCACGAAGCGATTCT,4.0671009913694744
11215,0.13580059972872077,8__mutated,PertCortex_8_ATCACGACAAGGTTCT,3.1306074901875522
11216,0.1905282360922849,8__mutated,PertCortex_8_ATCACGAGTGCTGTAT,2.824347223783369
11217,0.2421366374288802,8__mutated,PertCortex_8_ATCACGATCGTAGGAG,2.266523120002511
11218,0.10948733235427675,8__mutated,PertCortex_8_ATCACGATCTGCTGCT,3.2812717937920444
11219,0.08283842324093045,8__mutated,PertCortex_8_ATCATCTAGATGCGAC,3.8923959298399815
11220,0.6477862024518137,8__mutated,PertCortex_8_ATCATCTAGGCAATTA,1.93421922689948
11221,0.11806220089795387,8__mutated,PertCortex_8_ATCATCTCACTTGGAT,3.750515771543936
11222,0.3275537018315093,8__mutated,PertCortex_8_ATCATCTCATCACGTA,3.0097151523832917
11223,0.140499974001515,8__mutated,PertCortex_8_ATCATCTCATGCCTTC,3.250256430696261
11224,0.6835051002318674,8__mutated,PertCortex_8_ATCATCTGTCCAGTTA,1.5652872717547865
11225,0.07622929204466708,8__mutated,PertCortex_8_ATCATCTGTGAGCGAT,3.586258534733491
11226,0.024626169164190533,8__mutated,PertCortex_8_ATCATCTTCGTAGGAG,2.776025875619988
11227,0.11736610566155849,8__mutated,PertCortex_8_ATCATGGAGGGTTCCC,3.7128090287574067
11228,0.22652846228035875,8__mutated,PertCortex_8_ATCATGGAGTCCGTAT,3.136462043929718
11229,0.3018041306894666,8__mutated,PertCortex_8_ATCATGGCAGCTCCGA,1.9236248313798663
11230,0.5610467823077131,8__mutated,PertCortex_8_ATCATGGCAGTCCTTC,2.032292534903961
11231,0.155650877041028,8__mutated,PertCortex_8_ATCATGGGTCTAGTCA,4.266391910064244
11232,0.42651400183658,8__mutated,PertCortex_8_ATCATGGGTGCGAAAC,2.003133372215832
11233,0.04444555489295401,8__mutated,PertCortex_8_ATCCACCGTACCGCTG,3.464279854991433
11234,0.4960552860349015,8__mutated,PertCortex_8_ATCCACCGTCAAAGCG,2.527965241709572
11235,0.45854044232864344,8__mutated,PertCortex_8_ATCCACCTCAACCATG,2.0404864853397946
11236,0.13483321551504868,8__mutated,PertCortex_8_ATCCACCTCCATTCTA,2.8636236622424667
11237,0.21410499593600268,8__mutated,PertCortex_8_ATCCGAAAGTGGCACA,2.7129831000990836
11238,0.06401847684240747,8__mutated,PertCortex_8_ATCCGAACAAATACAG,3.875862827559261
11239,0.25593209152837537,8__mutated,PertCortex_8_ATCCGAACACCAGGCT,2.1283266004101895
11240,0.11396097902172425,8__mutated,PertCortex_8_ATCCGAAGTACCGTTA,3.6633166629242604
11241,0.09488144485644695,8__mutated,PertCortex_8_ATCCGAATCACCATAG,3.2840627965292444
11242,0.2533934309433377,8__mutated,PertCortex_8_ATCGAGTCAAGGCTCC,3.008277813865377
11243,0.14506035534657208,8__mutated,PertCortex_8_ATCGAGTCACACTGCG,4.497565108184621
11244,0.48903075718615024,8__mutated,PertCortex_8_ATCGAGTGTTCCGGCA,2.2468574971983424
11245,0.49754306371953716,8__mutated,PertCortex_8_ATCGAGTGTTGTGGAG,2.1076865192074172
11246,0.306159037001672,8__mutated,PertCortex_8_ATCGAGTTCAGCATGT,2.0427597020969412
11247,0.11137343455636114,8__mutated,PertCortex_8_ATCTACTAGAGGTTAT,4.271407372064494
11248,0.10303813046115064,8__mutated,PertCortex_8_ATCTACTAGCCTTGAT,2.983833498227029
11249,0.10569859191756989,8__mutated,PertCortex_8_ATCTACTCAATGAATG,2.9084039687372947
11250,0.16169296687296197,8__mutated,PertCortex_8_ATCTACTTCCTTGACC,2.937068275494376
11251,0.09226679997133858,8__mutated,PertCortex_8_ATCTGCCAGCCAGTAG,3.4641761627826377
11252,0.0910182087753406,8__mutated,PertCortex_8_ATCTGCCTCTGTACGA,3.3793458603728332
11253,0.05812229812846708,8__mutated,PertCortex_8_ATGAGGGCAACAACCT,3.4922971167873564
11254,0.10756739263911452,8__mutated,PertCortex_8_ATGAGGGCAAGTACCT,4.279010820856496
11255,0.24249651982122533,8__mutated,PertCortex_8_ATGAGGGGTTTCCACC,3.308598180453296
11256,0.2200644699259499,8__mutated,PertCortex_8_ATGCGATAGCCATCGC,2.822776246023742
11257,0.10897149659955926,8__mutated,PertCortex_8_ATGCGATAGTCGTACT,3.567957695059643
11258,0.11067981045479813,8__mutated,PertCortex_8_ATGCGATCACCTTGTC,4.545874827827671
11259,0.055818899851263155,8__mutated,PertCortex_8_ATGCGATGTCAACATC,4.13455832994835
11260,0.21388750842134566,8__mutated,PertCortex_8_ATGCGATGTGCTGTAT,2.9947072448137977
11261,0.08275479202665427,8__mutated,PertCortex_8_ATGCGATTCATACGGT,3.823395042392477
11262,0.19323246988335557,8__mutated,PertCortex_8_ATGCGATTCGAATCCA,4.370469893058291
11263,0.04425062335130291,8__mutated,PertCortex_8_ATGGGAGAGCAGCGTA,3.278939242045369
11264,0.11893449259599799,8__mutated,PertCortex_8_ATGGGAGAGGGCTCTC,2.7804532437220915
11265,0.5532798138754998,8__mutated,PertCortex_8_ATGGGAGAGGTGATTA,1.5048724176288022
11266,0.15789945134918024,8__mutated,PertCortex_8_ATGGGAGGTAAGTAGT,1.6786620877931937
11267,0.1986870244071672,8__mutated,PertCortex_8_ATGGGAGTCGACAGCC,2.7789386402302845
11268,0.15235559087999764,8__mutated,PertCortex_8_ATGTGTGAGCACAGGT,4.814140541081345
11269,0.19395370053894048,8__mutated,PertCortex_8_ATGTGTGGTTGGTTTG,2.2479394477022625
11270,0.03087840111801413,8__mutated,PertCortex_8_ATGTGTGTCCGCGCAA,3.7911866308839435
11271,0.2949088517493683,8__mutated,PertCortex_8_ATTATCCCAATACGCT,2.1797305427867575
11272,0.15309098022774523,8__mutated,PertCortex_8_ATTATCCCACGTGAGA,3.220074693432746
11273,0.46187652789269124,8__mutated,PertCortex_8_ATTATCCGTCGGCACT,2.6224977179244804
11274,0.1166706661132792,8__mutated,PertCortex_8_ATTATCCTCTGCAGTA,2.9598728592809107
11275,0.14614195175860487,8__mutated,PertCortex_8_ATTCTACAGGTCGGAT,3.6395894854847413
11276,0.5201287069494174,8__mutated,PertCortex_8_ATTCTACGTACTCGCG,1.7279638001763946
11277,0.10300479005740362,8__mutated,PertCortex_8_ATTCTACGTCAGAGGT,3.355078113981452
11278,0.25130737029934225,8__mutated,PertCortex_8_ATTCTACGTCCGAGTC,3.141145688824318
11279,0.14921704674542033,8__mutated,PertCortex_8_ATTCTACGTGCTCTTC,3.34074946138477
11280,0.29931538419295844,8__mutated,PertCortex_8_ATTCTACTCATGTGGT,2.199382588054183
11281,0.14297689965814514,8__mutated,PertCortex_8_ATTCTACTCTCCCTGA,3.0775010038103
11282,0.17689670251168313,8__mutated,PertCortex_8_ATTCTACTCTGTCTCG,2.8031356891580135
11283,0.36309588529060427,8__mutated,PertCortex_8_ATTGGACAGTAGGCCA,1.8387078582336627
11284,0.05147041132958736,8__mutated,PertCortex_8_ATTGGACCAATGGACG,3.9263232585311503
11285,0.050333037033945816,8__mutated,PertCortex_8_ATTGGACGTAATTGGA,3.514034100544196
11286,0.25178756031643446,8__mutated,PertCortex_8_ATTGGACTCATACGGT,2.090962570467057
11287,0.2774291406427614,8__mutated,PertCortex_8_ATTGGACTCTTCATGT,2.3782931020182514
11288,0.09694101908768268,8__mutated,PertCortex_8_ATTGGTGAGACGCAAC,3.396348667320391
11289,0.12734638110415716,8__mutated,PertCortex_8_ATTGGTGAGGCAAAGA,2.5528743505144003
11290,0.09874990899062587,8__mutated,PertCortex_8_ATTGGTGGTCCGAAGA,3.8425920353615575
11291,0.126947205692993,8__mutated,PertCortex_8_ATTGGTGTCGCCTGAG,3.186305674789516
11292,0.12069535402728582,8__mutated,PertCortex_8_ATTGGTGTCTTGCAAG,4.194990922611309
11293,0.12596705323998905,8__mutated,PertCortex_8_ATTTCTGAGGCAAAGA,4.330621686163873
11294,0.27262012905615335,8__mutated,PertCortex_8_ATTTCTGCAGCCAGAA,2.299524459179732
11295,0.3939679780655088,8__mutated,PertCortex_8_ATTTCTGCATGCCTTC,1.8984978483105606
11296,0.5081842534137293,8__mutated,PertCortex_8_ATTTCTGGTCTCGTTC,1.6411491450666444
11297,0.4099434084034092,8__mutated,PertCortex_8_ATTTCTGGTGCAGACA,2.051406075895874
11298,0.05095249566097044,8__mutated,PertCortex_8_ATTTCTGGTGGTAACG,3.875273972466274
11299,0.09797222130054319,8__mutated,PertCortex_8_ATTTCTGTCCTTAATC,3.573042190607559
11300,0.12526524149987744,8__mutated,PertCortex_8_CAACCAATCAACGCTA,1.9524250775038934
11301,0.10292500997482448,8__mutated,PertCortex_8_CAACCTCAGAGCAATT,3.7511462779761295
11302,0.13758134233325686,8__mutated,PertCortex_8_CAACCTCAGAGGACGG,2.488927594639619
11303,0.05063933318284661,8__mutated,PertCortex_8_CAACCTCAGCACACAG,3.888893231304028
11304,0.09899470283273622,8__mutated,PertCortex_8_CAACCTCAGGGCACTA,4.066092003420173
11305,0.16318626900094974,8__mutated,PertCortex_8_CAACCTCCAAACAACA,3.473646117477355
11306,0.6345716019231549,8__mutated,PertCortex_8_CAACCTCCATGTCCTC,1.5581707646123961
11307,0.2188671873687658,8__mutated,PertCortex_8_CAACTAGAGACATAAC,2.9079300579219027
11308,0.5827954123056375,8__mutated,PertCortex_8_CAACTAGAGCCACGCT,1.5317913239652914
11309,0.4675732059120504,8__mutated,PertCortex_8_CAACTAGAGGATGTAT,2.4936696732386907
11310,0.44556349977302134,8__mutated,PertCortex_8_CAACTAGCACGAAAGC,2.324877858272691
11311,0.29799676153032917,8__mutated,PertCortex_8_CAACTAGCATGTCCTC,2.7571440216191605
11312,0.040046445243421054,8__mutated,PertCortex_8_CAACTAGGTCAACATC,2.660879297850838
11313,0.15118792908051248,8__mutated,PertCortex_8_CAACTAGTCACCGTAA,3.3637616173921785
11314,0.15106561896202045,8__mutated,PertCortex_8_CAAGAAAAGCATGGCA,3.3941974238125288
11315,0.5282338180156555,8__mutated,PertCortex_8_CAAGAAATCACTCTTA,2.3316774240846962
11316,0.4039676087606795,8__mutated,PertCortex_8_CAAGAAATCATGGTCA,2.0968458099998
11317,0.1966878628467873,8__mutated,PertCortex_8_CAAGAAATCGTAGGTT,4.799096983541162
11318,0.45480561026381794,8__mutated,PertCortex_8_CAAGATCAGAAGAAGC,1.981829462672746
11319,0.18253672302432852,8__mutated,PertCortex_8_CAAGATCAGACCGGAT,2.725885169383086
11320,0.34283737831085354,8__mutated,PertCortex_8_CAAGATCCATGGAATA,2.323446162352877
11321,0.03667912880402269,8__mutated,PertCortex_8_CAAGATCGTAAGTAGT,4.322793750462805
11322,0.26409046630852073,8__mutated,PertCortex_8_CAAGATCGTGTCTGAT,2.9363908383218624
11323,0.14280800980688457,8__mutated,PertCortex_8_CAAGATCTCAAGCCTA,2.876721496861455
11324,0.03953224103124479,8__mutated,PertCortex_8_CAAGATCTCAGCCTAA,2.8154676133838485
11325,0.11379502834268827,8__mutated,PertCortex_8_CAAGATCTCCACGCAG,4.382913117647165
11326,0.260502101440129,8__mutated,PertCortex_8_CAAGATCTCCTTAATC,3.527478147415911
11327,0.11204169642587665,8__mutated,PertCortex_8_CAAGATCTCGGTCTAA,3.727028648227046
11328,0.08615866662519535,8__mutated,PertCortex_8_CAAGGCCGTGGCGAAT,3.188251766732865
11329,0.13292180198795975,8__mutated,PertCortex_8_CAAGGCCGTTAGGGTG,2.314352865765698
11330,0.22943778103181736,8__mutated,PertCortex_8_CAAGGCCTCAGTACGT,2.2895565693119178
11331,0.31022916967515923,8__mutated,PertCortex_8_CAAGGCCTCGATAGAA,3.3752089405601096
11332,0.06033127602620422,8__mutated,PertCortex_8_CAAGGCCTCGTTGCCT,2.0567552512320155
11333,0.07963578002988318,8__mutated,PertCortex_8_CAAGTTGCAGTCGTGC,3.1238471920714352
11334,0.26689431028367055,8__mutated,PertCortex_8_CAAGTTGGTTGTTTGG,3.074501070018526
11335,0.6753687593325634,8__mutated,PertCortex_8_CAAGTTGTCACTATTC,1.6947299920581718
11336,0.21569697106241909,8__mutated,PertCortex_8_CACAAACAGAGCTGCA,3.2343124379611488
11337,0.13298290876517038,8__mutated,PertCortex_8_CACAAACAGCTAGGCA,4.30939187434592
11338,0.0919613160260669,8__mutated,PertCortex_8_CACAAACCAAGTAATG,3.936836906818988
11339,0.41375639146002224,8__mutated,PertCortex_8_CACAAACCACTTAACG,2.9592857954326877
11340,0.15845651351054169,8__mutated,PertCortex_8_CACAAACCAGGAATCG,3.3124560889323758
11341,0.07559554383305146,8__mutated,PertCortex_8_CACAAACGTCATATCG,4.029751760481931
11342,0.0551362097546827,8__mutated,PertCortex_8_CACAAACGTCATGCAT,3.64869858916381
11343,0.13320467951439308,8__mutated,PertCortex_8_CACAAACGTTATGTGC,2.826603202580417
11344,0.12154291483570595,8__mutated,PertCortex_8_CACAAACTCCGCAGTG,2.9721382559358567
11345,0.4760427343284892,8__mutated,PertCortex_8_CACACAACACGTCTCT,1.9810370964460888
11346,0.41541964011122845,8__mutated,PertCortex_8_CACACAACATCGGACC,1.8273203266178666
11347,0.1704881721932199,8__mutated,PertCortex_8_CACACAAGTCATCCCT,2.5281839716934438
11348,0.2978611060505321,8__mutated,PertCortex_8_CACACAAGTCGAGTTT,1.8224976360327259
11349,0.051653289645965175,8__mutated,PertCortex_8_CACACAATCGCCCTTA,2.3563704706162163
11350,0.13343817555110105,8__mutated,PertCortex_8_CACACCTAGAAACGCC,3.5837261568531433
11351,0.0963151720618959,8__mutated,PertCortex_8_CACACCTAGGAGTAGA,3.574493239405662
11352,0.1518447006682373,8__mutated,PertCortex_8_CACACCTGTGCCTGTG,2.9180149104965447
11353,0.22005610433553577,8__mutated,PertCortex_8_CACACCTTCCCTTGCA,2.7194495833572536
11354,0.10832630867989175,8__mutated,PertCortex_8_CACACCTTCCGAACGC,3.192651747618541
11355,0.11614563977676153,8__mutated,PertCortex_8_CACACCTTCCGCATCT,3.556401246535558
11356,0.2975503728663631,8__mutated,PertCortex_8_CACACTCAGGCCCGTT,2.610392796092512
11357,0.3487105366931128,8__mutated,PertCortex_8_CACACTCAGGCGACAT,2.8209678697273715
11358,0.17971992469430503,8__mutated,PertCortex_8_CACACTCCAGTGGGAT,2.1824214534551447
11359,0.22146985158395505,8__mutated,PertCortex_8_CACACTCCATTCCTGC,2.7118896863231496
11360,0.22944555211920376,8__mutated,PertCortex_8_CACACTCGTCTGGTCG,3.294496608620606
11361,0.18114161469155374,8__mutated,PertCortex_8_CACAGGCAGAGACTAT,3.0016584961884245
11362,0.13081961298361713,8__mutated,PertCortex_8_CACAGGCCAGCCTATA,3.875364809885751
11363,0.13577994669213742,8__mutated,PertCortex_8_CACAGGCTCACAAACC,3.0987933426991963
11364,0.08089390525155213,8__mutated,PertCortex_8_CACAGGCTCATAAAGG,4.0166407794866155
11365,0.18121802063245052,8__mutated,PertCortex_8_CACAGGCTCTTGTCAT,3.382879081882562
11366,0.21835674366949306,8__mutated,PertCortex_8_CACAGTACAACGCACC,4.448093646595566
11367,0.20231831750078913,8__mutated,PertCortex_8_CACAGTACAATGTTGC,3.042226572232308
11368,0.066148192130065,8__mutated,PertCortex_8_CACAGTACAGTTTACG,3.943852724329974
11369,0.21337055723812054,8__mutated,PertCortex_8_CACAGTAGTAAGGATT,3.453318674899677
11370,0.02495466733688844,8__mutated,PertCortex_8_CACATAGAGCCGATTT,3.31986089650189
11371,0.11333523816257494,8__mutated,PertCortex_8_CACATAGAGTAGGCCA,3.290881983208041
11372,0.38617910799368166,8__mutated,PertCortex_8_CACATAGGTAAAGGAG,2.25785466031345
11373,0.09607219793152826,8__mutated,PertCortex_8_CACATAGGTCAGATAA,3.6129559303344183
11374,0.20040610469326692,8__mutated,PertCortex_8_CACATAGGTTACAGAA,3.438047205638996
11375,0.20033495237888432,8__mutated,PertCortex_8_CACATAGTCAGTACGT,3.3366495927296618
11376,0.02343651297139092,8__mutated,PertCortex_8_CACATAGTCTGGTGTA,3.695960002080918
11377,0.5131517931024765,8__mutated,PertCortex_8_CACATTTAGAAGAAGC,1.7733612253080733
11378,0.2646194276031299,8__mutated,PertCortex_8_CACATTTCAGTGGGAT,2.361709495341529
11379,0.0027726783117059907,8__mutated,PertCortex_8_CACATTTGTCGAACAG,4.453168635593702
11380,0.12421550959007534,8__mutated,PertCortex_8_CACATTTGTCTGGTCG,3.271808461031539
11381,0.35782205479243545,8__mutated,PertCortex_8_CACATTTTCACATAGC,2.365482513625016
11382,0.2626663904128532,8__mutated,PertCortex_8_CACATTTTCGGCTTGG,2.5248589711446767
11383,0.1440858655191504,8__mutated,PertCortex_8_CACCACTAGTCGAGTG,4.3370517595033125
11384,0.11115109584701913,8__mutated,PertCortex_8_CACCACTCAACTTGAC,3.0591541855295707
11385,0.1583984193557974,8__mutated,PertCortex_8_CACCACTCAATTCCTT,3.131935598250576
11386,0.10581247401464489,8__mutated,PertCortex_8_CACCACTCACTATCTT,3.8040936093164572
11387,0.04420993244474227,8__mutated,PertCortex_8_CACCACTGTTTGGCGC,3.036957196228551
11388,0.1812120171773657,8__mutated,PertCortex_8_CACCACTTCGTGGTCG,2.946504975730944
11389,0.22723165253435612,8__mutated,PertCortex_8_CACCAGGAGCCCAACC,3.2393066482405026
11390,0.19852255328738766,8__mutated,PertCortex_8_CACCAGGAGGTGCAAC,2.1996829382366125
11391,0.603360575905729,8__mutated,PertCortex_8_CACCAGGCAAATACAG,1.638531233974902
11392,0.27433260641879476,8__mutated,PertCortex_8_CACCAGGCAACTTGAC,2.5969811921680277
11393,0.12334960670459721,8__mutated,PertCortex_8_CACCAGGCATAAGACA,2.6427707584813835
11394,0.14371473562531636,8__mutated,PertCortex_8_CACCAGGTCCTGCAGG,5.584472670920585
11395,0.16627956853288958,8__mutated,PertCortex_8_CACCTTGCAGCTATTG,3.781998288098408
11396,0.21758537025401647,8__mutated,PertCortex_8_CACCTTGCAGGTCTCG,3.977664163345278
11397,0.23691740339273498,8__mutated,PertCortex_8_CACCTTGGTTCATGGT,2.7517569477958124
11398,0.22493311589019957,8__mutated,PertCortex_8_CACCTTGTCTACTTAC,2.74837683333047
11399,0.13786767840800732,8__mutated,PertCortex_8_CACCTTGTCTCTAGGA,3.1118669788317295
11400,0.15543494805387528,8__mutated,PertCortex_8_CACTCCAAGAGCCTAG,3.361569522275722
11401,0.1020772407038019,8__mutated,PertCortex_8_CACTCCACAAGACACG,3.3302101214391464
11402,0.13514847828459542,8__mutated,PertCortex_8_CACTCCACACTTCGAA,3.1772153544294697
11403,0.14088683398464585,8__mutated,PertCortex_8_CAGAATCCAATGGATA,2.6262818269191532
11404,0.17074557272290752,8__mutated,PertCortex_8_CAGAATCCAGACGCAA,2.6969588713645463
11405,0.25277430980968607,8__mutated,PertCortex_8_CAGAATCGTACCGGCT,2.607690176120368
11406,0.21054888661173465,8__mutated,PertCortex_8_CAGAATCGTACGCTGC,2.5785154759983415
11407,0.15736087335883714,8__mutated,PertCortex_8_CAGAATCGTGGCGAAT,3.453376527988177
11408,0.10241728181950523,8__mutated,PertCortex_8_CAGAATCGTTCGTTGA,2.9117496769639355
11409,0.13205851687560427,8__mutated,PertCortex_8_CAGAGAGAGAACTCGG,2.8981529157732546
11410,0.45362419361893264,8__mutated,PertCortex_8_CAGAGAGAGGACAGAA,1.7935670596129434
11411,0.12246787320439731,8__mutated,PertCortex_8_CAGAGAGCAAAGGAAG,2.3465094521060386
11412,0.172835829605509,8__mutated,PertCortex_8_CAGAGAGCAAGACACG,4.9860132695493125
11413,0.19483372685584183,8__mutated,PertCortex_8_CAGAGAGCACTTGGAT,2.7463689601736143
11414,0.3320113197261387,8__mutated,PertCortex_8_CAGAGAGCAGGACCCT,2.087599586853063
11415,0.021392732597807745,8__mutated,PertCortex_8_CAGAGAGCAGTGACAG,3.3058679473748662
11416,0.08259518419259303,8__mutated,PertCortex_8_CAGAGAGCATCGGACC,3.4492742779885357
11417,0.31231284237891627,8__mutated,PertCortex_8_CAGAGAGTCTGGGCCA,2.1846265456804286
11418,0.4892118295451619,8__mutated,PertCortex_8_CAGATCAAGAGACTAT,2.4055281584233135
11419,0.12579925456501584,8__mutated,PertCortex_8_CAGATCAAGGCTCAGA,4.522356529428911
11420,0.09315151236425828,8__mutated,PertCortex_8_CAGATCAAGGGAAACA,3.6244560099411163
11421,0.2998144445409948,8__mutated,PertCortex_8_CAGATCACAAGTCATC,2.7954227696148197
11422,0.17656238567485658,8__mutated,PertCortex_8_CAGATCACAATCTACG,2.830269731775978
11423,0.06708989888457075,8__mutated,PertCortex_8_CAGATCACAGGATTGG,3.505174763735208
11424,0.008592485587525575,8__mutated,PertCortex_8_CAGATCACAGTCGTGC,4.148596440933032
11425,0.06720966597698831,8__mutated,PertCortex_8_CAGATCACAGTGGGAT,2.717007100729161
11426,0.18760292542180515,8__mutated,PertCortex_8_CAGATCAGTGCAGACA,2.643257881675797
11427,0.20778538756964873,8__mutated,PertCortex_8_CAGCAGCAGATCCTGT,2.7752584142779204
11428,0.03436226217229848,8__mutated,PertCortex_8_CAGCAGCAGGTGCTAG,3.987108163578948
11429,0.1146729959969597,8__mutated,PertCortex_8_CAGCAGCCAAGAAGAG,3.0938661499502516
11430,0.19794910571231544,8__mutated,PertCortex_8_CAGCAGCCAGGATTGG,2.179492716457933
11431,0.14047730511492054,8__mutated,PertCortex_8_CAGCAGCGTGTTGGGA,3.0261377530395537
11432,0.1974407963251668,8__mutated,PertCortex_8_CAGCAGCTCCTGTAGA,2.890288384670498
11433,0.3782974446193947,8__mutated,PertCortex_8_CAGCAGCTCGCCGTGA,2.1183849931356136
11434,0.18160733119761446,8__mutated,PertCortex_8_CAGCATAAGACTAGGC,3.486996524841104
11435,0.3831712616001353,8__mutated,PertCortex_8_CAGCATACAAGGTTTC,1.9960350201783739
11436,0.14148765766830976,8__mutated,PertCortex_8_CAGCATACACGGATAG,2.761041656876741
11437,0.18664564829698493,8__mutated,PertCortex_8_CAGCATAGTAGCGATG,3.1371458528711313
11438,0.2190119478428352,8__mutated,PertCortex_8_CAGCATAGTCCGAGTC,2.2334387368652218
11439,0.16409616361858761,8__mutated,PertCortex_8_CAGCATAGTGCACCAC,3.358581359444281
11440,0.07090317456789276,8__mutated,PertCortex_8_CAGCATAGTGCACTTA,4.295297175483543
11441,0.16129559817193775,8__mutated,PertCortex_8_CAGCCGAAGACTAGGC,3.0328127463110355
11442,0.11276602807779328,8__mutated,PertCortex_8_CAGCCGAAGGTGGGTT,3.4547104582914363
11443,0.07229838737668418,8__mutated,PertCortex_8_CAGCCGAAGTGAAGAG,3.6030355258689526
11444,0.1293183128248354,8__mutated,PertCortex_8_CAGCCGAAGTGTGAAT,2.836500444829792
11445,0.5793213448091611,8__mutated,PertCortex_8_CAGCCGACACATCCAA,1.4876937896410023
11446,0.1413251342545183,8__mutated,PertCortex_8_CAGCCGAGTCTGCGGT,3.6723779404568067
11447,0.14845919512013836,8__mutated,PertCortex_8_CAGCCGATCTTCATGT,3.540866218065038
11448,0.4381640020638069,8__mutated,PertCortex_8_CAGCGACAGTCTCAAC,1.543603229240302
11449,0.286625916524333,8__mutated,PertCortex_8_CAGCGACCATACGCCG,2.4433525191358205
11450,0.07439880502804794,8__mutated,PertCortex_8_CAGCGACTCCCAAGAT,3.0738670052373145
11451,0.15391717953840428,8__mutated,PertCortex_8_CAGCTAAAGTGGGCTA,2.7240970635131125
11452,0.524640650042505,8__mutated,PertCortex_8_CAGCTAACACTTACGA,1.781520575947305
11453,0.08127069347209624,8__mutated,PertCortex_8_CAGCTAACAGGACCCT,2.7828636698851636
11454,0.3567817284670282,8__mutated,PertCortex_8_CAGCTAACAGTCAGCC,2.5664817142418617
11455,0.13994448355154449,8__mutated,PertCortex_8_CAGCTAAGTCCATCCT,3.956447496010536
11456,0.5591821939424737,8__mutated,PertCortex_8_CAGCTAATCAATCACG,2.3615122508786928
11457,0.4508754129797592,8__mutated,PertCortex_8_CAGCTAATCATAACCG,1.708912771962346
11458,0.308253528150366,8__mutated,PertCortex_8_CAGCTGGAGATGCCAG,2.5802785192014546
11459,0.25800829750607945,8__mutated,PertCortex_8_CAGCTGGCAGACAAAT,2.042809131969878
11460,0.13870730073499743,8__mutated,PertCortex_8_CAGCTGGTCCTTCAAT,2.9692692340581717
11461,0.5514855857312593,8__mutated,PertCortex_8_CAGGTGCAGCCCAGCT,1.8065858735395264
11462,0.0969168081539202,8__mutated,PertCortex_8_CAGGTGCAGGCCCGTT,3.4674708753493633
11463,0.6043912685743599,8__mutated,PertCortex_8_CAGGTGCCACTAGTAC,1.6663648463494658
11464,0.17621096591668717,8__mutated,PertCortex_8_CAGGTGCTCGTATCAG,3.3745490945307597
11465,0.10968171781931572,8__mutated,PertCortex_8_CAGTAACAGAAGATTC,3.5097542766296064
11466,0.2796240819444518,8__mutated,PertCortex_8_CAGTAACAGTCCGTAT,2.431972331087122
11467,0.07126912650881918,8__mutated,PertCortex_8_CAGTAACCAGTAACGG,4.38117334184009
11468,0.21422087935568113,8__mutated,PertCortex_8_CAGTAACGTAGAAAGG,3.736137909022071
11469,0.18092064512852127,8__mutated,PertCortex_8_CAGTAACGTGTGGCTC,2.5746932723580374
11470,0.04459560733596296,8__mutated,PertCortex_8_CAGTAACTCAAGATCC,3.341196775787915
11471,0.19937238926931067,8__mutated,PertCortex_8_CAGTCCTAGAACTGTA,2.634096572387768
11472,0.14342070367990978,8__mutated,PertCortex_8_CAGTCCTCACAACGCC,2.787292173519467
11473,0.14333974293028723,8__mutated,PertCortex_8_CAGTCCTGTTTGGCGC,2.59021990103007
11474,0.07672322067053375,8__mutated,PertCortex_8_CAGTCCTTCCGCATCT,3.9871095533619347
11475,0.14399118012698867,8__mutated,PertCortex_8_CAGTCCTTCGCCGTGA,2.8018004807438133
11476,0.08033072320095891,8__mutated,PertCortex_8_CATATGGAGGCGTACA,4.1374862860951875
11477,0.2688209438276292,8__mutated,PertCortex_8_CATATGGCAAGGTGTG,2.3579008968989084
11478,0.13536966495740016,8__mutated,PertCortex_8_CATATGGTCATTCACT,2.205392169277874
11479,0.34850032044735835,8__mutated,PertCortex_8_CATATGGTCCATGAAC,1.9778057476992854
11480,0.09643552642078033,8__mutated,PertCortex_8_CATATGGTCCTTTACA,3.8965016541140103
11481,0.026441400973412344,8__mutated,PertCortex_8_CATATGGTCGAGAACG,3.934570170510333
11482,0.09297940613030908,8__mutated,PertCortex_8_CATATTCCATAAAGGT,3.1664487275116953
11483,0.12635388707787978,8__mutated,PertCortex_8_CATATTCGTATTAGCC,2.754689887957556
11484,0.27822087447115595,8__mutated,PertCortex_8_CATATTCTCTACTCAT,2.1587070819302006
11485,0.10012109275645069,8__mutated,PertCortex_8_CATCAAGAGTGTACGG,3.4295369672289198
11486,0.10836297071723788,8__mutated,PertCortex_8_CATCAAGCACCCAGTG,3.5800548294435504
11487,0.5760879810261538,8__mutated,PertCortex_8_CATCAAGCATGGGACA,1.486120373087444
11488,0.12217494171557719,8__mutated,PertCortex_8_CATCAAGGTAACGCGA,2.6851256569395874
11489,0.12091560301266446,8__mutated,PertCortex_8_CATCAAGGTCGAGTTT,2.857755717831969
11490,0.16718454973543292,8__mutated,PertCortex_8_CATCAAGTCACGAAGG,3.182504357804695
11491,0.23327293035541027,8__mutated,PertCortex_8_CATCAGAAGGATGCGT,3.280663847746692
11492,0.4217671993423813,8__mutated,PertCortex_8_CATCAGAAGGTGATAT,2.1271983415368934
11493,0.14504855031696792,8__mutated,PertCortex_8_CATCAGAAGTCCGTAT,2.439724786526381
11494,0.11684695562244146,8__mutated,PertCortex_8_CATCAGACAATGGAAT,3.427133429858054
11495,0.05715995476999503,8__mutated,PertCortex_8_CATCAGAGTATATGGA,3.6458821461375344
11496,0.07243928605251475,8__mutated,PertCortex_8_CATCAGAGTCCATCCT,2.661291779922111
11497,0.037059562437358314,8__mutated,PertCortex_8_CATCAGAGTTCGAATC,2.7062741396947922
11498,0.3145884486195247,8__mutated,PertCortex_8_CATCAGATCCAAATGC,2.2196377409327095
11499,0.15110526887971432,8__mutated,PertCortex_8_CATCAGATCCTATTCA,3.3840977798006344
11500,0.14737777690329482,8__mutated,PertCortex_8_CATCCACAGAGAGCTC,3.973355482075788
11501,0.1287880180469338,8__mutated,PertCortex_8_CATCCACAGGCCGAAT,3.0203129130123516
11502,0.15814308114759165,8__mutated,PertCortex_8_CATCCACCATAACCTG,3.4403363600310612
11503,0.2022125104761971,8__mutated,PertCortex_8_CATCCACGTAACGCGA,4.8358548775667645
11504,0.16249804120811717,8__mutated,PertCortex_8_CATCCACGTACCGTAT,3.2320698042386193
11505,0.1327435800095159,8__mutated,PertCortex_8_CATCCACGTAGGAGTC,3.1603233404498887
11506,0.20235781077326215,8__mutated,PertCortex_8_CATCCACGTCTTCGTC,3.0193337591637746
11507,0.14481587414735592,8__mutated,PertCortex_8_CATCCACGTTCAGGCC,3.2696274658028095
11508,0.05188147322297342,8__mutated,PertCortex_8_CATCCACGTTGGGACA,3.4445955875327208
11509,0.2737767423565137,8__mutated,PertCortex_8_CATCGAAAGACTGTAA,1.9472266302501227
11510,0.3523808991341288,8__mutated,PertCortex_8_CATCGAAAGTCTCCTC,2.2212247799271663
11511,0.06330748610167604,8__mutated,PertCortex_8_CATCGAACAAGCCGTC,4.041642071244297
11512,0.19845787936461146,8__mutated,PertCortex_8_CATCGGGAGGACATTA,3.2618959188332313
11513,0.19427923428106214,8__mutated,PertCortex_8_CATCGGGAGGCAAAGA,2.380981106554343
11514,0.10444322299151075,8__mutated,PertCortex_8_CATCGGGCAGACGCCT,3.5035118105322063
11515,0.04838091269525166,8__mutated,PertCortex_8_CATCGGGTCTGCCAGG,3.866938450481967
11516,0.4436593634796811,8__mutated,PertCortex_8_CATGACAAGCTAGTGG,1.8908609861743861
11517,0.1226140833976628,8__mutated,PertCortex_8_CATGACACAGCTCGAC,3.722626426013803
11518,0.1399131089450213,8__mutated,PertCortex_8_CATGACAGTAAGTGGC,3.325692103320794
11519,0.5342328177127221,8__mutated,PertCortex_8_CATGACAGTAAGTGTA,1.8108052074611232
11520,0.3883720940778091,8__mutated,PertCortex_8_CATGACATCACTCCTG,2.1975200602805085
11521,0.07871193930455136,8__mutated,PertCortex_8_CATGACATCTCATTCA,3.9224773886107167
11522,0.145969664590037,8__mutated,PertCortex_8_CATGACATCTGGCGTG,2.960311057748196
11523,0.17846042526471984,8__mutated,PertCortex_8_CATGCCTAGCGATCCC,2.672804434509677
11524,0.22620866602377546,8__mutated,PertCortex_8_CATGCCTAGCTGGAAC,2.9801302764329813
11525,0.06228779795712467,8__mutated,PertCortex_8_CATGCCTAGGAATGGA,1.9742397547440587
11526,0.025024108172014968,8__mutated,PertCortex_8_CATGCCTCACTTAAGC,3.7356266841334747
11527,0.45982812895288216,8__mutated,PertCortex_8_CATGCCTGTAGCGATG,1.6843030171650457
11528,0.36182371222684306,8__mutated,PertCortex_8_CATGGCGCAATAGCAA,1.8616059184214586
11529,0.14714776297489215,8__mutated,PertCortex_8_CATGGCGCAGTAAGAT,3.0329247558483625
11530,0.36300071082874147,8__mutated,PertCortex_8_CATGGCGGTCGTCTTC,2.0899145772622423
11531,0.5168497963206439,8__mutated,PertCortex_8_CATGGCGTCTTTCCTC,1.7571729415045634
11532,0.2025292001901223,8__mutated,PertCortex_8_CATTATCCATCCGGGT,2.8708284100505406
11533,0.207933929909309,8__mutated,PertCortex_8_CATTATCGTAATAGCA,2.6494303789283244
11534,0.3348628771852816,8__mutated,PertCortex_8_CATTATCTCCGAGCCA,1.7429731006075353
11535,0.23284935456211975,8__mutated,PertCortex_8_CATTCGCAGGCGTACA,3.2320619413986273
11536,0.04312313993407208,8__mutated,PertCortex_8_CATTCGCCAACCGCCA,3.4484848980155896
11537,0.18158449844084462,8__mutated,PertCortex_8_CATTCGCCAGCTGCAC,2.8999316617962743
11538,0.23928723062689478,8__mutated,PertCortex_8_CATTCGCCATACTCTT,2.6710114134620473
11539,0.2894240170454725,8__mutated,PertCortex_8_CATTCGCTCAGTGTTG,1.9836976229972898
11540,0.27948746267975993,8__mutated,PertCortex_8_CATTCGCTCCCAAGTA,1.8787524033373952
11541,0.224307985687122,8__mutated,PertCortex_8_CATTCGCTCGAATCCA,2.778699862646628
11542,0.1540117395931875,8__mutated,PertCortex_8_CCAATCCAGAAACCAT,3.994962585617719
11543,0.4976252030164091,8__mutated,PertCortex_8_CCAATCCAGAATAGGG,1.7787261720925904
11544,0.160499958139618,8__mutated,PertCortex_8_CCAATCCCAGACACTT,3.0639494989480296
11545,0.15696667418090252,8__mutated,PertCortex_8_CCAATCCGTCACACGC,4.036324150378156
11546,0.11035411606736534,8__mutated,PertCortex_8_CCAATCCGTCCGAAGA,4.483116199163102
11547,0.13934549866154392,8__mutated,PertCortex_8_CCAATCCTCAAACCAC,4.26404211659845
11548,0.1851582828438823,8__mutated,PertCortex_8_CCAATCCTCGCATGGC,2.48389035927079
11549,0.12692473946874516,8__mutated,PertCortex_8_CCAATCCTCTTGCATT,3.4826282546747844
11550,0.13836038523629546,8__mutated,PertCortex_8_CCACCTAAGAAGGTGA,2.6904588689907496
11551,0.10746062098124949,8__mutated,PertCortex_8_CCACCTAGTAAGGGAA,3.975911406264777
11552,0.059577855141182835,8__mutated,PertCortex_8_CCACCTAGTCGAGTTT,3.393499691477516
11553,0.14446517916338839,8__mutated,PertCortex_8_CCACCTAGTGTGGTTT,3.0455119838299463
11554,0.05945479125142442,8__mutated,PertCortex_8_CCACCTATCACTCCTG,3.7267561277839487
11555,0.1222812912710009,8__mutated,PertCortex_8_CCACCTATCTTTACGT,4.002999323834997
11556,0.15671985446563244,8__mutated,PertCortex_8_CCACGGAAGGTGATAT,3.3864303371220257
11557,0.15260635048765456,8__mutated,PertCortex_8_CCACGGACAGGACCCT,2.795240944424804
11558,0.31390080804852094,8__mutated,PertCortex_8_CCACGGACAGGATCGA,2.285810473861552
11559,0.1995992040407527,8__mutated,PertCortex_8_CCACTACAGATCTGAA,1.5902617955094949
11560,0.20450821259792626,8__mutated,PertCortex_8_CCACTACAGTCGTACT,3.907641493043725
11561,0.11833264144049734,8__mutated,PertCortex_8_CCACTACCATGAGCGA,2.9885245639860534
11562,0.2304083511175527,8__mutated,PertCortex_8_CCACTACCATGCGCAC,2.705281219674721
11563,0.12505895321230578,8__mutated,PertCortex_8_CCACTACGTCGAGTTT,3.8242847584356996
11564,0.17013523031192554,8__mutated,PertCortex_8_CCACTACTCAGCTTAG,3.8685402252536143
11565,0.11821409931475974,8__mutated,PertCortex_8_CCAGCGAAGAAGGGTA,3.230278998554245
11566,0.18055663922642998,8__mutated,PertCortex_8_CCAGCGACAAGTCTAC,3.111932089756293
11567,0.04582160003128594,8__mutated,PertCortex_8_CCAGCGACATCCGCGA,4.46983347479809
11568,0.06171929064156454,8__mutated,PertCortex_8_CCAGCGAGTCGCGAAA,4.148494292707743
11569,0.3029440158943526,8__mutated,PertCortex_8_CCAGCGATCACTTATC,2.4740751776826153
11570,0.3252352392428994,8__mutated,PertCortex_8_CCAGCGATCATCGATG,2.669297037593871
11571,0.04557516454442159,8__mutated,PertCortex_8_CCATGTCAGCTCAACT,2.501554287629323
11572,0.10720826805374713,8__mutated,PertCortex_8_CCATGTCAGGCTATCT,3.0756442706881435
11573,0.05061620040455756,8__mutated,PertCortex_8_CCATGTCGTTCCTCCA,3.1270587764741515
11574,0.06116592800878709,8__mutated,PertCortex_8_CCATTCGAGAGCTATA,4.12570323079232
11575,0.11946307093736089,8__mutated,PertCortex_8_CCATTCGAGCTAGTTC,3.725146820892091
11576,0.126680702858848,8__mutated,PertCortex_8_CCATTCGCACCTCGTT,3.1711162389574636
11577,0.33962422582117413,8__mutated,PertCortex_8_CCATTCGCATCACGAT,1.8546576597190514
11578,0.14025858600096183,8__mutated,PertCortex_8_CCATTCGGTAAATGTG,3.7944235307250285
11579,0.18098771768568728,8__mutated,PertCortex_8_CCATTCGGTTACGCGC,1.6002338292146905
11580,0.1055735029294851,8__mutated,PertCortex_8_CCCAATCAGTCCCACG,3.1393829556002752
11581,0.12783583299698648,8__mutated,PertCortex_8_CCCAATCCAGACGTAG,4.503592887173232
11582,0.07392547711051954,8__mutated,PertCortex_8_CCCAATCCAGTCCTTC,3.6777854908561296
11583,0.09025194148991929,8__mutated,PertCortex_8_CCCAATCGTAAGTTCC,2.892379154289639
11584,0.24335662588678345,8__mutated,PertCortex_8_CCCAATCGTCCTCCAT,2.1729560478288175
11585,0.07624871857580796,8__mutated,PertCortex_8_CCCAATCTCGGCTACG,3.3291290511798017
11586,0.14838887363189712,8__mutated,PertCortex_8_CCCAGTTAGAGTAATC,3.7755194267846264
11587,0.5328254762948189,8__mutated,PertCortex_8_CCCAGTTAGTGAACGC,1.6931100031283988
11588,0.06435114494716264,8__mutated,PertCortex_8_CCCAGTTCATTACGAC,3.658925999038772
11589,0.016251736949251985,8__mutated,PertCortex_8_CCCAGTTGTCTCTTTA,3.1084665004824097
11590,0.40600327780284334,8__mutated,PertCortex_8_CCCAGTTGTTTGCATG,2.081780528889023
11591,0.24298314090381365,8__mutated,PertCortex_8_CCCAGTTTCACATGCA,4.416114247192063
11592,0.1173986344468153,8__mutated,PertCortex_8_CCCATACAGGCACATG,3.711760315252627
11593,0.3941262523003939,8__mutated,PertCortex_8_CCCATACGTCAAGCGA,2.353430238956364
11594,0.352114491252107,8__mutated,PertCortex_8_CCCATACGTTAAGTAG,2.4121322769889737
11595,0.2656532479537992,8__mutated,PertCortex_8_CCCATACGTTAGATGA,3.299935929132066
11596,0.271710941915081,8__mutated,PertCortex_8_CCCATACTCCGAATGT,2.1190458386127915
11597,0.2740624686674493,8__mutated,PertCortex_8_CCCTCCTGTCAGAATA,2.5634911221572265
11598,0.2318502642288257,8__mutated,PertCortex_8_CCCTCCTGTGACTCAT,3.2679307692065542
11599,0.31588541043994767,8__mutated,PertCortex_8_CCGGGATAGTCGAGTG,1.989133240656681
11600,0.06249408447333618,8__mutated,PertCortex_8_CCGGGATAGTGTACTC,3.3466771385924448
11601,0.16227182050334918,8__mutated,PertCortex_8_CCGGGATCAAGACGTG,2.8574100268036737
11602,0.10910712397641092,8__mutated,PertCortex_8_CCGGGATCAGCTCCGA,2.5038161666647403
11603,0.18275174155238838,8__mutated,PertCortex_8_CCGGGATCATGCAACT,2.3957754628714785
11604,0.1351788008813125,8__mutated,PertCortex_8_CCGGGATGTATCTGCA,2.410969006777439
11605,0.08769030523397423,8__mutated,PertCortex_8_CCGGGATGTTCCCGAG,2.4152739716485114
11606,0.11698037471763179,8__mutated,PertCortex_8_CCGGGATTCAAGGTAA,3.3261042524552114
11607,0.042705781909407416,8__mutated,PertCortex_8_CCGGGATTCGTAGGAG,3.361864389387093
11608,0.13958021908217041,8__mutated,PertCortex_8_CCGGGATTCTGCGTAA,3.2152583217998645
11609,0.10576443398972692,8__mutated,PertCortex_8_CCGGTAGCAAGTTGTC,3.5388891563452614
11610,0.17934544650424541,8__mutated,PertCortex_8_CCGGTAGCAGTGAGTG,2.8029985791112813
11611,0.15766121628213442,8__mutated,PertCortex_8_CCGGTAGGTTGCGTTA,2.752690173903168
11612,0.07082922459309353,8__mutated,PertCortex_8_CCGTACTAGCCCGAAA,4.118514671179182
11613,0.1134411696876021,8__mutated,PertCortex_8_CCGTACTAGTAGGTGC,3.581188069567345
11614,0.11542127961571873,8__mutated,PertCortex_8_CCGTACTAGTGCTGCC,3.106916449750108
11615,0.2930502883265728,8__mutated,PertCortex_8_CCGTACTAGTGTCTCA,2.4154448685380876
11616,0.07151870129339917,8__mutated,PertCortex_8_CCGTACTCAGATTGCT,2.8720330142746517
11617,0.1072336673640046,8__mutated,PertCortex_8_CCGTACTTCATTTGGG,2.8866769750230676
11618,0.11184261173254251,8__mutated,PertCortex_8_CCGTGGACAAAGCAAT,2.9721085212901284
11619,0.17457728501308156,8__mutated,PertCortex_8_CCGTGGACATCACGTA,4.218191685234153
11620,0.1386123514695168,8__mutated,PertCortex_8_CCGTGGATCTGACCTC,3.306276712418389
11621,0.1266051015715098,8__mutated,PertCortex_8_CCGTGGATCTGGTGTA,3.50261898141815
11622,0.4644872384338099,8__mutated,PertCortex_8_CCGTTCACAGATAATG,1.7445779628030795
11623,0.09590903656935744,8__mutated,PertCortex_8_CCTAAAGGTACCGCTG,1.7027065887994608
11624,0.2261354884428847,8__mutated,PertCortex_8_CCTAAAGTCATCATTC,2.6982447958423994
11625,0.09325178722988714,8__mutated,PertCortex_8_CCTACACAGAGCTTCT,1.4101922937666433
11626,-0.010324967162487056,8__mutated,PertCortex_8_CCTACACAGCGTCAAG,4.122802200117441
11627,0.08714424562260913,8__mutated,PertCortex_8_CCTACACCACCAGTTA,4.025865251615186
11628,0.1541277904811179,8__mutated,PertCortex_8_CCTACACCATCCGGGT,3.5288647997458082
11629,0.24378486783486483,8__mutated,PertCortex_8_CCTACACCATTGTGCA,2.6694558932189483
11630,0.24951543860124528,8__mutated,PertCortex_8_CCTACACGTCGCGAAA,2.440472851125253
11631,0.4075742960115882,8__mutated,PertCortex_8_CCTACCAAGTAGATGT,2.1266517779686573
11632,0.22102284277983186,8__mutated,PertCortex_8_CCTACCACAACTTGAC,2.895290748470703
11633,0.16156259375903304,8__mutated,PertCortex_8_CCTACCACACCGAATT,3.371519960003777
11634,0.16411677957989262,8__mutated,PertCortex_8_CCTACCACACTGCCAG,4.052939900732442
11635,0.1926284153021968,8__mutated,PertCortex_8_CCTACCAGTCTCTCTG,3.045657357492384
11636,0.20025047084411557,8__mutated,PertCortex_8_CCTACCAGTTGTTTGG,2.812724328527922
11637,0.16341795622152136,8__mutated,PertCortex_8_CCTAGCTAGTGTGGCA,2.24033349357275
11638,0.06162651938667784,8__mutated,PertCortex_8_CCTAGCTCAATAGCGG,3.19116019807315
11639,0.5727602830491056,8__mutated,PertCortex_8_CCTAGCTCAATTCCTT,1.9929248632366927
11640,0.4304627862158023,8__mutated,PertCortex_8_CCTAGCTCACAGAGGT,1.8906920838858319
11641,0.11825526515649518,8__mutated,PertCortex_8_CCTAGCTGTATATGAG,3.8487771292575106
11642,0.11955430594649652,8__mutated,PertCortex_8_CCTAGCTGTCTAAACC,3.5640794683401964
11643,0.699227519656082,8__mutated,PertCortex_8_CCTAGCTGTCTACCTC,1.2813434104067283
11644,0.1803549503078443,8__mutated,PertCortex_8_CCTAGCTGTTACGCGC,3.546022187785358
11645,0.11359678606385758,8__mutated,PertCortex_8_CCTAGCTTCGAGGTAG,2.8004312366636714
11646,0.14885669370650984,8__mutated,PertCortex_8_CCTATTAAGTAGCCGA,2.6939408513293945
11647,0.2196591187478691,8__mutated,PertCortex_8_CCTATTACAGACGCAA,2.633948211848695
11648,0.15703836979614472,8__mutated,PertCortex_8_CCTATTAGTATATCCG,3.1992107895557766
11649,0.10167559996355334,8__mutated,PertCortex_8_CCTATTAGTTACGGAG,3.4553415170608988
11650,0.14235573366308318,8__mutated,PertCortex_8_CCTATTATCTACTATC,2.784083469939782
11651,0.04953951208034457,8__mutated,PertCortex_8_CCTATTATCTCAACTT,2.6116550184729994
11652,0.0804990558628476,8__mutated,PertCortex_8_CCTCAGTAGACAAAGG,3.693168289209619
11653,0.14166557869181878,8__mutated,PertCortex_8_CCTCAGTCAGCTCGAC,3.137962496707027
11654,0.12324535863860281,8__mutated,PertCortex_8_CCTCAGTGTCGGCACT,4.344676083575835
11655,0.08398928561946346,8__mutated,PertCortex_8_CCTCAGTTCGGCTACG,3.135616084362562
11656,0.4650673123987476,8__mutated,PertCortex_8_CCTCTGAAGAGTCGGT,1.8820909144492004
11657,0.12084395791738604,8__mutated,PertCortex_8_CCTCTGAAGCTGTCTA,2.864333823402525
11658,0.13945158007125819,8__mutated,PertCortex_8_CCTCTGACATCCGCGA,3.5296915083782414
11659,0.49203327491752813,8__mutated,PertCortex_8_CCTCTGATCTGCCCTA,2.303968966470524
11660,0.5281475836572884,8__mutated,PertCortex_8_CCTTACGAGTCCGGTC,1.6643868656059146
11661,0.07958346337958104,8__mutated,PertCortex_8_CCTTACGCAGCCTTGG,3.774097930300331
11662,0.388152691370172,8__mutated,PertCortex_8_CCTTACGGTATCACCA,2.0321311032775218
11663,0.12264183615249176,8__mutated,PertCortex_8_CCTTACGTCCATGAAC,3.1021226429625957
11664,0.5779000443571893,8__mutated,PertCortex_8_CCTTCCCCACATGGGA,1.9912192211526298
11665,0.15479404011731548,8__mutated,PertCortex_8_CCTTCCCCAGGTTTCA,3.649365344922463
11666,0.25004133586480826,8__mutated,PertCortex_8_CCTTCCCGTTGGACCC,2.834219519954366
11667,0.0627553355740786,8__mutated,PertCortex_8_CCTTCCCTCAGGCCCA,4.124220044665509
11668,0.28639352769179865,8__mutated,PertCortex_8_CCTTCCCTCATGGTCA,2.0262263507213376
11669,0.1194265471733595,8__mutated,PertCortex_8_CCTTCCCTCGCAAACT,3.5909935749159785
11670,0.09677093271541075,8__mutated,PertCortex_8_CCTTCGAAGCCACTAT,3.83027440778063
11671,0.562261535751213,8__mutated,PertCortex_8_CCTTCGAAGGCTAGCA,2.0861676338092825
11672,0.10312250438056307,8__mutated,PertCortex_8_CCTTCGACAAGTTGTC,3.529073768139356
11673,0.26968098857515677,8__mutated,PertCortex_8_CCTTCGACACAAGCCC,2.4345544405147135
11674,0.037503219077317976,8__mutated,PertCortex_8_CCTTCGACAGATAATG,3.252905886270298
11675,0.2192802780749886,8__mutated,PertCortex_8_CCTTCGACAGCCTGTG,2.9296794176585044
11676,0.1403569249407266,8__mutated,PertCortex_8_CCTTCGAGTAGCAAAT,2.70607377857554
11677,0.08564198472916029,8__mutated,PertCortex_8_CCTTCGAGTTGGTAAA,4.267871327520981
11678,0.6543103727206909,8__mutated,PertCortex_8_CCTTTCTGTTATCCGA,1.7398526501883302
11679,0.13715670672537858,8__mutated,PertCortex_8_CCTTTCTTCAATAAGG,3.297707026816475
11680,0.046750651005174795,8__mutated,PertCortex_8_CCTTTCTTCTCACATT,3.745281035396962
11681,0.0450612338854417,8__mutated,PertCortex_8_CGAACATAGTGCTGCC,2.701999758508209
11682,0.1273997394706671,8__mutated,PertCortex_8_CGAACATCAGATCCAT,2.6824555082689865
11683,0.21244720116660545,8__mutated,PertCortex_8_CGAACATGTGATAAAC,3.0200436814061606
11684,0.0732131311302354,8__mutated,PertCortex_8_CGAACATGTGGTAACG,4.279498218180898
11685,0.16333301494220456,8__mutated,PertCortex_8_CGAATGTCACGCGAAA,3.3871924445254518
11686,0.10480991856213258,8__mutated,PertCortex_8_CGAATGTCATAGAAAC,2.983027995863095
11687,0.06250832429478567,8__mutated,PertCortex_8_CGAATGTCATGGGAAC,3.984963353291407
11688,0.5009993009588253,8__mutated,PertCortex_8_CGAATGTCATGTAGTC,1.7316594864112205
11689,0.35681676741773505,8__mutated,PertCortex_8_CGAATGTGTACGACCC,2.011729060322353
11690,0.17828939177366696,8__mutated,PertCortex_8_CGAATGTGTAGATTAG,3.106044869910425
11691,0.17926485815697274,8__mutated,PertCortex_8_CGAATGTGTAGCGTCC,4.418744144954203
11692,0.08924360770766539,8__mutated,PertCortex_8_CGAATGTTCGCGTTTC,3.8595978375167546
11693,0.11100417056803683,8__mutated,PertCortex_8_CGAATGTTCGTGGTCG,4.4568096134836965
11694,0.24379927448404426,8__mutated,PertCortex_8_CGACCTTAGAGCCTAG,4.615562114539226
11695,0.2579773727277905,8__mutated,PertCortex_8_CGACCTTAGAGGTACC,2.134309713970821
11696,0.15060969605163507,8__mutated,PertCortex_8_CGACCTTAGCGAGAAA,3.3503984986147546
11697,0.1588625077970181,8__mutated,PertCortex_8_CGACCTTGTTGATTGC,2.5750623906358676
11698,0.2066342383788241,8__mutated,PertCortex_8_CGACCTTGTTTGACAC,1.8344297022600335
11699,0.1811424068814164,8__mutated,PertCortex_8_CGACCTTTCCCAGGTG,2.587412914462694
11700,0.08277094461011382,8__mutated,PertCortex_8_CGACTTCAGAAGGTGA,3.7357989011658757
11701,0.2452905092573122,8__mutated,PertCortex_8_CGACTTCAGAGCAATT,2.625018642641621
11702,0.31329390344093366,8__mutated,PertCortex_8_CGACTTCCAACCGCCA,2.1134966790082355
11703,0.12342402792325607,8__mutated,PertCortex_8_CGACTTCCATAAAGGT,3.322635170434181
11704,0.4043410558401344,8__mutated,PertCortex_8_CGACTTCGTTCTGAAC,2.4000937824503477
11705,0.4061128899183437,8__mutated,PertCortex_8_CGACTTCTCCGTTGTC,1.9539358349416025
11706,0.47992824742875095,8__mutated,PertCortex_8_CGACTTCTCTGCGGCA,1.875948012571111
11707,0.13358001522328297,8__mutated,PertCortex_8_CGAGAAGGTATGGTTC,2.6284927908626865
11708,0.4826801433051706,8__mutated,PertCortex_8_CGAGAAGGTCTGCAAT,1.519307989985369
11709,0.22115496394395887,8__mutated,PertCortex_8_CGAGAAGTCAAGGTAA,2.6634544159737708
11710,0.06337989168855869,8__mutated,PertCortex_8_CGAGAAGTCCTACAGA,3.9191029260523544
11711,0.18494983298126935,8__mutated,PertCortex_8_CGAGCACAGCATCATC,3.9653357588052915
11712,0.44829304725516544,8__mutated,PertCortex_8_CGAGCACAGCGATTCT,2.0657360372682905
11713,0.46816058423404294,8__mutated,PertCortex_8_CGAGCACAGTACGTTC,2.4800177870271374
11714,0.09438075753228121,8__mutated,PertCortex_8_CGAGCACGTAAGCACG,3.927026603348342
11715,0.11591425234522093,8__mutated,PertCortex_8_CGAGCACGTGTTCTTT,3.417927775998112
11716,0.47251711488406883,8__mutated,PertCortex_8_CGAGCACTCATAACCG,1.710598007763551
11717,0.16626332966665497,8__mutated,PertCortex_8_CGAGCACTCTGTCCGT,3.049204548227106
11718,0.4765619515687502,8__mutated,PertCortex_8_CGAGCCAAGAAGGCCT,1.7574198098876073
11719,0.20472701945679114,8__mutated,PertCortex_8_CGAGCCAGTCTGATCA,4.294675708648763
11720,0.30479397285914855,8__mutated,PertCortex_8_CGAGCCATCTGATACG,1.7069347160389383
11721,0.27055211545184293,8__mutated,PertCortex_8_CGATCGGAGACCTAGG,2.0034608240325333
11722,0.07205670764977659,8__mutated,PertCortex_8_CGATCGGCAGATCTGT,4.259937094313389
11723,0.5120736733198156,8__mutated,PertCortex_8_CGATCGGCATCTGGTA,1.6233519072649074
11724,0.15318406656048747,8__mutated,PertCortex_8_CGATCGGGTAGGGACT,2.899759741534489
11725,0.09554676052883905,8__mutated,PertCortex_8_CGATGGCAGTGGAGTC,3.566617888447502
11726,0.12809513507030457,8__mutated,PertCortex_8_CGATGTAAGACACGAC,3.3416499459083893
11727,0.10219072708705093,8__mutated,PertCortex_8_CGATGTACAAGGTTCT,3.7583200445606537
11728,0.4551985940573836,8__mutated,PertCortex_8_CGATGTACAAGTTAAG,3.0226865730111454
11729,0.327581462208967,8__mutated,PertCortex_8_CGATGTACACCACGTG,1.8900808284497908
11730,0.01663327159659174,8__mutated,PertCortex_8_CGATGTACAGAGTGTG,2.7942235179913943
11731,0.29807517279676865,8__mutated,PertCortex_8_CGATGTAGTCTTCGTC,1.752440222980858
11732,0.07046056778292956,8__mutated,PertCortex_8_CGATGTAGTTACGCGC,2.739726104078115
11733,0.12077799604854197,8__mutated,PertCortex_8_CGATGTAGTTGATTGC,3.3327791729548824
11734,0.49629084231331605,8__mutated,PertCortex_8_CGATGTATCAATCACG,1.8523379372400623
11735,0.11514679568776509,8__mutated,PertCortex_8_CGATGTATCTGCAGTA,3.278053812474216
11736,0.048669215140987446,8__mutated,PertCortex_8_CGATTGACAGCCTATA,3.175814566699435
11737,0.08096460433517168,8__mutated,PertCortex_8_CGCCAAGAGCGTAGTG,4.024259329976852
11738,0.15551870145353944,8__mutated,PertCortex_8_CGCCAAGAGTCGCCGT,3.1993418622957135
11739,0.44233725928961803,8__mutated,PertCortex_8_CGCCAAGCAGTGACAG,2.246030336166713
11740,0.14957449294951267,8__mutated,PertCortex_8_CGCCAAGGTCCGAATT,2.4442392416594894
11741,0.4968076952343994,8__mutated,PertCortex_8_CGCCAAGTCAACGGGA,1.6384713862169407
11742,0.572615819877942,8__mutated,PertCortex_8_CGCGGTACACCTGGTG,1.6511940401176002
11743,0.4367742361087536,8__mutated,PertCortex_8_CGCGGTACATATGCTG,1.705096637315171
11744,0.16679382250973396,8__mutated,PertCortex_8_CGCGGTACATGCTAGT,3.2180429089813516
11745,0.20426065852033354,8__mutated,PertCortex_8_CGCGGTACATGTCCTC,3.434347382000905
11746,0.2008661601881015,8__mutated,PertCortex_8_CGCGGTATCACAGGCC,2.2830076463485978
11747,0.27891473526913785,8__mutated,PertCortex_8_CGCGGTATCGCGCCAA,2.229639088728153
11748,0.28488674451950113,8__mutated,PertCortex_8_CGCGTTTCACGTGAGA,2.0828417699733364
11749,0.10368139835646895,8__mutated,PertCortex_8_CGCTATCAGATATACG,3.9042597200442755
11750,0.2377249085193243,8__mutated,PertCortex_8_CGCTATCCATCAGTAC,4.303280331442298
11751,0.12350528609343393,8__mutated,PertCortex_8_CGCTATCGTATTCTCT,3.3090338364379708
11752,0.25399800479944495,8__mutated,PertCortex_8_CGCTATCTCAACACTG,2.6008375487171453
11753,0.08131245703942569,8__mutated,PertCortex_8_CGCTATCTCTTCCTTC,3.27039444362566
11754,0.23408623279455684,8__mutated,PertCortex_8_CGCTGGAAGACTAGGC,2.443796528280208
11755,0.0617808954883196,8__mutated,PertCortex_8_CGCTGGAAGCTAGCCC,3.8243760941791605
11756,0.08260645225906146,8__mutated,PertCortex_8_CGCTGGAAGGAGTTGC,2.969765445634363
11757,0.12101071690549293,8__mutated,PertCortex_8_CGCTGGAAGGATGGAA,2.692455515138118
11758,0.06629972848852585,8__mutated,PertCortex_8_CGCTGGAAGGTGCTAG,3.6334800180711975
11759,0.4522883599811185,8__mutated,PertCortex_8_CGCTGGACAATGAATG,1.652964415902495
11760,0.11562243747833141,8__mutated,PertCortex_8_CGCTGGACACCTCGGA,3.1130199233079536
11761,0.03747306766484564,8__mutated,PertCortex_8_CGCTGGATCACCGTAA,3.826403420861222
11762,0.35841794982934855,8__mutated,PertCortex_8_CGCTGGATCCTACAGA,1.938184177725476
11763,0.5062142933112364,8__mutated,PertCortex_8_CGCTGGATCCTTGACC,1.982208123720368
11764,0.4721304462539453,8__mutated,PertCortex_8_CGCTTCAAGACAAGCC,1.6118315892784414
11765,0.1974175275055665,8__mutated,PertCortex_8_CGCTTCAAGGAGCGAG,3.4627157449140817
11766,0.150378591665516,8__mutated,PertCortex_8_CGCTTCACAATGAATG,2.5472644173238317
11767,0.24293592616682907,8__mutated,PertCortex_8_CGCTTCACATGGTAGG,2.716579039837068
11768,-0.008178955185054035,8__mutated,PertCortex_8_CGCTTCAGTAAAGGAG,4.659678425579367
11769,0.12443773852466322,8__mutated,PertCortex_8_CGCTTCAGTACATCCA,2.87673228534121
11770,0.247490451378441,8__mutated,PertCortex_8_CGCTTCAGTATGCTTG,4.179298136489929
11771,0.17329954351337637,8__mutated,PertCortex_8_CGGACACAGAGTAAGG,3.812129690526458
11772,0.030539965822361768,8__mutated,PertCortex_8_CGGACACCAATAAGCA,3.622543136730902
11773,0.3997081960888049,8__mutated,PertCortex_8_CGGACACGTGAGTATA,1.8274418668078913
11774,0.20719606482841654,8__mutated,PertCortex_8_CGGACACTCTCAAGTG,2.281787155400245
11775,0.16233180006991804,8__mutated,PertCortex_8_CGGACGTAGGATGGTC,2.5620497022476147
11776,0.31409267393594853,8__mutated,PertCortex_8_CGGACGTCAATAGCGG,2.2218310342245666
11777,0.06744668316147504,8__mutated,PertCortex_8_CGGACGTGTTAGAACA,2.2020702393736693
11778,0.25465493127753086,8__mutated,PertCortex_8_CGGACGTGTTATTCTC,3.2349758050448982
11779,0.17239029447296642,8__mutated,PertCortex_8_CGGACGTTCACTTACT,2.8410296101960584
11780,0.05576565871132375,8__mutated,PertCortex_8_CGGACGTTCCGATATG,3.7088090589710947
11781,0.1190199897558907,8__mutated,PertCortex_8_CGGACGTTCGTGGGAA,2.519224618005973
11782,0.08808492958814905,8__mutated,PertCortex_8_CGGACTGAGACAATAC,2.93222034752976
11783,0.06789166984017903,8__mutated,PertCortex_8_CGGACTGAGGCCCTCA,3.757049347896055
11784,0.23940960266761843,8__mutated,PertCortex_8_CGGACTGTCACCAGGC,2.944657070643177
11785,0.43743670959988784,8__mutated,PertCortex_8_CGGAGCTAGTCCAGGA,1.7514738332626105
11786,0.3263065108617544,8__mutated,PertCortex_8_CGGAGCTGTGGTCCGT,1.8711078347200987
11787,0.252806175878855,8__mutated,PertCortex_8_CGGAGCTTCCAACCAA,1.9037825166826778
11788,0.15083634116456107,8__mutated,PertCortex_8_CGGAGCTTCGTTTGCC,2.9291530109690167
11789,0.3832295452689558,8__mutated,PertCortex_8_CGGAGTCAGAGCTGCA,2.9170687356900147
11790,0.10357242305185864,8__mutated,PertCortex_8_CGGAGTCCAAGCCGCT,4.008540505492317
11791,0.2389664516524446,8__mutated,PertCortex_8_CGGAGTCCAGAGTGTG,3.15248997163445
11792,0.06325038478596838,8__mutated,PertCortex_8_CGGAGTCGTACTTCTT,4.248634324155847
11793,0.19525660577068238,8__mutated,PertCortex_8_CGGAGTCGTCGGATCC,2.8201306543315994
11794,0.09915688623624855,8__mutated,PertCortex_8_CGGAGTCGTGCCTGGT,3.5036586604405335
11795,0.23157714021120268,8__mutated,PertCortex_8_CGGCTAGGTGAAATCA,2.3537756216489583
11796,0.2119282417486067,8__mutated,PertCortex_8_CGGCTAGTCACTCTTA,3.2546176545553362
11797,0.21513692733276038,8__mutated,PertCortex_8_CGGCTAGTCGTCCGTT,2.8657425191199
11798,0.19014078268704085,8__mutated,PertCortex_8_CGGGTCAAGCAATATG,2.663049549559748
11799,0.1307523853096757,8__mutated,PertCortex_8_CGGGTCAAGCCCAACC,3.478947397726312
11800,0.08196346344044245,8__mutated,PertCortex_8_CGGGTCAAGTTCGCAT,3.197284304093281
11801,0.21537885298469536,8__mutated,PertCortex_8_CGGGTCACAAAGTGCG,2.597898179087506
11802,0.5269013608173017,8__mutated,PertCortex_8_CGGGTCACACTGTTAG,2.168877224468312
11803,0.11217731970588361,8__mutated,PertCortex_8_CGGGTCACATGGTAGG,2.6329404900823805
11804,0.13115861106803547,8__mutated,PertCortex_8_CGGGTCAGTTTGTTGG,2.220821886983774
11805,0.41154033080135977,8__mutated,PertCortex_8_CGGGTCATCTAACTGG,1.9081868070260972
11806,0.16315331788427095,8__mutated,PertCortex_8_CGGGTCATCTCCTATA,3.822962621294889
11807,0.1804146678119977,8__mutated,PertCortex_8_CGGTTAAAGCCAACAG,3.1546072561355123
11808,0.07230553661006962,8__mutated,PertCortex_8_CGGTTAAGTAATTGGA,3.917207253995369
11809,0.045056722155723,8__mutated,PertCortex_8_CGGTTAAGTCCATGAT,3.5410859393766585
11810,0.21454017764317296,8__mutated,PertCortex_8_CGTAGCGAGATCACGG,3.14288409762649
11811,0.1267269831981664,8__mutated,PertCortex_8_CGTAGCGAGGAATGGA,2.534069553579657
11812,0.13111663768414694,8__mutated,PertCortex_8_CGTAGCGAGTGTACTC,2.8536537565303535
11813,0.09463997838268527,8__mutated,PertCortex_8_CGTAGCGCACGGACAA,2.5893679211981016
11814,0.09704503584280559,8__mutated,PertCortex_8_CGTAGCGCACGGTAGA,3.776731202420927
11815,0.3901819501338178,8__mutated,PertCortex_8_CGTAGCGCACTGTTAG,1.894760599467963
11816,0.11437786966421053,8__mutated,PertCortex_8_CGTAGCGGTACCGTAT,2.9015542791434705
11817,0.32096278398819295,8__mutated,PertCortex_8_CGTAGCGGTCGCTTTC,2.1132287294315466
11818,0.04968699979395617,8__mutated,PertCortex_8_CGTAGCGGTGGTACAG,4.444067912267473
11819,0.5261504345417021,8__mutated,PertCortex_8_CGTAGCGTCGGAAACG,2.020901296872162
11820,0.51111294892138,8__mutated,PertCortex_8_CGTAGCGTCGTTACGA,1.7937232273036408
11821,0.14131070671715118,8__mutated,PertCortex_8_CGTCACTAGACGACGT,3.512264574631883
11822,0.16783206990039864,8__mutated,PertCortex_8_CGTCACTAGTCGTACT,3.4500599260686666
11823,0.1108241182933286,8__mutated,PertCortex_8_CGTCACTGTACCGCTG,2.8691968710520532
11824,0.062173955389618965,8__mutated,PertCortex_8_CGTCACTGTCTAGCGC,3.713220328881202
11825,0.17162207452659278,8__mutated,PertCortex_8_CGTCACTGTTGTACAC,3.028930849460839
11826,0.12152988746950852,8__mutated,PertCortex_8_CGTCAGGAGCATCATC,3.1868677386865403
11827,0.13487492651396735,8__mutated,PertCortex_8_CGTCAGGCATACGCTA,2.6206614387720264
11828,0.1839590431275463,8__mutated,PertCortex_8_CGTCAGGGTAAGGGAA,4.5279634065840915
11829,0.1789294431673357,8__mutated,PertCortex_8_CGTCAGGTCAAGCCTA,4.136361787511983
11830,0.10504583739334512,8__mutated,PertCortex_8_CGTCAGGTCACATGCA,4.110778529657962
11831,0.16851006734854881,8__mutated,PertCortex_8_CGTCAGGTCCTAGGGC,2.9473344081134014
11832,0.3290790380272823,8__mutated,PertCortex_8_CGTCCATAGTCGTTTG,2.184206995642717
11833,0.1142076357533518,8__mutated,PertCortex_8_CGTCCATCACCCATTC,2.6895391060895983
11834,0.19680277585333858,8__mutated,PertCortex_8_CGTCCATCACGCGAAA,3.34450787583775
11835,0.1416515827948439,8__mutated,PertCortex_8_CGTCCATGTATAGGTA,4.446377394781912
11836,0.11266291767990982,8__mutated,PertCortex_8_CGTCCATGTGTGCGTC,2.516988417172846
11837,0.5868283006285815,8__mutated,PertCortex_8_CGTCTACAGCGATTCT,1.2394600008723715
11838,0.6157657892440542,8__mutated,PertCortex_8_CGTCTACCAGTCACTA,2.312938925086344
11839,0.17527401942983925,8__mutated,PertCortex_8_CGTCTACGTCTGATTG,2.7353287799884094
11840,0.10536981282307602,8__mutated,PertCortex_8_CGTCTACGTTACGACT,2.3597580195218346
11841,0.126704149752545,8__mutated,PertCortex_8_CGTGAGCAGCACAGGT,3.089460258688685
11842,0.17162554698856555,8__mutated,PertCortex_8_CGTGAGCCATTAGCCA,1.7802498514505734
11843,0.2846919089007484,8__mutated,PertCortex_8_CGTGAGCGTTCGAATC,3.103585917170659
11844,0.0978906982662688,8__mutated,PertCortex_8_CGTGAGCTCCCAGGTG,1.6524216076297862
11845,0.27992462216948744,8__mutated,PertCortex_8_CGTGAGCTCTGTTTGT,2.8119868171367326
11846,0.014798984231588026,8__mutated,PertCortex_8_CGTGTAAAGTCATGCT,3.8872889916541555
11847,0.577439551656961,8__mutated,PertCortex_8_CGTGTAAAGTTAAGTG,2.124462562695727
11848,0.15546069826483294,8__mutated,PertCortex_8_CGTGTAACAGTCTTCC,3.474115717703584
11849,0.2125473579229873,8__mutated,PertCortex_8_CGTGTAAGTAAACACA,4.680973370133595
11850,0.1582802579685026,8__mutated,PertCortex_8_CGTGTAAGTCGGCTCA,4.30030977678247
11851,0.13444424193670632,8__mutated,PertCortex_8_CGTGTAAGTTCAGCGC,3.1264241873878165
11852,0.2494174824579495,8__mutated,PertCortex_8_CGTGTAATCACTTCAT,2.6529007740504094
11853,0.5756037778173356,8__mutated,PertCortex_8_CGTGTAATCATCGCTC,2.0321727259809723
11854,0.037719760750253954,8__mutated,PertCortex_8_CGTGTCTAGATGTCGG,3.8273950314761906
11855,0.1975764066779203,8__mutated,PertCortex_8_CGTGTCTGTCTCATCC,2.336222634735615
11856,0.14213188221916753,8__mutated,PertCortex_8_CGTGTCTTCCAGGGCT,3.21941642468095
11857,0.340819178741215,8__mutated,PertCortex_8_CGTTAGACAGGAATCG,2.10225301207702
11858,0.20340450710696967,8__mutated,PertCortex_8_CGTTAGACATACTCTT,2.9559722329472478
11859,0.17049475126420793,8__mutated,PertCortex_8_CGTTAGATCTCTAAGG,2.8151380145889218
11860,0.10383515662069932,8__mutated,PertCortex_8_CGTTAGATCTGGTATG,3.825764065896346
11861,0.3613703398660386,8__mutated,PertCortex_8_CGTTCTGCATGAAGTA,2.8141675939641444
11862,0.2728017849897659,8__mutated,PertCortex_8_CGTTCTGGTGCTCTTC,2.7914692923874846
11863,0.179982724030406,8__mutated,PertCortex_8_CGTTCTGGTTAAGAAC,2.863919857730939
11864,0.5523984978279294,8__mutated,PertCortex_8_CGTTCTGTCACCAGGC,1.9269859295294256
11865,0.5530734514978635,8__mutated,PertCortex_8_CGTTGGGAGCTGATAA,1.7206786504651073
11866,0.44006142497541884,8__mutated,PertCortex_8_CGTTGGGTCACGCGGT,1.9307453010391518
11867,0.16188382154732853,8__mutated,PertCortex_8_CGTTGGGTCAGAGGTG,4.476081277976929
11868,0.19600742928340303,8__mutated,PertCortex_8_CGTTGGGTCTGCGTAA,3.1947911947619643
11869,0.03066961797449776,8__mutated,PertCortex_8_CTAACTTAGCTGCGAA,3.0094411387798656
11870,0.21823724048758542,8__mutated,PertCortex_8_CTAACTTAGGCGATAC,2.435427606066861
11871,0.14403882279025818,8__mutated,PertCortex_8_CTAACTTAGGTGTGGT,3.364340027924295
11872,0.08901245638075851,8__mutated,PertCortex_8_CTAACTTAGTGAATTG,4.069113774000624
11873,0.5954857613493715,8__mutated,PertCortex_8_CTAACTTCACATGACT,1.5179361729849579
11874,0.5491349815028698,8__mutated,PertCortex_8_CTAAGACCAGTTTACG,1.700572582124862
11875,0.07703078158080676,8__mutated,PertCortex_8_CTAAGACGTACTTAGC,4.134170376806986
11876,0.2702041670701984,8__mutated,PertCortex_8_CTAAGACGTCATATCG,2.3719112293111
11877,0.13861224897242966,8__mutated,PertCortex_8_CTAAGACGTTATGTGC,4.29580569182467
11878,0.27136897939803345,8__mutated,PertCortex_8_CTAAGACTCCCATTAT,2.379373141559427
11879,0.12037201104944442,8__mutated,PertCortex_8_CTAATGGGTACCAGTT,2.9222184844218635
11880,0.24378744101239794,8__mutated,PertCortex_8_CTAATGGGTAGCTAAA,2.3754385030278913
11881,0.15889492897284627,8__mutated,PertCortex_8_CTAATGGGTTGCTCCT,2.880367297236291
11882,0.20703807825354706,8__mutated,PertCortex_8_CTAATGGTCAGTACGT,2.863976905390329
11883,0.12377576060450893,8__mutated,PertCortex_8_CTACACCCAAGAAGAG,3.3085488055299797
11884,0.2964860262758229,8__mutated,PertCortex_8_CTACACCCACCAACCG,2.310957584801681
11885,0.14881583945847326,8__mutated,PertCortex_8_CTACACCCAGATTGCT,2.6338457607578447
11886,0.22040665476486423,8__mutated,PertCortex_8_CTACACCGTTATGTGC,2.7564528990848784
11887,0.09253408083917893,8__mutated,PertCortex_8_CTACACCTCGGCCGAT,3.7988544562832884
11888,0.14673951049208794,8__mutated,PertCortex_8_CTACACCTCGTCGTTC,5.630990403642909
11889,0.20986598823264244,8__mutated,PertCortex_8_CTACATTAGGGAACGG,3.3138655864893725
11890,0.14363344508701145,8__mutated,PertCortex_8_CTACATTCAGTAAGAT,4.043408791250651
11891,0.4336709587368183,8__mutated,PertCortex_8_CTACATTGTTGAGTTC,2.109447146122999
11892,0.21658452034194947,8__mutated,PertCortex_8_CTACATTTCAGCTGGC,2.907913325289831
11893,0.11404739263431664,8__mutated,PertCortex_8_CTACATTTCGCCAGCA,4.36884258350786
11894,0.14228413217629993,8__mutated,PertCortex_8_CTACCCAAGCCAGAAC,4.168959411471104
11895,0.28110407959308353,8__mutated,PertCortex_8_CTACCCACAACAACCT,2.2226252848101566
11896,0.5610117731991342,8__mutated,PertCortex_8_CTACCCACATCAGTCA,1.6218878236519974
11897,0.1913112955022948,8__mutated,PertCortex_8_CTACCCAGTACCCAAT,3.590247333538304
11898,0.15081555720095147,8__mutated,PertCortex_8_CTACCCATCTTGCCGT,3.8716054061412697
11899,0.16325893133443797,8__mutated,PertCortex_8_CTACCCATCTTTAGTC,3.108730379589334
11900,0.2261195735792933,8__mutated,PertCortex_8_CTACGTCAGTAATCCC,2.729661812694639
11901,0.16089158324348735,8__mutated,PertCortex_8_CTACGTCAGTTACGGG,3.744573444815847
11902,0.2758733845708242,8__mutated,PertCortex_8_CTACGTCCACGAGGTA,2.071929684712145
11903,0.1598426359742728,8__mutated,PertCortex_8_CTACGTCCAGTAGAGC,3.562929388964143
11904,0.06359199715689155,8__mutated,PertCortex_8_CTACGTCGTGGGTATG,3.6962909125462597
11905,0.09788361068459206,8__mutated,PertCortex_8_CTACGTCTCATTGCGA,4.298789143844176
11906,0.162295413087147,8__mutated,PertCortex_8_CTAGAGTAGGTGATTA,2.830938766192882
11907,0.5433463728665081,8__mutated,PertCortex_8_CTAGAGTCAATGGATA,1.5948809874177297
11908,0.13518795917980617,8__mutated,PertCortex_8_CTAGAGTCACTACAGT,3.395514311598973
11909,0.05552069510832158,8__mutated,PertCortex_8_CTAGAGTCAGCTTAAC,2.371188379894219
11910,0.21646070859918298,8__mutated,PertCortex_8_CTAGAGTGTACCGCTG,2.8737928721363737
11911,0.3477154278075064,8__mutated,PertCortex_8_CTAGCCTCACTACAGT,1.885010174810026
11912,0.22378743889141922,8__mutated,PertCortex_8_CTAGCCTCAGACTCGC,2.9740299999285162
11913,0.5563263644357486,8__mutated,PertCortex_8_CTAGCCTGTTTGTTTC,1.4821673730336176
11914,0.19292537391908154,8__mutated,PertCortex_8_CTAGCCTTCACGCATA,2.396627337154872
11915,0.10062270231044337,8__mutated,PertCortex_8_CTAGCCTTCCTATTCA,3.770628151133237
11916,0.12912473344793668,8__mutated,PertCortex_8_CTAGCCTTCGCCATAA,2.6940866026640666
11917,0.05947372863222236,8__mutated,PertCortex_8_CTAGCCTTCGTGGACC,4.091909879028232
11918,0.32158292338189937,8__mutated,PertCortex_8_CTAGCCTTCGTGGGAA,2.0971111070478208
11919,0.09607979984197161,8__mutated,PertCortex_8_CTAGTGAAGCTTTGGT,4.399609288157599
11920,0.23918351099173485,8__mutated,PertCortex_8_CTAGTGACACTGTGTA,2.8035682164258215
11921,0.1559304936423688,8__mutated,PertCortex_8_CTAGTGATCATGGTCA,3.3874919878083136
11922,0.1618596271163936,8__mutated,PertCortex_8_CTAGTGATCTGCGACG,3.1193964449519243
11923,0.09866693069897212,8__mutated,PertCortex_8_CTCACACCAATCGAAA,3.1104360305685113
11924,0.09470503454126392,8__mutated,PertCortex_8_CTCACACCAGTAAGAT,2.9255555388631467
11925,0.13867502550836808,8__mutated,PertCortex_8_CTCACACGTACCGTAT,2.7890188781626275
11926,0.3082264133993644,8__mutated,PertCortex_8_CTCACACGTCTCTTTA,2.383007428993176
11927,0.3260506250601291,8__mutated,PertCortex_8_CTCACACTCAAGATCC,1.9245109527629147
11928,0.346190563276654,8__mutated,PertCortex_8_CTCACACTCACATAGC,2.0187519115851575
11929,0.1849641686050137,8__mutated,PertCortex_8_CTCAGAAAGCAGCGTA,2.213221766687064
11930,0.247358527583183,8__mutated,PertCortex_8_CTCAGAAAGGCCCTTG,2.9382394404389633
11931,0.01190863257845031,8__mutated,PertCortex_8_CTCAGAATCGTCACGG,3.941814958236414
11932,0.45057466688554315,8__mutated,PertCortex_8_CTCAGAATCTACCAGA,1.905046442088727
11933,0.44509592528807385,8__mutated,PertCortex_8_CTCAGAATCTCGTATT,2.4475811804222736
11934,0.4648883445773905,8__mutated,PertCortex_8_CTCAGAATCTGCCCTA,2.005285030207647
11935,0.05054260964662351,8__mutated,PertCortex_8_CTCATTACACATTTCT,3.4405954965360506
11936,0.456365812835915,8__mutated,PertCortex_8_CTCATTAGTCGAGATG,1.8415855285231635
11937,0.15331037281702123,8__mutated,PertCortex_8_CTCATTAGTCTTGTCC,4.340755796804942
11938,0.09759994792360267,8__mutated,PertCortex_8_CTCATTATCCATGAAC,3.7435028930467644
11939,0.36040678513317076,8__mutated,PertCortex_8_CTCCTAGCAAGCGATG,2.1285322088063507
11940,0.499765222753348,8__mutated,PertCortex_8_CTCCTAGGTCGGCTCA,1.8371447800957623
11941,0.32675722661037293,8__mutated,PertCortex_8_CTCCTAGTCCCATTTA,2.0038274208085554
11942,0.17544699123465463,8__mutated,PertCortex_8_CTCGAAAAGAAGCCCA,2.698438002150111
11943,0.6050577427643109,8__mutated,PertCortex_8_CTCGAAAAGATCACGG,2.0670903838020056
11944,0.12701367957248358,8__mutated,PertCortex_8_CTCGAAAAGTGCCATT,4.036832822392125
11945,0.18131447712489146,8__mutated,PertCortex_8_CTCGAAAGTCACTGGC,2.994362917311708
11946,0.07251968602361587,8__mutated,PertCortex_8_CTCGAAAGTCTTCTCG,2.9931898239529087
11947,0.1526513837225375,8__mutated,PertCortex_8_CTCGAAATCACCGTAA,3.6162826192237825
11948,0.18210390044527697,8__mutated,PertCortex_8_CTCGAAATCATCGATG,3.156400851851793
11949,0.0960287787732847,8__mutated,PertCortex_8_CTCGAAATCCTATTCA,3.4969257473384676
11950,0.12496121901535047,8__mutated,PertCortex_8_CTCGAGGAGACGACGT,3.147151128974512
11951,0.09117928119320959,8__mutated,PertCortex_8_CTCGAGGAGTGAAGAG,3.8003617894714044
11952,0.24139521210094284,8__mutated,PertCortex_8_CTCGAGGCACGTGAGA,2.644441289666216
11953,0.24002519538996261,8__mutated,PertCortex_8_CTCGAGGGTACAGACG,3.2225000260099286
11954,0.3421881896005446,8__mutated,PertCortex_8_CTCGAGGTCGGCTTGG,2.214919341400363
11955,0.13436521366564494,8__mutated,PertCortex_8_CTCGAGGTCTACCAGA,4.815273505055287
11956,0.1262394264716177,8__mutated,PertCortex_8_CTCGGAGCAAAGAATC,4.145392260562235
11957,0.14669091673520554,8__mutated,PertCortex_8_CTCGGAGGTAATCGTC,3.9464067552765183
11958,0.22897319693298385,8__mutated,PertCortex_8_CTCGGAGGTATGCTTG,2.154239123624253
11959,0.14393238394894917,8__mutated,PertCortex_8_CTCGGAGGTTAAAGAC,4.272107366181357
11960,0.39323758475814763,8__mutated,PertCortex_8_CTCGGAGGTTGTGGCC,2.0409834602706276
11961,0.3310759261149348,8__mutated,PertCortex_8_CTCGGGACACGCTTTC,1.6594931687714867
11962,0.21955970397845787,8__mutated,PertCortex_8_CTCGGGAGTCTGATCA,3.4333385126641476
11963,0.053578529504962495,8__mutated,PertCortex_8_CTCGGGATCAACGAAA,2.8764835230245818
11964,0.14381174048949805,8__mutated,PertCortex_8_CTCGGGATCACAACGT,2.3537147453473906
11965,0.11106593279338862,8__mutated,PertCortex_8_CTCGGGATCACCCGAG,3.0096922708364335
11966,0.30261157896755175,8__mutated,PertCortex_8_CTCGGGATCGCAAGCC,2.1684420197171783
11967,0.0802573540586826,8__mutated,PertCortex_8_CTCGGGATCGCCATAA,2.9163165492340823
11968,0.3215729588453871,8__mutated,PertCortex_8_CTCGGGATCGCTGATA,2.4423192703233374
11969,0.1071878649143832,8__mutated,PertCortex_8_CTCGTACAGTGTACGG,3.0050559035618543
11970,0.11391743683013325,8__mutated,PertCortex_8_CTCGTACGTTAAGACA,3.545589761285663
11971,0.37625153344891155,8__mutated,PertCortex_8_CTCGTACGTTGGTAAA,2.780135884594809
11972,0.10960464306394224,8__mutated,PertCortex_8_CTCGTCAAGAATTCCC,3.78795973214534
11973,0.2046744805640156,8__mutated,PertCortex_8_CTCTAATAGACCTTTG,3.065842314135983
11974,0.21643184242497415,8__mutated,PertCortex_8_CTCTAATAGAGCAATT,2.6696761761374983
11975,0.08194264409655881,8__mutated,PertCortex_8_CTCTAATAGGTTCCTA,4.0581740170880565
11976,0.0881993824891918,8__mutated,PertCortex_8_CTCTAATCAAATCCGT,3.460556172053911
11977,0.4940404855047693,8__mutated,PertCortex_8_CTCTAATCAGCATACT,2.5559768598334727
11978,0.22873155774631804,8__mutated,PertCortex_8_CTCTAATCAGGCAGTA,3.087034208772239
11979,0.2101292558004831,8__mutated,PertCortex_8_CTCTAATCAGGTGGAT,2.987034613374555
11980,0.07949271595114624,8__mutated,PertCortex_8_CTCTAATCATGGAATA,3.6972709574467832
11981,0.17687855382956286,8__mutated,PertCortex_8_CTCTAATGTGACCAAG,4.514368404041564
11982,0.1788355939777673,8__mutated,PertCortex_8_CTCTAATGTGTGCGTC,3.3973207289658327
11983,0.09862854492853634,8__mutated,PertCortex_8_CTCTAATTCACTGGGC,3.117853557996923
11984,0.2878597191132676,8__mutated,PertCortex_8_CTCTACGCATTCGACA,2.525479068376034
11985,0.1387126938972909,8__mutated,PertCortex_8_CTCTACGGTGGCAAAC,2.7502622344748495
11986,0.3962980304160034,8__mutated,PertCortex_8_CTCTACGTCATTCACT,1.9341587128451094
11987,0.14552709476684672,8__mutated,PertCortex_8_CTCTACGTCGGCGCAT,3.085965640875278
11988,0.19816385953764884,8__mutated,PertCortex_8_CTCTGGTAGCATGGCA,2.999606033238417
11989,0.41871726890092914,8__mutated,PertCortex_8_CTCTGGTCATCTGGTA,2.001488154935143
11990,0.18492305450613758,8__mutated,PertCortex_8_CTGAAACAGTAGGTGC,2.6296683432246395
11991,0.08633535015138724,8__mutated,PertCortex_8_CTGAAACGTGCCTTGG,3.561497820602317
11992,0.16637310118035514,8__mutated,PertCortex_8_CTGAAACTCCAGGGCT,4.8243932585434575
11993,0.12011712186339778,8__mutated,PertCortex_8_CTGAAGTAGGCCCGTT,2.3639026591569645
11994,0.14706866290528864,8__mutated,PertCortex_8_CTGAAGTCATTTCACT,3.490852435697429
11995,0.1064501168785316,8__mutated,PertCortex_8_CTGAAGTGTCAACATC,4.0134733310333655
11996,0.4702182185195908,8__mutated,PertCortex_8_CTGAAGTTCGTCGTTC,1.821869973520254
11997,0.49631033921856893,8__mutated,PertCortex_8_CTGAAGTTCTCACATT,2.6590090009559164
11998,0.09031372365203624,8__mutated,PertCortex_8_CTGAAGTTCTGCCAGG,4.410735669442702
11999,0.2949396286981563,8__mutated,PertCortex_8_CTGATAGCAGGGTTAG,2.8067575157680413
12000,0.27448920871232996,8__mutated,PertCortex_8_CTGATAGTCAGGCAAG,4.9319460146811815
12001,0.5532828600290348,8__mutated,PertCortex_8_CTGATAGTCCAGAAGG,1.799553001969299
12002,0.24585436206544195,8__mutated,PertCortex_8_CTGATCCAGACCACGA,2.313566036980547
12003,0.1590627590396093,8__mutated,PertCortex_8_CTGATCCAGAGTTGGC,2.643160705547269
12004,0.7191349643767467,8__mutated,PertCortex_8_CTGATCCGTAAATGTG,1.654799307990207
12005,0.13111078968928294,8__mutated,PertCortex_8_CTGATCCGTCGACTAT,3.825070040864738
12006,0.3187138919853187,8__mutated,PertCortex_8_CTGATCCGTTGGTTTG,2.0526939681334535
12007,0.5064707964125751,8__mutated,PertCortex_8_CTGATCCTCGGAGGTA,1.6354715711845424
12008,0.343387131148031,8__mutated,PertCortex_8_CTGCCTAAGAATTGTG,1.7200687594829127
12009,0.23092618550774574,8__mutated,PertCortex_8_CTGCCTAAGTCTCGGC,3.690298446605996
12010,0.08266117682419251,8__mutated,PertCortex_8_CTGCCTATCAGCCTAA,4.712581956927885
12011,0.1157294706108889,8__mutated,PertCortex_8_CTGCCTATCGTCCAGG,2.318577311539082
12012,0.09688967927915276,8__mutated,PertCortex_8_CTGCGGAAGGGCTTGA,4.070564684226102
12013,0.15520109601494886,8__mutated,PertCortex_8_CTGCGGACAGACAAAT,3.7591552181997696
12014,0.06419189627331409,8__mutated,PertCortex_8_CTGCGGACAGCTATTG,2.5410931421678105
12015,0.13649590112769036,8__mutated,PertCortex_8_CTGCGGAGTTGATTCG,2.294636561749244
12016,0.23490552234858617,8__mutated,PertCortex_8_CTGCGGATCAGTCAGT,3.1141904926477806
12017,0.18968746325840966,8__mutated,PertCortex_8_CTGCGGATCGTTACAG,2.83111770623994
12018,0.16576706781296455,8__mutated,PertCortex_8_CTGCGGATCTAACCGA,3.1877286329309364
12019,0.5711442533734525,8__mutated,PertCortex_8_CTGCGGATCTCCTATA,1.554483027051871
12020,0.2733618383118158,8__mutated,PertCortex_8_CTGCGGATCTGTCTCG,1.8972241759753734
12021,0.13935013256054368,8__mutated,PertCortex_8_CTGCTGTAGCAGGCTA,3.741504395501152
12022,0.08233891273891243,8__mutated,PertCortex_8_CTGCTGTAGTTCGCAT,3.526672803226118
12023,0.19480125557050648,8__mutated,PertCortex_8_CTGCTGTGTGCTCTTC,2.2676754187871544
12024,0.07062763372223542,8__mutated,PertCortex_8_CTGCTGTTCCGTCATC,3.5465583088515924
12025,0.29842634701048654,8__mutated,PertCortex_8_CTGCTGTTCTTAACCT,2.2700006279235296
12026,0.20456663905549327,8__mutated,PertCortex_8_CTGGTCTGTCTAGTGT,3.198369731805849
12027,0.26838744796116054,8__mutated,PertCortex_8_CTGGTCTTCCGTACAA,2.9948331169238083
12028,0.3025835505143764,8__mutated,PertCortex_8_CTGGTCTTCTCGGACG,1.8559775964385314
12029,0.12578956863195825,8__mutated,PertCortex_8_CTGTGCTAGCCTTGAT,3.079040222443572
12030,0.539018051239456,8__mutated,PertCortex_8_CTGTGCTAGGTGATTA,1.616455185258416
12031,0.11694717346683711,8__mutated,PertCortex_8_CTGTGCTGTGTTTGGT,4.903161691306318
12032,0.12327330789605903,8__mutated,PertCortex_8_CTGTGCTTCGGTTCGG,3.6438255438856015
12033,0.4705263952535097,8__mutated,PertCortex_8_CTGTTTAAGCAGGTCA,1.7773250031213406
12034,0.2500289289513563,8__mutated,PertCortex_8_CTGTTTAGTCTGCCAG,2.5196720931060144
12035,0.07683442259757138,8__mutated,PertCortex_8_CTGTTTATCGAATCCA,3.097941789767157
12036,0.2143900260562558,8__mutated,PertCortex_8_CTTAACTAGTGTTAGA,2.383159529303326
12037,0.37372738900213653,8__mutated,PertCortex_8_CTTAACTCAGCCACCA,1.9415127835722434
12038,0.5531744201974713,8__mutated,PertCortex_8_CTTAACTGTGAGGGTT,1.4409555626913502
12039,0.5558831567584981,8__mutated,PertCortex_8_CTTAACTTCCCTCAGT,2.0647433669325
12040,0.15162184204324192,8__mutated,PertCortex_8_CTTACCGCAATGGATA,2.765597534073936
12041,0.062245383898448234,8__mutated,PertCortex_8_CTTACCGCACATCCAA,4.341156646046888
12042,0.4766405358214926,8__mutated,PertCortex_8_CTTACCGCAGGTTTCA,2.613468428213512
12043,0.34916001681045195,8__mutated,PertCortex_8_CTTACCGGTGCTCTTC,2.447699141473978
12044,0.22858041688411032,8__mutated,PertCortex_8_CTTACCGGTGTTGAGG,3.0905712316971345
12045,0.2856552158093379,8__mutated,PertCortex_8_CTTACCGGTTGATTGC,3.3374642021863163
12046,0.14412306734291586,8__mutated,PertCortex_8_CTTAGGAAGCGTTGCC,3.7095958909673032
12047,0.17088513048117737,8__mutated,PertCortex_8_CTTAGGAAGCTGATAA,4.4023523247602006
12048,0.17614214567049635,8__mutated,PertCortex_8_CTTAGGAGTGACGCCT,3.834118945191971
12049,0.6281083170863333,8__mutated,PertCortex_8_CTTCTCTAGAGGTACC,1.3680210618961177
12050,0.5239239291887444,8__mutated,PertCortex_8_CTTCTCTCAACTGCTA,1.5392927085941046
12051,0.14708723693639408,8__mutated,PertCortex_8_CTTCTCTTCGGAAATA,3.0963910159136305
12052,0.15788930810728571,8__mutated,PertCortex_8_CTTCTCTTCTCCGGTT,3.11944193435807
12053,0.47641582565659735,8__mutated,PertCortex_8_CTTGGCTCAGGATTGG,1.9951231733189976
12054,0.5590714749050498,8__mutated,PertCortex_8_CTTGGCTGTATCGCAT,1.987394793707808
12055,0.15516914873528684,8__mutated,PertCortex_8_CTTGGCTGTCTCTTTA,3.0091773810318316
12056,0.410425576207364,8__mutated,PertCortex_8_CTTGGCTGTCTGATCA,2.228886372566706
12057,0.23475842784258918,8__mutated,PertCortex_8_CTTGGCTGTTCTGTTT,2.5849385080957283
12058,0.4131999230775323,8__mutated,PertCortex_8_CTTTGCGAGACACTAA,2.6979411645265126
12059,0.547448014419587,8__mutated,PertCortex_8_CTTTGCGGTCATATCG,2.2879300638673623
12060,0.23681817160676355,8__mutated,PertCortex_8_CTTTGCGGTCCAACTA,2.8216178979059228
12061,0.11276609222462208,8__mutated,PertCortex_8_CTTTGCGTCACCCTCA,2.137290506567404
12062,0.22307713039729102,8__mutated,PertCortex_8_GAAACTCAGCCACTAT,3.2664137815231453
12063,0.048784030094264,8__mutated,PertCortex_8_GAAACTCAGCGCTCCA,3.8352359977545127
12064,0.08713781859778494,8__mutated,PertCortex_8_GAAACTCAGCGTAGTG,4.245629671486986
12065,0.05966828051985962,8__mutated,PertCortex_8_GAAACTCCAATCCAAC,4.427224192773545
12066,0.3454987640116149,8__mutated,PertCortex_8_GAAACTCCACCTCGGA,1.9231389275092565
12067,0.260828833256288,8__mutated,PertCortex_8_GAAACTCTCACTGGGC,2.9943037477908394
12068,0.2508943598317429,8__mutated,PertCortex_8_GAAACTCTCTTGCAAG,2.394475467969113
12069,0.30316965130413803,8__mutated,PertCortex_8_GAAATGAAGAATGTTG,1.8132105723874505
12070,0.12811679170845958,8__mutated,PertCortex_8_GAAATGAAGACGCACA,2.6877997239872884
12071,0.09614616662988938,8__mutated,PertCortex_8_GAAATGAGTCCAAGTT,3.747491622160346
12072,0.10069649027293934,8__mutated,PertCortex_8_GAAATGAGTGAGTATA,3.5882275408019364
12073,0.12221955894026885,8__mutated,PertCortex_8_GAAATGAGTGAGTGAC,3.6347293661896103
12074,0.10413628871194694,8__mutated,PertCortex_8_GAAATGAGTGCAACGA,3.065033904142473
12075,0.15544670512239786,8__mutated,PertCortex_8_GAAATGATCCCTAACC,3.6509233476478804
12076,0.08524947953192756,8__mutated,PertCortex_8_GAAATGATCCTAGTGA,3.635146254884791
12077,0.09354336328838248,8__mutated,PertCortex_8_GAACATCAGCTAAGAT,3.5515309308061425
12078,0.5604037960866753,8__mutated,PertCortex_8_GAACATCCATCACGTA,1.8101417054067874
12079,0.43567469571737993,8__mutated,PertCortex_8_GAACATCCATGTCGAT,2.2900465961746166
12080,0.19167647520784106,8__mutated,PertCortex_8_GAACATCGTAAGTGTA,3.5139449008986867
12081,0.43416798180605337,8__mutated,PertCortex_8_GAACATCGTCCGAATT,2.58647223221907
12082,0.1365207949850916,8__mutated,PertCortex_8_GAACATCTCTCGATGA,3.3773285824322166
12083,0.0735670054905571,8__mutated,PertCortex_8_GAACCTAAGAAGGCCT,4.130241497918119
12084,0.129842129814393,8__mutated,PertCortex_8_GAACCTAAGGGCATGT,3.4468894799031036
12085,0.11269779771455822,8__mutated,PertCortex_8_GAACCTACACACGCTG,2.955686894121889
12086,0.0811436039011071,8__mutated,PertCortex_8_GAACCTACACCACCAG,3.378776981003346
12087,0.1730167837401359,8__mutated,PertCortex_8_GAACGGAAGCATGGCA,2.6648095164815158
12088,0.10933339305932079,8__mutated,PertCortex_8_GAACGGAAGTGGAGTC,3.339852995369945
12089,0.16278730772856811,8__mutated,PertCortex_8_GAACGGACATAGACTC,3.294919988605957
12090,0.16088306147844558,8__mutated,PertCortex_8_GAACGGATCATCACCC,3.6986728092904753
12091,0.3868973363846058,8__mutated,PertCortex_8_GAACGGATCCGCGCAA,2.0808181439094056
12092,0.38734652980434414,8__mutated,PertCortex_8_GAAGCAGAGCTGAACG,2.1620650459061728
12093,0.1987959172637784,8__mutated,PertCortex_8_GAAGCAGCACAACGTT,2.141216284096905
12094,0.03380956476231223,8__mutated,PertCortex_8_GAAGCAGCATATACCG,3.179816129342711
12095,0.21520504857265377,8__mutated,PertCortex_8_GAAGCAGGTTTGACTG,2.8610895828678813
12096,0.12369773579220292,8__mutated,PertCortex_8_GAAGCAGTCAGAGCTT,2.7898329375001727
12097,0.10701836030982428,8__mutated,PertCortex_8_GAAGCAGTCAGCTCGG,2.9164736042067387
12098,0.45556320729686517,8__mutated,PertCortex_8_GAAGCAGTCCAGGGCT,1.9394544491523906
12099,0.2415965033180918,8__mutated,PertCortex_8_GAATAAGAGCGTCAAG,3.2540804952811575
12100,0.21876382260782287,8__mutated,PertCortex_8_GAATAAGAGTAACCCT,2.9221746782635463
12101,0.08822200916383523,8__mutated,PertCortex_8_GAATAAGCAGGTCTCG,2.861015082283801
12102,0.1322544628702686,8__mutated,PertCortex_8_GAATAAGGTCTCCCTA,3.239178146877488
12103,0.24303039033517584,8__mutated,PertCortex_8_GAATAAGGTTATGTGC,2.931395582919453
12104,0.202604898091856,8__mutated,PertCortex_8_GAATGAAAGTGTACCT,3.9463156634881913
12105,0.1762457769822566,8__mutated,PertCortex_8_GAATGAATCAGATAAG,3.3315022377818413
12106,0.15000421017373838,8__mutated,PertCortex_8_GAATGAATCCAGTATG,2.721060084055629
12107,0.1471167419042253,8__mutated,PertCortex_8_GAATGAATCCCTGACT,2.549465534869195
12108,0.4440659652752599,8__mutated,PertCortex_8_GACACGCAGTGACTCT,1.7312041444488968
12109,0.1562793901980595,8__mutated,PertCortex_8_GACACGCCACCGAATT,3.9467925594628026
12110,0.04430715321999705,8__mutated,PertCortex_8_GACACGCCAGGAATGC,3.819947586009415
12111,0.4262095192630506,8__mutated,PertCortex_8_GACACGCCATTGGGCC,2.536116594105805
12112,0.21093676518947216,8__mutated,PertCortex_8_GACACGCGTAGAGTGC,4.7210414819078945
12113,0.0799751074384481,8__mutated,PertCortex_8_GACACGCTCGGTGTTA,3.7415319608713715
12114,0.07941048677757265,8__mutated,PertCortex_8_GACAGAGCAGGATTGG,3.80147623889164
12115,0.12378969880465888,8__mutated,PertCortex_8_GACAGAGCATTCGACA,2.4701414913329747
12116,0.4060210933231683,8__mutated,PertCortex_8_GACAGAGGTTCGAATC,2.001902922056254
12117,0.1207762027457953,8__mutated,PertCortex_8_GACAGAGTCATCTGCC,3.2316450122891376
12118,0.0961670027290201,8__mutated,PertCortex_8_GACCAATAGTCCTCCT,3.94834756929386
12119,0.16991784857849718,8__mutated,PertCortex_8_GACCAATCACTTAAGC,4.019000960141035
12120,0.29236784561435253,8__mutated,PertCortex_8_GACCAATCAGGCGATA,2.7383801863777286
12121,0.08884796889240963,8__mutated,PertCortex_8_GACCAATTCTTAGAGC,3.867305780866531
12122,0.3687322908330124,8__mutated,PertCortex_8_GACCTGGAGATGCCAG,2.055584678501343
12123,0.20980960079609445,8__mutated,PertCortex_8_GACCTGGAGCGTTTAC,3.441387765998695
12124,0.0825719816644563,8__mutated,PertCortex_8_GACCTGGCAAGCTGGA,4.15941924349155
12125,0.33921642297572246,8__mutated,PertCortex_8_GACCTGGGTCAACATC,2.6184419250930158
12126,0.06343900531871441,8__mutated,PertCortex_8_GACCTGGGTCAATACC,3.8019064558118063
12127,0.04451645006795377,8__mutated,PertCortex_8_GACCTGGGTTATTCTC,3.5062689927295576
12128,0.2387149640238592,8__mutated,PertCortex_8_GACCTGGGTTCTCATT,3.074865273108888
12129,0.31279332993240355,8__mutated,PertCortex_8_GACCTGGTCACTTATC,2.1300112535964164
12130,0.18518695551108338,8__mutated,PertCortex_8_GACCTGGTCCTCAATT,3.1549315049079727
12131,0.2902273871260617,8__mutated,PertCortex_8_GACGCGTAGTTAACGA,2.446071744623019
12132,0.1668349078297066,8__mutated,PertCortex_8_GACGCGTCACACCGAC,3.0066569737739584
12133,0.7407403529562416,8__mutated,PertCortex_8_GACGCGTCACAGCCCA,1.3149114727541733
12134,0.19329833449303427,8__mutated,PertCortex_8_GACGCGTCAGGAATGC,3.6312011381388185
12135,0.5064890527171433,8__mutated,PertCortex_8_GACGGCTAGCTACCGC,1.7189926716847994
12136,0.07058516033516218,8__mutated,PertCortex_8_GACGGCTCAGGTCGTC,4.313439249362831
12137,0.1908003566405245,8__mutated,PertCortex_8_GACGGCTCATCGGAAG,3.512099623979041
12138,0.1740546332699997,8__mutated,PertCortex_8_GACGGCTGTGGTAACG,3.0148818603183796
12139,0.3128337589749052,8__mutated,PertCortex_8_GACGGCTGTGTTTGGT,2.30642691020454
12140,0.21593763868328128,8__mutated,PertCortex_8_GACGTGCTCGACAGCC,3.749695694267738
12141,0.1884335673802817,8__mutated,PertCortex_8_GACGTGCTCTAGAGTC,3.223537071950989
12142,0.16316373016578758,8__mutated,PertCortex_8_GACGTTACAGCTTCGG,2.7534889633970896
12143,0.22502839187497942,8__mutated,PertCortex_8_GACGTTACATGAACCT,3.4753324393616367
12144,0.16272572049953188,8__mutated,PertCortex_8_GACGTTAGTAGCACGA,2.215993230134897
12145,0.18448969134239213,8__mutated,PertCortex_8_GACGTTAGTATCGCAT,2.8090344832132805
12146,0.04070600887255797,8__mutated,PertCortex_8_GACGTTAGTCGTTGTA,2.8170877495819404
12147,0.21290041405956975,8__mutated,PertCortex_8_GACTAACAGTAACCCT,2.946276904379645
12148,0.15922345677838287,8__mutated,PertCortex_8_GACTAACGTGATGTCT,4.380687376800672
12149,0.49146378953503655,8__mutated,PertCortex_8_GACTAACTCAGTCCCT,1.8959272168556198
12150,0.19995145732764869,8__mutated,PertCortex_8_GACTAACTCCTTGCCA,3.110719980098328
12151,0.5629178195951741,8__mutated,PertCortex_8_GACTAACTCGAGAACG,1.5777731845702294
12152,0.16644536015554148,8__mutated,PertCortex_8_GACTACAAGAGCTGGT,4.228597155087807
12153,0.07577651153021127,8__mutated,PertCortex_8_GACTACAAGCCGTCGT,3.9368790291974967
12154,0.2610627384270283,8__mutated,PertCortex_8_GACTACACAGGAATCG,2.765172619436473
12155,0.6014156270754696,8__mutated,PertCortex_8_GACTACAGTCTGCCAG,2.118061506972624
12156,0.11028822494676303,8__mutated,PertCortex_8_GACTACAGTTGCGCAC,2.5811578499924064
12157,0.2627526823848518,8__mutated,PertCortex_8_GACTACATCCGTTGCT,2.1932983898252467
12158,0.49596207236979445,8__mutated,PertCortex_8_GACTGCGAGTACGTAA,1.8501206089722035
12159,0.4629470942924135,8__mutated,PertCortex_8_GACTGCGCAATGGACG,2.249451361991232
12160,0.14983484131651192,8__mutated,PertCortex_8_GACTGCGCACTTACGA,4.127543145807855
12161,0.1611904146565295,8__mutated,PertCortex_8_GACTGCGGTATTCGTG,3.5890855015429617
12162,0.5371022171901543,8__mutated,PertCortex_8_GACTGCGTCCCTAACC,1.422372857210923
12163,0.2190725723466647,8__mutated,PertCortex_8_GACTGCGTCCCTTGCA,3.631987237136879
12164,0.19986885117018013,8__mutated,PertCortex_8_GAGCAGAAGGATCGCA,3.3152191975808636
12165,0.16715609881778037,8__mutated,PertCortex_8_GAGCAGAGTAAGAGGA,3.422276789763064
12166,0.09841445360439274,8__mutated,PertCortex_8_GAGCAGAGTCTAAACC,4.11913787033233
12167,0.12943628597687873,8__mutated,PertCortex_8_GAGCAGAGTGAGTGAC,3.465903705050263
12168,0.10913840615237343,8__mutated,PertCortex_8_GAGCAGATCACGCATA,3.64012665413175
12169,0.09468588790922794,8__mutated,PertCortex_8_GAGGTGAAGCGATTCT,3.413667460969668
12170,0.1981821449126677,8__mutated,PertCortex_8_GAGGTGAAGTTTCCTT,3.788577716304387
12171,0.24548649083114854,8__mutated,PertCortex_8_GAGGTGAGTCACCTAA,2.435450231509894
12172,0.1676651061435101,8__mutated,PertCortex_8_GAGGTGATCCGCAAGC,3.9009709149807197
12173,0.26348131280989207,8__mutated,PertCortex_8_GAGGTGATCGGATGTT,2.327684102029544
12174,0.1021027289223841,8__mutated,PertCortex_8_GAGTCCGAGATCTGCT,3.784474406127562
12175,0.10867716232105944,8__mutated,PertCortex_8_GAGTCCGGTAGGACAC,3.7170008941268278
12176,0.28368159191749387,8__mutated,PertCortex_8_GATCAGTAGAGACTTA,2.1614618079805843
12177,0.09870405160576805,8__mutated,PertCortex_8_GATCAGTAGGCTCAGA,2.838394644879727
12178,0.14078228026958078,8__mutated,PertCortex_8_GATCAGTCATGTCGAT,3.073816899436533
12179,0.07809323544831517,8__mutated,PertCortex_8_GATCAGTCATTACCTT,4.730203328348248
12180,0.11142959499972285,8__mutated,PertCortex_8_GATCAGTGTCGAGTTT,2.533844757987067
12181,0.10162142069859015,8__mutated,PertCortex_8_GATCAGTGTTGATTCG,3.89029445624171
12182,0.2282827702435419,8__mutated,PertCortex_8_GATCAGTTCACAGGCC,2.401022719492323
12183,0.1552394909055971,8__mutated,PertCortex_8_GATCAGTTCCATGAGT,4.236896397812169
12184,0.5369719141667398,8__mutated,PertCortex_8_GATCGATAGAGGTTGC,1.5536674439338662
12185,0.09174692128620328,8__mutated,PertCortex_8_GATCGATAGCCAACAG,3.512728547923398
12186,0.19096773252734983,8__mutated,PertCortex_8_GATCGATCAAGAAAGG,2.22391444736868
12187,0.18105408687855812,8__mutated,PertCortex_8_GATCGATCAATGGAAT,2.4558907877140244
12188,0.4291169817954641,8__mutated,PertCortex_8_GATCGATCACAAGACG,2.8210379843236724
12189,0.10760426171215029,8__mutated,PertCortex_8_GATCGATCATTCCTGC,3.0891210999097014
12190,0.47907815370538454,8__mutated,PertCortex_8_GATCGATGTAGGGTAC,2.3751492109295027
12191,0.1448678477316672,8__mutated,PertCortex_8_GATCGCGAGTGTCCAT,3.1293894670101605
12192,0.05922990205679158,8__mutated,PertCortex_8_GATCGCGCACCATCCT,3.636441469111187
12193,0.2243963142656669,8__mutated,PertCortex_8_GATCGCGCAGGCGATA,3.230140466220724
12194,0.09477194227307156,8__mutated,PertCortex_8_GATCGCGCATAGGATA,3.381533027573505
12195,0.3437444686677721,8__mutated,PertCortex_8_GATCGCGGTACCCAAT,1.4841829805568163
12196,0.08643629550924038,8__mutated,PertCortex_8_GATCGCGGTTATGTGC,3.7220510093237333
12197,0.1472538522501303,8__mutated,PertCortex_8_GATCGCGTCCTGTACC,2.390126799535609
12198,0.18273306852625068,8__mutated,PertCortex_8_GATCGCGTCGGAAATA,3.0662758595656294
12199,0.5866174872333678,8__mutated,PertCortex_8_GATCGTAAGACTAGAT,1.6401022441327875
12200,0.041533231853583555,8__mutated,PertCortex_8_GATCGTACAGGGTATG,3.739696512125468
12201,0.13242894718222362,8__mutated,PertCortex_8_GATCGTAGTCCGTTAA,3.9651738974355086
12202,0.16813954108513643,8__mutated,PertCortex_8_GATCGTAGTGACGCCT,3.358132149345089
12203,0.037664058457753745,8__mutated,PertCortex_8_GATCGTAGTGTTCTTT,3.504871091946611
12204,0.30903596379828685,8__mutated,PertCortex_8_GATCGTAGTTGACGTT,1.8988859581502542
12205,0.11681557967181577,8__mutated,PertCortex_8_GATCTAGCAAAGAATC,4.995142634669823
12206,0.14761253503591457,8__mutated,PertCortex_8_GATCTAGGTAAACGCG,4.224401319482078
12207,0.5846519640371214,8__mutated,PertCortex_8_GATCTAGGTCAAGCGA,2.1873212495127565
12208,0.15654390003476848,8__mutated,PertCortex_8_GATCTAGTCAACGCTA,3.1715427259928215
12209,0.24912762719559983,8__mutated,PertCortex_8_GATGAAACATAAAGGT,3.7774177755908576
12210,0.19714440325875332,8__mutated,PertCortex_8_GATGAAACATACGCTA,3.2014684684195855
12211,0.1452114215068815,8__mutated,PertCortex_8_GATGAAATCTGCTGTC,5.279529500120022
12212,0.09888123074591494,8__mutated,PertCortex_8_GATGAAATCTTGCCGT,2.6587733473836535
12213,0.1893393509775141,8__mutated,PertCortex_8_GATGAGGAGGCACATG,3.6839862877515324
12214,0.02954770313010626,8__mutated,PertCortex_8_GATGAGGCACGAAAGC,4.828975880175398
12215,0.1363269398786201,8__mutated,PertCortex_8_GATGAGGCAGTGGAGT,3.683743246435997
12216,0.15157503542934722,8__mutated,PertCortex_8_GATGAGGGTGTGCCTG,2.5730307534297125
12217,0.18619747482884502,8__mutated,PertCortex_8_GATGCTACAAACCTAC,2.5168495349119886
12218,0.24312559887659593,8__mutated,PertCortex_8_GATGCTACAGCTGTAT,3.0574456089912454
12219,0.24358636232315442,8__mutated,PertCortex_8_GATGCTAGTGTAATGA,2.4925324615138327
12220,0.09844503537936926,8__mutated,PertCortex_8_GATGCTAGTTAGAACA,3.9161916014407048
12221,0.044120563439075354,8__mutated,PertCortex_8_GATGCTAGTTCACGGC,3.369120769965491
12222,0.14780071477420526,8__mutated,PertCortex_8_GATGCTAGTTGCGCAC,3.218409041811012
12223,0.5865456136477375,8__mutated,PertCortex_8_GATGCTATCTCGCTTG,1.694608851640595
12224,0.5545336054364768,8__mutated,PertCortex_8_GATTCAGAGCTCCCAG,1.9338855008570424
12225,0.1162557988593371,8__mutated,PertCortex_8_GATTCAGAGGCCCGTT,4.514605928426665
12226,0.1401222371266702,8__mutated,PertCortex_8_GATTCAGAGTACACCT,4.107915858186208
12227,0.5116100928106656,8__mutated,PertCortex_8_GATTCAGAGTGAATTG,1.7980972147163623
12228,0.3836488176720521,8__mutated,PertCortex_8_GATTCAGAGTGGGTTG,2.2101512433371453
12229,0.08691938606805427,8__mutated,PertCortex_8_GATTCAGAGTTAGCGG,4.168963036534114
12230,0.582722133651498,8__mutated,PertCortex_8_GATTCAGCAATCCGAT,1.4560129975149265
12231,0.006974581551577128,8__mutated,PertCortex_8_GATTCAGCACAGACTT,2.3166406223980016
12232,0.09605323104029018,8__mutated,PertCortex_8_GATTCAGTCTCGTTTA,2.6870680156154503
12233,0.06959804365880827,8__mutated,PertCortex_8_GCAAACTAGTCCAGGA,3.2200276160655417
12234,0.08440017471775153,8__mutated,PertCortex_8_GCAAACTAGTGTACCT,3.9990738516034634
12235,0.1457927999007251,8__mutated,PertCortex_8_GCAAACTCACTGTGTA,3.7339581002394704
12236,0.2095778123420348,8__mutated,PertCortex_8_GCAAACTTCAACGCTA,2.9011997678977606
12237,0.1243363667355809,8__mutated,PertCortex_8_GCAAACTTCCCATTAT,3.264666063111152
12238,0.12334295386301397,8__mutated,PertCortex_8_GCAATCACAATGGATA,3.7573966758254684
12239,0.16507646953403493,8__mutated,PertCortex_8_GCAATCAGTCAATACC,3.002826341762608
12240,0.15158274469490443,8__mutated,PertCortex_8_GCAATCATCTGTTTGT,2.6037938666543585
12241,0.08790845976998342,8__mutated,PertCortex_8_GCACATAAGACGCAAC,3.4461969267792454
12242,0.07631559127037432,8__mutated,PertCortex_8_GCACATAAGGCATGTG,3.7011027043546103
12243,0.05540878949792212,8__mutated,PertCortex_8_GCACATACACCTCGGA,3.6100418449843135
12244,0.2194475920622516,8__mutated,PertCortex_8_GCACATACAGTCAGAG,2.678640076675921
12245,0.0997028447191296,8__mutated,PertCortex_8_GCACATAGTAATAGCA,3.3855038641016746
12246,0.49987540032650274,8__mutated,PertCortex_8_GCACATATCATTCACT,2.1033314813327713
12247,0.23127428561551322,8__mutated,PertCortex_8_GCACATATCCTCTAGC,2.875004939311612
12248,0.10517735164868172,8__mutated,PertCortex_8_GCACATATCGATAGAA,3.691460741858655
12249,0.5644167883761573,8__mutated,PertCortex_8_GCACATATCTTCAACT,1.6913207069801113
12250,0.14098996538386285,8__mutated,PertCortex_8_GCACTCTAGAATTGTG,3.312439407012403
12251,0.22108705894305908,8__mutated,PertCortex_8_GCACTCTAGGACACCA,2.856824293716134
12252,0.08296707039532637,8__mutated,PertCortex_8_GCACTCTAGGGTTCCC,3.553399163475088
12253,0.5633793647526972,8__mutated,PertCortex_8_GCACTCTAGTGTGAAT,1.6438529670651
12254,0.2714294414995354,8__mutated,PertCortex_8_GCACTCTGTAGGGACT,2.3192604158769883
12255,0.10839071559920897,8__mutated,PertCortex_8_GCACTCTGTCATATGC,4.1512970148276915
12256,0.21581785163092848,8__mutated,PertCortex_8_GCACTCTGTTCGGCAC,3.3068642686166987
12257,0.0903411154010624,8__mutated,PertCortex_8_GCACTCTTCTCGATGA,3.269817044883362
12258,0.17066029339102207,8__mutated,PertCortex_8_GCAGCCAAGTAGATGT,2.9571957378242284
12259,0.32115168864257254,8__mutated,PertCortex_8_GCAGCCAAGTTTGCGT,1.7873518847865906
12260,0.14937601133950956,8__mutated,PertCortex_8_GCAGCCACACTGTTAG,4.189060898491858
12261,0.30221381689667026,8__mutated,PertCortex_8_GCAGCCAGTCGCATCG,1.8339504509284084
12262,0.6411675365080921,8__mutated,PertCortex_8_GCAGCCAGTCTCACCT,2.0223696817567607
12263,0.18342896658042723,8__mutated,PertCortex_8_GCAGCCATCATGTAGC,3.517882120670792
12264,0.493084691377831,8__mutated,PertCortex_8_GCAGTTAAGAAACCGC,1.713998676302665
12265,0.15719126557066926,8__mutated,PertCortex_8_GCAGTTACATGCCCGA,3.6699558171159663
12266,0.17099517205760703,8__mutated,PertCortex_8_GCAGTTATCGATGAGG,2.7932446837523295
12267,0.23352118405075556,8__mutated,PertCortex_8_GCATACAAGAATTGTG,2.5047012406747537
12268,0.12942730356008658,8__mutated,PertCortex_8_GCATACAAGGTCATCT,4.061592824357673
12269,0.18516122794218565,8__mutated,PertCortex_8_GCATACACAAATTGCC,4.880978451757279
12270,0.2674822218004445,8__mutated,PertCortex_8_GCATACACAATAACGA,2.887393891814731
12271,0.3554112906913761,8__mutated,PertCortex_8_GCATACAGTCACAAGG,2.4430667278354297
12272,0.3543335475476724,8__mutated,PertCortex_8_GCATACAGTTAAGTAG,2.0456643936872583
12273,0.21637682701100738,8__mutated,PertCortex_8_GCATACATCAGCCTAA,3.3515537691367965
12274,0.30777955652632155,8__mutated,PertCortex_8_GCATACATCCTGCTTG,2.834651891637177
12275,0.10103074212814699,8__mutated,PertCortex_8_GCATACATCTGGCGAC,2.445480258232096
12276,0.17745040088082834,8__mutated,PertCortex_8_GCATGATCAGCCAATT,3.036673283355338
12277,0.10376104706408265,8__mutated,PertCortex_8_GCATGATCAGGCTCAC,4.196397428526845
12278,0.1943543165705234,8__mutated,PertCortex_8_GCATGATGTAAGAGGA,2.9242452319610304
12279,0.1699604686378485,8__mutated,PertCortex_8_GCATGATTCCGAAGAG,3.7175940340413445
12280,0.05032478484248499,8__mutated,PertCortex_8_GCATGCGAGGAGCGTT,3.9697140249839973
12281,0.27938186429528467,8__mutated,PertCortex_8_GCATGCGAGTCGTTTG,2.212265251323264
12282,0.152862094724909,8__mutated,PertCortex_8_GCATGCGCACCAGATT,3.624262028271904
12283,0.05178533200581372,8__mutated,PertCortex_8_GCATGCGCACCTGGTG,3.92460697767538
12284,0.2274183162511127,8__mutated,PertCortex_8_GCATGCGCATAGTAAG,2.8386607951697673
12285,0.10935053006323979,8__mutated,PertCortex_8_GCATGCGGTATAGTAG,3.6143817425180234
12286,0.0712833960268252,8__mutated,PertCortex_8_GCATGCGGTCGCCATG,3.492776611650954
12287,0.4900769175516571,8__mutated,PertCortex_8_GCATGCGGTGCCTGCA,2.2511463299379604
12288,0.08954903040123463,8__mutated,PertCortex_8_GCATGCGGTGTCCTCT,3.5592857024227156
12289,0.33448284589866745,8__mutated,PertCortex_8_GCATGCGGTTACCAGT,2.204773217307563
12290,0.22136941667478002,8__mutated,PertCortex_8_GCATGCGTCTTGTATC,3.218961626667654
12291,0.11064840798261938,8__mutated,PertCortex_8_GCATGTAAGAGCCTAG,4.301880004445532
12292,0.1738715364700543,8__mutated,PertCortex_8_GCATGTAAGAGTGAGA,2.858464597143512
12293,0.20309829325674414,8__mutated,PertCortex_8_GCATGTAAGGCTCATT,3.251583145332274
12294,0.07589454493181562,8__mutated,PertCortex_8_GCATGTAGTAATCACC,2.8641114705911876
12295,0.13930630578086856,8__mutated,PertCortex_8_GCATGTAGTTACCAGT,3.2061151111812616
12296,0.1695250861405814,8__mutated,PertCortex_8_GCATGTATCTAGAGTC,3.7637225297863917
12297,0.06811474500219857,8__mutated,PertCortex_8_GCCAAATAGATAGGAG,4.430291118704241
12298,0.0804878427337479,8__mutated,PertCortex_8_GCCAAATCAAGAAAGG,4.366915276302926
12299,0.5690885857970049,8__mutated,PertCortex_8_GCCAAATCAAGGACTG,1.8481887308386782
12300,0.5648029648821947,8__mutated,PertCortex_8_GCCAAATCACGCGAAA,2.0582657210229174
12301,0.07888892383676525,8__mutated,PertCortex_8_GCCAAATCATGCCTAA,3.4734353965781293
12302,0.11141185813020867,8__mutated,PertCortex_8_GCCAAATGTCGACTGC,2.6603342843171425
12303,0.1818871554635762,8__mutated,PertCortex_8_GCCAAATTCAAAGTAG,2.661475767271434
12304,0.018431502318533223,8__mutated,PertCortex_8_GCCAAATTCAATCACG,4.006891676144693
12305,0.5390556895207609,8__mutated,PertCortex_8_GCCAAATTCGGAAATA,1.9059194034967781
12306,0.46476962892666385,8__mutated,PertCortex_8_GCCTCTAAGAAACCGC,2.549542856569876
12307,0.019459869878667536,8__mutated,PertCortex_8_GCCTCTAAGAGGTAGA,4.701256444151181
12308,0.09358801446137283,8__mutated,PertCortex_8_GCCTCTAAGCCTTGAT,3.5142913877759288
12309,0.08502402533763878,8__mutated,PertCortex_8_GCCTCTAAGCGCCTTG,2.7195272735249647
12310,0.1046969753213465,8__mutated,PertCortex_8_GCCTCTACACCTTGTC,3.6817031108981353
12311,0.06757435687457584,8__mutated,PertCortex_8_GCCTCTAGTAGCTTGT,3.2019759133499663
12312,0.047484074699804146,8__mutated,PertCortex_8_GCCTCTAGTCTAAACC,2.1904955961920165
12313,0.05577852584240159,8__mutated,PertCortex_8_GCCTCTAGTTCATGGT,3.7838508781212195
12314,0.039864444270971945,8__mutated,PertCortex_8_GCCTCTATCAGCTGGC,2.761793951035612
12315,0.10584109457118897,8__mutated,PertCortex_8_GCGACCAAGTGGTAGC,3.9242354481877326
12316,0.48538828403760736,8__mutated,PertCortex_8_GCGACCAGTTAAAGTG,2.248476968366952
12317,0.08832670918412079,8__mutated,PertCortex_8_GCGAGAACAGACTCGC,3.4024873979993777
12318,0.27520956978741884,8__mutated,PertCortex_8_GCGAGAACATGTAGTC,2.0071087925434794
12319,0.04238622734655783,8__mutated,PertCortex_8_GCGAGAAGTGGTCCGT,3.691241555477182
12320,0.4467368133710169,8__mutated,PertCortex_8_GCGAGAATCTTAACCT,1.961425858388289
12321,0.08841474676911647,8__mutated,PertCortex_8_GCGCAACAGAAGGGTA,3.5153133454748895
12322,0.36315635330973156,8__mutated,PertCortex_8_GCGCAACAGCTAGTGG,3.309731680133784
12323,0.09304322015484096,8__mutated,PertCortex_8_GCGCAACAGTCTCCTC,3.7212878571274084
12324,0.60228194407705,8__mutated,PertCortex_8_GCGCAACCATGATCCA,2.0281923181905204
12325,0.07403271618491221,8__mutated,PertCortex_8_GCGCAACTCAGAAATG,3.2851252445473285
12326,0.4480558507605703,8__mutated,PertCortex_8_GCGCAGTAGTGTACGG,1.798677335825662
12327,0.0974782971224289,8__mutated,PertCortex_8_GCGCAGTGTATAATGG,4.25379405802081
12328,0.0801972038094294,8__mutated,PertCortex_8_GCGCAGTGTTCAGCGC,4.59695462651126
12329,0.10966586549894199,8__mutated,PertCortex_8_GCGCAGTTCCTATGTT,2.5636269814599575
12330,0.4391143617941877,8__mutated,PertCortex_8_GCGCAGTTCGAACGGA,2.117579169108908
12331,0.022763732867170455,8__mutated,PertCortex_8_GCGCCAAAGACGCTTT,3.2544876239471163
12332,0.038101975976808415,8__mutated,PertCortex_8_GCGCCAAAGCCAGTTT,3.499716416476973
12333,0.16576279783135844,8__mutated,PertCortex_8_GCGCCAAAGGAGCGAG,3.7098599255778253
12334,0.046640421593477505,8__mutated,PertCortex_8_GCGCCAAAGGATCGCA,3.02585756115371
12335,0.4347958344978769,8__mutated,PertCortex_8_GCGCCAATCCTCGCAT,2.190456336118914
12336,0.23791793024733146,8__mutated,PertCortex_8_GCGCGATAGACAATAC,2.7835666570121047
12337,0.5260257372882126,8__mutated,PertCortex_8_GCGCGATCACATTTCT,2.3824685811966164
12338,0.14838428219550812,8__mutated,PertCortex_8_GCGCGATCAGTATCTG,3.1298246752889236
12339,0.0899027078845679,8__mutated,PertCortex_8_GCGCGATGTCAGAGGT,5.642768868031439
12340,0.07667472864103583,8__mutated,PertCortex_8_GCGCGATTCGGTCTAA,4.489281991235635
12341,0.10854896244259828,8__mutated,PertCortex_8_GCGGGTTGTAGCTTGT,3.2643176066061557
12342,0.1416473118111292,8__mutated,PertCortex_8_GCGGGTTTCCATGAGT,3.8632917678646783
12343,0.1920414204261328,8__mutated,PertCortex_8_GCGGGTTTCCCATTAT,2.8140429608984165
12344,0.050772858692394666,8__mutated,PertCortex_8_GCGGGTTTCGGTTAAC,2.764528662538745
12345,0.1106470234208903,8__mutated,PertCortex_8_GCGGGTTTCTCGTATT,3.2454383584271524
12346,0.1868542166977999,8__mutated,PertCortex_8_GCTCCTACACATGTGT,2.807423957060854
12347,0.13457447029112174,8__mutated,PertCortex_8_GCTCCTAGTTCTGAAC,3.0908790152574457
12348,0.07903586401897844,8__mutated,PertCortex_8_GCTCCTATCTGGTGTA,4.004260723572382
12349,0.09632358311718438,8__mutated,PertCortex_8_GCTCCTATCTTGCATT,2.3490930063696207
12350,0.10451423591133306,8__mutated,PertCortex_8_GCTCTGTGTCTAAACC,3.9909438776436637
12351,0.057856765911271445,8__mutated,PertCortex_8_GCTCTGTTCAGCTTAG,3.8744397726653954
12352,0.1765979523995293,8__mutated,PertCortex_8_GCTCTGTTCCACGTGG,2.993150195436332
12353,0.14042521269694494,8__mutated,PertCortex_8_GCTGCAGAGAATGTTG,2.763527953465902
12354,0.16934436746130274,8__mutated,PertCortex_8_GCTGCAGCAGACGTAG,2.7646792062740815
12355,0.11384821751893055,8__mutated,PertCortex_8_GCTGCAGGTAGCACGA,3.1741918116140577
12356,0.4120311502659874,8__mutated,PertCortex_8_GCTGCAGGTCCTCCAT,1.870364727316334
12357,0.11121392088331229,8__mutated,PertCortex_8_GCTGCAGGTGCAGTAG,4.082667881345785
12358,0.09348970871798322,8__mutated,PertCortex_8_GCTGCAGTCCGCATCT,4.274851029020604
12359,0.10838476927796034,8__mutated,PertCortex_8_GCTGCAGTCGCTAGCG,2.918467047733763
12360,0.5952321140942453,8__mutated,PertCortex_8_GCTGCGAAGAAACCAT,2.080620358813942
12361,0.34771015054057725,8__mutated,PertCortex_8_GCTGCGAAGACAAGCC,1.9279095567528766
12362,0.06865982503821852,8__mutated,PertCortex_8_GCTGCGAAGAGGGATA,4.171058935105624
12363,0.10247744010381427,8__mutated,PertCortex_8_GCTGCGACAGTATAAG,3.7637211550485965
12364,0.623665221973199,8__mutated,PertCortex_8_GCTGCGAGTGACTCAT,1.7052818878891511
12365,0.5994403849600926,8__mutated,PertCortex_8_GCTGCGATCATGTCTT,1.7363269405453392
12366,0.11241496761338388,8__mutated,PertCortex_8_GCTGCGATCCAAAGTC,3.4250331127731073
12367,0.4671249624520807,8__mutated,PertCortex_8_GCTGCGATCTCAACTT,1.8157188267520579
12368,0.12637858370121202,8__mutated,PertCortex_8_GCTGCGATCTTAGCCC,3.001555479873973
12369,0.11571065633000714,8__mutated,PertCortex_8_GCTGCTTAGAGCTGGT,4.5039375901030025
12370,0.10937685490961181,8__mutated,PertCortex_8_GCTGCTTAGGGTATCG,3.343217274220857
12371,0.47445086275365833,8__mutated,PertCortex_8_GCTGCTTCAAGCGATG,2.994081253335975
12372,0.06345832236068615,8__mutated,PertCortex_8_GCTGCTTTCCAGGGCT,3.5741965369168756
12373,0.1475951084320433,8__mutated,PertCortex_8_GCTGCTTTCCGTTGTC,4.330014054478852
12374,0.2042661914852562,8__mutated,PertCortex_8_GCTGGGTCATACTCTT,4.0441059038616975
12375,0.20003459370136167,8__mutated,PertCortex_8_GCTGGGTCATTACGAC,2.7785708850809834
12376,0.2336819780431656,8__mutated,PertCortex_8_GCTGGGTGTTGCCTCT,3.51734946156752
12377,0.2717016988830764,8__mutated,PertCortex_8_GCTTCCAAGAGTAATC,3.220274026502565
12378,0.4447129249885564,8__mutated,PertCortex_8_GCTTCCAAGGAGTAGA,2.376062284263856
12379,0.2702630895677296,8__mutated,PertCortex_8_GCTTCCACAAGCGCTC,2.5841605961462615
12380,0.17528888009549942,8__mutated,PertCortex_8_GCTTCCAGTCCGAACC,3.240584226740194
12381,0.14667776542873884,8__mutated,PertCortex_8_GCTTCCAGTTGTGGCC,2.4351683536808357
12382,0.3821611946035921,8__mutated,PertCortex_8_GCTTGAAAGATAGTCA,1.2561833849138717
12383,0.09304742276804873,8__mutated,PertCortex_8_GCTTGAAAGCTAGCCC,2.554601873789883
12384,0.09331547960463339,8__mutated,PertCortex_8_GCTTGAAAGTGGAGTC,3.6572507206202114
12385,0.08388922606589645,8__mutated,PertCortex_8_GCTTGAATCTTTAGGG,3.5361153902659663
12386,0.557648372086495,8__mutated,PertCortex_8_GGAAAGCAGGACCACA,1.4118621493126013
12387,0.193503546489603,8__mutated,PertCortex_8_GGAAAGCGTAGCGTGA,3.065761065610887
12388,0.022965523013480663,8__mutated,PertCortex_8_GGAAAGCGTTCAGTAC,4.566178107398006
12389,0.09110724643242682,8__mutated,PertCortex_8_GGAAAGCTCGAGGTAG,3.8624760923094414
12390,0.6509619795930834,8__mutated,PertCortex_8_GGAACTTGTCTTGCGG,1.747430194947032
12391,0.10870326871067174,8__mutated,PertCortex_8_GGAACTTGTGAGTATA,5.3608000141451875
12392,0.08039876577917734,8__mutated,PertCortex_8_GGAACTTTCCGATATG,3.144172277209117
12393,0.05912963014702227,8__mutated,PertCortex_8_GGAACTTTCCTCCTAG,3.45147615921074
12394,0.02297566686464756,8__mutated,PertCortex_8_GGAACTTTCTGTACGA,4.379895177578364
12395,0.11527649945750491,8__mutated,PertCortex_8_GGAATAAAGCTGCCCA,3.7286270935177463
12396,0.5444538439881907,8__mutated,PertCortex_8_GGAATAAGTGCAACTT,2.173105498314864
12397,0.46340705490983797,8__mutated,PertCortex_8_GGACAAGAGAGACTAT,2.5398620142069133
12398,0.5718760498768413,8__mutated,PertCortex_8_GGACAAGCAATGTTGC,2.0411206964410655
12399,0.12942428522572982,8__mutated,PertCortex_8_GGACAAGGTCCGCTGA,4.231821349119243
12400,0.07600116498751831,8__mutated,PertCortex_8_GGACAAGTCGCCTGAG,2.0521720564847445
12401,0.05370526771618803,8__mutated,PertCortex_8_GGACAGAAGGATATAC,3.944841444487659
12402,0.08810110055336633,8__mutated,PertCortex_8_GGACAGAAGTCGAGTG,4.093778021731397
12403,0.03871137642115996,8__mutated,PertCortex_8_GGACAGACACCCTATC,4.246204368172879
12404,0.2665287448751499,8__mutated,PertCortex_8_GGACAGACATCCGCGA,2.4162815184533133
12405,0.09671889641791227,8__mutated,PertCortex_8_GGACAGACATCTCCCA,3.555188039647065
12406,0.4938803004503581,8__mutated,PertCortex_8_GGACAGAGTCTCATCC,2.3160663668131645
12407,0.3291440729741815,8__mutated,PertCortex_8_GGACAGAGTGATAAGT,2.7932688819208877
12408,0.10547168373036164,8__mutated,PertCortex_8_GGACATTAGTAGTGCG,2.806966211622519
12409,0.1611744318852974,8__mutated,PertCortex_8_GGACATTCAATGAAAC,2.528621594968945
12410,0.08739798823083937,8__mutated,PertCortex_8_GGACATTCAGACAAGC,4.078795684532485
12411,0.5277310352870322,8__mutated,PertCortex_8_GGACATTCATGGTAGG,1.9343245170739
12412,0.25562358376861155,8__mutated,PertCortex_8_GGACATTGTACTCAAC,2.499819608034556
12413,0.05321845521944535,8__mutated,PertCortex_8_GGACATTGTTAGGGTG,4.201831859645777
12414,0.593368224951688,8__mutated,PertCortex_8_GGACATTTCCAGTATG,1.8407249240551482
12415,0.16162887536282775,8__mutated,PertCortex_8_GGACATTTCGCGGATC,3.832585296711548
12416,0.16188596981097458,8__mutated,PertCortex_8_GGACATTTCTGTCTAT,3.5577991479851137
12417,0.5853199795741804,8__mutated,PertCortex_8_GGACGTCAGATCACGG,2.3578306654861825
12418,0.6191702510828847,8__mutated,PertCortex_8_GGACGTCAGTACTTGC,1.647440868630777
12419,0.43427937868192606,8__mutated,PertCortex_8_GGAGCAAAGACGCTTT,2.8146327236907993
12420,0.21610720922846988,8__mutated,PertCortex_8_GGAGCAACAAAGTCAA,2.3449704713464503
12421,0.31111200214705464,8__mutated,PertCortex_8_GGAGCAACAGTGACAG,3.2263145861969478
12422,0.18187160107590833,8__mutated,PertCortex_8_GGAGCAAGTAGAGCTG,3.218494237360381
12423,0.2086192090929444,8__mutated,PertCortex_8_GGAGCAAGTGGAAAGA,3.486294202837125
12424,0.13593354743785174,8__mutated,PertCortex_8_GGAGCAAGTTTGTGTG,2.81240462236972
12425,0.07819076973094369,8__mutated,PertCortex_8_GGAGCAATCCCATTTA,3.458949718049521
12426,0.13929414047183658,8__mutated,PertCortex_8_GGAGCAATCCTATGTT,4.812278748279591
12427,0.07826049110523897,8__mutated,PertCortex_8_GGAGCAATCTTGTATC,3.5064839398253316
12428,0.11865962267418897,8__mutated,PertCortex_8_GGATGTTCATTGTGCA,3.6185831088199447
12429,0.1659600976103293,8__mutated,PertCortex_8_GGATGTTGTCCGAGTC,1.9158443813534707
12430,0.08143257773516324,8__mutated,PertCortex_8_GGATGTTGTCTCCACT,4.0680862076288
12431,0.1997002848858263,8__mutated,PertCortex_8_GGATTACAGATCCGAG,2.894890818320137
12432,0.5667588845023522,8__mutated,PertCortex_8_GGATTACCAATGCCAT,1.8058426875850664
12433,0.19514830601854224,8__mutated,PertCortex_8_GGATTACCATGTAAGA,2.4321000436167113
12434,0.24171314006357617,8__mutated,PertCortex_8_GGATTACCATTCTTAC,2.860722955277847
12435,0.1158954510726769,8__mutated,PertCortex_8_GGATTACGTTAGATGA,4.126163390436989
12436,0.10997451839358008,8__mutated,PertCortex_8_GGATTACTCTTGAGAC,4.040886420459123
12437,0.33300507251133704,8__mutated,PertCortex_8_GGCAATTAGGACAGAA,3.3674031187928004
12438,0.4443091795399761,8__mutated,PertCortex_8_GGCAATTCACATCCAA,2.3913689772472115
12439,0.17638998648543766,8__mutated,PertCortex_8_GGCAATTCACTGAAGG,3.0186896252158926
12440,0.4646767738500478,8__mutated,PertCortex_8_GGCAATTCAGGACCCT,1.7633013536875537
12441,0.088196194817767,8__mutated,PertCortex_8_GGCCGATCAATCCGAT,3.34753667396333
12442,0.18210944770963775,8__mutated,PertCortex_8_GGCCGATCAGGGTACA,2.2345141476188672
12443,0.09429732155662011,8__mutated,PertCortex_8_GGCCGATTCATGCATG,4.300521041967267
12444,0.06472413747594975,8__mutated,PertCortex_8_GGCCGATTCGATCCCT,4.0776326465673405
12445,0.2581849692707115,8__mutated,PertCortex_8_GGCCGATTCTTATCTG,2.8754531116604074
12446,0.12550304159791864,8__mutated,PertCortex_8_GGCGACTAGACTAGAT,4.32202474298569
12447,0.06960429593521139,8__mutated,PertCortex_8_GGCGACTCAACACCTA,2.733109099563372
12448,0.04577795502357154,8__mutated,PertCortex_8_GGCGACTCACAGACAG,4.016711091635202
12449,0.16632525887712404,8__mutated,PertCortex_8_GGCGACTGTGAGTATA,4.158173899716702
12450,0.06231033254732521,8__mutated,PertCortex_8_GGCGACTTCAAGGCTT,2.817107918659586
12451,0.12562869695199724,8__mutated,PertCortex_8_GGCGACTTCGTAGGAG,4.468767840680417
12452,0.08945706383871725,8__mutated,PertCortex_8_GGCGTGTAGCGACGTA,3.9911942969526417
12453,0.11416661649096559,8__mutated,PertCortex_8_GGCGTGTAGCTAAGAT,3.9034933866545045
12454,0.08861666390736263,8__mutated,PertCortex_8_GGCGTGTAGTCCATAC,4.104587083538901
12455,0.0467291419361688,8__mutated,PertCortex_8_GGCGTGTAGTCCCACG,3.4209570121926807
12456,0.22271218955623204,8__mutated,PertCortex_8_GGCGTGTCAGGCGATA,3.8875778660258904
12457,0.15601573768143814,8__mutated,PertCortex_8_GGCGTGTTCCAAGTAC,3.822992193437496
12458,0.10260457584640806,8__mutated,PertCortex_8_GGCGTGTTCGGTCCGA,5.732041840607471
12459,0.20702162598905033,8__mutated,PertCortex_8_GGCGTGTTCTCCCTGA,2.8443904772837287
12460,0.10721670279449892,8__mutated,PertCortex_8_GGCTCGACATCACGAT,3.3775339063532255
12461,0.30244690262651247,8__mutated,PertCortex_8_GGCTGGTAGCTACCTA,1.2591216859368735
12462,0.19095227830419018,8__mutated,PertCortex_8_GGCTGGTCACACGCTG,3.824490587428046
12463,0.03685573511168787,8__mutated,PertCortex_8_GGCTGGTCATAGGATA,3.9932841758603708
12464,0.03160492080454507,8__mutated,PertCortex_8_GGGAATGAGTTGTCGT,4.686999139344324
12465,0.427027527929185,8__mutated,PertCortex_8_GGGAATGCATTTGCCC,1.5368802489775002
12466,0.048158044562308655,8__mutated,PertCortex_8_GGGAATGGTAACGCGA,4.3202518941746035
12467,0.07033786787540042,8__mutated,PertCortex_8_GGGAATGGTCATTAGC,4.048492771679129
12468,0.1745291681651976,8__mutated,PertCortex_8_GGGAATGGTGTGGTTT,3.562114844993671
12469,0.09294361606584214,8__mutated,PertCortex_8_GGGAATGTCGAGCCCA,2.179047666572712
12470,0.18207029133490796,8__mutated,PertCortex_8_GGGACCTCAACGCACC,3.503103284884161
12471,0.45809358161152386,8__mutated,PertCortex_8_GGGACCTGTCTAGCCG,1.9759850883934886
12472,0.15441030953104018,8__mutated,PertCortex_8_GGGACCTTCAGGCAAG,2.6678771456817874
12473,0.5257229681533598,8__mutated,PertCortex_8_GGGAGATAGGACATTA,1.527291178024738
12474,0.17989758112042914,8__mutated,PertCortex_8_GGGAGATAGGCATGGT,5.170923707339971
12475,0.5836507331835714,8__mutated,PertCortex_8_GGGAGATAGTGTTGAA,1.9249247080052683
12476,0.027396884335507868,8__mutated,PertCortex_8_GGGAGATCAGGGTACA,3.720000785493172
12477,0.2818140028685059,8__mutated,PertCortex_8_GGGAGATTCGGCTACG,2.0878878956802365
12478,0.45169929305891043,8__mutated,PertCortex_8_GGGATGAAGAAGGCCT,2.1168382000835155
12479,0.2863178086613893,8__mutated,PertCortex_8_GGGATGAAGACAGAGA,2.614739488271864
12480,0.6142967468817989,8__mutated,PertCortex_8_GGGATGACAAGAAGAG,1.4230934489740221
12481,0.5136437454477008,8__mutated,PertCortex_8_GGGATGACATAGGATA,2.3078929657277185
12482,0.6038026234798753,8__mutated,PertCortex_8_GGGATGAGTAGTAGTA,2.0783765528807425
12483,0.06915888000356965,8__mutated,PertCortex_8_GGGATGAGTGAGTATA,2.1041374495356835
12484,0.08451626581502118,8__mutated,PertCortex_8_GGGCACTAGAGACTTA,3.7624094627726334
12485,0.4418217649192498,8__mutated,PertCortex_8_GGGCACTAGATGTAAC,1.3459701092640644
12486,0.254150654517701,8__mutated,PertCortex_8_GGGCACTGTGAAGGCT,1.9868673371468062
12487,0.08939918436341815,8__mutated,PertCortex_8_GGGCACTGTGTGGTTT,2.5951389105405314
12488,0.6378844535137127,8__mutated,PertCortex_8_GGGCACTTCTTCCTTC,1.6779281725286124
12489,0.15427809958220298,8__mutated,PertCortex_8_GGGCATCAGTTCCACA,3.044332335706656
12490,0.4610855946245311,8__mutated,PertCortex_8_GGGCATCGTGTGACGA,2.63016702314154
12491,0.1765401156894562,8__mutated,PertCortex_8_GGGCATCTCACAATGC,2.448760972485164
12492,0.11786373127786512,8__mutated,PertCortex_8_GGGCATCTCTCCAGGG,3.3738690549286243
12493,0.16461868615890782,8__mutated,PertCortex_8_GGGCATCTCTCCTATA,4.077044639020232
12494,0.17982896470250356,8__mutated,PertCortex_8_GGGTCTGAGCATCATC,3.439749584403768
12495,0.2075210502566103,8__mutated,PertCortex_8_GGGTCTGAGGCAATTA,2.411945144015627
12496,0.08518251650151314,8__mutated,PertCortex_8_GGGTCTGCACACATGT,3.047898834228925
12497,0.05122079089558444,8__mutated,PertCortex_8_GGGTCTGTCGAACTGT,3.7027222735753593
12498,0.3170797864411612,8__mutated,PertCortex_8_GGGTCTGTCTTAGCCC,1.8283562062349092
12499,0.19025861756528778,8__mutated,PertCortex_8_GGGTTGCAGAGTCTGG,3.7566263660710852
12500,0.2516399097416443,8__mutated,PertCortex_8_GGGTTGCAGCGATCCC,2.0353319285074982
12501,0.10775428056049381,8__mutated,PertCortex_8_GGGTTGCAGGTGCTTT,4.26723654611378
12502,0.4477018150294722,8__mutated,PertCortex_8_GGGTTGCCAACAACCT,1.987693443602996
12503,0.13740066700810166,8__mutated,PertCortex_8_GGGTTGCCACGGTAAG,2.6274193541093602
12504,0.4987193731927989,8__mutated,PertCortex_8_GGGTTGCGTTCGGGCT,2.293818060837165
12505,0.3907931884233839,8__mutated,PertCortex_8_GGGTTGCTCAACACAC,1.8558169340491606
12506,0.2535781749115501,8__mutated,PertCortex_8_GGGTTGCTCATTCACT,3.1047376769685213
12507,0.1416391877088619,8__mutated,PertCortex_8_GGGTTGCTCTTTCCTC,3.2478954280930497
12508,0.1971944279569763,8__mutated,PertCortex_8_GGTATTGAGCGTTTAC,2.543783352537591
12509,0.3662906319844449,8__mutated,PertCortex_8_GGTATTGAGTGCGTGA,2.338287232118337
12510,0.05090635318036661,8__mutated,PertCortex_8_GGTATTGGTCCATCCT,3.645450791838225
12511,0.5835338673105573,8__mutated,PertCortex_8_GGTGAAGAGCTCCTTC,1.7728149755608538
12512,0.21716602806186444,8__mutated,PertCortex_8_GGTGAAGCAAGCGTAG,3.329750707182386
12513,0.5154774080974891,8__mutated,PertCortex_8_GGTGAAGCACTGAAGG,1.7364645001395616
12514,0.061715330208953034,8__mutated,PertCortex_8_GGTGAAGCAGTATAAG,3.095100550606089
12515,0.22288932077619492,8__mutated,PertCortex_8_GGTGAAGCATGTTGAC,2.04773037555263
12516,0.14393583696342505,8__mutated,PertCortex_8_GGTGAAGGTCTGCGGT,2.922856669500173
12517,0.11117474177571006,8__mutated,PertCortex_8_GGTGAAGTCGTAGGTT,2.6565989635504863
12518,0.23698670355469348,8__mutated,PertCortex_8_GGTGCGTCAAAGAATC,2.7694365623515016
12519,0.43757216669599597,8__mutated,PertCortex_8_GGTGCGTCAATGTAAG,2.021143514756793
12520,0.058174790296258806,8__mutated,PertCortex_8_GGTGCGTCACATGTGT,3.080610105842733
12521,0.1685468069022444,8__mutated,PertCortex_8_GGTGCGTGTCGCTTTC,4.179483340888461
12522,0.1504072764193139,8__mutated,PertCortex_8_GGTGCGTTCGGTCCGA,3.195281369170837
12523,0.20067513310638793,8__mutated,PertCortex_8_GGTGCGTTCTCTTATG,2.8079359302144278
12524,0.09509190592288809,8__mutated,PertCortex_8_GGTGTTAGTACGACCC,4.466302280985009
12525,0.08455468225180192,8__mutated,PertCortex_8_GTAACGTAGCCACCTG,4.163038546405747
12526,0.4459802379364575,8__mutated,PertCortex_8_GTAACGTCAAACCTAC,2.215428137482552
12527,0.1607985836378964,8__mutated,PertCortex_8_GTAACGTCAGATCGGA,3.8716113850578378
12528,0.2129467543421181,8__mutated,PertCortex_8_GTAACGTGTACCGTTA,2.465351910385074
12529,0.3017474798100397,8__mutated,PertCortex_8_GTAACGTGTCACACGC,1.7807423685432195
12530,0.46716373969746233,8__mutated,PertCortex_8_GTAACGTTCAGTGTTG,2.084968707880394
12531,0.14458511743902547,8__mutated,PertCortex_8_GTAACGTTCGTTACGA,2.9363587326866445
12532,0.09770992544233634,8__mutated,PertCortex_8_GTAACTGAGGAGTAGA,3.2997408155152654
12533,0.6542548524085916,8__mutated,PertCortex_8_GTAACTGCAATTGCTG,1.6967179233755405
12534,0.2153366578945814,8__mutated,PertCortex_8_GTAACTGGTATTCTCT,2.1928096452565926
12535,0.13709935339046625,8__mutated,PertCortex_8_GTACGTAAGACTTTCG,4.468509278971002
12536,0.10854134166823645,8__mutated,PertCortex_8_GTACGTACACCGGAAA,3.4130309300316357
12537,0.16362289134814414,8__mutated,PertCortex_8_GTACGTAGTATGCTTG,2.1689292964296025
12538,0.20498077164840003,8__mutated,PertCortex_8_GTACTCCAGAACTGTA,4.098087938621446
12539,0.30056072965907965,8__mutated,PertCortex_8_GTACTCCAGGGAAACA,2.495460392304366
12540,0.2830879559295493,8__mutated,PertCortex_8_GTACTCCCATGAAGTA,3.1806175363848026
12541,0.15655624581992839,8__mutated,PertCortex_8_GTACTCCGTAGGACAC,3.2341473264572653
12542,0.0625497825682062,8__mutated,PertCortex_8_GTACTCCGTCAAACTC,4.277573134721029
12543,0.4820277441496909,8__mutated,PertCortex_8_GTACTCCGTTCAGCGC,2.3310368448917624
12544,0.014219861473105598,8__mutated,PertCortex_8_GTACTCCTCTTGCATT,3.806126867766894
12545,0.20094485011794302,8__mutated,PertCortex_8_GTACTTTAGAGTACCG,5.3357731242246444
12546,0.1667348653688599,8__mutated,PertCortex_8_GTACTTTAGGAGTCTG,3.4990428793303034
12547,0.10793220762713596,8__mutated,PertCortex_8_GTACTTTAGTGCGTGA,3.4797871679185235
12548,0.14865779777805965,8__mutated,PertCortex_8_GTACTTTGTCGTCTTC,3.892862080259941
12549,0.3069696610259735,8__mutated,PertCortex_8_GTAGGCCAGAATGTTG,2.5219799364983966
12550,0.04072614958184051,8__mutated,PertCortex_8_GTAGGCCAGTATCTCG,4.1588994294312505
12551,0.21528780374835615,8__mutated,PertCortex_8_GTAGTCAAGACAAGCC,2.6581724568486393
12552,0.07736590428838057,8__mutated,PertCortex_8_GTAGTCAAGCGGCTTC,2.8882750467236127
12553,0.06138577921604612,8__mutated,PertCortex_8_GTAGTCAGTCGGCTCA,3.368724278334352
12554,0.22462968567361877,8__mutated,PertCortex_8_GTAGTCAGTTACTGAC,3.247147046654688
12555,0.5564626703172004,8__mutated,PertCortex_8_GTAGTCATCCAGTAGT,2.2421469508930567
12556,0.6240569570533484,8__mutated,PertCortex_8_GTAGTCATCTGATACG,1.7025262214161903
12557,0.13849304456158656,8__mutated,PertCortex_8_GTATCTTCACGAAGCA,3.433169644919608
12558,0.0670409168771547,8__mutated,PertCortex_8_GTATCTTCAGTTCATG,3.6109506653540433
12559,0.23622398922222662,8__mutated,PertCortex_8_GTATCTTCATCGGACC,2.3596102291121235
12560,0.5373379401894702,8__mutated,PertCortex_8_GTATCTTCATGACATC,2.091053278666825
12561,0.15699011087372258,8__mutated,PertCortex_8_GTATCTTGTAACGCGA,2.8784605292076577
12562,0.14638826559712606,8__mutated,PertCortex_8_GTATCTTTCACTCTTA,3.1290653575782392
12563,0.18772352687919563,8__mutated,PertCortex_8_GTATCTTTCTTAGAGC,3.3772931436944993
12564,-0.011614846998017115,8__mutated,PertCortex_8_GTATTCTAGTGTTGAA,3.768969560995258
12565,0.07696557504937356,8__mutated,PertCortex_8_GTATTCTGTAGCGCTC,4.14330993555544
12566,0.11593213490220454,8__mutated,PertCortex_8_GTATTCTTCATTTGGG,3.13459401699605
12567,0.10694855570329129,8__mutated,PertCortex_8_GTATTCTTCGGTTAAC,3.6105483149200013
12568,0.19540839890286657,8__mutated,PertCortex_8_GTCAAGTGTCTCGTTC,1.755656286161203
12569,0.12114756983938653,8__mutated,PertCortex_8_GTCAAGTTCTGTCTAT,3.9849771053625673
12570,0.04053380106653799,8__mutated,PertCortex_8_GTCACAACAGCCTTTC,4.662354698725827
12571,0.13487757554810947,8__mutated,PertCortex_8_GTCACAATCACCAGGC,4.311656560562317
12572,0.13098072161487728,8__mutated,PertCortex_8_GTCACAATCTCCTATA,3.056762937816031
12573,0.4697557824506435,8__mutated,PertCortex_8_GTCACGGAGCGGCTTC,2.6689994411475637
12574,0.13520313779107673,8__mutated,PertCortex_8_GTCACGGCAAGAGTCG,3.255719495942654
12575,0.07558754214909975,8__mutated,PertCortex_8_GTCACGGCACCTGGTG,3.2049264046047785
12576,0.23845024626283493,8__mutated,PertCortex_8_GTCACGGCAGATGGCA,2.498721711935892
12577,0.0857231112660619,8__mutated,PertCortex_8_GTCACGGGTCCAACTA,3.18354385709866
12578,0.1335103627562705,8__mutated,PertCortex_8_GTCACGGGTCTACCTC,3.2498719504170994
12579,0.16536244875779962,8__mutated,PertCortex_8_GTCACGGGTTACAGAA,3.7996175214996084
12580,0.193241066729062,8__mutated,PertCortex_8_GTCACGGTCGGTGTTA,2.48615179010009
12581,0.08704825504284364,8__mutated,PertCortex_8_GTCATTTAGCCTCGTG,3.564693405038905
12582,0.08318138245583905,8__mutated,PertCortex_8_GTCATTTCACCCAGTG,5.027590918781445
12583,0.31502250142631866,8__mutated,PertCortex_8_GTCATTTCAGTATAAG,2.2635669707565156
12584,0.3748090012565942,8__mutated,PertCortex_8_GTCATTTCATGAGCGA,1.8197910034194251
12585,0.040361284604172556,8__mutated,PertCortex_8_GTCATTTTCGAACTGT,3.3931173464647593
12586,0.0692539803652735,8__mutated,PertCortex_8_GTCCTCAAGTACGCGA,3.998135456173465
12587,0.011134768944602014,8__mutated,PertCortex_8_GTCCTCAGTAAATGTG,4.109363602994377
12588,0.2563373480593508,8__mutated,PertCortex_8_GTCCTCAGTACGCTGC,2.578268459321038
12589,0.15663733410414138,8__mutated,PertCortex_8_GTCGGGTCAAGAAAGG,3.2073274825511944
12590,0.4433375460116412,8__mutated,PertCortex_8_GTCGGGTCATAGACTC,1.6561770000438107
12591,0.6139234693136315,8__mutated,PertCortex_8_GTCGGGTGTGTAACGG,1.7831987617588487
12592,0.05614457325993808,8__mutated,PertCortex_8_GTCGTAAAGGATGGTC,2.96985766589449
12593,0.3360171783365962,8__mutated,PertCortex_8_GTCGTAAAGGGCTTGA,2.818875306579981
12594,0.15753499549289265,8__mutated,PertCortex_8_GTCGTAAGTGACTACT,2.9682530152023903
12595,0.08448523498631286,8__mutated,PertCortex_8_GTCGTAAGTGTCGCTG,4.881772492054746
12596,0.5991726681952032,8__mutated,PertCortex_8_GTCTCGTAGCGTGAGT,1.4421301969112958
12597,0.4163564514499947,8__mutated,PertCortex_8_GTCTCGTAGGAGTTGC,1.89574471203971
12598,0.15109789824358402,8__mutated,PertCortex_8_GTCTCGTAGGTGCTAG,2.1335438893174885
12599,0.14434256767961098,8__mutated,PertCortex_8_GTCTCGTAGTACGACG,3.53666698886579
12600,0.478121244088342,8__mutated,PertCortex_8_GTCTCGTCAATGGATA,2.572432114777395
12601,0.4045063762699748,8__mutated,PertCortex_8_GTCTCGTCATCATCCC,1.8951601695660216
12602,0.19911959194541687,8__mutated,PertCortex_8_GTCTCGTCATGGAATA,4.810161544424498
12603,0.21885651971660336,8__mutated,PertCortex_8_GTCTCGTCATGTAGTC,2.7883850949427833
12604,0.26926195658067953,8__mutated,PertCortex_8_GTCTCGTGTTATCCGA,2.5963806969863845
12605,0.015369620375350486,8__mutated,PertCortex_8_GTCTCGTTCAACACTG,3.343406750626869
12606,0.08895262143634226,8__mutated,PertCortex_8_GTCTCGTTCTAACCGA,3.8226552428467735
12607,0.07597166489507166,8__mutated,PertCortex_8_GTCTTCGAGTGTTTGC,3.5209498802345243
12608,0.1186283235194917,8__mutated,PertCortex_8_GTCTTCGCAGGAACGT,3.5487891269896683
12609,0.14353135354204916,8__mutated,PertCortex_8_GTCTTCGGTACAGTGG,2.965463166036381
12610,0.12381129035266182,8__mutated,PertCortex_8_GTCTTCGGTGCGGTAA,2.468059684283963
12611,0.08128605276545701,8__mutated,PertCortex_8_GTCTTCGTCAGCATGT,3.694787748614919
12612,0.250877342445296,8__mutated,PertCortex_8_GTCTTCGTCGCCATAA,2.95058747312186
12613,0.3067982374072739,8__mutated,PertCortex_8_GTGAAGGCAAAGGCGT,2.8047239486550417
12614,0.26205921707083357,8__mutated,PertCortex_8_GTGAAGGCATGCAATC,2.5594477020484514
12615,0.3207130057572875,8__mutated,PertCortex_8_GTGAAGGCATTAGCCA,3.665648117622651
12616,0.13761191113151908,8__mutated,PertCortex_8_GTGAAGGTCCATGAGT,2.3681570855326037
12617,0.5294466959812266,8__mutated,PertCortex_8_GTGCAGCCACAGATTC,1.749843532609735
12618,0.4507600058930746,8__mutated,PertCortex_8_GTGCAGCTCCGAATGT,1.85871374833533
12619,0.18592731683055508,8__mutated,PertCortex_8_GTGCATAAGAACAACT,3.343427371942091
12620,0.28365552232089136,8__mutated,PertCortex_8_GTGCATAAGAACAATC,2.1305562800663007
12621,0.41871696254396995,8__mutated,PertCortex_8_GTGCATACAGATCCAT,2.45586554899804
12622,0.16749620065050633,8__mutated,PertCortex_8_GTGCATAGTAGCGTGA,3.4091843404292757
12623,0.13575334228315214,8__mutated,PertCortex_8_GTGCATAGTCTCTCGT,3.3479244451097783
12624,0.04645032018520686,8__mutated,PertCortex_8_GTGCGGTAGCCACGCT,4.442767615220715
12625,0.1244517702468863,8__mutated,PertCortex_8_GTGCGGTAGCTCCCAG,2.6767050274018174
12626,0.6702525964387019,8__mutated,PertCortex_8_GTGCGGTAGGAATCGC,1.6419804408712417
12627,0.11604064915477175,8__mutated,PertCortex_8_GTGCGGTAGGCGATAC,2.7936357050638523
12628,0.12783064180065012,8__mutated,PertCortex_8_GTGCGGTAGTGCGATG,4.4129927797680155
12629,0.22992977502818865,8__mutated,PertCortex_8_GTGCGGTGTTCCAACA,3.331228962737089
12630,0.4405226760871112,8__mutated,PertCortex_8_GTGCGGTTCCCATTAT,1.8896638055341637
12631,0.06626143294949716,8__mutated,PertCortex_8_GTGCGGTTCGGTCCGA,4.3002230171433276
12632,0.15470628892372976,8__mutated,PertCortex_8_GTGCGGTTCTTACCTA,3.1810127704421975
12633,0.11514158147602131,8__mutated,PertCortex_8_GTGCTTCAGATCACGG,3.5164439857553123
12634,0.04829236757833475,8__mutated,PertCortex_8_GTGCTTCAGGGTGTGT,2.9996204692059547
12635,0.2331523658446051,8__mutated,PertCortex_8_GTGCTTCCATGCTGGC,2.9036197619118993
12636,0.09718371069490911,8__mutated,PertCortex_8_GTGCTTCGTAGCTAAA,3.6413304005461775
12637,0.5009162157415094,8__mutated,PertCortex_8_GTGCTTCTCATGTCTT,1.7585576017618605
12638,0.06900888417047382,8__mutated,PertCortex_8_GTGCTTCTCCATGCTC,3.509014863814814
12639,0.19658541549225034,8__mutated,PertCortex_8_GTGCTTCTCTGTCTAT,3.5856481361229955
12640,0.4483934989599046,8__mutated,PertCortex_8_GTGGGTCAGAACTCGG,2.3229390901089912
12641,0.1309399422674552,8__mutated,PertCortex_8_GTGGGTCAGACAAAGG,3.4444049335899254
12642,0.17366514918503764,8__mutated,PertCortex_8_GTGGGTCAGCAGCGTA,2.2743073630249775
12643,0.18106856563763926,8__mutated,PertCortex_8_GTGGGTCCAGGTGCCT,2.7846741931598484
12644,0.13417104420271378,8__mutated,PertCortex_8_GTGGGTCTCAAGGCTT,2.5096122631004425
12645,0.39767733981651243,8__mutated,PertCortex_8_GTGGGTCTCCAGAAGG,2.0937839069484743
12646,0.20279660111959683,8__mutated,PertCortex_8_GTGTGCGAGCGATCCC,2.7487420772505105
12647,0.1676068148528637,8__mutated,PertCortex_8_GTGTGCGAGGGATACC,2.6173877354963535
12648,0.1036271752810387,8__mutated,PertCortex_8_GTGTGCGCAAGCTGAG,4.064671435253819
12649,0.18187890579659075,8__mutated,PertCortex_8_GTGTGCGCACTTCGAA,2.7565838952154413
12650,0.08816002477480724,8__mutated,PertCortex_8_GTGTGCGTCCCTCAGT,3.771574043710595
12651,0.17589521343379955,8__mutated,PertCortex_8_GTGTTAGTCCAAGTAC,2.9560032985435036
12652,0.011833092636917503,8__mutated,PertCortex_8_GTGTTAGTCGGAGGTA,4.046486089462084
12653,0.1693556149726903,8__mutated,PertCortex_8_GTTAAGCAGCTGCCCA,3.7826127379670935
12654,0.1747118110786585,8__mutated,PertCortex_8_GTTAAGCCAAATCCGT,2.428231671240157
12655,0.016079157718851277,8__mutated,PertCortex_8_GTTAAGCCATGCCCGA,4.336919821931219
12656,0.13171373529475783,8__mutated,PertCortex_8_GTTAAGCGTATAGGGC,2.9858938136855895
12657,0.16182975668438956,8__mutated,PertCortex_8_GTTAAGCTCAAGGCTT,3.1069272347384014
12658,0.10633010626839319,8__mutated,PertCortex_8_GTTAAGCTCAGGTAAA,3.744063071079111
12659,0.08665196815630317,8__mutated,PertCortex_8_GTTAAGCTCTCTTGAT,3.666335954362851
12660,0.10082516130922445,8__mutated,PertCortex_8_GTTACAGAGACACTAA,3.912047841806713
12661,0.09963603515543963,8__mutated,PertCortex_8_GTTACAGAGCGATCCC,3.606874198819531
12662,0.22539575936527398,8__mutated,PertCortex_8_GTTACAGAGGCTACGA,4.801567586485118
12663,0.17783481289365718,8__mutated,PertCortex_8_GTTACAGGTCCGCTGA,3.0862768097328384
12664,0.4837048036930817,8__mutated,PertCortex_8_GTTACAGGTCTCCACT,1.7726511654641552
12665,0.11119877541523823,8__mutated,PertCortex_8_GTTACAGTCTAGAGTC,3.9903460850658097
12666,0.20256749336771185,8__mutated,PertCortex_8_GTTACAGTCTTCCTTC,2.23415928266063
12667,0.46758637568683586,8__mutated,PertCortex_8_GTTCATTAGCGCTCCA,2.122607300441461
12668,0.35463225293147116,8__mutated,PertCortex_8_GTTCATTGTAGCCTCG,1.5958406942505696
12669,0.5408485188878294,8__mutated,PertCortex_8_GTTCATTGTGATGTCT,1.5932283884980585
12670,0.3915385612362702,8__mutated,PertCortex_8_GTTCATTTCATTATCC,2.4046937933162456
12671,0.0721723992427927,8__mutated,PertCortex_8_GTTCATTTCTTCCTTC,3.7359713025253947
12672,0.15822551107910196,8__mutated,PertCortex_8_GTTCGGGAGCCACTAT,5.606838073151941
12673,0.10135094024466294,8__mutated,PertCortex_8_GTTCGGGAGCCATCGC,4.041965295329878
12674,0.29828920068434456,8__mutated,PertCortex_8_GTTCGGGCACACCGAC,2.76113289210099
12675,0.14016843736057177,8__mutated,PertCortex_8_GTTCGGGGTATATCCG,3.2140971665906393
12676,0.11669983408796582,8__mutated,PertCortex_8_GTTCGGGTCTCGCATC,3.665170967354604
12677,0.5127389791132125,8__mutated,PertCortex_8_GTTCTCGAGCCAGAAC,2.031004815060859
12678,0.5294015455593661,8__mutated,PertCortex_8_GTTCTCGAGCCCGAAA,1.9093041382035139
12679,0.2197421291437565,8__mutated,PertCortex_8_GTTCTCGCAGATGGCA,2.961944861057327
12680,0.033569691852041283,8__mutated,PertCortex_8_GTTCTCGTCATATCGG,4.581197592697554
12681,0.08755242324713525,8__mutated,PertCortex_8_GTTCTCGTCGCATGGC,4.144742604140061
12682,0.10979310121789189,8__mutated,PertCortex_8_GTTCTCGTCTCGGACG,3.03860906003937
12683,0.4248497524572206,8__mutated,PertCortex_8_GTTTCTAAGGCATGGT,2.421072062823951
12684,0.24916638269648417,8__mutated,PertCortex_8_GTTTCTAAGGTGGGTT,2.302174863512892
12685,0.14227580949001495,8__mutated,PertCortex_8_GTTTCTACAGCTTCGG,3.251552012408506
12686,0.437933893401827,8__mutated,PertCortex_8_GTTTCTACAGTGGGAT,2.4103206968715623
12687,0.12248741837423135,8__mutated,PertCortex_8_GTTTCTAGTCATACTG,2.6520471247505597
12688,0.10158341016095053,8__mutated,PertCortex_8_GTTTCTATCAGCTGGC,3.0788881898502103
12689,0.189440264291122,8__mutated,PertCortex_8_GTTTCTATCATCTGTT,4.323011706447413
12690,0.17814094758678062,8__mutated,PertCortex_8_TAAACCGAGTATCGAA,3.074670597453427
12691,0.01699310578033312,8__mutated,PertCortex_8_TAAACCGCAAACGTGG,4.073488138924003
12692,0.2676832848537935,8__mutated,PertCortex_8_TAAACCGGTAAGAGGA,2.8244722163835587
12693,0.11848351945641523,8__mutated,PertCortex_8_TAAACCGGTAAGGATT,3.15738131983283
12694,0.2428543730425518,8__mutated,PertCortex_8_TAAACCGGTGCAACTT,3.1190304263047532
12695,0.45707884667647436,8__mutated,PertCortex_8_TAAGAGAAGATGTCGG,2.1294805860691444
12696,0.06152105636465871,8__mutated,PertCortex_8_TAAGAGACATACTCTT,3.0843308269018928
12697,0.06703418504073552,8__mutated,PertCortex_8_TAAGAGAGTACAGACG,3.9486568214248354
12698,0.1783181002538179,8__mutated,PertCortex_8_TAAGAGAGTAGGCATG,4.036165914432216
12699,0.15647393391366923,8__mutated,PertCortex_8_TAAGAGAGTGTGACCC,3.2392358544450732
12700,0.2104682725571967,8__mutated,PertCortex_8_TAAGAGATCAGGCCCA,2.9599714302732627
12701,0.08532552516235709,8__mutated,PertCortex_8_TAAGAGATCGTCGTTC,3.589413108189121
12702,0.2127124584582752,8__mutated,PertCortex_8_TAAGAGATCTGAGGGA,3.2070241433578075
12703,0.5888035602340391,8__mutated,PertCortex_8_TAAGCGTAGAGTTGGC,1.8887464596973533
12704,0.3020743901735892,8__mutated,PertCortex_8_TAAGCGTAGTGAATTG,2.2511471672667804
12705,0.10765220873002121,8__mutated,PertCortex_8_TAAGCGTTCTCATTCA,3.240854875949113
12706,0.28024926126414756,8__mutated,PertCortex_8_TAAGTGCAGTACATGA,2.57124880925799
12707,0.08418551862104717,8__mutated,PertCortex_8_TAAGTGCAGTGGAGTC,3.8781816665809847
12708,0.07959176362357591,8__mutated,PertCortex_8_TAAGTGCGTGCAGTAG,4.619743022658564
12709,0.47327572223655534,8__mutated,PertCortex_8_TACACGAAGAGCTATA,2.315812644799131
12710,0.15993896648355524,8__mutated,PertCortex_8_TACACGAAGGTAGCCA,3.592319895072159
12711,0.19015151539950337,8__mutated,PertCortex_8_TACACGAAGTCGTACT,2.9338902721399958
12712,0.2361259610161412,8__mutated,PertCortex_8_TACACGAGTAAGAGGA,2.9943884290919986
12713,0.11496223204102334,8__mutated,PertCortex_8_TACACGAGTCTTGCGG,3.0514382277550296
12714,0.24222234436903772,8__mutated,PertCortex_8_TACAGTGAGAATGTTG,2.0255720219886504
12715,0.2292372809593218,8__mutated,PertCortex_8_TACAGTGAGATGGGTC,3.226416542982487
12716,0.08003343121652133,8__mutated,PertCortex_8_TACAGTGAGTCCGTAT,3.6891771630462724
12717,0.17401823762065174,8__mutated,PertCortex_8_TACAGTGGTGCGAAAC,2.803380990570793
12718,0.1416664675592858,8__mutated,PertCortex_8_TACAGTGTCAAGGCTT,2.315276401818822
12719,0.2999739398030975,8__mutated,PertCortex_8_TACAGTGTCTCCAACC,1.8008546917683272
12720,0.056388262398065554,8__mutated,PertCortex_8_TACCTATCACCTCGTT,2.825971412081271
12721,0.4766815852635309,8__mutated,PertCortex_8_TACCTATCACCTGGTG,1.7435310739473715
12722,0.07165538200296592,8__mutated,PertCortex_8_TACCTATCAGACACTT,4.547565048026877
12723,0.08071878776474353,8__mutated,PertCortex_8_TACCTATCAGCGTTCG,2.4111002028975728
12724,0.008228241061743273,8__mutated,PertCortex_8_TACCTATGTTCAACCA,4.150333876771372
12725,0.10130187164260418,8__mutated,PertCortex_8_TACCTATTCGTGGTCG,3.2906504887151695
12726,0.1524202884160343,8__mutated,PertCortex_8_TACCTTAAGTCCGGTC,3.133382322169978
12727,0.576505967532092,8__mutated,PertCortex_8_TACCTTACAAGGTGTG,2.211592023737528
12728,0.09201567250763751,8__mutated,PertCortex_8_TACCTTAGTCGAAAGC,3.940059533921735
12729,0.11192651523089987,8__mutated,PertCortex_8_TACCTTAGTTCAGGCC,4.087272156519586
12730,0.10337663839493957,8__mutated,PertCortex_8_TACGGATCATACTCTT,2.018165578251773
12731,0.19999413548304085,8__mutated,PertCortex_8_TACGGATGTACACCGC,4.958119202278798
12732,0.17537043666794408,8__mutated,PertCortex_8_TACGGATTCACCTCGT,3.1086718733867547
12733,0.12097544569676398,8__mutated,PertCortex_8_TACGGATTCTTGTTTG,3.860254124104124
12734,0.24330196553694755,8__mutated,PertCortex_8_TACGGGCAGTTACGGG,2.2459607232427174
12735,0.4206174422235083,8__mutated,PertCortex_8_TACGGGCCAAGCGTAG,2.056642735292916
12736,0.19105291588993834,8__mutated,PertCortex_8_TACGGGCCATGCCACG,2.913456698647386
12737,0.06683182558723492,8__mutated,PertCortex_8_TACGGGCGTAGCCTCG,2.0375188463422313
12738,0.11233317984093572,8__mutated,PertCortex_8_TACGGGCGTAGTAGTA,3.9470070201840786
12739,0.21440865081363786,8__mutated,PertCortex_8_TACGGGCGTCTTCTCG,3.7640003496498875
12740,0.11018477131084857,8__mutated,PertCortex_8_TACGGGCGTGAGGCTA,3.257136646081477
12741,0.07916000843216894,8__mutated,PertCortex_8_TACGGGCGTGGTGTAG,4.610146340145395
12742,0.14943743902009646,8__mutated,PertCortex_8_TACGGGCGTGTCAATC,3.590562411100943
12743,0.17275515169453917,8__mutated,PertCortex_8_TACGGGCGTTTACTCT,2.8940949811795535
12744,0.40676660964183514,8__mutated,PertCortex_8_TACGGGCTCATCATTC,2.5785262651807934
12745,0.5618401355191732,8__mutated,PertCortex_8_TACGGTAAGAGTGAGA,2.1371436146160177
12746,0.11929929812546701,8__mutated,PertCortex_8_TACGGTAAGCATCATC,3.6595064061978855
12747,0.18569168702388208,8__mutated,PertCortex_8_TACGGTAGTCTAACGT,3.6032353959082677
12748,0.12321729065071278,8__mutated,PertCortex_8_TACGGTATCACCAGGC,4.208837457040512
12749,0.48061593496480287,8__mutated,PertCortex_8_TACGGTATCTAACGGT,1.946223080263833
12750,0.12817131873290552,8__mutated,PertCortex_8_TACGGTATCTGTTTGT,4.554508320462646
12751,0.3639172514239695,8__mutated,PertCortex_8_TACTCATAGCTGAACG,2.2204156616265167
12752,0.5615432919814037,8__mutated,PertCortex_8_TACTCATCATGACATC,2.2195946026055178
12753,0.5948552583172615,8__mutated,PertCortex_8_TACTCATGTATCACCA,2.092235159459436
12754,0.061641707854647426,8__mutated,PertCortex_8_TACTCGCAGTAGATGT,4.109841448608282
12755,0.21993902626908796,8__mutated,PertCortex_8_TACTCGCCACGTGAGA,3.1996112491054935
12756,0.12430182217729918,8__mutated,PertCortex_8_TACTCGCGTCTAAACC,3.274537849211209
12757,0.29179005165630795,8__mutated,PertCortex_8_TACTCGCTCATGTCCC,2.936944165390811
12758,0.09335452258206905,8__mutated,PertCortex_8_TACTTACAGAAACGCC,3.9317477431957446
12759,0.13137315973480404,8__mutated,PertCortex_8_TACTTACAGGGCTCTC,3.033264636621042
12760,0.4992875655603841,8__mutated,PertCortex_8_TACTTACCAATGGTCT,2.2369610088047263
12761,0.0016272994447145662,8__mutated,PertCortex_8_TACTTACCAGTCGATT,4.526435230206951
12762,0.16181265026531857,8__mutated,PertCortex_8_TACTTACCATCCTTGC,2.3935935963145467
12763,0.10702681386112908,8__mutated,PertCortex_8_TACTTACGTTTGCATG,2.8267556128102096
12764,0.04401732500266157,8__mutated,PertCortex_8_TACTTACTCATGCAAC,3.4252323873487773
12765,0.35424171518939174,8__mutated,PertCortex_8_TACTTGTAGATATGCA,2.633868356724355
12766,0.26555110756140304,8__mutated,PertCortex_8_TACTTGTAGGTAAACT,2.9458261623302353
12767,0.18760648713026162,8__mutated,PertCortex_8_TACTTGTCACATGACT,2.5387761189691638
12768,0.046118231506886195,8__mutated,PertCortex_8_TACTTGTCACGTCAGC,4.226136248740123
12769,0.09084816429130958,8__mutated,PertCortex_8_TACTTGTGTCGCATAT,3.581142863353786
12770,0.1372429742332196,8__mutated,PertCortex_8_TAGACCAAGCTCTCGG,3.732722034776302
12771,0.19223046521988862,8__mutated,PertCortex_8_TAGACCACATGGGAAC,3.3009743350120755
12772,0.24204405529681366,8__mutated,PertCortex_8_TAGAGCTAGAATCTCC,2.760562916775845
12773,0.12363586362836095,8__mutated,PertCortex_8_TAGAGCTAGCGTAATA,4.263508090896974
12774,0.2311234998021903,8__mutated,PertCortex_8_TAGAGCTAGGCTCTTA,2.8525941314546364
12775,0.1777872742143321,8__mutated,PertCortex_8_TAGAGCTAGTGCCAGA,3.5484142674762333
12776,0.17737353054685678,8__mutated,PertCortex_8_TAGAGCTGTGCCTGTG,3.529159527722777
12777,0.04161553573761472,8__mutated,PertCortex_8_TAGCCGGAGGGAGTAA,3.037266274560042
12778,0.17126179564440308,8__mutated,PertCortex_8_TAGCCGGCAACACGCC,4.926477454699252
12779,0.5670033598000255,8__mutated,PertCortex_8_TAGCCGGCATTGGTAC,1.8638804088983407
12780,0.16341567249361016,8__mutated,PertCortex_8_TAGCCGGGTTATGTGC,4.232308345111158
12781,0.25764271576981607,8__mutated,PertCortex_8_TAGGCATAGAATGTTG,3.1151189708884384
12782,0.08654957888015805,8__mutated,PertCortex_8_TAGGCATCAGGTCTCG,3.998097666596089
12783,0.24423555563372384,8__mutated,PertCortex_8_TAGGCATCAGTTCATG,2.8893514281781254
12784,0.12256665377271703,8__mutated,PertCortex_8_TAGGCATCATAAAGGT,3.685723979478783
12785,0.30020225970217335,8__mutated,PertCortex_8_TAGGCATCATGCCTAA,2.4799037292238375
12786,0.15829347743074212,8__mutated,PertCortex_8_TAGGCATGTTGGACCC,3.050168169661682
12787,0.07274227498285969,8__mutated,PertCortex_8_TAGGCATTCTTCTGGC,3.431361592198051
12788,0.08549884732124476,8__mutated,PertCortex_8_TAGTGGTAGGACACCA,3.8318302682234036
12789,0.5036463528297335,8__mutated,PertCortex_8_TAGTGGTAGTGACATA,2.1347341923110106
12790,0.2195968861013454,8__mutated,PertCortex_8_TAGTGGTCAATGAATG,3.227801312509101
12791,0.5926917627794991,8__mutated,PertCortex_8_TAGTGGTCAGATAATG,1.5171293730118633
12792,0.06159511088912891,8__mutated,PertCortex_8_TAGTGGTCATAGACTC,4.131866545132198
12793,0.4634265786923858,8__mutated,PertCortex_8_TAGTGGTCATGGAATA,3.127774878084359
12794,0.046432621182080455,8__mutated,PertCortex_8_TAGTGGTGTGTGAAAT,3.313609465516055
12795,0.196774188637343,8__mutated,PertCortex_8_TAGTGGTGTTACCGAT,1.6553721298712294
12796,0.27622766692756034,8__mutated,PertCortex_8_TAGTGGTTCTAGCACA,2.4799814536057148
12797,0.23251108741601786,8__mutated,PertCortex_8_TAGTTGGAGCGTGTCC,3.029686163613865
12798,0.08668274564989695,8__mutated,PertCortex_8_TAGTTGGAGTATTGGA,3.7727450969107696
12799,0.07015394611019588,8__mutated,PertCortex_8_TAGTTGGCAAGTTAAG,3.7599993416516773
12800,0.2757459634285862,8__mutated,PertCortex_8_TAGTTGGCAGATGGGT,3.3133453074590387
12801,0.13708325934108936,8__mutated,PertCortex_8_TAGTTGGTCCCATTTA,2.441611363516179
12802,0.5535080678636762,8__mutated,PertCortex_8_TAGTTGGTCTATCCTA,1.9554188785425162
12803,0.22966779520138209,8__mutated,PertCortex_8_TAGTTGGTCTTCGGTC,2.070418686770766
12804,0.4406017360888733,8__mutated,PertCortex_8_TATCAGGAGCCAGTTT,1.906934166708878
12805,0.09740558451469104,8__mutated,PertCortex_8_TATCAGGAGTGCGTGA,3.742692775795418
12806,0.26773151758016317,8__mutated,PertCortex_8_TATCAGGCATGGGACA,3.3329489842249944
12807,0.16993005268759087,8__mutated,PertCortex_8_TATCAGGGTAATCACC,2.0896078637876125
12808,0.5105260411674035,8__mutated,PertCortex_8_TATCAGGGTCACCCAG,2.5197480022021974
12809,0.20881101243467615,8__mutated,PertCortex_8_TATCAGGGTCCAAGTT,2.7603378479315293
12810,0.2844849369365681,8__mutated,PertCortex_8_TATCAGGGTCGCTTTC,2.203426394718585
12811,0.1736518262710603,8__mutated,PertCortex_8_TATCAGGTCACCCTCA,1.9842780785090257
12812,0.2617247734160519,8__mutated,PertCortex_8_TATCTCAAGACGCAAC,3.104550845389947
12813,0.13874916960358458,8__mutated,PertCortex_8_TATCTCAGTAAATACG,4.197059883907043
12814,0.15691463053024202,8__mutated,PertCortex_8_TATCTCAGTCCAGTTA,2.8367055458613475
12815,0.2382206826952772,8__mutated,PertCortex_8_TATGCCCCACAACTGT,3.11994503109812
12816,0.06855903418781717,8__mutated,PertCortex_8_TATGCCCCATCCCACT,3.955600434965344
12817,0.4346909261874421,8__mutated,PertCortex_8_TATTACCGTCGATTGT,2.5017379769813215
12818,0.17107669664207395,8__mutated,PertCortex_8_TCAACGACAGGGAGAG,3.6123037559267224
12819,0.11094015513045069,8__mutated,PertCortex_8_TCAACGACATGGGAAC,4.637293890050256
12820,0.09676309390723845,8__mutated,PertCortex_8_TCAACGAGTATGCTTG,2.925525844906172
12821,0.24294111338373328,8__mutated,PertCortex_8_TCAACGAGTTGCCTCT,2.384206150563684
12822,0.16818335284127583,8__mutated,PertCortex_8_TCAACGATCGCCAAAT,3.0515767190181324
12823,0.29821664568675016,8__mutated,PertCortex_8_TCAATCTAGGTGCTTT,1.753986858061571
12824,0.5387425877592013,8__mutated,PertCortex_8_TCAATCTCAACTGCTA,1.5494224002781998
12825,0.19120543117282102,8__mutated,PertCortex_8_TCAATCTCAAGCGTAG,3.2750488170760668
12826,0.01802636325445593,8__mutated,PertCortex_8_TCAATCTCAGGCTCAC,3.9934776412008524
12827,0.14411231481666395,8__mutated,PertCortex_8_TCAATCTGTCTAAAGA,3.345529099772452
12828,0.10986853078548499,8__mutated,PertCortex_8_TCAATCTGTGTGCCTG,2.8472453024065696
12829,0.34715747242922795,8__mutated,PertCortex_8_TCACAAGCACGGACAA,2.1785843879585487
12830,0.05479470481448749,8__mutated,PertCortex_8_TCACAAGCATATGCTG,3.741751206275884
12831,0.14634661409392002,8__mutated,PertCortex_8_TCACAAGCATGTAGTC,3.821956783362614
12832,0.538715155817864,8__mutated,PertCortex_8_TCACAAGGTGCGAAAC,2.034966057540855
12833,0.1664651942988112,8__mutated,PertCortex_8_TCACAAGGTGCTAGCC,2.3648341215187476
12834,0.09033283777220097,8__mutated,PertCortex_8_TCACAAGGTTACGTCA,1.9398011771242936
12835,0.08122491907657507,8__mutated,PertCortex_8_TCACAAGGTTCAGTAC,2.8883311539376257
12836,0.40100371366811344,8__mutated,PertCortex_8_TCACAAGTCAACACAC,2.770790212586259
12837,0.46259300431213135,8__mutated,PertCortex_8_TCACAAGTCCCGACTT,2.261678899620094
12838,0.20337723886321335,8__mutated,PertCortex_8_TCACAAGTCTTCTGGC,3.0684097241430908
12839,0.12451732251662934,8__mutated,PertCortex_8_TCACGAAGTACATCCA,3.6349414165827705
12840,0.13992368808372574,8__mutated,PertCortex_8_TCAGATGAGGCGTACA,3.4476938390401637
12841,0.22829147347258508,8__mutated,PertCortex_8_TCAGATGCACAAGTAA,3.412814632520918
12842,0.21010815007278097,8__mutated,PertCortex_8_TCAGATGCATGCCTAA,3.1612031314470395
12843,0.6398156283923722,8__mutated,PertCortex_8_TCAGATGTCCACTCCA,1.7464611823217489
12844,0.16869939017882063,8__mutated,PertCortex_8_TCAGCAAAGAAGGACA,3.117507759423814
12845,0.07036510265749112,8__mutated,PertCortex_8_TCAGCAACAATGGACG,4.999568441794954
12846,0.24517429172500307,8__mutated,PertCortex_8_TCAGCAAGTTATTCTC,3.3666217893351322
12847,0.11764976033492784,8__mutated,PertCortex_8_TCAGCAAGTTGCCTCT,5.06711550573065
12848,0.08955048112363197,8__mutated,PertCortex_8_TCAGCTCAGACGCTTT,4.518578345491505
12849,0.04322367143354447,8__mutated,PertCortex_8_TCAGCTCGTTGTCGCG,4.303769503022024
12850,0.06141613810162892,8__mutated,PertCortex_8_TCAGCTCTCCACTGGG,3.7799407386086803
12851,0.20464549628971815,8__mutated,PertCortex_8_TCAGGATAGTCCAGGA,3.143721991865561
12852,0.026658428202036746,8__mutated,PertCortex_8_TCAGGATTCTTACCGC,4.040470410551667
12853,0.27749790162955573,8__mutated,PertCortex_8_TCAGGTACACAGCGTC,3.1555235206760095
12854,0.286920830164555,8__mutated,PertCortex_8_TCAGGTACACTTCGAA,2.720321756603054
12855,0.07164270277995992,8__mutated,PertCortex_8_TCAGGTAGTAGCGATG,4.5482846094428115
12856,0.1696100494843318,8__mutated,PertCortex_8_TCAGGTAGTAGCGTGA,2.325224926610951
12857,0.21718161397849925,8__mutated,PertCortex_8_TCATTACAGTCTCGGC,2.6886277980609368
12858,0.14456367288625158,8__mutated,PertCortex_8_TCATTACCATCGGTTA,3.3598056819423348
12859,0.0966395449488653,8__mutated,PertCortex_8_TCATTACGTATTAGCC,4.064781906676339
12860,0.13772337548926397,8__mutated,PertCortex_8_TCATTACTCAGAGACG,4.119032305066228
12861,0.27124077350801096,8__mutated,PertCortex_8_TCATTACTCATTATCC,2.5493185682880126
12862,0.1430254357155397,8__mutated,PertCortex_8_TCATTACTCGCCTGAG,2.5080150007308992
12863,0.42262130888432364,8__mutated,PertCortex_8_TCATTTGCAACAACCT,1.9639238654008313
12864,0.11086183743745404,8__mutated,PertCortex_8_TCATTTGGTACAGACG,2.495714333908936
12865,0.009573735376906218,8__mutated,PertCortex_8_TCATTTGTCACAACGT,4.633915606596624
12866,0.1012154289600302,8__mutated,PertCortex_8_TCATTTGTCCCTAACC,3.517159070250485
12867,0.6125957126342045,8__mutated,PertCortex_8_TCCACACTCTTCTGGC,1.7541750318698672
12868,0.6033840545782062,8__mutated,PertCortex_8_TCCCGATAGACTGGGT,1.9921582672138893
12869,0.5578620640590224,8__mutated,PertCortex_8_TCCCGATAGCCACTAT,2.3524977617176033
12870,0.2188593307618319,8__mutated,PertCortex_8_TCCCGATAGCCCTAAT,3.062921524313973
12871,0.521321789996051,8__mutated,PertCortex_8_TCCCGATGTTAAGATG,1.7383133471335837
12872,0.44677189133328044,8__mutated,PertCortex_8_TCCCGATTCTATCGCC,2.5581429224857093
12873,0.20020673958020774,8__mutated,PertCortex_8_TCGAGGCCACCCAGTG,2.5049713713364947
12874,0.5594954568507917,8__mutated,PertCortex_8_TCGAGGCCAGCGTCCA,2.213181329770233
12875,0.4743931157562879,8__mutated,PertCortex_8_TCGAGGCGTACAGACG,2.050829638831831
12876,0.23981812383429785,8__mutated,PertCortex_8_TCGAGGCGTCAAGCGA,3.831094853244884
12877,0.30919678772124565,8__mutated,PertCortex_8_TCGAGGCTCCACTGGG,2.6169131828705026
12878,0.13050328665464106,8__mutated,PertCortex_8_TCGCGAGTCAGAGGTG,3.5146072804832023
12879,0.4946027707527021,8__mutated,PertCortex_8_TCGCGTTAGTTATCGC,1.9505472663912204
12880,0.08769711128880654,8__mutated,PertCortex_8_TCGCGTTCAACACCTA,3.1876968728081194
12881,0.456439855361653,8__mutated,PertCortex_8_TCGCGTTCAATGTTGC,2.292594395688636
12882,0.23632322677459783,8__mutated,PertCortex_8_TCGCGTTCACAGCCCA,3.3872127350757553
12883,0.18407565127147033,8__mutated,PertCortex_8_TCGCGTTGTAACGTTC,3.0625821375856797
12884,0.22823074427585716,8__mutated,PertCortex_8_TCGGGACAGCGCTCCA,2.5462370698590804
12885,0.11381910168911386,8__mutated,PertCortex_8_TCGGGACCAAAGTCAA,4.023849718977401
12886,0.09644534107140734,8__mutated,PertCortex_8_TCGGGACGTCGCCATG,3.6496806538790247
12887,0.1562666987020279,8__mutated,PertCortex_8_TCGGTAAAGACAATAC,3.4167187159701924
12888,0.14837398448151795,8__mutated,PertCortex_8_TCGGTAAAGGAGTACC,3.1706374355809874
12889,0.09905598350970192,8__mutated,PertCortex_8_TCGGTAAAGTCTCAAC,3.649274738481601
12890,0.14663797548413152,8__mutated,PertCortex_8_TCGGTAAGTTGCGCAC,2.045826812941003
12891,0.0993150733184214,8__mutated,PertCortex_8_TCGGTAATCCTTAATC,4.778137537650418
12892,0.3377181721716293,8__mutated,PertCortex_8_TCGGTAATCGGTTAAC,2.3848041602658085
12893,0.10230767173395716,8__mutated,PertCortex_8_TCGGTAATCTATCCCG,2.7804926060702555
12894,0.11236898658672052,8__mutated,PertCortex_8_TCGTACCAGCTTCGCG,4.572084250836469
12895,0.16515834042167038,8__mutated,PertCortex_8_TCGTACCCACCATCCT,3.146593699093519
12896,0.060327832227598015,8__mutated,PertCortex_8_TCGTACCCACGGCTAC,2.8053919614244625
12897,0.04947412901958442,8__mutated,PertCortex_8_TCGTACCGTAAGGGAA,4.435981831454412
12898,0.08613184199201786,8__mutated,PertCortex_8_TCGTACCGTCTCATCC,3.6251226634879594
12899,0.524806181089553,8__mutated,PertCortex_8_TCGTACCTCTCGAGTA,1.7334801941860527
12900,0.05418288327049448,8__mutated,PertCortex_8_TCGTAGAAGCTGCGAA,4.476131083541285
12901,0.41096971365984003,8__mutated,PertCortex_8_TCGTAGACAAAGTGCG,2.8015933743411074
12902,0.05920705523219714,8__mutated,PertCortex_8_TCGTAGACAAGCTGGA,3.2020257592850303
12903,0.09861245198566398,8__mutated,PertCortex_8_TCGTAGACAGATCGGA,3.9293097012138087
12904,0.31562914787960755,8__mutated,PertCortex_8_TCGTAGATCAACGCTA,4.763125469630087
12905,0.43889823322517896,8__mutated,PertCortex_8_TCGTAGATCTTTACGT,2.296811943810359
12906,0.1765640692632998,8__mutated,PertCortex_8_TCTATTGAGCCCAGCT,3.0983613763853874
12907,0.06899143092960328,8__mutated,PertCortex_8_TCTATTGAGCGATAGC,4.145360436237533
12908,0.1491437772326994,8__mutated,PertCortex_8_TCTATTGGTCATACTG,2.4850144414266078
12909,0.03930930274628244,8__mutated,PertCortex_8_TCTATTGGTCATGCCG,4.2328389439819745
12910,0.06235685398356454,8__mutated,PertCortex_8_TCTATTGTCGGAAACG,4.011207843161205
12911,0.10555484947707286,8__mutated,PertCortex_8_TCTCATAAGACTTGAA,3.414665230298772
12912,0.24807186714523347,8__mutated,PertCortex_8_TCTCATACACGTTGGC,4.635026191081348
12913,0.0843494119125073,8__mutated,PertCortex_8_TCTCATACATATGCTG,2.8724750401430885
12914,0.21955599156436906,8__mutated,PertCortex_8_TCTCATACATCTCCCA,2.674119913466857
12915,0.18506445750369405,8__mutated,PertCortex_8_TCTCATACATCTCGCT,2.4103641746512894
12916,0.17998920693639547,8__mutated,PertCortex_8_TCTCATAGTCAGAATA,3.3109525069684023
12917,0.18528325209000773,8__mutated,PertCortex_8_TCTCTAACACGCCAGT,3.2632905789355005
12918,0.1694670957640479,8__mutated,PertCortex_8_TCTCTAATCATTATCC,4.4394989966282505
12919,0.13526996433389615,8__mutated,PertCortex_8_TCTCTAATCCAAACTG,3.5756212423748637
12920,0.3181949890634465,8__mutated,PertCortex_8_TCTCTAATCCATGAAC,1.9466513352398476
12921,0.3071527272441152,8__mutated,PertCortex_8_TCTGAGACAAAGGCGT,2.562962611860132
12922,0.10736203146686679,8__mutated,PertCortex_8_TCTGAGACACGGCTAC,4.239343549592702
12923,0.4296395135630895,8__mutated,PertCortex_8_TCTGAGACATGGATGG,2.19407230800229
12924,0.11738087201654264,8__mutated,PertCortex_8_TCTGAGACATGTTGAC,4.917708894630918
12925,0.49669001787606193,8__mutated,PertCortex_8_TCTGGAACATGTCGAT,2.1098803494904894
12926,0.20151141510886864,8__mutated,PertCortex_8_TCTGGAAGTGCAGTAG,3.1893988974280556
12927,0.011201020443773682,8__mutated,PertCortex_8_TCTGGAAGTGTGGCTC,3.4057388732434855
12928,0.03375270230172904,8__mutated,PertCortex_8_TCTGGAATCGATAGAA,4.643344462700086
12929,0.22337013177089016,8__mutated,PertCortex_8_TCTGGAATCTTGTCAT,3.3120656612940254
12930,0.14493813826248284,8__mutated,PertCortex_8_TCTTCGGGTATAAACG,4.364285700979902
12931,0.3952578833937036,8__mutated,PertCortex_8_TCTTCGGGTCGGATCC,1.669951915637312
12932,0.2719703360494946,8__mutated,PertCortex_8_TCTTCGGGTTCCTCCA,3.0079778107040736
12933,0.12876975750033703,8__mutated,PertCortex_8_TCTTCGGTCTAGCACA,3.1832945099302052
12934,0.15210565256288347,8__mutated,PertCortex_8_TCTTTCCAGTACGTAA,1.5891405270199044
12935,0.05909228121158165,8__mutated,PertCortex_8_TCTTTCCCAGCGTTCG,3.5687523117630975
12936,0.038878106800412,8__mutated,PertCortex_8_TCTTTCCGTCGCATAT,3.5079540353090994
12937,0.11852047923832253,8__mutated,PertCortex_8_TCTTTCCGTGCGGTAA,4.447663047248842
12938,0.2410683433444412,8__mutated,PertCortex_8_TCTTTCCGTGTCCTCT,2.9137176823245143
12939,0.0594840273590804,8__mutated,PertCortex_8_TCTTTCCGTTCAGACT,4.326303611156194
12940,0.2465492214667498,8__mutated,PertCortex_8_TCTTTCCTCACCGGGT,3.654649357516358
12941,0.29303397567138295,8__mutated,PertCortex_8_TCTTTCCTCGGTCCGA,2.168941514359552
12942,0.5798276822940212,8__mutated,PertCortex_8_TCTTTCCTCGGTTAAC,1.9752524864598573
12943,0.3624213457542178,8__mutated,PertCortex_8_TCTTTCCTCGTCGTTC,1.964233057593377
12944,0.4163364676608184,8__mutated,PertCortex_8_TCTTTCCTCGTTTGCC,2.099688303278068
12945,0.14814567960643452,8__mutated,PertCortex_8_TGAAAGAAGTCTCAAC,4.338684728440347
12946,0.21933255987522252,8__mutated,PertCortex_8_TGAAAGACACGCTTTC,3.3133035266068136
12947,0.19631544311835944,8__mutated,PertCortex_8_TGAAAGACACGTTGGC,4.3114762441602235
12948,0.18664434433798538,8__mutated,PertCortex_8_TGAAAGACACTCTGTC,2.6709742513775945
12949,0.10662112376532501,8__mutated,PertCortex_8_TGAAAGAGTCATACTG,4.095051138198442
12950,0.16902342381505697,8__mutated,PertCortex_8_TGAAAGATCATAACCG,4.121293158279068
12951,0.007479010715037157,8__mutated,PertCortex_8_TGAAAGATCTCAAGTG,3.855260782335874
12952,0.0505812420575486,8__mutated,PertCortex_8_TGAAAGATCTTCGGTC,4.370152669368545
12953,0.21908626539247417,8__mutated,PertCortex_8_TGAAAGATCTTTACAC,2.2820371147258065
12954,0.06326561003748833,8__mutated,PertCortex_8_TGACAACAGTTCCACA,3.2089309106286628
12955,0.31376632910459856,8__mutated,PertCortex_8_TGACAACCAAGCGATG,1.5961107954014027
12956,0.1547433340997449,8__mutated,PertCortex_8_TGACAACCACCTATCC,3.7600723193952263
12957,0.08744260237840133,8__mutated,PertCortex_8_TGACAACGTGGTCTCG,4.219980012111898
12958,0.24453656155224804,8__mutated,PertCortex_8_TGACAACGTTTGACAC,2.458619244464258
12959,0.19156175663678907,8__mutated,PertCortex_8_TGACAACTCCGCGGTA,3.066297833901899
12960,0.06501222509753575,8__mutated,PertCortex_8_TGACGGCGTACAAGTA,3.2300489368618264
12961,0.11166222563146284,8__mutated,PertCortex_8_TGACGGCGTGACGGTA,2.7409046291307626
12962,0.26330692543110706,8__mutated,PertCortex_8_TGACGGCGTTGGTTTG,2.116671192381531
12963,0.09579693845619054,8__mutated,PertCortex_8_TGACTAGAGTACTTGC,3.8103554905099273
12964,0.5877955133129404,8__mutated,PertCortex_8_TGACTAGCAGGACGTA,2.1434615698846997
12965,0.4445800276094506,8__mutated,PertCortex_8_TGACTAGGTACAGACG,2.0538449235100633
12966,0.08564602204508776,8__mutated,PertCortex_8_TGACTAGGTCCTAGCG,4.131379522950713
12967,0.12148525804014647,8__mutated,PertCortex_8_TGACTAGGTCTGGTCG,2.5970071012918057
12968,0.14158503481206638,8__mutated,PertCortex_8_TGACTTTAGAAGGTTT,3.745729388579468
12969,0.028574831406347655,8__mutated,PertCortex_8_TGACTTTAGCTGCGAA,3.890769320941363
12970,0.5003393454772718,8__mutated,PertCortex_8_TGACTTTGTAGCAAAT,2.1993821739892647
12971,0.14044525043688943,8__mutated,PertCortex_8_TGACTTTGTGGCAAAC,3.137289977268076
12972,0.15912776618052712,8__mutated,PertCortex_8_TGACTTTGTTACGTCA,4.338349002127353
12973,0.17853014539356815,8__mutated,PertCortex_8_TGACTTTTCGTTTATC,2.9699815102763805
12974,0.5672624408506667,8__mutated,PertCortex_8_TGAGAGGCAATACGCT,1.8497120652794383
12975,0.21551079551267704,8__mutated,PertCortex_8_TGAGAGGGTAGCCTCG,4.714833330758396
12976,0.1533727035510898,8__mutated,PertCortex_8_TGAGAGGGTTGTCGCG,2.9714183040349633
12977,0.29212353671711755,8__mutated,PertCortex_8_TGAGAGGGTTGTGGAG,2.1331665554241472
12978,0.7453003369875638,8__mutated,PertCortex_8_TGAGCATAGAATTCCC,1.4540829795897037
12979,0.09994164454052373,8__mutated,PertCortex_8_TGAGCATAGATGAGAG,4.772374848726729
12980,0.26033560487171026,8__mutated,PertCortex_8_TGAGCATAGGCGCTCT,1.9519387129746129
12981,0.15367820813349412,8__mutated,PertCortex_8_TGAGCATGTAATCGTC,3.5088516873850626
12982,0.5391346542970474,8__mutated,PertCortex_8_TGAGCATGTGAAAGAG,1.798212732353836
12983,0.1630471000115224,8__mutated,PertCortex_8_TGAGCATGTGCCTGCA,2.7123476117419143
12984,0.23387661259009865,8__mutated,PertCortex_8_TGAGCATTCCAAATGC,2.8042641625748264
12985,0.18443966604172282,8__mutated,PertCortex_8_TGAGCATTCTACCTGC,3.0618093726938813
12986,0.3164760888064359,8__mutated,PertCortex_8_TGAGCCGAGATCTGCT,2.2335524169255883
12987,0.2252045045534579,8__mutated,PertCortex_8_TGAGCCGAGCTTCGCG,3.7800396698069254
12988,0.11589185402373103,8__mutated,PertCortex_8_TGAGCCGAGGACCACA,3.5364607454563295
12989,0.14277609205783695,8__mutated,PertCortex_8_TGAGCCGCATGCAACT,2.7079113318920998
12990,0.18164836038292503,8__mutated,PertCortex_8_TGAGCCGGTAGTAGTA,2.6675378239377383
12991,0.0869295811811713,8__mutated,PertCortex_8_TGAGCCGGTCAGAGGT,3.3642356039371344
12992,0.0766272093273258,8__mutated,PertCortex_8_TGAGCCGGTCGCTTCT,4.3423755528737455
12993,0.09612663340955589,8__mutated,PertCortex_8_TGAGCCGTCACATACG,2.4490126553438185
12994,0.19061184220577024,8__mutated,PertCortex_8_TGAGGGACAAAGGCGT,3.125685240927138
12995,0.08907800332805574,8__mutated,PertCortex_8_TGAGGGAGTACCGAGA,3.5120633290999503
12996,0.4769162760709337,8__mutated,PertCortex_8_TGAGGGAGTTCCCTTG,2.4561506596200062
12997,0.20841078233763152,8__mutated,PertCortex_8_TGATTTCCAATGTAAG,3.6053667250430506
12998,0.11728468471986216,8__mutated,PertCortex_8_TGATTTCGTTGGGACA,3.1734109389135456
12999,0.19759351202563363,8__mutated,PertCortex_8_TGATTTCTCCTCGCAT,2.872160259826771
13000,0.07749133856043368,8__mutated,PertCortex_8_TGCACCTCACGCATCG,4.039013237434445
13001,0.19540256917796167,8__mutated,PertCortex_8_TGCACCTCAGAAGCAC,3.1946560207817893
13002,0.2772516274436931,8__mutated,PertCortex_8_TGCACCTCAGTATGCT,2.3974752968297217
13003,0.19106996718777075,8__mutated,PertCortex_8_TGCACCTGTTGCGTTA,3.202338427039436
13004,0.023016851096944076,8__mutated,PertCortex_8_TGCCAAAAGATGAGAG,3.4883864464363974
13005,0.2283382310828058,8__mutated,PertCortex_8_TGCCAAACACAACGTT,3.0849234615474614
13006,0.2361712071124808,8__mutated,PertCortex_8_TGCCAAAGTCAATACC,2.4774359948158406
13007,0.15377740579253926,8__mutated,PertCortex_8_TGCCAAAGTGACTACT,2.8983965588512386
13008,0.06700426730902474,8__mutated,PertCortex_8_TGCCAAAGTTCGTTGA,3.682839849089045
13009,0.276505565951242,8__mutated,PertCortex_8_TGCCAAATCATCGCTC,3.0102031716139783
13010,0.44146301679400113,8__mutated,PertCortex_8_TGCCAAATCGTTACGA,3.303605154076281
13011,0.16496044130360413,8__mutated,PertCortex_8_TGCCCATAGATATACG,2.9355511048722676
13012,0.24774767533848818,8__mutated,PertCortex_8_TGCCCATAGTGGGATC,2.8156243267964736
13013,0.2707130219689922,8__mutated,PertCortex_8_TGCCCATCACAAGCCC,2.8780912212171335
13014,0.02428922607192905,8__mutated,PertCortex_8_TGCCCATCACCACGTG,4.033262495228909
13015,0.08591661957472344,8__mutated,PertCortex_8_TGCCCTAAGCGTCAAG,3.2593843610293054
13016,0.1202007629163246,8__mutated,PertCortex_8_TGCCCTAAGCTTATCG,3.0570450054444427
13017,0.6011067415088404,8__mutated,PertCortex_8_TGCCCTAGTACCGCTG,1.8504867140018442
13018,0.20800175782570982,8__mutated,PertCortex_8_TGCCCTAGTGTCTGAT,3.0919440486531546
13019,0.10888827853120421,8__mutated,PertCortex_8_TGCCCTATCTGCGGCA,2.8936415585490236
13020,0.46885021546648864,8__mutated,PertCortex_8_TGCGCAGAGGTCGGAT,1.742819836171618
13021,0.25548339256373354,8__mutated,PertCortex_8_TGCGCAGAGTGCCATT,2.8444511126933314
13022,0.06731221852466661,8__mutated,PertCortex_8_TGCGCAGAGTGGTAGC,3.3431151528101917
13023,0.20047000985229746,8__mutated,PertCortex_8_TGCGCAGCAGCCACCA,2.9753905371699285
13024,0.11871347418034979,8__mutated,PertCortex_8_TGCGCAGGTAGCCTCG,2.0824142908131043
13025,0.10696359034173493,8__mutated,PertCortex_8_TGCGCAGGTGCACGAA,3.9701163653075398
13026,0.0753921416590165,8__mutated,PertCortex_8_TGCGCAGTCCTGCTTG,3.6074445245654814
13027,0.07456980403617774,8__mutated,PertCortex_8_TGCGCAGTCTTTCCTC,3.407649570632202
13028,0.4139161453139348,8__mutated,PertCortex_8_TGCGGGTAGGGATACC,1.99947178049401
13029,0.5721145950015489,8__mutated,PertCortex_8_TGCGGGTGTATAGTAG,1.6518910326241665
13030,0.1566448391098879,8__mutated,PertCortex_8_TGCGGGTGTATGGTTC,2.6773135456554056
13031,0.15967894635296548,8__mutated,PertCortex_8_TGCGGGTGTCTAAAGA,4.414377613664439
13032,0.18963982913851885,8__mutated,PertCortex_8_TGCGGGTGTTCTGGTA,3.1867454549037992
13033,0.4833556461871669,8__mutated,PertCortex_8_TGCGTGGGTTACGACT,2.766108431904324
13034,0.10431726889096382,8__mutated,PertCortex_8_TGCGTGGTCCCTCTTT,4.216216927966674
13035,0.10519089620463971,8__mutated,PertCortex_8_TGCTACCCACAGGTTT,4.148894605633528
13036,0.08192937275055144,8__mutated,PertCortex_8_TGCTACCTCCGCAGTG,3.7868938166186523
13037,0.37912182380597903,8__mutated,PertCortex_8_TGCTGCTCAGGTCCAC,2.6241867783742427
13038,0.04552013366113372,8__mutated,PertCortex_8_TGCTGCTGTACGACCC,3.3988186145215096
13039,0.22978012079441704,8__mutated,PertCortex_8_TGCTGCTTCCAAGCCG,3.241372894563166
13040,0.1530769950095961,8__mutated,PertCortex_8_TGGACGCAGAGGTTGC,4.140014888254466
13041,0.11823233561646153,8__mutated,PertCortex_8_TGGACGCAGCCGATTT,3.0024685042303982
13042,0.4530795528760701,8__mutated,PertCortex_8_TGGACGCAGCGATAGC,1.963862892988658
13043,0.04825013199869436,8__mutated,PertCortex_8_TGGACGCAGGGATCTG,3.96012373896343
13044,0.18066920239548648,8__mutated,PertCortex_8_TGGACGCGTAGCACGA,3.0479268618197612
13045,0.18461816311361587,8__mutated,PertCortex_8_TGGACGCGTTACGGAG,3.338054569000383
13046,0.5088090087431298,8__mutated,PertCortex_8_TGGACGCTCACGCATA,2.1188152981430495
13047,0.19376427130620866,8__mutated,PertCortex_8_TGGACGCTCAGCTCGG,4.9302326564222385
13048,0.4564308036697713,8__mutated,PertCortex_8_TGGCCAGGTCAAAGCG,2.157215394468965
13049,0.2980761541200349,8__mutated,PertCortex_8_TGGCCAGGTTCGGGCT,2.5026485732700507
13050,0.12715970692517423,8__mutated,PertCortex_8_TGGCGCAAGCCCTAAT,3.5254245551908285
13051,0.1173035758857211,8__mutated,PertCortex_8_TGGCGCACAATAGCGG,2.610964909009321
13052,0.18119352547793013,8__mutated,PertCortex_8_TGGCGCACAGGGCATA,2.337596756807752
13053,0.24561910890226457,8__mutated,PertCortex_8_TGGCGCACATTGCGGC,2.417666122532928
13054,0.4708286256608308,8__mutated,PertCortex_8_TGGCGCAGTCGCATCG,2.4365299586955853
13055,0.09135670722636073,8__mutated,PertCortex_8_TGGCGCATCTATCCTA,3.0196638813698886
13056,0.06494404080602799,8__mutated,PertCortex_8_TGGCTGGAGATCACGG,4.311255367353882
13057,0.19204188590699262,8__mutated,PertCortex_8_TGGCTGGAGGAGTTTA,2.5328136382802544
13058,0.09821921812746144,8__mutated,PertCortex_8_TGGCTGGAGTTAGGTA,1.9815613413540054
13059,0.3083161304989638,8__mutated,PertCortex_8_TGGCTGGGTCTTCGTC,4.4695006721788095
13060,0.20099166601103974,8__mutated,PertCortex_8_TGGCTGGGTGAGTATA,3.094968926181344
13061,0.060237933944893254,8__mutated,PertCortex_8_TGGCTGGGTGTCAATC,3.652725051888693
13062,0.07488829171675244,8__mutated,PertCortex_8_TGGCTGGGTTATGCGT,3.275782316131046
13063,0.4115681807552806,8__mutated,PertCortex_8_TGGCTGGGTTCCACGG,1.8146295416164848
13064,0.1843327489874734,8__mutated,PertCortex_8_TGGCTGGGTTTAGGAA,2.757927986484121
13065,-0.0016265943983260864,8__mutated,PertCortex_8_TGGCTGGTCTGGTTCC,3.2386910513563443
13066,0.3549552742408459,8__mutated,PertCortex_8_TGGGAAGAGGTCATCT,2.2219167255925303
13067,0.12690770263006085,8__mutated,PertCortex_8_TGGGAAGCAAGTACCT,3.1216054306905434
13068,0.04563254842935234,8__mutated,PertCortex_8_TGGGAAGCAGCCTTGG,3.5272430841778704
13069,0.5363240927573595,8__mutated,PertCortex_8_TGGGAAGGTTAAAGTG,1.735592358057842
13070,0.09758871397286945,8__mutated,PertCortex_8_TGGGCGTCAAGGTTCT,2.1422296343786855
13071,0.5588336483688102,8__mutated,PertCortex_8_TGGGCGTGTTCGTTGA,2.0998579401683615
13072,0.11775552368019049,8__mutated,PertCortex_8_TGGGCGTTCCATGAAC,4.057167611912851
13073,0.2105561432714952,8__mutated,PertCortex_8_TGGGCGTTCCCACTTG,2.6024285908341196
13074,0.14848750115647724,8__mutated,PertCortex_8_TGGGCGTTCCTACAGA,4.7202244891510565
13075,0.050281093686064364,8__mutated,PertCortex_8_TGGGCGTTCGTTTGCC,3.8128613773666546
13076,0.08438307828113388,8__mutated,PertCortex_8_TGGGCGTTCTATCGCC,3.83378235215682
13077,0.036658058758620445,8__mutated,PertCortex_8_TGGGCGTTCTGCCCTA,4.674290726221444
13078,0.5339135826528201,8__mutated,PertCortex_8_TGGTTAGAGACACGAC,1.565550878012007
13079,0.09791486137279183,8__mutated,PertCortex_8_TGGTTAGCATTCTTAC,4.930129583550179
13080,0.4330856554869597,8__mutated,PertCortex_8_TGGTTAGGTAGGCTGA,2.43162125504534
13081,0.06374830915611215,8__mutated,PertCortex_8_TGGTTAGTCGCCTGAG,3.682959170149736
13082,0.05946107881977163,8__mutated,PertCortex_8_TGGTTAGTCGTACGGC,4.526867451256687
13083,0.2520890904038375,8__mutated,PertCortex_8_TGGTTAGTCGTGGACC,1.6471507057392865
13084,0.4244116627975426,8__mutated,PertCortex_8_TGGTTAGTCTGATACG,2.092844331392782
13085,0.05827126472251084,8__mutated,PertCortex_8_TGGTTCCAGAGAGCTC,4.390983553866302
13086,0.14131364720856981,8__mutated,PertCortex_8_TGGTTCCAGAGTGAGA,3.7517639427954816
13087,0.13818295293809058,8__mutated,PertCortex_8_TGGTTCCAGGATGGTC,3.5100851878191026
13088,0.5603829538644571,8__mutated,PertCortex_8_TGGTTCCAGTAGGCCA,2.236286381334373
13089,0.05842821510131703,8__mutated,PertCortex_8_TGGTTCCTCAGGTAAA,4.076882545752294
13090,0.15935646339442627,8__mutated,PertCortex_8_TGGTTCCTCTGTCTAT,4.172122144313644
13091,0.3698239541986435,8__mutated,PertCortex_8_TGTATTCAGTCGTTTG,2.0031603865789673
13092,0.20161367544831668,8__mutated,PertCortex_8_TGTATTCCACGGACAA,2.167259324789222
13093,0.16420787568147566,8__mutated,PertCortex_8_TGTCCCAAGATCGATA,3.244031521838964
13094,0.1532621270879355,8__mutated,PertCortex_8_TGTCCCAAGGTGCACA,3.6442858874579445
13095,0.02927374470317082,8__mutated,PertCortex_8_TGTCCCACACGGATAG,3.8887434804282326
13096,0.20525272621356225,8__mutated,PertCortex_8_TGTCCCAGTCGAACAG,3.557485275816262
13097,0.11522430348679004,8__mutated,PertCortex_8_TGTCCCATCCAGTATG,4.015160369421195
13098,0.14933898834634224,8__mutated,PertCortex_8_TGTCCCATCGTCTGAA,2.3703414605408537
13099,0.12265928978442826,8__mutated,PertCortex_8_TGTCCCATCTCGTATT,2.870967319009932
13100,0.17248894521598399,8__mutated,PertCortex_8_TGTGTTTAGTGGACGT,3.173911302892915
13101,0.13337447295843718,8__mutated,PertCortex_8_TGTGTTTAGTTACGGG,2.435272685272199
13102,0.49681638144997686,8__mutated,PertCortex_8_TGTGTTTTCAGGCAAG,2.224534127496728
13103,0.13046309023253583,8__mutated,PertCortex_8_TGTTCCGCAAGTACCT,2.6928899785927576
13104,0.05054373778736755,8__mutated,PertCortex_8_TGTTCCGCAGGAACGT,3.4264277866514075
13105,0.5377195627951008,8__mutated,PertCortex_8_TTAACTCAGCCCAACC,1.2838198330636832
13106,0.07033558543528208,8__mutated,PertCortex_8_TTAACTCCAGACGCAA,3.812803913005906
13107,0.2228289050555153,8__mutated,PertCortex_8_TTAACTCTCAAACGGG,2.394957525097758
13108,0.17456196837553162,8__mutated,PertCortex_8_TTAACTCTCATACGGT,3.0841538990941273
13109,0.1408596845849426,8__mutated,PertCortex_8_TTAGGACAGACCACGA,3.092668711559778
13110,0.32102151342109314,8__mutated,PertCortex_8_TTAGGACTCGTAGATC,2.8074681336088925
13111,0.638165181939434,8__mutated,PertCortex_8_TTAGGCAAGAATGTTG,1.813082003022862
13112,0.5261816570038456,8__mutated,PertCortex_8_TTAGGCAAGGACAGAA,1.481202027537598
13113,0.08033276425910175,8__mutated,PertCortex_8_TTAGGCAGTACAAGTA,4.083578722949106
13114,0.14765121852055405,8__mutated,PertCortex_8_TTAGGCAGTCGATTGT,4.768426132762701
13115,0.07905540142630833,8__mutated,PertCortex_8_TTAGGCATCAACGCTA,4.635703476025883
13116,0.12157372298055523,8__mutated,PertCortex_8_TTAGGCATCCTAGAAC,2.593193578816667
13117,0.5733729981094179,8__mutated,PertCortex_8_TTAGGCATCGAATGGG,2.2233042282352034
13118,0.2021077571561983,8__mutated,PertCortex_8_TTAGTTCAGGTCATCT,3.327536131441725
13119,0.29436422237887266,8__mutated,PertCortex_8_TTAGTTCCAAACTGCT,1.662169988926686
13120,0.4220608980620296,8__mutated,PertCortex_8_TTAGTTCGTAGGCATG,2.432365241776567
13121,0.15352770496085386,8__mutated,PertCortex_8_TTAGTTCGTCCATCCT,3.703338827929275
13122,0.23873471388738102,8__mutated,PertCortex_8_TTAGTTCTCAACCATG,2.8940125405544297
13123,0.5595402953070546,8__mutated,PertCortex_8_TTATGCTAGCCACTAT,1.900319794385615
13124,0.11807761199546683,8__mutated,PertCortex_8_TTATGCTGTCAGAAGC,4.378972886316514
13125,0.06264292594439072,8__mutated,PertCortex_8_TTATGCTGTCTCTTTA,4.498891524232633
13126,0.07141370782106304,8__mutated,PertCortex_8_TTATGCTTCGCAGGCT,3.5339099156623033
13127,0.4537835681973667,8__mutated,PertCortex_8_TTCCCAGCAACTGCGC,1.872682943589674
13128,0.142525653728735,8__mutated,PertCortex_8_TTCCCAGCACTAGTAC,2.6049153886466585
13129,0.10437942045909424,8__mutated,PertCortex_8_TTCCCAGCATGGTAGG,4.4262687707819115
13130,0.6239692022552056,8__mutated,PertCortex_8_TTCCCAGCATTTCAGG,1.8214367901730006
13131,0.18142611571711756,8__mutated,PertCortex_8_TTCCCAGGTATATCCG,3.5435789183066126
13132,0.6917427851371514,8__mutated,PertCortex_8_TTCCCAGGTGATAAAC,1.456847662276467
13133,0.07642803925173862,8__mutated,PertCortex_8_TTCGAAGAGTCGTTTG,3.4431338075188713
13134,0.4785578584321104,8__mutated,PertCortex_8_TTCGAAGCAGCGATCC,1.7239890927814916
13135,0.09976308916164349,8__mutated,PertCortex_8_TTCGAAGCATACGCTA,3.0673974267249355
13136,0.06564917320204511,8__mutated,PertCortex_8_TTCGAAGTCCGCTGTT,3.9000411790073874
13137,0.06242699623339801,8__mutated,PertCortex_8_TTCGGTCAGGTGTGGT,3.5961843214369345
13138,0.46646228579130966,8__mutated,PertCortex_8_TTCGGTCGTCCCTACT,2.3644095844748296
13139,0.13429641974954326,8__mutated,PertCortex_8_TTCGGTCGTCGCATAT,2.9996804425109347
13140,0.13380484729940584,8__mutated,PertCortex_8_TTCGGTCTCCGAGCCA,3.496096439138783
13141,0.15712528923921576,8__mutated,PertCortex_8_TTCTACAAGACTAAGT,3.939417207627551
13142,0.3622938144593934,8__mutated,PertCortex_8_TTCTACAAGATCCCAT,2.1925264101927753
13143,0.232562057612022,8__mutated,PertCortex_8_TTCTACAAGCTATGCT,2.2955982752173583
13144,0.13599880337349815,8__mutated,PertCortex_8_TTCTACACAACAACCT,3.3973236863078973
13145,0.14995919131625365,8__mutated,PertCortex_8_TTCTACACAAGCGATG,3.7483620283849395
13146,0.15938416526654212,8__mutated,PertCortex_8_TTCTCAATCCGCTGTT,3.379852265935851
13147,0.06851412142463197,8__mutated,PertCortex_8_TTCTCAATCGGATGGA,4.0171344603163215
13148,0.3277653580994556,8__mutated,PertCortex_8_TTCTCCTCACAGGTTT,2.351913888583656
13149,0.07574714885935403,8__mutated,PertCortex_8_TTCTCCTGTAGATTAG,4.703493787827936
13150,0.12936926846033903,8__mutated,PertCortex_8_TTCTCCTGTCACAAGG,3.5302449830538873
13151,0.16962909033012924,8__mutated,PertCortex_8_TTCTCCTGTTCATGGT,3.6161397041628973
13152,0.31593473375758724,8__mutated,PertCortex_8_TTCTCCTTCAGCTCTC,2.4913501345471087
13153,0.45150573266523103,8__mutated,PertCortex_8_TTCTCCTTCTCGTTTA,1.9913632060862587
13154,0.47813921916516633,8__mutated,PertCortex_8_TTCTTAGAGCGGATCA,2.8412157081262275
13155,0.18581784795254727,8__mutated,PertCortex_8_TTCTTAGTCGATCCCT,3.6242602208751618
13156,0.0056393301188351255,8__mutated,PertCortex_8_TTGAACGAGATGCGAC,4.228415285702569
13157,0.06386651668072237,8__mutated,PertCortex_8_TTGAACGAGCCTATGT,4.709688576900354
13158,0.23826873576826724,8__mutated,PertCortex_8_TTGAACGGTCATCGGC,3.4614618897250966
13159,0.04417442215437581,8__mutated,PertCortex_8_TTGAACGGTCTTCGTC,3.6528892184185557
13160,0.1512064882701647,8__mutated,PertCortex_8_TTGAACGTCACCTCGT,1.3572195381642114
13161,0.2520740033200268,8__mutated,PertCortex_8_TTGACTTAGAGACTTA,1.8761197455141125
13162,0.037213652112173166,8__mutated,PertCortex_8_TTGACTTCAACAACCT,3.360083234413034
13163,0.6139135674945297,8__mutated,PertCortex_8_TTGACTTGTAACGTTC,1.6341899760352954
13164,0.471276518245705,8__mutated,PertCortex_8_TTGACTTGTCTAGCCG,2.98102580514205
13165,0.25375084610571336,8__mutated,PertCortex_8_TTGCCGTAGTGCAAGC,2.642297469176058
13166,0.40861181169528094,8__mutated,PertCortex_8_TTGCCGTCACAAGACG,2.148376830841473
13167,0.4016706148747732,8__mutated,PertCortex_8_TTGCCGTCAGTCAGCC,2.468423297855893
13168,0.22921242468062644,8__mutated,PertCortex_8_TTGCCGTGTATTAGCC,2.777285551149062
13169,0.1498064489177053,8__mutated,PertCortex_8_TTGCCGTGTTACCGAT,2.7057270644588316
13170,0.14782159076959228,8__mutated,PertCortex_8_TTGCCGTTCCTAAGTG,1.8971437627991545
13171,0.08070279364197831,8__mutated,PertCortex_8_TTGCCGTTCGCCAAAT,4.051668241614883
13172,0.31867100437595375,8__mutated,PertCortex_8_TTGCGTCCAACCGCCA,2.5727622747321757
13173,0.08934046450201763,8__mutated,PertCortex_8_TTGCGTCCAGCTGCAC,3.3161656092940226
13174,0.18909825070093803,8__mutated,PertCortex_8_TTGCGTCGTGAGTATA,2.4649488811307037
13175,0.3092775383904796,8__mutated,PertCortex_8_TTGCGTCTCACGGTTA,2.4704773431788865
13176,0.15380514490518962,8__mutated,PertCortex_8_TTGGAACAGAGTGAGA,3.18520111068379
13177,0.00814130049950905,8__mutated,PertCortex_8_TTGGAACAGCTCAACT,3.942832256004658
13178,0.522311759057858,8__mutated,PertCortex_8_TTGGAACCAATTGCTG,2.475975679842686
13179,0.18032586888290783,8__mutated,PertCortex_8_TTGGAACCACAGTCGC,1.9144705441386227
13180,0.10780337858017351,8__mutated,PertCortex_8_TTGGAACTCACATGCA,4.11116644043971
13181,0.13625472259833746,8__mutated,PertCortex_8_TTGGAACTCATCGGAT,2.521978296534614
13182,0.6468714966236013,8__mutated,PertCortex_8_TTGGAACTCCAATGGT,1.6715659066037079
13183,0.40449396877442856,8__mutated,PertCortex_8_TTGGAACTCTTGAGAC,2.085628458436299
13184,0.0984518499679751,8__mutated,PertCortex_8_TTGGAACTCTTGTATC,3.466086538207166
13185,0.10558122610687443,8__mutated,PertCortex_8_TTGGCAAAGCCGCCTA,3.0178964208761543
13186,0.2843331866665166,8__mutated,PertCortex_8_TTGGCAAGTCTGCCAG,1.8378395740728584
13187,0.30194402986969,8__mutated,PertCortex_8_TTGGCAATCCTTTACA,2.1007241430450128
13188,0.16447588286896372,8__mutated,PertCortex_8_TTGTAGGAGAGGTAGA,2.2706578096988794
13189,0.37688078014169035,8__mutated,PertCortex_8_TTGTAGGAGATCCGAG,3.286705380056953
13190,0.18258020334515554,8__mutated,PertCortex_8_TTGTAGGAGGCCCTCA,2.9317256231053443
13191,0.05996982584743639,8__mutated,PertCortex_8_TTGTAGGAGTGGCACA,2.8456675407457825
13192,0.2776210398050163,8__mutated,PertCortex_8_TTGTAGGCAAACGCGA,2.1409532629935355
13193,0.002273270360519929,8__mutated,PertCortex_8_TTGTAGGTCGGATGTT,2.94565110471864
13194,0.16577449249998288,8__mutated,PertCortex_8_TTTACTGCAAGTTAAG,2.1963527291285754
13195,0.12343072765800478,8__mutated,PertCortex_8_TTTACTGCACTCAGGC,3.2130883251736098
13196,0.17760760302603815,8__mutated,PertCortex_8_TTTATGCAGAGGACGG,3.2420773510467096
13197,0.05785685912700708,8__mutated,PertCortex_8_TTTATGCAGGCAGTCA,4.493350903052468
13198,0.25008670879581063,8__mutated,PertCortex_8_TTTCCTCAGATCACGG,2.5906871301741283
13199,0.19033697809038155,8__mutated,PertCortex_8_TTTCCTCAGGCAAAGA,3.0907597385266095
13200,0.6279530634897016,8__mutated,PertCortex_8_TTTCCTCCAAGCGCTC,1.7302309705878498
13201,0.280702064560696,8__mutated,PertCortex_8_TTTCCTCCAGCCTGTG,2.3963771667388865
13202,0.09450112192208572,8__mutated,PertCortex_8_TTTCCTCGTCGAACAG,3.923780989880833
13203,0.01941677134067353,8__mutated,PertCortex_8_TTTGCGCAGAAACCGC,3.927304182175355
13204,0.18693515806266192,8__mutated,PertCortex_8_TTTGCGCCACGAAGCA,2.416462223092816
13205,0.06297724371620864,8__mutated,PertCortex_8_TTTGCGCCATTGCGGC,3.5602506684830333
13206,0.2672153808987566,8__mutated,PertCortex_8_TTTGCGCGTTAGATGA,2.1208611606072987
13207,0.5200788070238974,8__mutated,PertCortex_8_TTTGCGCGTTTGACAC,2.0589520902938943
13208,0.1383694894675095,8__mutated,PertCortex_8_TTTGGTTGTAAGAGGA,4.612761915872486
13209,0.11885815258490257,8__mutated,PertCortex_8_TTTGGTTGTAGCTCCG,4.140190886264533
13210,0.04948774145337222,8__mutated,PertCortex_8_TTTGGTTGTGTCAATC,3.0342932448031052
13211,0.19140028313502402,8__mutated,PertCortex_8_TTTGGTTTCCACGCAG,2.1834192275517084
13212,0.05183682428697955,8__mutated,PertCortex_8_TTTGGTTTCGCTTAGA,4.066740298231712
13213,0.3738146271070749,8__mutated,PertCortex_8_TTTGTCATCACCGTAA,2.8457417764676447
13214,0.1302155532907167,8__mutated,PertCortex_8_TTTGTCATCATGGTCA,3.733246604650581
13215,0.1556293065868306,9__mutated,PertCortex_9_AAACCTGCACAAGTAA,3.7094935923744687
13216,0.16795361946377235,9__mutated,PertCortex_9_AAACGGGAGACACGAC,2.641845858124136
13217,0.09730374058827017,9__mutated,PertCortex_9_AAACGGGAGAGCTTCT,3.8554067191070676
13218,0.49691281029574885,9__mutated,PertCortex_9_AAACGGGAGCTGAACG,2.0957125657012527
13219,0.23430137775024865,9__mutated,PertCortex_9_AAACGGGCATCACCCT,1.9186642494113288
13220,0.08202789286195326,9__mutated,PertCortex_9_AAACGGGCATTTCAGG,3.523489994958886
13221,0.22548959840582902,9__mutated,PertCortex_9_AAACGGGGTGATAAGT,3.227395069108322
13222,0.2202654398699388,9__mutated,PertCortex_9_AAACGGGGTTCGTCTC,2.858902152164186
13223,0.2919126022442475,9__mutated,PertCortex_9_AAACGGGTCCCAAGAT,2.0586632465381167
13224,0.1883061481870733,9__mutated,PertCortex_9_AAACGGGTCTAACTTC,2.4483264788028163
13225,0.16909193849058574,9__mutated,PertCortex_9_AAACGGGTCTTGTATC,2.866441710099877
13226,0.2218311116784262,9__mutated,PertCortex_9_AAAGATGGTAGCACGA,3.145993757127595
13227,0.10419638281718634,9__mutated,PertCortex_9_AAAGATGTCCGAATGT,4.099516683814937
13228,0.07445698618802045,9__mutated,PertCortex_9_AAAGCAAAGCGCTTAT,2.673249146441899
13229,0.15342444798736668,9__mutated,PertCortex_9_AAAGCAACAAGAGTCG,3.4687337151321107
13230,0.34270615925004,9__mutated,PertCortex_9_AAAGCAATCAGAGCTT,2.0561066881319214
13231,0.15143248338508888,9__mutated,PertCortex_9_AAAGTAGAGGCCATAG,3.5976818340215067
13232,0.17061542478085817,9__mutated,PertCortex_9_AAAGTAGCACTCTGTC,3.0780408088440447
13233,0.17575171342066528,9__mutated,PertCortex_9_AAAGTAGGTGACGCCT,3.202676749187821
13234,0.1382937435111093,9__mutated,PertCortex_9_AAATGCCAGGCCCGTT,2.7665807494648487
13235,0.590319510032122,9__mutated,PertCortex_9_AAATGCCCATACGCTA,1.8140926933165697
13236,0.23251357544870804,9__mutated,PertCortex_9_AAATGCCGTACAGACG,2.5002640701992527
13237,0.1484767333869891,9__mutated,PertCortex_9_AACACGTAGCGATCCC,3.782819372340228
13238,0.4927597285562796,9__mutated,PertCortex_9_AACACGTAGTCCCACG,1.642366967427165
13239,0.403732218357875,9__mutated,PertCortex_9_AACACGTGTGCTAGCC,1.8343195619089157
13240,0.07929134491679721,9__mutated,PertCortex_9_AACCATGAGATGCCAG,4.227502596559303
13241,0.13402534161533167,9__mutated,PertCortex_9_AACCATGTCAGTTCGA,2.624214993459967
13242,0.13478358073476907,9__mutated,PertCortex_9_AACCATGTCCGTACAA,2.9763259888370186
13243,0.16016840240729785,9__mutated,PertCortex_9_AACCATGTCTTCAACT,5.423511110112932
13244,0.4520488643372614,9__mutated,PertCortex_9_AACCGCGAGACACTAA,1.9661124376573498
13245,0.052872463941662895,9__mutated,PertCortex_9_AACCGCGAGCTCCCAG,4.178821092420801
13246,0.08178710757788239,9__mutated,PertCortex_9_AACCGCGCACAAGTAA,2.9968587471599295
13247,0.3266654994357854,9__mutated,PertCortex_9_AACCGCGGTTTGCATG,2.912627886618742
13248,0.49316145624537205,9__mutated,PertCortex_9_AACCGCGTCGCACTCT,1.698729955546301
13249,0.4545041926864409,9__mutated,PertCortex_9_AACGTTGGTCCAGTAT,1.8452547065575793
13250,0.09973048770970125,9__mutated,PertCortex_9_AACTCAGAGTAGATGT,3.683741507082866
13251,0.38083007275231207,9__mutated,PertCortex_9_AACTCAGCAGACAAGC,1.9697087375121949
13252,0.15460060309232584,9__mutated,PertCortex_9_AACTCAGGTCACAAGG,2.824183056081219
13253,0.17673651696927553,9__mutated,PertCortex_9_AACTCAGTCAGCGATT,2.2252209322320238
13254,0.2636763128880259,9__mutated,PertCortex_9_AACTCCCAGCTAGGCA,2.5300142321145107
13255,0.3161187298899024,9__mutated,PertCortex_9_AACTCCCCACTGCCAG,2.8803559983851255
13256,0.35042176724963203,9__mutated,PertCortex_9_AACTCCCTCCCTAACC,2.3342914166814572
13257,0.35592723038787294,9__mutated,PertCortex_9_AACTCCCTCTATCCCG,2.4484124137788563
13258,0.11559320076273953,9__mutated,PertCortex_9_AACTCTTCACTAAGTC,3.7715492480184056
13259,0.035799495499012936,9__mutated,PertCortex_9_AACTCTTGTCGCATCG,3.4962779507497657
13260,0.12138856205785889,9__mutated,PertCortex_9_AACTCTTTCGACAGCC,3.5047668408413784
13261,0.21757257041528943,9__mutated,PertCortex_9_AACTCTTTCTAGCACA,3.1083823190816493
13262,0.11788479955147178,9__mutated,PertCortex_9_AACTGGTAGAGCTGCA,3.706731512659696
13263,0.0784914938884381,9__mutated,PertCortex_9_AACTGGTAGTTCCACA,3.8713593961385095
13264,0.1327760348310122,9__mutated,PertCortex_9_AACTGGTTCAGAGACG,2.3715470614850065
13265,-0.008149517798804332,9__mutated,PertCortex_9_AACTTTCAGGTGGGTT,3.8274184041237813
13266,0.1706999916029089,9__mutated,PertCortex_9_AACTTTCAGTCGTTTG,2.361083436982715
13267,0.18102175186038405,9__mutated,PertCortex_9_AACTTTCCATCTATGG,3.3548217640063847
13268,0.43160835680760085,9__mutated,PertCortex_9_AACTTTCGTCAAGCGA,1.9878910678021535
13269,0.5761304205916296,9__mutated,PertCortex_9_AACTTTCTCCGCGGTA,1.9218978176010073
13270,0.1305033406593397,9__mutated,PertCortex_9_AACTTTCTCCTCAACC,2.740484574093038
13271,0.11122515239900761,9__mutated,PertCortex_9_AAGACCTAGACACGAC,2.7921781489425492
13272,0.09407253084716455,9__mutated,PertCortex_9_AAGACCTAGCGATTCT,3.2113840710393697
13273,0.15320015148907926,9__mutated,PertCortex_9_AAGACCTGTATATGGA,3.517234398243556
13274,0.07492835170954523,9__mutated,PertCortex_9_AAGACCTGTTCGCTAA,3.170482428878841
13275,0.14232092200232657,9__mutated,PertCortex_9_AAGACCTTCCAAAGTC,2.5458728401429767
13276,0.2802837663104722,9__mutated,PertCortex_9_AAGCCGCCACACAGAG,3.0648441608538035
13277,0.4394907579545303,9__mutated,PertCortex_9_AAGCCGCGTGAAAGAG,1.7995580816875685
13278,0.18880438888914872,9__mutated,PertCortex_9_AAGGAGCAGTGCAAGC,4.673615058295139
13279,0.16388009755902513,9__mutated,PertCortex_9_AAGGAGCGTGGGTATG,3.04478600322605
13280,0.10764844629530254,9__mutated,PertCortex_9_AAGGCAGGTTAGTGGG,3.1679827400014036
13281,0.176805826987289,9__mutated,PertCortex_9_AAGGCAGGTTCAGGCC,2.9673058840061572
13282,0.14269261249695148,9__mutated,PertCortex_9_AAGGCAGTCTGCAGTA,3.376175259244502
13283,0.4408262551301011,9__mutated,PertCortex_9_AAGGTTCAGGTAGCTG,1.7804415669603175
13284,0.07956964423958707,9__mutated,PertCortex_9_AAGGTTCCACATTAGC,3.7217788464025894
13285,0.36371685068971593,9__mutated,PertCortex_9_AAGGTTCTCACTATTC,2.3151363458191643
13286,0.09289511353870801,9__mutated,PertCortex_9_AAGGTTCTCAGCTTAG,3.6452454879523146
13287,0.05552341353136797,9__mutated,PertCortex_9_AAGTCTGCACGAAATA,2.4168601678566306
13288,0.24369318895083172,9__mutated,PertCortex_9_AAGTCTGGTGGCTCCA,3.4571260453167407
13289,0.15953264483098123,9__mutated,PertCortex_9_AAGTCTGTCAGTCAGT,4.328885217420701
13290,0.4339747864409374,9__mutated,PertCortex_9_AAGTCTGTCGATGAGG,2.722866425875974
13291,0.388299098286831,9__mutated,PertCortex_9_AATCCAGCACACATGT,2.6216091644546404
13292,0.11375906313758187,9__mutated,PertCortex_9_AATCCAGGTCTTTCAT,5.249105786069123
13293,0.2589335477038398,9__mutated,PertCortex_9_AATCCAGGTTTCCACC,2.2160032118598365
13294,0.10054121293997922,9__mutated,PertCortex_9_AATCCAGTCAGCTGGC,3.126009246406058
13295,0.18086822931160498,9__mutated,PertCortex_9_AATCCAGTCGTTTAGG,2.8181599372323864
13296,0.2168148916180319,9__mutated,PertCortex_9_AATCGGTAGCTAAACA,2.4894173252844105
13297,0.29494788758989204,9__mutated,PertCortex_9_AATCGGTCATGGAATA,4.11463765233712
13298,0.09484596775904597,9__mutated,PertCortex_9_AATCGGTGTTGGTTTG,4.964375335690275
13299,0.3079128356259108,9__mutated,PertCortex_9_AATCGGTTCTAACTCT,1.9051675347383146
13300,0.18049720203393835,9__mutated,PertCortex_9_ACACCAAGTACGCACC,5.338877955358884
13301,0.0861044184402262,9__mutated,PertCortex_9_ACACCAATCCACGCAG,3.8377420636817385
13302,0.17697675718044753,9__mutated,PertCortex_9_ACACCCTCATAAGACA,4.400671799113919
13303,0.6524517654960655,9__mutated,PertCortex_9_ACACCCTCATCATCCC,1.7951227084027686
13304,0.1571670483572333,9__mutated,PertCortex_9_ACACCCTGTCGATTGT,3.2999455803374538
13305,0.23013956418575676,9__mutated,PertCortex_9_ACACCCTGTGGCCCTA,2.2944006305469298
13306,0.172329731987911,9__mutated,PertCortex_9_ACACCCTTCGGCGCTA,3.7154647269952474
13307,0.07062997658309783,9__mutated,PertCortex_9_ACACCCTTCTTTCCTC,4.2256260149705485
13308,0.1035984722926567,9__mutated,PertCortex_9_ACACCGGTCAAAGTAG,2.325620650212876
13309,0.24327767109814075,9__mutated,PertCortex_9_ACACTGAGTAGCCTCG,1.8562930856850264
13310,0.14961538044907374,9__mutated,PertCortex_9_ACACTGATCTCGCTTG,4.504112295630002
13311,0.2468169150417513,9__mutated,PertCortex_9_ACAGCCGCAATGACCT,3.360189157872026
13312,0.605836721177369,9__mutated,PertCortex_9_ACAGCCGCACGGATAG,1.3044925392431288
13313,0.12242254370033642,9__mutated,PertCortex_9_ACAGCCGCAGGTCTCG,2.243855511090548
13314,0.07845967186165284,9__mutated,PertCortex_9_ACAGCCGTCAAGGTAA,4.84692431329409
13315,0.18884467177720435,9__mutated,PertCortex_9_ACAGCTAAGCTGTCTA,4.011649414386717
13316,0.5061716034294682,9__mutated,PertCortex_9_ACAGCTACATACTACG,1.960492249205543
13317,0.09200463500837668,9__mutated,PertCortex_9_ACAGCTACATTTCAGG,3.741898582482161
13318,0.5022108105139126,9__mutated,PertCortex_9_ACAGCTAGTCGCATAT,2.233160853649987
13319,0.12957374822638879,9__mutated,PertCortex_9_ACATACGAGTGTACGG,4.561699835322876
13320,0.11901066271014243,9__mutated,PertCortex_9_ACATACGCACCACCAG,2.931701035485715
13321,0.15975922416944038,9__mutated,PertCortex_9_ACATACGCACTTCGAA,3.9920139131918995
13322,0.28692340786240805,9__mutated,PertCortex_9_ACATACGGTAGAGCTG,2.0661429216894684
13323,0.11499008522096718,9__mutated,PertCortex_9_ACATCAGAGAGTAATC,4.471625100141153
13324,0.10698613129795019,9__mutated,PertCortex_9_ACATCAGAGTGAACAT,4.053220766536577
13325,0.151077344439029,9__mutated,PertCortex_9_ACATCAGGTAGGCATG,4.671844774346925
13326,0.22046161803738035,9__mutated,PertCortex_9_ACATGGTAGCCACGCT,3.3454981771190013
13327,0.07468750696039231,9__mutated,PertCortex_9_ACATGGTTCCCATTTA,3.630682048183652
13328,0.5498245591595244,9__mutated,PertCortex_9_ACATGGTTCCCGACTT,2.081182375651211
13329,0.5118105837667026,9__mutated,PertCortex_9_ACATGGTTCGCGATCG,1.93866628504518
13330,0.1920102286763695,9__mutated,PertCortex_9_ACCAGTAAGCCCGAAA,3.356632336577496
13331,0.4462628057896671,9__mutated,PertCortex_9_ACCAGTAAGCGTGTCC,2.0017563641452356
13332,0.26506495360561616,9__mutated,PertCortex_9_ACCAGTAGTAGATTAG,2.1614945966206647
13333,0.3129389254391461,9__mutated,PertCortex_9_ACCAGTAGTGGCTCCA,2.8963465065227183
13334,0.45895052943191794,9__mutated,PertCortex_9_ACCAGTATCGAGAGCA,2.1400658314109475
13335,0.3835151291833927,9__mutated,PertCortex_9_ACCCACTCAATCTGCA,1.9240332669385294
13336,0.3218313820733819,9__mutated,PertCortex_9_ACCCACTCACCAGGTC,2.540641578980967
13337,0.436946500923047,9__mutated,PertCortex_9_ACCCACTGTCACCTAA,2.207765764849427
13338,0.12650675384509485,9__mutated,PertCortex_9_ACCCACTGTTCGCTAA,3.4854799368685216
13339,0.5382883082893785,9__mutated,PertCortex_9_ACCCACTTCCGCGTTT,1.6637052825504326
13340,0.23738126619750607,9__mutated,PertCortex_9_ACCCACTTCGTATCAG,3.560550947728844
13341,0.24198229977370458,9__mutated,PertCortex_9_ACCGTAAAGGGATGGG,2.777077235039936
13342,0.6010314517604858,9__mutated,PertCortex_9_ACCGTAACACCTGGTG,2.0885866215500304
13343,0.20999493424584995,9__mutated,PertCortex_9_ACCGTAATCTGCGTAA,3.1015164743477017
13344,0.10918192166551516,9__mutated,PertCortex_9_ACCTTTAGTCATTAGC,4.961142290492132
13345,0.07832211554708159,9__mutated,PertCortex_9_ACGAGCCAGAAACCTA,4.073465062177306
13346,0.2689627155094214,9__mutated,PertCortex_9_ACGAGCCAGACTAGAT,3.0111508307701844
13347,0.08607479586476267,9__mutated,PertCortex_9_ACGAGCCAGGTGCAAC,2.5603396703107073
13348,0.6075444870060117,9__mutated,PertCortex_9_ACGAGCCAGTAGGCCA,1.5752841693511004
13349,0.25536814129060087,9__mutated,PertCortex_9_ACGAGCCAGTGTACCT,2.212183455864298
13350,0.5253385743695967,9__mutated,PertCortex_9_ACGAGCCCAACGCACC,1.9943584790230104
13351,0.14224852182864484,9__mutated,PertCortex_9_ACGAGCCCATGCCTTC,3.0396576408216203
13352,0.0623868595365538,9__mutated,PertCortex_9_ACGAGCCGTAGCTAAA,3.777169619740097
13353,0.5065352375380054,9__mutated,PertCortex_9_ACGAGCCGTATTAGCC,1.9246526920961322
13354,0.32397723376764614,9__mutated,PertCortex_9_ACGAGCCGTCATATGC,2.029187423491336
13355,0.18499097485752958,9__mutated,PertCortex_9_ACGAGGAAGATGTGTA,3.803000048739459
13356,0.11979874203575853,9__mutated,PertCortex_9_ACGAGGATCCCGGATG,3.834145951328961
13357,0.04773270433974863,9__mutated,PertCortex_9_ACGAGGATCTGACCTC,3.538978690994901
13358,0.5713177471781307,9__mutated,PertCortex_9_ACGATACGTATAGGGC,2.0933885827615324
13359,0.1725567843436885,9__mutated,PertCortex_9_ACGATACGTCTAGCCG,3.457783705001836
13360,0.07280531140349869,9__mutated,PertCortex_9_ACGATACTCTGCGTAA,2.378533889507573
13361,0.18799834377475927,9__mutated,PertCortex_9_ACGATGTAGCTCCTCT,2.590600024245542
13362,0.5505157443308015,9__mutated,PertCortex_9_ACGATGTAGTATGACA,2.414468788943679
13363,0.07796715653542853,9__mutated,PertCortex_9_ACGATGTGTTACGGAG,4.105450779693701
13364,0.23130156898832213,9__mutated,PertCortex_9_ACGATGTTCGAATGCT,2.821890865472285
13365,0.20934864709152054,9__mutated,PertCortex_9_ACGATGTTCGCGTTTC,3.2028036332197716
13366,0.6021488461322805,9__mutated,PertCortex_9_ACGCAGCAGCTGAACG,2.277119938096182
13367,0.24382051937896926,9__mutated,PertCortex_9_ACGCAGCCAGTCACTA,2.8310229921187418
13368,0.06426975337434317,9__mutated,PertCortex_9_ACGCCAGCATTTGCCC,3.6939576418956044
13369,0.09044925590062597,9__mutated,PertCortex_9_ACGCCAGTCCATGAAC,4.049976706425401
13370,0.16998662919594942,9__mutated,PertCortex_9_ACGCCAGTCCTAGAAC,3.500739776274859
13371,0.17259099881104517,9__mutated,PertCortex_9_ACGCCGAAGCCAGTAG,3.6038376321362473
13372,0.08293630812002734,9__mutated,PertCortex_9_ACGCCGACAATGCCAT,4.169714479953471
13373,0.09131153889957884,9__mutated,PertCortex_9_ACGCCGACACCAACCG,3.58125745001496
13374,0.061846105103633246,9__mutated,PertCortex_9_ACGCCGAGTGATAAGT,4.099923168734244
13375,0.1981229833950193,9__mutated,PertCortex_9_ACGCCGAGTGTAAGTA,2.912040104579592
13376,0.23168107810594932,9__mutated,PertCortex_9_ACGCCGAGTTACAGAA,2.742834994576055
13377,0.057948644611975304,9__mutated,PertCortex_9_ACGGAGAAGACTACAA,3.798471548845838
13378,0.28549453228063626,9__mutated,PertCortex_9_ACGGAGAAGCCTCGTG,1.6467187595617625
13379,0.1917268872582083,9__mutated,PertCortex_9_ACGGAGAAGGATGGAA,1.5938934309334098
13380,0.1424384139604604,9__mutated,PertCortex_9_ACGGAGACACAACGCC,2.8785347098947547
13381,0.20122709144567558,9__mutated,PertCortex_9_ACGGAGACACAGATTC,3.843598743164492
13382,0.058938895774212734,9__mutated,PertCortex_9_ACGGCCAAGTAGGCCA,3.3584304361407353
13383,0.16984599048806573,9__mutated,PertCortex_9_ACGGCCATCATGGTCA,3.7372182518404213
13384,0.03991027068963231,9__mutated,PertCortex_9_ACGGGCTAGTCCATAC,3.6393308751776043
13385,0.0655393108929191,9__mutated,PertCortex_9_ACGGGCTCAAGTCTGT,4.033674439414411
13386,0.48990720198547205,9__mutated,PertCortex_9_ACGGGCTGTCATATGC,2.518884608219108
13387,0.1579993482346525,9__mutated,PertCortex_9_ACGGGCTGTGACTCAT,4.15488215637143
13388,0.17233434287475102,9__mutated,PertCortex_9_ACGGGCTGTGAGGGTT,2.736360174645353
13389,0.031932756970994826,9__mutated,PertCortex_9_ACGGGCTTCAACACCA,3.1572649805945328
13390,0.13544344386704754,9__mutated,PertCortex_9_ACGGGTCAGGCTCTTA,3.5834931842498987
13391,0.10253346070622425,9__mutated,PertCortex_9_ACGGGTCGTAAGTGTA,3.9935725560407422
13392,0.05309056235642077,9__mutated,PertCortex_9_ACGTCAACACAGAGGT,4.409813523728034
13393,0.20039422888203684,9__mutated,PertCortex_9_ACTATCTAGTCCGTAT,3.082273740750825
13394,0.2168578676260152,9__mutated,PertCortex_9_ACTATCTGTACAGTTC,3.61341635894981
13395,0.10378362128360366,9__mutated,PertCortex_9_ACTATCTTCTGGAGCC,3.44920910569113
13396,0.28128666937320423,9__mutated,PertCortex_9_ACTGAACCAGGGTATG,2.162737209577486
13397,0.027672554996735974,9__mutated,PertCortex_9_ACTGAGTAGGCGCTCT,3.3968722425435627
13398,0.6813053018230462,9__mutated,PertCortex_9_ACTGAGTCAAGCGAGT,1.521542070423685
13399,0.10956258075500794,9__mutated,PertCortex_9_ACTGAGTCAATGGAAT,3.2819566325530687
13400,0.16347493771427582,9__mutated,PertCortex_9_ACTGAGTGTTATTCTC,3.0186516404887787
13401,0.29745495948620426,9__mutated,PertCortex_9_ACTGATGAGTCATGCT,2.210904936596039
13402,0.19215498251182173,9__mutated,PertCortex_9_ACTGATGAGTGTTAGA,3.5760098166582566
13403,0.11246651725302717,9__mutated,PertCortex_9_ACTGATGCACCCATTC,3.618100966647556
13404,0.0864598850403639,9__mutated,PertCortex_9_ACTGATGGTTCTGAAC,3.8247540218263283
13405,0.5408647185305898,9__mutated,PertCortex_9_ACTGCTCCAGACGCCT,2.286463185873826
13406,0.08618616935479152,9__mutated,PertCortex_9_ACTGCTCCATATGCTG,3.83725154410039
13407,0.07323850951676947,9__mutated,PertCortex_9_ACTGCTCGTCGTTGTA,3.5523949268932484
13408,0.1756482407932598,9__mutated,PertCortex_9_ACTGCTCTCTTTAGGG,3.7448004260984815
13409,0.13862460218249542,9__mutated,PertCortex_9_ACTGTCCAGCCGTCGT,3.9126863985974096
13410,0.7167195404492116,9__mutated,PertCortex_9_ACTGTCCCAGTATGCT,1.544508096044251
13411,0.5836492063540714,9__mutated,PertCortex_9_ACTGTCCGTGGCTCCA,2.1811889039730503
13412,0.20810409272242988,9__mutated,PertCortex_9_ACTGTCCTCGGGAGTA,3.352028931119695
13413,0.5363151219974541,9__mutated,PertCortex_9_ACTTACTCAAGCCCAC,2.274516199393288
13414,0.2158809954600252,9__mutated,PertCortex_9_ACTTACTCAGACTCGC,2.9150788533562255
13415,0.2644458601452587,9__mutated,PertCortex_9_ACTTACTCATTTGCCC,3.4174025093823714
13416,0.17383784319383178,9__mutated,PertCortex_9_ACTTACTGTCTCCCTA,4.538623188989123
13417,0.14608864103007593,9__mutated,PertCortex_9_ACTTACTGTTACGCGC,3.345992525414389
13418,0.1749201285481813,9__mutated,PertCortex_9_ACTTACTTCGGCTTGG,2.6101801007142904
13419,0.13718917759283805,9__mutated,PertCortex_9_ACTTGTTAGTACGCGA,3.9126421703506264
13420,0.12153283529121339,9__mutated,PertCortex_9_ACTTGTTCACGACGAA,3.848307210626716
13421,0.07238772955978602,9__mutated,PertCortex_9_ACTTGTTGTCATACTG,3.9516857821099887
13422,0.14662562267240783,9__mutated,PertCortex_9_ACTTGTTGTTATGCGT,4.285708139891795
13423,0.5167793434280502,9__mutated,PertCortex_9_ACTTTCACATGCATGT,2.452192694709777
13424,0.02615276099813491,9__mutated,PertCortex_9_ACTTTCATCATGGTCA,3.5744092963144207
13425,0.17804819653920576,9__mutated,PertCortex_9_ACTTTCATCGCTTGTC,2.6363006007330076
13426,0.08801676517600952,9__mutated,PertCortex_9_AGAATAGCAATCTACG,2.877298175556405
13427,0.1841544978673527,9__mutated,PertCortex_9_AGAATAGCACCTCGGA,3.4464574726678547
13428,0.2340168681522166,9__mutated,PertCortex_9_AGACGTTCAGCTCGCA,2.1660873382662684
13429,0.1723819289513925,9__mutated,PertCortex_9_AGAGCGACAGGATTGG,4.5258056605539485
13430,0.6574905492251693,9__mutated,PertCortex_9_AGAGCGACAGGGAGAG,1.8558751124623336
13431,0.09181564029641119,9__mutated,PertCortex_9_AGAGCTTCAATGGACG,3.305627405498654
13432,0.24669977062081816,9__mutated,PertCortex_9_AGAGCTTGTAGCACGA,3.2421094848469894
13433,0.1477561969106753,9__mutated,PertCortex_9_AGAGCTTGTCTAGCCG,2.9333847719235404
13434,0.15852904452593405,9__mutated,PertCortex_9_AGAGTGGGTCTCTTTA,2.428472150306027
13435,0.21270817921482055,9__mutated,PertCortex_9_AGATCTGAGCTAAGAT,3.3258359382016205
13436,0.17219035260913307,9__mutated,PertCortex_9_AGATCTGAGGCTATCT,2.9984692968217517
13437,0.04197719146628302,9__mutated,PertCortex_9_AGATCTGCATCAGTAC,3.696152742983122
13438,0.14204381158380264,9__mutated,PertCortex_9_AGATCTGGTACAGACG,3.343602189097685
13439,0.4947176453417801,9__mutated,PertCortex_9_AGATCTGTCAGGTAAA,1.7909634602972766
13440,0.17139219785064275,9__mutated,PertCortex_9_AGATTGCCAATGAAAC,3.1013671292452036
13441,0.11014503425299618,9__mutated,PertCortex_9_AGATTGCGTATTCTCT,3.5557408745214563
13442,0.0951872518942149,9__mutated,PertCortex_9_AGCAGCCAGCCACTAT,2.450189582592034
13443,0.21838184053361678,9__mutated,PertCortex_9_AGCAGCCAGTCAATAG,2.768191176191768
13444,0.5257196448033367,9__mutated,PertCortex_9_AGCAGCCGTGCTCTTC,2.2299860278384576
13445,0.68958012316378,9__mutated,PertCortex_9_AGCAGCCTCCGGCACA,1.5562970883843732
13446,0.12129458070089323,9__mutated,PertCortex_9_AGCAGCCTCTTGAGAC,2.4526416571973852
13447,0.22794694447844882,9__mutated,PertCortex_9_AGCATACCATTGAGCT,2.7159892361720233
13448,0.10618490167876939,9__mutated,PertCortex_9_AGCATACTCACGATGT,2.3872309179506175
13449,0.729399210815687,9__mutated,PertCortex_9_AGCATACTCTGAGGGA,1.2935009318488877
13450,0.12451417264867268,9__mutated,PertCortex_9_AGCCTAAAGACTACAA,3.5139288501645605
13451,0.13244777488664009,9__mutated,PertCortex_9_AGCCTAAAGTAGCGGT,3.37938636341316
13452,0.5056254699583704,9__mutated,PertCortex_9_AGCCTAAGTAACGCGA,2.3958627603336855
13453,0.24118113560034668,9__mutated,PertCortex_9_AGCCTAAGTTTAGCTG,2.7399029534403474
13454,0.2334108467401322,9__mutated,PertCortex_9_AGCCTAATCGAATGGG,2.7727854061311663
13455,0.14786709917108623,9__mutated,PertCortex_9_AGCGGTCAGACTTGAA,3.6158298928689048
13456,0.16256705831366075,9__mutated,PertCortex_9_AGCGTATTCAAACCGT,2.950791681182669
13457,0.12626444431911268,9__mutated,PertCortex_9_AGCGTCGAGAATTCCC,4.051904197283656
13458,0.1053573839092664,9__mutated,PertCortex_9_AGCGTCGAGCCCAATT,3.489510761727844
13459,0.03389387439949328,9__mutated,PertCortex_9_AGCGTCGTCTGTGCAA,3.726403862133271
13460,0.2319332594605157,9__mutated,PertCortex_9_AGCTCCTAGATTACCC,3.3761607533882545
13461,0.15353850940140362,9__mutated,PertCortex_9_AGCTCCTAGGATGGTC,3.2702616873021944
13462,0.4726870166755379,9__mutated,PertCortex_9_AGCTCTCGTAGCGATG,2.0636226883932793
13463,0.29434820682230023,9__mutated,PertCortex_9_AGCTCTCTCCGAAGAG,2.713504561112598
13464,0.4724283806146544,9__mutated,PertCortex_9_AGCTCTCTCGATAGAA,1.9312028467326634
13465,0.45204850223635556,9__mutated,PertCortex_9_AGCTCTCTCGTGGGAA,2.6103183646730446
13466,0.3443872067170859,9__mutated,PertCortex_9_AGCTCTCTCTTGTCAT,1.4997302322220059
13467,0.10725849849563107,9__mutated,PertCortex_9_AGCTTGAGTAGCGTCC,4.315535599400991
13468,0.3048030490454415,9__mutated,PertCortex_9_AGCTTGATCTAGAGTC,3.6607096054565633
13469,0.052153891557928274,9__mutated,PertCortex_9_AGGCCACAGCAGCCTC,3.5732208356183235
13470,0.2581349452595701,9__mutated,PertCortex_9_AGGCCACAGGACACCA,2.2610309095520584
13471,0.10623668130922183,9__mutated,PertCortex_9_AGGCCACGTATTACCG,2.739859760459547
13472,0.024714855157905464,9__mutated,PertCortex_9_AGGCCACGTCTTCAAG,4.277348733708312
13473,0.08959834374590199,9__mutated,PertCortex_9_AGGCCACGTGATGCCC,3.2218311634613865
13474,0.06656596112519542,9__mutated,PertCortex_9_AGGCCGTCACGCTTTC,3.605763402232007
13475,0.33740735546068973,9__mutated,PertCortex_9_AGGCCGTGTGAGTATA,1.8500831670730922
13476,0.24595336176828977,9__mutated,PertCortex_9_AGGGAGTAGTGGTAAT,2.4052330288843544
13477,0.1428262488776005,9__mutated,PertCortex_9_AGGGAGTGTTACCGAT,2.7972333100539983
13478,0.3955120765439533,9__mutated,PertCortex_9_AGGGAGTTCAGTTCGA,1.9728107509377386
13479,0.146737514316871,9__mutated,PertCortex_9_AGGGATGAGTAACCCT,2.272323227353096
13480,0.0340842574144813,9__mutated,PertCortex_9_AGGGATGTCTAACTCT,3.4556424773275163
13481,0.09688755307088195,9__mutated,PertCortex_9_AGGGTGAAGAAGATTC,3.5763564904277034
13482,0.1012645967632763,9__mutated,PertCortex_9_AGGGTGACAACAACCT,3.2063004638838555
13483,0.04588817792707261,9__mutated,PertCortex_9_AGGGTGAGTACATCCA,4.1263442301357
13484,0.5860373132487081,9__mutated,PertCortex_9_AGGGTGAGTGCAGTAG,1.8679326106206287
13485,0.5136403666717769,9__mutated,PertCortex_9_AGGGTGATCAACACGT,2.0939619927807027
13486,0.05856976816090096,9__mutated,PertCortex_9_AGGTCATGTCTCTTTA,3.805793871870444
13487,0.4604895922346514,9__mutated,PertCortex_9_AGGTCATTCCACTGGG,2.128620227554207
13488,0.09936511044348151,9__mutated,PertCortex_9_AGGTCATTCCCTCTTT,3.836787823715335
13489,0.08893791422781351,9__mutated,PertCortex_9_AGGTCCGAGACATAAC,3.58556152145345
13490,0.18087252384267724,9__mutated,PertCortex_9_AGGTCCGAGTCTTGCA,3.530670373250256
13491,0.06841652554185881,9__mutated,PertCortex_9_AGGTCCGCAAGTAGTA,4.590741450472406
13492,0.25139370773790065,9__mutated,PertCortex_9_AGGTCCGGTCAAAGAT,2.4797089905522944
13493,0.40642074865374334,9__mutated,PertCortex_9_AGGTCCGGTCACCTAA,1.7312551426501805
13494,0.1414065783503836,9__mutated,PertCortex_9_AGGTCCGGTCATCCCT,4.678204249099814
13495,0.15547643455217783,9__mutated,PertCortex_9_AGGTCCGGTCTAGAGG,3.3906911572112723
13496,0.27155906583951916,9__mutated,PertCortex_9_AGTAGTCAGGTACTCT,3.018132340607881
13497,0.14132270231119531,9__mutated,PertCortex_9_AGTAGTCCAGGGCATA,3.272465952309528
13498,0.14169805187837212,9__mutated,PertCortex_9_AGTAGTCCAGTCGTGC,2.78767460973833
13499,0.29073375411594266,9__mutated,PertCortex_9_AGTAGTCGTGATGATA,2.570300102314729
13500,0.13697923852625174,9__mutated,PertCortex_9_AGTAGTCGTGTCTGAT,2.90690383607584
13501,0.1565566924179874,9__mutated,PertCortex_9_AGTCTTTGTTGGTGGA,3.701019566646216
13502,0.04926306826167438,9__mutated,PertCortex_9_AGTGAGGAGAAACGCC,2.7479567615196197
13503,0.12711891515940948,9__mutated,PertCortex_9_AGTGAGGGTGGTCCGT,4.250283806751703
13504,0.149481497065434,9__mutated,PertCortex_9_AGTGGGAAGAAACGCC,4.329330023027815
13505,0.23549674790820896,9__mutated,PertCortex_9_AGTGGGAAGTTAACGA,3.3786944047961907
13506,0.132564457568224,9__mutated,PertCortex_9_AGTGTCAAGCCACCTG,3.1444735656589415
13507,0.10996388804428525,9__mutated,PertCortex_9_AGTGTCAAGTAAGTAC,4.35500144477218
13508,0.14240989824986786,9__mutated,PertCortex_9_AGTGTCAGTCATACTG,3.2230625020832764
13509,0.06924390245741836,9__mutated,PertCortex_9_AGTGTCATCTGTCCGT,3.848363360380259
13510,0.16921188500333828,9__mutated,PertCortex_9_AGTTGGTAGGAATTAC,3.4265682225016416
13511,0.10423318062244197,9__mutated,PertCortex_9_AGTTGGTAGTTGCAGG,3.4727920530655982
13512,0.09574327540620166,9__mutated,PertCortex_9_AGTTGGTTCAAGGCTT,4.223551577509598
13513,0.1695979014058332,9__mutated,PertCortex_9_AGTTGGTTCCGTTGCT,1.9334130504487579
13514,0.1102731943045812,9__mutated,PertCortex_9_ATAACGCAGACAAGCC,3.834829050867732
13515,0.12516324598015785,9__mutated,PertCortex_9_ATAACGCAGAGTTGGC,3.9762254943867568
13516,0.09160655225655921,9__mutated,PertCortex_9_ATAACGCCACACCGCA,4.203876963492359
13517,0.3918271543032225,9__mutated,PertCortex_9_ATAACGCTCACAAACC,1.904919822988336
13518,0.14254648528118855,9__mutated,PertCortex_9_ATAAGAGAGAGCCTAG,2.9721026194143176
13519,0.20054770796634408,9__mutated,PertCortex_9_ATAAGAGAGTCTTGCA,2.807753562865456
13520,0.11427775188678974,9__mutated,PertCortex_9_ATAAGAGCAAGCCTAT,4.077901063590266
13521,0.48267155384977006,9__mutated,PertCortex_9_ATAAGAGCACAGCGTC,2.1279629077016002
13522,0.2607296488912745,9__mutated,PertCortex_9_ATAAGAGTCAAACCGT,2.5550170226957443
13523,0.15159406250815746,9__mutated,PertCortex_9_ATAGACCAGTGTTGAA,2.8811606465592905
13524,0.2592506166448579,9__mutated,PertCortex_9_ATAGACCGTGCAGGTA,2.6241302110497022
13525,0.1635890784678472,9__mutated,PertCortex_9_ATAGACCGTTAGGGTG,5.27764122774439
13526,0.14635721423667677,9__mutated,PertCortex_9_ATAGACCGTTCATGGT,3.3738715421516137
13527,0.1313479479591488,9__mutated,PertCortex_9_ATCACGACACTGAAGG,3.509283114257281
13528,0.37478182803917404,9__mutated,PertCortex_9_ATCACGAGTCAACATC,2.152960655493209
13529,0.19615050271151915,9__mutated,PertCortex_9_ATCACGAGTTAAAGAC,2.0279430226493096
13530,0.17976402430773258,9__mutated,PertCortex_9_ATCACGATCAGTTAGC,3.404987664822189
13531,0.6221029291293761,9__mutated,PertCortex_9_ATCACGATCATCGCTC,1.4048495651018404
13532,0.20475531562838756,9__mutated,PertCortex_9_ATCATCTAGCTGGAAC,2.8094340097705772
13533,0.22707029504647494,9__mutated,PertCortex_9_ATCATCTCAATAAGCA,2.1088525433833216
13534,0.21837183004595753,9__mutated,PertCortex_9_ATCATCTCACGAAACG,3.361128221958882
13535,0.4375016901845775,9__mutated,PertCortex_9_ATCATCTGTGGTTTCA,2.265047207210962
13536,0.13708345178083806,9__mutated,PertCortex_9_ATCATCTTCAAGCCTA,4.543896283210975
13537,0.14184961533837875,9__mutated,PertCortex_9_ATCATGGAGAAGATTC,3.4729571264795096
13538,0.11235207713620214,9__mutated,PertCortex_9_ATCATGGAGGTTACCT,4.257091024134419
13539,0.11839423808094432,9__mutated,PertCortex_9_ATCATGGAGTACTTGC,2.6500178994604586
13540,0.10233343027695582,9__mutated,PertCortex_9_ATCATGGTCAGCTCTC,4.633160186527768
13541,0.08382940477204301,9__mutated,PertCortex_9_ATCATGGTCCCTAACC,3.963556813370159
13542,0.1859265063449816,9__mutated,PertCortex_9_ATCATGGTCTCGAGTA,3.2670466786701873
13543,0.19535806384711032,9__mutated,PertCortex_9_ATCATGGTCTTTACAC,3.8886181348722006
13544,0.502105879772493,9__mutated,PertCortex_9_ATCCACCCAACTGCTA,2.0721776112192685
13545,0.02631649854977213,9__mutated,PertCortex_9_ATCCACCGTAGGCTGA,4.008218066199688
13546,0.44053915344962946,9__mutated,PertCortex_9_ATCCACCGTCGTCTTC,1.809962379214493
13547,0.3636416018039883,9__mutated,PertCortex_9_ATCCGAACAGCATACT,2.327787496745795
13548,0.10553886196448808,9__mutated,PertCortex_9_ATCCGAAGTACCGTTA,4.3625304231791056
13549,0.2312236867206374,9__mutated,PertCortex_9_ATCCGAAGTTCCATGA,2.953042727289051
13550,0.3683703392068164,9__mutated,PertCortex_9_ATCCGAATCGTGGACC,2.0993008845245695
13551,0.06929281746932783,9__mutated,PertCortex_9_ATCCGAATCTACCAGA,3.156624852671637
13552,0.06421966367775235,9__mutated,PertCortex_9_ATCGAGTCAGGCAGTA,4.346605776093633
13553,0.18444328581267652,9__mutated,PertCortex_9_ATCGAGTTCGAATCCA,2.5222239005968485
13554,0.10871302492827198,9__mutated,PertCortex_9_ATCGAGTTCGAGAGCA,2.492131993755203
13555,0.22687074494446383,9__mutated,PertCortex_9_ATCTACTAGCCGGTAA,2.9400266613966832
13556,0.05799842691102982,9__mutated,PertCortex_9_ATCTACTCAGCTGTGC,3.956541453544919
13557,0.1200646224963021,9__mutated,PertCortex_9_ATCTACTCATGCATGT,2.8055535314178215
13558,0.05950550116808618,9__mutated,PertCortex_9_ATCTACTGTCCGCTGA,3.944382215923025
13559,0.13811416772882718,9__mutated,PertCortex_9_ATCTACTTCGGTCCGA,2.881532577135542
13560,0.07496489498329335,9__mutated,PertCortex_9_ATCTACTTCGTACGGC,4.090486997792197
13561,0.10192246926779608,9__mutated,PertCortex_9_ATCTGCCAGCTGGAAC,1.7438628519453367
13562,0.07907468548273965,9__mutated,PertCortex_9_ATCTGCCGTAGAGGAA,2.505118902384253
13563,0.13931880346193276,9__mutated,PertCortex_9_ATCTGCCTCCAATGGT,3.218835965882335
13564,0.15989559165595288,9__mutated,PertCortex_9_ATGAGGGCAAGCCGCT,3.608115568614091
13565,0.20475597419057376,9__mutated,PertCortex_9_ATGAGGGCATTGCGGC,4.234178236458675
13566,0.20477967385090187,9__mutated,PertCortex_9_ATGAGGGGTAAGGATT,2.7344308642649384
13567,0.188271434732789,9__mutated,PertCortex_9_ATGAGGGGTCTGCAAT,2.5397441512712677
13568,0.11322037647774447,9__mutated,PertCortex_9_ATGAGGGTCGGCGCTA,3.359480324946002
13569,0.1989733977698334,9__mutated,PertCortex_9_ATGCGATAGTAGCCGA,3.115815548914784
13570,0.16344344261176588,9__mutated,PertCortex_9_ATGCGATGTATATGAG,3.666186463561735
13571,0.09094772836978376,9__mutated,PertCortex_9_ATGCGATGTGTGGCTC,5.3809897093047985
13572,0.13058444304488237,9__mutated,PertCortex_9_ATGCGATTCGCAGGCT,3.8550812968764427
13573,0.17497664529563947,9__mutated,PertCortex_9_ATGCGATTCGTTGCCT,3.2655572066367813
13574,0.18200223636104956,9__mutated,PertCortex_9_ATGCGATTCTACCTGC,2.7679892638392274
13575,0.47656268520940387,9__mutated,PertCortex_9_ATGGGAGAGAGTACCG,2.285469001162345
13576,0.4725790860435405,9__mutated,PertCortex_9_ATGGGAGAGCACACAG,2.4468526612113757
13577,0.4281670380808514,9__mutated,PertCortex_9_ATGGGAGCAATCCAAC,1.7758565933063688
13578,0.13945498003345128,9__mutated,PertCortex_9_ATGTGTGAGCTGAACG,2.799164513051158
13579,0.28731725307415723,9__mutated,PertCortex_9_ATGTGTGGTGCACCAC,1.8083673498554318
13580,0.09662034328411612,9__mutated,PertCortex_9_ATGTGTGTCCTAGAAC,3.700869000418239
13581,0.16216223264464336,9__mutated,PertCortex_9_ATTACTCAGAGTACAT,2.7392630578193047
13582,0.09240943014463607,9__mutated,PertCortex_9_ATTACTCAGCTGAAAT,3.3872968262000853
13583,0.20221375305588077,9__mutated,PertCortex_9_ATTACTCAGGCTCTTA,2.883726126241781
13584,0.0636077042632354,9__mutated,PertCortex_9_ATTACTCCAGCTGGCT,4.066558741433215
13585,0.08241459310086453,9__mutated,PertCortex_9_ATTACTCCATCCTTGC,3.2731242269377843
13586,0.08445338083172435,9__mutated,PertCortex_9_ATTACTCGTGAACCTT,4.569940356631922
13587,0.4314090535169067,9__mutated,PertCortex_9_ATTACTCTCCTACAGA,3.4971750892009696
13588,0.07379917665197726,9__mutated,PertCortex_9_ATTATCCAGATCGATA,4.114237852399814
13589,0.18967428014835408,9__mutated,PertCortex_9_ATTATCCGTTCAGTAC,2.549496787708138
13590,0.07381920402445825,9__mutated,PertCortex_9_ATTCTACAGTGAAGTT,4.075779373606046
13591,0.22709465972191764,9__mutated,PertCortex_9_ATTCTACGTGTGTGCC,2.330230037432208
13592,0.20759066419510339,9__mutated,PertCortex_9_ATTCTACGTTAAAGAC,2.7456687544443574
13593,0.2069870904830193,9__mutated,PertCortex_9_ATTCTACTCCTTGCCA,2.816407464797615
13594,0.09514309617034276,9__mutated,PertCortex_9_ATTCTACTCGCACTCT,3.839941702621202
13595,0.22058878534826276,9__mutated,PertCortex_9_ATTGGACAGACAGAGA,2.4544291141692667
13596,0.4407327617762592,9__mutated,PertCortex_9_ATTGGACAGCTGTTCA,2.1401589041226843
13597,0.11608210231367516,9__mutated,PertCortex_9_ATTGGACCAGAAGCAC,3.0083000541674365
13598,0.2429788506414154,9__mutated,PertCortex_9_ATTGGACCAGTCTTCC,2.8410143289296355
13599,0.08550304874037161,9__mutated,PertCortex_9_ATTGGACGTCTCCCTA,3.2970512998426886
13600,0.14396306181020316,9__mutated,PertCortex_9_ATTGGACGTTGCCTCT,2.952738965070934
13601,0.23564119820947388,9__mutated,PertCortex_9_ATTGGTGAGTCGTACT,2.8499070831253968
13602,0.5037779391498597,9__mutated,PertCortex_9_ATTGGTGAGTTGAGAT,1.572348470021224
13603,0.08986837739992701,9__mutated,PertCortex_9_ATTGGTGCATTGTGCA,4.09554255844947
13604,0.1272015043441069,9__mutated,PertCortex_9_ATTGGTGGTTTGGCGC,4.762580936088852
13605,0.22118553236640812,9__mutated,PertCortex_9_ATTGGTGTCGAATGGG,3.5148600938566807
13606,0.5217481061887306,9__mutated,PertCortex_9_ATTTCTGTCACTTCAT,1.6403685203734906
13607,0.5640678313452685,9__mutated,PertCortex_9_CAACCAAAGTGAACAT,2.001615917250875
13608,0.3490757659813271,9__mutated,PertCortex_9_CAACCAAGTTGATTCG,2.9736305591813244
13609,0.11539922327105935,9__mutated,PertCortex_9_CAACCTCCAGCTCGCA,2.984287355581688
13610,0.211228261338032,9__mutated,PertCortex_9_CAACCTCCAGTGACAG,3.499502453411597
13611,0.07814595337756901,9__mutated,PertCortex_9_CAACCTCGTGCACCAC,4.192492691900487
13612,0.13505008705507754,9__mutated,PertCortex_9_CAACCTCTCGAATCCA,3.19456407139988
13613,0.08318932580926842,9__mutated,PertCortex_9_CAACTAGAGAATGTTG,3.8540498802597565
13614,0.17574154908775647,9__mutated,PertCortex_9_CAACTAGAGTCTTGCA,3.1879285048081947
13615,0.07760616147259713,9__mutated,PertCortex_9_CAACTAGCATGACGGA,4.472443088601663
13616,0.6216422205358183,9__mutated,PertCortex_9_CAACTAGGTAGCGTGA,2.213037890416375
13617,0.24810964774932348,9__mutated,PertCortex_9_CAACTAGGTATCAGTC,4.316057347897191
13618,0.22442367736385316,9__mutated,PertCortex_9_CAACTAGTCCAGTATG,3.143137963525832
13619,0.32600943418154543,9__mutated,PertCortex_9_CAACTAGTCCGGGTGT,1.764598781390609
13620,0.46770725038845223,9__mutated,PertCortex_9_CAAGAAAAGAGTAAGG,2.0799908447795725
13621,0.1301189459963927,9__mutated,PertCortex_9_CAAGAAAAGATGTGGC,3.3593062770050484
13622,0.33255683053819834,9__mutated,PertCortex_9_CAAGATCTCTACCTGC,2.2702759148117067
13623,0.21760180955272188,9__mutated,PertCortex_9_CAAGGCCAGCAGGTCA,3.312686195556285
13624,0.22144030217831073,9__mutated,PertCortex_9_CAAGGCCAGCGCTTAT,2.6850960172994527
13625,0.27611404107443693,9__mutated,PertCortex_9_CAAGGCCCACAAGCCC,3.2212364222823733
13626,0.15480829442155433,9__mutated,PertCortex_9_CAAGGCCCATCTACGA,2.900284851890714
13627,0.6346433512984332,9__mutated,PertCortex_9_CAAGGCCGTGAAGGCT,1.8812008144135135
13628,0.13072793698643392,9__mutated,PertCortex_9_CAAGGCCTCGGCTACG,3.1708757521493007
13629,0.14920190800089958,9__mutated,PertCortex_9_CAAGGCCTCGTCCGTT,4.656259655190721
13630,0.5683599701500727,9__mutated,PertCortex_9_CAAGTTGCAGCTCCGA,2.244985468609616
13631,0.47595749596090997,9__mutated,PertCortex_9_CAAGTTGGTTGTCGCG,2.1024005346257875
13632,0.21477702879107957,9__mutated,PertCortex_9_CAAGTTGTCACCCTCA,3.109244758553499
13633,0.15427972600351245,9__mutated,PertCortex_9_CAAGTTGTCCTCCTAG,4.1886441380472075
13634,0.20481594232756775,9__mutated,PertCortex_9_CAAGTTGTCTCCAGGG,3.1815734604311987
13635,0.12280345841558353,9__mutated,PertCortex_9_CACAAACAGCAGGTCA,3.7120562370843295
13636,0.09760710366766122,9__mutated,PertCortex_9_CACAAACAGTCAATAG,3.555634881955341
13637,0.08220915155533944,9__mutated,PertCortex_9_CACAAACGTATCACCA,3.983775722177942
13638,0.14949907772404342,9__mutated,PertCortex_9_CACAAACGTCTCACCT,4.834797421711127
13639,0.18204916110376498,9__mutated,PertCortex_9_CACAAACTCACCACCT,2.103767797186795
13640,0.26034017414964955,9__mutated,PertCortex_9_CACAAACTCAGTGCAT,3.7426181252029265
13641,0.2124815122411395,9__mutated,PertCortex_9_CACACAAAGCGGATCA,2.3748626553761416
13642,0.11190307027699711,9__mutated,PertCortex_9_CACACAAAGTTGCAGG,2.775380846425287
13643,0.03746847517686169,9__mutated,PertCortex_9_CACACAACAGGTCCAC,3.1030616785235705
13644,0.14853700982551493,9__mutated,PertCortex_9_CACACAAGTAGCTGCC,4.565640532683947
13645,0.378956224069236,9__mutated,PertCortex_9_CACACAAGTCACAAGG,2.573119715361874
13646,0.12402224820446085,9__mutated,PertCortex_9_CACACAAGTCTTGTCC,4.427921193577467
13647,0.1277025878896398,9__mutated,PertCortex_9_CACACAATCACCTTAT,4.245691250117093
13648,0.48097630317128875,9__mutated,PertCortex_9_CACACAATCGGAAACG,1.7233564276503444
13649,0.16370259078455374,9__mutated,PertCortex_9_CACACAATCTCTAGGA,2.873408171436435
13650,0.38927484190264694,9__mutated,PertCortex_9_CACACCTAGATCTGCT,1.8333916411090792
13651,0.2192255548971462,9__mutated,PertCortex_9_CACACTCAGGATGGTC,3.73313719429711
13652,0.061078067682059575,9__mutated,PertCortex_9_CACACTCAGGCTATCT,3.508450798665663
13653,0.16021442369934247,9__mutated,PertCortex_9_CACACTCAGTACTTGC,3.0841471897875103
13654,0.43708619623816586,9__mutated,PertCortex_9_CACACTCCATGAAGTA,2.1420029929500553
13655,0.48908860059648396,9__mutated,PertCortex_9_CACACTCCATTAGGCT,2.628278034023152
13656,0.12430214923206122,9__mutated,PertCortex_9_CACACTCGTAAGTGGC,3.532331499221075
13657,0.27976970365843196,9__mutated,PertCortex_9_CACACTCGTTCCATGA,2.645279725487676
13658,0.5027194522701575,9__mutated,PertCortex_9_CACACTCTCTAACGGT,2.7233256537404706
13659,0.19113366757284203,9__mutated,PertCortex_9_CACACTCTCTCACATT,4.726561145290441
13660,0.0022678141599981735,9__mutated,PertCortex_9_CACAGGCCATGAAGTA,4.614636931636268
13661,0.14657511981094345,9__mutated,PertCortex_9_CACAGGCTCCAGAAGG,1.9802522969267646
13662,0.3977205352514335,9__mutated,PertCortex_9_CACAGTAAGTGTGAAT,1.5544283814951254
13663,0.1310044992826569,9__mutated,PertCortex_9_CACAGTAAGTTCGATC,4.165693389260279
13664,0.06619722888287956,9__mutated,PertCortex_9_CACAGTACAGAGTGTG,3.2317456150486543
13665,0.28746838473778447,9__mutated,PertCortex_9_CACAGTAGTCACCCAG,2.888990966886202
13666,0.1907236269535256,9__mutated,PertCortex_9_CACAGTAGTCTTCTCG,2.9109712149388853
13667,0.18579043715951965,9__mutated,PertCortex_9_CACAGTAGTTCAGGCC,2.6352519743369367
13668,0.0713313603887703,9__mutated,PertCortex_9_CACAGTATCGGTTCGG,4.733896934770099
13669,0.2691836575373495,9__mutated,PertCortex_9_CACAGTATCTCAAACG,2.6285542263991255
13670,0.17490018575406072,9__mutated,PertCortex_9_CACATAGAGGCGTACA,3.310327142010017
13671,0.1821529961639599,9__mutated,PertCortex_9_CACATAGCAAGCGAGT,3.1957872600023394
13672,0.10924997428282855,9__mutated,PertCortex_9_CACATAGGTGTAACGG,3.134606147273112
13673,0.0521791092852746,9__mutated,PertCortex_9_CACATAGTCCGAGCCA,4.08847994907533
13674,0.09025911949344766,9__mutated,PertCortex_9_CACATAGTCTGAAAGA,3.6097648098113133
13675,0.05443095322359954,9__mutated,PertCortex_9_CACATTTAGCCCGAAA,3.5116712064577014
13676,0.19352104764978878,9__mutated,PertCortex_9_CACATTTAGGAACTGC,2.9200841822153407
13677,0.16401401380654565,9__mutated,PertCortex_9_CACATTTAGTCAAGGC,2.9482122327171076
13678,0.0746625439993752,9__mutated,PertCortex_9_CACATTTGTTTCGCTC,3.3371249203090216
13679,0.17119921382111297,9__mutated,PertCortex_9_CACATTTTCCGAGCCA,2.008423004146275
13680,0.13869413408657305,9__mutated,PertCortex_9_CACATTTTCTGCGTAA,5.490658388860471
13681,0.1527106408192619,9__mutated,PertCortex_9_CACATTTTCTTGTATC,3.167616447045195
13682,0.26145821041481687,9__mutated,PertCortex_9_CACCACTAGGTACTCT,2.682702833607451
13683,0.23961127887625502,9__mutated,PertCortex_9_CACCACTCACCAACCG,2.2621830930427858
13684,0.20872858500040803,9__mutated,PertCortex_9_CACCACTGTACGCACC,1.1794702635810732
13685,0.06487149870702914,9__mutated,PertCortex_9_CACCACTGTCTGGTCG,2.8782357474675293
13686,0.49147302079658167,9__mutated,PertCortex_9_CACCACTTCGTCTGCT,2.7065360433438364
13687,0.1844831656695036,9__mutated,PertCortex_9_CACCACTTCGTGACAT,2.5176465512935047
13688,0.2571278369227632,9__mutated,PertCortex_9_CACCAGGAGACAGAGA,3.4282717000227962
13689,0.009018523236815838,9__mutated,PertCortex_9_CACCAGGAGTGCTGCC,3.5377680295113745
13690,0.1492365209495601,9__mutated,PertCortex_9_CACCAGGGTACAGTTC,2.137931886023277
13691,0.18491978337365275,9__mutated,PertCortex_9_CACCAGGGTATAGTAG,2.824570241736711
13692,0.0693485370528224,9__mutated,PertCortex_9_CACCAGGGTCTCTTAT,4.030902131270702
13693,0.21677928602805047,9__mutated,PertCortex_9_CACCAGGGTGTCCTCT,2.219406057028872
13694,0.0993162252256956,9__mutated,PertCortex_9_CACCTTGAGTTAAGTG,5.164311600391536
13695,0.15241005841013344,9__mutated,PertCortex_9_CACCTTGCAGACAGGT,4.708764203711325
13696,0.15114483967472359,9__mutated,PertCortex_9_CACCTTGTCGATAGAA,4.404016013373267
13697,0.2900483457149523,9__mutated,PertCortex_9_CACTCCAAGTTTAGGA,2.3319107973893733
13698,0.08616479686953087,9__mutated,PertCortex_9_CACTCCACAGGGCATA,3.875482739077913
13699,0.04860132031238801,9__mutated,PertCortex_9_CACTCCATCAACTCTT,3.76327787878438
13700,0.36565249433870806,9__mutated,PertCortex_9_CAGAATCCAATACGCT,2.1420451429165226
13701,0.0978291822573892,9__mutated,PertCortex_9_CAGAATCCACCCTATC,3.934328085455733
13702,0.3024981237337591,9__mutated,PertCortex_9_CAGAATCGTCACTTCC,4.659151099399484
13703,0.29327450448737646,9__mutated,PertCortex_9_CAGAATCGTTTGTTGG,2.0908416081385837
13704,0.1396488040847114,9__mutated,PertCortex_9_CAGAATCTCTTAGCCC,4.37181363394668
13705,0.4448192909001206,9__mutated,PertCortex_9_CAGAGAGAGATCACGG,2.014768681999247
13706,0.145963990658111,9__mutated,PertCortex_9_CAGAGAGCAAGGTTTC,2.9667351027828226
13707,0.15340274396017262,9__mutated,PertCortex_9_CAGAGAGCAGCTCGAC,3.4006981167424666
13708,0.38418331214161705,9__mutated,PertCortex_9_CAGAGAGGTAGCTAAA,2.047409542306475
13709,0.06503556770051619,9__mutated,PertCortex_9_CAGAGAGGTCGCGAAA,3.869131765000078
13710,0.08728467917265931,9__mutated,PertCortex_9_CAGATCAAGCACGCCT,3.2396090530871016
13711,0.1798158260642212,9__mutated,PertCortex_9_CAGATCACACCAGTTA,4.087299205581383
13712,0.4104000946380721,9__mutated,PertCortex_9_CAGATCAGTCATATGC,2.9499911915817774
13713,0.2140474107016334,9__mutated,PertCortex_9_CAGATCATCGAATGCT,3.3386195227498003
13714,0.0743286335626626,9__mutated,PertCortex_9_CAGATCATCTCCGGTT,2.5075001497033327
13715,0.10596780886524597,9__mutated,PertCortex_9_CAGCAGCAGCCAGGAT,4.15102858436267
13716,0.03580771765223693,9__mutated,PertCortex_9_CAGCAGCAGCCCAATT,3.6477505748130836
13717,0.16317860994194844,9__mutated,PertCortex_9_CAGCAGCAGTGAAGAG,2.794734996221522
13718,0.046057460450050186,9__mutated,PertCortex_9_CAGCAGCGTATAGTAG,3.8848490752392406
13719,0.1312704847172424,9__mutated,PertCortex_9_CAGCAGCGTCCTCTTG,3.385071869894694
13720,0.20345588474346069,9__mutated,PertCortex_9_CAGCAGCGTGGTGTAG,3.035963948254456
13721,0.22553691775089169,9__mutated,PertCortex_9_CAGCAGCGTGTAACGG,2.459415340180246
13722,0.10965694655599405,9__mutated,PertCortex_9_CAGCAGCGTTGATTGC,3.8570003624954237
13723,0.2573500500966031,9__mutated,PertCortex_9_CAGCAGCGTTTAGGAA,1.7560925717305276
13724,0.09265076628483485,9__mutated,PertCortex_9_CAGCAGCTCGATAGAA,4.101384013546895
13725,0.1879783323088785,9__mutated,PertCortex_9_CAGCCGAAGAGGGATA,3.6612013645047745
13726,0.13631042824459103,9__mutated,PertCortex_9_CAGCCGAAGATATACG,4.778358302133938
13727,0.1138701407372639,9__mutated,PertCortex_9_CAGCCGACAATCTACG,4.005922921699362
13728,0.061200351542452174,9__mutated,PertCortex_9_CAGCCGACACGGTAGA,3.4393929503002254
13729,0.19674105088667457,9__mutated,PertCortex_9_CAGCCGAGTATAGGTA,2.6260615734692707
13730,0.2606116152603835,9__mutated,PertCortex_9_CAGCCGAGTGCTGTAT,2.1144620473090128
13731,0.19987212736761586,9__mutated,PertCortex_9_CAGCCGATCTCAAGTG,3.322409456258394
13732,0.17551462670522286,9__mutated,PertCortex_9_CAGCGACAGACAAAGG,3.0575858487691105
13733,0.5921936634104068,9__mutated,PertCortex_9_CAGCGACGTTCAGCGC,1.2330527613772833
13734,0.09785817053177485,9__mutated,PertCortex_9_CAGCTAACACCGTTGG,3.7861938288100356
13735,0.018052994418176305,9__mutated,PertCortex_9_CAGCTAACACGTCTCT,4.554400833724937
13736,0.26054681531276613,9__mutated,PertCortex_9_CAGCTAACATCACAAC,1.7326722432060848
13737,0.25767675644321253,9__mutated,PertCortex_9_CAGCTAACATTACGAC,2.9714381427268064
13738,0.13691276319278312,9__mutated,PertCortex_9_CAGCTAAGTACCCAAT,5.069271805172611
13739,0.18360301059097547,9__mutated,PertCortex_9_CAGCTAATCTGCTGCT,3.672626736701142
13740,0.2790198863607779,9__mutated,PertCortex_9_CAGCTGGAGGGTCTCC,2.2649118989746357
13741,0.10521218578211673,9__mutated,PertCortex_9_CAGCTGGAGTCATCCA,3.4246533743766014
13742,0.10687307701677763,9__mutated,PertCortex_9_CAGCTGGCATCTCCCA,4.701141231414711
13743,0.21046524645852419,9__mutated,PertCortex_9_CAGCTGGGTGACTACT,2.8154308802073142
13744,0.6273453977562351,9__mutated,PertCortex_9_CAGCTGGGTTCGGGCT,1.4375662036089083
13745,0.17062632387096302,9__mutated,PertCortex_9_CAGCTGGTCATCATTC,3.507067869571677
13746,0.06133293176678591,9__mutated,PertCortex_9_CAGGTGCAGGGAAACA,4.352075966156039
13747,0.17478501449845615,9__mutated,PertCortex_9_CAGGTGCCATGTTCCC,3.210807576794344
13748,0.5397821590706643,9__mutated,PertCortex_9_CAGGTGCGTCAAAGCG,2.4967655337254433
13749,0.15532371526080527,9__mutated,PertCortex_9_CAGGTGCTCGCCCTTA,2.952587252317531
13750,0.06874718175626325,9__mutated,PertCortex_9_CAGTAACAGTCGATAA,4.012232428047291
13751,0.5747294207573049,9__mutated,PertCortex_9_CAGTAACTCAACACAC,2.0291100228873398
13752,0.5295740862309317,9__mutated,PertCortex_9_CAGTCCTTCACCTCGT,2.110899610633081
13753,0.12430185006523281,9__mutated,PertCortex_9_CAGTCCTTCAGTTGAC,4.304403317071156
13754,0.5917934645927788,9__mutated,PertCortex_9_CATATGGAGAAGGACA,2.3978190377984463
13755,0.15195833312046883,9__mutated,PertCortex_9_CATATGGAGCTAAGAT,4.81039421265808
13756,0.16212462464074406,9__mutated,PertCortex_9_CATATGGAGTGGGATC,3.954301671125506
13757,0.04217359512845757,9__mutated,PertCortex_9_CATATGGTCTGGTTCC,3.8699775016350344
13758,0.44048568353051915,9__mutated,PertCortex_9_CATATTCAGTCTTGCA,2.042567522186004
13759,0.207372152282154,9__mutated,PertCortex_9_CATATTCGTTCACCTC,2.7685933958723927
13760,0.12434033609548871,9__mutated,PertCortex_9_CATCAAGAGATCCTGT,4.0665335376637115
13761,0.4939890744950413,9__mutated,PertCortex_9_CATCAAGAGCGGCTTC,1.184741126915561
13762,0.14706739332841093,9__mutated,PertCortex_9_CATCAAGGTAAACCTC,3.1179782482561236
13763,0.2362759436896882,9__mutated,PertCortex_9_CATCAAGTCTACGAGT,3.2506484813459946
13764,0.07330204240642663,9__mutated,PertCortex_9_CATCCACAGATATACG,4.4139136769395515
13765,0.20097184479966843,9__mutated,PertCortex_9_CATCCACAGGACAGCT,3.2163285215661337
13766,0.4714315139469554,9__mutated,PertCortex_9_CATCCACCACTACAGT,1.5792934694191187
13767,0.12173157611187681,9__mutated,PertCortex_9_CATCGAAGTAACGCGA,3.2662395609023713
13768,0.33992650076021214,9__mutated,PertCortex_9_CATCGAAGTATGCTTG,1.936652506277771
13769,0.14065400153323915,9__mutated,PertCortex_9_CATCGAAGTCCGAACC,3.0729435612396556
13770,0.185351266527502,9__mutated,PertCortex_9_CATCGAAGTGGCTCCA,2.974288810341849
13771,0.10018784216556524,9__mutated,PertCortex_9_CATCGAAGTTGTACAC,3.4020209314950005
13772,0.12810458912590247,9__mutated,PertCortex_9_CATCGAATCGGAATCT,3.698741252058095
13773,0.2629578052013867,9__mutated,PertCortex_9_CATCGAATCTGCTTGC,1.6443502483317738
13774,0.06724297509729765,9__mutated,PertCortex_9_CATCGGGAGACATAAC,2.8719916657215068
13775,0.19384331783522965,9__mutated,PertCortex_9_CATCGGGCACCTCGGA,2.356900967092786
13776,0.1136200242318393,9__mutated,PertCortex_9_CATCGGGCATCGATTG,4.2021190396857895
13777,0.0899150467964078,9__mutated,PertCortex_9_CATCGGGGTATGAAAC,3.3493341755317134
13778,0.0645636595207351,9__mutated,PertCortex_9_CATCGGGGTCTAAAGA,4.108138965510661
13779,0.17560524828800253,9__mutated,PertCortex_9_CATCGGGGTGAGCGAT,2.9485783603040554
13780,0.40132708501360087,9__mutated,PertCortex_9_CATCGGGGTTCCATGA,1.8648857524294324
13781,0.47384165281515955,9__mutated,PertCortex_9_CATCGGGGTTCCTCCA,2.229163004175925
13782,0.07759091039375432,9__mutated,PertCortex_9_CATGACAAGCTAGGCA,3.7341131045603753
13783,0.19477728078437567,9__mutated,PertCortex_9_CATGACAGTATGAATG,2.8544005399656496
13784,0.5106389075921295,9__mutated,PertCortex_9_CATGCCTCAGGATTGG,1.4909697968190394
13785,0.09795638150043708,9__mutated,PertCortex_9_CATGCCTGTGGTAACG,3.9945523414554662
13786,0.5544180634490394,9__mutated,PertCortex_9_CATGCCTTCGATAGAA,2.1496933936877665
13787,0.15342946216116946,9__mutated,PertCortex_9_CATGCCTTCGCGTAGC,2.9743703147558405
13788,0.5221418659632902,9__mutated,PertCortex_9_CATGGCGAGAATCTCC,1.6723938172171566
13789,0.14766507189302955,9__mutated,PertCortex_9_CATGGCGGTCATATGC,3.057407621727057
13790,0.1443408028322255,9__mutated,PertCortex_9_CATGGCGGTTGGGACA,2.6154325679524724
13791,0.14141746540432928,9__mutated,PertCortex_9_CATTATCAGCTCCTCT,3.922821793929734
13792,0.2761586263520594,9__mutated,PertCortex_9_CATTATCCAACCGCCA,3.131890413818512
13793,0.14473611042541779,9__mutated,PertCortex_9_CATTATCTCCTTAATC,4.181804357223889
13794,0.08433427196405317,9__mutated,PertCortex_9_CATTCGCCATTTGCCC,4.116870671816293
13795,0.29689952740552594,9__mutated,PertCortex_9_CATTCGCGTATCACCA,2.842007643044656
13796,0.20423950465729074,9__mutated,PertCortex_9_CATTCGCGTGACAAAT,2.452041818404317
13797,0.37873827953782085,9__mutated,PertCortex_9_CATTCGCTCTACTTAC,1.605601627729749
13798,0.41663060708326277,9__mutated,PertCortex_9_CCAATCCAGCGTTGCC,1.8337938384917725
13799,0.06966501071009903,9__mutated,PertCortex_9_CCAATCCAGTGTGGCA,3.6779200358920536
13800,0.3156698632796382,9__mutated,PertCortex_9_CCAATCCCATCGATTG,3.1342938420169584
13801,0.1442372783137183,9__mutated,PertCortex_9_CCAATCCGTCATATCG,2.9202752920091832
13802,0.14190786488263207,9__mutated,PertCortex_9_CCAATCCTCAGCTTAG,2.9917287500786913
13803,0.09777052624013835,9__mutated,PertCortex_9_CCAATCCTCCTACAGA,3.9567863958324794
13804,0.6000441803391716,9__mutated,PertCortex_9_CCAATCCTCGGAAACG,1.9522717036554982
13805,0.16460727430831623,9__mutated,PertCortex_9_CCACCTACACAAGACG,4.274219216664816
13806,0.1725988183670777,9__mutated,PertCortex_9_CCACCTAGTAGCACGA,3.32342503232424
13807,0.5081838428411208,9__mutated,PertCortex_9_CCACCTAGTAGCGTCC,1.8359656568361837
13808,0.13170431079360592,9__mutated,PertCortex_9_CCACCTAGTTTGGGCC,3.398384028473578
13809,0.26088718405307165,9__mutated,PertCortex_9_CCACCTATCAGTTAGC,2.92374617651914
13810,0.2209190007319783,9__mutated,PertCortex_9_CCACGGACAATCGAAA,2.93934796166923
13811,0.10392275876057204,9__mutated,PertCortex_9_CCACGGACAGACGCCT,2.9461935018654493
13812,0.017071587566533094,9__mutated,PertCortex_9_CCACGGAGTCGTCTTC,2.072445695852277
13813,0.06636540076477823,9__mutated,PertCortex_9_CCACGGAGTTGTGGAG,4.499375449664405
13814,0.05535674777818898,9__mutated,PertCortex_9_CCACGGATCTGTCTAT,4.248496000720092
13815,0.42485504223728837,9__mutated,PertCortex_9_CCACTACCATTGTGCA,1.2842834299546158
13816,0.2247501777578088,9__mutated,PertCortex_9_CCACTACTCTGCTGTC,2.6460454891635257
13817,0.19927406732625777,9__mutated,PertCortex_9_CCAGCGAAGTGCTGCC,3.2241151954551244
13818,0.21671069983184188,9__mutated,PertCortex_9_CCAGCGAAGTGGAGTC,4.25907948873267
13819,0.15432684835653812,9__mutated,PertCortex_9_CCAGCGACATGCCTAA,3.300039220643491
13820,0.27421095486365427,9__mutated,PertCortex_9_CCAGCGAGTCTTTCAT,2.7132674754309583
13821,0.08458598568780014,9__mutated,PertCortex_9_CCAGCGAGTGATGTCT,3.8787663906314975
13822,0.09644336130892592,9__mutated,PertCortex_9_CCAGCGATCTCCAGGG,3.395111583833427
13823,0.06928141263219185,9__mutated,PertCortex_9_CCATGTCGTTCGTCTC,4.011704642811698
13824,0.112992262719486,9__mutated,PertCortex_9_CCATGTCTCGGTTAAC,3.809208468227712
13825,0.07902633099219754,9__mutated,PertCortex_9_CCATTCGCAAGCGCTC,3.8111029642133545
13826,0.1531942791557412,9__mutated,PertCortex_9_CCATTCGGTAGCGTAG,3.158802725102999
13827,0.5787991798955906,9__mutated,PertCortex_9_CCATTCGGTTCATGGT,1.6325347604330034
13828,0.11345587428496935,9__mutated,PertCortex_9_CCATTCGTCACTCTTA,3.4936082240808157
13829,0.1672192763903354,9__mutated,PertCortex_9_CCATTCGTCACTTACT,3.1110915309258593
13830,0.16171149350088104,9__mutated,PertCortex_9_CCATTCGTCCTAGTGA,3.8550829540367184
13831,0.49311601857939563,9__mutated,PertCortex_9_CCATTCGTCCTTTACA,1.6355152158459234
13832,0.17211331897408816,9__mutated,PertCortex_9_CCCAATCGTACCGGCT,3.833367769338773
13833,0.27991829132315105,9__mutated,PertCortex_9_CCCAATCGTTCAGGCC,1.3869949496162008
13834,0.534393946666031,9__mutated,PertCortex_9_CCCAATCTCAAACCAC,1.913576299384181
13835,0.2237115044392188,9__mutated,PertCortex_9_CCCAATCTCACAGTAC,2.9555300588064557
13836,0.45350733928215753,9__mutated,PertCortex_9_CCCAGTTTCACCAGGC,2.1874224424908317
13837,0.12063162536927671,9__mutated,PertCortex_9_CCCATACCATGCCTAA,4.876717630987898
13838,0.09933559962362684,9__mutated,PertCortex_9_CCCATACTCCATGAGT,3.9069045453016864
13839,0.04740139400890598,9__mutated,PertCortex_9_CCCATACTCTCTTGAT,2.6795597095454937
13840,0.12730245068060891,9__mutated,PertCortex_9_CCCTCCTCACCAACCG,4.077823819283687
13841,0.45759804715981944,9__mutated,PertCortex_9_CCCTCCTTCTCCAGGG,2.7714594128340666
13842,0.13141304621576036,9__mutated,PertCortex_9_CCGGGATAGGCCATAG,4.001499276909207
13843,0.1037503123277677,9__mutated,PertCortex_9_CCGGGATAGTTAACGA,3.4417966127922264
13844,0.20525118740424775,9__mutated,PertCortex_9_CCGGGATCAACTGGCC,3.0459028440320117
13845,0.3966270922892346,9__mutated,PertCortex_9_CCGGTAGAGTTTGCGT,1.7311511066695058
13846,0.057090478264671625,9__mutated,PertCortex_9_CCGGTAGCAAAGTGCG,3.5326482756750557
13847,0.24721291539600312,9__mutated,PertCortex_9_CCGGTAGCAGTGGGAT,2.6308715824524374
13848,0.07135798073945857,9__mutated,PertCortex_9_CCGGTAGGTCAGCTAT,3.613821803180731
13849,0.14392708681377794,9__mutated,PertCortex_9_CCGTACTAGACGCACA,4.433427816500358
13850,0.29695863636503184,9__mutated,PertCortex_9_CCGTACTCACTGAAGG,2.1790259760553563
13851,0.08659540645157904,9__mutated,PertCortex_9_CCGTGGAAGAGGGCTT,3.512601006799474
13852,0.0941977311958597,9__mutated,PertCortex_9_CCGTGGAAGTTGTAGA,3.6417513626429527
13853,0.11908318808974817,9__mutated,PertCortex_9_CCGTGGACATTGTGCA,3.95385759213957
13854,0.13642537708786176,9__mutated,PertCortex_9_CCGTGGATCAGTCCCT,3.7337445966539193
13855,0.1862694194846617,9__mutated,PertCortex_9_CCGTGGATCATGTCTT,4.594638297243927
13856,0.16335190059669225,9__mutated,PertCortex_9_CCGTTCAAGAATTCCC,3.2947935012891634
13857,0.06450261745138895,9__mutated,PertCortex_9_CCGTTCAGTCGAATCT,5.000051979353923
13858,0.1677686022759987,9__mutated,PertCortex_9_CCGTTCATCCCTTGCA,2.6879566378148128
13859,0.25456361454551213,9__mutated,PertCortex_9_CCGTTCATCTTGACGA,2.4113463916451883
13860,0.13068566277247634,9__mutated,PertCortex_9_CCTAAAGAGTGAACGC,4.652440265442579
13861,0.04547904035751611,9__mutated,PertCortex_9_CCTAAAGGTATGAAAC,3.8447038250604164
13862,0.10080246576912912,9__mutated,PertCortex_9_CCTAAAGGTCAGAGGT,3.394844608732741
13863,0.3043617108008345,9__mutated,PertCortex_9_CCTACACCAGGACGTA,3.065847354790078
13864,0.11227779056533181,9__mutated,PertCortex_9_CCTACACCATGGTCTA,4.029529279875394
13865,0.46171085978751386,9__mutated,PertCortex_9_CCTACACCATGTCCTC,2.76371080376108
13866,0.11537620268942295,9__mutated,PertCortex_9_CCTACCAAGCCACGCT,3.318780120445315
13867,0.14282432234504236,9__mutated,PertCortex_9_CCTACCAAGCGTAATA,4.219470541537345
13868,0.21306206719736334,9__mutated,PertCortex_9_CCTACCAAGGAATCGC,3.3337182130874297
13869,0.20356225717996296,9__mutated,PertCortex_9_CCTACCAGTTCTGTTT,3.4478494235612014
13870,0.2990075931565055,9__mutated,PertCortex_9_CCTAGCTCATGGTTGT,2.0201326354331184
13871,0.1882928798456874,9__mutated,PertCortex_9_CCTAGCTGTACGCTGC,2.9313160720427907
13872,0.31465941380575746,9__mutated,PertCortex_9_CCTAGCTTCTGGTATG,2.236558452336218
13873,0.2292992162177846,9__mutated,PertCortex_9_CCTATTAAGCTAGTTC,4.2825019842834156
13874,0.24774988361274075,9__mutated,PertCortex_9_CCTATTAAGGCGTACA,2.9789560148423733
13875,0.12251345367027436,9__mutated,PertCortex_9_CCTATTAGTCAGCTAT,3.8895074537657006
13876,0.1097200661477603,9__mutated,PertCortex_9_CCTATTAGTCGAACAG,3.1198270014238694
13877,0.10411108063869147,9__mutated,PertCortex_9_CCTATTAGTGCACCAC,5.248763437694781
13878,0.4014201196307832,9__mutated,PertCortex_9_CCTATTATCACAAACC,2.899318316673638
13879,0.31433245543780747,9__mutated,PertCortex_9_CCTCAGTAGGACATTA,2.2545970273511706
13880,0.16896202852329484,9__mutated,PertCortex_9_CCTCAGTAGGCTATCT,2.7875133749459575
13881,0.22645625093986999,9__mutated,PertCortex_9_CCTCAGTAGTGGAGAA,2.5440411999077943
13882,0.1664386509846125,9__mutated,PertCortex_9_CCTCAGTCAAGGACTG,3.3633760029318718
13883,0.6431029932817798,9__mutated,PertCortex_9_CCTCAGTCAATGTAAG,1.1630202469950446
13884,0.11701932551092604,9__mutated,PertCortex_9_CCTCAGTCACCCTATC,3.000064760725556
13885,0.11114124177099464,9__mutated,PertCortex_9_CCTCAGTGTTGTCTTT,3.870789369918939
13886,0.17606835450282493,9__mutated,PertCortex_9_CCTCAGTTCAACCATG,2.6435803438613514
13887,0.19043949789526426,9__mutated,PertCortex_9_CCTCAGTTCTGCAAGT,3.483111809201511
13888,0.16282983747851668,9__mutated,PertCortex_9_CCTCTGAAGAGACGAA,1.8901696162650934
13889,0.2937814798613044,9__mutated,PertCortex_9_CCTCTGAAGGTTACCT,2.5588904485980217
13890,0.08943842089384688,9__mutated,PertCortex_9_CCTCTGAGTAGAAAGG,4.412828398338123
13891,0.6764859758013744,9__mutated,PertCortex_9_CCTCTGAGTCTTGTCC,1.5055309744660568
13892,0.09621364483173767,9__mutated,PertCortex_9_CCTCTGATCTCTGAGA,3.5914417865285744
13893,0.07206803949024075,9__mutated,PertCortex_9_CCTTACGCATCACAAC,4.882532288502328
13894,0.035388514407574886,9__mutated,PertCortex_9_CCTTACGGTGCATCTA,4.738537136298858
13895,0.6188423012767988,9__mutated,PertCortex_9_CCTTACGGTTCGAATC,1.7726331958398538
13896,0.45611088359608637,9__mutated,PertCortex_9_CCTTACGGTTGATTCG,1.4812665178751026
13897,0.21470972962243337,9__mutated,PertCortex_9_CCTTACGTCTGGTTCC,2.658902561825025
13898,0.19381056711530736,9__mutated,PertCortex_9_CCTTCCCCAAAGCGGT,2.945506145493275
13899,0.14135886345805146,9__mutated,PertCortex_9_CCTTCCCCACAAGACG,3.2762504374959356
13900,0.1090272143126431,9__mutated,PertCortex_9_CCTTCCCCACACAGAG,4.755385869210855
13901,0.027715610246175585,9__mutated,PertCortex_9_CCTTCCCCACACATGT,2.8589406420889563
13902,0.4679380561007336,9__mutated,PertCortex_9_CCTTCCCCAGTGAGTG,2.6215184892890373
13903,0.1826591157490252,9__mutated,PertCortex_9_CCTTCGACAGATGAGC,3.182338516767626
13904,0.1980652034115593,9__mutated,PertCortex_9_CCTTCGAGTCGGCATC,2.913323113370534
13905,0.13127308713875183,9__mutated,PertCortex_9_CCTTTCTCACGCATCG,4.336172582594087
13906,0.23466525968194327,9__mutated,PertCortex_9_CCTTTCTGTCTCAACA,2.8040459445021546
13907,0.5363689625527442,9__mutated,PertCortex_9_CGAACATCACCACCAG,2.1862189280288993
13908,0.08284549838045575,9__mutated,PertCortex_9_CGAACATCACCCAGTG,3.6284628166933004
13909,0.19509080969843176,9__mutated,PertCortex_9_CGAACATCATCCGGGT,2.7013583010447624
13910,0.015309778207983968,9__mutated,PertCortex_9_CGAACATTCATGTAGC,3.68606059210561
13911,0.0864095582427136,9__mutated,PertCortex_9_CGAACATTCCCTCAGT,3.786940727189287
13912,0.22150119597466278,9__mutated,PertCortex_9_CGAACATTCTATCGCC,3.55627564459965
13913,0.2705401042533627,9__mutated,PertCortex_9_CGAATGTCAATGCCAT,2.6920531711005933
13914,0.1720722508700967,9__mutated,PertCortex_9_CGAATGTGTACATGTC,3.4577188870135105
13915,0.29543474287581933,9__mutated,PertCortex_9_CGAATGTGTTATTCTC,2.195081155345136
13916,0.12399330652302239,9__mutated,PertCortex_9_CGAATGTTCGACAGCC,4.351693524312744
13917,0.07411371965282479,9__mutated,PertCortex_9_CGACCTTGTTAAGGGC,3.0887450048171154
13918,0.2936655264097933,9__mutated,PertCortex_9_CGACCTTGTTCCGTCT,2.609566358109112
13919,0.27122886355938175,9__mutated,PertCortex_9_CGACCTTGTTCGCTAA,3.5164217684543253
13920,0.5020916719990234,9__mutated,PertCortex_9_CGACTTCAGAGTGAGA,1.5795656088583427
13921,0.17331158403138647,9__mutated,PertCortex_9_CGACTTCAGGTGCAAC,3.141155595208387
13922,0.11881703485264065,9__mutated,PertCortex_9_CGACTTCCAACGCACC,4.098031752948596
13923,0.10843357002887145,9__mutated,PertCortex_9_CGACTTCCACTTGGAT,4.315468763266223
13924,0.5558972932342996,9__mutated,PertCortex_9_CGACTTCCAGGGTATG,2.0124063809466
13925,0.1821460189508388,9__mutated,PertCortex_9_CGACTTCGTACAAGTA,2.804366627014596
13926,0.05991036545517821,9__mutated,PertCortex_9_CGACTTCTCGAGGTAG,4.503394326248677
13927,0.17964788551518138,9__mutated,PertCortex_9_CGACTTCTCTGGTGTA,3.760137787142406
13928,0.21271224550134715,9__mutated,PertCortex_9_CGAGAAGAGTGCGTGA,3.150839896234612
13929,0.12377216004598474,9__mutated,PertCortex_9_CGAGAAGGTCTAGTGT,2.797585657022401
13930,0.5669390397602366,9__mutated,PertCortex_9_CGAGAAGGTTTCGCTC,1.8926116861098035
13931,0.40365125232051713,9__mutated,PertCortex_9_CGAGAAGTCCGTCATC,2.9359513057604683
13932,0.20814015580022038,9__mutated,PertCortex_9_CGAGAAGTCTTGTACT,2.510095964025123
13933,0.06935589623008177,9__mutated,PertCortex_9_CGAGCACTCGTCTGCT,3.674626582736902
13934,0.24786026874973427,9__mutated,PertCortex_9_CGAGCCAAGTCGATAA,3.2595599106185253
13935,0.20432411052557206,9__mutated,PertCortex_9_CGAGCCACAATAGAGT,2.9885420930043565
13936,0.1603629237222361,9__mutated,PertCortex_9_CGAGCCAGTGCGCTTG,2.4217009354225367
13937,0.17266534877928316,9__mutated,PertCortex_9_CGATCGGAGGGTATCG,3.353702956343339
13938,0.12215949357851971,9__mutated,PertCortex_9_CGATCGGAGGGTGTGT,3.321477789357506
13939,0.2627695851608268,9__mutated,PertCortex_9_CGATCGGCAATACGCT,2.358707526651404
13940,0.052787193624523894,9__mutated,PertCortex_9_CGATGGCAGACAATAC,4.1264959707314794
13941,0.15679358257007936,9__mutated,PertCortex_9_CGATGGCCAGGCTGAA,2.5549309374703677
13942,0.039047309102486355,9__mutated,PertCortex_9_CGATGGCGTGACTACT,4.133249059966035
13943,0.08134291437369268,9__mutated,PertCortex_9_CGATGTACACTGTCGG,4.945067661546409
13944,0.601189982637924,9__mutated,PertCortex_9_CGATGTATCCTACAGA,1.797202761232406
13945,0.03274771618883826,9__mutated,PertCortex_9_CGATTGAGTAAGCACG,3.827126111713296
13946,0.13809219823093835,9__mutated,PertCortex_9_CGATTGAGTCATCGGC,4.407418792672321
13947,0.1915459729706605,9__mutated,PertCortex_9_CGATTGATCCTAAGTG,3.12400032654948
13948,0.15664336494303444,9__mutated,PertCortex_9_CGCCAAGAGGCATGTG,3.469450332558079
13949,0.6265447340001978,9__mutated,PertCortex_9_CGCCAAGCAAACTGCT,2.0560951651649333
13950,0.06516873454762107,9__mutated,PertCortex_9_CGCCAAGGTCCGTGAC,3.1955694635925727
13951,0.09082315080087117,9__mutated,PertCortex_9_CGCCAAGGTCTGGAGA,3.882832661532976
13952,0.10498301601519984,9__mutated,PertCortex_9_CGCCAAGTCCGAGCCA,4.913755228886959
13953,0.10305610938414461,9__mutated,PertCortex_9_CGCCAAGTCCTTAATC,3.911699872197474
13954,0.17790889589311176,9__mutated,PertCortex_9_CGCGGTAAGTGACTCT,2.631345980011074
13955,0.15463883876759155,9__mutated,PertCortex_9_CGCGGTACACCTCGTT,3.384455507929782
13956,0.2547783869126075,9__mutated,PertCortex_9_CGCGGTACATGCCCGA,3.1483040638346664
13957,0.1581931432431406,9__mutated,PertCortex_9_CGCGGTACATGTTCCC,2.7799561468727156
13958,0.05032189869946634,9__mutated,PertCortex_9_CGCGGTAGTTATCACG,3.4377126146967574
13959,0.07540092696545704,9__mutated,PertCortex_9_CGCGGTATCACTATTC,4.504433462765313
13960,0.10676377846375117,9__mutated,PertCortex_9_CGCGTTTAGAAAGTGG,4.452486947143629
13961,0.14796921337707647,9__mutated,PertCortex_9_CGCGTTTCAGCCTTTC,3.3617443043344357
13962,0.4097036682490774,9__mutated,PertCortex_9_CGCGTTTGTCTCAACA,2.2026461247943447
13963,0.14100734105039656,9__mutated,PertCortex_9_CGCGTTTTCTGATTCT,3.355446909651725
13964,0.12101151481243291,9__mutated,PertCortex_9_CGCTATCGTACTCAAC,4.3725473258054715
13965,0.3422981598436307,9__mutated,PertCortex_9_CGCTATCTCCGGGTGT,2.7076734902406723
13966,0.05525699701898802,9__mutated,PertCortex_9_CGCTATCTCCTTTCGG,4.722896846731633
13967,0.14090404373487664,9__mutated,PertCortex_9_CGCTGGACACCATCCT,2.882627252215653
13968,0.614009372054058,9__mutated,PertCortex_9_CGCTGGACACTTCTGC,2.1957644414234454
13969,0.04279381186137988,9__mutated,PertCortex_9_CGCTGGAGTGCAGGTA,5.183423164295759
13970,0.22180033085366987,9__mutated,PertCortex_9_CGCTGGATCCTAGTGA,2.4194346324267197
13971,0.1593598496197673,9__mutated,PertCortex_9_CGCTGGATCGACAGCC,2.2439669592363125
13972,0.11434763774533808,9__mutated,PertCortex_9_CGCTTCAAGACGCACA,3.6356108298254375
13973,0.5489049834624055,9__mutated,PertCortex_9_CGCTTCACATATGGTC,2.557123430580601
13974,0.10814761999653644,9__mutated,PertCortex_9_CGCTTCACATCCTAGA,3.903069831394102
13975,0.26371716757341873,9__mutated,PertCortex_9_CGCTTCATCACTATTC,2.699409672266753
13976,0.1974856062992953,9__mutated,PertCortex_9_CGCTTCATCCGCGTTT,1.9013516861332078
13977,0.05659014270920434,9__mutated,PertCortex_9_CGCTTCATCGGCGCAT,3.115924086224328
13978,0.15316587625601966,9__mutated,PertCortex_9_CGGACACAGAATTCCC,5.130327239091233
13979,0.11605916157139996,9__mutated,PertCortex_9_CGGACACGTTCCACAA,2.8767343050555385
13980,0.15159903560878632,9__mutated,PertCortex_9_CGGACGTAGCTTATCG,3.385126952474976
13981,0.005371904329639033,9__mutated,PertCortex_9_CGGACGTCACCGATAT,2.6936024942668464
13982,0.30248901675302814,9__mutated,PertCortex_9_CGGACGTGTCTCAACA,2.583089365634712
13983,0.06863942008207014,9__mutated,PertCortex_9_CGGACGTGTTCCGGCA,3.790440008880576
13984,0.22684143195374004,9__mutated,PertCortex_9_CGGACTGAGTGTCCAT,3.134938932149361
13985,0.13412421520580087,9__mutated,PertCortex_9_CGGACTGGTGTGAAAT,3.204673506693549
13986,0.10980970504412806,9__mutated,PertCortex_9_CGGACTGTCAGTCAGT,3.9686453936950197
13987,0.31649068805001207,9__mutated,PertCortex_9_CGGACTGTCTAACTTC,3.0167384891289912
13988,0.2521341653400372,9__mutated,PertCortex_9_CGGAGCTAGACAGAGA,3.0230581852684884
13989,0.1357970068627736,9__mutated,PertCortex_9_CGGAGCTAGACTAGGC,4.079571875540272
13990,0.11829297649092294,9__mutated,PertCortex_9_CGGAGCTAGTGGGATC,4.265176489971525
13991,0.11342403900850151,9__mutated,PertCortex_9_CGGAGCTCACCAGGTC,3.2484750965990994
13992,0.2615261969480103,9__mutated,PertCortex_9_CGGAGCTCACCATGTA,2.8255167049847323
13993,0.18409881831173394,9__mutated,PertCortex_9_CGGAGCTGTCACTGGC,3.2806864319113895
13994,0.19893528853912212,9__mutated,PertCortex_9_CGGAGCTTCTCCGGTT,2.712907778277444
13995,0.22242598853905812,9__mutated,PertCortex_9_CGGAGCTTCTGAGTGT,2.6679474662756544
13996,0.34067591292786004,9__mutated,PertCortex_9_CGGAGTCAGATGTGTA,2.6835309549377446
13997,0.13215341724184956,9__mutated,PertCortex_9_CGGAGTCCAATCGAAA,4.043449115320815
13998,0.06483157347981115,9__mutated,PertCortex_9_CGGAGTCGTATTCTCT,3.5160589432422213
13999,0.12153925553277044,9__mutated,PertCortex_9_CGGAGTCTCTGAGTGT,3.097952561786361
14000,0.14477580152163902,9__mutated,PertCortex_9_CGGCTAGAGCACGCCT,3.548303012366208
14001,0.2219604405794915,9__mutated,PertCortex_9_CGGCTAGTCCGCGCAA,4.772137640071043
14002,0.1307650823421989,9__mutated,PertCortex_9_CGGCTAGTCGAGAGCA,4.9969682963705875
14003,0.16309283585868606,9__mutated,PertCortex_9_CGGCTAGTCTCTGCTG,2.7909323766039122
14004,0.16928135175267073,9__mutated,PertCortex_9_CGGTTAACACCATCCT,4.045871291589423
14005,0.24380887129283643,9__mutated,PertCortex_9_CGGTTAACATGGTAGG,2.9110093038996916
14006,0.054249924112417004,9__mutated,PertCortex_9_CGTAGCGCAGTTAACC,3.706465053778923
14007,0.49689464408077016,9__mutated,PertCortex_9_CGTAGCGGTTCATGGT,2.228789065256213
14008,0.045181255246768914,9__mutated,PertCortex_9_CGTAGGCAGAGGGCTT,4.059365372309893
14009,0.1661308612419991,9__mutated,PertCortex_9_CGTAGGCGTAAGTTCC,2.6101712236777845
14010,0.0967661816980457,9__mutated,PertCortex_9_CGTAGGCTCACCACCT,3.5359066906613297
14011,0.09235816716025806,9__mutated,PertCortex_9_CGTAGGCTCAGAGGTG,2.5186786336677813
14012,0.06111550573176509,9__mutated,PertCortex_9_CGTAGGCTCGAGCCCA,3.863351049406384
14013,0.12977772722147207,9__mutated,PertCortex_9_CGTAGGCTCGTAGATC,2.512664966470573
14014,0.05566823611055437,9__mutated,PertCortex_9_CGTCACTCAGCTCGCA,3.0969932829123916
14015,0.08237031113167449,9__mutated,PertCortex_9_CGTCACTCATGTTCCC,3.93457818420056
14016,0.2172974219124307,9__mutated,PertCortex_9_CGTCACTGTACTTGAC,3.0088254067364564
14017,0.5825081029820416,9__mutated,PertCortex_9_CGTCACTGTCCAGTGC,2.3987250844254833
14018,0.20090313657922856,9__mutated,PertCortex_9_CGTCACTGTGGTCTCG,2.1877326484198876
14019,0.15900502213693127,9__mutated,PertCortex_9_CGTCACTGTTAAGTAG,2.791318398159571
14020,0.14826854287850058,9__mutated,PertCortex_9_CGTCACTTCGAGAACG,2.6060314890607432
14021,0.24569919376027596,9__mutated,PertCortex_9_CGTCAGGAGCAATATG,3.159406726187744
14022,0.1790120744542481,9__mutated,PertCortex_9_CGTCAGGAGGATCGCA,4.0673883634547225
14023,0.5809396044651045,9__mutated,PertCortex_9_CGTCAGGAGGCCCTTG,2.297834368500425
14024,0.43138968030262526,9__mutated,PertCortex_9_CGTCAGGGTACCTACA,2.4069688321651284
14025,0.5065844447591693,9__mutated,PertCortex_9_CGTCAGGGTCAAACTC,2.5409087178920453
14026,0.16215018474214993,9__mutated,PertCortex_9_CGTCAGGGTCAGTGGA,3.7302653517900906
14027,0.10411988965367112,9__mutated,PertCortex_9_CGTCAGGTCAACGAAA,3.692365404452027
14028,0.12258977078566012,9__mutated,PertCortex_9_CGTCCATAGAAGGTTT,4.004151947140283
14029,0.1681498251762454,9__mutated,PertCortex_9_CGTCCATGTCGGATCC,3.0980098834280825
14030,0.17904149095081068,9__mutated,PertCortex_9_CGTCCATGTCTGCCAG,2.9474351496129927
14031,0.32901008496430234,9__mutated,PertCortex_9_CGTCCATTCGGATGTT,2.2172947671633283
14032,0.13869534955988727,9__mutated,PertCortex_9_CGTCTACAGGGATGGG,3.170420252624692
14033,0.43122281368208487,9__mutated,PertCortex_9_CGTCTACAGTGAATTG,2.142439345072228
14034,0.2781968424086727,9__mutated,PertCortex_9_CGTCTACCATACGCCG,3.650337077731559
14035,0.1760240719383625,9__mutated,PertCortex_9_CGTCTACCATACTCTT,3.7288051858003417
14036,0.09330222472160829,9__mutated,PertCortex_9_CGTCTACGTAAGAGAG,3.4449392671442234
14037,0.1315890018014396,9__mutated,PertCortex_9_CGTCTACGTAGGGACT,3.3462001643462616
14038,0.2694651704240707,9__mutated,PertCortex_9_CGTCTACTCCGTACAA,2.8710904129998283
14039,0.18563414267820658,9__mutated,PertCortex_9_CGTGAGCGTATCGCAT,2.8099747106390947
14040,0.08589259944380738,9__mutated,PertCortex_9_CGTGAGCGTCGCATAT,5.240065263935081
14041,0.024403558718210764,9__mutated,PertCortex_9_CGTGAGCGTCGCGTGT,3.3475090688193467
14042,0.18661773017798267,9__mutated,PertCortex_9_CGTGAGCTCGACCAGC,3.1099302560196955
14043,0.13545578870292252,9__mutated,PertCortex_9_CGTGTAAAGATAGGAG,3.583523492361621
14044,0.119742194633231,9__mutated,PertCortex_9_CGTGTAACAAATACAG,3.0595833035224596
14045,0.06766924533483215,9__mutated,PertCortex_9_CGTGTAACAGCCTTGG,3.6464492510447584
14046,0.5112642568246585,9__mutated,PertCortex_9_CGTGTAACAGGCTGAA,2.3514033142242625
14047,0.09702922143733154,9__mutated,PertCortex_9_CGTGTAAGTGATAAAC,3.8271966631895498
14048,0.6692792241897718,9__mutated,PertCortex_9_CGTGTAAGTGTAAGTA,1.386581377088487
14049,0.10674135486878644,9__mutated,PertCortex_9_CGTGTAATCCGTACAA,3.811153174793306
14050,0.13682369827081708,9__mutated,PertCortex_9_CGTGTAATCGGTGTTA,3.2973619636185467
14051,0.14145969578533854,9__mutated,PertCortex_9_CGTGTAATCTTAGAGC,4.92681366882642
14052,0.6346549112223177,9__mutated,PertCortex_9_CGTGTCTAGTATCGAA,2.1012572589358007
14053,0.24092234276658797,9__mutated,PertCortex_9_CGTGTCTGTCTCCACT,2.3150486954688327
14054,0.10963298749917394,9__mutated,PertCortex_9_CGTGTCTGTTCGTCTC,3.7767048457218837
14055,0.17439072768679037,9__mutated,PertCortex_9_CGTGTCTTCCTAGGGC,3.2222640354923633
14056,0.16670602618166205,9__mutated,PertCortex_9_CGTTAGACATAAAGGT,2.9984324306758827
14057,0.037410544034403886,9__mutated,PertCortex_9_CGTTAGATCGGAGGTA,4.0714587045944315
14058,0.12841315682046153,9__mutated,PertCortex_9_CGTTCTGAGCTCCCAG,3.7730044530878977
14059,0.10145267586110555,9__mutated,PertCortex_9_CGTTCTGAGGCGTACA,3.6519869182481517
14060,0.13229723171617294,9__mutated,PertCortex_9_CGTTCTGCACCTTGTC,3.216008272706005
14061,0.2051631752296106,9__mutated,PertCortex_9_CGTTCTGGTCGACTGC,3.6358184983271626
14062,0.06103330545988451,9__mutated,PertCortex_9_CGTTCTGTCAGTTAGC,3.2977525606356703
14063,0.452558798333528,9__mutated,PertCortex_9_CGTTCTGTCCAGTAGT,2.250026578496835
14064,0.20416594004135372,9__mutated,PertCortex_9_CGTTGGGCACCAGGTC,3.3416772079737656
14065,0.4578908054798195,9__mutated,PertCortex_9_CGTTGGGGTACTCGCG,2.1847010440063817
14066,0.18039036708262166,9__mutated,PertCortex_9_CGTTGGGGTCGAACAG,3.0186986504197244
14067,0.19071151203225287,9__mutated,PertCortex_9_CGTTGGGTCGTGGACC,3.643750082583024
14068,0.18463445752783636,9__mutated,PertCortex_9_CTAACTTAGAGTGACC,2.9596201443578374
14069,0.19188451517030014,9__mutated,PertCortex_9_CTAACTTAGATAGGAG,2.134774157347194
14070,0.16323467659061,9__mutated,PertCortex_9_CTAACTTTCTGGAGCC,3.7470486924193667
14071,0.06526527269791475,9__mutated,PertCortex_9_CTAAGACCAACTTGAC,3.792953084449955
14072,0.5855050183706605,9__mutated,PertCortex_9_CTAAGACGTATGAAAC,2.05062264685575
14073,0.20754076567583848,9__mutated,PertCortex_9_CTAAGACGTCATGCAT,2.4436228082658156
14074,0.1580340066287474,9__mutated,PertCortex_9_CTAAGACGTCCGAAGA,2.9513129264362234
14075,0.22858042780697763,9__mutated,PertCortex_9_CTAAGACGTCGACTGC,3.213992905122212
14076,0.2915162134548619,9__mutated,PertCortex_9_CTAAGACTCATGCTCC,2.6650939583126263
14077,0.2074902386924024,9__mutated,PertCortex_9_CTAAGACTCCACGACG,2.752536812621204
14078,0.2686219951459919,9__mutated,PertCortex_9_CTAATGGAGTCGATAA,2.293904149022756
14079,0.1379030798517338,9__mutated,PertCortex_9_CTAATGGTCGGTCCGA,4.446064593262345
14080,0.06363501767344149,9__mutated,PertCortex_9_CTAATGGTCTTAGAGC,3.322740758542741
14081,0.13481145442122647,9__mutated,PertCortex_9_CTACACCAGTTGAGAT,3.3075892669120885
14082,0.18702950125197643,9__mutated,PertCortex_9_CTACACCCATTTCACT,2.5645760720305177
14083,0.022407062523140373,9__mutated,PertCortex_9_CTACACCGTGAGGCTA,3.994182406633573
14084,0.16001639298171136,9__mutated,PertCortex_9_CTACACCGTGGTCCGT,5.065578183130161
14085,0.12828355247599854,9__mutated,PertCortex_9_CTACACCTCTTGCAAG,4.299982692156051
14086,0.10247550175912551,9__mutated,PertCortex_9_CTACATTAGCAATATG,3.1786497273195944
14087,0.0979166961351298,9__mutated,PertCortex_9_CTACATTAGTTAAGTG,4.0092803002784505
14088,0.3922499424766449,9__mutated,PertCortex_9_CTACATTCACATTAGC,2.0067600949534636
14089,0.07436585082661576,9__mutated,PertCortex_9_CTACATTCACTGCCAG,3.9222363304006693
14090,0.2558085789599419,9__mutated,PertCortex_9_CTACATTGTAAGTAGT,2.3207232367549806
14091,0.5946866023103509,9__mutated,PertCortex_9_CTACATTTCGACAGCC,1.370054624906612
14092,0.16958204320500456,9__mutated,PertCortex_9_CTACCCAAGACCGGAT,3.3813427335788457
14093,0.1764100232260367,9__mutated,PertCortex_9_CTACCCAAGCACAGGT,3.6254699251131814
14094,0.23383635317360527,9__mutated,PertCortex_9_CTACCCAAGGCATGGT,2.934737257704174
14095,0.12881533487478095,9__mutated,PertCortex_9_CTACCCACAAGGTGTG,4.070619875192721
14096,0.21478699667841109,9__mutated,PertCortex_9_CTACCCATCACCAGGC,2.370749131293516
14097,0.06364800205352708,9__mutated,PertCortex_9_CTACGTCCATTATCTC,3.5977409146899677
14098,0.29669600712680233,9__mutated,PertCortex_9_CTACGTCGTGAAAGAG,3.0255237252984215
14099,0.2220002819029554,9__mutated,PertCortex_9_CTACGTCGTGCTGTAT,3.26934053080909
14100,0.1865796274808425,9__mutated,PertCortex_9_CTAGAGTGTTACAGAA,2.7168510417102816
14101,0.46225188292198205,9__mutated,PertCortex_9_CTAGCCTGTTAGGGTG,2.7619171000972846
14102,0.11814892382907498,9__mutated,PertCortex_9_CTAGTGAGTACAGCAG,5.053755835396308
14103,0.20206280560896075,9__mutated,PertCortex_9_CTAGTGAGTTCAGACT,2.480776204924261
14104,0.06983134040051431,9__mutated,PertCortex_9_CTCACACCAATCCGAT,4.370621604045357
14105,0.6013692375186821,9__mutated,PertCortex_9_CTCACACTCTGGCGTG,2.166765107804595
14106,0.5785720422372497,9__mutated,PertCortex_9_CTCAGAACAGTCAGAG,2.0437071194490892
14107,0.08431465770980258,9__mutated,PertCortex_9_CTCAGAATCTCTTGAT,2.5219112599282862
14108,0.18629210825879244,9__mutated,PertCortex_9_CTCATTAAGATCCCAT,3.3821996104794456
14109,0.11036425053342643,9__mutated,PertCortex_9_CTCATTAAGTGCCATT,3.3455485309309276
14110,0.12674389254168422,9__mutated,PertCortex_9_CTCATTACAACTGCTA,3.503913285891908
14111,0.12182872886846893,9__mutated,PertCortex_9_CTCATTAGTGTAATGA,4.472628235745635
14112,0.3807814295582846,9__mutated,PertCortex_9_CTCCTAGAGCGACGTA,2.503080829310277
14113,0.15654614031581393,9__mutated,PertCortex_9_CTCCTAGCATACTACG,3.6746392473817204
14114,0.40370168698547343,9__mutated,PertCortex_9_CTCCTAGGTATGCTTG,2.1539686667684896
14115,0.13704439732712786,9__mutated,PertCortex_9_CTCCTAGTCTTCGGTC,4.201748656288046
14116,0.16925019284536852,9__mutated,PertCortex_9_CTCGAAAAGGACAGAA,3.1930720977174505
14117,0.490524588219456,9__mutated,PertCortex_9_CTCGAAAAGGCTAGCA,1.5972535802667827
14118,0.12315882287058964,9__mutated,PertCortex_9_CTCGAAACAAGTTAAG,3.894784469703303
14119,0.14781777818309783,9__mutated,PertCortex_9_CTCGAAACATGCTAGT,3.6868585337944815
14120,0.21906891276561577,9__mutated,PertCortex_9_CTCGAAAGTTCCACGG,3.0474860551545215
14121,0.15381239782047318,9__mutated,PertCortex_9_CTCGAAATCAGGTTCA,4.2786720883327805
14122,0.23937538306405928,9__mutated,PertCortex_9_CTCGAAATCTCTTGAT,3.139657206118427
14123,0.09299906186910833,9__mutated,PertCortex_9_CTCGAAATCTTGCCGT,4.2328876251190195
14124,0.2669852437440186,9__mutated,PertCortex_9_CTCGAGGTCTTGACGA,2.9607651446468757
14125,0.28752287607919186,9__mutated,PertCortex_9_CTCGGAGTCCAAAGTC,2.7539803516881673
14126,0.190991820507892,9__mutated,PertCortex_9_CTCGGAGTCGGTGTCG,2.9665192572626293
14127,0.11690298330055804,9__mutated,PertCortex_9_CTCGGGAAGATGTGGC,3.1771565321411823
14128,0.07724570998902301,9__mutated,PertCortex_9_CTCGGGAAGCAACGGT,3.7797444496689
14129,0.12151242371366183,9__mutated,PertCortex_9_CTCGGGAAGTGAACAT,3.464655299308804
14130,0.5009979603151545,9__mutated,PertCortex_9_CTCGGGACATGAAGTA,2.779193293380007
14131,0.17179307862577137,9__mutated,PertCortex_9_CTCGGGAGTTAGATGA,3.2814657610438633
14132,0.12029666376833484,9__mutated,PertCortex_9_CTCGTACAGGACATTA,3.713544394614914
14133,0.013478461178653854,9__mutated,PertCortex_9_CTCGTACAGTCGTACT,3.448943448082445
14134,0.21599959001615746,9__mutated,PertCortex_9_CTCGTACCACAGGAGT,2.0140153041573536
14135,0.09091779692862456,9__mutated,PertCortex_9_CTCGTACCACCTTGTC,4.18428605961357
14136,0.5406647844506802,9__mutated,PertCortex_9_CTCGTACGTAAGAGGA,2.3891418756034555
14137,0.1670548233326409,9__mutated,PertCortex_9_CTCGTACGTATAAACG,4.490277135193846
14138,0.14392788804541073,9__mutated,PertCortex_9_CTCGTACTCCACTCCA,3.621669693456188
14139,0.1099708214028491,9__mutated,PertCortex_9_CTCGTCAAGAGCAATT,3.7384035991767366
14140,0.19012452609545424,9__mutated,PertCortex_9_CTCGTCAAGTCGTTTG,3.4982153303234518
14141,0.5517710549189038,9__mutated,PertCortex_9_CTCTAATAGAAGCCCA,1.611569695042591
14142,0.09518911073452524,9__mutated,PertCortex_9_CTCTAATCACACCGAC,2.6522702135474647
14143,0.31697033305705735,9__mutated,PertCortex_9_CTCTAATCACCCAGTG,2.3052899272554845
14144,0.14630033270811563,9__mutated,PertCortex_9_CTCTAATGTATTAGCC,3.9185984340854887
14145,0.1972647193111993,9__mutated,PertCortex_9_CTCTACGAGCTAACAA,2.7261578185836086
14146,0.2432172814265883,9__mutated,PertCortex_9_CTCTACGAGCTTTGGT,3.2265521612987422
14147,0.05426420947046069,9__mutated,PertCortex_9_CTCTACGAGGAGTACC,4.4190042707857025
14148,0.23098240094618483,9__mutated,PertCortex_9_CTCTACGCACATTCGA,3.0992786612790098
14149,0.09856449486858017,9__mutated,PertCortex_9_CTCTACGCAGCCAGAA,4.999396370193026
14150,0.1290311895563575,9__mutated,PertCortex_9_CTCTACGCAGTCCTTC,3.159086143265792
14151,0.1449926109342852,9__mutated,PertCortex_9_CTCTACGTCTGCGGCA,2.8581048278283476
14152,0.13338848163368539,9__mutated,PertCortex_9_CTCTACGTCTTGAGAC,3.9550778559570077
14153,0.22835751584513794,9__mutated,PertCortex_9_CTCTGGTAGAAACCGC,3.2479524385870655
14154,0.5528023802037553,9__mutated,PertCortex_9_CTCTGGTAGCGGCTTC,2.0944827121334026
14155,0.23297152608878577,9__mutated,PertCortex_9_CTCTGGTAGCTGCAAG,2.320907501606867
14156,0.10962315006445517,9__mutated,PertCortex_9_CTCTGGTCACCTTGTC,4.288227692212423
14157,0.27487650955008575,9__mutated,PertCortex_9_CTCTGGTGTAGTAGTA,2.112523009417734
14158,0.0622262134049135,9__mutated,PertCortex_9_CTGAAACCAAGGCTCC,3.609351041736518
14159,0.21471021129701165,9__mutated,PertCortex_9_CTGAAACGTACCCAAT,2.7589184566102523
14160,0.20153396600230158,9__mutated,PertCortex_9_CTGAAACGTTGGTGGA,2.8265265692936854
14161,0.26508167721669545,9__mutated,PertCortex_9_CTGAAACTCCCTAATT,2.75619499146521
14162,0.26455420411550346,9__mutated,PertCortex_9_CTGAAACTCTCAAACG,1.7670579278003384
14163,0.06552584511165097,9__mutated,PertCortex_9_CTGAAACTCTGAGTGT,4.641218556475233
14164,0.21499105907722305,9__mutated,PertCortex_9_CTGAAGTCATCGACGC,3.0962249258822268
14165,0.21781120596814388,9__mutated,PertCortex_9_CTGAAGTGTTATGTGC,2.403981496201238
14166,0.12201879157259822,9__mutated,PertCortex_9_CTGATAGAGGCTAGAC,2.8687599202192233
14167,0.22719343253112181,9__mutated,PertCortex_9_CTGATAGAGTCCGTAT,2.4086642983159554
14168,0.13675540026509223,9__mutated,PertCortex_9_CTGATAGCAACTGCGC,3.403914851195281
14169,0.13452311872263248,9__mutated,PertCortex_9_CTGATAGCAAGGCTCC,4.137109666052448
14170,0.08384392819163691,9__mutated,PertCortex_9_CTGATAGGTGTGACGA,3.927368199969351
14171,0.35291599054898276,9__mutated,PertCortex_9_CTGATAGTCCAACCAA,2.4470982128400065
14172,0.2135804064178402,9__mutated,PertCortex_9_CTGATAGTCTCGTATT,3.2225478094928723
14173,0.25488685628613544,9__mutated,PertCortex_9_CTGATCCTCTGAGGGA,1.7376634017718948
14174,0.28773200682452216,9__mutated,PertCortex_9_CTGCCTAGTACAGTGG,1.7881818739837532
14175,0.5015799012340475,9__mutated,PertCortex_9_CTGCCTAGTTACGGAG,2.5606053355389804
14176,0.2753606628029934,9__mutated,PertCortex_9_CTGCCTATCGTCTGAA,2.3006314159592725
14177,0.09455605315055687,9__mutated,PertCortex_9_CTGCGGAAGCCAGAAC,4.364624946885484
14178,0.11324251000555416,9__mutated,PertCortex_9_CTGCGGAAGGAGCGTT,3.9920629219054935
14179,0.07889640073643789,9__mutated,PertCortex_9_CTGCGGACAAGACGTG,3.610248049933769
14180,0.05513482653126759,9__mutated,PertCortex_9_CTGCGGACATACTCTT,4.0995086515884545
14181,0.08409236941436594,9__mutated,PertCortex_9_CTGCGGAGTGGCCCTA,4.090151998674464
14182,0.1724167985462209,9__mutated,PertCortex_9_CTGCGGATCAACTCTT,2.8312927617437937
14183,0.1084668243179297,9__mutated,PertCortex_9_CTGCTGTGTATGAATG,3.9496934377146893
14184,0.18341109367653613,9__mutated,PertCortex_9_CTGCTGTGTTTAGCTG,3.3430227841436344
14185,0.1861923833171007,9__mutated,PertCortex_9_CTGGTCTAGAGTTGGC,3.273802228833096
14186,0.19266880404644454,9__mutated,PertCortex_9_CTGGTCTCAATAAGCA,3.477445350588656
14187,0.4574509923934605,9__mutated,PertCortex_9_CTGGTCTGTCTCCATC,2.8952366206619553
14188,0.14283137696752837,9__mutated,PertCortex_9_CTGGTCTGTTAAGTAG,3.4656332928771487
14189,0.33450053328387,9__mutated,PertCortex_9_CTGGTCTTCCCTCTTT,2.575747117650927
14190,0.12243110995826327,9__mutated,PertCortex_9_CTGTGCTAGGCAGGTT,4.500089351020248
14191,0.1573005350178664,9__mutated,PertCortex_9_CTGTGCTCACAACGTT,4.931827408730627
14192,0.1107911183218705,9__mutated,PertCortex_9_CTGTGCTCAGTAAGAT,4.393670542125698
14193,0.42452799482229325,9__mutated,PertCortex_9_CTGTGCTGTACAAGTA,1.887492056698891
14194,0.253341720102804,9__mutated,PertCortex_9_CTGTTTAAGAGGTTAT,2.4869862358015644
14195,0.057242821457050584,9__mutated,PertCortex_9_CTGTTTAGTAGATTAG,3.283575885293664
14196,0.19290332099641583,9__mutated,PertCortex_9_CTGTTTAGTCGCATCG,2.1737573298063673
14197,0.46412574439112364,9__mutated,PertCortex_9_CTGTTTATCGCTTAGA,2.030011696999237
14198,0.6276804024935166,9__mutated,PertCortex_9_CTTAACTAGGTGATTA,1.8703968805872195
14199,0.17268297398175753,9__mutated,PertCortex_9_CTTACCGGTACTCGCG,3.087977576752851
14200,0.5498849855877335,9__mutated,PertCortex_9_CTTAGGAAGCCGTCGT,1.6375017543178747
14201,0.17456104710579973,9__mutated,PertCortex_9_CTTAGGAAGTAGTGCG,3.6826646201561015
14202,0.5980657053969511,9__mutated,PertCortex_9_CTTAGGAAGTGGCACA,1.9569002244653626
14203,0.1993500847554665,9__mutated,PertCortex_9_CTTAGGACAGACAGGT,2.385378263029851
14204,0.09735680113609037,9__mutated,PertCortex_9_CTTAGGACATCCGCGA,4.747117283284019
14205,0.03489908264131497,9__mutated,PertCortex_9_CTTAGGAGTAGCAAAT,3.730847405265452
14206,0.15756586890708513,9__mutated,PertCortex_9_CTTCTCTAGCTAAACA,3.9551281867816326
14207,0.1728792139615116,9__mutated,PertCortex_9_CTTCTCTAGTCGTTTG,3.307125022581539
14208,0.5631683466490346,9__mutated,PertCortex_9_CTTCTCTGTGTGACCC,2.227293478250437
14209,0.07476938920986508,9__mutated,PertCortex_9_CTTCTCTTCCTCCTAG,3.5940151257907385
14210,0.143812318981045,9__mutated,PertCortex_9_CTTCTCTTCGGAAATA,3.719797440869464
14211,0.1901407184083902,9__mutated,PertCortex_9_CTTGGCTAGATACACA,3.8468173451713468
14212,0.049750227138532,9__mutated,PertCortex_9_CTTGGCTCACCAGTTA,4.135438306780474
14213,0.05457790747175874,9__mutated,PertCortex_9_CTTGGCTTCAGCACAT,4.6299408695584985
14214,0.10438097169127679,9__mutated,PertCortex_9_CTTTGCGAGCAGCGTA,3.8819715034022027
14215,0.046453223557356975,9__mutated,PertCortex_9_CTTTGCGGTTCCACAA,3.485023548125685
14216,0.2109636700474177,9__mutated,PertCortex_9_GAAACTCGTAATCACC,2.894479792556771
14217,0.2051850227686332,9__mutated,PertCortex_9_GAAACTCTCCAGTAGT,3.3550346557043267
14218,0.10067602819324427,9__mutated,PertCortex_9_GAAACTCTCTAAGCCA,4.940620790591458
14219,0.27019341683497483,9__mutated,PertCortex_9_GAAACTCTCTTAGCCC,2.5067453946328224
14220,0.06292652984202697,9__mutated,PertCortex_9_GAAATGACACATGTGT,4.154237833174349
14221,0.48346963666552967,9__mutated,PertCortex_9_GAAATGACATTCACTT,2.8160235732173717
14222,0.09687903103837597,9__mutated,PertCortex_9_GAAATGAGTCACTTCC,3.3439375399958
14223,0.30660794033622757,9__mutated,PertCortex_9_GAAATGAGTTGATTCG,3.1820901591089936
14224,0.2594232370373325,9__mutated,PertCortex_9_GAACATCAGAGGTTAT,3.230679566060898
14225,0.49942609146927536,9__mutated,PertCortex_9_GAACATCCACGAAGCA,2.7199755278214854
14226,0.4236115814420678,9__mutated,PertCortex_9_GAACATCCAGACACTT,2.81627668683801
14227,0.05378824331862142,9__mutated,PertCortex_9_GAACATCCATTTGCTT,3.787660641003762
14228,0.24688998837461862,9__mutated,PertCortex_9_GAACATCGTACAGTTC,3.108245742635437
14229,0.503407814480956,9__mutated,PertCortex_9_GAACATCGTCGAGATG,1.7816536560903213
14230,0.7517713857573338,9__mutated,PertCortex_9_GAACATCGTGATGTGG,1.4601950188434838
14231,0.21351134380451392,9__mutated,PertCortex_9_GAACCTAAGTGATCGG,4.8575771662728675
14232,0.03977900931930401,9__mutated,PertCortex_9_GAACCTACAAATTGCC,5.046916105059411
14233,0.019932481346590324,9__mutated,PertCortex_9_GAACCTAGTTCCACGG,4.376707784452392
14234,0.1586672381074121,9__mutated,PertCortex_9_GAACCTAGTTCGCGAC,5.149974406229315
14235,0.217014129631025,9__mutated,PertCortex_9_GAACCTATCTATGTGG,3.128984368888238
14236,0.07844530745194357,9__mutated,PertCortex_9_GAACGGAAGGGTCGAT,4.1600026921023705
14237,0.22827909135815283,9__mutated,PertCortex_9_GAACGGACAACGATGG,3.247088107274945
14238,0.16388560518092843,9__mutated,PertCortex_9_GAACGGACACGGCGTT,3.060511998374547
14239,0.05996464799534107,9__mutated,PertCortex_9_GAACGGACAGATCGGA,4.142903379547131
14240,0.0528621750200292,9__mutated,PertCortex_9_GAAGCAGGTAAATACG,3.5469011236274746
14241,0.11194685184205704,9__mutated,PertCortex_9_GAAGCAGGTTGTCGCG,3.2001232208018453
14242,0.6577737626944936,9__mutated,PertCortex_9_GAAGCAGTCCGCGGTA,1.8426897211992064
14243,0.14458153451299313,9__mutated,PertCortex_9_GAATAAGAGACGCTTT,3.4292107700874968
14244,0.1255980974048851,9__mutated,PertCortex_9_GAATAAGCAATACGCT,3.1196972544232113
14245,0.1482372618196075,9__mutated,PertCortex_9_GAATGAAAGCGTGTCC,3.4040383093927544
14246,0.2733130923769561,9__mutated,PertCortex_9_GAATGAACAGCATACT,2.647036865312987
14247,0.24155338076882055,9__mutated,PertCortex_9_GAATGAACAGGTGGAT,2.444573253783238
14248,0.1800145904229377,9__mutated,PertCortex_9_GAATGAATCCTGCCAT,4.088404984088764
14249,0.22074502124601036,9__mutated,PertCortex_9_GACACGCCACTACAGT,3.5455339182190655
14250,0.16531639333339723,9__mutated,PertCortex_9_GACACGCCATCGTCGG,2.8635617360585566
14251,0.301007072956921,9__mutated,PertCortex_9_GACACGCGTAAGTTCC,1.7161007718502306
14252,0.22303511105466095,9__mutated,PertCortex_9_GACACGCGTACTTAGC,2.8231633965114873
14253,0.1971847784346961,9__mutated,PertCortex_9_GACACGCGTATTCTCT,3.392257402909381
14254,0.1275738816408934,9__mutated,PertCortex_9_GACACGCGTGTTAAGA,1.834834705179904
14255,0.13924110427711295,9__mutated,PertCortex_9_GACACGCTCAAGAAGT,5.026292273972823
14256,0.12653539262899308,9__mutated,PertCortex_9_GACAGAGAGTAGCCGA,2.849697368993233
14257,0.44571731262299036,9__mutated,PertCortex_9_GACAGAGCATCGGAAG,1.8934255865026717
14258,0.22834887691244385,9__mutated,PertCortex_9_GACAGAGGTAAACGCG,2.83272774185233
14259,0.30020380673035224,9__mutated,PertCortex_9_GACAGAGGTGAACCTT,2.0647492760193864
14260,0.09459039008032218,9__mutated,PertCortex_9_GACAGAGGTTCCGGCA,4.066588258989937
14261,0.07875592754857756,9__mutated,PertCortex_9_GACAGAGTCCATGAGT,4.165893834988416
14262,0.1324311423118639,9__mutated,PertCortex_9_GACAGAGTCCGAGCCA,2.2832871367340193
14263,0.05630267966013202,9__mutated,PertCortex_9_GACAGAGTCCGCGTTT,4.628068130770778
14264,0.5794553349117565,9__mutated,PertCortex_9_GACCAATAGATCTGCT,2.0571635177451744
14265,0.09453001692480449,9__mutated,PertCortex_9_GACCAATTCCAGATCA,4.34586209886916
14266,0.02435365606240577,9__mutated,PertCortex_9_GACCAATTCTAGCACA,4.270582870296572
14267,0.1920636124723093,9__mutated,PertCortex_9_GACCAATTCTCGTATT,3.2448787150227827
14268,0.12172310111272185,9__mutated,PertCortex_9_GACCTGGAGCGATCCC,5.317976615676595
14269,0.16222311953162663,9__mutated,PertCortex_9_GACCTGGGTAGAGTGC,3.1014354293520556
14270,0.15364788461252055,9__mutated,PertCortex_9_GACCTGGGTCATCCCT,4.446252680438448
14271,0.17362370653354725,9__mutated,PertCortex_9_GACCTGGTCACAGGCC,3.194455307500921
14272,0.1257681324304296,9__mutated,PertCortex_9_GACGCGTGTTGACGTT,4.52212396340639
14273,0.42564080303257174,9__mutated,PertCortex_9_GACGCGTTCTTGACGA,2.0110280702058443
14274,0.3453004884058869,9__mutated,PertCortex_9_GACGGCTCATCGACGC,2.474660876376971
14275,0.07676298206843553,9__mutated,PertCortex_9_GACGGCTTCACCCGAG,4.088552223153856
14276,0.17070809053556849,9__mutated,PertCortex_9_GACGTGCCAAGACACG,3.1164973898209767
14277,0.20894609313583526,9__mutated,PertCortex_9_GACGTGCCAAGTAGTA,2.652044773405274
14278,0.32659005251448014,9__mutated,PertCortex_9_GACGTGCCACGAAAGC,2.0583899859517345
14279,0.2116858473848152,9__mutated,PertCortex_9_GACGTGCGTGAAGGCT,3.084311205908367
14280,0.12972068552945928,9__mutated,PertCortex_9_GACGTTAAGTCGCCGT,3.7901307135425757
14281,0.014249183212592099,9__mutated,PertCortex_9_GACGTTAGTAATTGGA,3.8208803776063216
14282,0.24961901843628848,9__mutated,PertCortex_9_GACGTTAGTGTAAGTA,2.838085145302413
14283,0.09868882053473464,9__mutated,PertCortex_9_GACTAACCAAGCTGGA,4.267658764138096
14284,0.12494251933679551,9__mutated,PertCortex_9_GACTAACCAATAAGCA,4.606481778528511
14285,0.10669171725917805,9__mutated,PertCortex_9_GACTAACGTAAACACA,2.31668038328167
14286,0.20886655687527098,9__mutated,PertCortex_9_GACTAACGTAGAGCTG,4.399759158519951
14287,0.128407385980244,9__mutated,PertCortex_9_GACTAACTCCTAGGGC,3.2120208340051275
14288,0.13863461796369853,9__mutated,PertCortex_9_GACTACAAGACTAAGT,4.124032390618232
14289,0.12566008300927342,9__mutated,PertCortex_9_GACTACAAGATGTAAC,2.666461330657605
14290,0.09759041344877487,9__mutated,PertCortex_9_GACTACAGTAGCTAAA,3.0450970895877125
14291,0.1325204205708488,9__mutated,PertCortex_9_GACTGCGCACCACGTG,4.138307451493725
14292,0.0694294021220344,9__mutated,PertCortex_9_GACTGCGGTGGCAAAC,4.103689189792889
14293,0.5341045698189971,9__mutated,PertCortex_9_GACTGCGTCTTGTTTG,2.133295876483872
14294,0.16108196288096077,9__mutated,PertCortex_9_GAGTCCGAGTGCTGCC,2.7934534156233726
14295,0.16449845924758516,9__mutated,PertCortex_9_GAGTCCGTCTGCGGCA,3.107895820442901
14296,0.10551608798418909,9__mutated,PertCortex_9_GATCAGTCAAGCCCAC,4.300748083063889
14297,0.09633058971497273,9__mutated,PertCortex_9_GATCAGTCAAGCTGGA,3.696130208217938
14298,0.5655321479616503,9__mutated,PertCortex_9_GATCAGTCATGGTTGT,1.8266125675634188
14299,0.09486394518601869,9__mutated,PertCortex_9_GATCAGTTCTACCAGA,3.9305038668052665
14300,0.04435810616155571,9__mutated,PertCortex_9_GATCGATAGCTAGTGG,4.165481675946727
14301,0.07299272130368271,9__mutated,PertCortex_9_GATCGATCAATGAATG,4.416320836977577
14302,0.12326970714534805,9__mutated,PertCortex_9_GATCGATTCAGGTTCA,3.1660328095468633
14303,0.3559465887142726,9__mutated,PertCortex_9_GATCGATTCTCGCTTG,2.2624811020008035
14304,0.12953750389020088,9__mutated,PertCortex_9_GATCGATTCTGTGCAA,3.7971161933641917
14305,0.31172661275043606,9__mutated,PertCortex_9_GATCGCGGTACCGCTG,1.6000035752613924
14306,0.12303432342752152,9__mutated,PertCortex_9_GATCGCGGTGGAAAGA,2.9990557867501013
14307,0.12966701032843245,9__mutated,PertCortex_9_GATCGTAGTCTTGATG,4.952899414754496
14308,0.15148518727887997,9__mutated,PertCortex_9_GATCTAGAGCTAGGCA,3.7621960811599098
14309,0.24220956989466827,9__mutated,PertCortex_9_GATCTAGCATCGGAAG,2.7488906629153433
14310,0.157767084698949,9__mutated,PertCortex_9_GATCTAGGTCACTTCC,5.809900465127613
14311,0.262353354474014,9__mutated,PertCortex_9_GATCTAGTCATGTGGT,2.7985290329093058
14312,0.1588381741058346,9__mutated,PertCortex_9_GATGAAACATGTCGAT,4.344486563048195
14313,0.12727706800839148,9__mutated,PertCortex_9_GATGAAAGTGTGCGTC,4.567512544905101
14314,0.31826187192605704,9__mutated,PertCortex_9_GATGAAATCACCTCGT,2.9967882867758755
14315,0.15247564305750522,9__mutated,PertCortex_9_GATGAGGGTCATGCCG,3.5008700785915914
14316,0.24196792866745406,9__mutated,PertCortex_9_GATGAGGGTCTTCAAG,3.1191004822160786
14317,0.15198431889272643,9__mutated,PertCortex_9_GATGAGGTCCAAACTG,3.8168851686072816
14318,0.0803433751956146,9__mutated,PertCortex_9_GATGAGGTCTTTCCTC,3.783523202821214
14319,0.3458403244562537,9__mutated,PertCortex_9_GATTCAGAGCCGGTAA,2.3747230119471476
14320,0.16764697500720432,9__mutated,PertCortex_9_GATTCAGCATAGTAAG,3.3312695690439607
14321,0.10937265828055846,9__mutated,PertCortex_9_GATTCAGGTACGCACC,3.8798410258214875
14322,0.09949107047335866,9__mutated,PertCortex_9_GATTCAGTCCCTAATT,4.509520680192584
14323,0.07324737774233134,9__mutated,PertCortex_9_GCAAACTCATAGACTC,4.495577752753954
14324,0.19204403593512934,9__mutated,PertCortex_9_GCAAACTGTGAAAGAG,2.2196856164076673
14325,0.19570462113595982,9__mutated,PertCortex_9_GCAAACTTCATCACCC,3.478832954545195
14326,0.35491089573615364,9__mutated,PertCortex_9_GCAATCAAGAACTCGG,2.133164539729807
14327,0.1238844067692122,9__mutated,PertCortex_9_GCAATCACAGTTTACG,4.19791037263226
14328,0.5235897018713349,9__mutated,PertCortex_9_GCAATCATCCACTGGG,2.569089396049967
14329,0.09403518885388781,9__mutated,PertCortex_9_GCAATCATCGCCTGTT,3.3182754538909265
14330,0.16803094183571712,9__mutated,PertCortex_9_GCACATAAGATCTGAA,3.7110510110098804
14331,0.17376146730334743,9__mutated,PertCortex_9_GCACATACAGCCAGAA,3.554001135077331
14332,0.14961285796679272,9__mutated,PertCortex_9_GCACATATCGAATGCT,3.9784278859891966
14333,0.12561409801384305,9__mutated,PertCortex_9_GCACTCTAGCCAACAG,4.204998317448053
14334,0.04283102881936532,9__mutated,PertCortex_9_GCACTCTCAAGTTGTC,4.597663882439914
14335,0.20897353911138833,9__mutated,PertCortex_9_GCAGCCAGTTACTGAC,2.54776335991406
14336,0.10102685198955916,9__mutated,PertCortex_9_GCAGCCATCGCCTGTT,4.623619297334244
14337,0.07197452400238827,9__mutated,PertCortex_9_GCAGCCATCTGGTTCC,4.363150775702692
14338,0.08295657379087923,9__mutated,PertCortex_9_GCAGTTAAGTGGGCTA,4.769699800559118
14339,0.14251154106357317,9__mutated,PertCortex_9_GCAGTTAGTAGCAAAT,3.6925661355731716
14340,0.21990062148832779,9__mutated,PertCortex_9_GCATACAGTTGAGGTG,3.4607044845562815
14341,0.06275046166253183,9__mutated,PertCortex_9_GCATACATCTCGCTTG,4.198143225581842
14342,0.10585124763250274,9__mutated,PertCortex_9_GCATGATAGCCGCCTA,2.8905513464741364
14343,0.30463959790205847,9__mutated,PertCortex_9_GCATGATAGTTAGCGG,2.9300262722925186
14344,0.1688271936841217,9__mutated,PertCortex_9_GCATGATTCGCTAGCG,3.767284665449481
14345,0.1839225037942353,9__mutated,PertCortex_9_GCATGATTCTGCGTAA,3.5873764354002153
14346,0.16436667514832556,9__mutated,PertCortex_9_GCATGCGAGCGGCTTC,2.9545455819902915
14347,0.18135326335566845,9__mutated,PertCortex_9_GCATGCGAGGGATGGG,3.357322635843555
14348,0.04260031470041554,9__mutated,PertCortex_9_GCATGCGAGTTCGCAT,2.515933179517039
14349,0.10959883078894574,9__mutated,PertCortex_9_GCATGCGCATGGTCTA,3.3704866923958523
14350,0.0853779083583447,9__mutated,PertCortex_9_GCATGCGTCTACTATC,2.557066526996008
14351,0.10140581235636624,9__mutated,PertCortex_9_GCATGTACAAGGACTG,3.4322374945254186
14352,0.19671593736601423,9__mutated,PertCortex_9_GCATGTACACCTCGGA,3.1811166797711827
14353,0.09018508699051551,9__mutated,PertCortex_9_GCATGTATCGCAAACT,3.4885295356922663
14354,0.4790077673147183,9__mutated,PertCortex_9_GCCAAATAGCGATGAC,3.1060864498378575
14355,0.19264725809978966,9__mutated,PertCortex_9_GCCAAATCACCAGCAC,2.9324802077408867
14356,0.14682844490483446,9__mutated,PertCortex_9_GCCAAATCATGAGCGA,2.8236257062340324
14357,0.03163060723988302,9__mutated,PertCortex_9_GCCAAATGTAGCGTAG,4.311287878995698
14358,0.3109867357339358,9__mutated,PertCortex_9_GCCAAATTCCACTCCA,2.031252611331417
14359,0.23024009369433207,9__mutated,PertCortex_9_GCCAAATTCTTGCCGT,3.11531891026822
14360,0.032856379926996124,9__mutated,PertCortex_9_GCCTCTAAGTAGCGGT,3.480424537294831
14361,0.19355399419035155,9__mutated,PertCortex_9_GCCTCTACACTTAACG,3.526820747625101
14362,0.49578868898164613,9__mutated,PertCortex_9_GCCTCTAGTAACGTTC,1.7024314656128094
14363,0.16721432956566226,9__mutated,PertCortex_9_GCCTCTAGTCGAGTTT,4.266115203197809
14364,0.15205718170583335,9__mutated,PertCortex_9_GCCTCTATCACATAGC,3.2439439828761047
14365,0.12633178740598947,9__mutated,PertCortex_9_GCGACCAAGAGAGCTC,3.778050440063904
14366,0.11502226279911777,9__mutated,PertCortex_9_GCGACCAAGCGTGAGT,3.8518061645365353
14367,0.2140188188499589,9__mutated,PertCortex_9_GCGACCAAGCTATGCT,2.4720933439139845
14368,0.21757455154766908,9__mutated,PertCortex_9_GCGACCAAGGGTATCG,3.9908056030194565
14369,0.06080539536919922,9__mutated,PertCortex_9_GCGACCACACAGGTTT,3.5767415216372944
14370,0.0567453597901636,9__mutated,PertCortex_9_GCGACCAGTCAATACC,4.055904533432373
14371,0.3411520949207903,9__mutated,PertCortex_9_GCGACCAGTGATGATA,2.6526912508739593
14372,0.11592145982537388,9__mutated,PertCortex_9_GCGAGAAAGACCCACC,3.939953123896036
14373,0.19572651426548876,9__mutated,PertCortex_9_GCGAGAAAGGTACTCT,2.752072698153845
14374,0.554254055856432,9__mutated,PertCortex_9_GCGAGAACAGTATCTG,2.25048952674676
14375,0.031704334878245574,9__mutated,PertCortex_9_GCGAGAAGTATGAAAC,5.140186926206879
14376,0.14189606707385136,9__mutated,PertCortex_9_GCGAGAATCAGCTGGC,3.4069489413203007
14377,0.0923037656032324,9__mutated,PertCortex_9_GCGCAACCAATAGCAA,2.812921702065784
14378,0.14074628240570516,9__mutated,PertCortex_9_GCGCAACGTTGCGTTA,3.1874411133860914
14379,0.21076921002525678,9__mutated,PertCortex_9_GCGCAACTCACTATTC,3.2213923887922604
14380,0.052657769727858496,9__mutated,PertCortex_9_GCGCAACTCTGCAGTA,3.9652393762801883
14381,0.13713403985556932,9__mutated,PertCortex_9_GCGCAACTCTGCGTAA,3.4161155836170347
14382,0.3461213908761825,9__mutated,PertCortex_9_GCGCAGTAGATGCCTT,2.384987738615602
14383,0.3586680022539416,9__mutated,PertCortex_9_GCGCAGTAGTCGAGTG,2.7342557915369055
14384,0.2399403381934457,9__mutated,PertCortex_9_GCGCAGTCAAAGCGGT,2.6553191725978893
14385,0.21105086567825668,9__mutated,PertCortex_9_GCGCAGTCACATAACC,2.8481296797263713
14386,0.1011003700024963,9__mutated,PertCortex_9_GCGCAGTCACTCTGTC,4.770754411367965
14387,0.11801796322149238,9__mutated,PertCortex_9_GCGCAGTTCGGGAGTA,4.7074260906305705
14388,0.1858959766942344,9__mutated,PertCortex_9_GCGCCAAAGTACTTGC,2.6010281740109398
14389,0.14642101314118167,9__mutated,PertCortex_9_GCGCCAAGTTTGGCGC,3.3714262368797807
14390,0.2057873164354682,9__mutated,PertCortex_9_GCGCGATAGTCTTGCA,2.810973693209439
14391,0.26894044216792623,9__mutated,PertCortex_9_GCGCGATCAAGCGTAG,3.742130967932201
14392,0.19743500575153114,9__mutated,PertCortex_9_GCGCGATCAGCTCGAC,3.1177705607655457
14393,0.5114033165540619,9__mutated,PertCortex_9_GCGCGATGTCGAGATG,1.523284999018151
14394,0.1441184464227493,9__mutated,PertCortex_9_GCGCGATTCCGCGGTA,2.854758592328917
14395,0.15113676778132606,9__mutated,PertCortex_9_GCGGGTTCACGTTGGC,3.5869192775547747
14396,0.1970211996807788,9__mutated,PertCortex_9_GCGGGTTTCCAAGTAC,3.7440367661693954
14397,0.1537363669405457,9__mutated,PertCortex_9_GCTCCTAAGGTAGCCA,3.510912906650874
14398,0.02107250608438589,9__mutated,PertCortex_9_GCTCTGTAGGCACATG,3.7883220985276003
14399,0.18837649157339872,9__mutated,PertCortex_9_GCTCTGTCACAGACTT,4.321817189420346
14400,0.08555822514496002,9__mutated,PertCortex_9_GCTCTGTCAGCCTATA,3.821525836706932
14401,0.5559262601979459,9__mutated,PertCortex_9_GCTCTGTGTATCAGTC,2.0805685083569414
14402,0.17325981853935007,9__mutated,PertCortex_9_GCTGCAGGTCAGAGGT,3.4614084383794514
14403,0.16975662981696923,9__mutated,PertCortex_9_GCTGCAGGTGTTTGGT,2.198632843182361
14404,0.5499119420739464,9__mutated,PertCortex_9_GCTGCAGTCCTAAGTG,2.210228435814842
14405,0.25397790907988926,9__mutated,PertCortex_9_GCTGCAGTCCTCAATT,1.930113668082306
14406,0.2308952785462817,9__mutated,PertCortex_9_GCTGCAGTCTGATACG,2.6374955527627537
14407,0.5967117700655147,9__mutated,PertCortex_9_GCTGCGAAGTCAAGGC,1.529859370447547
14408,0.1788425841106326,9__mutated,PertCortex_9_GCTGCGACACCTCGTT,3.429664778607534
14409,0.16214075100998068,9__mutated,PertCortex_9_GCTGCGATCTCAAGTG,2.910321990702914
14410,0.17287235570799211,9__mutated,PertCortex_9_GCTGCTTAGGCAAAGA,3.2527575363978545
14411,0.0631276162807332,9__mutated,PertCortex_9_GCTGCTTAGTACGATA,4.85226680903379
14412,0.1939535758143114,9__mutated,PertCortex_9_GCTGCTTGTAAGTTCC,3.600904322485678
14413,0.6956236473365113,9__mutated,PertCortex_9_GCTGCTTTCACAAACC,1.7469622801779936
14414,0.14779667239219146,9__mutated,PertCortex_9_GCTGCTTTCTAGCACA,2.337539911285141
14415,0.0823654803170031,9__mutated,PertCortex_9_GCTGGGTCACCCATTC,1.830254841259083
14416,0.11485167856885889,9__mutated,PertCortex_9_GCTGGGTCAGTATAAG,2.475252823583921
14417,0.279350086577416,9__mutated,PertCortex_9_GCTGGGTCATTAGGCT,2.0811252195840364
14418,0.3029728981863916,9__mutated,PertCortex_9_GCTGGGTCATTTGCTT,2.5117626988925936
14419,0.056627257460699326,9__mutated,PertCortex_9_GCTGGGTTCGGAGGTA,4.098038212299989
14420,0.5871301565759804,9__mutated,PertCortex_9_GCTTCCAAGATACACA,1.8610696621364626
14421,0.14575721371188335,9__mutated,PertCortex_9_GCTTCCACACAGACTT,3.4260880954438826
14422,0.1155775323920603,9__mutated,PertCortex_9_GCTTGAAAGCTAGTGG,4.049172616568825
14423,0.1207222342548309,9__mutated,PertCortex_9_GCTTGAAAGTGTTGAA,3.829194833637652
14424,0.06513002973714152,9__mutated,PertCortex_9_GCTTGAACAGATCGGA,3.9288972520950307
14425,0.3946535539665735,9__mutated,PertCortex_9_GCTTGAACATTAGCCA,2.065335942102003
14426,0.12317629596952742,9__mutated,PertCortex_9_GGAAAGCCACTGTCGG,2.856689028735761
14427,0.1520769436923078,9__mutated,PertCortex_9_GGAAAGCTCCACGCAG,2.760261572038207
14428,0.3046123745362575,9__mutated,PertCortex_9_GGAAAGCTCTGAAAGA,2.9195054297532317
14429,0.13457550028618923,9__mutated,PertCortex_9_GGAACTTAGAGTTGGC,3.67069735466824
14430,0.19445537028384402,9__mutated,PertCortex_9_GGAACTTCACCAGATT,2.41442299502261
14431,0.10378793377403242,9__mutated,PertCortex_9_GGAACTTCAGACGCCT,2.93019871053256
14432,0.5122466855934975,9__mutated,PertCortex_9_GGAACTTCAGACGCTC,1.7709223023435738
14433,0.10066142446252584,9__mutated,PertCortex_9_GGAACTTGTAAATGTG,3.882957577838646
14434,0.15164517630850355,9__mutated,PertCortex_9_GGAATAAAGAGATGAG,5.225689150639307
14435,0.23755320614254127,9__mutated,PertCortex_9_GGAATAAAGTTGTAGA,1.9445420240114906
14436,0.00046475269660872044,9__mutated,PertCortex_9_GGAATAACAAGAGGCT,4.460074712229472
14437,0.18584456630716423,9__mutated,PertCortex_9_GGAATAACATCCCATC,2.2921997691379365
14438,0.2661079051308294,9__mutated,PertCortex_9_GGAATAACATCGGGTC,2.8273393580326074
14439,0.3312794297344349,9__mutated,PertCortex_9_GGAATAACATGAGCGA,3.7617337033970935
14440,0.16473275362183992,9__mutated,PertCortex_9_GGAATAACATTCGACA,3.579611580514457
14441,0.19568506242083955,9__mutated,PertCortex_9_GGAATAAGTCAAACTC,2.861397431536414
14442,0.5454581561955,9__mutated,PertCortex_9_GGAATAAGTCATCCCT,1.6880066176521609
14443,0.11085116244792,9__mutated,PertCortex_9_GGAATAAGTTAAGAAC,4.4920071599649996
14444,0.09474388315653014,9__mutated,PertCortex_9_GGACAAGAGACAAGCC,3.92290354024875
14445,0.30025371952204144,9__mutated,PertCortex_9_GGACAAGAGATGTAAC,1.3884250271528804
14446,0.18770464976355328,9__mutated,PertCortex_9_GGACAAGCAGAGTGTG,2.9392994965316044
14447,0.26137865074054756,9__mutated,PertCortex_9_GGACAAGTCGAGAACG,2.8238466728178917
14448,0.19999200974718384,9__mutated,PertCortex_9_GGACAAGTCGTAGATC,4.429544954015843
14449,0.15003792934980814,9__mutated,PertCortex_9_GGACAGAAGTCAAGCG,3.881675207469014
14450,0.08393790788453445,9__mutated,PertCortex_9_GGACAGACAGGGATTG,3.9412799096156195
14451,0.09941344575270973,9__mutated,PertCortex_9_GGACAGACATGGTTGT,3.242027577170614
14452,0.3671524895286437,9__mutated,PertCortex_9_GGACAGAGTCACACGC,1.4079177108749394
14453,0.09162498233495746,9__mutated,PertCortex_9_GGACAGATCAATCACG,4.686292690312768
14454,0.5082558164614082,9__mutated,PertCortex_9_GGACAGATCTTCGGTC,1.6835161782736663
14455,0.2351183282363343,9__mutated,PertCortex_9_GGACATTAGATCCGAG,3.2564416142712473
14456,0.12872393210964533,9__mutated,PertCortex_9_GGACATTCACAGCGTC,4.237291430966766
14457,0.19850404633506472,9__mutated,PertCortex_9_GGACATTCAGGTTTCA,3.182609046418962
14458,0.6349916101276523,9__mutated,PertCortex_9_GGACATTGTAGCGTAG,1.7462332500332005
14459,0.4755832649885242,9__mutated,PertCortex_9_GGACATTTCAAACGGG,1.8931270189907619
14460,0.015628544056628686,9__mutated,PertCortex_9_GGACATTTCAACGAAA,4.399380798781872
14461,0.08173603868530342,9__mutated,PertCortex_9_GGACATTTCACCTCGT,3.034181266440436
14462,0.20924057205729119,9__mutated,PertCortex_9_GGACGTCTCGGATGTT,1.745070092417323
14463,0.21628780251888308,9__mutated,PertCortex_9_GGAGCAACACAGAGGT,3.309370762670384
14464,0.18546609621159343,9__mutated,PertCortex_9_GGAGCAAGTTCAGACT,3.0079597025871734
14465,0.19736085526265992,9__mutated,PertCortex_9_GGAGCAATCCTGCAGG,3.406832684200387
14466,0.14414683002154677,9__mutated,PertCortex_9_GGATGTTAGCGTCTAT,2.9477048134880484
14467,0.2895719670664909,9__mutated,PertCortex_9_GGATGTTCAATAGAGT,2.1397784653227556
14468,0.6460277904738314,9__mutated,PertCortex_9_GGATGTTCAGAAGCAC,2.037744973212481
14469,0.07129639303903797,9__mutated,PertCortex_9_GGATGTTCAGATCCAT,2.865878860479397
14470,0.2501977830400016,9__mutated,PertCortex_9_GGATGTTCAGCGAACA,2.1424270971508497
14471,0.5269598707230324,9__mutated,PertCortex_9_GGATGTTGTAGGGACT,1.566276576191131
14472,0.1812741777868055,9__mutated,PertCortex_9_GGATGTTGTATAATGG,3.699315879527416
14473,0.31148147861406356,9__mutated,PertCortex_9_GGATGTTGTCGAGATG,1.9661007337765601
14474,0.2383089349389944,9__mutated,PertCortex_9_GGATGTTGTCTCATCC,4.905289038915442
14475,0.1245179839933696,9__mutated,PertCortex_9_GGATGTTGTGGTACAG,3.751920779013317
14476,0.06392104619941653,9__mutated,PertCortex_9_GGATTACAGAACTCGG,3.3242635951814234
14477,0.12451378841204178,9__mutated,PertCortex_9_GGATTACAGACAAAGG,2.514250930518824
14478,0.3870177945974494,9__mutated,PertCortex_9_GGATTACAGATAGGAG,2.0577492301156237
14479,0.23242809803999762,9__mutated,PertCortex_9_GGATTACAGCTCTCGG,2.6970156673574412
14480,0.031263719061594225,9__mutated,PertCortex_9_GGATTACGTGTCTGAT,4.108748063873306
14481,0.05506582121682166,9__mutated,PertCortex_9_GGATTACTCCCGGATG,3.216028526335215
14482,0.13435165443709218,9__mutated,PertCortex_9_GGCAATTAGATCTGAA,4.233181999921964
14483,0.11953333985707287,9__mutated,PertCortex_9_GGCAATTAGATGTTAG,2.7369752685152973
14484,0.17666710776542366,9__mutated,PertCortex_9_GGCAATTAGCTTTGGT,4.8686993756050905
14485,0.09979807022682066,9__mutated,PertCortex_9_GGCAATTAGGAATTAC,4.190267308269682
14486,0.0860484430975329,9__mutated,PertCortex_9_GGCAATTGTTGTGGAG,2.91427253039451
14487,0.2245662755974768,9__mutated,PertCortex_9_GGCAATTTCTATCCCG,2.442068933232734
14488,0.5065101935620095,9__mutated,PertCortex_9_GGCCGATCACATCCGG,1.0191329353151608
14489,0.20033640813350495,9__mutated,PertCortex_9_GGCCGATCAGTCCTTC,3.811068661806161
14490,0.2584837889574841,9__mutated,PertCortex_9_GGCCGATGTTCGAATC,2.8648101572103934
14491,0.25410188569030323,9__mutated,PertCortex_9_GGCGACTAGTTTGCGT,2.7485670019171002
14492,0.1999371866911628,9__mutated,PertCortex_9_GGCGACTCAAGCTGTT,3.253441111907762
14493,0.2244854127196942,9__mutated,PertCortex_9_GGCGACTGTACAGTTC,2.498611019744895
14494,0.1120438791343475,9__mutated,PertCortex_9_GGCGACTTCGTCACGG,3.6704118495811078
14495,0.1383889639106739,9__mutated,PertCortex_9_GGCGACTTCTTGAGGT,2.779038663080102
14496,0.5912747803644502,9__mutated,PertCortex_9_GGCGTGTAGATGTCGG,2.1863231231777966
14497,0.3958908831844752,9__mutated,PertCortex_9_GGCGTGTAGCCGTCGT,1.8312165897922696
14498,0.22339681554269397,9__mutated,PertCortex_9_GGCGTGTCACCGTTGG,3.382072297222901
14499,0.16142823419819977,9__mutated,PertCortex_9_GGCGTGTCAGATGGGT,4.271423901035216
14500,0.5205021694425707,9__mutated,PertCortex_9_GGCGTGTGTAGGCATG,2.2282392065551746
14501,0.058899621412390406,9__mutated,PertCortex_9_GGCGTGTTCTCGCATC,4.119397448268203
14502,0.6911509368746845,9__mutated,PertCortex_9_GGCTCGAGTAACGACG,1.1877424826482161
14503,0.18872420453694683,9__mutated,PertCortex_9_GGCTCGAGTGTCGCTG,4.612409172086493
14504,0.06884000698044951,9__mutated,PertCortex_9_GGCTCGATCCGCGCAA,3.187824478815639
14505,0.17709882742092042,9__mutated,PertCortex_9_GGCTCGATCGCCAAAT,3.3210074834674126
14506,0.06184640244534628,9__mutated,PertCortex_9_GGCTGGTAGAGTTGGC,4.414891539363009
14507,0.6099920317219215,9__mutated,PertCortex_9_GGCTGGTAGCCATCGC,2.021442776638657
14508,0.49504322201242995,9__mutated,PertCortex_9_GGCTGGTAGGGATCTG,1.6440946593633399
14509,0.3209056464671093,9__mutated,PertCortex_9_GGCTGGTAGGGTTTCT,1.9738427351321277
14510,0.49448673158287,9__mutated,PertCortex_9_GGGAATGGTATATCCG,1.9529168880247736
14511,0.20450795820153908,9__mutated,PertCortex_9_GGGAATGGTCGTTGTA,2.384863773010742
14512,0.4855497113594634,9__mutated,PertCortex_9_GGGAATGTCCTGTAGA,1.881969390802763
14513,0.15501278071226282,9__mutated,PertCortex_9_GGGACCTAGATAGCAT,3.3682007261371254
14514,0.14171609793246348,9__mutated,PertCortex_9_GGGAGATGTGCACTTA,2.7839792852181664
14515,0.05831957712757532,9__mutated,PertCortex_9_GGGAGATGTTCGTGAT,4.100924074038367
14516,0.43794086669874244,9__mutated,PertCortex_9_GGGAGATTCAATCACG,2.3548065000376037
14517,0.4611076080675033,9__mutated,PertCortex_9_GGGAGATTCTGCAAGT,1.8301077944116557
14518,0.16394574832460526,9__mutated,PertCortex_9_GGGATGAAGGACCACA,3.1602868172082617
14519,0.19325862523506937,9__mutated,PertCortex_9_GGGATGAAGGATGGTC,4.4171721605279615
14520,0.1501330034466599,9__mutated,PertCortex_9_GGGATGAGTTCGGGCT,3.007367882820836
14521,0.2526008376979117,9__mutated,PertCortex_9_GGGATGATCAGATAAG,2.4182146432981155
14522,0.3606682878977265,9__mutated,PertCortex_9_GGGCACTCATGATCCA,3.6121591722397888
14523,0.47599511386064297,9__mutated,PertCortex_9_GGGCACTTCTTACCTA,2.0085877244643933
14524,0.2836294464102604,9__mutated,PertCortex_9_GGGCATCAGGATATAC,2.3478420714112223
14525,0.07336433176393069,9__mutated,PertCortex_9_GGGCATCCAGCTGTTA,3.9174904869996756
14526,0.2958491287605043,9__mutated,PertCortex_9_GGGCATCCAGGTGCCT,3.1223373544192166
14527,0.3427092996823148,9__mutated,PertCortex_9_GGGCATCGTTACCAGT,2.3981429274851234
14528,0.22723196621517994,9__mutated,PertCortex_9_GGGCATCGTTATGTGC,2.5456598615903387
14529,0.03298366097194097,9__mutated,PertCortex_9_GGGCATCGTTTGGCGC,3.687987383740049
14530,0.13283710240583993,9__mutated,PertCortex_9_GGGCATCTCTGGAGCC,2.2950949734687858
14531,0.14778769492423607,9__mutated,PertCortex_9_GGGTCTGAGGTTACCT,3.3454862402130683
14532,0.34620843777104776,9__mutated,PertCortex_9_GGGTCTGAGTGCCAGA,2.2306176397889668
14533,0.03580023846601043,9__mutated,PertCortex_9_GGGTCTGCAATAGAGT,3.5752047112868115
14534,0.650417536299182,9__mutated,PertCortex_9_GGGTCTGCAATGGTCT,1.811256498534786
14535,0.2333922747883178,9__mutated,PertCortex_9_GGGTCTGCACAACGCC,3.336652843053819
14536,0.07941700061589961,9__mutated,PertCortex_9_GGGTCTGCACACGCTG,3.981764886045161
14537,0.014344109436273747,9__mutated,PertCortex_9_GGGTCTGCAGCTCGAC,4.320076993667596
14538,0.17233252028240356,9__mutated,PertCortex_9_GGGTCTGTCAGCTCGG,2.6843351831130478
14539,0.0832973157779306,9__mutated,PertCortex_9_GGGTTGCAGTCGAGTG,4.665492808211173
14540,0.1464076844395025,9__mutated,PertCortex_9_GGGTTGCGTACAAGTA,2.3687889812026675
14541,0.15802749573078492,9__mutated,PertCortex_9_GGTATTGAGTCATGCT,3.9494425685655146
14542,0.22123514236577996,9__mutated,PertCortex_9_GGTATTGAGTCGTTTG,2.3727224419681208
14543,0.09031468332708396,9__mutated,PertCortex_9_GGTATTGCAGTCTTCC,4.0294662424520284
14544,0.09293930399708346,9__mutated,PertCortex_9_GGTATTGGTCGACTGC,2.960285580200571
14545,0.13371675351555007,9__mutated,PertCortex_9_GGTATTGTCAACACCA,3.948245913087728
14546,0.06286242579955906,9__mutated,PertCortex_9_GGTATTGTCACAACGT,4.7335216821748
14547,0.15350530246211092,9__mutated,PertCortex_9_GGTATTGTCCAGAAGG,4.033842556660315
14548,0.16483526480028712,9__mutated,PertCortex_9_GGTATTGTCGTCGTTC,3.643667951099534
14549,0.15718103246977383,9__mutated,PertCortex_9_GGTGAAGCATCGATGT,2.662194677488689
14550,0.09819110030353374,9__mutated,PertCortex_9_GGTGAAGCATTCTCAT,3.1965863140040174
14551,0.5288773307186958,9__mutated,PertCortex_9_GGTGAAGGTAAGTAGT,1.7361776203626071
14552,0.12269976810170449,9__mutated,PertCortex_9_GGTGCGTGTAAACCTC,3.466418807550205
14553,0.040886428291559855,9__mutated,PertCortex_9_GGTGTTAAGCCGCCTA,3.6814879895778687
14554,0.11387025740858348,9__mutated,PertCortex_9_GGTGTTAGTTATCACG,2.374593564935919
14555,0.16515210771833588,9__mutated,PertCortex_9_GGTGTTAGTTGATTGC,2.2482055097870113
14556,0.21466007764890854,9__mutated,PertCortex_9_GTAACGTCAACACCCG,2.9535189099354073
14557,0.0914104857513303,9__mutated,PertCortex_9_GTAACGTCAGCCAATT,3.711836681400431
14558,0.16000048753330037,9__mutated,PertCortex_9_GTAACGTGTAGCTGCC,2.06123360932722
14559,0.1758172025577536,9__mutated,PertCortex_9_GTAACGTTCAACACGT,3.299840651515058
14560,0.05636874839526113,9__mutated,PertCortex_9_GTAACTGGTGCTAGCC,3.906238006619968
14561,0.01774587362333982,9__mutated,PertCortex_9_GTACGTATCCCTGACT,2.950827368294488
14562,0.48256613771252743,9__mutated,PertCortex_9_GTACTCCAGACGCAAC,2.710778507761986
14563,0.6716848156359463,9__mutated,PertCortex_9_GTACTCCCAGATGGCA,1.65145505734494
14564,0.2369264854823503,9__mutated,PertCortex_9_GTACTCCCATCCGCGA,2.7885676811870646
14565,0.10895251540031978,9__mutated,PertCortex_9_GTACTCCTCGATGAGG,3.8251428421406883
14566,0.5183831195156114,9__mutated,PertCortex_9_GTACTCCTCTTTACGT,1.7102762546988493
14567,0.11190673951070786,9__mutated,PertCortex_9_GTACTTTAGAAACGCC,4.108968429601303
14568,0.12020972268789536,9__mutated,PertCortex_9_GTACTTTAGAGCCTAG,2.8776929485672627
14569,0.23212140562308495,9__mutated,PertCortex_9_GTACTTTGTAAATGTG,2.961527871229305
14570,0.026984116017855716,9__mutated,PertCortex_9_GTACTTTTCTTTAGGG,3.6216874528074685
14571,-0.000713849265159345,9__mutated,PertCortex_9_GTAGGCCGTAACGCGA,4.010203884491708
14572,0.12765552849128753,9__mutated,PertCortex_9_GTAGGCCGTAGAAGGA,2.8546607929955146
14573,0.13265697986170966,9__mutated,PertCortex_9_GTAGGCCGTCATGCAT,2.4008577872584427
14574,0.14657436766681284,9__mutated,PertCortex_9_GTAGGCCTCCTCAATT,4.825579997318633
14575,0.2179301958770591,9__mutated,PertCortex_9_GTAGTCACAGTTCATG,3.3565020832501333
14576,0.1495253287177451,9__mutated,PertCortex_9_GTAGTCAGTATCAGTC,2.5758781273812157
14577,0.09234560723227814,9__mutated,PertCortex_9_GTAGTCATCAGGCGAA,3.140068446819665
14578,0.13041244823613424,9__mutated,PertCortex_9_GTATCTTAGGCACATG,4.336868128371041
14579,0.10450133859512638,9__mutated,PertCortex_9_GTATCTTCACGGTGTC,2.967618859852266
14580,0.21199143807027723,9__mutated,PertCortex_9_GTATCTTCAGGCGATA,3.8469276513215265
14581,0.08079738901909601,9__mutated,PertCortex_9_GTATCTTTCACGACTA,3.6127820794135856
14582,0.09281618876982692,9__mutated,PertCortex_9_GTATCTTTCGCATGGC,2.670572216389214
14583,0.37109658990100003,9__mutated,PertCortex_9_GTATTCTAGCGTCAAG,2.2822998240039962
14584,0.09169093817341395,9__mutated,PertCortex_9_GTATTCTAGGTACTCT,3.3101764206880464
14585,0.18939039627586662,9__mutated,PertCortex_9_GTATTCTAGTGAAGAG,3.568919484773249
14586,0.11796291557241806,9__mutated,PertCortex_9_GTATTCTCATCACGTA,3.948085945713941
14587,0.17893752461268475,9__mutated,PertCortex_9_GTATTCTCATGCATGT,2.602975722265969
14588,0.12663997936539287,9__mutated,PertCortex_9_GTATTCTGTCTCATCC,3.4023330220679355
14589,0.08365959426793025,9__mutated,PertCortex_9_GTCAAGTAGGACTGGT,4.208667691420437
14590,0.2307147823476144,9__mutated,PertCortex_9_GTCAAGTCAAGGTTCT,2.736930131638577
14591,0.1568550799442753,9__mutated,PertCortex_9_GTCAAGTCATGGTTGT,3.167920397125365
14592,0.09439955000823233,9__mutated,PertCortex_9_GTCAAGTTCACAACGT,4.153297312011677
14593,0.1246722484662387,9__mutated,PertCortex_9_GTCAAGTTCGAGAGCA,3.433375839149535
14594,0.21178261187799438,9__mutated,PertCortex_9_GTCACAACACAAGACG,2.8779035481424473
14595,0.10915260379333994,9__mutated,PertCortex_9_GTCACAACAGTATAAG,3.113188225122473
14596,0.24249972637698183,9__mutated,PertCortex_9_GTCACAACATGGGACA,2.714929202356865
14597,0.07746924252557125,9__mutated,PertCortex_9_GTCACAAGTGGTTTCA,5.355444357922494
14598,0.08482381271060468,9__mutated,PertCortex_9_GTCACGGAGCAACGGT,4.22227967441628
14599,0.12310712557962594,9__mutated,PertCortex_9_GTCACGGGTAAAGGAG,3.390472454405698
14600,0.17182402646541853,9__mutated,PertCortex_9_GTCACGGTCGGGAGTA,2.7547813585303937
14601,0.03710339691437839,9__mutated,PertCortex_9_GTCATTTCATCCGTGG,2.941120945698739
14602,0.5857473286171717,9__mutated,PertCortex_9_GTCATTTCATGAGCGA,2.0864278264627556
14603,0.48227235232212085,9__mutated,PertCortex_9_GTCATTTGTGGTCTCG,1.7072618002287363
14604,0.09176983836805827,9__mutated,PertCortex_9_GTCATTTTCATGCAAC,3.724349960034021
14605,0.3907322033950168,9__mutated,PertCortex_9_GTCCTCAAGCTACCTA,1.5273357400238172
14606,0.13458695883106261,9__mutated,PertCortex_9_GTCGGGTAGAAGCCCA,3.3173710969765304
14607,0.16381824134455863,9__mutated,PertCortex_9_GTCGGGTCAATGGAAT,2.6653404421312485
14608,0.12612947093223056,9__mutated,PertCortex_9_GTCGGGTGTCCGTGAC,4.985393546543086
14609,0.008830506580397685,9__mutated,PertCortex_9_GTCGGGTTCCCTCTTT,4.627964800699291
14610,0.2679849682600593,9__mutated,PertCortex_9_GTCGTAAAGCTACCTA,2.1371434278705794
14611,0.10020812558629795,9__mutated,PertCortex_9_GTCGTAAAGGTGCTTT,4.2513313295135
14612,0.07947186279189689,9__mutated,PertCortex_9_GTCGTAAAGGTTCCTA,2.8562216120903794
14613,0.10405362819235305,9__mutated,PertCortex_9_GTCGTAACACCAGGTC,3.8495992755399056
14614,0.1839218433931862,9__mutated,PertCortex_9_GTCGTAATCAAGATCC,3.4809049674631116
14615,0.21318358663517964,9__mutated,PertCortex_9_GTCTCGTAGAACAATC,3.293512654879241
14616,0.16660088273771137,9__mutated,PertCortex_9_GTCTCGTAGGCTATCT,3.5636239907763794
14617,0.11410322443464423,9__mutated,PertCortex_9_GTCTCGTCAGGTGGAT,3.9619655502381135
14618,0.1763859302465709,9__mutated,PertCortex_9_GTCTCGTCATCACCCT,3.0285285071722874
14619,0.13280376331798222,9__mutated,PertCortex_9_GTCTCGTGTTTGTTTC,2.9721982087649694
14620,0.18401738999342596,9__mutated,PertCortex_9_GTCTCGTTCACCAGGC,2.3061806208811375
14621,0.12107148268966536,9__mutated,PertCortex_9_GTCTTCGAGGACGAAA,4.191551985723651
14622,0.124215954129776,9__mutated,PertCortex_9_GTCTTCGAGGGATACC,4.187061477059035
14623,0.5431725413468911,9__mutated,PertCortex_9_GTCTTCGCAGTATCTG,2.5172812635935515
14624,0.09379854721139358,9__mutated,PertCortex_9_GTCTTCGCATGCAATC,3.7691557209099207
14625,0.26233671230923744,9__mutated,PertCortex_9_GTCTTCGTCCGCGGTA,2.5056641670333595
14626,0.16921234060485965,9__mutated,PertCortex_9_GTCTTCGTCTCTGTCG,3.3317893579434976
14627,0.16496981784733902,9__mutated,PertCortex_9_GTGAAGGAGTCAAGGC,2.732434372082501
14628,0.1813828533040664,9__mutated,PertCortex_9_GTGAAGGCACACATGT,3.5208693484724773
14629,0.5247725656594124,9__mutated,PertCortex_9_GTGAAGGTCTTACCTA,2.3565629863793616
14630,0.13579189291110366,9__mutated,PertCortex_9_GTGCAGCCAAACTGTC,3.3319965443377306
14631,0.08855169950543311,9__mutated,PertCortex_9_GTGCAGCCACCTTGTC,3.6122666639792773
14632,0.24378599993997588,9__mutated,PertCortex_9_GTGCAGCGTTCCGTCT,2.9527560435864673
14633,0.16455632714657312,9__mutated,PertCortex_9_GTGCAGCTCAGCTTAG,3.2600733798280155
14634,0.48872017555029984,9__mutated,PertCortex_9_GTGCATACAATGAAAC,2.3376619668809435
14635,0.43956934196133546,9__mutated,PertCortex_9_GTGCATAGTGACGGTA,1.594447269992484
14636,0.0606674374932583,9__mutated,PertCortex_9_GTGCGGTAGAAACCGC,4.279570590029591
14637,0.05500559198810406,9__mutated,PertCortex_9_GTGCGGTAGCACCGCT,3.558240291445655
14638,0.17046317408775205,9__mutated,PertCortex_9_GTGCGGTGTGCTTCTC,3.2124895853267916
14639,0.05029921653891306,9__mutated,PertCortex_9_GTGCTTCCACAGACAG,3.9073510099611846
14640,0.1672227530792149,9__mutated,PertCortex_9_GTGCTTCCAGCATACT,2.768462645580713
14641,0.12156657302260325,9__mutated,PertCortex_9_GTGCTTCTCGTGACAT,3.737544187753008
14642,0.07900971148780848,9__mutated,PertCortex_9_GTGGGTCAGTGTACCT,4.3016437225149895
14643,0.04616982583359872,9__mutated,PertCortex_9_GTGGGTCGTTCGTGAT,3.441905285278729
14644,0.22602400284884516,9__mutated,PertCortex_9_GTGGGTCGTTTCCACC,1.7047571980953171
14645,0.21737777235391773,9__mutated,PertCortex_9_GTGGGTCTCAACTCTT,3.065512001916167
14646,0.09154093969140334,9__mutated,PertCortex_9_GTGGGTCTCCTAGAAC,3.6129491967591703
14647,0.2342294645172211,9__mutated,PertCortex_9_GTGGGTCTCGAACTGT,3.338577472686421
14648,0.17416979535103347,9__mutated,PertCortex_9_GTGGGTCTCGGAGGTA,3.217452086735286
14649,0.48222657418320314,9__mutated,PertCortex_9_GTGGGTCTCTGCTGTC,2.748082543126661
14650,0.13213991564510547,9__mutated,PertCortex_9_GTGTGCGAGGTGGGTT,4.2924700185328
14651,0.1489344610152397,9__mutated,PertCortex_9_GTGTGCGCAGTAACGG,2.399487821255775
14652,0.1307837732089497,9__mutated,PertCortex_9_GTGTTAGAGTCCAGGA,3.5177634440740584
14653,0.09809411394882368,9__mutated,PertCortex_9_GTGTTAGGTGGGTATG,4.810859371833552
14654,0.23204528615520476,9__mutated,PertCortex_9_GTGTTAGTCGGAGGTA,2.2007699316557594
14655,0.18366510200503514,9__mutated,PertCortex_9_GTTACAGAGTGACATA,2.5638169635194483
14656,0.2889651083121999,9__mutated,PertCortex_9_GTTACAGCATACGCCG,2.35600188928155
14657,0.23492120633395375,9__mutated,PertCortex_9_GTTACAGTCCAGAGGA,2.6593636256271043
14658,0.10674484295692792,9__mutated,PertCortex_9_GTTACAGTCCTTTCGG,3.6398885146739612
14659,0.20946054554724164,9__mutated,PertCortex_9_GTTCATTAGAGATGAG,4.689503143509042
14660,0.5547675433715767,9__mutated,PertCortex_9_GTTCATTAGCGATATA,1.6453608012827858
14661,0.3722926835036829,9__mutated,PertCortex_9_GTTCATTAGGAACTGC,3.0094211913500732
14662,0.3246123715844212,9__mutated,PertCortex_9_GTTCATTAGTATCGAA,2.6152479031117073
14663,0.060063209365031525,9__mutated,PertCortex_9_GTTCATTCAATGGAAT,4.0275868260845
14664,0.14712005218984764,9__mutated,PertCortex_9_GTTCATTCAGGTGCCT,3.6813315315860944
14665,0.20404552906772785,9__mutated,PertCortex_9_GTTCATTGTTGCGTTA,3.316191255938218
14666,0.2504905414840016,9__mutated,PertCortex_9_GTTCATTTCACCGTAA,2.9184726113037005
14667,0.14971604469542785,9__mutated,PertCortex_9_GTTCATTTCTAACTGG,3.4015710340899328
14668,0.14559274988566848,9__mutated,PertCortex_9_GTTCGGGAGCTACCGC,4.685300621586619
14669,0.06112073275553507,9__mutated,PertCortex_9_GTTCGGGGTCCCTACT,3.847732960395313
14670,0.14471621861348372,9__mutated,PertCortex_9_GTTCGGGTCGCATGGC,5.293476108952073
14671,0.5054553765505737,9__mutated,PertCortex_9_GTTCTCGAGTGTGGCA,2.6431593688156947
14672,0.5814572079480862,9__mutated,PertCortex_9_GTTTCTAAGCAATATG,1.5201045190364257
14673,0.2793391383219712,9__mutated,PertCortex_9_GTTTCTAAGCAGGTCA,2.4133777199381345
14674,0.5710292163418753,9__mutated,PertCortex_9_GTTTCTAAGCTGTCTA,2.0079547991795503
14675,0.05003813105686909,9__mutated,PertCortex_9_GTTTCTAAGGCTATCT,4.096688485408841
14676,0.07758646620884138,9__mutated,PertCortex_9_GTTTCTAAGGTGTTAA,2.9795918549700264
14677,0.14770342034199282,9__mutated,PertCortex_9_GTTTCTACAGGTCCAC,3.4576734628857553
14678,0.2017986905624168,9__mutated,PertCortex_9_GTTTCTATCTGTCTCG,2.9929963523675753
14679,0.19320281883885201,9__mutated,PertCortex_9_TAAACCGTCGACGGAA,2.6817379908201295
14680,0.38420977393545125,9__mutated,PertCortex_9_TAAGAGAAGGCCCGTT,2.1392343522598742
14681,0.19375784207018915,9__mutated,PertCortex_9_TAAGAGACACATGGGA,3.975240933782083
14682,0.10112857532025231,9__mutated,PertCortex_9_TAAGAGACAGCTCCGA,3.477814902929684
14683,0.5154466169091029,9__mutated,PertCortex_9_TAAGAGACAGTGAGTG,1.6463535155310334
14684,0.2148729276868435,9__mutated,PertCortex_9_TAAGAGAGTGGGTCAA,2.2448977174074014
14685,0.12329996105363043,9__mutated,PertCortex_9_TAAGAGAGTTAGTGGG,3.6510444261720347
14686,0.4251085862973575,9__mutated,PertCortex_9_TAAGAGATCTTGCATT,2.7529103569534654
14687,0.11109599963421213,9__mutated,PertCortex_9_TAAGCGTAGATGTGTA,4.165841026180631
14688,0.19504472867187628,9__mutated,PertCortex_9_TAAGCGTCACTGTTAG,3.431542998234868
14689,0.032596777052767444,9__mutated,PertCortex_9_TAAGCGTTCCAAACAC,4.815370025934277
14690,0.08711967908417173,9__mutated,PertCortex_9_TAAGCGTTCCCGGATG,4.225919913981798
14691,0.059047169717546096,9__mutated,PertCortex_9_TAAGTGCTCCGCAAGC,3.3950541207968152
14692,0.09865277655811265,9__mutated,PertCortex_9_TACACGAAGGGATCTG,4.368241873352323
14693,0.1896354086331362,9__mutated,PertCortex_9_TACACGAGTACTTCTT,2.7048273708799444
14694,0.5004688111868899,9__mutated,PertCortex_9_TACACGAGTGTGAAAT,2.744177341411176
14695,0.24290846269345165,9__mutated,PertCortex_9_TACACGAGTTAGATGA,2.554138022588035
14696,0.44069911415155494,9__mutated,PertCortex_9_TACACGATCTGCAAGT,2.0518691832142104
14697,0.6246100541924577,9__mutated,PertCortex_9_TACAGTGAGTTATCGC,1.6624094295168401
14698,0.19741560451325338,9__mutated,PertCortex_9_TACAGTGTCCCATTTA,3.306957819779848
14699,0.171544782332911,9__mutated,PertCortex_9_TACAGTGTCTGCGACG,3.4982395569305726
14700,0.17750024977083723,9__mutated,PertCortex_9_TACCTATAGTGGTCCC,2.9765669510603603
14701,0.09249195438834495,9__mutated,PertCortex_9_TACCTATGTCACTTCC,3.1735455409460274
14702,0.15582299253476217,9__mutated,PertCortex_9_TACCTATGTCGCCATG,3.478325548705625
14703,0.13672821324506257,9__mutated,PertCortex_9_TACCTATTCCTTCAAT,4.556117391274006
14704,0.3843911810201549,9__mutated,PertCortex_9_TACCTTAAGGCATTGG,1.2485233245496423
14705,0.03334598266594839,9__mutated,PertCortex_9_TACCTTACAAGAAGAG,4.419988177317417
14706,0.1311891565344642,9__mutated,PertCortex_9_TACCTTAGTACTTAGC,4.515889848693421
14707,0.6605608546717056,9__mutated,PertCortex_9_TACGGATAGTGTTAGA,1.7278047671740122
14708,0.1795652300836308,9__mutated,PertCortex_9_TACGGGCAGCGGATCA,4.654140172616636
14709,0.05063146468749278,9__mutated,PertCortex_9_TACGGGCGTTACGTCA,3.914130989500752
14710,0.058634406091498656,9__mutated,PertCortex_9_TACGGGCGTTTAGCTG,4.333215079947893
14711,0.10604820258602483,9__mutated,PertCortex_9_TACGGGCTCCGTAGTA,3.9466808672386997
14712,0.2413568215098651,9__mutated,PertCortex_9_TACGGTACAAGTCATC,2.6539357168603965
14713,0.07320618173891262,9__mutated,PertCortex_9_TACTCATGTAAACACA,3.8811598779514997
14714,0.3394947190841779,9__mutated,PertCortex_9_TACTCATGTCAAACTC,2.189347323788707
14715,0.270919736310979,9__mutated,PertCortex_9_TACTCGCCAAGCGCTC,1.7889661147762048
14716,0.08710586720280215,9__mutated,PertCortex_9_TACTCGCGTAAGTGTA,4.7092588854824955
14717,0.31259165088518187,9__mutated,PertCortex_9_TACTCGCGTACTTCTT,2.924395767942409
14718,0.056848541579995575,9__mutated,PertCortex_9_TACTCGCTCAAAGTAG,4.019382900695353
14719,0.5409209403443277,9__mutated,PertCortex_9_TACTCGCTCGCACTCT,1.728918058122143
14720,0.14654443798778635,9__mutated,PertCortex_9_TACTTACAGGGTTCCC,3.149625008781409
14721,0.09260969184459443,9__mutated,PertCortex_9_TACTTACAGTCGTTTG,4.081408564829268
14722,0.29015561961996794,9__mutated,PertCortex_9_TACTTACAGTGGGCTA,2.3179052717607336
14723,0.330373514460555,9__mutated,PertCortex_9_TACTTACCAGTCGATT,2.5511095590004116
14724,0.2428954582913156,9__mutated,PertCortex_9_TACTTGTAGACTTGAA,2.2009222611821815
14725,0.0884870317723427,9__mutated,PertCortex_9_TACTTGTAGCAATATG,3.826052402124979
14726,0.1964901096265267,9__mutated,PertCortex_9_TACTTGTAGCCGATTT,3.617222588652539
14727,0.5052218300092968,9__mutated,PertCortex_9_TACTTGTAGGAATGGA,2.2267540399528434
14728,0.1220236542724961,9__mutated,PertCortex_9_TACTTGTAGGATGGAA,4.012105149110531
14729,0.13367622266777895,9__mutated,PertCortex_9_TACTTGTAGTACACCT,3.7896461881509866
14730,0.2188892893369375,9__mutated,PertCortex_9_TACTTGTCAAGCCCAC,3.310812985545347
14731,0.16043180981266172,9__mutated,PertCortex_9_TACTTGTTCTTCATGT,3.5155022607307456
14732,0.15585162695958402,9__mutated,PertCortex_9_TAGACCACAATGAATG,3.7151846886491193
14733,0.11186624958482162,9__mutated,PertCortex_9_TAGACCACATACTACG,3.6596054426172477
14734,0.214574634283828,9__mutated,PertCortex_9_TAGACCATCTCCCTGA,2.323848243823475
14735,0.1621771242106614,9__mutated,PertCortex_9_TAGAGCTCAAGCCATT,2.7571130638383394
14736,0.26918569751415145,9__mutated,PertCortex_9_TAGAGCTCACGTTGGC,2.0494046965012878
14737,0.1841011747786435,9__mutated,PertCortex_9_TAGAGCTCAGGTCCAC,2.4325383187383993
14738,0.2314206720590412,9__mutated,PertCortex_9_TAGAGCTTCTGTGCAA,2.1652589601091683
14739,0.16244473046705338,9__mutated,PertCortex_9_TAGAGCTTCTTATCTG,3.687074395309184
14740,0.3605502090893331,9__mutated,PertCortex_9_TAGCCGGAGAGAGCTC,2.3263883993457006
14741,0.20405794618317277,9__mutated,PertCortex_9_TAGCCGGAGATCCCGC,3.0296502745358866
14742,0.17394735821965318,9__mutated,PertCortex_9_TAGCCGGAGCAGATCG,2.544753431167556
14743,0.16386601170910198,9__mutated,PertCortex_9_TAGCCGGAGGCATGGT,3.419674976246199
14744,0.14045991009168285,9__mutated,PertCortex_9_TAGCCGGCAATGGAAT,3.178280011574716
14745,0.14564198312141988,9__mutated,PertCortex_9_TAGCCGGCAGTACACT,4.171078556206823
14746,0.19137634127822253,9__mutated,PertCortex_9_TAGCCGGCATTGGCGC,3.3731421020691648
14747,0.2755404377382682,9__mutated,PertCortex_9_TAGCCGGGTCCGAGTC,2.2717903777977466
14748,0.20303591279633842,9__mutated,PertCortex_9_TAGCCGGGTTGAGTTC,2.2427893027060297
14749,0.1705248215104645,9__mutated,PertCortex_9_TAGCCGGTCCCTTGCA,3.292086501896728
14750,0.21858194262651137,9__mutated,PertCortex_9_TAGCCGGTCGAGGTAG,3.0709166510189654
14751,0.4021643611807195,9__mutated,PertCortex_9_TAGGCATAGGGTGTTG,2.0897027660219027
14752,0.12015692261719961,9__mutated,PertCortex_9_TAGGCATCAGACGCAA,3.4651930350835802
14753,0.13347653703564466,9__mutated,PertCortex_9_TAGGCATGTCTCTTTA,3.815320402818723
14754,0.5182775399314289,9__mutated,PertCortex_9_TAGTGGTCAAACCCAT,1.6237387806972716
14755,0.160389859106413,9__mutated,PertCortex_9_TAGTGGTCACCAGGCT,3.4015960930466274
14756,0.10144698161025345,9__mutated,PertCortex_9_TAGTGGTGTCTAAACC,4.428940258659426
14757,0.18334392523771903,9__mutated,PertCortex_9_TAGTTGGAGGAACTGC,2.671379196003584
14758,0.33098891052234425,9__mutated,PertCortex_9_TAGTTGGCATTGGGCC,2.2925566956466996
14759,0.06578471838194025,9__mutated,PertCortex_9_TAGTTGGGTCTTTCAT,3.3855991764689013
14760,0.5522139773525194,9__mutated,PertCortex_9_TAGTTGGGTGCGGTAA,2.152347378184526
14761,0.33337038441888994,9__mutated,PertCortex_9_TAGTTGGGTTCGGGCT,2.547071557049045
14762,0.47141278610998605,9__mutated,PertCortex_9_TATCAGGAGAGTGACC,2.139719832451161
14763,0.12731780620549488,9__mutated,PertCortex_9_TATCAGGGTAGAAGGA,3.213496680326697
14764,0.2609202354037554,9__mutated,PertCortex_9_TATCAGGTCTAACCGA,2.426080266086031
14765,0.12944850334809666,9__mutated,PertCortex_9_TATCTCAGTATTAGCC,4.012528050369169
14766,0.121510857090096,9__mutated,PertCortex_9_TATCTCAGTGACTACT,3.664474715663009
14767,0.10014861416368177,9__mutated,PertCortex_9_TATGCCCAGGACGAAA,3.8532426333850354
14768,0.12911206950508888,9__mutated,PertCortex_9_TATGCCCGTGGTCCGT,4.359853038754778
14769,0.4520251821187498,9__mutated,PertCortex_9_TATGCCCGTGTGAAAT,2.7575041825062745
14770,0.4036261767524109,9__mutated,PertCortex_9_TATTACCAGCTCTCGG,2.309258386081976
14771,0.12729997835468868,9__mutated,PertCortex_9_TATTACCGTGCTCTTC,4.621674679353916
14772,0.1840456945206325,9__mutated,PertCortex_9_TATTACCGTTCATGGT,2.739560987086658
14773,0.25857525638299844,9__mutated,PertCortex_9_TATTACCTCTTTAGTC,3.4668186960990144
14774,0.18849285730026963,9__mutated,PertCortex_9_TCAACGACAACTGCTA,3.227643810593979
14775,0.39795718377843275,9__mutated,PertCortex_9_TCAACGACACGTCTCT,1.6949077458277093
14776,0.10562773729290253,9__mutated,PertCortex_9_TCAACGACATTGGTAC,3.789579151593457
14777,0.19356583626300566,9__mutated,PertCortex_9_TCAACGAGTAGCGTAG,3.251205260390497
14778,0.3653854533112671,9__mutated,PertCortex_9_TCAACGAGTCAGATAA,1.830749736393803
14779,0.06677228768776515,9__mutated,PertCortex_9_TCAACGATCAGTTCGA,4.172759774853527
14780,0.11147086820303997,9__mutated,PertCortex_9_TCAACGATCGGTTAAC,4.035123928597667
14781,0.18213142613798455,9__mutated,PertCortex_9_TCAATCTCATGGTCAT,4.004845046146896
14782,0.37886533735138883,9__mutated,PertCortex_9_TCAATCTGTCATTAGC,2.4772970856222694
14783,0.21100981284184592,9__mutated,PertCortex_9_TCAATCTTCATCGGAT,3.0061946245628137
14784,0.2200672872339909,9__mutated,PertCortex_9_TCACAAGAGCCCTAAT,2.3618313536652478
14785,0.11470024871129134,9__mutated,PertCortex_9_TCACAAGCACAGACTT,3.6013426729220717
14786,0.2364347198816298,9__mutated,PertCortex_9_TCACAAGCACGTAAGG,1.8786196308528351
14787,0.6190539152680731,9__mutated,PertCortex_9_TCACAAGCAGACAAGC,1.6419277586261043
14788,0.04755587180017314,9__mutated,PertCortex_9_TCACAAGGTCTACCTC,3.887113778952822
14789,0.1350226906344347,9__mutated,PertCortex_9_TCAGATGAGCCGCCTA,5.31457579830538
14790,0.10565139547662507,9__mutated,PertCortex_9_TCAGATGAGCTATGCT,3.498134809621879
14791,0.11004778479563654,9__mutated,PertCortex_9_TCAGATGGTCCAAGTT,3.6978266055873665
14792,0.10612296999406946,9__mutated,PertCortex_9_TCAGATGGTTGCGTTA,3.4730091263553233
14793,0.23121639063022933,9__mutated,PertCortex_9_TCAGATGTCCCATTAT,3.107929925900924
14794,0.08242822081965274,9__mutated,PertCortex_9_TCAGCAAAGGCAATTA,4.936715199881377
14795,0.16477001921244464,9__mutated,PertCortex_9_TCAGCAACATAAAGGT,3.5077104453781787
14796,0.121314368942213,9__mutated,PertCortex_9_TCAGCAACATATGAGA,2.93994212083939
14797,0.13561557024836315,9__mutated,PertCortex_9_TCAGCAAGTTCAGACT,2.5218785383479134
14798,0.234101087416175,9__mutated,PertCortex_9_TCAGCAATCTGGCGAC,3.358755143447056
14799,0.06918461720282405,9__mutated,PertCortex_9_TCAGCTCAGTACGATA,3.8964761116807876
14800,0.16592919847770066,9__mutated,PertCortex_9_TCAGCTCGTCGACTAT,2.739539290127097
14801,0.44682013282620203,9__mutated,PertCortex_9_TCAGCTCGTCTGCAAT,1.609761764245006
14802,0.028235782904704538,9__mutated,PertCortex_9_TCAGCTCTCCTCGCAT,2.1253630912636408
14803,0.26866837431914,9__mutated,PertCortex_9_TCAGCTCTCGACGGAA,2.107361756757441
14804,0.3449382313197138,9__mutated,PertCortex_9_TCAGCTCTCGGCGCTA,2.327860652622051
14805,0.19201910937708785,9__mutated,PertCortex_9_TCAGGATAGCCTATGT,3.484079761501029
14806,0.17506324961605854,9__mutated,PertCortex_9_TCAGGATAGTCAATAG,3.1935946104078856
14807,0.18056613380773404,9__mutated,PertCortex_9_TCAGGATAGTCGATAA,2.6589671401974573
14808,0.1888608208024256,9__mutated,PertCortex_9_TCAGGATCACACAGAG,3.7904862525680763
14809,0.15553138780321457,9__mutated,PertCortex_9_TCAGGATCAGTGGAGT,4.256558689515004
14810,0.19430264608838474,9__mutated,PertCortex_9_TCAGGATCATGGTAGG,2.5511007507250936
14811,0.12103687590071271,9__mutated,PertCortex_9_TCAGGATGTCTTCGTC,3.064873637441322
14812,0.31254851581385396,9__mutated,PertCortex_9_TCAGGTAAGACATAAC,2.2814148144980884
14813,0.20229872584037506,9__mutated,PertCortex_9_TCAGGTACAGCCTATA,2.7851741001948227
14814,0.49306930202875654,9__mutated,PertCortex_9_TCAGGTAGTAAACCTC,1.8675046993738689
14815,0.5169932912018836,9__mutated,PertCortex_9_TCATTACCAAGCGAGT,2.4447887835722013
14816,0.09918038697119054,9__mutated,PertCortex_9_TCATTACGTCCGTCAG,4.107334157993454
14817,0.3752551278822391,9__mutated,PertCortex_9_TCATTTGAGCGATAGC,2.0653406463670465
14818,0.23484854778613798,9__mutated,PertCortex_9_TCATTTGAGGGATGGG,2.4654388189050205
14819,0.0495691882999324,9__mutated,PertCortex_9_TCATTTGTCACTATTC,3.6992746498227875
14820,0.2513889022615211,9__mutated,PertCortex_9_TCCACACAGCTGTTCA,2.9011168346720098
14821,0.12357448523522416,9__mutated,PertCortex_9_TCCACACCACTTCTGC,4.09056630894335
14822,0.6579285656221803,9__mutated,PertCortex_9_TCCACACGTCATCCCT,1.7112737899839636
14823,0.2106044495346107,9__mutated,PertCortex_9_TCCACACTCCAAACTG,2.945275394738323
14824,0.4212454425768459,9__mutated,PertCortex_9_TCGAGGCAGAAACCTA,2.7040161826771993
14825,0.20500879034471559,9__mutated,PertCortex_9_TCGAGGCAGAACTCGG,4.448539760821932
14826,0.5107519792826395,9__mutated,PertCortex_9_TCGAGGCAGGCTAGAC,1.979202789875033
14827,0.13070372290302568,9__mutated,PertCortex_9_TCGAGGCCAGCGTTCG,2.9074600039098937
14828,0.1147505563679,9__mutated,PertCortex_9_TCGAGGCTCCGCAGTG,2.344810919452816
14829,0.12463322340473319,9__mutated,PertCortex_9_TCGAGGCTCGTTTAGG,3.623135121022193
14830,0.07932470205608774,9__mutated,PertCortex_9_TCGCGAGAGCCCAACC,3.675533048504518
14831,0.16929738308251133,9__mutated,PertCortex_9_TCGCGAGGTACCCAAT,3.180177356317354
14832,0.3910270934996764,9__mutated,PertCortex_9_TCGCGTTCACGCTTTC,2.4942041604175955
14833,0.17682989581361103,9__mutated,PertCortex_9_TCGCGTTGTACCAGTT,3.2494958380859047
14834,0.5663747743461011,9__mutated,PertCortex_9_TCGCGTTGTACGCACC,1.6403057100492575
14835,0.3830977033120872,9__mutated,PertCortex_9_TCGGGACCACTTCGAA,1.6143001595233455
14836,0.23336454305586704,9__mutated,PertCortex_9_TCGGGACCAGTTTACG,2.708149255423261
14837,0.10131598466982036,9__mutated,PertCortex_9_TCGGGACGTCGATTGT,3.943038818785706
14838,0.11558096470271118,9__mutated,PertCortex_9_TCGGGACTCGAATGGG,3.150273947502068
14839,0.3994221677351407,9__mutated,PertCortex_9_TCGGTAAGTCTAACGT,3.529693574856124
14840,0.5738641493607511,9__mutated,PertCortex_9_TCGGTAATCAGTGTTG,2.157687322669814
14841,0.09215002854844871,9__mutated,PertCortex_9_TCGTACCCATCGGAAG,4.176570929194051
14842,0.036815409631248776,9__mutated,PertCortex_9_TCGTACCGTAAAGGAG,4.109280023204417
14843,0.2073169063030711,9__mutated,PertCortex_9_TCGTAGAAGGCGATAC,3.202956179605527
14844,0.24765119763707877,9__mutated,PertCortex_9_TCGTAGAAGGTAAACT,2.7019435194122354
14845,0.1021856280553722,9__mutated,PertCortex_9_TCGTAGACAAATCCGT,4.081762253249302
14846,0.13743779027852282,9__mutated,PertCortex_9_TCGTAGACATTATCTC,4.424290745254044
14847,0.15117144419454145,9__mutated,PertCortex_9_TCGTAGAGTTTCGCTC,2.8561124168799994
14848,0.2381612218144752,9__mutated,PertCortex_9_TCTATTGAGGCATGTG,2.865954474150545
14849,0.47907281943219926,9__mutated,PertCortex_9_TCTATTGGTCTAAACC,1.8503946076000783
14850,0.05425866175537393,9__mutated,PertCortex_9_TCTATTGTCTGATTCT,4.721610963754986
14851,0.29363851997387064,9__mutated,PertCortex_9_TCTATTGTCTTGTCAT,3.77573794945814
14852,0.2584133143108974,9__mutated,PertCortex_9_TCTCATAAGACAGAGA,3.7272877911031137
14853,0.02758802044434916,9__mutated,PertCortex_9_TCTCATAAGGCGTACA,3.9399696755793694
14854,0.004576274508566376,9__mutated,PertCortex_9_TCTCATACAAGTCTGT,4.497338535919147
14855,0.09701842510903308,9__mutated,PertCortex_9_TCTCATAGTCCTCTTG,4.094363592396925
14856,0.1697275696087497,9__mutated,PertCortex_9_TCTCTAACACTTGGAT,3.092890619844803
14857,0.11483627565867527,9__mutated,PertCortex_9_TCTCTAAGTTGACGTT,3.8012499236505355
14858,0.17316887488133373,9__mutated,PertCortex_9_TCTCTAAGTTGTCGCG,3.149688180761123
14859,0.25529883426947925,9__mutated,PertCortex_9_TCTCTAATCAACACCA,1.5323530815088398
14860,0.17397401268759283,9__mutated,PertCortex_9_TCTGAGAAGGCTACGA,4.277260824857298
14861,0.2691034447748907,9__mutated,PertCortex_9_TCTGAGAGTAAATACG,2.5331439483399474
14862,0.16007161497981162,9__mutated,PertCortex_9_TCTGGAAGTGGTGTAG,3.4415349991581916
14863,0.258687498991198,9__mutated,PertCortex_9_TCTGGAAGTTAGGGTG,2.7530257960420688
14864,0.19708404100208335,9__mutated,PertCortex_9_TCTTCGGAGTGCGATG,3.324965324151206
14865,0.10681709827931435,9__mutated,PertCortex_9_TCTTCGGCACTACAGT,4.47011460527308
14866,0.1016465473674338,9__mutated,PertCortex_9_TCTTTCCAGCTAGTTC,3.5425005865353634
14867,0.5105830341674077,9__mutated,PertCortex_9_TCTTTCCCAATGGATA,2.591211312114211
14868,0.3116594792600289,9__mutated,PertCortex_9_TCTTTCCGTCCAAGTT,2.9949451212247977
14869,0.28103578691118997,9__mutated,PertCortex_9_TCTTTCCGTGCTAGCC,3.19219825757256
14870,0.24082577718743325,9__mutated,PertCortex_9_TCTTTCCTCAACACAC,2.672208513702629
14871,0.5681919685228227,9__mutated,PertCortex_9_TGAAAGAAGAGCTGGT,1.9647272593719902
14872,0.09439680464546403,9__mutated,PertCortex_9_TGAAAGAAGGCATGGT,3.609379719477075
14873,0.5814388892574717,9__mutated,PertCortex_9_TGAAAGACACCGATAT,1.324435208480904
14874,0.08277905376139341,9__mutated,PertCortex_9_TGAAAGACAGTATGCT,3.9145769841628737
14875,0.6267906320172546,9__mutated,PertCortex_9_TGAAAGAGTTATCACG,1.285402386678742
14876,0.08368249378957937,9__mutated,PertCortex_9_TGAAAGATCGCAAGCC,4.660890004167932
14877,0.5686243426568416,9__mutated,PertCortex_9_TGACAACAGAGCCCAA,2.1976944361258215
14878,0.4002027169993237,9__mutated,PertCortex_9_TGACAACCATTGGGCC,2.3037283961518717
14879,0.6857141482269653,9__mutated,PertCortex_9_TGACGGCAGACCGGAT,1.6964658248237636
14880,0.05227737038776654,9__mutated,PertCortex_9_TGACGGCCAATCCGAT,3.1666126812506854
14881,0.1272594668225625,9__mutated,PertCortex_9_TGACGGCCAGGATCGA,4.2043865518637435
14882,0.19895889092567082,9__mutated,PertCortex_9_TGACGGCCATGCAACT,2.894614630184052
14883,0.4691389748802035,9__mutated,PertCortex_9_TGACGGCGTCACCTAA,1.5360716839204727
14884,0.6470636966363946,9__mutated,PertCortex_9_TGACTAGAGAGGTTGC,1.664797339009876
14885,0.15677406592497675,9__mutated,PertCortex_9_TGACTAGAGAGTAATC,5.638985800684697
14886,0.09453672681529134,9__mutated,PertCortex_9_TGACTAGAGCTTCGCG,3.732507848116773
14887,0.5872784729817407,9__mutated,PertCortex_9_TGACTAGAGGTCGGAT,2.2129997081095585
14888,0.09597874464658995,9__mutated,PertCortex_9_TGACTAGGTAAAGTCA,3.7267697991852646
14889,0.1237163650002948,9__mutated,PertCortex_9_TGACTAGGTTTGGGCC,4.754883932192466
14890,0.11865936985200565,9__mutated,PertCortex_9_TGACTAGTCAGGCGAA,2.9421817481938786
14891,0.6258901110114642,9__mutated,PertCortex_9_TGACTAGTCTACTATC,1.6776946675499895
14892,0.11186380259893407,9__mutated,PertCortex_9_TGACTAGTCTGTCTCG,3.348239528176723
14893,0.5722470932289546,9__mutated,PertCortex_9_TGACTTTGTGTGCCTG,1.6621614622591465
14894,0.11006207650670245,9__mutated,PertCortex_9_TGACTTTGTTGCTCCT,3.308362557690353
14895,0.08636516020832806,9__mutated,PertCortex_9_TGACTTTTCTTGACGA,4.404483672386619
14896,0.11630554011095993,9__mutated,PertCortex_9_TGAGAGGCAATCTACG,4.10182306358023
14897,0.14012877372772278,9__mutated,PertCortex_9_TGAGAGGCAGATGAGC,3.70286481488186
14898,0.27851830590057813,9__mutated,PertCortex_9_TGAGAGGCATTTGCTT,4.101170018315527
14899,0.07436460682496318,9__mutated,PertCortex_9_TGAGAGGGTAGCTCCG,3.314492441567957
14900,0.03679841427566154,9__mutated,PertCortex_9_TGAGAGGGTGCAACGA,3.7305653114176276
14901,0.1232393582036633,9__mutated,PertCortex_9_TGAGAGGTCTAACTCT,1.9727853517219491
14902,0.25102331866923344,9__mutated,PertCortex_9_TGAGCATAGAGGGATA,1.8065914580623244
14903,0.18674383570479922,9__mutated,PertCortex_9_TGAGCATAGTCGATAA,3.6297038163282167
14904,0.26432085924855664,9__mutated,PertCortex_9_TGAGCATCAAACGCGA,3.858386779216788
14905,0.14629208095690885,9__mutated,PertCortex_9_TGAGCATCACTATCTT,4.544698741036507
14906,0.11004343946907919,9__mutated,PertCortex_9_TGAGCATCATACCATG,5.306683621404475
14907,0.2688655645278283,9__mutated,PertCortex_9_TGAGCATCATAGTAAG,2.1969848770407627
14908,0.3958010844332691,9__mutated,PertCortex_9_TGAGCATGTCCCGACA,2.6768552702095856
14909,0.2141061008725842,9__mutated,PertCortex_9_TGAGCATTCTAGCACA,3.97994614605067
14910,0.13139760724730562,9__mutated,PertCortex_9_TGAGCCGGTGTAATGA,3.4649789313769443
14911,0.1136831923054748,9__mutated,PertCortex_9_TGAGGGACATGGTCAT,3.381224888027174
14912,0.21064318540598123,9__mutated,PertCortex_9_TGATTTCCACATTTCT,2.8880735386461835
14913,0.16137692159583528,9__mutated,PertCortex_9_TGATTTCGTAGGCATG,3.8333904397111174
14914,0.16006901259974787,9__mutated,PertCortex_9_TGATTTCTCAATAAGG,4.013353605394676
14915,0.10987361793962751,9__mutated,PertCortex_9_TGCACCTAGTTGTCGT,4.274146387444194
14916,0.04179638562819892,9__mutated,PertCortex_9_TGCACCTCACATTTCT,4.215652641143539
14917,0.22295548074422128,9__mutated,PertCortex_9_TGCACCTCACCAGGCT,3.476445348261527
14918,0.07983984719395404,9__mutated,PertCortex_9_TGCACCTCATTCCTCG,3.6519392383309888
14919,0.07352385243600319,9__mutated,PertCortex_9_TGCACCTGTAATTGGA,4.411267366825427
14920,0.2143541602442977,9__mutated,PertCortex_9_TGCCAAAAGACACTAA,2.3984170365181603
14921,0.06961622471188486,9__mutated,PertCortex_9_TGCCAAAAGGTGCAAC,2.9367882422752047
14922,0.185164023552254,9__mutated,PertCortex_9_TGCCAAACATGCTGGC,3.564321133960176
14923,0.6163680936628232,9__mutated,PertCortex_9_TGCCAAACATTAACCG,1.2867870472894647
14924,0.12248179955738178,9__mutated,PertCortex_9_TGCCCATAGAAGGGTA,4.162847216700111
14925,0.1782931571733838,9__mutated,PertCortex_9_TGCCCATCAAAGTCAA,2.9581249247940407
14926,0.07827746985641408,9__mutated,PertCortex_9_TGCCCATCACAAGACG,4.2447541123222505
14927,0.13552222406455902,9__mutated,PertCortex_9_TGCCCATCACCATGTA,3.4849379872527546
14928,0.3633226276206861,9__mutated,PertCortex_9_TGCCCATTCCGTCAAA,1.5520678995105013
14929,0.1278968062386523,9__mutated,PertCortex_9_TGCCCATTCGCACTCT,4.5772655937692255
14930,0.21585474762364404,9__mutated,PertCortex_9_TGCCCTAAGCCGGTAA,2.3186616724682114
14931,0.2184861956024624,9__mutated,PertCortex_9_TGCCCTACATAGACTC,2.7865392210949254
14932,0.17949925079644033,9__mutated,PertCortex_9_TGCGCAGAGATCGGGT,3.4323237345208666
14933,0.5013841673916628,9__mutated,PertCortex_9_TGCGCAGCATTACCTT,2.0482996998667664
14934,0.21990833392478554,9__mutated,PertCortex_9_TGCGCAGGTCTAGTGT,3.433190870502368
14935,0.18391568423618718,9__mutated,PertCortex_9_TGCGCAGGTCTCTCGT,3.7173961738531345
14936,0.3551838675860048,9__mutated,PertCortex_9_TGCGCAGTCATCATTC,1.6910187872485185
14937,0.13013624964641715,9__mutated,PertCortex_9_TGCGGGTGTACTCGCG,3.0911073007686882
14938,0.18710633672251553,9__mutated,PertCortex_9_TGCGGGTGTAGCACGA,3.440977991154719
14939,0.14544976009421462,9__mutated,PertCortex_9_TGCGGGTGTATAATGG,3.472716859150263
14940,0.08273676256697596,9__mutated,PertCortex_9_TGCGGGTGTTGAGTTC,3.8891900881805115
14941,0.26563234891170523,9__mutated,PertCortex_9_TGCGGGTGTTTGACAC,2.093011655062093
14942,0.06041943820690172,9__mutated,PertCortex_9_TGCGGGTTCATTCACT,3.8704152337870337
14943,0.20115355757505132,9__mutated,PertCortex_9_TGCGGGTTCCCTAACC,2.6137616352371453
14944,0.550636454428149,9__mutated,PertCortex_9_TGCGGGTTCCGAACGC,1.7013197779869784
14945,0.09992440137084951,9__mutated,PertCortex_9_TGCGGGTTCGTACGGC,4.276533160089659
14946,0.08057224670311695,9__mutated,PertCortex_9_TGCGTGGAGAATGTTG,4.356628770352506
14947,0.23375695120653078,9__mutated,PertCortex_9_TGCGTGGAGACAGACC,3.200258296832236
14948,0.13346146838439646,9__mutated,PertCortex_9_TGCGTGGCACAACGCC,1.898586255890178
14949,0.3885228176597913,9__mutated,PertCortex_9_TGCGTGGCAGCCACCA,2.513907487118083
14950,0.13497862918732054,9__mutated,PertCortex_9_TGCGTGGTCCGTAGTA,2.5718880705908
14951,0.21827662534127534,9__mutated,PertCortex_9_TGCGTGGTCTGTGCAA,3.153217612887033
14952,0.2207854292995786,9__mutated,PertCortex_9_TGCTACCAGAAAGTGG,2.7903187876650373
14953,0.15496122501664236,9__mutated,PertCortex_9_TGCTACCCAGCTGGCT,3.397362721757316
14954,0.2332428033711806,9__mutated,PertCortex_9_TGCTACCCAGGAACGT,3.118645773953519
14955,0.11748635288348193,9__mutated,PertCortex_9_TGCTACCGTTCCTCCA,4.092042572406905
14956,0.26072899943591804,9__mutated,PertCortex_9_TGCTACCTCAACGGGA,3.401335193609178
14957,0.5310955207465509,9__mutated,PertCortex_9_TGCTGCTCACCTATCC,2.4958600552312507
14958,0.036082690728175514,9__mutated,PertCortex_9_TGCTGCTCATAAGACA,2.6946985063078306
14959,0.2075638929760165,9__mutated,PertCortex_9_TGCTGCTCATCACCCT,2.6688876837886837
14960,0.15860140916295298,9__mutated,PertCortex_9_TGCTGCTCATTCCTGC,3.9805031507401263
14961,0.22145130883149533,9__mutated,PertCortex_9_TGCTGCTGTAATTGGA,3.1269058766562186
14962,0.1473683070598918,9__mutated,PertCortex_9_TGCTGCTGTGAGGGAG,4.254651759917399
14963,0.11377435576672004,9__mutated,PertCortex_9_TGCTGCTGTTTGCATG,3.9137418812529723
14964,0.19950453121907755,9__mutated,PertCortex_9_TGGACGCAGAGAACAG,3.27764367938147
14965,0.11764816592676504,9__mutated,PertCortex_9_TGGACGCAGAGTGAGA,3.5463866424071884
14966,0.034581791659709614,9__mutated,PertCortex_9_TGGACGCCACCCATTC,3.013150500015664
14967,0.648366103220634,9__mutated,PertCortex_9_TGGACGCGTCTAAACC,1.5586727990149847
14968,0.1703900863858479,9__mutated,PertCortex_9_TGGACGCTCAGCTGGC,4.450057664200591
14969,0.13645996450591827,9__mutated,PertCortex_9_TGGCCAGAGAAACCTA,4.152228307622419
14970,0.1707865138011887,9__mutated,PertCortex_9_TGGCCAGAGACAAAGG,3.3957952908764053
14971,0.09458263468931437,9__mutated,PertCortex_9_TGGCCAGAGCGATTCT,4.075012726133487
14972,0.20584240515673677,9__mutated,PertCortex_9_TGGCCAGCAATGTTGC,3.195297525978625
14973,0.1586092875463617,9__mutated,PertCortex_9_TGGCCAGCACAACGTT,3.9783894819534633
14974,0.1521501123246347,9__mutated,PertCortex_9_TGGCGCACATATGCTG,2.474902485320899
14975,0.18948258298436155,9__mutated,PertCortex_9_TGGCGCACATTGGCGC,2.928129266159768
14976,0.18620000462052083,9__mutated,PertCortex_9_TGGCGCAGTAAATGTG,2.1650566261103283
14977,0.12188720641763603,9__mutated,PertCortex_9_TGGCGCAGTTGTCGCG,4.7911460260834025
14978,0.07973933971523502,9__mutated,PertCortex_9_TGGCGCAGTTTGACTG,3.7943875147566617
14979,0.0686921604939065,9__mutated,PertCortex_9_TGGCGCATCGAGCCCA,4.67743660633913
14980,0.05221366330744515,9__mutated,PertCortex_9_TGGCTGGAGGAGTCTG,4.103116159479531
14981,0.10627199434397384,9__mutated,PertCortex_9_TGGCTGGGTCTCTTTA,4.21983719662781
14982,0.18652114615044518,9__mutated,PertCortex_9_TGGCTGGGTGTCGCTG,2.9127169471105616
14983,0.12112417389988796,9__mutated,PertCortex_9_TGGCTGGTCAGTGTTG,3.3770796970504837
14984,0.05126262276811718,9__mutated,PertCortex_9_TGGCTGGTCTCGATGA,3.547921185483249
14985,0.13095167631587226,9__mutated,PertCortex_9_TGGGAAGAGGTAAACT,4.499133694233425
14986,0.5288087433511668,9__mutated,PertCortex_9_TGGGAAGAGGTGATAT,1.8237420598761882
14987,0.14331868979131074,9__mutated,PertCortex_9_TGGGAAGCAAAGGTGC,3.0431398729626573
14988,0.1251642083955418,9__mutated,PertCortex_9_TGGGAAGCACTTCGAA,3.2303564813602836
14989,0.10089887633262262,9__mutated,PertCortex_9_TGGGCGTAGAAGAAGC,3.2444956897324966
14990,0.2719460888065001,9__mutated,PertCortex_9_TGGGCGTAGTCTCGGC,2.2747966403921933
14991,0.06681141974532945,9__mutated,PertCortex_9_TGGGCGTCACCTATCC,4.8314385495813985
14992,0.09977089039320228,9__mutated,PertCortex_9_TGGGCGTCATTAGCCA,3.0635424500561776
14993,0.18630274214079184,9__mutated,PertCortex_9_TGGGCGTGTAAGTGTA,2.882685586725891
14994,0.1488472506564217,9__mutated,PertCortex_9_TGGGCGTGTCACTGGC,3.075519612138741
14995,0.06649517124382738,9__mutated,PertCortex_9_TGGGCGTGTCTCCACT,3.908744708396907
14996,0.15331747101012397,9__mutated,PertCortex_9_TGGGCGTGTCTGATTG,3.412436946502553
14997,0.19743945091313825,9__mutated,PertCortex_9_TGGGCGTTCAGGATCT,5.085779928536092
14998,0.16760300844275525,9__mutated,PertCortex_9_TGGTTAGAGGCAAAGA,3.231023748864549
14999,0.12414663908342718,9__mutated,PertCortex_9_TGGTTAGCACGAGAGT,4.226117443024907
15000,0.13255398788334727,9__mutated,PertCortex_9_TGGTTAGGTCGCCATG,4.073023584917754
15001,0.437493974391527,9__mutated,PertCortex_9_TGGTTAGTCGTTTATC,2.0902415098602987
15002,0.21486197533901188,9__mutated,PertCortex_9_TGGTTCCAGTTAAGTG,3.9455918519824396
15003,0.3521580549123649,9__mutated,PertCortex_9_TGGTTCCCAGGTCCAC,3.743322469319371
15004,0.2328948307561564,9__mutated,PertCortex_9_TGTATTCTCCTGTAGA,2.4659936696350946
15005,0.18314774747229665,9__mutated,PertCortex_9_TGTCCCAAGAGCCTAG,3.3606480288606613
15006,0.35686555411634524,9__mutated,PertCortex_9_TGTCCCAAGCGTCAAG,1.9675178411922631
15007,0.1463807466327204,9__mutated,PertCortex_9_TGTCCCACAGATCTGT,4.233736352591252
15008,0.15775631531161152,9__mutated,PertCortex_9_TGTGGTACAGTTAACC,4.387571068018149
15009,0.18978337541330575,9__mutated,PertCortex_9_TGTGGTAGTTTCGCTC,3.095609744877174
15010,0.13400117377187581,9__mutated,PertCortex_9_TGTGTTTAGATCACGG,5.864183953272386
15011,0.3115912958224721,9__mutated,PertCortex_9_TGTGTTTAGTTCCACA,2.370463448907845
15012,0.07170090185865258,9__mutated,PertCortex_9_TGTGTTTGTCGAATCT,3.9136852196130794
15013,0.1542673352753062,9__mutated,PertCortex_9_TGTGTTTTCAACCAAC,2.8660689675754956
15014,0.17799479912762073,9__mutated,PertCortex_9_TGTGTTTTCTGGCGAC,2.9981876965077126
15015,0.2205786521937017,9__mutated,PertCortex_9_TGTTCCGCAACTGGCC,2.230529390383377
15016,0.19969494760427486,9__mutated,PertCortex_9_TGTTCCGGTCACAAGG,4.9525886172279225
15017,0.5577771956464667,9__mutated,PertCortex_9_TGTTCCGTCCATGAGT,2.1613674803108114
15018,0.06939859645190433,9__mutated,PertCortex_9_TTAACTCAGAACTCGG,3.174517229942739
15019,0.1505615675839155,9__mutated,PertCortex_9_TTAACTCCAAATTGCC,3.5592866754877495
15020,0.13550486576405477,9__mutated,PertCortex_9_TTAACTCCACAAGACG,4.989510906093288
15021,0.3050105002095741,9__mutated,PertCortex_9_TTAACTCGTTCCGGCA,2.5694453591083466
15022,0.1421525171428429,9__mutated,PertCortex_9_TTAACTCTCGATGAGG,3.4314513592317644
15023,0.24068981156586444,9__mutated,PertCortex_9_TTAGGACAGGAGTAGA,2.3294331417528347
15024,0.15963375933615642,9__mutated,PertCortex_9_TTAGGACTCGGAGCAA,2.05054328154247
15025,0.23291424673135183,9__mutated,PertCortex_9_TTAGGCAAGGAATCGC,2.8594211552483957
15026,0.19181993826671875,9__mutated,PertCortex_9_TTAGGCAGTAGCTAAA,3.5968717983705303
15027,0.35113811341748535,9__mutated,PertCortex_9_TTAGTTCGTGCACCAC,1.6347972874882757
15028,0.06818857973449076,9__mutated,PertCortex_9_TTAGTTCGTTGACGTT,3.61316816730315
15029,0.3085604688569561,9__mutated,PertCortex_9_TTATGCTCACCATCCT,3.009536328176075
15030,0.057407212248636735,9__mutated,PertCortex_9_TTATGCTGTAGCTAAA,4.195662265839162
15031,0.2726725175928196,9__mutated,PertCortex_9_TTATGCTGTGCTGTAT,2.253741402682273
15032,0.146532744062276,9__mutated,PertCortex_9_TTATGCTTCGCCCTTA,3.302972872698859
15033,0.12372356110231585,9__mutated,PertCortex_9_TTCCCAGAGCAATATG,4.430956069795054
15034,0.5296339532633364,9__mutated,PertCortex_9_TTCCCAGGTAGGGTAC,1.6570726403127247
15035,0.17377666474124304,9__mutated,PertCortex_9_TTCCCAGTCAAGAAGT,3.105117253973149
15036,0.05536094263744949,9__mutated,PertCortex_9_TTCCCAGTCATAAAGG,4.096651304147403
15037,0.18458468730939556,9__mutated,PertCortex_9_TTCCCAGTCATCGCTC,3.173466628588188
15038,0.2086241226674179,9__mutated,PertCortex_9_TTCGAAGCAACACGCC,2.6964542739140707
15039,0.3010334044965813,9__mutated,PertCortex_9_TTCGAAGCATGACATC,2.1897259259737267
15040,0.09614172326643418,9__mutated,PertCortex_9_TTCGAAGTCGGGAGTA,2.984964861676536
15041,0.26193881259058155,9__mutated,PertCortex_9_TTCGAAGTCTAACTGG,1.9205524781887386
15042,0.07227319017949327,9__mutated,PertCortex_9_TTCGGTCAGCTAGTCT,4.248124547554713
15043,0.19842546376176748,9__mutated,PertCortex_9_TTCGGTCGTCCTCTTG,3.043821316635387
15044,0.2131699718453191,9__mutated,PertCortex_9_TTCGGTCTCCGTAGTA,3.5114582231077924
15045,0.1482826185326794,9__mutated,PertCortex_9_TTCTACAAGGAGTTTA,3.3495003376827954
15046,0.37091107019441016,9__mutated,PertCortex_9_TTCTACACACTGTGTA,2.327891603144012
15047,0.1955308342414187,9__mutated,PertCortex_9_TTCTACATCCGCGGTA,2.8274619100014324
15048,0.13941692972072245,9__mutated,PertCortex_9_TTCTCAACAGTACACT,3.273007992091588
15049,0.30936349145815234,9__mutated,PertCortex_9_TTCTCAAGTTCGGCAC,1.8567029731419424
15050,0.2286899753923977,9__mutated,PertCortex_9_TTCTCAAGTTCTGTTT,3.4795434944995995
15051,0.06547838323886628,9__mutated,PertCortex_9_TTCTCAATCTTCTGGC,3.9303072105692833
15052,0.5921068874592421,9__mutated,PertCortex_9_TTCTCCTAGGCTACGA,1.603908407859493
15053,0.18950685644169613,9__mutated,PertCortex_9_TTCTCCTCACAACGCC,3.032681669590749
15054,0.05802128284992493,9__mutated,PertCortex_9_TTCTCCTCAGTCAGCC,3.9483091684450655
15055,0.48786404797004757,9__mutated,PertCortex_9_TTCTCCTTCTTCCTTC,1.6268481565633606
15056,0.16276647312455086,9__mutated,PertCortex_9_TTCTTAGAGAGACTAT,3.546143140573135
15057,0.21300677164328632,9__mutated,PertCortex_9_TTCTTAGTCAGAGCTT,3.0651361667004777
15058,0.2158321472002732,9__mutated,PertCortex_9_TTGACTTGTTACTGAC,4.819593452725603
15059,0.10318188314665806,9__mutated,PertCortex_9_TTGCCGTGTCGCGAAA,3.611900773959743
15060,0.1864165148645002,9__mutated,PertCortex_9_TTGCGTCCAAATCCGT,2.676790920268914
15061,0.17990981168185063,9__mutated,PertCortex_9_TTGCGTCTCTACTTAC,2.9770119266381165
15062,0.03413141149418824,9__mutated,PertCortex_9_TTGCGTCTCTTGAGAC,3.626581698286056
15063,0.20773478776830337,9__mutated,PertCortex_9_TTGGAACCACCTGGTG,2.7084089841728125
15064,0.12164731463428792,9__mutated,PertCortex_9_TTGGAACCACTTAAGC,2.993571000943046
15065,0.13151763317957332,9__mutated,PertCortex_9_TTGGAACGTCACAAGG,3.7541397465907824
15066,0.3199267894460631,9__mutated,PertCortex_9_TTGGAACTCCACTGGG,1.543667681789846
15067,0.4651975222382214,9__mutated,PertCortex_9_TTGGCAATCAGCTTAG,1.8417094821927857
15068,0.2991207916668687,9__mutated,PertCortex_9_TTGGCAATCGGTCTAA,2.91323994426949
15069,0.16696403572832288,9__mutated,PertCortex_9_TTGTAGGAGGGAAACA,3.2898713339064036
15070,0.06978724623589568,9__mutated,PertCortex_9_TTGTAGGGTTACGTCA,4.396138577082219
15071,0.19545952913740203,9__mutated,PertCortex_9_TTTACTGAGGCTAGAC,2.7989616384835223
15072,0.4907005986530137,9__mutated,PertCortex_9_TTTACTGCAAAGGAAG,1.7444935572301714
15073,0.0992966112849556,9__mutated,PertCortex_9_TTTACTGCAATGGACG,3.8444796626082405
15074,0.43783846860453407,9__mutated,PertCortex_9_TTTACTGGTTGCCTCT,2.0574860927150302
15075,0.15445378850726682,9__mutated,PertCortex_9_TTTACTGTCATTGCCC,4.133408308440456
15076,0.22749580034591646,9__mutated,PertCortex_9_TTTACTGTCGTAGGTT,2.284472979645075
15077,0.19370974425428095,9__mutated,PertCortex_9_TTTATGCAGGGCACTA,3.680275675510278
15078,0.1285608825792705,9__mutated,PertCortex_9_TTTATGCGTGCTTCTC,5.257455438723319
15079,0.3048196560358762,9__mutated,PertCortex_9_TTTATGCTCAATACCG,2.7351949706657614
15080,0.12757627965937787,9__mutated,PertCortex_9_TTTCCTCAGACATAAC,4.265817568354278
15081,0.16063386486265674,9__mutated,PertCortex_9_TTTCCTCAGCTAGTGG,2.7155752326248406
15082,0.10489582278668597,9__mutated,PertCortex_9_TTTCCTCCACTCAGGC,2.6868549679055413
15083,0.09342203124580183,9__mutated,PertCortex_9_TTTCCTCTCTGTCTAT,5.723332176582829
15084,0.2620574354258833,9__mutated,PertCortex_9_TTTGCGCAGGCCGAAT,3.3571111470181667
15085,0.7185408934471895,9__mutated,PertCortex_9_TTTGCGCTCACTCCTG,1.4521067016511933
15086,0.1405965206911733,9__mutated,PertCortex_9_TTTGCGCTCTTACCGC,4.441224106547568
15087,0.5822687154534304,9__mutated,PertCortex_9_TTTGGTTAGAACTCGG,2.096479410279454
15088,0.3113175439468373,9__mutated,PertCortex_9_TTTGGTTCAGTCTTCC,3.2561447407548676
15089,0.5751026623865398,9__mutated,PertCortex_9_TTTGGTTTCACCCTCA,2.406370998309166
15090,0.25156612232658043,9__mutated,PertCortex_9_TTTGGTTTCCGTACAA,2.7044225317338575
15091,0.05522542066492942,9__mutated,PertCortex_9_TTTGGTTTCGTGACAT,4.289536440958656
15092,0.042701512027737754,9__mutated,PertCortex_9_TTTGTCAAGGTGACCA,3.789648362451103
15093,0.11274722323349719,9__mutated,PertCortex_9_TTTGTCAAGTGTTGAA,5.004979384777605
15094,0.1600659634462836,9__mutated,PertCortex_9_TTTGTCAGTAGTAGTA,4.077416183252233
15095,0.31265236758723075,9__mutated,PertCortex_9_TTTGTCAGTCGCATCG,2.9126984022225115
15096,0.14022014355771079,9__mutated,PertCortex_9_TTTGTCAGTCTCCCTA,3.0492596281756503
15097,0.0981027098777529,9__mutated,PertCortex_9_TTTGTCAGTGATGATA,2.7810724420440556
15098,0.4191391835048822,9__mutated,PertCortex_9_TTTGTCAGTTTGTTTC,2.3022660774757373
15099,0.34928063609563353,9__mutated,PertCortex_9_TTTGTCATCGAACGGA,1.8460904907193931
15100,0.1826721826847685,10__mutated,PertCortex_10_AAACCTGAGACGCAAC,4.101458313475351
15101,0.3392218083716479,10__mutated,PertCortex_10_AAACCTGAGCAATATG,2.1473289244173457
15102,0.11945038131534275,10__mutated,PertCortex_10_AAACCTGTCCATGAAC,4.078618016357397
15103,0.17355397455132845,10__mutated,PertCortex_10_AAACGGGAGATGAGAG,5.121750297062946
15104,0.1679903737699086,10__mutated,PertCortex_10_AAACGGGCAATTCCTT,3.6053167300170057
15105,0.07520928701963016,10__mutated,PertCortex_10_AAAGATGAGACTACAA,3.615671550480586
15106,0.14632326099005405,10__mutated,PertCortex_10_AAAGATGAGTGACTCT,3.7913476345654793
15107,0.08847951583465383,10__mutated,PertCortex_10_AAAGATGCACAGGCCT,3.423908841954174
15108,0.09932742007316611,10__mutated,PertCortex_10_AAAGATGTCAGCACAT,4.228326602399873
15109,0.3426913299684864,10__mutated,PertCortex_10_AAAGATGTCAGCTTAG,2.6412639702861322
15110,0.6237038640679652,10__mutated,PertCortex_10_AAAGCAAAGTACGATA,2.2007343753652346
15111,0.12012604615072527,10__mutated,PertCortex_10_AAAGTAGAGAAAGTGG,3.209559430700632
15112,0.03565676549392972,10__mutated,PertCortex_10_AAAGTAGCAATGGTCT,4.2080232767539165
15113,0.1376659615638985,10__mutated,PertCortex_10_AAAGTAGGTTCGAATC,4.3777411710348995
15114,0.23088565275403572,10__mutated,PertCortex_10_AAAGTAGTCTTCCTTC,2.8611415758436367
15115,0.6218148653667928,10__mutated,PertCortex_10_AAATGCCAGGTTACCT,1.4669038778940187
15116,0.18600457379167226,10__mutated,PertCortex_10_AACCATGAGAGCTGCA,4.3762431594263385
15117,0.05588523677484106,10__mutated,PertCortex_10_AACCATGCAGACAAAT,3.8368246353487474
15118,0.09015621429004474,10__mutated,PertCortex_10_AACCATGCATGATCCA,3.2971315373856123
15119,0.15447075283978665,10__mutated,PertCortex_10_AACCATGCATTGCGGC,3.4513719348063088
15120,0.7225482270167384,10__mutated,PertCortex_10_AACCATGTCCGTACAA,1.5119591336618903
15121,0.08776139219030601,10__mutated,PertCortex_10_AACCATGTCCTAAGTG,2.6142969937213576
15122,0.19279803706423193,10__mutated,PertCortex_10_AACCATGTCGCGCCAA,4.721342401178669
15123,0.48796681766715744,10__mutated,PertCortex_10_AACCGCGAGACTTTCG,2.165064502577339
15124,0.18325749235038014,10__mutated,PertCortex_10_AACCGCGCAGACAGGT,4.734872500125928
15125,0.14291621133922391,10__mutated,PertCortex_10_AACGTTGAGCTCCCAG,2.3551775636085366
15126,0.17037234509594312,10__mutated,PertCortex_10_AACGTTGAGGTAGCCA,3.1529761236227487
15127,0.2952482077151049,10__mutated,PertCortex_10_AACGTTGCAAATCCGT,2.0246381989994124
15128,0.11674322015455495,10__mutated,PertCortex_10_AACGTTGGTACGACCC,4.986631873478377
15129,0.0877941869141914,10__mutated,PertCortex_10_AACTCAGAGTAGGCCA,5.081959710546371
15130,0.05699006999946089,10__mutated,PertCortex_10_AACTCAGCAACTTGAC,2.899065958624925
15131,0.2504029614204538,10__mutated,PertCortex_10_AACTCAGCATGTTGAC,1.861263657735558
15132,0.47392334498456323,10__mutated,PertCortex_10_AACTCAGGTCCGTTAA,1.9723627138392696
15133,0.208793200597895,10__mutated,PertCortex_10_AACTCCCAGTACGTTC,4.5497326566842835
15134,0.12404712686794162,10__mutated,PertCortex_10_AACTCCCCATTTCACT,4.0660487705125865
15135,0.13648646045611215,10__mutated,PertCortex_10_AACTCCCTCACATGCA,4.32250985062147
15136,0.5691065479354396,10__mutated,PertCortex_10_AACTCCCTCACCGTAA,1.7364061490652953
15137,0.0773817650694846,10__mutated,PertCortex_10_AACTCCCTCCCAAGTA,4.3863288639885205
15138,0.5899734826700342,10__mutated,PertCortex_10_AACTCCCTCTATCCTA,1.6789777286140497
15139,0.184725914406854,10__mutated,PertCortex_10_AACTGGTCAAGCGATG,3.8271097865598023
15140,0.16565529251184918,10__mutated,PertCortex_10_AACTGGTTCTTTCCTC,4.780645941012939
15141,0.12668015212756076,10__mutated,PertCortex_10_AACTTTCAGCTCAACT,4.107973938265376
15142,0.05734349929012821,10__mutated,PertCortex_10_AACTTTCGTACATCCA,4.033765636783236
15143,0.09445381133018006,10__mutated,PertCortex_10_AACTTTCTCAACACAC,3.48218858642012
15144,0.2562698274435137,10__mutated,PertCortex_10_AAGACCTAGAAACGAG,3.4380188344443012
15145,0.10069140036912248,10__mutated,PertCortex_10_AAGACCTAGGACGAAA,3.6521402419518734
15146,0.13213000409116193,10__mutated,PertCortex_10_AAGACCTCACAACTGT,4.101582860471543
15147,0.11715786840464319,10__mutated,PertCortex_10_AAGACCTGTTGCGCAC,4.171342630529747
15148,0.21314179933378266,10__mutated,PertCortex_10_AAGACCTGTTTACTCT,3.073292308926567
15149,0.1510742339539254,10__mutated,PertCortex_10_AAGCCGCCAGCTGTTA,3.6517303791555684
15150,0.04884911562258272,10__mutated,PertCortex_10_AAGCCGCTCCGTACAA,2.6789127286658623
15151,0.17360864101636184,10__mutated,PertCortex_10_AAGGAGCAGACAAGCC,4.223157639386729
15152,0.20977034436649147,10__mutated,PertCortex_10_AAGGAGCAGAGCTTCT,3.2178120156373624
15153,0.15836204383721028,10__mutated,PertCortex_10_AAGGAGCAGCCACGCT,3.1169244552945137
15154,0.39044930841184294,10__mutated,PertCortex_10_AAGGAGCAGCGTGTCC,2.0268266007601046
15155,0.11292627966870822,10__mutated,PertCortex_10_AAGGAGCCAAGCCTAT,3.349581225813612
15156,0.14102882580316875,10__mutated,PertCortex_10_AAGGAGCCACGGATAG,4.287583872128483
15157,0.14545106728555723,10__mutated,PertCortex_10_AAGGAGCTCAAACGGG,4.1214708896725245
15158,0.1021263120755733,10__mutated,PertCortex_10_AAGGTTCAGCTGTTCA,4.806300306556729
15159,0.059315070680144306,10__mutated,PertCortex_10_AAGGTTCCATGCCACG,3.4311043061501914
15160,0.21766295986903444,10__mutated,PertCortex_10_AAGGTTCGTGCAGGTA,2.812853885192337
15161,0.2195463611057447,10__mutated,PertCortex_10_AAGGTTCTCAATCACG,5.027095098707702
15162,0.16270933096728213,10__mutated,PertCortex_10_AAGTCTGCACTTCTGC,2.6358708661388666
15163,0.05973300542409475,10__mutated,PertCortex_10_AAGTCTGCAGGAACGT,4.176502616023917
15164,0.11244645133100004,10__mutated,PertCortex_10_AAGTCTGGTAAGTGGC,2.535985979709789
15165,0.06561844386820696,10__mutated,PertCortex_10_AAGTCTGGTGACCAAG,4.332928290293986
15166,0.08960146527472138,10__mutated,PertCortex_10_AAGTCTGGTTCCAACA,3.028305678121851
15167,0.5118851877538741,10__mutated,PertCortex_10_AATCCAGCAATCTACG,1.924586694366194
15168,0.08010979501180929,10__mutated,PertCortex_10_AATCCAGCATACGCCG,3.651200940233849
15169,0.10217136356443784,10__mutated,PertCortex_10_AATCCAGGTCTAGGTT,3.7513180557094454
15170,0.66617853534168,10__mutated,PertCortex_10_AATCCAGGTGCTTCTC,1.79932198550344
15171,0.05402088790324633,10__mutated,PertCortex_10_AATCGGTCAAGTTCTG,3.818735446560832
15172,0.292619216131357,10__mutated,PertCortex_10_AATCGGTGTATGCTTG,2.8577831985695674
15173,0.22785150164435225,10__mutated,PertCortex_10_AATCGGTTCAAGATCC,3.1806213483865666
15174,0.19682715949655583,10__mutated,PertCortex_10_AATCGGTTCCGTAGTA,3.086431306284913
15175,0.15858015223408115,10__mutated,PertCortex_10_ACACCAAAGCTACCGC,3.6978816079772603
15176,0.11597252346084569,10__mutated,PertCortex_10_ACACCAAAGTTAGGTA,5.052983844173931
15177,0.06175690097420565,10__mutated,PertCortex_10_ACACCAATCTTAGAGC,3.0179957553482932
15178,0.14657405318254257,10__mutated,PertCortex_10_ACACCCTGTTTAGCTG,2.746264257897872
15179,0.13333518028842847,10__mutated,PertCortex_10_ACACTGATCAGCCTAA,3.5760422951237207
15180,0.29225210194595364,10__mutated,PertCortex_10_ACACTGATCCCATTAT,1.9185499428528436
15181,0.17427308395889984,10__mutated,PertCortex_10_ACAGCCGGTAGGACAC,2.9965391263951573
15182,0.14068704534532853,10__mutated,PertCortex_10_ACAGCTACACAAGTAA,3.4857871386274963
15183,0.16133627345545176,10__mutated,PertCortex_10_ACAGCTACAGCCTTGG,2.7502276807034187
15184,0.09567481060175986,10__mutated,PertCortex_10_ACATACGGTAATAGCA,3.9495844200379535
15185,0.3100629197118583,10__mutated,PertCortex_10_ACATCAGAGTATGACA,2.9081364176641493
15186,0.16112045344640782,10__mutated,PertCortex_10_ACATCAGTCAACACTG,4.8337133276925215
15187,0.40565705950515696,10__mutated,PertCortex_10_ACATGGTAGAGCTTCT,2.111971366515604
15188,0.2946401084599561,10__mutated,PertCortex_10_ACATGGTCATGTTCCC,2.691604258870568
15189,0.11942638034969903,10__mutated,PertCortex_10_ACATGGTGTCGCATAT,3.9701722928813816
15190,0.15791487770423068,10__mutated,PertCortex_10_ACATGGTTCGTTTATC,4.274078817747217
15191,0.1915151208466109,10__mutated,PertCortex_10_ACCAGTAAGCTAGTGG,3.8235043840936545
15192,0.5510973728835706,10__mutated,PertCortex_10_ACCAGTACACCGATAT,1.7898583496466123
15193,0.16331878582353723,10__mutated,PertCortex_10_ACCAGTACAGGTCCAC,3.9739797830310017
15194,0.14461054477864366,10__mutated,PertCortex_10_ACCAGTAGTAGCGTGA,5.025457073641859
15195,0.1004485971643832,10__mutated,PertCortex_10_ACCCACTGTTTGACTG,4.693386297752041
15196,0.13733000029105458,10__mutated,PertCortex_10_ACCGTAAAGTACATGA,4.939583530540041
15197,0.06942926303937232,10__mutated,PertCortex_10_ACCGTAATCAATAAGG,4.38179139920272
15198,0.06554018270159423,10__mutated,PertCortex_10_ACCTTTAAGGCGACAT,3.0691021075959406
15199,0.06825567228039477,10__mutated,PertCortex_10_ACCTTTAGTAACGCGA,4.538373296055178
15200,0.14920488725923367,10__mutated,PertCortex_10_ACCTTTAGTCGCATAT,2.696246637884628
15201,0.14542768980944712,10__mutated,PertCortex_10_ACCTTTAGTGTGCCTG,3.5235365211164247
15202,0.21167573169367362,10__mutated,PertCortex_10_ACGAGCCCATGCCTTC,4.339631359183146
15203,0.19341199533675862,10__mutated,PertCortex_10_ACGAGCCGTACCTACA,3.313627390039439
15204,0.18689666818132225,10__mutated,PertCortex_10_ACGAGCCGTGGGTATG,4.003213717251774
15205,0.2664882964106082,10__mutated,PertCortex_10_ACGAGCCGTTCAACCA,3.646317823501432
15206,0.1961873983724925,10__mutated,PertCortex_10_ACGAGCCTCTCGAGTA,5.090946482022631
15207,0.1649139881312199,10__mutated,PertCortex_10_ACGAGGAAGTTAGCGG,3.811242021872359
15208,0.09843681264998663,10__mutated,PertCortex_10_ACGAGGACAAGAAAGG,5.022898876976052
15209,0.223574209238036,10__mutated,PertCortex_10_ACGAGGAGTTTGACTG,2.8427717389165683
15210,0.13260571546882952,10__mutated,PertCortex_10_ACGATACGTCGAGTTT,3.6723516824393894
15211,0.09600121526027498,10__mutated,PertCortex_10_ACGATACTCTCATTCA,4.113759136634693
15212,0.19243800434353397,10__mutated,PertCortex_10_ACGATGTAGAAAGTGG,4.31076861149481
15213,0.23767270911147406,10__mutated,PertCortex_10_ACGATGTAGGACCACA,2.86920369956395
15214,0.23836467635610606,10__mutated,PertCortex_10_ACGATGTCAGGACCCT,3.2572569917586724
15215,0.15476508302488248,10__mutated,PertCortex_10_ACGATGTGTCTAGTGT,3.9659363873655082
15216,0.13857733568233593,10__mutated,PertCortex_10_ACGATGTTCGCCTGAG,3.101271417146897
15217,0.122169841693081,10__mutated,PertCortex_10_ACGCAGCGTACCAGTT,4.717975056425919
15218,0.2559245320970686,10__mutated,PertCortex_10_ACGCCAGAGTGTGAAT,2.7139444640983728
15219,0.3603893968618129,10__mutated,PertCortex_10_ACGCCAGCAGGTCTCG,2.1290402840329445
15220,0.17779095038999146,10__mutated,PertCortex_10_ACGCCAGTCCAATGGT,4.601631228963756
15221,0.1411198014842469,10__mutated,PertCortex_10_ACGCCAGTCCAGATCA,3.8259852873438494
15222,0.07062129600352178,10__mutated,PertCortex_10_ACGCCGAAGCCACGCT,4.136001192533223
15223,0.19010112852671815,10__mutated,PertCortex_10_ACGCCGATCAACGCTA,4.013007353762377
15224,0.1817302532494286,10__mutated,PertCortex_10_ACGCCGATCGGATGTT,5.152755592529579
15225,0.09677984461268956,10__mutated,PertCortex_10_ACGGAGACATATACGC,3.853477306168227
15226,0.1160254917702916,10__mutated,PertCortex_10_ACGGAGAGTAGTACCT,4.179993116473164
15227,0.2268459738306517,10__mutated,PertCortex_10_ACGGCCAGTACGACCC,3.0956832900861246
15228,0.14324674394519235,10__mutated,PertCortex_10_ACGGCCATCGACGGAA,3.317353507332081
15229,0.1506246717723019,10__mutated,PertCortex_10_ACGGCCATCGTTTAGG,3.117228735712919
15230,0.18475676785630574,10__mutated,PertCortex_10_ACGGGCTCACCACCAG,3.49466267021484
15231,0.07843241600009251,10__mutated,PertCortex_10_ACGGGTCAGGACACCA,4.169876367381457
15232,0.5156963883427775,10__mutated,PertCortex_10_ACGGGTCGTATGGTTC,1.7233331988873783
15233,0.29503743834789214,10__mutated,PertCortex_10_ACGTCAACAAGGACTG,1.471547655967278
15234,0.09793791025730249,10__mutated,PertCortex_10_ACGTCAAGTTAGGGTG,4.681308011399908
15235,0.5429248660445599,10__mutated,PertCortex_10_ACGTCAATCACATGCA,1.55726755030802
15236,0.1645627411686001,10__mutated,PertCortex_10_ACTATCTAGAATGTTG,4.85047414048029
15237,0.09207088330152036,10__mutated,PertCortex_10_ACTATCTGTAGCACGA,3.451297762088785
15238,0.0859474169284216,10__mutated,PertCortex_10_ACTATCTGTGGCTCCA,3.489592633822213
15239,0.17958640421409777,10__mutated,PertCortex_10_ACTATCTTCTTACCGC,4.510051040296196
15240,0.14291890036963195,10__mutated,PertCortex_10_ACTGAACAGCGCTCCA,3.0620326349534523
15241,0.14377618549481547,10__mutated,PertCortex_10_ACTGAACGTAAACCTC,4.0111280367433615
15242,0.13302107393320403,10__mutated,PertCortex_10_ACTGAACGTCACTTCC,3.4254547209558943
15243,0.09715188533537361,10__mutated,PertCortex_10_ACTGAACGTCTTTCAT,4.932225687970083
15244,0.10477042094644351,10__mutated,PertCortex_10_ACTGAACGTGCCTTGG,2.9370593301687378
15245,0.15521729985583854,10__mutated,PertCortex_10_ACTGAACTCGCGGATC,4.206166151305457
15246,0.05857317386442882,10__mutated,PertCortex_10_ACTGAGTAGTGTTTGC,3.428670048940805
15247,0.13864897624602596,10__mutated,PertCortex_10_ACTGAGTCAGCAGTTT,3.6588377676671757
15248,0.15268657161912957,10__mutated,PertCortex_10_ACTGATGAGAGTGACC,3.4186889421208955
15249,0.19342017760560185,10__mutated,PertCortex_10_ACTGATGAGGCAGGTT,4.477900387127491
15250,0.11313323332329499,10__mutated,PertCortex_10_ACTGATGCATTGGGCC,3.942642346743598
15251,0.17038789143189612,10__mutated,PertCortex_10_ACTGATGTCGCAAGCC,3.4218667616087215
15252,0.23814587779056096,10__mutated,PertCortex_10_ACTGATGTCTGATACG,3.179131934949819
15253,0.2696513194395025,10__mutated,PertCortex_10_ACTGCTCAGTAACCCT,3.286444474978515
15254,0.09151426469939916,10__mutated,PertCortex_10_ACTGCTCCAAGGACAC,3.9398566684556307
15255,0.1574627231013734,10__mutated,PertCortex_10_ACTGCTCGTATGCTTG,2.387177394113941
15256,0.18213183767993119,10__mutated,PertCortex_10_ACTGCTCGTCAGATAA,3.140268096955946
15257,0.14391544629746034,10__mutated,PertCortex_10_ACTGCTCGTGGTAACG,4.652725874286427
15258,0.1723879246572094,10__mutated,PertCortex_10_ACTGCTCTCAGGCCCA,3.2080781186566165
15259,0.07079607465095822,10__mutated,PertCortex_10_ACTGTCCCACCACCAG,5.286493567382669
15260,0.07766285789149706,10__mutated,PertCortex_10_ACTGTCCGTATAGGTA,3.9288499142389144
15261,0.12613281313567945,10__mutated,PertCortex_10_ACTTACTCATTCTCAT,3.9531301713012192
15262,0.14540859588745833,10__mutated,PertCortex_10_ACTTACTGTTCATGGT,5.022236562841209
15263,0.32168513730328513,10__mutated,PertCortex_10_ACTTACTTCGCAAACT,1.9231137412821362
15264,0.12676809074044793,10__mutated,PertCortex_10_ACTTGTTAGAAGGACA,4.360883124654536
15265,0.27799631061981955,10__mutated,PertCortex_10_ACTTGTTCACTTCGAA,2.6864623071260176
15266,0.09608337998263444,10__mutated,PertCortex_10_ACTTGTTGTCTGCAAT,2.630996917800999
15267,0.18267248963478547,10__mutated,PertCortex_10_ACTTGTTGTTCCACTC,4.415065521436378
15268,0.1893259018214862,10__mutated,PertCortex_10_ACTTTCAAGCTGCAAG,3.605637285570722
15269,0.15112880186874383,10__mutated,PertCortex_10_AGAATAGCAATAGCAA,4.69920638460548
15270,0.18178620042870797,10__mutated,PertCortex_10_AGAATAGCAGATGGGT,3.4141686937170315
15271,0.22127137832806748,10__mutated,PertCortex_10_AGACGTTCAGCTCCGA,2.538521408493394
15272,0.2209932526729509,10__mutated,PertCortex_10_AGACGTTGTAGCACGA,3.915341871292641
15273,0.1138660589446964,10__mutated,PertCortex_10_AGACGTTTCCAAATGC,4.302409167350006
15274,0.05526490714726569,10__mutated,PertCortex_10_AGAGCGATCCACGACG,3.742042893416468
15275,0.2697642441979498,10__mutated,PertCortex_10_AGAGCGATCCTTGACC,2.2158262549983365
15276,0.6566644021357814,10__mutated,PertCortex_10_AGAGCTTAGTCCGGTC,1.7357573828064752
15277,0.07225920317550973,10__mutated,PertCortex_10_AGAGCTTGTACCATCA,4.327254936371663
15278,0.10185099814181801,10__mutated,PertCortex_10_AGAGCTTTCTCGAGTA,4.22255963694187
15279,0.13581909082609556,10__mutated,PertCortex_10_AGATCTGCATCGATGT,3.9843042972240545
15280,0.2531068945473904,10__mutated,PertCortex_10_AGATCTGTCATCACCC,2.0049281909166634
15281,0.6355515788592863,10__mutated,PertCortex_10_AGATTGCCAAAGCAAT,1.8919103688575747
15282,0.4709659594513135,10__mutated,PertCortex_10_AGATTGCGTGTTTGTG,2.8318419956530905
15283,0.21276143421210372,10__mutated,PertCortex_10_AGATTGCTCAAACCGT,1.1678120134030905
15284,0.13796300801186734,10__mutated,PertCortex_10_AGATTGCTCTCAACTT,4.733124601599724
15285,0.2487612203136612,10__mutated,PertCortex_10_AGCAGCCAGCAGCGTA,4.204005486831272
15286,0.03636409185215257,10__mutated,PertCortex_10_AGCAGCCCATACGCCG,4.646634768799537
15287,0.36352077557032236,10__mutated,PertCortex_10_AGCAGCCGTTCCACTC,1.7647551354240856
15288,0.19148312999607553,10__mutated,PertCortex_10_AGCATACAGATCCCGC,4.186512031443632
15289,0.19037381103951267,10__mutated,PertCortex_10_AGCATACAGGAACTGC,4.6377355315403
15290,0.07970298222674357,10__mutated,PertCortex_10_AGCATACAGGCGATAC,3.711704467642714
15291,0.22247114694603215,10__mutated,PertCortex_10_AGCATACTCACGATGT,3.8024779462362956
15292,0.21235437693950873,10__mutated,PertCortex_10_AGCCTAAAGCCGGTAA,3.2462323420137547
15293,0.4777664775644409,10__mutated,PertCortex_10_AGCCTAACAATGGACG,1.9787674768062138
15294,0.2129333361786196,10__mutated,PertCortex_10_AGCGGTCAGCCGGTAA,3.768126242675474
15295,0.15579915266048389,10__mutated,PertCortex_10_AGCGGTCCAATCAGAA,3.3793896416240377
15296,0.10415200636144152,10__mutated,PertCortex_10_AGCGGTCCACTAGTAC,3.1167382434634274
15297,0.12418552599536503,10__mutated,PertCortex_10_AGCGTATAGTTACCCA,4.725475049638202
15298,0.24063850233785616,10__mutated,PertCortex_10_AGCGTATCATGCATGT,3.0408087731633735
15299,0.14900478876948053,10__mutated,PertCortex_10_AGCGTATGTATAGTAG,3.9451539147918906
15300,0.15880198271489196,10__mutated,PertCortex_10_AGCGTATTCAACCATG,3.287810508841041
15301,0.15847400193135422,10__mutated,PertCortex_10_AGCGTCGAGGGTCTCC,4.232995149182169
15302,0.1387382796670277,10__mutated,PertCortex_10_AGCGTCGCAAGAAAGG,3.7878916812926047
15303,0.13085540005736493,10__mutated,PertCortex_10_AGCGTCGCACGACGAA,3.8045727870349846
15304,0.16646690149341462,10__mutated,PertCortex_10_AGCGTCGTCCTTGGTC,4.539412923621581
15305,0.08466901720114185,10__mutated,PertCortex_10_AGCTCCTGTACTCTCC,4.103285235730946
15306,0.0969932110783041,10__mutated,PertCortex_10_AGCTCCTGTGATGTCT,3.92607685817107
15307,0.2618071764270389,10__mutated,PertCortex_10_AGCTCCTTCAACACTG,2.0786762014830082
15308,0.1312894154887961,10__mutated,PertCortex_10_AGCTCCTTCCCTCTTT,4.096368326031909
15309,0.16563197346943634,10__mutated,PertCortex_10_AGCTCCTTCTCCAACC,5.026193380237477
15310,0.19103260944682782,10__mutated,PertCortex_10_AGCTCTCGTACGCACC,4.379910446775381
15311,0.05817540707993358,10__mutated,PertCortex_10_AGCTCTCTCATATCGG,4.075942591814685
15312,0.1028266092581465,10__mutated,PertCortex_10_AGCTTGAAGTCCTCCT,3.81810145102029
15313,0.11084003983122134,10__mutated,PertCortex_10_AGCTTGACAGGGTACA,3.8774609228190786
15314,0.21259199612339647,10__mutated,PertCortex_10_AGCTTGATCCTTGGTC,3.1625843036006374
15315,0.23460762161836493,10__mutated,PertCortex_10_AGGCCACAGGAACTGC,3.2482658797704445
15316,0.009187754685397065,10__mutated,PertCortex_10_AGGCCACCACTATCTT,4.390699116114747
15317,0.19484107101392806,10__mutated,PertCortex_10_AGGCCGTCACGGCCAT,4.2757581893966465
15318,0.1200048001630393,10__mutated,PertCortex_10_AGGCCGTGTCTGCGGT,4.433147891470598
15319,0.15062528170587916,10__mutated,PertCortex_10_AGGGATGCACATCCAA,4.13697150896134
15320,0.13456872396561537,10__mutated,PertCortex_10_AGGGATGTCGGCGCAT,4.675814280525132
15321,0.26240909490781616,10__mutated,PertCortex_10_AGGGTGAAGAATTCCC,4.319915429329378
15322,0.11689036964225598,10__mutated,PertCortex_10_AGGGTGAAGAGTCGGT,3.7950149372406594
15323,0.1688154745168089,10__mutated,PertCortex_10_AGGGTGAAGCGATGAC,4.2413958003502845
15324,0.2096803683722544,10__mutated,PertCortex_10_AGGGTGAAGTGAATTG,4.221872678701489
15325,0.5068725400042197,10__mutated,PertCortex_10_AGGTCATCACGTCTCT,2.6992875267353735
15326,0.030663891603360863,10__mutated,PertCortex_10_AGGTCATTCGGACAAG,3.721536926048595
15327,0.12081156810962099,10__mutated,PertCortex_10_AGGTCCGCATCGACGC,4.556953434047044
15328,0.11208736111620718,10__mutated,PertCortex_10_AGGTCCGTCAGTTGAC,3.4589922547050023
15329,0.6989072896321565,10__mutated,PertCortex_10_AGTCTTTAGAATCTCC,1.5212573078741711
15330,0.031901736922476415,10__mutated,PertCortex_10_AGTCTTTAGATATACG,3.76673292515666
15331,0.034071792028431844,10__mutated,PertCortex_10_AGTCTTTCACAAGTAA,4.690295055594905
15332,0.24194745834396125,10__mutated,PertCortex_10_AGTGAGGCATTGCGGC,2.7058166747495696
15333,0.2370003447657145,10__mutated,PertCortex_10_AGTGAGGGTATGGTTC,3.1707644824381584
15334,0.5145031264087806,10__mutated,PertCortex_10_AGTGAGGGTCCTCCAT,2.589577871721226
15335,0.08582447581192049,10__mutated,PertCortex_10_AGTGAGGGTCGAACAG,4.611565353085141
15336,0.21377138685146058,10__mutated,PertCortex_10_AGTGAGGGTCTAGTGT,2.888427868166824
15337,0.495138592792605,10__mutated,PertCortex_10_AGTGAGGGTGCGATAG,1.7324014246502357
15338,0.15254961979683482,10__mutated,PertCortex_10_AGTGAGGGTTTACTCT,2.3412106041049956
15339,0.21516309946671985,10__mutated,PertCortex_10_AGTGAGGTCAGTCCCT,3.788208586690273
15340,0.17130072032713867,10__mutated,PertCortex_10_AGTGAGGTCGCATGAT,4.835425846793495
15341,0.041935247736793906,10__mutated,PertCortex_10_AGTGGGAGTAGCCTAT,3.5996128803033263
15342,0.1202336541098818,10__mutated,PertCortex_10_AGTGGGATCACGGTTA,4.327993038226786
15343,0.18572240887839261,10__mutated,PertCortex_10_AGTGGGATCCGAATGT,3.0845909791843122
15344,0.5265720398247815,10__mutated,PertCortex_10_AGTGTCAAGTTGCAGG,1.200287912332038
15345,0.16925450103191172,10__mutated,PertCortex_10_AGTTGGTCACTTCGAA,2.9416540755877216
15346,0.14776284300440534,10__mutated,PertCortex_10_AGTTGGTTCTGGTGTA,3.5287083370505656
15347,0.1185978813786986,10__mutated,PertCortex_10_ATAACGCCACTTAAGC,5.372223554007633
15348,0.23514006440683508,10__mutated,PertCortex_10_ATAACGCGTGTGGCTC,2.011466199196554
15349,0.1642105210617307,10__mutated,PertCortex_10_ATAACGCTCCATGCTC,4.807149870945059
15350,0.15154286368748632,10__mutated,PertCortex_10_ATAAGAGAGAGTGAGA,4.368788618788033
15351,0.18352641146918988,10__mutated,PertCortex_10_ATAAGAGTCATTGCCC,4.280887058325783
15352,0.08725728774481945,10__mutated,PertCortex_10_ATAGACCCACAGACAG,4.504258120296059
15353,0.11970695449913875,10__mutated,PertCortex_10_ATCACGAAGATGTTAG,2.892624547445683
15354,0.18221377142165254,10__mutated,PertCortex_10_ATCACGACAATGAAAC,3.467107946263304
15355,0.2175844698865199,10__mutated,PertCortex_10_ATCACGACATTACCTT,4.376563659359119
15356,0.19950956923494248,10__mutated,PertCortex_10_ATCACGAGTCTTCTCG,3.4849868208740173
15357,0.17875904678805302,10__mutated,PertCortex_10_ATCACGAGTGCCTGCA,4.980708592431421
15358,0.19705269482998866,10__mutated,PertCortex_10_ATCACGAGTGGACGAT,3.440954277730436
15359,0.08012834593571481,10__mutated,PertCortex_10_ATCACGAGTTACCAGT,4.289785794850228
15360,0.2035806317272221,10__mutated,PertCortex_10_ATCACGAGTTAGTGGG,2.587628602812376
15361,0.06967534600269015,10__mutated,PertCortex_10_ATCACGATCAAGATCC,4.21351448789055
15362,0.24255036744177996,10__mutated,PertCortex_10_ATCATCTCACCTTGTC,3.357928834889458
15363,0.1579425659710092,10__mutated,PertCortex_10_ATCATCTTCATGTAGC,4.3344977524040695
15364,0.5023337932418989,10__mutated,PertCortex_10_ATCATCTTCGCACTCT,2.5987161322059475
15365,0.11911756684995002,10__mutated,PertCortex_10_ATCATGGTCATGCATG,3.755506844164058
15366,0.10845807769833228,10__mutated,PertCortex_10_ATCCACCTCGCGATCG,3.9091045301146776
15367,0.28782010750833237,10__mutated,PertCortex_10_ATCCACCTCGTGACAT,1.6344411577759266
15368,0.16626692021727163,10__mutated,PertCortex_10_ATCCGAAAGGGTCGAT,4.2536694405098965
15369,0.1292939504793261,10__mutated,PertCortex_10_ATCCGAACACGACGAA,3.391909916113648
15370,0.1333658743669446,10__mutated,PertCortex_10_ATCCGAATCCCTAATT,5.020739195923102
15371,0.081131673028492,10__mutated,PertCortex_10_ATCGAGTAGCTAGTGG,4.743084286839274
15372,0.09569521567488001,10__mutated,PertCortex_10_ATCGAGTGTAGGACAC,4.82888713904209
15373,0.1536935293079839,10__mutated,PertCortex_10_ATCTGCCGTGCTCTTC,4.626066305415411
15374,0.21716099299719238,10__mutated,PertCortex_10_ATCTGCCTCGATGAGG,2.6800427059613785
15375,0.23359078954239101,10__mutated,PertCortex_10_ATGAGGGAGCCGCCTA,2.4680361734295957
15376,0.14704406682881133,10__mutated,PertCortex_10_ATGAGGGAGTCCCACG,2.6666704300268576
15377,0.2412430382898099,10__mutated,PertCortex_10_ATGAGGGCATTCACTT,2.643789732245711
15378,0.08372541062176252,10__mutated,PertCortex_10_ATGAGGGGTAAGTTCC,3.8013007795630007
15379,0.1641522940228005,10__mutated,PertCortex_10_ATGCGATAGTCTCGGC,3.597512512857478
15380,0.2835861591225574,10__mutated,PertCortex_10_ATGCGATAGTTGTAGA,3.1331538838319237
15381,0.060314717286694346,10__mutated,PertCortex_10_ATGCGATCACCGAATT,3.2519260352932746
15382,0.18989579605478085,10__mutated,PertCortex_10_ATGCGATTCGAGCCCA,3.1546305539285227
15383,0.08474670840372231,10__mutated,PertCortex_10_ATGCGATTCGCCAGCA,4.150626496575923
15384,0.05817022813806921,10__mutated,PertCortex_10_ATGGGAGAGTAGTGCG,4.442017830297848
15385,0.11615044373320035,10__mutated,PertCortex_10_ATGGGAGCAGGGAGAG,3.5892261225973283
15386,0.22173279130479367,10__mutated,PertCortex_10_ATGGGAGGTGACTACT,2.5797448420229907
15387,0.19956533429964524,10__mutated,PertCortex_10_ATGGGAGGTTAAGATG,3.5234766610417374
15388,0.15939012025489085,10__mutated,PertCortex_10_ATGGGAGGTTACGGAG,2.983952930190275
15389,0.10393160626814184,10__mutated,PertCortex_10_ATGGGAGTCCAAACTG,3.963272027800037
15390,0.3121285525184134,10__mutated,PertCortex_10_ATGGGAGTCCACGACG,3.467430607137475
15391,0.2614395394106337,10__mutated,PertCortex_10_ATGTGTGAGAAACCAT,2.404469459170062
15392,0.12928608482181583,10__mutated,PertCortex_10_ATGTGTGGTAAATGAC,4.454163776205131
15393,0.16584476726036199,10__mutated,PertCortex_10_ATGTGTGTCAGGTAAA,3.2123080400777417
15394,0.20026752846289986,10__mutated,PertCortex_10_ATGTGTGTCATGTCTT,4.424109646714546
15395,0.05326516923259304,10__mutated,PertCortex_10_ATTACTCAGGAGCGTT,3.9104919838453553
15396,0.27159588400469514,10__mutated,PertCortex_10_ATTACTCCAAGACACG,1.721262597510184
15397,0.14438011929184932,10__mutated,PertCortex_10_ATTACTCCATCGTCGG,4.043858013345552
15398,0.0033546449849169583,10__mutated,PertCortex_10_ATTACTCTCATGTCTT,3.963674827860559
15399,0.09696101672224684,10__mutated,PertCortex_10_ATTATCCAGGTAGCCA,3.875065250211926
15400,0.09398535405526885,10__mutated,PertCortex_10_ATTATCCAGTTTAGGA,4.135443308528274
15401,0.25050531726094316,10__mutated,PertCortex_10_ATTATCCGTTCTGGTA,3.3922815934853783
15402,0.27136481557040976,10__mutated,PertCortex_10_ATTATCCTCGGAAATA,3.261753016252837
15403,0.3071408433014244,10__mutated,PertCortex_10_ATTCTACGTCTGCAAT,2.289920092834374
15404,0.18204276909697886,10__mutated,PertCortex_10_ATTCTACTCTCTTGAT,3.3888588141195948
15405,0.1789607481038108,10__mutated,PertCortex_10_ATTGGACTCAGAGGTG,4.166106842887283
15406,0.19395996780063082,10__mutated,PertCortex_10_ATTGGTGCACGGCGTT,2.940326159782522
15407,0.1261602295165067,10__mutated,PertCortex_10_ATTGGTGGTCTGCGGT,3.371052478404903
15408,0.18767283498273804,10__mutated,PertCortex_10_ATTGGTGTCACCAGGC,3.3134145412025346
15409,0.28508839566171934,10__mutated,PertCortex_10_ATTGGTGTCCGTCATC,2.0876873875217523
15410,0.37365860483374147,10__mutated,PertCortex_10_ATTGGTGTCGTACGGC,2.077647540356779
15411,0.16601985814611486,10__mutated,PertCortex_10_ATTTCTGAGACTTGAA,1.7945179554523647
15412,0.38300758631625564,10__mutated,PertCortex_10_ATTTCTGCAGCTGTTA,1.9912634392594324
15413,0.011203552445540301,10__mutated,PertCortex_10_ATTTCTGGTCCTGCTT,2.628606207959555
15414,0.22858303529572865,10__mutated,PertCortex_10_ATTTCTGGTGACTCAT,2.65240305000456
15415,0.08330041768975882,10__mutated,PertCortex_10_ATTTCTGTCCTCCTAG,4.157372842698612
15416,0.16629472202171353,10__mutated,PertCortex_10_CAACCAAAGTCAATAG,4.265618846522793
15417,0.65809834481647,10__mutated,PertCortex_10_CAACCAATCATTGCGA,1.6451176775062712
15418,0.09114594598369231,10__mutated,PertCortex_10_CAACTAGCACAGTCGC,3.4824013949977424
15419,0.1870593018828784,10__mutated,PertCortex_10_CAACTAGGTCCTCTTG,5.328287573285879
15420,0.07294320564093162,10__mutated,PertCortex_10_CAACTAGTCAGTGCAT,3.6247804391906797
15421,0.08490903478254627,10__mutated,PertCortex_10_CAAGAAACAGCTGTGC,4.24788817480546
15422,0.13284723176680013,10__mutated,PertCortex_10_CAAGATCAGATGTAAC,5.039924862533404
15423,0.050847177829775304,10__mutated,PertCortex_10_CAAGATCGTGACCAAG,3.3452333250985546
15424,0.1657567806583571,10__mutated,PertCortex_10_CAAGTTGAGAGTCGGT,4.559130088194448
15425,0.16779206813205896,10__mutated,PertCortex_10_CAAGTTGAGGGCACTA,4.755519427335307
15426,0.09499814011962769,10__mutated,PertCortex_10_CAAGTTGTCACCATAG,4.15258321635969
15427,0.07869052124536176,10__mutated,PertCortex_10_CACACAAAGATCCTGT,4.306125290802697
15428,0.2047357358656728,10__mutated,PertCortex_10_CACACAAAGCCTATGT,3.8375773934914585
15429,0.1329582782061146,10__mutated,PertCortex_10_CACACAAAGCTCCCAG,3.157136943814764
15430,0.14471005478750468,10__mutated,PertCortex_10_CACACAATCCCAACGG,2.2509862281933795
15431,0.16633072779638033,10__mutated,PertCortex_10_CACACCTCAGCGAACA,3.356023601625083
15432,0.14318841127409435,10__mutated,PertCortex_10_CACACCTGTCTAAAGA,3.8823011328329886
15433,0.21060078607468796,10__mutated,PertCortex_10_CACACCTTCTTGGGTA,4.822967829001571
15434,0.1573475763031709,10__mutated,PertCortex_10_CACACTCCAAAGTGCG,3.07188168022011
15435,0.1362158744519418,10__mutated,PertCortex_10_CACACTCCATTGCGGC,3.7828818197825766
15436,0.09946475517611626,10__mutated,PertCortex_10_CACACTCGTAATTGGA,4.225954537218605
15437,0.06668933824483593,10__mutated,PertCortex_10_CACACTCGTGCAGGTA,4.84958869389992
15438,0.6051959415755405,10__mutated,PertCortex_10_CACAGGCCAAGCCTAT,1.2801720753613417
15439,0.08372383128065783,10__mutated,PertCortex_10_CACAGGCGTGATGATA,3.47919373891172
15440,0.016301729320766675,10__mutated,PertCortex_10_CACAGTAAGCTGTTCA,3.06487790803947
15441,0.35954059577287,10__mutated,PertCortex_10_CACAGTAAGTCAATAG,2.9983095465609435
15442,0.1734226265593625,10__mutated,PertCortex_10_CACAGTACAATAACGA,3.8457677113141813
15443,0.055603221313655596,10__mutated,PertCortex_10_CACAGTACACCATGTA,2.9548484031316735
15444,0.01255919267121161,10__mutated,PertCortex_10_CACAGTATCGCAAGCC,3.205155880923858
15445,0.09193839938906245,10__mutated,PertCortex_10_CACAGTATCTGTCAAG,5.012984843729962
15446,0.49061394771603506,10__mutated,PertCortex_10_CACATAGAGCGCTCCA,2.5359768946520425
15447,0.15729473837290456,10__mutated,PertCortex_10_CACATAGCAGCCAATT,4.8718754481509245
15448,0.15319912657091767,10__mutated,PertCortex_10_CACATTTCAAGTCTGT,3.525210310393927
15449,0.16763325801506954,10__mutated,PertCortex_10_CACATTTCACGGTTTA,4.651168864893152
15450,0.030011694409105706,10__mutated,PertCortex_10_CACATTTGTGGTTTCA,3.0481426050595277
15451,0.09651769622287626,10__mutated,PertCortex_10_CACATTTGTTACGGAG,4.449917811489735
15452,0.5321416520331403,10__mutated,PertCortex_10_CACCACTCACATGGGA,1.9149695122109487
15453,0.11137878728056441,10__mutated,PertCortex_10_CACCACTTCACTTCAT,2.846612754209528
15454,0.13738692012032655,10__mutated,PertCortex_10_CACCAGGTCACCCTCA,4.242626780145157
15455,0.19399848014187274,10__mutated,PertCortex_10_CACCTTGAGAGACTAT,3.96939863319515
15456,0.06543473815238769,10__mutated,PertCortex_10_CACCTTGCAAATTGCC,3.7691493070937807
15457,0.09224885813683333,10__mutated,PertCortex_10_CACCTTGCAAGCCGTC,2.938750652970444
15458,0.08000274853242569,10__mutated,PertCortex_10_CACCTTGCAATCACAC,4.086562758364862
15459,0.34373661388911475,10__mutated,PertCortex_10_CACCTTGCACGAAGCA,1.7882630634641836
15460,0.11328950752822932,10__mutated,PertCortex_10_CACCTTGCACTGTCGG,2.761967352757432
15461,0.15814867742335006,10__mutated,PertCortex_10_CACCTTGGTAAACCTC,4.1991265874762265
15462,0.07630567756774513,10__mutated,PertCortex_10_CACCTTGGTGACGGTA,3.8134037869761905
15463,0.051903668854958916,10__mutated,PertCortex_10_CACCTTGTCCTAAGTG,3.9207714247026164
15464,0.1538336520410268,10__mutated,PertCortex_10_CACTCCAGTTACGCGC,2.559066551581393
15465,0.24396160456858762,10__mutated,PertCortex_10_CAGAATCCAAGGACAC,2.512389041063343
15466,0.12231357656449525,10__mutated,PertCortex_10_CAGAATCCACCAGATT,4.109147517914172
15467,0.44171665848048025,10__mutated,PertCortex_10_CAGAATCTCCGAGCCA,1.9064868965138446
15468,0.053709953068945805,10__mutated,PertCortex_10_CAGAATCTCTTCAACT,3.6262054986675194
15469,0.15977867897388792,10__mutated,PertCortex_10_CAGAGAGCAATCACAC,3.510083093813055
15470,0.07447344366141398,10__mutated,PertCortex_10_CAGCAGCCAGCTATTG,3.856103716139709
15471,0.17126024429778566,10__mutated,PertCortex_10_CAGCAGCCAGCTCGAC,4.879663451067208
15472,0.19750663217941486,10__mutated,PertCortex_10_CAGCAGCGTTCGCGAC,4.282188296582941
15473,0.18741311029512875,10__mutated,PertCortex_10_CAGCATAAGGTTCCTA,4.38894876620647
15474,0.08246386611694961,10__mutated,PertCortex_10_CAGCATACACATGTGT,3.6919956973895642
15475,0.07645832436753885,10__mutated,PertCortex_10_CAGCATATCGGTGTCG,2.929251257620572
15476,0.05557451083188162,10__mutated,PertCortex_10_CAGCCGACACGTCAGC,4.0633596113677415
15477,0.1651003463736796,10__mutated,PertCortex_10_CAGCCGACATGTCTCC,3.587062708487514
15478,0.19906578668953215,10__mutated,PertCortex_10_CAGCGACGTCGGCTCA,4.101174281661009
15479,0.1696625646291646,10__mutated,PertCortex_10_CAGCGACTCACCAGGC,4.370913571559106
15480,0.07381671714479851,10__mutated,PertCortex_10_CAGCTAAAGCCGTCGT,3.9409719263483547
15481,0.2953250017706596,10__mutated,PertCortex_10_CAGCTAAAGTCATGCT,2.451756577843733
15482,0.12180039061189268,10__mutated,PertCortex_10_CAGCTGGTCTAACTGG,3.5689802026742146
15483,0.1777614616432361,10__mutated,PertCortex_10_CAGCTGGTCTTCGGTC,4.380984015650675
15484,0.07236992011669366,10__mutated,PertCortex_10_CAGGTGCAGGATTCGG,3.028598604887535
15485,0.16655075155315546,10__mutated,PertCortex_10_CAGGTGCTCAGTCAGT,4.428323455862537
15486,0.4818955416938237,10__mutated,PertCortex_10_CAGTAACGTCTCCCTA,2.637295945439016
15487,0.0537721631920919,10__mutated,PertCortex_10_CAGTAACGTTACAGAA,3.629049405611419
15488,0.06741540596905804,10__mutated,PertCortex_10_CAGTCCTGTGGCGAAT,3.5897089996162292
15489,0.18909576511159468,10__mutated,PertCortex_10_CAGTCCTGTGGGTCAA,3.8058928965125842
15490,0.5755231233351894,10__mutated,PertCortex_10_CATATGGAGCGTAGTG,2.331131105941954
15491,0.07342801147477544,10__mutated,PertCortex_10_CATATGGAGTATCTCG,4.182799063936142
15492,0.21138155479378742,10__mutated,PertCortex_10_CATATGGAGTGTTTGC,4.114037310373859
15493,0.19925157351310038,10__mutated,PertCortex_10_CATATGGTCAGTTGAC,3.2575842320570927
15494,0.12653442864170472,10__mutated,PertCortex_10_CATATTCCATCACCCT,3.693553351557726
15495,0.1195675809621773,10__mutated,PertCortex_10_CATCAAGAGAGTCTGG,3.9938395742438098
15496,0.19877665767004224,10__mutated,PertCortex_10_CATCAAGAGGCTCTTA,1.8321879343731686
15497,0.11111468570109649,10__mutated,PertCortex_10_CATCAAGGTGAGCGAT,3.6499727583086186
15498,0.10901583084123871,10__mutated,PertCortex_10_CATCAAGTCAAACCAC,2.4159669701817785
15499,0.06088948799428666,10__mutated,PertCortex_10_CATCAGACATCCCATC,2.611300872006477
15500,0.24983378409532714,10__mutated,PertCortex_10_CATCCACCAGCTGTGC,2.6949652401753874
15501,0.30623032694726976,10__mutated,PertCortex_10_CATCGAAGTTGGTGGA,2.103200733032043
15502,0.22305791649244291,10__mutated,PertCortex_10_CATCGAATCAACACGT,2.6482513040105284
15503,0.17073641977029766,10__mutated,PertCortex_10_CATCGAATCCGCATAA,4.495170917462125
15504,0.14945016654079027,10__mutated,PertCortex_10_CATCGGGAGACTCGGA,4.748921330597129
15505,0.1985113310876194,10__mutated,PertCortex_10_CATCGGGAGGATATAC,3.479881728980821
15506,0.09796861231470659,10__mutated,PertCortex_10_CATCGGGCATGACATC,2.931830728464848
15507,0.1277547107095711,10__mutated,PertCortex_10_CATCGGGTCCGTTGTC,4.451257118972947
15508,0.20807476441514075,10__mutated,PertCortex_10_CATGACAAGTGGGATC,4.749208898373773
15509,0.13301880933212978,10__mutated,PertCortex_10_CATGCCTAGCGGATCA,3.913341456801756
15510,0.14728579186980642,10__mutated,PertCortex_10_CATGCCTAGGGATACC,4.293075744812398
15511,0.15355982918542896,10__mutated,PertCortex_10_CATGCCTCAGCCAATT,3.914362997418833
15512,0.0823343634047801,10__mutated,PertCortex_10_CATGCCTGTAATCACC,3.722053999132327
15513,0.08667250980159366,10__mutated,PertCortex_10_CATGCCTGTCAGAATA,3.1913186880185
15514,0.16237903231258108,10__mutated,PertCortex_10_CATGCCTGTGGACGAT,4.291907892590304
15515,0.10148219124870286,10__mutated,PertCortex_10_CATGCCTGTTACCGAT,5.786830231077897
15516,0.03789794994303153,10__mutated,PertCortex_10_CATGCCTGTTCTGGTA,4.277897129276563
15517,0.08922730246516164,10__mutated,PertCortex_10_CATGCCTTCACTCTTA,5.104729143683419
15518,0.1738373373129509,10__mutated,PertCortex_10_CATGGCGAGATATGGT,3.525792810529433
15519,0.2676745450190459,10__mutated,PertCortex_10_CATGGCGAGCACGCCT,2.3434352929056987
15520,0.49018065004223577,10__mutated,PertCortex_10_CATGGCGAGCCGATTT,1.8984696111692874
15521,0.19396995014913496,10__mutated,PertCortex_10_CATGGCGAGCTCAACT,2.9295896761305285
15522,0.19075248214039578,10__mutated,PertCortex_10_CATGGCGCACGCTTTC,4.469207541813772
15523,0.21340441873081123,10__mutated,PertCortex_10_CATGGCGGTATAGGTA,3.9052977969409945
15524,0.17613840734665467,10__mutated,PertCortex_10_CATGGCGGTCAACTGT,4.273128013146339
15525,0.1084610561019351,10__mutated,PertCortex_10_CATTATCAGGAGTACC,4.488955797519651
15526,0.19824949023979155,10__mutated,PertCortex_10_CATTATCGTGAGGCTA,4.4849750949766864
15527,0.17940204376800697,10__mutated,PertCortex_10_CATTCGCAGATGTAAC,4.2762473491514275
15528,0.033231278551289364,10__mutated,PertCortex_10_CATTCGCCAATCTGCA,3.1696015039092558
15529,0.17395429551136274,10__mutated,PertCortex_10_CATTCGCTCAGGCGAA,4.2957729333314125
15530,0.11054547498263392,10__mutated,PertCortex_10_CCAATCCCAGCAGTTT,3.355745583605134
15531,0.15885173503750513,10__mutated,PertCortex_10_CCAATCCGTTAAGAAC,4.276816927213934
15532,0.037679290909651816,10__mutated,PertCortex_10_CCACCTACATCGGTTA,4.90119664311734
15533,0.13174042378122144,10__mutated,PertCortex_10_CCACCTAGTAAAGGAG,4.510681391098846
15534,0.5070074358840609,10__mutated,PertCortex_10_CCACCTATCATTTGGG,1.5840015867245534
15535,0.10281296206499806,10__mutated,PertCortex_10_CCACGGAAGTGTACTC,3.836155593453298
15536,0.09852550352931544,10__mutated,PertCortex_10_CCACTACCAGGATCGA,4.087369759139231
15537,0.10857116811349506,10__mutated,PertCortex_10_CCACTACTCAGCCTAA,4.281135543640885
15538,0.17204620069569285,10__mutated,PertCortex_10_CCAGCGACATGCTAGT,4.135945713250301
15539,0.19585115872972358,10__mutated,PertCortex_10_CCAGCGAGTCCGAACC,4.408155278252524
15540,0.19855293969177662,10__mutated,PertCortex_10_CCATGTCAGCCCGAAA,3.819778934519888
15541,0.2561189500693984,10__mutated,PertCortex_10_CCATGTCTCTTGTATC,2.00236659514763
15542,0.11970429030887854,10__mutated,PertCortex_10_CCCAATCAGACATAAC,3.162377635016478
15543,0.103633157227841,10__mutated,PertCortex_10_CCCAATCCAGGTGGAT,3.886226415036976
15544,0.08329843663744037,10__mutated,PertCortex_10_CCCAGTTAGATGGCGT,4.093907073461202
15545,0.110740965643478,10__mutated,PertCortex_10_CCCAGTTAGGATTCGG,3.9346107381504716
15546,0.1721141574216999,10__mutated,PertCortex_10_CCCAGTTCAAAGGAAG,3.6934348979247162
15547,0.20150803281995905,10__mutated,PertCortex_10_CCCAGTTCACATCTTT,3.4158631568890585
15548,0.20761253487403036,10__mutated,PertCortex_10_CCCATACCAGGCGATA,4.240507239813534
15549,0.1951637009346706,10__mutated,PertCortex_10_CCCTCCTCATCCTTGC,4.755825523842818
15550,0.24572375989407666,10__mutated,PertCortex_10_CCGGGATGTAAGTGTA,2.1698745541332674
15551,0.12642284940419163,10__mutated,PertCortex_10_CCGGGATGTCGTGGCT,4.159031332698945
15552,0.055748414692056755,10__mutated,PertCortex_10_CCGGGATGTGCGATAG,4.244192775907325
15553,0.1997635405597589,10__mutated,PertCortex_10_CCGGGATTCACGCATA,4.8322753436287655
15554,0.22544032882403914,10__mutated,PertCortex_10_CCGGTAGTCAAAGTAG,2.4557001544384316
15555,0.20409201004815694,10__mutated,PertCortex_10_CCGTACTAGAAGGGTA,3.0351010848750586
15556,0.17314783002894074,10__mutated,PertCortex_10_CCGTACTAGTATTGGA,5.147680489651306
15557,0.22415910976431844,10__mutated,PertCortex_10_CCGTACTTCTGGTATG,2.6324443294278694
15558,0.03053205371227003,10__mutated,PertCortex_10_CCGTGGAAGAGCTGGT,3.9546229494278333
15559,0.17083062809684182,10__mutated,PertCortex_10_CCGTGGAGTGGGTATG,3.2786588376378996
15560,0.418254389004015,10__mutated,PertCortex_10_CCGTTCATCGTTTAGG,1.951816978569113
15561,0.17389134895651434,10__mutated,PertCortex_10_CCGTTCATCTTGTATC,4.785047608474138
15562,0.10573426772006826,10__mutated,PertCortex_10_CCTAAAGAGGCAGGTT,3.0761321654494944
15563,0.0841952979782702,10__mutated,PertCortex_10_CCTAAAGAGTCGTACT,4.20842903037611
15564,0.09656026188827405,10__mutated,PertCortex_10_CCTAAAGTCACATACG,4.287333763334356
15565,0.15537950187323096,10__mutated,PertCortex_10_CCTAAAGTCTTGCCGT,3.3010391080837143
15566,0.10510354397021926,10__mutated,PertCortex_10_CCTACCAAGGTGTGGT,3.9332348694394392
15567,0.055668352647848245,10__mutated,PertCortex_10_CCTACCATCGTAGGTT,4.002239952306646
15568,0.18825334836641272,10__mutated,PertCortex_10_CCTACCATCTAACCGA,4.409768074033363
15569,0.06353817007539361,10__mutated,PertCortex_10_CCTAGCTAGAAACCTA,3.3963109616495153
15570,0.10279797500061434,10__mutated,PertCortex_10_CCTAGCTAGACACGAC,4.324278718479256
15571,0.14022993539933973,10__mutated,PertCortex_10_CCTAGCTGTCGCCATG,3.994690145776215
15572,0.09950161929696454,10__mutated,PertCortex_10_CCTATTACAGTAAGAT,4.468553474178641
15573,0.16347487384729034,10__mutated,PertCortex_10_CCTATTACATAAAGGT,5.115024337978644
15574,0.6096388100645966,10__mutated,PertCortex_10_CCTATTACATGCCTAA,2.0433371516711065
15575,0.4284121672133248,10__mutated,PertCortex_10_CCTATTAGTATTAGCC,2.8509067988413643
15576,0.14272213834367992,10__mutated,PertCortex_10_CCTATTAGTCTAAAGA,3.5110266103165877
15577,0.18912330354069676,10__mutated,PertCortex_10_CCTATTATCCTACAGA,3.441879205267358
15578,0.10008354198220426,10__mutated,PertCortex_10_CCTCAGTAGATGTGGC,2.197198664087304
15579,0.22242737225991047,10__mutated,PertCortex_10_CCTCAGTCACACGCTG,2.4784314827066787
15580,0.09194570722767843,10__mutated,PertCortex_10_CCTCAGTCACATTCGA,3.833231841177063
15581,0.15567622832345313,10__mutated,PertCortex_10_CCTCTGAAGATCCCAT,3.754896805085671
15582,0.04294010071452597,10__mutated,PertCortex_10_CCTCTGAGTACAGTTC,4.1320048099063005
15583,0.2530263921400169,10__mutated,PertCortex_10_CCTTACGAGTATCGAA,2.861918005806974
15584,0.10504706447144058,10__mutated,PertCortex_10_CCTTACGTCAATCTCT,2.893569154258561
15585,0.5012713249723427,10__mutated,PertCortex_10_CCTTACGTCTTGTCAT,1.846932966824151
15586,0.08471567935902335,10__mutated,PertCortex_10_CCTTCCCAGTGTACGG,3.750895890791559
15587,0.24470221573082512,10__mutated,PertCortex_10_CCTTCCCCAAGCCATT,2.7784796272151633
15588,0.1902369032568206,10__mutated,PertCortex_10_CCTTCCCCACGAGAGT,3.1869847377949743
15589,0.18989546383105418,10__mutated,PertCortex_10_CCTTCCCGTCGCTTTC,2.556119242226975
15590,0.21052589067484861,10__mutated,PertCortex_10_CCTTCGACAGGGTATG,2.6782854208215032
15591,0.2662263785235761,10__mutated,PertCortex_10_CCTTCGACATCAGTAC,2.294590533356646
15592,0.1303882277702679,10__mutated,PertCortex_10_CCTTCGATCCGAACGC,3.551253175321471
15593,0.11444232279320006,10__mutated,PertCortex_10_CCTTTCTAGTAGCCGA,4.028812552733805
15594,0.11407396469469681,10__mutated,PertCortex_10_CCTTTCTCAAACAACA,4.279346639027635
15595,0.2406841562482243,10__mutated,PertCortex_10_CCTTTCTGTCCATCCT,2.7676623914592593
15596,0.03653846031087609,10__mutated,PertCortex_10_CCTTTCTTCAGCTTAG,4.260161130868959
15597,0.16992435936005268,10__mutated,PertCortex_10_CCTTTCTTCGAGGTAG,3.9140890428756667
15598,0.01944222592047221,10__mutated,PertCortex_10_CGAACATAGTGTTAGA,3.3388981021752486
15599,0.12655349681418818,10__mutated,PertCortex_10_CGAACATCAAGAAGAG,4.586243915834269
15600,0.13501275908509083,10__mutated,PertCortex_10_CGAATGTAGAGACGAA,4.634056342068023
15601,0.1455274437646626,10__mutated,PertCortex_10_CGAATGTTCCACGTTC,3.707943554833972
15602,0.15902082895569727,10__mutated,PertCortex_10_CGAATGTTCTTGCAAG,4.188863886213284
15603,0.21034348147777387,10__mutated,PertCortex_10_CGACCTTCACTTAACG,2.739551472565113
15604,0.18082010397769718,10__mutated,PertCortex_10_CGACCTTGTGGCCCTA,4.3241456705822845
15605,0.02347954742072356,10__mutated,PertCortex_10_CGACTTCAGGACATTA,3.2739629130578773
15606,0.6467438422784497,10__mutated,PertCortex_10_CGACTTCGTATGGTTC,1.3757840976372804
15607,0.280966347648514,10__mutated,PertCortex_10_CGACTTCTCGCACTCT,2.5960101660337895
15608,0.109252914130979,10__mutated,PertCortex_10_CGAGAAGAGGTAAACT,4.450145587548771
15609,0.07405039663779277,10__mutated,PertCortex_10_CGAGAAGCACAACGCC,2.786359553539634
15610,0.15071722394582598,10__mutated,PertCortex_10_CGAGAAGCAGACAAAT,3.068747250744282
15611,0.15086369440172845,10__mutated,PertCortex_10_CGAGAAGGTACTTGAC,2.9298716611914326
15612,0.1385224382504505,10__mutated,PertCortex_10_CGAGAAGGTGGTCCGT,3.3352664693382903
15613,0.1323850515887888,10__mutated,PertCortex_10_CGAGAAGTCGCGGATC,4.394498055472007
15614,0.09508290487382703,10__mutated,PertCortex_10_CGAGCACGTCAAGCGA,4.6385066208860595
15615,0.20481437830049457,10__mutated,PertCortex_10_CGAGCACGTGCGGTAA,2.1921232559562296
15616,0.136526683336933,10__mutated,PertCortex_10_CGAGCCAAGTGTCCAT,3.0043055430259598
15617,0.1668428436186641,10__mutated,PertCortex_10_CGAGCCATCTAGCACA,2.816564453107193
15618,0.1181309893135195,10__mutated,PertCortex_10_CGAGCCATCTGCGTAA,4.001855900544824
15619,0.14870225970604045,10__mutated,PertCortex_10_CGATCGGCAGCCTTTC,2.5156027766317153
15620,0.18378992501119623,10__mutated,PertCortex_10_CGATCGGCAGCTGTAT,4.480780579216105
15621,0.15295557216884614,10__mutated,PertCortex_10_CGATCGGTCCTCATTA,5.226718018820253
15622,0.09109635249758324,10__mutated,PertCortex_10_CGATGGCCAGCATACT,3.5609784162986853
15623,0.1947556384944945,10__mutated,PertCortex_10_CGATGGCCAGTCACTA,3.5956002704808774
15624,0.08990012446040226,10__mutated,PertCortex_10_CGATGGCTCCCATTTA,3.4678452494034544
15625,0.17992217717903902,10__mutated,PertCortex_10_CGATGGCTCGAATGCT,4.19612814905398
15626,0.07552750272158307,10__mutated,PertCortex_10_CGATGTACATGCGCAC,3.828165649273559
15627,0.09387565088528788,10__mutated,PertCortex_10_CGATGTAGTAGGCATG,3.3471920517155698
15628,0.09042040986036588,10__mutated,PertCortex_10_CGATGTATCAGTACGT,3.915388119532502
15629,0.1332381650255999,10__mutated,PertCortex_10_CGATGTATCCTCGCAT,2.9481056600699174
15630,0.4012294383723537,10__mutated,PertCortex_10_CGATTGACATGGAATA,2.296582032647908
15631,0.0627316534175374,10__mutated,PertCortex_10_CGATTGAGTATAGGGC,4.222567624454449
15632,0.15411277671455073,10__mutated,PertCortex_10_CGATTGATCCACTGGG,4.256144209508486
15633,0.19335704680734736,10__mutated,PertCortex_10_CGCCAAGAGAACAACT,2.2205822653491754
15634,0.11469846188822012,10__mutated,PertCortex_10_CGCCAAGAGAGCTATA,4.172278211996019
15635,0.31302625334528766,10__mutated,PertCortex_10_CGCCAAGAGTGAACAT,2.061634324142755
15636,0.13033767593378376,10__mutated,PertCortex_10_CGCCAAGCAACTGCTA,3.9677988958039476
15637,0.4985498575925979,10__mutated,PertCortex_10_CGCCAAGCAATCCGAT,1.696891014875871
15638,0.1206175252936617,10__mutated,PertCortex_10_CGCCAAGTCAAAGTAG,4.1433818662800315
15639,0.0885469135299949,10__mutated,PertCortex_10_CGCCAAGTCTGCTTGC,4.2239142922754525
15640,0.21325452626641095,10__mutated,PertCortex_10_CGCGGTACATGCAATC,3.0019118302844245
15641,0.5143937643722326,10__mutated,PertCortex_10_CGCGTTTCAGTGGGAT,1.5840419905440306
15642,0.25613094915781015,10__mutated,PertCortex_10_CGCTATCAGCCAGTTT,3.131927164857074
15643,0.5925845639922381,10__mutated,PertCortex_10_CGCTATCCACAGACAG,2.1397407791609067
15644,0.11502474707961843,10__mutated,PertCortex_10_CGCTATCCATGGTAGG,4.15293797820384
15645,0.6617718941175619,10__mutated,PertCortex_10_CGCTGGAAGGAGTAGA,1.2533880028525923
15646,0.13461143405168968,10__mutated,PertCortex_10_CGCTGGACAGATGGGT,3.05704235405944
15647,0.07806633787422798,10__mutated,PertCortex_10_CGCTGGACATCACGTA,5.132501052083044
15648,0.22579162412900472,10__mutated,PertCortex_10_CGCTGGAGTAGCTAAA,2.8764194570371457
15649,0.10037300867436602,10__mutated,PertCortex_10_CGCTTCAGTTAAGATG,4.091193694807533
15650,0.3045309431455199,10__mutated,PertCortex_10_CGCTTCAGTTCTGGTA,2.4780527974382993
15651,0.17833419447096385,10__mutated,PertCortex_10_CGGACACAGCGTTCCG,2.992557397913202
15652,0.43173511101857953,10__mutated,PertCortex_10_CGGACACGTCATATGC,2.4027667310795917
15653,0.10663717743359513,10__mutated,PertCortex_10_CGGACACTCGAATGCT,3.886861824052739
15654,0.0930290659541657,10__mutated,PertCortex_10_CGGACACTCGTGGTCG,3.3479149416251364
15655,0.1510007740056261,10__mutated,PertCortex_10_CGGACACTCTGAAAGA,4.614578623358407
15656,0.05541272723152308,10__mutated,PertCortex_10_CGGACGTAGCAGCGTA,3.9238557140200343
15657,0.18513998266949167,10__mutated,PertCortex_10_CGGACGTAGCGACGTA,3.0869609591884557
15658,0.18983383939588294,10__mutated,PertCortex_10_CGGACGTGTAGGAGTC,2.247105247013101
15659,0.4876838941168636,10__mutated,PertCortex_10_CGGACGTTCCAAATGC,1.7581295651803155
15660,0.15713004153590165,10__mutated,PertCortex_10_CGGACGTTCGACGGAA,3.0581011129431066
15661,0.16601375359037096,10__mutated,PertCortex_10_CGGACTGAGTGGTCCC,3.0195243957596047
15662,0.5259210981835405,10__mutated,PertCortex_10_CGGACTGCATAACCTG,2.3904843139092637
15663,0.17051324517279337,10__mutated,PertCortex_10_CGGACTGTCGGTCCGA,3.712902646852629
15664,0.12180112583401531,10__mutated,PertCortex_10_CGGAGCTGTATATGAG,3.8948820278770535
15665,0.18675937615294386,10__mutated,PertCortex_10_CGGAGTCTCAGAAATG,3.7976604886962506
15666,0.07346497438906174,10__mutated,PertCortex_10_CGGAGTCTCAGCTCTC,4.0557295843689225
15667,0.047120000915621636,10__mutated,PertCortex_10_CGGCTAGAGAAGGTTT,4.18673395134969
15668,0.169001018001037,10__mutated,PertCortex_10_CGGCTAGCACTCTGTC,4.395432108954145
15669,0.5234965355778485,10__mutated,PertCortex_10_CGGCTAGGTAAGTGTA,1.473282409127789
15670,0.30277044131629116,10__mutated,PertCortex_10_CGGCTAGGTCGCATAT,2.1766084069616687
15671,0.17463792299977302,10__mutated,PertCortex_10_CGGCTAGGTTGGTTTG,2.6501128709123978
15672,0.05618808998954898,10__mutated,PertCortex_10_CGGGTCAAGTCGCCGT,3.4571261312329904
15673,0.19707927635615605,10__mutated,PertCortex_10_CGGTTAATCAGGATCT,3.0568197661737586
15674,0.2003304163671492,10__mutated,PertCortex_10_CGGTTAATCTATGTGG,3.6407180802978383
15675,0.19896934022767665,10__mutated,PertCortex_10_CGTAGCGAGCTTTGGT,5.284202440534915
15676,0.10345374714885383,10__mutated,PertCortex_10_CGTAGGCTCCTGTACC,4.285690587632539
15677,0.13265962590489405,10__mutated,PertCortex_10_CGTAGGCTCTACTATC,5.606983507527036
15678,0.1208975858614166,10__mutated,PertCortex_10_CGTCACTAGAGAGCTC,3.6967209044537714
15679,0.1293374547315448,10__mutated,PertCortex_10_CGTCACTAGTGCCAGA,3.73871814666101
15680,0.17035239416111472,10__mutated,PertCortex_10_CGTCACTGTCAACTGT,3.8257503390146543
15681,0.16441528051391627,10__mutated,PertCortex_10_CGTCACTTCCTTTCGG,4.557341231506036
15682,0.07513087162285148,10__mutated,PertCortex_10_CGTCACTTCGCAAACT,3.805792410124348
15683,0.45384719446013333,10__mutated,PertCortex_10_CGTCACTTCGGAGGTA,1.621052462501564
15684,0.022341358379167457,10__mutated,PertCortex_10_CGTCACTTCTTGCATT,3.339262542932845
15685,0.16783050501359292,10__mutated,PertCortex_10_CGTCAGGAGGCTAGAC,3.4577523185748187
15686,0.35543257574449566,10__mutated,PertCortex_10_CGTCAGGCAATCTGCA,2.2197759243913198
15687,0.21220490197744707,10__mutated,PertCortex_10_CGTCAGGCACATGTGT,4.9279219170515995
15688,0.19934140661158486,10__mutated,PertCortex_10_CGTCAGGGTTTCCACC,2.7430992810505685
15689,0.15835209015569882,10__mutated,PertCortex_10_CGTCCATCACCTTGTC,3.586785431845138
15690,0.5659652889037404,10__mutated,PertCortex_10_CGTCCATGTAACGACG,1.6226024397251726
15691,0.5916684784309538,10__mutated,PertCortex_10_CGTCCATGTGCAGTAG,1.8061418161194125
15692,0.10155538133174673,10__mutated,PertCortex_10_CGTCTACAGCCGGTAA,2.5477749575265642
15693,0.09142498962317194,10__mutated,PertCortex_10_CGTCTACAGTCGTACT,4.030286007798889
15694,0.0572287719264589,10__mutated,PertCortex_10_CGTCTACCATTGGTAC,4.28262571027446
15695,0.12974657754871385,10__mutated,PertCortex_10_CGTCTACGTAGCGATG,2.795172546551933
15696,0.12201348464069103,10__mutated,PertCortex_10_CGTCTACGTGCATCTA,3.666168914617339
15697,0.10116565326186121,10__mutated,PertCortex_10_CGTGAGCAGCATGGCA,5.141784867870869
15698,0.1611674301288379,10__mutated,PertCortex_10_CGTGTAAAGGATGGAA,3.6937989503998705
15699,0.2881478262176099,10__mutated,PertCortex_10_CGTGTAATCCAATGGT,3.7047067713074355
15700,0.1606970298862502,10__mutated,PertCortex_10_CGTGTCTCAGGGCATA,3.0986688295353355
15701,0.2365374750823016,10__mutated,PertCortex_10_CGTGTCTCATCCCATC,2.5048746431661746
15702,0.19719394150742423,10__mutated,PertCortex_10_CGTGTCTCATGGAATA,3.361428670516726
15703,0.14674705396318422,10__mutated,PertCortex_10_CGTGTCTGTCATCGGC,3.4156954139273963
15704,0.05320656717686532,10__mutated,PertCortex_10_CGTTAGAAGTGTTGAA,4.039061356203031
15705,0.1388135348848221,10__mutated,PertCortex_10_CGTTAGACAGTTAACC,5.114603729879972
15706,0.12947137924386737,10__mutated,PertCortex_10_CGTTAGACATGTCCTC,4.862367798802687
15707,0.6870653876849284,10__mutated,PertCortex_10_CGTTAGATCCGTCAAA,1.581781294210559
15708,0.17014954469716484,10__mutated,PertCortex_10_CGTTCTGGTCATATGC,4.689974053096243
15709,0.1636489829864573,10__mutated,PertCortex_10_CGTTGGGCATTGGCGC,4.294756516015989
15710,0.09437492528196748,10__mutated,PertCortex_10_CGTTGGGGTCGACTAT,4.8035899960113815
15711,0.4466133342652065,10__mutated,PertCortex_10_CGTTGGGGTCTAAAGA,1.7269072424958685
15712,0.04081948573668591,10__mutated,PertCortex_10_CTAACTTAGGTTACCT,3.507412597603635
15713,0.3775615796345556,10__mutated,PertCortex_10_CTAACTTAGGTTCCTA,2.008815384979345
15714,0.21470613965621044,10__mutated,PertCortex_10_CTAACTTGTCCATGAT,2.864687476418112
15715,0.11991666947232868,10__mutated,PertCortex_10_CTAACTTGTGCGCTTG,4.546854860473693
15716,0.12918261145323082,10__mutated,PertCortex_10_CTAAGACAGCTGAACG,4.409365902384745
15717,0.1451193638715731,10__mutated,PertCortex_10_CTAAGACCAAGTTCTG,2.801960954692121
15718,0.49468998447649537,10__mutated,PertCortex_10_CTAAGACTCAACGGCC,2.5903651904315557
15719,0.23214789658084756,10__mutated,PertCortex_10_CTAATGGCAAAGGAAG,2.9976377423286955
15720,0.10390204465831805,10__mutated,PertCortex_10_CTAATGGTCTGCGTAA,4.793782812509671
15721,0.051517656063365204,10__mutated,PertCortex_10_CTACACCAGTTAAGTG,4.336370153969945
15722,0.09566182673971527,10__mutated,PertCortex_10_CTACACCGTAGCGTGA,4.16509615116554
15723,0.10690228505654885,10__mutated,PertCortex_10_CTACATTAGATGTGTA,5.041146238194766
15724,0.1988850851011547,10__mutated,PertCortex_10_CTACATTAGGCATTGG,4.189567053167892
15725,0.15032510547860614,10__mutated,PertCortex_10_CTACCCAAGAATCTCC,3.3972656930879586
15726,0.09424816060023183,10__mutated,PertCortex_10_CTACCCAAGCGAGAAA,3.997881164442557
15727,0.1796235906897953,10__mutated,PertCortex_10_CTACCCACAGAGTGTG,4.045226263843447
15728,0.14335776615580437,10__mutated,PertCortex_10_CTACCCAGTGAGCGAT,3.917991128560886
15729,0.019420562862327587,10__mutated,PertCortex_10_CTACCCATCCTGCAGG,2.88396384012427
15730,0.14873156001570978,10__mutated,PertCortex_10_CTACGTCGTGCGATAG,4.689989305466236
15731,0.18601155123856045,10__mutated,PertCortex_10_CTAGAGTTCTGGTGTA,3.9596877558889236
15732,0.14643762721942427,10__mutated,PertCortex_10_CTAGCCTAGGAGTAGA,4.464100958817559
15733,0.25925342736716495,10__mutated,PertCortex_10_CTAGCCTAGTTACGGG,2.0717035584794345
15734,0.1110060389176117,10__mutated,PertCortex_10_CTAGCCTCAAAGGTGC,3.6969848450215266
15735,0.17555330169555128,10__mutated,PertCortex_10_CTAGCCTCAGATCGGA,3.8648048538832716
15736,0.19618187730665243,10__mutated,PertCortex_10_CTAGCCTCAGGTGCCT,3.1771540619899135
15737,0.4323138114389648,10__mutated,PertCortex_10_CTAGTGAGTAGCGTGA,2.1778590345523914
15738,0.611254592673407,10__mutated,PertCortex_10_CTAGTGATCGGCTACG,1.663226942487224
15739,0.18399355766063794,10__mutated,PertCortex_10_CTCACACAGTGAACAT,3.7747776093216348
15740,0.31807957291286687,10__mutated,PertCortex_10_CTCACACGTTGTGGCC,3.3701786152107123
15741,0.09689002282990848,10__mutated,PertCortex_10_CTCAGAAAGATATGCA,4.332820130508735
15742,0.11529970720419522,10__mutated,PertCortex_10_CTCATTACAATACGCT,2.3923865210529844
15743,0.1853310706787265,10__mutated,PertCortex_10_CTCATTACAGCAGTTT,2.956948539066511
15744,0.16116722368619288,10__mutated,PertCortex_10_CTCCTAGAGAATTGTG,4.778185555777038
15745,0.5820374472203896,10__mutated,PertCortex_10_CTCCTAGCATGGGAAC,2.042784221589669
15746,-0.004045141101244068,10__mutated,PertCortex_10_CTCCTAGTCATGTGGT,4.12884604480393
15747,0.05049052909347857,10__mutated,PertCortex_10_CTCGAAAAGCGTCTAT,3.3912583739046935
15748,0.12260256493738071,10__mutated,PertCortex_10_CTCGAAATCAGGTTCA,3.732974060756855
15749,0.08289441432485627,10__mutated,PertCortex_10_CTCGAGGAGAACTCGG,4.18347713251737
15750,0.2381350274807794,10__mutated,PertCortex_10_CTCGAGGAGCCACCTG,2.8525114983457347
15751,0.05306477816658739,10__mutated,PertCortex_10_CTCGAGGCAACGCACC,3.3502369104998864
15752,0.1693745833422661,10__mutated,PertCortex_10_CTCGAGGTCGTTTAGG,4.803900258723995
15753,0.3981233964737121,10__mutated,PertCortex_10_CTCGGAGAGTACACCT,1.9400634686928435
15754,0.320818424263087,10__mutated,PertCortex_10_CTCGGAGCAGGTGCCT,2.0371116602433803
15755,0.18202929112649016,10__mutated,PertCortex_10_CTCGGAGGTCTTCAAG,3.9817062078564933
15756,0.11790322650776298,10__mutated,PertCortex_10_CTCGGAGTCATGTCTT,3.5614148735211115
15757,0.06858431786979645,10__mutated,PertCortex_10_CTCGGGAAGTGTCCAT,4.2990628710711265
15758,0.07362417012476273,10__mutated,PertCortex_10_CTCGGGACATTATCTC,5.103054875430486
15759,0.17698558765928188,10__mutated,PertCortex_10_CTCGGGAGTCCTCCAT,2.9490971848463743
15760,0.1916663420642298,10__mutated,PertCortex_10_CTCGGGATCATGTCTT,3.67412684909401
15761,0.07471873115134468,10__mutated,PertCortex_10_CTCGGGATCTGCCCTA,4.568509836985301
15762,0.13055186833427151,10__mutated,PertCortex_10_CTCGTACAGCCTATGT,3.356687874695265
15763,0.11672035737460863,10__mutated,PertCortex_10_CTCGTACAGCTAACTC,2.6919379545457898
15764,0.5426158203948687,10__mutated,PertCortex_10_CTCGTACAGGAATGGA,2.2331153299423065
15765,0.3928727450245609,10__mutated,PertCortex_10_CTCGTACCACTAAGTC,2.1324123838808466
15766,0.09391293975813995,10__mutated,PertCortex_10_CTCGTACCAGACAGGT,4.0253602030370175
15767,0.1651142254559386,10__mutated,PertCortex_10_CTCGTACCAGACGCTC,4.387367265328489
15768,0.09643380490068444,10__mutated,PertCortex_10_CTCGTCAAGGTGCTTT,4.086667003550115
15769,0.2105050924027824,10__mutated,PertCortex_10_CTCGTCAAGTTAGGTA,3.2971099616034976
15770,0.20349271779656095,10__mutated,PertCortex_10_CTCGTCAAGTTCCACA,4.673479380536973
15771,0.17826926287742798,10__mutated,PertCortex_10_CTCTAATCATTAGGCT,3.5225064190126933
15772,0.20624328401419464,10__mutated,PertCortex_10_CTCTACGAGAAGGCCT,2.9907389248203313
15773,0.23698691909306022,10__mutated,PertCortex_10_CTCTACGTCAGGTAAA,2.8909710228816095
15774,0.08047710423579438,10__mutated,PertCortex_10_CTCTGGTAGGTCGGAT,3.8739763167370023
15775,0.6673126918136068,10__mutated,PertCortex_10_CTCTGGTGTGCGATAG,1.7334298203462755
15776,0.09702724723835429,10__mutated,PertCortex_10_CTGAAACGTTATGCGT,2.5396902195707907
15777,0.07077846508059094,10__mutated,PertCortex_10_CTGAAACGTTTGGGCC,3.5732562116982822
15778,0.06802599750152541,10__mutated,PertCortex_10_CTGAAGTAGGATATAC,3.9704631865623825
15779,0.09804146141697949,10__mutated,PertCortex_10_CTGATAGGTCAATACC,4.01317925092889
15780,0.14605683367817016,10__mutated,PertCortex_10_CTGATCCCAAGTCATC,3.6455086935318506
15781,0.16977603745790099,10__mutated,PertCortex_10_CTGATCCCACCAGGCT,4.243548339871459
15782,0.3333278931931441,10__mutated,PertCortex_10_CTGATCCGTGTATGGG,2.2197994766239466
15783,0.6273544481599548,10__mutated,PertCortex_10_CTGATCCTCACTTACT,1.9248676462795953
15784,0.16876488127059078,10__mutated,PertCortex_10_CTGCCTAAGATACACA,5.483841772471848
15785,0.5385372904105781,10__mutated,PertCortex_10_CTGCCTAAGGCTAGCA,1.7204888710435167
15786,0.13692057605627198,10__mutated,PertCortex_10_CTGCCTAGTTCAGCGC,2.9427428170559753
15787,0.1392186017081132,10__mutated,PertCortex_10_CTGCCTATCCGATATG,4.699254053830037
15788,0.14426765866045765,10__mutated,PertCortex_10_CTGCCTATCTCTGAGA,3.8960824503479254
15789,0.1227529198069719,10__mutated,PertCortex_10_CTGCCTATCTGCAAGT,3.7568444612716876
15790,0.28221342148631456,10__mutated,PertCortex_10_CTGCGGAAGAGCAATT,2.4600208216369803
15791,0.17518238054665905,10__mutated,PertCortex_10_CTGCGGAGTAGGGTAC,3.413171584431833
15792,0.19784538314052727,10__mutated,PertCortex_10_CTGCGGATCCCATTTA,3.1727452325021006
15793,0.292768964892885,10__mutated,PertCortex_10_CTGGTCTAGAAACGCC,1.9760619830154194
15794,0.2767432247809934,10__mutated,PertCortex_10_CTGTGCTAGAAGGTGA,2.9660191771171287
15795,0.19008952180643973,10__mutated,PertCortex_10_CTGTGCTAGTGTGGCA,4.813045573337666
15796,0.3661738730052138,10__mutated,PertCortex_10_CTGTGCTCATCCGTGG,1.717664657108703
15797,0.021216463439900145,10__mutated,PertCortex_10_CTGTGCTGTCAGAATA,3.6760142709419434
15798,0.15894908737670577,10__mutated,PertCortex_10_CTGTGCTGTCTGGTCG,4.298788431188717
15799,0.11492384935084658,10__mutated,PertCortex_10_CTGTGCTTCAGCACAT,4.20135850749919
15800,0.09414505082077408,10__mutated,PertCortex_10_CTGTGCTTCCGAGCCA,4.301866147302127
15801,0.14427927112226588,10__mutated,PertCortex_10_CTGTTTACAAAGGCGT,5.432252824362129
15802,0.08971515009874576,10__mutated,PertCortex_10_CTGTTTACACGGTAGA,4.053961236788086
15803,0.6029071096105288,10__mutated,PertCortex_10_CTGTTTAGTAGTGAAT,1.9686514471381529
15804,0.23541377674276776,10__mutated,PertCortex_10_CTGTTTATCTTCATGT,2.7595041168090164
15805,0.12983448607110826,10__mutated,PertCortex_10_CTTAACTGTAATCGTC,3.848149843580097
15806,0.18088871666014011,10__mutated,PertCortex_10_CTTAACTGTCGCATCG,3.2193564128653978
15807,0.14609809251201306,10__mutated,PertCortex_10_CTTAACTTCGTACGGC,4.7508532692924685
15808,0.17675598042522525,10__mutated,PertCortex_10_CTTACCGAGGGTGTTG,2.6407190394735833
15809,0.23687739308355832,10__mutated,PertCortex_10_CTTACCGGTAGAGTGC,2.643733372517295
15810,0.14344000356982103,10__mutated,PertCortex_10_CTTACCGGTAGCGTCC,4.0985077055910315
15811,0.09220470029753632,10__mutated,PertCortex_10_CTTACCGGTCTAGAGG,3.4771968181468242
15812,0.21054284212050303,10__mutated,PertCortex_10_CTTACCGTCGGTCCGA,2.894428653274603
15813,0.22463210502862394,10__mutated,PertCortex_10_CTTAGGACATTCACTT,3.1667549456944646
15814,0.044524287879936134,10__mutated,PertCortex_10_CTTAGGAGTTCAACCA,3.2961699591883
15815,0.09779060661238642,10__mutated,PertCortex_10_CTTCTCTAGATATGGT,2.3892465430132233
15816,0.18912914163396374,10__mutated,PertCortex_10_CTTCTCTGTAGCTGCC,4.5518845174219
15817,0.20472705614929654,10__mutated,PertCortex_10_CTTCTCTGTCAGAATA,3.430742139997761
15818,0.08814769446895347,10__mutated,PertCortex_10_CTTCTCTTCCTGCTTG,4.45749638291625
15819,0.19742290119483377,10__mutated,PertCortex_10_CTTGGCTAGTGCGTGA,2.705816392633535
15820,0.18929627916669728,10__mutated,PertCortex_10_CTTGGCTTCCGCATAA,4.132960321894161
15821,0.07649469115661188,10__mutated,PertCortex_10_CTTTGCGGTCGCTTCT,4.264285355524128
15822,0.06992389015946493,10__mutated,PertCortex_10_CTTTGCGTCACCCTCA,4.541999327313154
15823,0.22240887344346796,10__mutated,PertCortex_10_GAAACTCCACTAAGTC,2.5302520950808685
15824,0.16162428646360996,10__mutated,PertCortex_10_GAAACTCCATATACCG,4.821011011477811
15825,0.17613534752493532,10__mutated,PertCortex_10_GAAACTCGTATCGCAT,2.7076938672937643
15826,0.08260411854063927,10__mutated,PertCortex_10_GAAACTCGTCTTGCGG,3.7051045382094747
15827,0.12027115489369264,10__mutated,PertCortex_10_GAAACTCTCGGCGCAT,4.974340703977927
15828,0.08881180804644603,10__mutated,PertCortex_10_GAAATGAAGTCGCCGT,3.945352671988646
15829,0.020954520865976236,10__mutated,PertCortex_10_GAACATCAGATGTGGC,3.8146971152455706
15830,0.09402323289805922,10__mutated,PertCortex_10_GAACATCAGGATGGTC,4.7730784929555465
15831,0.23292671374399707,10__mutated,PertCortex_10_GAACATCGTGATGATA,4.721897311588428
15832,0.29124551326183834,10__mutated,PertCortex_10_GAACCTAAGAGCAATT,3.8955301336667656
15833,0.13896877652017425,10__mutated,PertCortex_10_GAACCTATCACATAGC,4.949055327588509
15834,0.1459034037203941,10__mutated,PertCortex_10_GAACCTATCACCACCT,4.566881112837416
15835,0.13399003400188333,10__mutated,PertCortex_10_GAACCTATCTCCCTGA,4.164989632391491
15836,0.22384870968084708,10__mutated,PertCortex_10_GAACGGAAGCACCGCT,3.10491825609756
15837,0.07334683177432202,10__mutated,PertCortex_10_GAACGGAAGGTGCTAG,3.8907341163025424
15838,0.11399020556932705,10__mutated,PertCortex_10_GAACGGATCCTCATTA,4.324228005599409
15839,0.08973833287238457,10__mutated,PertCortex_10_GAACGGATCTGCCCTA,3.7416384633928446
15840,0.15394395095710847,10__mutated,PertCortex_10_GAAGCAGCATCACCCT,4.532641898189959
15841,0.2122545623541825,10__mutated,PertCortex_10_GAAGCAGGTTAAGTAG,3.2526030627178777
15842,0.2082243744712065,10__mutated,PertCortex_10_GAATAAGAGTGTTTGC,4.283793985789894
15843,0.14959128596695764,10__mutated,PertCortex_10_GAATAAGGTGGAAAGA,3.0495187747196253
15844,0.13625862983805923,10__mutated,PertCortex_10_GAATAAGTCTAAGCCA,4.890255529488461
15845,0.13384929586555916,10__mutated,PertCortex_10_GAATGAAGTTCAGCGC,4.9586814221875155
15846,0.1596271679779567,10__mutated,PertCortex_10_GAATGAATCCACGTGG,3.356540786309548
15847,0.17405970190743922,10__mutated,PertCortex_10_GACACGCTCAACACAC,3.3017697404884365
15848,0.13740148393331056,10__mutated,PertCortex_10_GACAGAGGTTCAGTAC,4.570292919393512
15849,0.12172901394665873,10__mutated,PertCortex_10_GACAGAGTCCGAGCCA,3.8085891845550575
15850,0.5594943332132233,10__mutated,PertCortex_10_GACAGAGTCTTGTATC,1.5485003592834008
15851,0.5490802480722914,10__mutated,PertCortex_10_GACCAATGTACAGTGG,1.7187976016026414
15852,0.22266356964010278,10__mutated,PertCortex_10_GACCAATTCAACGAAA,3.241893511661305
15853,0.41417314354311807,10__mutated,PertCortex_10_GACCTGGCAGGAACGT,2.0359142045755974
15854,0.11429018536687202,10__mutated,PertCortex_10_GACCTGGTCTCCTATA,3.6079423792654812
15855,0.26597819988647436,10__mutated,PertCortex_10_GACGCGTAGGCGATAC,2.410766558293006
15856,0.10789257758025808,10__mutated,PertCortex_10_GACGGCTGTAGAGGAA,3.8944850512364737
15857,0.06169109798745245,10__mutated,PertCortex_10_GACGTGCAGTCATCCA,2.430850274646509
15858,0.04854106545552319,10__mutated,PertCortex_10_GACGTTAAGAGCCTAG,3.2628942315927136
15859,0.12408227535446391,10__mutated,PertCortex_10_GACGTTAAGGAGTACC,2.879091834179405
15860,0.4277401591153148,10__mutated,PertCortex_10_GACGTTACACATGTGT,2.1396158633512066
15861,0.11172116899660366,10__mutated,PertCortex_10_GACTAACCATCCAACA,4.0207082532274905
15862,0.19227432324049049,10__mutated,PertCortex_10_GACTAACTCATCTGTT,3.684899104194548
15863,0.23169426482128802,10__mutated,PertCortex_10_GACTACATCAGCATGT,3.098534605267624
15864,0.16819286677099374,10__mutated,PertCortex_10_GACTGCGTCACCTTAT,5.368721632911029
15865,0.418038630428944,10__mutated,PertCortex_10_GAGCAGAAGAACAACT,2.2233995588944238
15866,0.14756584807860912,10__mutated,PertCortex_10_GAGCAGAAGAGTAAGG,2.9792089773687875
15867,0.2664722690139608,10__mutated,PertCortex_10_GAGCAGAAGCGTGAAC,2.5290576891635665
15868,0.23411352297506793,10__mutated,PertCortex_10_GAGCAGACACTACAGT,3.0707449271613356
15869,0.1421737644000449,10__mutated,PertCortex_10_GAGCAGATCCGTTGCT,5.306162819819579
15870,0.029183194652017717,10__mutated,PertCortex_10_GAGCAGATCTGAAAGA,3.4934267256470415
15871,0.03917481394784461,10__mutated,PertCortex_10_GAGGTGAAGAGCAATT,3.8487371328905913
15872,0.11131233847415041,10__mutated,PertCortex_10_GATCAGTCACCACCAG,4.330176525686174
15873,0.5369241439858732,10__mutated,PertCortex_10_GATCAGTTCTATGTGG,2.2991564404651164
15874,0.10442898582416414,10__mutated,PertCortex_10_GATCGATAGAAGGTGA,4.226355788282019
15875,0.1452649039688823,10__mutated,PertCortex_10_GATCGATAGCACGCCT,4.473624639571841
15876,0.10990541731505366,10__mutated,PertCortex_10_GATCGATCAGACAAGC,4.1139396035858775
15877,0.143462824601846,10__mutated,PertCortex_10_GATCGATCAGTCACTA,3.032340622420499
15878,0.31886312846884257,10__mutated,PertCortex_10_GATCGATGTTCCGGCA,2.448886192797128
15879,0.04136410283605597,10__mutated,PertCortex_10_GATCGATTCAGGTTCA,3.395923993757876
15880,0.09915727823740347,10__mutated,PertCortex_10_GATCGATTCTTGCCGT,3.7901612046807878
15881,0.2489628546929535,10__mutated,PertCortex_10_GATCGCGAGCCAGAAC,3.3788527464810203
15882,0.11903917698008247,10__mutated,PertCortex_10_GATCGCGCATCACGAT,4.293913861932374
15883,0.16474070778042804,10__mutated,PertCortex_10_GATCGTATCAAGATCC,3.204467475730494
15884,0.13243789986611287,10__mutated,PertCortex_10_GATCTAGAGACAAGCC,3.510134910964297
15885,0.20970184385181445,10__mutated,PertCortex_10_GATCTAGAGCAGCGTA,2.8182308708248858
15886,0.15052113538294967,10__mutated,PertCortex_10_GATCTAGCACGGTAGA,4.01366994875157
15887,0.08727628019886197,10__mutated,PertCortex_10_GATCTAGGTGGAAAGA,3.962824725624772
15888,0.18080153605930907,10__mutated,PertCortex_10_GATGAAATCAAAGTAG,4.158129139035946
15889,0.23835436368401988,10__mutated,PertCortex_10_GATGAAATCCACTGGG,4.987869494785476
15890,0.6020107250172099,10__mutated,PertCortex_10_GATGAAATCTCTAGGA,2.197667781376047
15891,0.061563369959727866,10__mutated,PertCortex_10_GATGAGGAGGTAGCTG,3.769687607111794
15892,0.12526408111441598,10__mutated,PertCortex_10_GATGAGGCAAATTGCC,3.6969611568511387
15893,0.16787290423263065,10__mutated,PertCortex_10_GATGAGGGTCAAGCGA,4.220292206911594
15894,0.12167899809938527,10__mutated,PertCortex_10_GATGAGGGTTCTGAAC,2.8444820780769313
15895,0.23600874196046712,10__mutated,PertCortex_10_GATGCTAAGCGCTCCA,2.8787222316411762
15896,0.09037160096471775,10__mutated,PertCortex_10_GATGCTAGTAAGAGAG,3.088655481483014
15897,0.2811779193064317,10__mutated,PertCortex_10_GATGCTAGTCGAGATG,2.370173123007489
15898,0.09165063599391247,10__mutated,PertCortex_10_GATTCAGTCCAAATGC,5.27316910641711
15899,0.4986852393386619,10__mutated,PertCortex_10_GCAAACTAGGCATGTG,1.6989169522124365
15900,0.14007750879524186,10__mutated,PertCortex_10_GCAAACTAGTACTTGC,4.859287891491386
15901,0.18696670044442804,10__mutated,PertCortex_10_GCAATCAAGCTCAACT,4.913324053551672
15902,0.25962245434554704,10__mutated,PertCortex_10_GCAATCACAAAGTCAA,4.656784262723561
15903,0.27518849037403625,10__mutated,PertCortex_10_GCAATCAGTTATCACG,2.091209180211101
15904,0.12674669714006231,10__mutated,PertCortex_10_GCAATCAGTTCGAATC,3.2854679977638246
15905,0.15162173445712437,10__mutated,PertCortex_10_GCAATCATCTTAGCCC,3.6450623247003637
15906,0.1783249315478094,10__mutated,PertCortex_10_GCACTCTAGCATCATC,1.3939441165581434
15907,0.1226222711160562,10__mutated,PertCortex_10_GCACTCTAGTGAACGC,4.316702704571311
15908,0.24170325937509343,10__mutated,PertCortex_10_GCACTCTCATCGATTG,2.284297116949712
15909,0.1697181743992535,10__mutated,PertCortex_10_GCACTCTTCAGGCAAG,3.1078011738105915
15910,0.12928330622172968,10__mutated,PertCortex_10_GCAGCCAAGTGAAGAG,4.1490925863291075
15911,0.07148441316049751,10__mutated,PertCortex_10_GCAGTTAGTCTTGATG,3.0833225710224785
15912,0.2523875325839701,10__mutated,PertCortex_10_GCAGTTAGTTAGGGTG,3.5688650738339955
15913,0.03218681211490522,10__mutated,PertCortex_10_GCATACAGTCTAGGTT,4.306909487368628
15914,0.3994354596819235,10__mutated,PertCortex_10_GCATACAGTGTGAAAT,2.1418480894858094
15915,0.18195058009471107,10__mutated,PertCortex_10_GCATACATCGAGGTAG,3.946762645249031
15916,0.07802757580767444,10__mutated,PertCortex_10_GCATGATCACTGAAGG,3.448192786487808
15917,0.4390467580421813,10__mutated,PertCortex_10_GCATGATGTATGGTTC,1.70347519271625
15918,0.13240602426727882,10__mutated,PertCortex_10_GCATGCGAGATGGGTC,4.256828935295688
15919,0.06388151361214461,10__mutated,PertCortex_10_GCATGCGTCGTGACAT,3.7667198050992767
15920,0.45968711122695566,10__mutated,PertCortex_10_GCATGCGTCTTGCATT,1.9673111219814376
15921,0.14502890878770933,10__mutated,PertCortex_10_GCATGTAAGACTAGGC,3.474765311931419
15922,0.18258542098405217,10__mutated,PertCortex_10_GCATGTAAGGTAAACT,5.093425456337525
15923,0.09728550953017445,10__mutated,PertCortex_10_GCATGTAGTCTCACCT,4.0295797166821465
15924,0.11197104844575252,10__mutated,PertCortex_10_GCATGTAGTTATCACG,3.929401622035135
15925,0.07113564653211307,10__mutated,PertCortex_10_GCCAAATAGCGATCCC,2.9742028800597344
15926,0.1059657969833107,10__mutated,PertCortex_10_GCCAAATGTAGAGGAA,3.571674012390422
15927,0.08211101619175455,10__mutated,PertCortex_10_GCCAAATTCACCTTAT,4.322300151065662
15928,0.1231349241293989,10__mutated,PertCortex_10_GCCAAATTCATGTCTT,3.4596387926045082
15929,0.14455978229357963,10__mutated,PertCortex_10_GCCAAATTCCGAATGT,3.5843305651852875
15930,0.1082831700005993,10__mutated,PertCortex_10_GCCTCTACAATTGCTG,4.525970511290878
15931,0.036750164500513306,10__mutated,PertCortex_10_GCCTCTACATACTCTT,4.688989921173725
15932,0.5911306839604342,10__mutated,PertCortex_10_GCGACCAAGACTAGAT,1.6341478750517904
15933,0.176938415925847,10__mutated,PertCortex_10_GCGACCAAGATCCTGT,3.3088463452682064
15934,0.30287228358554014,10__mutated,PertCortex_10_GCGAGAACAGCCTATA,3.231090097204087
15935,0.13921340529321735,10__mutated,PertCortex_10_GCGCAACAGTAGTGCG,2.4866476285132
15936,0.08438408096676678,10__mutated,PertCortex_10_GCGCAACGTATTCGTG,5.364412341921247
15937,0.13565617068695776,10__mutated,PertCortex_10_GCGCAGTCACTGCCAG,3.658208799533503
15938,0.17416560801017494,10__mutated,PertCortex_10_GCGCAGTTCGGCCGAT,3.6228464676589667
15939,0.49674777912199986,10__mutated,PertCortex_10_GCGCAGTTCTCGAGTA,1.8353708110292546
15940,0.07120270561180843,10__mutated,PertCortex_10_GCGCGATAGACAAGCC,3.60621213352784
15941,0.12181482073518952,10__mutated,PertCortex_10_GCGCGATAGTACGTTC,3.0685116646207415
15942,0.19614763532024435,10__mutated,PertCortex_10_GCGCGATCACGGCCAT,4.53537696125096
15943,0.15832781677460614,10__mutated,PertCortex_10_GCGCGATTCAGGCAAG,4.781211932618901
15944,0.09259439049281327,10__mutated,PertCortex_10_GCGGGTTAGCGGCTTC,4.4531946617055755
15945,0.17485943575529417,10__mutated,PertCortex_10_GCGGGTTCATTGAGCT,2.8110516926456106
15946,0.6152774208596306,10__mutated,PertCortex_10_GCGGGTTGTATAATGG,2.006673323132472
15947,0.4202381446317654,10__mutated,PertCortex_10_GCTCCTACACATTTCT,2.1215029881144525
15948,0.15158546867721293,10__mutated,PertCortex_10_GCTCCTAGTTCCACGG,3.3252981090592746
15949,0.03373481031162382,10__mutated,PertCortex_10_GCTCCTATCCTGTAGA,4.324249530418402
15950,0.10898631272992665,10__mutated,PertCortex_10_GCTCTGTCATGGTAGG,4.24615293294356
15951,0.12539731007285854,10__mutated,PertCortex_10_GCTCTGTCATTCGACA,2.9289063186750166
15952,0.16283419540278385,10__mutated,PertCortex_10_GCTGCAGAGCTACCTA,3.0970566698585724
15953,0.06559406834652734,10__mutated,PertCortex_10_GCTGCAGAGGTTCCTA,3.7109728499798673
15954,0.10759805688031683,10__mutated,PertCortex_10_GCTGCAGTCGCGTAGC,3.9957040726119137
15955,0.030174234574514226,10__mutated,PertCortex_10_GCTGCGATCGACAGCC,3.9941850635501055
15956,0.17517837304775957,10__mutated,PertCortex_10_GCTGCTTAGTGAATTG,2.9999457036611696
15957,0.17699713326820407,10__mutated,PertCortex_10_GCTGCTTCACGGCCAT,2.7229337851831468
15958,0.17125970282074207,10__mutated,PertCortex_10_GCTGGGTGTATCGCAT,4.265065273291393
15959,0.06313488754566898,10__mutated,PertCortex_10_GCTTCCAAGCCGCCTA,4.453842260835569
15960,0.34123401613587273,10__mutated,PertCortex_10_GCTTCCATCGCCATAA,2.41644816170985
15961,0.10152429802146433,10__mutated,PertCortex_10_GCTTGAAAGCGCTTAT,4.309446164696372
15962,0.11848947503931033,10__mutated,PertCortex_10_GCTTGAAGTACATGTC,4.870840142446777
15963,0.1881299195320461,10__mutated,PertCortex_10_GCTTGAAGTTTGACAC,5.30274345810337
15964,0.09143196517446,10__mutated,PertCortex_10_GGAAAGCAGTTCCACA,3.5390966225753497
15965,0.05276927631029902,10__mutated,PertCortex_10_GGAAAGCGTGGCGAAT,4.138079220645279
15966,0.22891145102841162,10__mutated,PertCortex_10_GGAACTTCAGCTGTGC,3.470313227906363
15967,0.13724021632808442,10__mutated,PertCortex_10_GGAACTTGTTCAGGCC,3.560361941199247
15968,0.07474864952003268,10__mutated,PertCortex_10_GGAACTTTCGTAGATC,1.8353888752240972
15969,0.1663902884553279,10__mutated,PertCortex_10_GGACAAGAGCCAGTTT,4.42350742416558
15970,0.17327932751422734,10__mutated,PertCortex_10_GGACAAGAGGCAAAGA,3.0919699742028106
15971,0.5457175641874241,10__mutated,PertCortex_10_GGACAAGTCAACCAAC,1.636820873851504
15972,0.37810912095658267,10__mutated,PertCortex_10_GGACAGAAGGACATTA,1.7011539583738204
15973,0.43889509364820817,10__mutated,PertCortex_10_GGACAGACACGACTCG,1.9232393929628309
15974,0.24965533827108372,10__mutated,PertCortex_10_GGACATTCAAACAACA,4.781734953163896
15975,-0.0014818728655810586,10__mutated,PertCortex_10_GGACGTCAGACGCTTT,3.3936124465520567
15976,0.11423617654345963,10__mutated,PertCortex_10_GGACGTCAGGGTTCCC,3.3818174954896287
15977,0.14178117782223304,10__mutated,PertCortex_10_GGACGTCCAATCGAAA,3.950278187696991
15978,0.17183900086072101,10__mutated,PertCortex_10_GGACGTCCACAAGACG,2.6626853803280546
15979,0.1157787356069095,10__mutated,PertCortex_10_GGACGTCCACACCGAC,3.6542360808586425
15980,0.06743930259942305,10__mutated,PertCortex_10_GGACGTCTCGCGGATC,4.189147778191404
15981,0.4679992469357015,10__mutated,PertCortex_10_GGACGTCTCTAGCACA,2.7776293700409234
15982,0.13554184726133334,10__mutated,PertCortex_10_GGAGCAAAGCGATCCC,3.8356100868706204
15983,0.08459654085574832,10__mutated,PertCortex_10_GGAGCAACAAGCTGTT,3.83384392229593
15984,0.126717645311107,10__mutated,PertCortex_10_GGAGCAAGTTCACCTC,4.051222406704318
15985,0.12475022154975009,10__mutated,PertCortex_10_GGATGTTAGCAGACTG,3.7022210909167894
15986,0.05207882087622198,10__mutated,PertCortex_10_GGATGTTAGCATGGCA,3.8704629016877607
15987,0.18259913873975334,10__mutated,PertCortex_10_GGATGTTAGTGAATTG,3.7504448611195387
15988,0.08645767122287991,10__mutated,PertCortex_10_GGATGTTCACCTTGTC,3.742069128261087
15989,0.19377295928170338,10__mutated,PertCortex_10_GGATGTTGTACAGCAG,3.2587949291302722
15990,0.22655567725485118,10__mutated,PertCortex_10_GGATGTTGTTTGCATG,3.5548516154569354
15991,0.13758770244031104,10__mutated,PertCortex_10_GGATTACAGAACTGTA,3.384027573487766
15992,0.14668062840261858,10__mutated,PertCortex_10_GGATTACAGCGATTCT,4.671466795715666
15993,0.16146733200843355,10__mutated,PertCortex_10_GGATTACAGGTGCTAG,3.8732264006266677
15994,0.1146907434020926,10__mutated,PertCortex_10_GGATTACGTTCAGCGC,4.049408815441418
15995,0.17744730425722474,10__mutated,PertCortex_10_GGATTACTCTTGCATT,4.357281116103696
15996,0.2330660377430572,10__mutated,PertCortex_10_GGCAATTGTAATAGCA,4.103916246505157
15997,0.10575031556228903,10__mutated,PertCortex_10_GGCAATTTCCGCATCT,3.504098270517713
15998,0.09725423150174664,10__mutated,PertCortex_10_GGCAATTTCTGTCTCG,5.313629031373123
15999,0.08550260512884549,10__mutated,PertCortex_10_GGCCGATAGCCAGTTT,4.513252182277377
16000,0.12261566187883431,10__mutated,PertCortex_10_GGCCGATCAGTAGAGC,3.4788363790624666
16001,0.09381226225504692,10__mutated,PertCortex_10_GGCCGATGTGTGGCTC,3.4116182059312132
16002,0.12832853080163859,10__mutated,PertCortex_10_GGCGTGTGTAATCACC,4.079127617444941
16003,0.1168841496712024,10__mutated,PertCortex_10_GGCGTGTGTCTCTTAT,4.004577930583663
16004,0.07227324253217483,10__mutated,PertCortex_10_GGCTCGACAAGGTGTG,4.207364814543477
16005,0.1851020013781595,10__mutated,PertCortex_10_GGCTCGAGTCGTTGTA,3.072370236519133
16006,0.08450511289283358,10__mutated,PertCortex_10_GGCTGGTAGTTCGCAT,3.6862068281614513
16007,0.2555837592955003,10__mutated,PertCortex_10_GGCTGGTCAAAGGAAG,3.0193088577244147
16008,0.3191491061341419,10__mutated,PertCortex_10_GGCTGGTTCAAGGTAA,2.3768035019077955
16009,0.17757456261539073,10__mutated,PertCortex_10_GGCTGGTTCATCGGAT,4.6145863607845365
16010,0.46390967211316836,10__mutated,PertCortex_10_GGGAATGTCAGCATGT,1.9350260045245162
16011,0.13639858996665366,10__mutated,PertCortex_10_GGGAATGTCCTCTAGC,4.47658227625323
16012,0.16849307200333793,10__mutated,PertCortex_10_GGGACCTAGAATGTGT,5.013573118015561
16013,0.16632350236892138,10__mutated,PertCortex_10_GGGACCTAGACAAAGG,2.879220683984228
16014,0.17069981303615714,10__mutated,PertCortex_10_GGGACCTAGTGGGCTA,2.896563415627827
16015,0.15261673732748618,10__mutated,PertCortex_10_GGGACCTCACAACGTT,4.163104316074667
16016,0.17231909755134572,10__mutated,PertCortex_10_GGGACCTGTTGGTTTG,4.507068233874392
16017,0.1482438139347369,10__mutated,PertCortex_10_GGGACCTTCTCTAGGA,3.5101797223357525
16018,0.1872672685553498,10__mutated,PertCortex_10_GGGAGATAGATATGCA,4.26325519850476
16019,0.010533272480757696,10__mutated,PertCortex_10_GGGAGATCATGACGGA,4.249973430591337
16020,0.10921349166937486,10__mutated,PertCortex_10_GGGATGATCATAGCAC,3.718354222091606
16021,0.1338940655460326,10__mutated,PertCortex_10_GGGATGATCCTTGACC,2.6755582517683223
16022,0.06729687288360135,10__mutated,PertCortex_10_GGGATGATCTATGTGG,4.176692937307433
16023,0.10505386991839018,10__mutated,PertCortex_10_GGGATGATCTTCCTTC,4.948442346831451
16024,0.17813447659883647,10__mutated,PertCortex_10_GGGATGATCTTGTCAT,4.4656803549458814
16025,0.06830591358090803,10__mutated,PertCortex_10_GGGCACTCACACGCTG,3.6412340882338143
16026,0.19144394825862457,10__mutated,PertCortex_10_GGGCATCAGGTTACCT,3.864443428300268
16027,0.13924375174821718,10__mutated,PertCortex_10_GGGCATCTCGCAGGCT,4.698351011651672
16028,0.48864708643671384,10__mutated,PertCortex_10_GGGCATCTCGGATGGA,2.056174313230539
16029,0.09276133943330295,10__mutated,PertCortex_10_GGGTCTGCAGGGAGAG,3.4924681330506018
16030,0.25781266811712933,10__mutated,PertCortex_10_GGGTCTGTCAGCTTAG,2.727965070871368
16031,0.12782476351534577,10__mutated,PertCortex_10_GGGTTGCCAGCTCCGA,2.004283333884833
16032,0.20103783480852908,10__mutated,PertCortex_10_GGGTTGCGTCACAAGG,2.0150145653536113
16033,0.2084302824630705,10__mutated,PertCortex_10_GGTATTGTCCTCAACC,4.946064892740653
16034,0.15154758810204116,10__mutated,PertCortex_10_GGTATTGTCGCCAAAT,3.312680443553563
16035,0.05377899707527334,10__mutated,PertCortex_10_GGTGAAGCACAAGCCC,4.067344769920233
16036,0.13619068143308088,10__mutated,PertCortex_10_GGTGCGTGTAAAGGAG,2.798041741620201
16037,0.09173250511248983,10__mutated,PertCortex_10_GGTGCGTGTAGCGCTC,4.226818513345664
16038,0.200721452755642,10__mutated,PertCortex_10_GGTGTTACAGCAGTTT,2.9223162371814286
16039,0.07474329009494286,10__mutated,PertCortex_10_GGTGTTAGTTCCACTC,3.859360978086465
16040,0.2503660636806504,10__mutated,PertCortex_10_GTAACGTGTGTCCTCT,2.735443720033844
16041,0.15477328798850096,10__mutated,PertCortex_10_GTAACTGAGATATGGT,4.731265248863676
16042,0.18854155375640239,10__mutated,PertCortex_10_GTAACTGGTAAGTAGT,3.4883023538895066
16043,0.13431769304172236,10__mutated,PertCortex_10_GTACGTAAGTGGGATC,3.790948539440561
16044,0.18988635216844998,10__mutated,PertCortex_10_GTACGTAGTACTTAGC,3.0604997538489145
16045,0.08378280973446445,10__mutated,PertCortex_10_GTACGTAGTCCAGTGC,3.7415002742303014
16046,0.06516526506992724,10__mutated,PertCortex_10_GTACGTATCATCGATG,4.5375641713617005
16047,0.19039683522706366,10__mutated,PertCortex_10_GTACGTATCGTGGTCG,4.3805840202868405
16048,0.18007016425124853,10__mutated,PertCortex_10_GTACTCCAGAGTGACC,4.070297193473686
16049,0.18490676222105887,10__mutated,PertCortex_10_GTACTCCAGATCTGCT,4.952387799833309
16050,0.20928898569333482,10__mutated,PertCortex_10_GTACTCCAGCAGGCTA,3.1170729411880487
16051,0.31793914791109645,10__mutated,PertCortex_10_GTACTCCAGGGTGTGT,2.729023376657848
16052,0.14765106784294998,10__mutated,PertCortex_10_GTACTTTAGGTGGGTT,4.5480323413542605
16053,0.6029154535786365,10__mutated,PertCortex_10_GTACTTTGTCAAAGAT,1.61174248967008
16054,0.16064571152987134,10__mutated,PertCortex_10_GTACTTTGTGCAACGA,2.2676170858319784
16055,0.1857755913579819,10__mutated,PertCortex_10_GTAGGCCAGGCCGAAT,4.353735872390805
16056,0.11389495721112954,10__mutated,PertCortex_10_GTAGGCCGTTACTGAC,4.201793065488468
16057,0.0747609125397247,10__mutated,PertCortex_10_GTAGTCAGTGTATGGG,3.429427259215396
16058,0.0337221863042608,10__mutated,PertCortex_10_GTATCTTAGACTCGGA,2.8224568679310313
16059,0.21978114146168898,10__mutated,PertCortex_10_GTATCTTGTTCCAACA,2.79343403489008
16060,0.15739298831853,10__mutated,PertCortex_10_GTATTCTAGAAGAAGC,4.6395528713268295
16061,0.11851891418087258,10__mutated,PertCortex_10_GTCAAGTCAAACAACA,3.734618932120994
16062,0.11265373364537092,10__mutated,PertCortex_10_GTCACAACACTTCTGC,4.1119055137468274
16063,0.2189075770054288,10__mutated,PertCortex_10_GTCATTTGTAATTGGA,3.917541927043763
16064,0.07437420756815986,10__mutated,PertCortex_10_GTCATTTGTATTACCG,4.471366127085213
16065,0.21976643478304395,10__mutated,PertCortex_10_GTCATTTGTTGCGCAC,4.705584679437649
16066,0.17707353800186465,10__mutated,PertCortex_10_GTCATTTTCACCGGGT,4.079283630130974
16067,0.21500243398446883,10__mutated,PertCortex_10_GTCCTCAAGCATGGCA,3.4063143668375027
16068,0.06582314730322353,10__mutated,PertCortex_10_GTCCTCACAAATTGCC,4.5020879751578216
16069,0.18332543913826949,10__mutated,PertCortex_10_GTCCTCACATACCATG,4.323396529310752
16070,0.5613879118079845,10__mutated,PertCortex_10_GTCCTCAGTTACGACT,1.7766330989279981
16071,0.15315411784985364,10__mutated,PertCortex_10_GTCGGGTCAGACACTT,5.211851089298275
16072,0.14148858328470304,10__mutated,PertCortex_10_GTCGGGTTCAGTTCGA,3.7400661086967806
16073,0.1279532172735605,10__mutated,PertCortex_10_GTCGTAACAATCGGTT,4.163867456738675
16074,0.19687226968144392,10__mutated,PertCortex_10_GTCGTAACATACTACG,3.081975779174585
16075,0.1700475999947674,10__mutated,PertCortex_10_GTCGTAAGTGTTGGGA,4.297759498308096
16076,0.14797238161046325,10__mutated,PertCortex_10_GTCGTAATCTGAAAGA,4.719318138489765
16077,0.13505778760921777,10__mutated,PertCortex_10_GTCTCGTTCTAACTCT,4.106924846050013
16078,0.29086430491952214,10__mutated,PertCortex_10_GTCTTCGCACATCCGG,2.0393496080729556
16079,0.11389613477346505,10__mutated,PertCortex_10_GTCTTCGGTGTTCTTT,3.7565001160562983
16080,0.10488125825646799,10__mutated,PertCortex_10_GTCTTCGGTTCGCTAA,4.125955764665883
16081,0.16675077756628245,10__mutated,PertCortex_10_GTGAAGGGTATAGTAG,4.525760208655779
16082,0.14788860962333772,10__mutated,PertCortex_10_GTGAAGGGTCCAAGTT,4.316146778657314
16083,0.2220438220235862,10__mutated,PertCortex_10_GTGAAGGGTTGTGGCC,2.902262422239235
16084,0.15101810348724318,10__mutated,PertCortex_10_GTGCAGCAGGCAGGTT,3.4020835798500793
16085,0.06955343938068942,10__mutated,PertCortex_10_GTGCAGCCAAATACAG,3.3878604728839763
16086,0.24047215621722265,10__mutated,PertCortex_10_GTGCAGCGTGGAAAGA,3.2181991710905837
16087,0.13728311015088637,10__mutated,PertCortex_10_GTGCAGCTCCATTCTA,3.8484620728673966
16088,0.07708049809911241,10__mutated,PertCortex_10_GTGCATACAAGACACG,3.9859711613203825
16089,0.06924709690810461,10__mutated,PertCortex_10_GTGCATACAAGACGTG,3.7285131773300018
16090,0.44885421615027943,10__mutated,PertCortex_10_GTGCATACAGGCGATA,1.9077049316840278
16091,0.1406142827348432,10__mutated,PertCortex_10_GTGCATATCCGTACAA,4.777877711586891
16092,0.5648928115476799,10__mutated,PertCortex_10_GTGCGGTAGTCGCCGT,1.6399521189265158
16093,0.12050342182969621,10__mutated,PertCortex_10_GTGCTTCAGTGTGAAT,4.751030086397822
16094,0.18339192907855592,10__mutated,PertCortex_10_GTGCTTCCAAGAAAGG,4.113475554606044
16095,0.11016287178099661,10__mutated,PertCortex_10_GTGCTTCGTTAAAGTG,3.0108820138335224
16096,0.13534823677133942,10__mutated,PertCortex_10_GTGCTTCTCACCAGGC,3.2443968726286156
16097,0.0936159392868515,10__mutated,PertCortex_10_GTGCTTCTCATTGCCC,4.603591139377998
16098,0.34808505796829536,10__mutated,PertCortex_10_GTGGGTCAGCAGATCG,2.295491744907379
16099,0.11900682972269316,10__mutated,PertCortex_10_GTGGGTCAGGCTACGA,4.3302503052707175
16100,0.10063017045923789,10__mutated,PertCortex_10_GTGGGTCCAAACGTGG,3.7632361132952785
16101,0.0347612197838444,10__mutated,PertCortex_10_GTGGGTCCATACTACG,4.004342868992967
16102,0.08896331240315226,10__mutated,PertCortex_10_GTGGGTCGTTTGGCGC,3.760394661328186
16103,0.19677858058735714,10__mutated,PertCortex_10_GTGGGTCTCTGACCTC,3.0259841050702025
16104,0.19432375853510175,10__mutated,PertCortex_10_GTGGGTCTCTTGTATC,2.4992730224736315
16105,0.07413220372436169,10__mutated,PertCortex_10_GTGTGCGAGAGTACAT,3.9844644553031565
16106,0.13257544599552326,10__mutated,PertCortex_10_GTGTGCGCAATGGAAT,3.513706511904154
16107,0.2275941303834208,10__mutated,PertCortex_10_GTGTGCGGTAGCGCAA,2.84607418561598
16108,0.13711025119511053,10__mutated,PertCortex_10_GTGTGCGTCAGAGCTT,4.154340406170786
16109,0.06975200096977867,10__mutated,PertCortex_10_GTGTTAGAGATGTTAG,3.518949344641769
16110,0.06799848499959797,10__mutated,PertCortex_10_GTGTTAGAGGGTTCCC,4.182688881955991
16111,0.10976089190175348,10__mutated,PertCortex_10_GTGTTAGCAAGGACTG,3.9253995474182153
16112,0.07997534097599673,10__mutated,PertCortex_10_GTGTTAGGTTGGTGGA,4.1243991510085545
16113,0.10015192716781103,10__mutated,PertCortex_10_GTTAAGCAGCTTCGCG,4.746987870994551
16114,0.23195083280681894,10__mutated,PertCortex_10_GTTAAGCAGGGCTTCC,2.45913552562517
16115,0.16493847313156176,10__mutated,PertCortex_10_GTTACAGAGAGTGAGA,3.749428518978288
16116,0.035924107244750106,10__mutated,PertCortex_10_GTTACAGCATGTTGAC,3.1063810430204986
16117,0.25988227077956305,10__mutated,PertCortex_10_GTTACAGGTAGCTTGT,3.06443914112085
16118,0.11857772402495323,10__mutated,PertCortex_10_GTTACAGGTTCGAATC,4.698359782370691
16119,0.1810305077430797,10__mutated,PertCortex_10_GTTCATTAGCGTGAAC,4.688416336360713
16120,0.18528554251732013,10__mutated,PertCortex_10_GTTCATTAGTCTTGCA,1.6918990800580263
16121,0.17011804495289984,10__mutated,PertCortex_10_GTTCATTTCCCACTTG,2.0263377565406238
16122,0.17105993944782372,10__mutated,PertCortex_10_GTTCATTTCCGCGCAA,4.635518144663951
16123,0.12749484245529427,10__mutated,PertCortex_10_GTTCGGGAGGTTCCTA,4.81201474996893
16124,0.3120992806907753,10__mutated,PertCortex_10_GTTCGGGTCAACGCTA,1.9464109960689433
16125,0.24193720388828044,10__mutated,PertCortex_10_GTTCTCGAGGCCCGTT,3.517757883617192
16126,0.20005556193512625,10__mutated,PertCortex_10_GTTCTCGGTCACCCAG,4.765523065934271
16127,0.13775803179675333,10__mutated,PertCortex_10_GTTCTCGGTTATTCTC,3.9082370595833016
16128,0.1788279457574315,10__mutated,PertCortex_10_GTTCTCGTCCGAGCCA,3.504594434684429
16129,0.06717125988475528,10__mutated,PertCortex_10_GTTTCTATCAGATAAG,4.180345989901473
16130,0.08026251295019891,10__mutated,PertCortex_10_TAAACCGAGTCTCGGC,3.8475881421876985
16131,0.09524980661695762,10__mutated,PertCortex_10_TAAACCGGTCTCAACA,4.223389362660281
16132,0.43807910894239377,10__mutated,PertCortex_10_TAAACCGTCACCAGGC,3.185759478202636
16133,0.17338532686664934,10__mutated,PertCortex_10_TAAACCGTCCAAACTG,3.1090085419094056
16134,0.09546565583870908,10__mutated,PertCortex_10_TAAGAGACATAAGACA,4.132126213347849
16135,0.1628306613211631,10__mutated,PertCortex_10_TAAGAGAGTGTGCGTC,3.1673965424623907
16136,0.12124553043344903,10__mutated,PertCortex_10_TAAGAGATCGGTGTCG,2.7646099807105546
16137,0.11049226923559738,10__mutated,PertCortex_10_TAAGCGTAGCACCGCT,5.2632855892750445
16138,0.12195149086948873,10__mutated,PertCortex_10_TAAGCGTCACATCTTT,4.666434649541045
16139,0.10289392535963435,10__mutated,PertCortex_10_TAAGCGTGTCTTCGTC,4.07853931868593
16140,0.08225752052968216,10__mutated,PertCortex_10_TAAGCGTGTGTTTGTG,4.082161197379526
16141,0.28612237532169094,10__mutated,PertCortex_10_TAAGTGCCATGCTGGC,2.2043265360490287
16142,0.10385547823627113,10__mutated,PertCortex_10_TAAGTGCGTCCGAGTC,4.59953221758257
16143,0.09293391862579112,10__mutated,PertCortex_10_TAAGTGCGTCGTTGTA,4.715434932589231
16144,0.271925771875525,10__mutated,PertCortex_10_TAAGTGCTCAGTACGT,2.2961830151106404
16145,0.21974240237965956,10__mutated,PertCortex_10_TACACGAAGAACTGTA,3.598359186575695
16146,0.13846417642716008,10__mutated,PertCortex_10_TACACGACACCGAAAG,4.1959155219130055
16147,-0.017984388125695423,10__mutated,PertCortex_10_TACACGATCAGGCCCA,3.605868063628559
16148,0.14588418624285696,10__mutated,PertCortex_10_TACACGATCCAGAGGA,3.6431860031994345
16149,0.3230942828068739,10__mutated,PertCortex_10_TACAGTGTCTCCGGTT,1.6635081373220657
16150,0.1559625079750537,10__mutated,PertCortex_10_TACCTATGTGAGTGAC,4.566849614123395
16151,0.12333357657331291,10__mutated,PertCortex_10_TACCTATTCTCCTATA,4.5913384890012425
16152,0.21319173158648047,10__mutated,PertCortex_10_TACGGATAGACTTGAA,3.218237627120973
16153,0.08315600552561012,10__mutated,PertCortex_10_TACGGATGTCAACTGT,3.9866746226597938
16154,0.2329934175615384,10__mutated,PertCortex_10_TACGGATTCCTACAGA,3.0573903520654033
16155,0.08672206273048594,10__mutated,PertCortex_10_TACGGGCAGAACTCGG,4.043966911272386
16156,0.03256878721809374,10__mutated,PertCortex_10_TACGGGCCACTTGGAT,4.010429705975972
16157,0.6625478494970843,10__mutated,PertCortex_10_TACGGGCGTTAGTGGG,1.6587615487251397
16158,0.13209791155326703,10__mutated,PertCortex_10_TACGGGCTCTGTCCGT,3.959912628883996
16159,0.007566290711998137,10__mutated,PertCortex_10_TACGGTAAGGTAAACT,3.594727764121234
16160,0.1734352691582041,10__mutated,PertCortex_10_TACGGTACACCAGATT,4.883474543279567
16161,0.12971318211069616,10__mutated,PertCortex_10_TACGGTACAGGGTACA,4.159862908304494
16162,0.05668713615857294,10__mutated,PertCortex_10_TACTCATGTCGACTAT,3.3358187214335184
16163,0.1442932815418327,10__mutated,PertCortex_10_TACTCATGTCGGCACT,4.095585844524988
16164,0.12569827630367328,10__mutated,PertCortex_10_TACTCGCAGCAGATCG,4.874205456007598
16165,0.15523563973658225,10__mutated,PertCortex_10_TACTCGCGTCGCCATG,3.0032844794846176
16166,0.1307998916959495,10__mutated,PertCortex_10_TACTCGCGTCTGCCAG,5.149634094476376
16167,0.17578324186886757,10__mutated,PertCortex_10_TACTTACCAACCGCCA,3.1300261218417154
16168,0.06801442395708879,10__mutated,PertCortex_10_TACTTACCACGTCAGC,4.280083777884978
16169,0.11558627150366023,10__mutated,PertCortex_10_TACTTACTCCAGTATG,5.727038229021324
16170,0.17210215794739117,10__mutated,PertCortex_10_TACTTGTAGCTCCTCT,3.852674192688398
16171,0.07016473480309261,10__mutated,PertCortex_10_TACTTGTGTAGAGGAA,3.5576213812970843
16172,0.10728162176797418,10__mutated,PertCortex_10_TACTTGTGTGTTCGAT,3.640462558571431
16173,0.04407767053094868,10__mutated,PertCortex_10_TACTTGTGTTACCGAT,4.069976888440253
16174,0.28883184222811253,10__mutated,PertCortex_10_TAGACCACATTTGCCC,1.8603196056095945
16175,0.18043072746128214,10__mutated,PertCortex_10_TAGACCAGTGTTTGTG,3.6142334352505094
16176,0.576074257639522,10__mutated,PertCortex_10_TAGACCATCTTCGAGA,1.527369359393811
16177,0.2576390525310432,10__mutated,PertCortex_10_TAGAGCTAGAGCTGCA,3.287667834991911
16178,0.09406235829295007,10__mutated,PertCortex_10_TAGAGCTTCGGTCTAA,3.8706728104072363
16179,0.2435389896436551,10__mutated,PertCortex_10_TAGCCGGGTAGCGATG,4.177413612152909
16180,0.053856597018624594,10__mutated,PertCortex_10_TAGCCGGGTTACGCGC,3.9288298888080244
16181,0.19682004767155076,10__mutated,PertCortex_10_TAGCCGGTCGCGGATC,4.914727025777344
16182,0.39493048692315846,10__mutated,PertCortex_10_TAGGCATGTACCGGCT,2.0369406512492754
16183,0.08140023207990404,10__mutated,PertCortex_10_TAGGCATGTCCGTTAA,3.409390403331915
16184,0.24594773296343891,10__mutated,PertCortex_10_TAGGCATGTCCTCCAT,2.6226378085340913
16185,0.16134990757238002,10__mutated,PertCortex_10_TAGTGGTAGAGTGACC,2.5921560527852447
16186,0.18319066294917333,10__mutated,PertCortex_10_TAGTGGTCACAGCCCA,2.9382650453754526
16187,0.3493708617294027,10__mutated,PertCortex_10_TAGTGGTGTATAGTAG,2.8607482906284596
16188,0.18368413169469844,10__mutated,PertCortex_10_TAGTGGTGTTTAGGAA,4.888583195618161
16189,0.11760384214383962,10__mutated,PertCortex_10_TATCTCAAGTCTCCTC,4.286622641613678
16190,0.17967896763096877,10__mutated,PertCortex_10_TATCTCATCTTACCGC,2.639520669544548
16191,0.08393297848666517,10__mutated,PertCortex_10_TATGCCCGTGACTCAT,4.091706547151262
16192,0.15673776429714892,10__mutated,PertCortex_10_TCAACGAAGTGTTAGA,2.6866086231377926
16193,0.18350914758030823,10__mutated,PertCortex_10_TCAACGAGTACTTAGC,3.5427469056072254
16194,0.16889873386409424,10__mutated,PertCortex_10_TCAACGAGTAGCGATG,4.590197900428814
16195,0.25265655442294943,10__mutated,PertCortex_10_TCAACGAGTCCTCCAT,2.861270164531184
16196,0.10312609778290811,10__mutated,PertCortex_10_TCAACGATCACTTACT,3.088337095009299
16197,0.12970781273740492,10__mutated,PertCortex_10_TCAACGATCCAGGGCT,3.642353081784452
16198,0.558457680109586,10__mutated,PertCortex_10_TCAATCTAGGATGGAA,1.8051318775073046
16199,0.2879988245047796,10__mutated,PertCortex_10_TCAATCTGTATGGTTC,3.0572620338339194
16200,0.09274498661766545,10__mutated,PertCortex_10_TCACGAAAGCACACAG,4.482917082785092
16201,0.5086199717356631,10__mutated,PertCortex_10_TCACGAACAAGGTTCT,2.351000712412503
16202,0.07765128827420617,10__mutated,PertCortex_10_TCACGAACATGCTGGC,2.8780747706725656
16203,0.1946312619708591,10__mutated,PertCortex_10_TCACGAAGTGACTACT,4.711821998868449
16204,0.12958047869941483,10__mutated,PertCortex_10_TCAGATGAGAGACGAA,5.3689929062139
16205,0.16667434294986158,10__mutated,PertCortex_10_TCAGATGCACCGGAAA,5.0675426364824485
16206,0.1027248672297904,10__mutated,PertCortex_10_TCAGATGCAGGGAGAG,4.825387764154612
16207,0.12460399006389951,10__mutated,PertCortex_10_TCAGATGTCCGGGTGT,3.588371308349409
16208,0.13228633560101638,10__mutated,PertCortex_10_TCAGCAACAATCGAAA,4.017962900958728
16209,0.11428660565470854,10__mutated,PertCortex_10_TCAGCAAGTGGTCCGT,3.912400317386583
16210,0.23574936791734682,10__mutated,PertCortex_10_TCAGCAATCCTGCAGG,2.659209109267606
16211,0.1951749785974482,10__mutated,PertCortex_10_TCAGCAATCGGAATCT,4.557863022224995
16212,0.5293671871763463,10__mutated,PertCortex_10_TCAGCTCAGCAGACTG,1.3591970299606109
16213,0.13077456413420874,10__mutated,PertCortex_10_TCAGCTCAGCATGGCA,3.747433845014854
16214,0.2851646697406893,10__mutated,PertCortex_10_TCAGCTCCAGTCAGCC,2.465089641310236
16215,0.15847220686129992,10__mutated,PertCortex_10_TCAGCTCGTCATGCCG,5.423586979660066
16216,0.21325003001351606,10__mutated,PertCortex_10_TCAGGATAGCAGCGTA,3.6509675587613786
16217,0.14862253844149764,10__mutated,PertCortex_10_TCAGGATGTAAGTAGT,4.971338978312451
16218,0.12665735445931323,10__mutated,PertCortex_10_TCAGGATTCAAGATCC,4.0430827176284945
16219,0.1598316355541853,10__mutated,PertCortex_10_TCAGGTAAGAATTGTG,3.715474714881396
16220,0.1566401031489372,10__mutated,PertCortex_10_TCAGGTAGTTACCGAT,3.999456410545008
16221,0.10238393935181343,10__mutated,PertCortex_10_TCAGGTATCCAAAGTC,3.063520548340518
16222,0.2761881643862443,10__mutated,PertCortex_10_TCATTACGTCGACTAT,3.2485188138915047
16223,0.13828800032504676,10__mutated,PertCortex_10_TCATTTGAGACGACGT,4.376273428377821
16224,0.2561830229942065,10__mutated,PertCortex_10_TCATTTGAGCAATATG,2.034736655551894
16225,0.21065859019316724,10__mutated,PertCortex_10_TCATTTGTCGTACGGC,2.8742037814687875
16226,0.05787321242903381,10__mutated,PertCortex_10_TCCACACCAATGGAAT,4.425350803944821
16227,0.17758433933738071,10__mutated,PertCortex_10_TCCACACCAGACGTAG,4.497257724983921
16228,0.07624555550507862,10__mutated,PertCortex_10_TCCACACGTGCGATAG,4.258873305544996
16229,0.1356032276634486,10__mutated,PertCortex_10_TCCACACTCTTGAGGT,3.058850547521724
16230,0.17684432310249587,10__mutated,PertCortex_10_TCCCGATCACTTCGAA,3.611214931745917
16231,0.39046691911523895,10__mutated,PertCortex_10_TCCCGATCATTTCAGG,2.1925288299065313
16232,0.24946982949028132,10__mutated,PertCortex_10_TCCCGATGTTTAGCTG,2.653105893444972
16233,0.1081904480262745,10__mutated,PertCortex_10_TCCCGATTCACATAGC,2.3702126294408643
16234,0.2625620617245259,10__mutated,PertCortex_10_TCCCGATTCATGTAGC,2.4188618650147347
16235,0.15119041745177358,10__mutated,PertCortex_10_TCGAGGCCAATGTAAG,3.8197612620109487
16236,0.40309215092593537,10__mutated,PertCortex_10_TCGAGGCTCCGTAGGC,1.9055751469393867
16237,0.18156437462741118,10__mutated,PertCortex_10_TCGCGAGAGCTGCCCA,3.2032570452587477
16238,0.5356577144141303,10__mutated,PertCortex_10_TCGCGAGGTTGTCGCG,2.4399744975992963
16239,0.09188278875166613,10__mutated,PertCortex_10_TCGCGTTAGTGAACGC,3.536789900517726
16240,0.4608484121313754,10__mutated,PertCortex_10_TCGCGTTTCAGTGTTG,3.2910717906942444
16241,0.19579146353522528,10__mutated,PertCortex_10_TCGCGTTTCTCTGTCG,4.348800299383015
16242,0.10487970039534031,10__mutated,PertCortex_10_TCGGGACCACATGTGT,2.829959373190896
16243,0.2171431856880382,10__mutated,PertCortex_10_TCGGTAAAGCACAGGT,3.087969637269368
16244,0.07504435596013095,10__mutated,PertCortex_10_TCGGTAAAGGCATGTG,2.9210075713904997
16245,0.129815990169786,10__mutated,PertCortex_10_TCGGTAACAACAACCT,4.003783100383818
16246,0.09470749898561245,10__mutated,PertCortex_10_TCGGTAAGTATAGGGC,3.671056698234053
16247,0.143667005922345,10__mutated,PertCortex_10_TCGGTAAGTGAGTGAC,4.213086968555175
16248,0.06700907172395386,10__mutated,PertCortex_10_TCGTACCAGCAGCGTA,5.673833059623461
16249,0.047594408073075536,10__mutated,PertCortex_10_TCGTACCCAGGAACGT,3.979375865483461
16250,0.277485099662172,10__mutated,PertCortex_10_TCGTACCGTTGGGACA,2.893110404924723
16251,0.17857978619783246,10__mutated,PertCortex_10_TCGTAGAGTTGTGGCC,2.1177305515513525
16252,0.2056882466563773,10__mutated,PertCortex_10_TCGTAGATCCTATGTT,4.89303320006607
16253,0.19177977884882255,10__mutated,PertCortex_10_TCTATTGAGAGGTTAT,4.72890431410965
16254,0.4961581042079029,10__mutated,PertCortex_10_TCTATTGCATCATCCC,1.6279775499224642
16255,0.14534945954948808,10__mutated,PertCortex_10_TCTCATATCTCCAACC,4.2205188214564515
16256,0.1584957987196673,10__mutated,PertCortex_10_TCTCTAAAGCCTCGTG,3.281830576260747
16257,0.24923799552187997,10__mutated,PertCortex_10_TCTCTAACACCGATAT,2.5248882411628544
16258,0.5832499370095455,10__mutated,PertCortex_10_TCTCTAAGTAGCGATG,1.6310581013530514
16259,0.13967453740205515,10__mutated,PertCortex_10_TCTCTAATCACTTATC,2.863667702071185
16260,0.2369369581221627,10__mutated,PertCortex_10_TCTCTAATCTGCCCTA,3.88442720783218
16261,0.14790656360157267,10__mutated,PertCortex_10_TCTGAGAAGTCGTACT,3.6732405806212016
16262,0.11662625039445473,10__mutated,PertCortex_10_TCTGAGACAAGACGTG,5.068816361899811
16263,0.11769273219216655,10__mutated,PertCortex_10_TCTGAGACAGATTGCT,4.086378103489908
16264,0.13153595197281454,10__mutated,PertCortex_10_TCTGAGACATGACATC,4.790651997498462
16265,0.11579493357888872,10__mutated,PertCortex_10_TCTGAGAGTGCCTGCA,2.333281718016966
16266,0.1288436165558974,10__mutated,PertCortex_10_TCTGAGATCCCTGACT,3.8315259612323818
16267,0.19475731835491664,10__mutated,PertCortex_10_TCTTCGGAGCTACCTA,3.2201523417433826
16268,0.11368978602727445,10__mutated,PertCortex_10_TCTTCGGCAGCCTATA,2.488471913081762
16269,0.16457657357236893,10__mutated,PertCortex_10_TCTTCGGCAGCTTCGG,3.4818557872162694
16270,0.11744201695090545,10__mutated,PertCortex_10_TCTTTCCCAACTGCTA,3.510845811972844
16271,0.10118263121932043,10__mutated,PertCortex_10_TGAAAGAAGAGTGAGA,5.1809053319262155
16272,0.09630821702477815,10__mutated,PertCortex_10_TGAAAGACAGCTCGAC,4.122012163046058
16273,0.042451372378832314,10__mutated,PertCortex_10_TGAAAGAGTACAAGTA,3.2868381320653044
16274,0.21564201051466533,10__mutated,PertCortex_10_TGACAACAGAGACTTA,4.614248285809449
16275,0.17225639529281475,10__mutated,PertCortex_10_TGACTAGAGAGTTGGC,4.418220790752152
16276,0.20403217338739627,10__mutated,PertCortex_10_TGACTAGCACGGTAAG,4.29776463766736
16277,0.17654176074138242,10__mutated,PertCortex_10_TGACTAGGTCTTCGTC,4.198253276346597
16278,0.40887602237813925,10__mutated,PertCortex_10_TGACTAGTCACATAGC,2.1103629453407695
16279,0.13999639541352896,10__mutated,PertCortex_10_TGACTAGTCCGTTGCT,2.2172347136947863
16280,0.13151172616238216,10__mutated,PertCortex_10_TGACTTTTCCCTCTTT,4.127232857687208
16281,0.2087917649588096,10__mutated,PertCortex_10_TGAGAGGCAAGCGTAG,2.8252788817735555
16282,0.017939039442945198,10__mutated,PertCortex_10_TGAGAGGCACAGCCCA,3.6639208585291154
16283,0.17740717444582588,10__mutated,PertCortex_10_TGAGAGGTCACAAACC,4.234783790742389
16284,0.5946918745814188,10__mutated,PertCortex_10_TGAGAGGTCGGAGGTA,1.544931821039575
16285,0.04454796035367741,10__mutated,PertCortex_10_TGAGAGGTCTCGCTTG,4.530610347779499
16286,0.10104904099821055,10__mutated,PertCortex_10_TGAGAGGTCTTCGGTC,4.306085763351563
16287,0.38760947965876746,10__mutated,PertCortex_10_TGAGCATAGTAGCCGA,2.1263218480449684
16288,0.2153305264973022,10__mutated,PertCortex_10_TGAGCATGTATCAGTC,4.469096741572954
16289,0.20205103926590728,10__mutated,PertCortex_10_TGAGCATTCCGTTGCT,3.870731404244239
16290,0.13128645168963812,10__mutated,PertCortex_10_TGAGCCGAGATGTGTA,3.2441524715144214
16291,0.06973375781908478,10__mutated,PertCortex_10_TGAGCCGAGTGGCACA,3.466407954611399
16292,0.12007186772514752,10__mutated,PertCortex_10_TGAGCCGCACACAGAG,4.423009395458162
16293,0.08845431596670834,10__mutated,PertCortex_10_TGAGCCGCACATAACC,3.938903074589524
16294,0.10208269321956041,10__mutated,PertCortex_10_TGAGCCGCAGCGAACA,2.145678105944521
16295,0.4991108791224137,10__mutated,PertCortex_10_TGAGCCGCATCATCCC,1.9005544958094105
16296,0.19898568488427293,10__mutated,PertCortex_10_TGAGCCGTCATTGCCC,5.326870942375975
16297,0.0643432230184613,10__mutated,PertCortex_10_TGAGCCGTCGAGAGCA,3.471870673873122
16298,0.10202262169155633,10__mutated,PertCortex_10_TGAGCCGTCTTTACGT,4.339348183995082
16299,0.23482123217190357,10__mutated,PertCortex_10_TGATTTCAGACTACAA,3.029038464634481
16300,0.09793652115483809,10__mutated,PertCortex_10_TGATTTCAGGTTACCT,3.7653811263402295
16301,0.19134695384625844,10__mutated,PertCortex_10_TGATTTCCAAAGTGCG,5.0324149441559705
16302,0.1384341087727234,10__mutated,PertCortex_10_TGATTTCTCAACGCTA,5.214249948082375
16303,0.6205436602673591,10__mutated,PertCortex_10_TGCACCTGTGGACGAT,1.9205056115229262
16304,0.12686727265842182,10__mutated,PertCortex_10_TGCACCTGTGTTAAGA,3.215851616082971
16305,0.12645660044261373,10__mutated,PertCortex_10_TGCCCATAGTGGTAAT,4.84943976280376
16306,0.14768076828808047,10__mutated,PertCortex_10_TGCCCATCAACTGCTA,3.947382651429849
16307,0.17103204047391005,10__mutated,PertCortex_10_TGCCCATGTCCGAAGA,4.540578793569075
16308,0.08897174046664068,10__mutated,PertCortex_10_TGCCCTAAGATGCCAG,3.9962697101393485
16309,0.15414714714000483,10__mutated,PertCortex_10_TGCCCTACATTGGGCC,4.495585870200637
16310,0.18170710146242064,10__mutated,PertCortex_10_TGCCCTAGTCGAATCT,4.14762340411712
16311,0.12932244641914342,10__mutated,PertCortex_10_TGCGCAGCACATGACT,2.6139027374719035
16312,0.19378940159433214,10__mutated,PertCortex_10_TGCGCAGCACGCGAAA,3.192160326195471
16313,0.11854723154858776,10__mutated,PertCortex_10_TGCGGGTAGGCTATCT,4.696043872738781
16314,0.2532553860759905,10__mutated,PertCortex_10_TGCGGGTCAGTAAGCG,2.491231430682379
16315,0.4118769026618082,10__mutated,PertCortex_10_TGCGTGGCACAGCGTC,1.9097840383143474
16316,0.14765540247974895,10__mutated,PertCortex_10_TGCGTGGGTGTGACCC,3.0828023094218873
16317,0.4830586838164104,10__mutated,PertCortex_10_TGCTACCTCCTTGACC,1.9112361741025132
16318,0.25274011390907997,10__mutated,PertCortex_10_TGCTGCTAGATCTGCT,3.1504541857345885
16319,0.13139168997887904,10__mutated,PertCortex_10_TGCTGCTCAACGATGG,4.291008985369929
16320,0.22255040082462033,10__mutated,PertCortex_10_TGCTGCTCACTCTGTC,3.442052947294227
16321,0.12752091478850602,10__mutated,PertCortex_10_TGCTGCTCAGTGACAG,3.6923336630850727
16322,0.5439229276539673,10__mutated,PertCortex_10_TGCTGCTTCAGCATGT,1.9310320341149905
16323,0.14502203907141675,10__mutated,PertCortex_10_TGGACGCTCGACAGCC,4.587333059411332
16324,0.09848524935518213,10__mutated,PertCortex_10_TGGCCAGAGAAACCAT,4.3923993020063605
16325,0.031904463693377454,10__mutated,PertCortex_10_TGGCCAGAGACAGACC,3.972594196390407
16326,0.24162159742389483,10__mutated,PertCortex_10_TGGCGCAAGCGACGTA,2.8816323206893566
16327,0.12658821895092107,10__mutated,PertCortex_10_TGGCGCAAGCGTGAAC,3.382574729161535
16328,0.1303641726214348,10__mutated,PertCortex_10_TGGCGCAAGCGTTTAC,3.725330891991229
16329,0.12696550878917331,10__mutated,PertCortex_10_TGGCGCAAGGCCATAG,3.6222588676767447
16330,0.23697754257962325,10__mutated,PertCortex_10_TGGCGCAAGTATGACA,2.901710148466546
16331,0.16015914116910845,10__mutated,PertCortex_10_TGGCTGGCATGCAATC,5.364624473255278
16332,0.6740378438906112,10__mutated,PertCortex_10_TGGGAAGAGAGCTGGT,1.2386630811122348
16333,0.15856900711464397,10__mutated,PertCortex_10_TGGGAAGGTTATCGGT,5.206323906484814
16334,0.3260158109526797,10__mutated,PertCortex_10_TGGGCGTGTAATCACC,1.5580933647157427
16335,0.18486791659749338,10__mutated,PertCortex_10_TGGGCGTGTCAAAGAT,4.095601912550892
16336,0.24152632946289318,10__mutated,PertCortex_10_TGGGCGTGTCGCTTTC,2.478459547987472
16337,0.162626087428809,10__mutated,PertCortex_10_TGGTTAGCAGTATAAG,4.431746588374132
16338,0.11740943124183696,10__mutated,PertCortex_10_TGGTTAGTCTATCCTA,4.071298389529659
16339,0.09364828642405322,10__mutated,PertCortex_10_TGGTTCCAGAGTTGGC,4.257040101849565
16340,0.1006877040554521,10__mutated,PertCortex_10_TGTATTCAGCTCTCGG,4.159653655221861
16341,0.08079642921743689,10__mutated,PertCortex_10_TGTATTCGTCGGCACT,4.030630946142424
16342,0.12478405275786851,10__mutated,PertCortex_10_TGTATTCGTTAAAGAC,3.550651649987506
16343,0.05445674468962462,10__mutated,PertCortex_10_TGTCCCAGTGCGATAG,2.566759208361427
16344,0.19733187316335005,10__mutated,PertCortex_10_TGTCCCAGTTAGGGTG,3.330681231424727
16345,0.1043135053820234,10__mutated,PertCortex_10_TGTGGTAGTCGTTGTA,3.6317563566342077
16346,0.49276608995941934,10__mutated,PertCortex_10_TGTGGTATCGCAAACT,1.7404527311464353
16347,0.17239962762454109,10__mutated,PertCortex_10_TGTGTTTAGGATGGTC,3.0843515149134166
16348,0.06545564835190709,10__mutated,PertCortex_10_TGTGTTTAGTGCGTGA,4.379909651990264
16349,0.09926076582006516,10__mutated,PertCortex_10_TGTGTTTCACACTGCG,2.6499596966880254
16350,0.04548021115433716,10__mutated,PertCortex_10_TGTTCCGGTAGAAGGA,4.539273395809851
16351,0.13934782089728606,10__mutated,PertCortex_10_TGTTCCGTCAACCATG,4.300703940289832
16352,0.05781719830652801,10__mutated,PertCortex_10_TTAACTCGTCACTGGC,3.5698393055785704
16353,0.2961655816479333,10__mutated,PertCortex_10_TTAACTCTCACGACTA,1.9227991412923624
16354,0.1542367574835683,10__mutated,PertCortex_10_TTAGGACCAAGCCCAC,4.467952506430261
16355,0.33382855996050714,10__mutated,PertCortex_10_TTAGGACCACTGTCGG,2.1149033283441967
16356,0.1914793989024394,10__mutated,PertCortex_10_TTAGGACCAGTTCCCT,4.569903096947193
16357,0.3947540891987985,10__mutated,PertCortex_10_TTAGGACGTCCAACTA,2.1276290773744053
16358,0.07033708362450138,10__mutated,PertCortex_10_TTAGGACTCATAAAGG,3.74588690058969
16359,0.0879513544022599,10__mutated,PertCortex_10_TTAGGACTCTGGGCCA,4.679369388829401
16360,0.12267683848595727,10__mutated,PertCortex_10_TTAGGCAAGATGTCGG,4.0165530440218555
16361,0.1925219611350508,10__mutated,PertCortex_10_TTAGGCAAGTCCATAC,4.089087007298668
16362,0.17624592539834727,10__mutated,PertCortex_10_TTAGGCAGTGATGCCC,5.0129921914255595
16363,0.09431962867906009,10__mutated,PertCortex_10_TTAGTTCAGGCCCGTT,3.8477661391171205
16364,0.03101709257162317,10__mutated,PertCortex_10_TTAGTTCGTATTACCG,4.690446328794369
16365,0.018104791162377988,10__mutated,PertCortex_10_TTAGTTCGTCGAATCT,3.597344162969677
16366,0.16010270059293685,10__mutated,PertCortex_10_TTATGCTAGCGTGTCC,4.738676133392058
16367,0.13452277436717927,10__mutated,PertCortex_10_TTCGAAGCACAACGTT,4.042659147567146
16368,0.293180679918611,10__mutated,PertCortex_10_TTCGAAGGTCCAAGTT,2.441367444701732
16369,0.1747367670939279,10__mutated,PertCortex_10_TTCGAAGTCCGTCAAA,3.820865466415465
16370,0.19974628838465308,10__mutated,PertCortex_10_TTCGAAGTCCTCAATT,3.070291435736645
16371,0.1975839469191964,10__mutated,PertCortex_10_TTCGGTCAGTGTCTCA,3.086770001954699
16372,0.18643178473823876,10__mutated,PertCortex_10_TTCGGTCTCGCGCCAA,2.48842497898307
16373,0.12437613941473832,10__mutated,PertCortex_10_TTCGGTCTCGTACCGG,4.4506782055149845
16374,0.07088889505052723,10__mutated,PertCortex_10_TTCGGTCTCTAACGGT,3.67553582058612
16375,0.09191556415154804,10__mutated,PertCortex_10_TTCTACACACCTCGGA,3.0633176529699013
16376,0.08670677359611137,10__mutated,PertCortex_10_TTCTACATCATGTCTT,3.9701691731732227
16377,0.1888905034574847,10__mutated,PertCortex_10_TTCTCAAAGGTCGGAT,3.1554378575425415
16378,0.01188978027351525,10__mutated,PertCortex_10_TTCTCAACATGCCTTC,4.352970133415527
16379,0.1967817652357238,10__mutated,PertCortex_10_TTCTCCTCAAGACACG,3.146864849060451
16380,0.13605755318614793,10__mutated,PertCortex_10_TTCTCCTGTTTGACAC,4.628792195305025
16381,0.16796645712875874,10__mutated,PertCortex_10_TTCTTAGCACCGTTGG,4.357434859260174
16382,0.1798467739049185,10__mutated,PertCortex_10_TTCTTAGCAGCTGTAT,3.3553507275607544
16383,0.09357369515066744,10__mutated,PertCortex_10_TTCTTAGGTCTCATCC,4.120406433270775
16384,0.055613681514221254,10__mutated,PertCortex_10_TTCTTAGTCTAACTTC,4.344865500333285
16385,0.13052592596195725,10__mutated,PertCortex_10_TTGAACGAGATGCGAC,3.914828152789912
16386,0.06099579662066204,10__mutated,PertCortex_10_TTGAACGCACGGATAG,4.6152571698017395
16387,0.08598656088278775,10__mutated,PertCortex_10_TTGAACGGTAGTACCT,3.8060598434589137
16388,0.17109806211181436,10__mutated,PertCortex_10_TTGACTTCAGCAGTTT,3.088467864165999
16389,0.1439842508115423,10__mutated,PertCortex_10_TTGCCGTAGCTCCTCT,3.824512645671197
16390,0.20555648750583616,10__mutated,PertCortex_10_TTGCCGTCATGATCCA,3.0160596066737897
16391,0.169827870783359,10__mutated,PertCortex_10_TTGCGTCAGAAGGTTT,2.2344386427859835
16392,0.5058411127741416,10__mutated,PertCortex_10_TTGCGTCAGACGACGT,2.1940151321716885
16393,0.23958939110067085,10__mutated,PertCortex_10_TTGCGTCCAGTAAGAT,2.698855663375638
16394,0.12386255517507463,10__mutated,PertCortex_10_TTGGAACAGGATGGTC,4.376650007071901
16395,0.0817019796611167,10__mutated,PertCortex_10_TTGGAACCACGAGAGT,3.666334944451924
16396,0.20485414917884393,10__mutated,PertCortex_10_TTGGAACCAGCTATTG,3.504335866451951
16397,0.04007605734484209,10__mutated,PertCortex_10_TTGGAACCATCTATGG,4.152681194931009
16398,0.1234011863831892,10__mutated,PertCortex_10_TTGGAACTCGTTACGA,5.087140842173114
16399,0.09441277304439746,10__mutated,PertCortex_10_TTGGCAAGTGCCTGGT,3.3326865091760993
16400,0.1322383838499315,10__mutated,PertCortex_10_TTGGCAATCACCGGGT,4.045138772225962
16401,0.1758527507899429,10__mutated,PertCortex_10_TTGTAGGAGGCACATG,4.8052528853308925
16402,0.39652541641824324,10__mutated,PertCortex_10_TTTACTGAGGCTACGA,2.096983446177699
16403,0.502914458975477,10__mutated,PertCortex_10_TTTACTGCATCTGGTA,2.7087812465301195
16404,0.18091066587299973,10__mutated,PertCortex_10_TTTATGCAGGCTACGA,4.112494212936675
16405,0.23672233492245187,10__mutated,PertCortex_10_TTTATGCGTACCGCTG,2.665816322056687
16406,0.15308279120409346,10__mutated,PertCortex_10_TTTATGCGTGGCAAAC,2.9611641597692278
16407,0.0484104883182147,10__mutated,PertCortex_10_TTTCCTCCACGCGAAA,4.18177379128485
16408,0.07258052658768957,10__mutated,PertCortex_10_TTTCCTCGTATTAGCC,4.056586576920695
16409,0.07806409688462548,10__mutated,PertCortex_10_TTTCCTCTCTGCAAGT,4.248330087501722
16410,0.06778772276653279,10__mutated,PertCortex_10_TTTGCGCAGTAACCCT,4.200889073064281
16411,0.17156184767735694,10__mutated,PertCortex_10_TTTGCGCCACTATCTT,4.6816444094155925
16412,0.1610295010037465,10__mutated,PertCortex_10_TTTGCGCCATTATCTC,4.577148553131161
16413,0.15525399136685458,10__mutated,PertCortex_10_TTTGCGCCATTCCTCG,2.8127767392996406
16414,0.08097035673150345,10__mutated,PertCortex_10_TTTGGTTCACTCAGGC,2.8113962458867183
16415,0.15297421012200277,10__mutated,PertCortex_10_TTTGTCACATGCCTTC,3.9753419682103757
16416,0.44657309464645867,10__mutated,PertCortex_10_TTTGTCAGTTTGACAC,1.8365538421541752
16417,0.1494230019109743,11__mutated,PertCortex_11_AAACCTGGTGGTTTCA,2.47748647980398
16418,0.05990222566666663,11__mutated,PertCortex_11_AAACCTGTCTACTTAC,4.718124237227874
16419,0.37045203898210516,11__mutated,PertCortex_11_AAACGGGGTCGAAAGC,2.3063468939526226
16420,0.09433172360346781,11__mutated,PertCortex_11_AAAGATGCACGGTAGA,4.06106940207074
16421,0.12881208066536343,11__mutated,PertCortex_11_AAAGATGCATCTACGA,4.072570103410307
16422,0.1273230964237727,11__mutated,PertCortex_11_AAAGATGGTGAGCGAT,4.347495175422355
16423,0.16694857980176564,11__mutated,PertCortex_11_AAAGCAACACCGATAT,5.23611861925158
16424,0.19475158827050126,11__mutated,PertCortex_11_AAAGTAGGTACCCAAT,3.8446564896729045
16425,0.1985025152671304,11__mutated,PertCortex_11_AAATGCCGTGTTGGGA,4.885324367412062
16426,0.05993606519233911,11__mutated,PertCortex_11_AAATGCCTCGCATGAT,2.9711034178946174
16427,0.20905583914807024,11__mutated,PertCortex_11_AACACGTTCCCTAACC,3.6685378105655277
16428,0.5577270505188089,11__mutated,PertCortex_11_AACACGTTCCTTGCCA,1.9573869258038528
16429,0.16546790566888878,11__mutated,PertCortex_11_AACCATGGTCACCCAG,3.5632871699967668
16430,0.5569504830466812,11__mutated,PertCortex_11_AACCATGTCCATGAAC,2.314251107210379
16431,0.09503817505617176,11__mutated,PertCortex_11_AACCGCGAGTCTCCTC,4.397090451131699
16432,0.12322044945812373,11__mutated,PertCortex_11_AACCGCGCAGCTGCTG,4.8896173447287765
16433,0.20481667675413354,11__mutated,PertCortex_11_AACCGCGTCTGCGACG,3.1411740366747627
16434,0.19299260604021706,11__mutated,PertCortex_11_AACTCCCCATCATCCC,2.639330980072778
16435,0.4644533866466257,11__mutated,PertCortex_11_AACTCCCCATCGACGC,2.524679812451018
16436,0.1776699653003558,11__mutated,PertCortex_11_AACTCCCGTCTAAACC,3.423083634177246
16437,0.6170834396285334,11__mutated,PertCortex_11_AACTCCCGTTGCGTTA,1.8193073718424004
16438,0.09607785958741505,11__mutated,PertCortex_11_AACTCCCTCGAGAGCA,3.2761492597633834
16439,0.5640846787941798,11__mutated,PertCortex_11_AACTCCCTCGGCATCG,2.596960689708204
16440,0.12870512837493825,11__mutated,PertCortex_11_AACTCTTAGACAGGCT,2.8740123139133007
16441,0.09106809154234818,11__mutated,PertCortex_11_AACTCTTAGGACTGGT,3.0392834491455627
16442,0.14416960074449023,11__mutated,PertCortex_11_AACTGGTAGCACCGCT,4.328597786500601
16443,0.1676295072667859,11__mutated,PertCortex_11_AACTGGTAGGCTCTTA,5.596590514298363
16444,0.09057836165331482,11__mutated,PertCortex_11_AACTGGTCATAGAAAC,5.1957178261425545
16445,0.11556759058400026,11__mutated,PertCortex_11_AACTGGTGTTGTGGCC,3.1059274260204273
16446,0.17218151867285877,11__mutated,PertCortex_11_AAGACCTCAAGTCATC,3.8796887706081877
16447,0.3359131985630222,11__mutated,PertCortex_11_AAGACCTGTACCGTAT,4.025413923581064
16448,0.1815332849765061,11__mutated,PertCortex_11_AAGCCGCAGTGTACCT,3.5483649279349203
16449,0.1595349634268254,11__mutated,PertCortex_11_AAGCCGCTCTGCCCTA,3.228890466341934
16450,0.12897395596478467,11__mutated,PertCortex_11_AAGGAGCTCGGCGGTT,4.631883558240952
16451,0.14390323684757766,11__mutated,PertCortex_11_AAGGTTCAGTGATCGG,4.413477019021149
16452,0.620772985406111,11__mutated,PertCortex_11_AAGGTTCCATCACAAC,1.887734961467952
16453,0.12324898591394419,11__mutated,PertCortex_11_AAGTCTGCAAACAACA,3.7737078586143693
16454,0.16342093212268366,11__mutated,PertCortex_11_AAGTCTGCAATAGAGT,4.113058991324223
16455,0.1684424934295546,11__mutated,PertCortex_11_AAGTCTGCACAGTCGC,4.771662657997414
16456,0.021398477693298234,11__mutated,PertCortex_11_AAGTCTGTCGAATGGG,2.9169566975875596
16457,0.08989025661299678,11__mutated,PertCortex_11_AATCCAGCATACTCTT,4.733314387401616
16458,0.10673354249756704,11__mutated,PertCortex_11_AATCCAGTCTCTGAGA,3.3863518628269818
16459,0.14105647680420277,11__mutated,PertCortex_11_AATCGGTCAGGGTTAG,3.537095616181341
16460,0.49471927815829864,11__mutated,PertCortex_11_AATCGGTGTAGGCTGA,1.7656977268268284
16461,0.24335818888147104,11__mutated,PertCortex_11_ACACCAACACAGCGTC,3.5222253848143916
16462,0.0357004843218436,11__mutated,PertCortex_11_ACACCAATCCAAACAC,3.7842086665204167
16463,0.00987396226687236,11__mutated,PertCortex_11_ACACCCTTCCGAATGT,4.4462318597634365
16464,0.0642104507583421,11__mutated,PertCortex_11_ACACCGGAGTGTCCCG,3.9575536006547227
16465,0.06793083055473273,11__mutated,PertCortex_11_ACACCGGGTACGACCC,2.335120831308753
16466,0.24736036943103581,11__mutated,PertCortex_11_ACACCGGTCCGCAAGC,1.9481633462771286
16467,0.249162710118002,11__mutated,PertCortex_11_ACACTGAGTTATCGGT,2.29991151631276
16468,0.5283995115672095,11__mutated,PertCortex_11_ACACTGATCGAGGTAG,2.780541714147095
16469,0.10731561250096804,11__mutated,PertCortex_11_ACAGCCGGTGTTGAGG,4.505013519524392
16470,0.10419788377338929,11__mutated,PertCortex_11_ACAGCTACAGTGACAG,3.8212294961333066
16471,0.2533025822675119,11__mutated,PertCortex_11_ACAGCTAGTCCCTTGT,3.522018218032872
16472,0.15644114703418,11__mutated,PertCortex_11_ACATACGAGGCCCTCA,4.955216966722845
16473,0.1347715375775864,11__mutated,PertCortex_11_ACATACGAGTGAAGAG,4.400181290307735
16474,0.5442320500271743,11__mutated,PertCortex_11_ACATACGCAATGGAGC,1.7200918818370574
16475,0.18381685947517895,11__mutated,PertCortex_11_ACATACGGTGCGAAAC,2.5113711181641714
16476,0.27167415215238294,11__mutated,PertCortex_11_ACATACGGTGGTTTCA,1.0903152477943177
16477,0.13172403024311102,11__mutated,PertCortex_11_ACATCAGGTCTGCGGT,3.7933800954175303
16478,0.625536904809055,11__mutated,PertCortex_11_ACATGGTAGCCCAATT,1.3466969041663777
16479,0.2700781212910499,11__mutated,PertCortex_11_ACATGGTAGTCGTACT,2.4883541774085693
16480,0.274891489204008,11__mutated,PertCortex_11_ACATGGTCAAAGCGGT,2.044794793916121
16481,0.0967512901790788,11__mutated,PertCortex_11_ACATGGTTCTTACCGC,4.5418965692267435
16482,0.08930079115157087,11__mutated,PertCortex_11_ACCAGTACATGGTCTA,3.740175825303939
16483,0.21864004112315832,11__mutated,PertCortex_11_ACCCACTCACCAACCG,2.668241018765716
16484,0.046810614500388904,11__mutated,PertCortex_11_ACCCACTCATTGTGCA,4.147625968096363
16485,0.1037340391875425,11__mutated,PertCortex_11_ACCGTAAAGGTGTGGT,5.127462703435985
16486,0.13492089049902944,11__mutated,PertCortex_11_ACCGTAACAATTGCTG,3.9982701892206434
16487,0.42520563267279987,11__mutated,PertCortex_11_ACCTTTAAGAATAGGG,2.772344476547249
16488,0.3697144686547296,11__mutated,PertCortex_11_ACCTTTAAGCGGATCA,2.0504281599334435
16489,0.12483411145826427,11__mutated,PertCortex_11_ACCTTTACAGACAAAT,4.451798195398551
16490,0.17811496514086558,11__mutated,PertCortex_11_ACCTTTATCAGATAAG,3.2654549330535465
16491,0.5195380943530987,11__mutated,PertCortex_11_ACCTTTATCGGAGCAA,2.8003379947065508
16492,0.13675184745183033,11__mutated,PertCortex_11_ACGAGCCAGCGCCTTG,4.8845168550144775
16493,0.12802167206840748,11__mutated,PertCortex_11_ACGAGCCAGGAGTACC,4.1402109293629055
16494,0.1309176362678026,11__mutated,PertCortex_11_ACGAGGAAGACTACAA,3.3128714953203318
16495,0.23517314713735726,11__mutated,PertCortex_11_ACGAGGAAGGACATTA,3.1739347751422438
16496,0.2611286597300727,11__mutated,PertCortex_11_ACGAGGACAACTGCTA,2.827319522096481
16497,0.4598569591234557,11__mutated,PertCortex_11_ACGAGGATCAAGAAGT,2.119993561697326
16498,0.5034059484658605,11__mutated,PertCortex_11_ACGATACGTAGCTAAA,2.6542780874945704
16499,0.19842897690900288,11__mutated,PertCortex_11_ACGATGTAGTAGCCGA,3.3953627201974523
16500,0.15649463942413208,11__mutated,PertCortex_11_ACGATGTCACGTAAGG,3.538066851679656
16501,0.08001348893438195,11__mutated,PertCortex_11_ACGCAGCGTGTTTGTG,2.830924541206348
16502,0.21790616813254288,11__mutated,PertCortex_11_ACGCCAGGTGGCGAAT,3.4661425780643804
16503,0.02641952693791577,11__mutated,PertCortex_11_ACGCCAGGTGTTAAGA,4.6797324581501165
16504,0.14892015906277514,11__mutated,PertCortex_11_ACGCCGATCCAACCAA,3.7599796093966935
16505,0.16667391060565223,11__mutated,PertCortex_11_ACGGAGATCTTCGAGA,4.15777521231002
16506,0.10053526156865306,11__mutated,PertCortex_11_ACGGCCAGTGAAAGAG,3.062130028071723
16507,0.5833502096084981,11__mutated,PertCortex_11_ACGGCCAGTTCCGGCA,2.1889964114965355
16508,0.20146683993879086,11__mutated,PertCortex_11_ACGGGCTCAGGCAGTA,4.174883244701059
16509,0.26412502340078986,11__mutated,PertCortex_11_ACGGGTCCACTTAACG,3.7493930247292946
16510,0.2811852446786322,11__mutated,PertCortex_11_ACGGGTCGTACTCGCG,2.5353321761799537
16511,0.24858859605445993,11__mutated,PertCortex_11_ACTATCTAGGTTCCTA,3.0726008925802955
16512,0.09282561948632308,11__mutated,PertCortex_11_ACTGAGTCATCGGACC,3.209792346746111
16513,0.20833841192644675,11__mutated,PertCortex_11_ACTGATGAGAGGTACC,2.546701149153494
16514,0.11866783460552556,11__mutated,PertCortex_11_ACTGATGAGCACCGTC,3.8586806616070826
16515,0.09343016071555109,11__mutated,PertCortex_11_ACTGATGGTCTCTTTA,4.356821188178652
16516,0.3760235770955624,11__mutated,PertCortex_11_ACTGATGGTTCCTCCA,2.254615725930805
16517,0.27702056231586986,11__mutated,PertCortex_11_ACTGATGTCAGCCTAA,2.6364220110887207
16518,0.06614884151191518,11__mutated,PertCortex_11_ACTGCTCGTTCCACGG,4.448601720753179
16519,0.16060419032208514,11__mutated,PertCortex_11_ACTGTCCAGTGTCCAT,4.567318803942656
16520,0.051483562792607386,11__mutated,PertCortex_11_ACTGTCCGTCTCTCTG,4.02789270281861
16521,0.07816687720960011,11__mutated,PertCortex_11_ACTGTCCGTGATGTGG,3.7691938848916364
16522,0.11453300645892449,11__mutated,PertCortex_11_ACTGTCCTCATGGTCA,3.7251693992492836
16523,0.3887110003444513,11__mutated,PertCortex_11_ACTTACTAGATATGCA,2.2567669724468313
16524,0.14065923085261958,11__mutated,PertCortex_11_ACTTACTAGTGCCATT,5.005497055735297
16525,0.17465599377943875,11__mutated,PertCortex_11_ACTTACTTCGTCTGAA,4.377873098462033
16526,0.18464219830173337,11__mutated,PertCortex_11_ACTTGTTAGACGACGT,3.876992664406246
16527,0.1544835775366617,11__mutated,PertCortex_11_ACTTGTTTCAGTTTGG,3.9030740794043095
16528,0.24032270800074232,11__mutated,PertCortex_11_ACTTTCAAGCACAGGT,4.69327628844605
16529,0.20527233217692223,11__mutated,PertCortex_11_ACTTTCATCAGAGCTT,3.1111536359156884
16530,0.24647171459921705,11__mutated,PertCortex_11_ACTTTCATCTCGTTTA,3.8459600926480073
16531,0.11216429428502774,11__mutated,PertCortex_11_AGAATAGTCCAAACTG,4.325724543495179
16532,0.10786551191424892,11__mutated,PertCortex_11_AGAATAGTCTCTGCTG,5.518631843544015
16533,0.09277007952829242,11__mutated,PertCortex_11_AGACGTTAGCTGTCTA,4.259863201806404
16534,0.11289706358564774,11__mutated,PertCortex_11_AGAGCGAAGTTACGGG,3.587267508405124
16535,0.6857794888900322,11__mutated,PertCortex_11_AGAGCGACAATGGAAT,1.946206048576382
16536,0.06985229080709325,11__mutated,PertCortex_11_AGAGCGAGTAGAGCTG,3.755978837069539
16537,0.09626637302695976,11__mutated,PertCortex_11_AGAGCGAGTCTCTCTG,3.7505069028879294
16538,0.19067189854288,11__mutated,PertCortex_11_AGAGCGAGTCTTCGTC,3.0616964764640495
16539,0.16874114401181028,11__mutated,PertCortex_11_AGAGCGAGTGCGAAAC,3.690711818868037
16540,0.15525680066752243,11__mutated,PertCortex_11_AGAGCGATCTACTATC,3.8066910952994966
16541,0.17743911307885085,11__mutated,PertCortex_11_AGAGCTTTCAGGCAAG,3.510156065530518
16542,0.21126236715677332,11__mutated,PertCortex_11_AGAGCTTTCGTTTGCC,2.8585488246375372
16543,0.2299568792095857,11__mutated,PertCortex_11_AGATTGCGTCAGATAA,3.303200673338103
16544,0.02929417134321318,11__mutated,PertCortex_11_AGCAGCCAGATACACA,4.677795133532709
16545,0.10505170301060482,11__mutated,PertCortex_11_AGCAGCCCACAGCCCA,3.9574204716723407
16546,0.011520216243292017,11__mutated,PertCortex_11_AGCAGCCCATTAGCCA,3.1300539833720853
16547,0.07534817758312881,11__mutated,PertCortex_11_AGCATACCAACTTGAC,4.421230221606244
16548,0.4473821439646906,11__mutated,PertCortex_11_AGCCTAACAAGACGTG,2.049506495361
16549,0.0594267873887568,11__mutated,PertCortex_11_AGCCTAACATTTGCTT,4.111732641494302
16550,0.5786037469042272,11__mutated,PertCortex_11_AGCCTAAGTATCAGTC,2.2259403228852244
16551,0.14931049673812344,11__mutated,PertCortex_11_AGCGGTCAGCCACTAT,2.9780892807531836
16552,0.17470226449818413,11__mutated,PertCortex_11_AGCGGTCGTAGCCTAT,3.992806296095365
16553,0.07791881939975141,11__mutated,PertCortex_11_AGCGGTCGTTGTCTTT,2.4742651155001907
16554,0.46611792584182565,11__mutated,PertCortex_11_AGCGTATGTGCCTTGG,1.9775410938144373
16555,0.13332033780531297,11__mutated,PertCortex_11_AGCGTCGTCTGGCGAC,3.0708016196879333
16556,0.16150766472205783,11__mutated,PertCortex_11_AGCTCCTAGAGACTTA,4.117368147214193
16557,0.2415139941362041,11__mutated,PertCortex_11_AGCTCCTAGCACGCCT,3.5994398397942113
16558,0.15073739174136164,11__mutated,PertCortex_11_AGCTCCTAGTCCCACG,4.678317266814341
16559,0.4437010399790919,11__mutated,PertCortex_11_AGCTCCTCAGTCGTGC,2.2105476532320063
16560,0.4462138659514692,11__mutated,PertCortex_11_AGCTCCTTCAGTTCGA,3.0595388558972436
16561,0.2937221991644262,11__mutated,PertCortex_11_AGCTCTCAGCTGATAA,3.7092373550381987
16562,0.10818394643644438,11__mutated,PertCortex_11_AGCTTGAAGGTGATAT,4.669339009650408
16563,0.10975878981478863,11__mutated,PertCortex_11_AGCTTGAAGTAGGTGC,4.066577034592255
16564,0.08474148446252094,11__mutated,PertCortex_11_AGGCCACGTCCGACGT,4.018612878807457
16565,0.20684831736046816,11__mutated,PertCortex_11_AGGCCGTAGCCATCGC,4.0284876539305525
16566,0.5405223706934648,11__mutated,PertCortex_11_AGGCCGTAGCGTAATA,2.4897132174514858
16567,0.5661060689246493,11__mutated,PertCortex_11_AGGCCGTAGTGGTAAT,1.7926947312040584
16568,0.1426831491679068,11__mutated,PertCortex_11_AGGGAGTCAGACGCTC,3.4007419281801132
16569,0.17893143659671898,11__mutated,PertCortex_11_AGGGAGTGTGCGCTTG,3.8337213306002758
16570,0.060940268790707935,11__mutated,PertCortex_11_AGGGATGCAGGATCGA,2.32173514576025
16571,0.18991098000295284,11__mutated,PertCortex_11_AGGGATGGTGTCCTCT,4.876933109337805
16572,0.18543240772467326,11__mutated,PertCortex_11_AGGGTGAAGTATTGGA,3.297135242828459
16573,0.17154108906303578,11__mutated,PertCortex_11_AGGTCATAGGATGGAA,2.9725946283318407
16574,0.1307793028907643,11__mutated,PertCortex_11_AGGTCATTCACTCTTA,2.5290014315353337
16575,0.07906620854794796,11__mutated,PertCortex_11_AGGTCATTCTAGCACA,4.204353553698824
16576,0.13023519155047733,11__mutated,PertCortex_11_AGGTCCGCAAAGCGGT,3.686278689574833
16577,0.5297144138715417,11__mutated,PertCortex_11_AGGTCCGGTTGACGTT,2.215660177616732
16578,0.17871651438122726,11__mutated,PertCortex_11_AGGTCCGTCCAAATGC,3.3281436406960134
16579,0.13710868561793138,11__mutated,PertCortex_11_AGTAGTCCAGTCAGCC,1.9287844419135896
16580,0.08929571796684056,11__mutated,PertCortex_11_AGTAGTCGTAAATGTG,4.163345931481927
16581,0.20846828738481588,11__mutated,PertCortex_11_AGTCTTTCAGGATTGG,3.324996983493482
16582,0.15381310947534219,11__mutated,PertCortex_11_AGTCTTTGTAAGTGTA,3.4936352791700047
16583,0.13618498290128783,11__mutated,PertCortex_11_AGTGAGGAGCCCGAAA,3.0426345532001324
16584,0.1289827044622789,11__mutated,PertCortex_11_AGTGAGGAGCTCCTCT,3.914256399472274
16585,0.6087615920588801,11__mutated,PertCortex_11_AGTGAGGCACATCCAA,1.9299792826751045
16586,0.24547794749560267,11__mutated,PertCortex_11_AGTGAGGGTAGTACCT,3.1586387610545796
16587,0.1824467646771988,11__mutated,PertCortex_11_AGTGAGGTCTCGTATT,4.14950545088403
16588,0.5170688146182375,11__mutated,PertCortex_11_AGTGGGAAGAAGCCCA,2.5605466331439204
16589,0.21969209547050447,11__mutated,PertCortex_11_AGTGGGAAGCACCGCT,2.7866362979297725
16590,0.3412038519761072,11__mutated,PertCortex_11_AGTGGGACAATGTAAG,1.7139296277358937
16591,0.4160687018413255,11__mutated,PertCortex_11_AGTTGGTGTCCTGCTT,2.318853544122996
16592,0.25449556731887285,11__mutated,PertCortex_11_AGTTGGTTCAAACCAC,3.2734342786286423
16593,0.5339287417727151,11__mutated,PertCortex_11_AGTTGGTTCACCTCGT,2.257528955061546
16594,0.51445297159214,11__mutated,PertCortex_11_ATAACGCGTAAGTAGT,2.0002589188384436
16595,0.06689928769033275,11__mutated,PertCortex_11_ATAACGCGTGAAATCA,5.176120892629631
16596,0.2538763456865056,11__mutated,PertCortex_11_ATAACGCTCGTGGACC,2.5036711683775152
16597,0.16729540226225076,11__mutated,PertCortex_11_ATAAGAGGTCAGTGGA,4.4508580171190015
16598,0.07345738467806483,11__mutated,PertCortex_11_ATAAGAGTCTAGCACA,3.9758455043681806
16599,0.13519548025454614,11__mutated,PertCortex_11_ATAGACCTCAGTACGT,3.684427739427042
16600,0.2849010743721478,11__mutated,PertCortex_11_ATCATCTAGCTGAAAT,4.261429753429582
16601,0.06532283056469203,11__mutated,PertCortex_11_ATCATCTGTCGCTTCT,2.749976882106278
16602,0.056949291987022164,11__mutated,PertCortex_11_ATCATGGCATGACGGA,4.209281739771999
16603,0.3118502715809664,11__mutated,PertCortex_11_ATCATGGGTAAAGTCA,2.348447770989119
16604,0.15249989868407873,11__mutated,PertCortex_11_ATCATGGGTATATGAG,3.879000196426313
16605,0.10793310547616054,11__mutated,PertCortex_11_ATCCACCAGCGATAGC,2.492523764704901
16606,0.24827375231645468,11__mutated,PertCortex_11_ATCCACCAGTACGATA,2.5557522326751276
16607,0.2097868733475412,11__mutated,PertCortex_11_ATCCACCCATGAACCT,2.7202728990229184
16608,0.13588541780568295,11__mutated,PertCortex_11_ATCGAGTCAGGTCTCG,2.6204726973588635
16609,0.23078978881401332,11__mutated,PertCortex_11_ATCGAGTGTAGGGACT,2.7913066305151077
16610,0.23963206264573564,11__mutated,PertCortex_11_ATCTACTGTCTTGTCC,3.3160740280127494
16611,0.22911886205145837,11__mutated,PertCortex_11_ATCTACTTCCGGGTGT,2.948303737509579
16612,0.23853176202010598,11__mutated,PertCortex_11_ATCTGCCAGGGCACTA,3.628008045079018
16613,0.17042386953900307,11__mutated,PertCortex_11_ATCTGCCTCTCCCTGA,3.142616585056594
16614,0.18939099010435437,11__mutated,PertCortex_11_ATGAGGGAGACCACGA,4.119411797910583
16615,0.5251652995135382,11__mutated,PertCortex_11_ATGAGGGCAGACACTT,2.6193825529756904
16616,0.21029018036389016,11__mutated,PertCortex_11_ATGAGGGGTGAGGGTT,3.0670947252998824
16617,0.23183716650614444,11__mutated,PertCortex_11_ATGAGGGGTGCATCTA,3.0858248323551383
16618,0.07112433762600297,11__mutated,PertCortex_11_ATGAGGGTCGGCTACG,2.553316884425852
16619,0.3095211886351369,11__mutated,PertCortex_11_ATGCGATCAGCAGTTT,2.0533861874055925
16620,0.07141622873468233,11__mutated,PertCortex_11_ATGGGAGGTTATCCGA,4.092441127933632
16621,0.01864584058976595,11__mutated,PertCortex_11_ATGTGTGGTGATAAAC,4.189024220081496
16622,0.1851494290568092,11__mutated,PertCortex_11_ATTACTCTCGCAAACT,3.264864314358338
16623,0.26451920447490657,11__mutated,PertCortex_11_ATTATCCAGTACATGA,3.3943922134339104
16624,0.23821305307266277,11__mutated,PertCortex_11_ATTGGACCAGATCGGA,4.479357138712054
16625,0.12709985140767818,11__mutated,PertCortex_11_ATTGGTGGTTGTGGCC,2.5930656885462815
16626,0.07842780559164018,11__mutated,PertCortex_11_ATTTCTGAGTCAAGGC,2.948712201429083
16627,0.18894606012750886,11__mutated,PertCortex_11_ATTTCTGCACCCTATC,3.1708527998070837
16628,0.42075292625398336,11__mutated,PertCortex_11_ATTTCTGCATGCGCAC,2.8586208342324597
16629,0.4398859396024135,11__mutated,PertCortex_11_ATTTCTGCATTGAGCT,2.9340644242252307
16630,0.6023948115168476,11__mutated,PertCortex_11_CAACCTCGTAACGTTC,1.4749117407019272
16631,0.2750375436276674,11__mutated,PertCortex_11_CAACTAGCAAGGTTTC,2.6212303014124183
16632,0.07879559846058136,11__mutated,PertCortex_11_CAACTAGTCCTTCAAT,4.5012566626549795
16633,0.3267913552620582,11__mutated,PertCortex_11_CAAGAAAAGTCGTACT,2.249477188538391
16634,0.19240913926012912,11__mutated,PertCortex_11_CAAGAAAAGTGTTTGC,2.9003769272042996
16635,0.01861176303570792,11__mutated,PertCortex_11_CAAGAAAGTGGTACAG,4.126127582297263
16636,0.35050271774023595,11__mutated,PertCortex_11_CAAGAAATCGTCTGAA,2.7295619285073234
16637,0.05937088745910612,11__mutated,PertCortex_11_CAAGATCAGCCCAATT,3.6639533145958927
16638,0.2843903051583846,11__mutated,PertCortex_11_CAAGATCAGTAACCCT,3.0103811364771587
16639,0.03083930728442734,11__mutated,PertCortex_11_CAAGATCCACGTCAGC,3.782943444842695
16640,0.17906575963565774,11__mutated,PertCortex_11_CAAGATCCAGATAATG,4.268392858081277
16641,0.13181008843743727,11__mutated,PertCortex_11_CAAGATCGTTTACTCT,4.266761790050388
16642,0.20917236042599635,11__mutated,PertCortex_11_CAAGGCCCACAGGTTT,3.598054479362604
16643,0.21128550902883603,11__mutated,PertCortex_11_CAAGGCCGTACAGTTC,3.772580746795628
16644,0.2315256289682331,11__mutated,PertCortex_11_CAAGTTGAGGTAAACT,3.1125968332300133
16645,0.18992273340030227,11__mutated,PertCortex_11_CAAGTTGAGTTAACGA,3.0247777779766136
16646,0.15096977381258841,11__mutated,PertCortex_11_CACAAACAGTCCATAC,3.228579351113331
16647,0.13612693454480287,11__mutated,PertCortex_11_CACAAACCAGCTGTTA,4.188527421032393
16648,0.3405302782953132,11__mutated,PertCortex_11_CACACAAGTAAGTGTA,3.2575873344223583
16649,0.4906193023856245,11__mutated,PertCortex_11_CACACAAGTAGAGTGC,1.98416846771185
16650,0.12155122985848141,11__mutated,PertCortex_11_CACACCTAGATAGCAT,3.7148729618495198
16651,0.02802446874205185,11__mutated,PertCortex_11_CACACTCCATTTCACT,3.9075587227416535
16652,0.16393111852677564,11__mutated,PertCortex_11_CACAGGCGTGGTCCGT,3.0207374258546063
16653,0.04431073648964338,11__mutated,PertCortex_11_CACAGGCTCGCATGGC,4.198599725797235
16654,0.08568379155807415,11__mutated,PertCortex_11_CACAGTAAGCCAGTTT,4.693506377700826
16655,0.5266872441146432,11__mutated,PertCortex_11_CACATAGAGCCACTAT,2.1976942993032864
16656,0.11292584555441462,11__mutated,PertCortex_11_CACATAGCAGATGGGT,4.7971533052016095
16657,0.06563717235373971,11__mutated,PertCortex_11_CACATAGGTCGCTTCT,4.477220023591651
16658,0.3345925496608188,11__mutated,PertCortex_11_CACATTTAGAACAATC,2.8618532787299813
16659,0.29624076953926864,11__mutated,PertCortex_11_CACATTTAGCCAACAG,2.9959174028059206
16660,0.029200369947876576,11__mutated,PertCortex_11_CACCACTAGCCAACAG,3.951965637392989
16661,0.1409082338413364,11__mutated,PertCortex_11_CACCACTCACGGCGTT,3.7680528922795107
16662,0.5909730171726971,11__mutated,PertCortex_11_CACCACTGTCGTGGCT,2.1680826693369646
16663,0.12382501604226269,11__mutated,PertCortex_11_CACCAGGAGCCAGTAG,3.843818335469336
16664,0.21804863034678182,11__mutated,PertCortex_11_CACCAGGCATAGAAAC,3.9185129703187473
16665,0.4876888607736235,11__mutated,PertCortex_11_CACCAGGTCAAACCAC,1.969348322456608
16666,0.09981283698832297,11__mutated,PertCortex_11_CACCTTGAGATATGGT,3.4860532562667124
16667,0.4443695971261408,11__mutated,PertCortex_11_CACCTTGGTCCGAAGA,2.0840028455908994
16668,0.22854967288591913,11__mutated,PertCortex_11_CACCTTGTCAGCATGT,3.5970460905603447
16669,0.14541607487545463,11__mutated,PertCortex_11_CACTCCAGTCTGCGGT,2.4038650183191246
16670,0.3050045767977954,11__mutated,PertCortex_11_CAGAATCGTATAGGTA,2.8529990095957944
16671,0.046180825995488624,11__mutated,PertCortex_11_CAGAATCGTCACTGGC,2.6198786278868895
16672,0.14881913229860408,11__mutated,PertCortex_11_CAGAATCTCTTTAGTC,3.526623232465091
16673,0.2073536723020975,11__mutated,PertCortex_11_CAGAGAGCATACGCTA,3.439460007629896
16674,0.26556116965170656,11__mutated,PertCortex_11_CAGCAGCGTAACGTTC,3.132761371197864
16675,0.2341291268876206,11__mutated,PertCortex_11_CAGCAGCGTCAGATAA,3.0960877469092263
16676,0.20860131910253163,11__mutated,PertCortex_11_CAGCAGCTCCAAGTAC,3.052263504029682
16677,0.14830029513995807,11__mutated,PertCortex_11_CAGCCGACACTCGACG,4.130688496917878
16678,0.19160858494325897,11__mutated,PertCortex_11_CAGCCGACATCACGAT,3.6484830033484026
16679,0.20702729649103507,11__mutated,PertCortex_11_CAGCGACAGTGCCAGA,2.793243341643232
16680,0.13925421639129296,11__mutated,PertCortex_11_CAGCTAACAAGAAAGG,4.159595570256046
16681,0.32360595782870455,11__mutated,PertCortex_11_CAGCTAAGTGGAAAGA,4.062864215557323
16682,0.5418428773570977,11__mutated,PertCortex_11_CAGGTGCTCGGATGGA,1.7093902698036534
16683,0.07214054088116865,11__mutated,PertCortex_11_CAGTAACTCGCTTGTC,3.2534956367799595
16684,0.29822208123836796,11__mutated,PertCortex_11_CAGTCCTGTGGTGTAG,1.3242876797177014
16685,0.4443555096920108,11__mutated,PertCortex_11_CAGTCCTGTTATCCGA,1.6468594550850508
16686,0.2989656387729947,11__mutated,PertCortex_11_CATATGGAGGTCGGAT,2.5105024203068806
16687,0.15672449959557014,11__mutated,PertCortex_11_CATATGGGTCAGTGGA,3.991582160195101
16688,0.0830691801921013,11__mutated,PertCortex_11_CATATTCGTCTAGCCG,3.367880563156579
16689,0.10785537314198577,11__mutated,PertCortex_11_CATATTCGTTTAGCTG,5.047330249166202
16690,0.276530521569006,11__mutated,PertCortex_11_CATATTCTCAAACCAC,2.203064956935725
16691,0.20080281635115427,11__mutated,PertCortex_11_CATATTCTCCTTCAAT,3.803317638509683
16692,0.053523281008856734,11__mutated,PertCortex_11_CATCAAGCAAGTCTAC,4.193149523849259
16693,0.04892816605649998,11__mutated,PertCortex_11_CATCAAGGTATATGGA,3.8444833576077215
16694,0.15237267917944722,11__mutated,PertCortex_11_CATCAAGTCATATCGG,3.1364469078816652
16695,0.1609272135078253,11__mutated,PertCortex_11_CATCCACAGTGCGTGA,3.091369292602984
16696,0.607716477176897,11__mutated,PertCortex_11_CATCCACCATTCACTT,1.9662554371501346
16697,0.21381689801911286,11__mutated,PertCortex_11_CATCGAACACGGTGTC,3.347857711102258
16698,0.08699646791705078,11__mutated,PertCortex_11_CATCGAAGTAATCGTC,3.078813595633116
16699,0.12244993885383997,11__mutated,PertCortex_11_CATCGGGAGAATAGGG,3.6360990814383785
16700,0.1501760661933302,11__mutated,PertCortex_11_CATGACACAGATCCAT,3.15387954889543
16701,0.14881676722584017,11__mutated,PertCortex_11_CATGACAGTTTAGCTG,3.488560520185135
16702,0.20198892013019115,11__mutated,PertCortex_11_CATGACATCAGCATGT,3.1993078556843684
16703,0.10721666602144017,11__mutated,PertCortex_11_CATGCCTAGGCTACGA,4.506837215780844
16704,0.3978732884686717,11__mutated,PertCortex_11_CATGCCTAGTTACCCA,2.254683382767859
16705,0.24460892007968152,11__mutated,PertCortex_11_CATGGCGGTCTCAACA,2.7732180086196747
16706,0.1775300920648062,11__mutated,PertCortex_11_CATGGCGTCCATGAAC,3.1536257332565416
16707,0.1385779596139438,11__mutated,PertCortex_11_CATTATCGTCGAGTTT,2.8632234448961844
16708,0.17525681923035605,11__mutated,PertCortex_11_CATTCGCCATGAACCT,5.827215107872236
16709,0.3103928975597204,11__mutated,PertCortex_11_CATTCGCGTAATCGTC,3.2217755475795835
16710,0.10870625883469727,11__mutated,PertCortex_11_CATTCGCGTGGGTATG,3.6409218737683253
16711,0.10843908957716608,11__mutated,PertCortex_11_CATTCGCTCCTGCCAT,4.208197323251998
16712,0.14126147232957445,11__mutated,PertCortex_11_CCAATCCTCAACACAC,4.333770974752447
16713,0.17521843466718287,11__mutated,PertCortex_11_CCAATCCTCGTCGTTC,4.414585392342749
16714,0.2721654791222831,11__mutated,PertCortex_11_CCACCTAGTAAACACA,3.2888987143792
16715,0.2214152409602453,11__mutated,PertCortex_11_CCACCTATCCTTTCTC,3.049283240172837
16716,0.1172078217138951,11__mutated,PertCortex_11_CCACGGAGTAGCAAAT,3.978387916579165
16717,0.14066010694239253,11__mutated,PertCortex_11_CCACTACGTACCGGCT,5.706383460782192
16718,0.10854847955866676,11__mutated,PertCortex_11_CCACTACGTGAAGGCT,3.940144213851584
16719,0.08444277436839545,11__mutated,PertCortex_11_CCACTACTCGTCTGAA,4.146211295556179
16720,0.09575987859485621,11__mutated,PertCortex_11_CCAGCGAGTCAGAGGT,3.836102699983075
16721,0.14576486950149614,11__mutated,PertCortex_11_CCATGTCCACTACAGT,3.73787114338482
16722,0.36500011707112534,11__mutated,PertCortex_11_CCATTCGCATTCCTCG,2.380224383233992
16723,0.20899704349406073,11__mutated,PertCortex_11_CCATTCGGTACTTAGC,2.8182511002016546
16724,0.2654494923910367,11__mutated,PertCortex_11_CCATTCGGTGTGGCTC,2.7336536749918725
16725,0.05574512105006212,11__mutated,PertCortex_11_CCCAATCCAAGGTTCT,5.322220591334097
16726,0.08190482567181412,11__mutated,PertCortex_11_CCCAGTTCAGGATTGG,4.517832351286799
16727,0.0920163638371083,11__mutated,PertCortex_11_CCCAGTTGTGTTCTTT,5.240583224046681
16728,0.15715856184370244,11__mutated,PertCortex_11_CCCAGTTGTTCCCTTG,2.4602425724390526
16729,0.14680523409936164,11__mutated,PertCortex_11_CCCAGTTTCCAGATCA,3.3956554374183834
16730,0.6567550775136312,11__mutated,PertCortex_11_CCCATACAGTAAGTAC,1.8130114285849621
16731,0.1281851080917777,11__mutated,PertCortex_11_CCCATACGTAAGCACG,3.9907181665246347
16732,0.20669647468513025,11__mutated,PertCortex_11_CCCTCCTAGAATTCCC,3.0160252764727744
16733,0.538144033413434,11__mutated,PertCortex_11_CCCTCCTCACCGAATT,1.8147191550665134
16734,0.13379024295665848,11__mutated,PertCortex_11_CCCTCCTTCGTGACAT,5.559548659858637
16735,0.17444370523757755,11__mutated,PertCortex_11_CCCTCCTTCTCCGGTT,3.996985323383543
16736,0.1632042249701679,11__mutated,PertCortex_11_CCGGGATGTAGAAGGA,4.683569367860911
16737,0.16370226642923943,11__mutated,PertCortex_11_CCGGGATGTCTTGATG,3.3440223308454553
16738,0.28584451417323686,11__mutated,PertCortex_11_CCGGTAGTCCAGTAGT,3.6027496106636856
16739,0.05043680674153254,11__mutated,PertCortex_11_CCGGTAGTCTTGGGTA,3.3895353111276565
16740,0.23557110511134732,11__mutated,PertCortex_11_CCGTACTAGACGACGT,2.5015889403386216
16741,0.14780737890628942,11__mutated,PertCortex_11_CCGTTCACAAGAGGCT,3.7016220170336354
16742,0.11359150878986354,11__mutated,PertCortex_11_CCGTTCACAGTGGAGT,4.014540075455998
16743,0.27880381829625694,11__mutated,PertCortex_11_CCGTTCATCAACACAC,1.875190716021858
16744,0.22472734074304254,11__mutated,PertCortex_11_CCGTTCATCGCTTAGA,3.4811672054884695
16745,0.06273115229662504,11__mutated,PertCortex_11_CCTAAAGCAGCTGTGC,3.323070215248271
16746,0.35795781756767414,11__mutated,PertCortex_11_CCTAAAGTCTGTCCGT,2.597966997020846
16747,0.08760063398533277,11__mutated,PertCortex_11_CCTACACCAATGGACG,4.988921832150121
16748,0.17109732825063248,11__mutated,PertCortex_11_CCTACACCAGTACACT,3.5973485782569434
16749,0.05036353900846662,11__mutated,PertCortex_11_CCTACACTCATGCTCC,4.391210909234301
16750,0.49974109373058273,11__mutated,PertCortex_11_CCTACACTCTTCATGT,1.9750315394273144
16751,0.48662782802821136,11__mutated,PertCortex_11_CCTACCAAGGAGTTGC,1.9817420264700298
16752,0.06040491635419713,11__mutated,PertCortex_11_CCTACCAAGTGTCCCG,2.362690548987148
16753,0.09279411815594847,11__mutated,PertCortex_11_CCTACCACACATTAGC,4.11866080528523
16754,0.20598086701248544,11__mutated,PertCortex_11_CCTACCATCATCTGCC,3.0643715998135814
16755,0.1280546239572051,11__mutated,PertCortex_11_CCTACCATCGTTGCCT,4.611648865048134
16756,0.14838178668029858,11__mutated,PertCortex_11_CCTAGCTCACGTCAGC,2.6411355140800583
16757,0.1179807690526359,11__mutated,PertCortex_11_CCTAGCTCAGATCGGA,4.484319377839898
16758,0.5196654151829597,11__mutated,PertCortex_11_CCTATTAGTTTAGCTG,2.7840900751185553
16759,0.10644987273241138,11__mutated,PertCortex_11_CCTCAGTAGAAGGACA,3.9359444899465323
16760,0.12638711653698817,11__mutated,PertCortex_11_CCTCAGTTCACTTCAT,4.542707238239861
16761,0.16185674194547245,11__mutated,PertCortex_11_CCTCAGTTCTCATTCA,4.9963542208188505
16762,0.26294187317769413,11__mutated,PertCortex_11_CCTCTGAAGATGCCAG,2.451765128774977
16763,0.16680196343060166,11__mutated,PertCortex_11_CCTTACGTCGAATCCA,3.6365867600972077
16764,0.23898488842375604,11__mutated,PertCortex_11_CCTTCCCAGACGCAAC,3.024599835059569
16765,0.11942676364828565,11__mutated,PertCortex_11_CCTTCCCAGCGTTGCC,3.9339210802125613
16766,0.033137875899054266,11__mutated,PertCortex_11_CCTTCCCCAGTCAGCC,3.756353949119796
16767,0.08269530220589356,11__mutated,PertCortex_11_CCTTCCCGTCTAGTCA,4.566505367304266
16768,0.22551452350296794,11__mutated,PertCortex_11_CCTTCGAAGGAGTAGA,3.645952219227266
16769,0.10112849745237014,11__mutated,PertCortex_11_CCTTCGACACCGTTGG,2.898953694621983
16770,0.08184867047145965,11__mutated,PertCortex_11_CCTTCGACAGGAACGT,3.902756469192817
16771,0.16787826985369675,11__mutated,PertCortex_11_CCTTCGATCCCGGATG,2.7650760448582985
16772,0.4129491299221771,11__mutated,PertCortex_11_CCTTCGATCGGAGGTA,2.292623813102634
16773,0.09685040353661528,11__mutated,PertCortex_11_CCTTTCTGTAAACACA,3.7750082830397513
16774,0.09635524239166049,11__mutated,PertCortex_11_CCTTTCTGTCCGAAGA,4.051891415716611
16775,0.1556361273592942,11__mutated,PertCortex_11_CCTTTCTTCATGGTCA,2.9192917184356646
16776,0.48301560428320567,11__mutated,PertCortex_11_CGAACATAGCTAGGCA,2.1876022064213374
16777,0.13845537233370972,11__mutated,PertCortex_11_CGAACATGTATATGAG,4.196107527560474
16778,0.15415331246109185,11__mutated,PertCortex_11_CGACCTTAGTCCCACG,3.9386096731329303
16779,0.16379114641396575,11__mutated,PertCortex_11_CGACCTTTCACGATGT,2.6689063978060603
16780,0.13692988893189806,11__mutated,PertCortex_11_CGAGAAGCACGTAAGG,2.888031112186022
16781,0.18049740425805083,11__mutated,PertCortex_11_CGAGAAGTCTACGAGT,3.6347340443804304
16782,0.44217763721286735,11__mutated,PertCortex_11_CGAGAAGTCTTGTATC,3.0551912908306567
16783,0.07618469493294203,11__mutated,PertCortex_11_CGAGCACAGAAGGCCT,3.4453637367000236
16784,0.2177036668451938,11__mutated,PertCortex_11_CGAGCACGTCCAAGTT,2.123258039491475
16785,0.4545513914663147,11__mutated,PertCortex_11_CGAGCACGTTTGCATG,3.037031413846259
16786,0.6035292613942442,11__mutated,PertCortex_11_CGAGCCATCTAACTGG,2.1632458354314235
16787,0.6709522963459431,11__mutated,PertCortex_11_CGATCGGTCATGCAAC,1.7166073847535717
16788,0.1660381956175777,11__mutated,PertCortex_11_CGATGGCCAGCAGTTT,3.052416859186796
16789,0.12803110730290582,11__mutated,PertCortex_11_CGATGGCCAGCCTTTC,3.6172667895179242
16790,0.16842540684185395,11__mutated,PertCortex_11_CGATTGACAATAAGCA,2.7300398095482987
16791,0.16113736642563617,11__mutated,PertCortex_11_CGATTGACATTAACCG,3.4948739342653097
16792,0.12115867693388309,11__mutated,PertCortex_11_CGATTGAGTAACGTTC,3.5877912791491653
16793,0.08669091020252653,11__mutated,PertCortex_11_CGATTGATCGACGGAA,4.18980976654226
16794,0.18510828515008068,11__mutated,PertCortex_11_CGATTGATCGCTTAGA,4.536948138065445
16795,0.19305167444080487,11__mutated,PertCortex_11_CGCCAAGCAATGAATG,3.272639151725805
16796,0.47069957741575025,11__mutated,PertCortex_11_CGCCAAGGTTCGCGAC,2.5016840641658646
16797,0.266963879038433,11__mutated,PertCortex_11_CGCCAAGTCACAAACC,3.148004040368173
16798,0.13682810334363288,11__mutated,PertCortex_11_CGCGGTAAGGATATAC,4.866622106578637
16799,0.15876433471993362,11__mutated,PertCortex_11_CGCGGTACAGACGCTC,4.679372694089086
16800,0.23452608285221166,11__mutated,PertCortex_11_CGCGTTTAGGGATCTG,3.5175836462294474
16801,0.052722502508684196,11__mutated,PertCortex_11_CGCTATCCACATGGGA,4.6933728545376034
16802,0.17982501429347902,11__mutated,PertCortex_11_CGCTGGAAGTCTCCTC,3.1469594196599036
16803,0.21093615378340572,11__mutated,PertCortex_11_CGCTGGAGTACCGGCT,2.1901207565026217
16804,0.24377307226849879,11__mutated,PertCortex_11_CGCTTCACAAGCCGTC,3.187063224668886
16805,0.16380592645533995,11__mutated,PertCortex_11_CGGACACGTCAGGACA,3.271671508411926
16806,0.17457767379688485,11__mutated,PertCortex_11_CGGACACTCTGCGTAA,3.6377715076729706
16807,0.09816256840078746,11__mutated,PertCortex_11_CGGACGTCAAGTTCTG,4.704371776681452
16808,0.3358503715219627,11__mutated,PertCortex_11_CGGACGTCAGTGACAG,2.8810641542424205
16809,0.03006670766966039,11__mutated,PertCortex_11_CGGACTGCAACACCTA,4.7954316387105935
16810,0.06271925062778981,11__mutated,PertCortex_11_CGGAGCTAGATAGTCA,3.667940545123522
16811,0.13541610445423713,11__mutated,PertCortex_11_CGGAGCTCATAGAAAC,2.502864632918329
16812,0.40311507046756984,11__mutated,PertCortex_11_CGGAGTCTCACTGGGC,2.814577041103211
16813,0.6765133500254621,11__mutated,PertCortex_11_CGGCTAGCACAGGCCT,1.774389791153481
16814,0.20549641175597186,11__mutated,PertCortex_11_CGGCTAGTCACAGGCC,2.827245047308091
16815,0.09528412317198277,11__mutated,PertCortex_11_CGGTTAACAATGTTGC,3.5124434262638644
16816,0.11674510600467011,11__mutated,PertCortex_11_CGTAGCGAGACGCTTT,3.6490526905865948
16817,0.11921069573368315,11__mutated,PertCortex_11_CGTAGCGAGATGAGAG,5.185737131391462
16818,0.5167744123853043,11__mutated,PertCortex_11_CGTAGCGCAACGATCT,1.9774833055590706
16819,0.1618686363395181,11__mutated,PertCortex_11_CGTAGCGTCACTTATC,3.498370802895599
16820,0.19121451161505268,11__mutated,PertCortex_11_CGTAGGCAGACACTAA,2.7162229840337013
16821,0.0211809802338515,11__mutated,PertCortex_11_CGTAGGCAGGCCCTTG,3.8049744935300485
16822,0.17385865313353274,11__mutated,PertCortex_11_CGTAGGCTCCACGACG,3.1482241970349842
16823,0.2469721872705645,11__mutated,PertCortex_11_CGTCACTGTAGGGTAC,2.9280011743202077
16824,0.11862955804961237,11__mutated,PertCortex_11_CGTCAGGTCTTTACAC,4.413735570364668
16825,0.16905946697146226,11__mutated,PertCortex_11_CGTCCATGTGCATCTA,2.9473327271399286
16826,0.280399900732368,11__mutated,PertCortex_11_CGTCTACTCCGTTGTC,2.3462406825369433
16827,0.13412992670444435,11__mutated,PertCortex_11_CGTGAGCAGGCTAGCA,2.8734365747353974
16828,0.14640091549997142,11__mutated,PertCortex_11_CGTGAGCGTCCTAGCG,2.7260917204781663
16829,0.5269543965433706,11__mutated,PertCortex_11_CGTGAGCGTTTAGCTG,2.1896299529113956
16830,0.15691619066386306,11__mutated,PertCortex_11_CGTGTCTAGTACGACG,3.0562498290578834
16831,0.20182616766904923,11__mutated,PertCortex_11_CGTGTCTCAACTGGCC,3.1949163135485246
16832,0.19089476832217608,11__mutated,PertCortex_11_CGTGTCTCAAGCGCTC,3.068163009089396
16833,0.5171020763893913,11__mutated,PertCortex_11_CGTGTCTCAATCGGTT,1.8172149037625918
16834,0.06228269682511121,11__mutated,PertCortex_11_CGTGTCTCAGATCGGA,4.793478711855101
16835,0.15039166251033473,11__mutated,PertCortex_11_CGTGTCTTCGAATGGG,2.1418901631803964
16836,0.06516903871104081,11__mutated,PertCortex_11_CGTTAGATCAGCACAT,2.9017075201925615
16837,0.41213395471091624,11__mutated,PertCortex_11_CGTTAGATCCTTTCGG,1.8346725628225844
16838,0.13139220779675775,11__mutated,PertCortex_11_CGTTCTGAGCTGAAAT,3.9874281488671715
16839,0.5020357338771396,11__mutated,PertCortex_11_CGTTCTGCACACCGAC,1.892499316231941
16840,0.5237202294514763,11__mutated,PertCortex_11_CGTTGGGAGCCATCGC,2.3153080917049285
16841,0.10043067775395217,11__mutated,PertCortex_11_CGTTGGGTCAGATAAG,4.203203128618044
16842,0.17202328880426054,11__mutated,PertCortex_11_CTAACTTCAGTTCATG,2.8104528792725745
16843,0.06727060468427577,11__mutated,PertCortex_11_CTAATGGAGAATCTCC,3.522783041341495
16844,0.1874597090503794,11__mutated,PertCortex_11_CTAATGGCACATCCGG,3.0780063764780405
16845,0.16605315283039834,11__mutated,PertCortex_11_CTACACCCACGTCAGC,2.9360830811316903
16846,0.06729580448250148,11__mutated,PertCortex_11_CTACACCTCACGGTTA,4.983898114461703
16847,0.23512969752441878,11__mutated,PertCortex_11_CTACATTAGGTAAACT,3.5386143033629693
16848,0.12707193767018304,11__mutated,PertCortex_11_CTACATTTCAGGCGAA,4.329521049138478
16849,0.2520461540447559,11__mutated,PertCortex_11_CTACCCATCTCACATT,3.652094611174269
16850,0.1828494991884191,11__mutated,PertCortex_11_CTACGTCAGCAGGCTA,4.157591633388764
16851,0.1484712116360954,11__mutated,PertCortex_11_CTACGTCTCGGCGCTA,4.942966566205079
16852,0.15230942482701693,11__mutated,PertCortex_11_CTAGAGTCAGGTCCAC,4.25984352075339
16853,0.1834650740090855,11__mutated,PertCortex_11_CTAGTGACACTTACGA,3.303703373736232
16854,0.18487011384961086,11__mutated,PertCortex_11_CTAGTGAGTGGCCCTA,3.581144980022991
16855,0.1803406093168465,11__mutated,PertCortex_11_CTCAGAAAGGGTGTGT,3.6386592120778634
16856,0.5264098391197143,11__mutated,PertCortex_11_CTCAGAAAGGTGATTA,2.4231109202233974
16857,0.36944867227682165,11__mutated,PertCortex_11_CTCAGAACAATGGTCT,2.0762567567476964
16858,0.5905861628008384,11__mutated,PertCortex_11_CTCAGAATCCGCGGTA,2.0645783720318205
16859,0.09963215873032003,11__mutated,PertCortex_11_CTCATTAAGAAGGGTA,4.469818204193463
16860,0.12359628042553984,11__mutated,PertCortex_11_CTCATTATCAACGCTA,5.700744132362402
16861,0.5511958091789104,11__mutated,PertCortex_11_CTCGAAACAGGGTTAG,1.4366146735070604
16862,0.12866494450988486,11__mutated,PertCortex_11_CTCGAGGAGTTCCACA,2.997038513379406
16863,0.1738728131502005,11__mutated,PertCortex_11_CTCGAGGGTAGAGCTG,3.5217921864837867
16864,0.09232718153762158,11__mutated,PertCortex_11_CTCGGGACACGAGGTA,2.8701276830358937
16865,0.14480739751275437,11__mutated,PertCortex_11_CTCGGGAGTCGAACAG,4.65307796022452
16866,0.1061239851532425,11__mutated,PertCortex_11_CTCGGGAGTCGATTGT,4.920912324960087
16867,0.2582166164171316,11__mutated,PertCortex_11_CTCGGGAGTGTTGAGG,2.888054222412834
16868,0.24313203443634476,11__mutated,PertCortex_11_CTCGGGATCAGCACAT,2.9055073428513785
16869,0.3324031985461905,11__mutated,PertCortex_11_CTCGTCAAGAGTGAGA,2.251741191919331
16870,0.20412056215700722,11__mutated,PertCortex_11_CTCGTCAGTCACTGGC,3.400564678772399
16871,0.07839413579409664,11__mutated,PertCortex_11_CTCGTCAGTTGACGTT,5.045783795756605
16872,0.09634036235860646,11__mutated,PertCortex_11_CTCGTCATCACAAACC,2.887530527171449
16873,0.18162485246356966,11__mutated,PertCortex_11_CTCGTCATCAGAGACG,3.40715487001935
16874,0.13953571363480705,11__mutated,PertCortex_11_CTCTAATAGGCGACAT,4.007408914795266
16875,0.0022364646437603194,11__mutated,PertCortex_11_CTCTACGGTAGGAGTC,4.4162359286458
16876,0.0659474554327429,11__mutated,PertCortex_11_CTCTACGGTCACAAGG,4.4062010493920685
16877,0.10051353644098303,11__mutated,PertCortex_11_CTCTGGTAGAAACCAT,4.385078590452396
16878,0.11964664982829704,11__mutated,PertCortex_11_CTCTGGTAGAAGAAGC,3.4672198743201808
16879,0.11687785205502098,11__mutated,PertCortex_11_CTCTGGTCATGAACCT,4.770664978441438
16880,0.23610295404461723,11__mutated,PertCortex_11_CTCTGGTGTTGTCGCG,3.3476766396506137
16881,0.2530111728508046,11__mutated,PertCortex_11_CTGAAACCAGTCCTTC,3.064311172496002
16882,0.1770617516691754,11__mutated,PertCortex_11_CTGAAACTCGGCTTGG,3.963692501895785
16883,0.18631315416849856,11__mutated,PertCortex_11_CTGATAGCACACCGCA,4.038466258234122
16884,0.22845920225478225,11__mutated,PertCortex_11_CTGATCCAGCAGACTG,4.965953694404811
16885,0.10909337272131159,11__mutated,PertCortex_11_CTGCCTACACAGCCCA,3.0541692527708326
16886,0.24694963785815652,11__mutated,PertCortex_11_CTGCGGACAGCGTTCG,2.830070961683927
16887,0.11254347465296365,11__mutated,PertCortex_11_CTGCGGAGTATAAACG,4.002828472029794
16888,0.16019171653978279,11__mutated,PertCortex_11_CTGCGGATCAACCAAC,4.747964145103646
16889,0.5209172907636991,11__mutated,PertCortex_11_CTGCTGTAGCGATAGC,1.9977949015081915
16890,0.1350853340681439,11__mutated,PertCortex_11_CTGCTGTCACATTAGC,3.978957590103696
16891,0.11283834586414358,11__mutated,PertCortex_11_CTGCTGTTCAACTCTT,4.291536159502207
16892,0.1269036586216961,11__mutated,PertCortex_11_CTGCTGTTCCCTCAGT,4.66161559252185
16893,0.09643997893162826,11__mutated,PertCortex_11_CTGGTCTCACCCATGG,3.8474720528701236
16894,0.5352098429222418,11__mutated,PertCortex_11_CTGGTCTGTGTCCTCT,1.7436766176742646
16895,0.19204721121671903,11__mutated,PertCortex_11_CTGTGCTCAATCCAAC,3.2881789633088654
16896,0.16031429295384847,11__mutated,PertCortex_11_CTGTTTAGTCGGGTCT,4.381024760539858
16897,0.14655249210466836,11__mutated,PertCortex_11_CTGTTTAGTGCTAGCC,4.022086908213495
16898,0.4439368462303883,11__mutated,PertCortex_11_CTTAACTGTCGGATCC,2.043000524470929
16899,0.04273465230946078,11__mutated,PertCortex_11_CTTACCGCAAGCTGAG,4.254861886200622
16900,0.04420701017893712,11__mutated,PertCortex_11_CTTAGGAAGGCTAGAC,3.436651200696284
16901,0.41928906045630415,11__mutated,PertCortex_11_CTTAGGAAGTTACGGG,2.4040516146794286
16902,0.1341390366919067,11__mutated,PertCortex_11_CTTAGGAGTACCCAAT,4.724848418597235
16903,0.12481198925210141,11__mutated,PertCortex_11_CTTAGGAGTTCAGCGC,2.452970316286431
16904,0.5132621616811476,11__mutated,PertCortex_11_CTTCTCTAGTCGAGTG,1.7543907857855665
16905,0.09325578115377388,11__mutated,PertCortex_11_CTTCTCTGTCATCGGC,4.405205549796769
16906,0.1052186926664858,11__mutated,PertCortex_11_CTTCTCTTCCGCGGTA,4.446291372936407
16907,0.12033579150127052,11__mutated,PertCortex_11_CTTCTCTTCGCGATCG,3.9449986209368046
16908,0.35499026590132854,11__mutated,PertCortex_11_CTTGGCTAGAGGTACC,1.5960190960042846
16909,0.5781199749071305,11__mutated,PertCortex_11_CTTGGCTTCTCTTATG,2.3983032704410885
16910,0.26875706457935,11__mutated,PertCortex_11_CTTTGCGGTCTAACGT,2.5532962901941914
16911,0.20221653289894478,11__mutated,PertCortex_11_GAAACTCAGGCATTGG,3.220103961823851
16912,0.17748998318461046,11__mutated,PertCortex_11_GAAACTCGTGTTGGGA,3.8319736687707535
16913,0.5176692701695719,11__mutated,PertCortex_11_GAAATGAAGCCTTGAT,1.6501431084448732
16914,0.041100048955811354,11__mutated,PertCortex_11_GAAATGATCGGCTACG,2.419939238556899
16915,0.1966519274663279,11__mutated,PertCortex_11_GAACATCGTTGTCGCG,3.63968955888962
16916,0.13304438886684197,11__mutated,PertCortex_11_GAACATCTCGTCCGTT,3.918754545848925
16917,0.082037361271197,11__mutated,PertCortex_11_GAACCTAGTCTGCAAT,4.309881272987482
16918,0.3338684762942764,11__mutated,PertCortex_11_GAACCTATCTATGTGG,3.0063436287442764
16919,0.5443428306684633,11__mutated,PertCortex_11_GAACGGAAGTACATGA,2.282154232973857
16920,0.02364251825075482,11__mutated,PertCortex_11_GAAGCAGCATTTCAGG,4.601227670058939
16921,0.054099132689834864,11__mutated,PertCortex_11_GAAGCAGGTCTGATCA,3.9521071635458185
16922,0.11763163457527917,11__mutated,PertCortex_11_GAATAAGGTACCGCTG,5.457382372037206
16923,0.09172060981209255,11__mutated,PertCortex_11_GACCAATAGGGTGTTG,3.6714430560130658
16924,0.5200960115165887,11__mutated,PertCortex_11_GACCAATTCCTCTAGC,2.421944337470266
16925,0.4126914664187876,11__mutated,PertCortex_11_GACCTGGTCTCTTATG,2.891210789317933
16926,0.049280546660395594,11__mutated,PertCortex_11_GACGCGTCACACCGCA,2.890924044311697
16927,0.2367295317557143,11__mutated,PertCortex_11_GACGCGTGTAAGAGGA,2.624583892737388
16928,0.4636057368416004,11__mutated,PertCortex_11_GACGCGTGTCCCTTGT,1.9603270234113548
16929,0.05638684220034247,11__mutated,PertCortex_11_GACGCGTGTTAAGGGC,4.194291328833491
16930,0.10642021559640771,11__mutated,PertCortex_11_GACGTGCAGTTTAGGA,3.186055289062253
16931,0.10411924591973205,11__mutated,PertCortex_11_GACGTGCTCAGCATGT,3.2445090061580713
16932,0.1383530644355942,11__mutated,PertCortex_11_GACGTTAAGGTAGCTG,3.053598355481943
16933,0.5355332050057938,11__mutated,PertCortex_11_GACTAACAGCGCTTAT,1.9196112975684996
16934,0.10878093660966616,11__mutated,PertCortex_11_GACTAACAGGAATTAC,5.026072471621315
16935,0.18214602325717158,11__mutated,PertCortex_11_GACTACACATTACCTT,3.673919303512368
16936,0.15567992393954802,11__mutated,PertCortex_11_GACTGCGCAAGGTGTG,3.694924415115521
16937,0.0577855458272329,11__mutated,PertCortex_11_GACTGCGGTTCGCGAC,4.849596222633445
16938,0.20283732267111843,11__mutated,PertCortex_11_GAGCAGAAGGTGCTTT,3.422708259330893
16939,0.08375382427052899,11__mutated,PertCortex_11_GAGCAGACAATTCCTT,4.7084568963909845
16940,0.02851451849994883,11__mutated,PertCortex_11_GAGCAGAGTTAAAGTG,3.432914676276686
16941,0.540076886316448,11__mutated,PertCortex_11_GAGGTGAAGGGCACTA,1.4720789795810583
16942,0.1099547985239592,11__mutated,PertCortex_11_GAGGTGAAGTACCGGA,4.328822602778999
16943,0.5527065954718043,11__mutated,PertCortex_11_GAGTCCGAGACTAGAT,2.01952724427425
16944,0.08506036148583719,11__mutated,PertCortex_11_GAGTCCGAGCGACGTA,3.8968937267608945
16945,0.14660169992706923,11__mutated,PertCortex_11_GAGTCCGTCTCCAACC,4.209250520358392
16946,0.10729837630771322,11__mutated,PertCortex_11_GATCAGTCAACAACCT,3.0582542846986116
16947,0.20246571678040867,11__mutated,PertCortex_11_GATCAGTCACAAGCCC,2.92970070525999
16948,0.16262216822207926,11__mutated,PertCortex_11_GATCGATAGTGGCACA,3.7784615172866847
16949,0.34324041506410247,11__mutated,PertCortex_11_GATCGCGAGGTGACCA,2.304664195397459
16950,0.17724267544202202,11__mutated,PertCortex_11_GATCGCGGTCTGCGGT,3.018464808173574
16951,0.23832063520994112,11__mutated,PertCortex_11_GATCGTACAAGACGTG,2.6102915629477375
16952,0.19853002487416818,11__mutated,PertCortex_11_GATCGTATCAGTCCCT,3.6174565117041366
16953,0.06908292959277054,11__mutated,PertCortex_11_GATCTAGCACAGATTC,4.124596488065246
16954,0.17452383920813258,11__mutated,PertCortex_11_GATCTAGGTAAGGATT,3.5789957028543067
16955,0.6092140809851055,11__mutated,PertCortex_11_GATCTAGGTATATGGA,2.0306764185275004
16956,0.12967623073861317,11__mutated,PertCortex_11_GATCTAGGTCTCCATC,3.495206590864506
16957,0.36202628283199745,11__mutated,PertCortex_11_GATCTAGTCTTGAGAC,3.283311606280315
16958,0.11151923902139892,11__mutated,PertCortex_11_GATGAAATCGGCATCG,3.911512116779462
16959,0.10232988030131958,11__mutated,PertCortex_11_GATGAGGGTCTTCTCG,4.61304499072796
16960,0.1979088324352294,11__mutated,PertCortex_11_GATGAGGTCGCCTGAG,3.075918378037451
16961,0.5950052548642846,11__mutated,PertCortex_11_GATGCTAAGAGTCTGG,2.1858124803334786
16962,0.17803792624015496,11__mutated,PertCortex_11_GATGCTATCTATCGCC,4.3355564697691245
16963,0.18081977241784922,11__mutated,PertCortex_11_GATTCAGAGAGAGCTC,3.8958689707846053
16964,0.41779721775944734,11__mutated,PertCortex_11_GATTCAGAGAGGACGG,2.056138147855263
16965,0.05537605711446037,11__mutated,PertCortex_11_GATTCAGAGCTAGGCA,4.581673586629094
16966,0.24402367772832542,11__mutated,PertCortex_11_GCAATCATCCTTAATC,4.624846453728971
16967,0.019462112169175056,11__mutated,PertCortex_11_GCACTCTAGCGTGTCC,4.496188395394624
16968,0.13696482675880897,11__mutated,PertCortex_11_GCACTCTAGCTAGTTC,4.5843077285014795
16969,0.21411179039989808,11__mutated,PertCortex_11_GCACTCTTCCGATATG,3.630534286925851
16970,0.24897175763016952,11__mutated,PertCortex_11_GCAGCCAAGGTCGGAT,3.5346868589911717
16971,0.086005689793855,11__mutated,PertCortex_11_GCAGCCAAGTATCTCG,4.665708882943727
16972,0.2366001448588755,11__mutated,PertCortex_11_GCAGCCACATCCTAGA,3.2913430947258466
16973,0.09006605123174855,11__mutated,PertCortex_11_GCAGCCATCCCAAGAT,4.031032747663771
16974,0.3294234907778,11__mutated,PertCortex_11_GCAGCCATCGCCTGTT,3.266066230882149
16975,0.17270504554119123,11__mutated,PertCortex_11_GCAGTTAAGTGAAGAG,3.1709355908345076
16976,0.07481952297402757,11__mutated,PertCortex_11_GCATACACAATGAATG,5.086257937862462
16977,0.11762543080896708,11__mutated,PertCortex_11_GCATACATCTCTTATG,3.538093876092674
16978,0.26614165843971893,11__mutated,PertCortex_11_GCATGTATCGTGGGAA,2.1337767760078057
16979,0.22577772989250067,11__mutated,PertCortex_11_GCCAAATCAGCGTTCG,3.608625722598413
16980,0.07462616113286673,11__mutated,PertCortex_11_GCCAAATTCCTAGAAC,4.0144454400743435
16981,0.23666817870586157,11__mutated,PertCortex_11_GCCTCTAGTGTCCTCT,4.065971550901722
16982,0.14657953773062132,11__mutated,PertCortex_11_GCCTCTAGTTACGCGC,3.5727920792053665
16983,0.18911476804320393,11__mutated,PertCortex_11_GCCTCTATCCACGAAT,3.4978789209459804
16984,0.4621743639403099,11__mutated,PertCortex_11_GCGACCAGTCATCCCT,2.0576598365769634
16985,0.18392703993827167,11__mutated,PertCortex_11_GCGAGAATCCTTGCCA,2.8602223329308964
16986,0.5091837332421252,11__mutated,PertCortex_11_GCGCAACAGAATTCCC,1.8322238730990494
16987,0.01565805233424942,11__mutated,PertCortex_11_GCGCAACAGAGGTTAT,3.8635599210976217
16988,0.09918044822869608,11__mutated,PertCortex_11_GCGCAACGTACACCGC,3.501521582475737
16989,0.2558915486783435,11__mutated,PertCortex_11_GCGCCAACACACCGCA,2.7180833738238843
16990,0.0396947000613969,11__mutated,PertCortex_11_GCGCCAAGTCGAGATG,4.568326091706489
16991,0.4545299058788908,11__mutated,PertCortex_11_GCGCGATAGGGCTTGA,2.0488128359686058
16992,0.32575567190253873,11__mutated,PertCortex_11_GCGCGATCAAAGCGGT,1.7688272479455363
16993,0.09287587819136278,11__mutated,PertCortex_11_GCGCGATCATCTGGTA,3.261323524706716
16994,0.17107664448768986,11__mutated,PertCortex_11_GCGCGATGTGTTGGGA,4.001128575838924
16995,0.5237249031113317,11__mutated,PertCortex_11_GCGCGATTCAACACCA,2.236317999337346
16996,0.4877677373047972,11__mutated,PertCortex_11_GCGGGTTAGTATTGGA,2.216997634728879
16997,0.5693167503148047,11__mutated,PertCortex_11_GCTCCTAAGATGGGTC,2.1771393212316235
16998,0.10756783823161863,11__mutated,PertCortex_11_GCTCCTAAGGTAGCCA,4.08916440698831
16999,0.6017188156169294,11__mutated,PertCortex_11_GCTGCAGCACCACCAG,1.5790795129361113
17000,0.20665327561238048,11__mutated,PertCortex_11_GCTGCAGCAGTCTTCC,3.1114530212120615
17001,0.21521237309491492,11__mutated,PertCortex_11_GCTGGGTCAGTAGAGC,3.4294372756589526
17002,0.1715346086063125,11__mutated,PertCortex_11_GCTTCCAAGCGTTGCC,4.396441962810066
17003,0.04479138116601916,11__mutated,PertCortex_11_GCTTGAACATACTACG,4.247033600628955
17004,0.11707062131141875,11__mutated,PertCortex_11_GCTTGAATCCGTTGTC,3.8422672056955207
17005,0.20399189591448524,11__mutated,PertCortex_11_GGAAAGCGTTGTTTGG,3.747231492076693
17006,0.28578393092788246,11__mutated,PertCortex_11_GGAATAAAGACCTTTG,2.5659214551872784
17007,0.21958013922525652,11__mutated,PertCortex_11_GGAATAAAGGCCCTCA,3.0547543358508573
17008,0.17067367816838222,11__mutated,PertCortex_11_GGAATAACAGCATACT,2.5818633922038545
17009,0.09845802370775175,11__mutated,PertCortex_11_GGACAAGAGTCACGCC,4.405309114963555
17010,0.103117125218962,11__mutated,PertCortex_11_GGACAGAGTTTGGCGC,4.414034771546349
17011,0.08106476867580502,11__mutated,PertCortex_11_GGACATTAGGATATAC,5.195084501910248
17012,0.08997043096462953,11__mutated,PertCortex_11_GGACATTCAAGCGAGT,4.0628775489421605
17013,0.2943790719181609,11__mutated,PertCortex_11_GGACATTCACTTAAGC,3.1950678627938625
17014,0.12664829832198116,11__mutated,PertCortex_11_GGACATTCAGGGCATA,3.8811605881248257
17015,0.4696411701974609,11__mutated,PertCortex_11_GGACGTCAGCACCGCT,2.09691344464966
17016,0.1034903174692561,11__mutated,PertCortex_11_GGACGTCTCTCGTTTA,3.804507414765164
17017,0.07594218724272372,11__mutated,PertCortex_11_GGAGCAACAATGGAAT,3.785986693934863
17018,0.12479229703821844,11__mutated,PertCortex_11_GGATGTTAGCGATCCC,3.8144337505983694
17019,0.3088627120415057,11__mutated,PertCortex_11_GGATGTTCAAAGTCAA,1.2812525789526004
17020,0.10683394170550244,11__mutated,PertCortex_11_GGATGTTCAATCAGAA,3.9310047700736117
17021,0.16330563552476363,11__mutated,PertCortex_11_GGATGTTTCCTTTCTC,1.9317917334654142
17022,0.5936614186306278,11__mutated,PertCortex_11_GGATTACAGCTACCGC,1.5702970681849102
17023,0.13226122448925876,11__mutated,PertCortex_11_GGATTACCAAGTTCTG,4.140298388781799
17024,0.15512313565228728,11__mutated,PertCortex_11_GGATTACCAATCTACG,3.9613713404750124
17025,0.4045872518069562,11__mutated,PertCortex_11_GGATTACCAGGGTACA,2.1047610628180617
17026,0.6157571119924761,11__mutated,PertCortex_11_GGATTACTCTTTAGGG,1.5662429935139348
17027,0.47162579635957386,11__mutated,PertCortex_11_GGCAATTAGAAAGTGG,2.0193925694344146
17028,0.3667626582902315,11__mutated,PertCortex_11_GGCAATTAGACTTGAA,2.4580316191501317
17029,0.12282054374289528,11__mutated,PertCortex_11_GGCAATTAGGCTATCT,3.5933993859381737
17030,0.3485154623442739,11__mutated,PertCortex_11_GGCAATTTCACCTTAT,2.0960875412885933
17031,0.23693091968994018,11__mutated,PertCortex_11_GGCAATTTCATATCGG,2.5247613641038256
17032,0.11271742216841826,11__mutated,PertCortex_11_GGCCGATAGTAATCCC,2.4399084029121605
17033,0.1885809080604321,11__mutated,PertCortex_11_GGCCGATCAAGGTGTG,2.8439867617871957
17034,0.08124921659711434,11__mutated,PertCortex_11_GGCCGATTCACCCTCA,3.6960692015001477
17035,0.5159093134263099,11__mutated,PertCortex_11_GGCCGATTCTGGCGTG,1.925602446676933
17036,0.24559135354243414,11__mutated,PertCortex_11_GGCGACTCACAGGAGT,1.7851070250861818
17037,0.13172778938624455,11__mutated,PertCortex_11_GGCGACTCAGACGTAG,2.868540285257116
17038,0.0590321259558868,11__mutated,PertCortex_11_GGCGACTTCTCGCTTG,3.1999605558637914
17039,0.41157852314355436,11__mutated,PertCortex_11_GGCGTGTAGCCCAGCT,1.9434191818031068
17040,0.5127023994791886,11__mutated,PertCortex_11_GGCTCGAAGCGTCAAG,1.8240424076863566
17041,0.2291818922380355,11__mutated,PertCortex_11_GGCTCGACACGGCCAT,3.1844408082609066
17042,0.2522599076619112,11__mutated,PertCortex_11_GGCTCGACAGCTATTG,2.9031275299990167
17043,0.24904338541277116,11__mutated,PertCortex_11_GGGAATGCAGCTCGCA,1.7568654643514041
17044,0.29772500339084507,11__mutated,PertCortex_11_GGGACCTGTATTCTCT,2.5474027432314768
17045,0.05380373540196882,11__mutated,PertCortex_11_GGGACCTGTCAATACC,3.889436837515964
17046,0.2836480967587086,11__mutated,PertCortex_11_GGGAGATCAAGCCGTC,1.8137602350127222
17047,0.5079472603361889,11__mutated,PertCortex_11_GGGAGATTCCGTCATC,1.8888432191553237
17048,0.10214318378018124,11__mutated,PertCortex_11_GGGATGAAGCCCAACC,4.906397616911228
17049,0.4435719421560707,11__mutated,PertCortex_11_GGGATGAAGTGATCGG,2.191464722615411
17050,0.13885051162842518,11__mutated,PertCortex_11_GGGATGACATTTGCCC,3.853854914880661
17051,0.21831438195637068,11__mutated,PertCortex_11_GGGCACTAGCTGCAAG,3.40540753418426
17052,0.14417598157503012,11__mutated,PertCortex_11_GGGCACTCACGCATCG,4.204874698728505
17053,0.11906545081906345,11__mutated,PertCortex_11_GGGCATCGTACACCGC,3.581068157738657
17054,0.1733746368361346,11__mutated,PertCortex_11_GGGCATCGTGTTGGGA,3.098852087497779
17055,0.07590182410437411,11__mutated,PertCortex_11_GGGTCTGCAGCTGTTA,3.8205567627585966
17056,0.1862122443171777,11__mutated,PertCortex_11_GGGTCTGCATACTACG,2.464728798407905
17057,0.061406060940680594,11__mutated,PertCortex_11_GGGTTGCGTGAGGGTT,3.7929015509271977
17058,0.46031270196557733,11__mutated,PertCortex_11_GGTATTGGTTGTCTTT,2.4233678869900994
17059,0.3705710567859422,11__mutated,PertCortex_11_GGTGAAGGTCCGTTAA,2.2854002998757132
17060,0.19734931091423016,11__mutated,PertCortex_11_GGTGCGTCACGGTAAG,2.631291334030939
17061,0.28159747229348986,11__mutated,PertCortex_11_GGTGTTATCAGCACAT,2.1231115871546224
17062,0.5768292016168501,11__mutated,PertCortex_11_GGTGTTATCGAATGCT,1.7100473060877734
17063,0.16615294359962773,11__mutated,PertCortex_11_GTAACGTCAGGATCGA,2.859430705715394
17064,0.11929500455283695,11__mutated,PertCortex_11_GTAACGTCATGTCTCC,4.233701430645266
17065,0.132377321464877,11__mutated,PertCortex_11_GTAACGTGTCGCGAAA,3.780141151941595
17066,0.13139821003430174,11__mutated,PertCortex_11_GTAACTGTCCCTTGTG,3.831917964449489
17067,0.1413546696396693,11__mutated,PertCortex_11_GTACTCCAGATAGCAT,3.617257563026963
17068,0.12145142844842208,11__mutated,PertCortex_11_GTACTCCCACCCTATC,4.306829831895426
17069,0.3357953721105841,11__mutated,PertCortex_11_GTACTCCGTTGCGTTA,2.1768046932138025
17070,0.23871666936849864,11__mutated,PertCortex_11_GTACTTTAGATACACA,4.078711415688216
17071,0.40267092039105973,11__mutated,PertCortex_11_GTACTTTAGTTAGGTA,1.7217266796914188
17072,0.158944185580804,11__mutated,PertCortex_11_GTACTTTCATAGGATA,4.152370934913996
17073,0.08517688041221383,11__mutated,PertCortex_11_GTACTTTGTTTGACTG,4.448998787472856
17074,0.6390353123337654,11__mutated,PertCortex_11_GTAGGCCGTCAATACC,1.6036488394826127
17075,0.08273408469152228,11__mutated,PertCortex_11_GTAGGCCTCCTTAATC,4.32717113470444
17076,0.1612489758415672,11__mutated,PertCortex_11_GTAGGCCTCTATCGCC,3.2907987578172038
17077,0.09429512109421269,11__mutated,PertCortex_11_GTAGTCAAGGAGTCTG,3.5574181952517137
17078,0.2053337445742782,11__mutated,PertCortex_11_GTAGTCAGTGGTTTCA,4.172914829698207
17079,0.11170186672646609,11__mutated,PertCortex_11_GTATCTTAGGCTAGGT,4.033455286245716
17080,0.047459572694004686,11__mutated,PertCortex_11_GTATCTTAGGTGGGTT,2.6101757661666767
17081,0.6514107737797296,11__mutated,PertCortex_11_GTATTCTCATGTCCTC,1.9493505206133837
17082,0.2635612201828075,11__mutated,PertCortex_11_GTCAAGTGTCTACCTC,2.654506202381581
17083,0.36056092593694616,11__mutated,PertCortex_11_GTCACAAAGGCAATTA,2.3406267386029773
17084,0.30944264589803977,11__mutated,PertCortex_11_GTCACAACATTCCTGC,2.0086240037827467
17085,0.443746670689515,11__mutated,PertCortex_11_GTCACGGCACTACAGT,1.9178884609382723
17086,0.07842326225028233,11__mutated,PertCortex_11_GTCATTTCAATGTAAG,4.105830529980354
17087,0.5403447387797599,11__mutated,PertCortex_11_GTCATTTCACTGCCAG,1.809439612552606
17088,0.6096312854611108,11__mutated,PertCortex_11_GTCATTTTCCTGCAGG,1.684366933434073
17089,0.030992877695354352,11__mutated,PertCortex_11_GTCCTCACATGGAATA,3.131654343635576
17090,0.14976809849966943,11__mutated,PertCortex_11_GTCCTCATCAATCTCT,5.464460235467375
17091,0.34403591150954466,11__mutated,PertCortex_11_GTCCTCATCGCTAGCG,2.4026865373397603
17092,0.1392320070377418,11__mutated,PertCortex_11_GTCGGGTGTCGTTGTA,3.4613326695545426
17093,0.320583353249365,11__mutated,PertCortex_11_GTCGGGTTCGGTGTCG,2.7093167776135743
17094,0.12680822752973728,11__mutated,PertCortex_11_GTCGGGTTCTGTACGA,2.630342736449754
17095,0.5085249886872831,11__mutated,PertCortex_11_GTCGTAAGTCTAAACC,2.0052664870920855
17096,0.12211618920916474,11__mutated,PertCortex_11_GTCGTAATCAGCCTAA,2.6076162386277066
17097,0.3344848677330137,11__mutated,PertCortex_11_GTCTCGTGTCCGAGTC,2.454284552322063
17098,0.11040947186095963,11__mutated,PertCortex_11_GTCTCGTTCCTGCTTG,3.3053205825500136
17099,0.08881184401866325,11__mutated,PertCortex_11_GTCTTCGAGTGTCCCG,4.658970130508245
17100,0.07960808661400633,11__mutated,PertCortex_11_GTCTTCGCAAGGACAC,3.7225939169559954
17101,0.11513220948057346,11__mutated,PertCortex_11_GTCTTCGCACTTAAGC,3.612323787997342
17102,0.3144254924013488,11__mutated,PertCortex_11_GTCTTCGGTGACAAAT,1.8296965178592044
17103,0.19278522064099848,11__mutated,PertCortex_11_GTCTTCGGTGCCTGCA,3.5482936796066378
17104,0.34245382129446383,11__mutated,PertCortex_11_GTGAAGGTCCGCGCAA,2.158852621848746
17105,0.6119918444762932,11__mutated,PertCortex_11_GTGCAGCAGGCCCTTG,1.4047539035632581
17106,0.5396304372307876,11__mutated,PertCortex_11_GTGCATACAGTCCTTC,1.8284304844610024
17107,0.323353393941946,11__mutated,PertCortex_11_GTGCGGTAGCCTCGTG,2.34670184167499
17108,0.3858677942789696,11__mutated,PertCortex_11_GTGCTTCAGCCTATGT,2.3056878765201456
17109,0.26082234215518246,11__mutated,PertCortex_11_GTGCTTCTCTTGAGGT,2.288629259943141
17110,0.5374294905389695,11__mutated,PertCortex_11_GTGGGTCAGATCCCGC,1.8323545653203437
17111,0.05761357249022093,11__mutated,PertCortex_11_GTGGGTCAGGTGCTAG,4.480508549136522
17112,0.26388343985696233,11__mutated,PertCortex_11_GTGGGTCCATACTCTT,1.8736022572075863
17113,0.09337263309562892,11__mutated,PertCortex_11_GTGTTAGAGGTGCTTT,3.7845067179919982
17114,0.10153813732168866,11__mutated,PertCortex_11_GTTAAGCAGCAATCTC,3.431851384246389
17115,0.3122922185032103,11__mutated,PertCortex_11_GTTACAGTCGCCAAAT,2.4385704893999045
17116,0.3919309561914842,11__mutated,PertCortex_11_GTTCATTCAAATTGCC,2.23490227001333
17117,0.1391683933636363,11__mutated,PertCortex_11_GTTCATTTCGATCCCT,4.17220797129256
17118,0.4584492138951489,11__mutated,PertCortex_11_GTTCGGGCATTCACTT,1.8688728784659074
17119,0.30622677596958475,11__mutated,PertCortex_11_TAAGAGATCCGTTGTC,2.1838319762667244
17120,0.30139322742827385,11__mutated,PertCortex_11_TAAGAGATCCTTGGTC,3.4680445372663917
17121,0.4603115641589402,11__mutated,PertCortex_11_TAAGAGATCGCCAGCA,2.015965026445483
17122,0.5449429133900723,11__mutated,PertCortex_11_TAAGCGTTCAGATAAG,2.082808218387865
17123,0.17648445569873472,11__mutated,PertCortex_11_TAAGTGCTCATTGCCC,2.793616936626151
17124,0.4950234932142184,11__mutated,PertCortex_11_TACAGTGCAGGAATCG,2.04877126399255
17125,0.18709891508228216,11__mutated,PertCortex_11_TACAGTGGTGCACCAC,3.341817286667654
17126,0.22992718144694374,11__mutated,PertCortex_11_TACCTATGTCTGCCAG,2.4669739233366053
17127,0.15647801590532487,11__mutated,PertCortex_11_TACCTATGTCTTGATG,2.852360933575168
17128,0.23292452110363407,11__mutated,PertCortex_11_TACCTATGTGTTGAGG,3.2413287971584688
17129,0.04429999580442372,11__mutated,PertCortex_11_TACCTTAAGTAGTGCG,3.4036213393390544
17130,0.22504844109083033,11__mutated,PertCortex_11_TACGGATGTCCATGAT,2.433111891774165
17131,0.5475331101573774,11__mutated,PertCortex_11_TACGGGCAGACTAAGT,1.748788596685754
17132,0.007888560326528921,11__mutated,PertCortex_11_TACGGGCAGTTGTAGA,3.7740706356151366
17133,0.21205104154141852,11__mutated,PertCortex_11_TACGGTATCGTTTAGG,3.6074903396409566
17134,0.14128542571910777,11__mutated,PertCortex_11_TACGGTATCTTGTTTG,3.2733093195853034
17135,0.16902108289497786,11__mutated,PertCortex_11_TACTCATCATGTTGAC,3.377706050421479
17136,0.11665432851140349,11__mutated,PertCortex_11_TACTCATGTGGAAAGA,4.2553623192191585
17137,0.18276483175102298,11__mutated,PertCortex_11_TACTCGCTCTATCCTA,3.4775611404961166
17138,0.3586530892418693,11__mutated,PertCortex_11_TACTTACGTCATCGGC,3.369394599464697
17139,0.25885132015940454,11__mutated,PertCortex_11_TACTTGTCATGCAATC,2.3041547406033662
17140,0.20792224024576386,11__mutated,PertCortex_11_TAGACCAAGAGACTAT,2.8840963199022824
17141,0.3607524652882433,11__mutated,PertCortex_11_TAGACCAAGGAGTCTG,2.2754371109680704
17142,0.1339699593330642,11__mutated,PertCortex_11_TAGACCAGTATCGCAT,4.292988596584686
17143,0.11206118067575892,11__mutated,PertCortex_11_TAGACCAGTGTTGGGA,3.543025028533504
17144,0.23878277450156965,11__mutated,PertCortex_11_TAGAGCTTCCCTCAGT,2.673020187477876
17145,0.40164473809980333,11__mutated,PertCortex_11_TAGAGCTTCTTCGGTC,2.072060923271295
17146,0.1037222986321898,11__mutated,PertCortex_11_TAGCCGGAGATCCTGT,2.412255726461105
17147,0.48945011401619126,11__mutated,PertCortex_11_TAGGCATAGCCGTCGT,2.0042677015709054
17148,0.12773553046496305,11__mutated,PertCortex_11_TAGGCATCATTAGCCA,3.6572948928558766
17149,0.3727801769313524,11__mutated,PertCortex_11_TAGGCATTCGCAGGCT,2.296144755099689
17150,0.018421720286937615,11__mutated,PertCortex_11_TAGTGGTAGCGCCTCA,3.015689649023302
17151,0.21823853924624503,11__mutated,PertCortex_11_TAGTTGGAGTGTCCCG,3.693187602083411
17152,0.18141387762485348,11__mutated,PertCortex_11_TAGTTGGTCGCGTTTC,3.3247044596852424
17153,0.1701073730953616,11__mutated,PertCortex_11_TATCTCAAGTTCGATC,5.405682592815821
17154,0.20106782690385938,11__mutated,PertCortex_11_TATGCCCGTACAGACG,3.5408351729924927
17155,0.4834393939932402,11__mutated,PertCortex_11_TATGCCCTCTTTACAC,2.041376066841621
17156,0.06587169804557597,11__mutated,PertCortex_11_TCAACGAAGAGCTTCT,3.6892996638974753
17157,0.18333022311901107,11__mutated,PertCortex_11_TCAACGAAGCTAGCCC,3.295143225532497
17158,0.209653986001795,11__mutated,PertCortex_11_TCAACGACAATCGGTT,2.922257044378936
17159,0.19781096290674907,11__mutated,PertCortex_11_TCAACGATCGGTTAAC,2.0667198965961306
17160,0.45926667129295107,11__mutated,PertCortex_11_TCAACGATCGTACGGC,1.835834466523934
17161,0.487595300004937,11__mutated,PertCortex_11_TCAATCTCACCTATCC,1.7526928373403141
17162,0.2815292008349138,11__mutated,PertCortex_11_TCAATCTGTATTCTCT,2.2288513646849215
17163,0.12543111403998478,11__mutated,PertCortex_11_TCAATCTTCTTGCCGT,2.800110447000469
17164,0.07456112134285273,11__mutated,PertCortex_11_TCACAAGGTCCATGAT,4.66725234912033
17165,0.19411826647453825,11__mutated,PertCortex_11_TCACAAGTCAGTTAGC,2.175091020847597
17166,0.5246201742868245,11__mutated,PertCortex_11_TCACGAAAGTCCGGTC,1.8890515855777816
17167,0.4107452838293007,11__mutated,PertCortex_11_TCAGATGAGCACCGCT,2.182290797364659
17168,0.0336286311832916,11__mutated,PertCortex_11_TCAGCTCTCGCGTTTC,4.167715340891025
17169,0.23016981187713825,11__mutated,PertCortex_11_TCAGGATAGCACAGGT,3.4357861413482107
17170,0.12733377062357856,11__mutated,PertCortex_11_TCAGGATCACCGGAAA,3.4476615862288815
17171,0.23857935525433313,11__mutated,PertCortex_11_TCAGGATCATACAGCT,2.4264230857282065
17172,0.3883399547093627,11__mutated,PertCortex_11_TCAGGATGTGCTAGCC,2.5174910337288847
17173,0.4079137488729054,11__mutated,PertCortex_11_TCAGGATTCAACGAAA,1.820987178038425
17174,0.2721947291381934,11__mutated,PertCortex_11_TCAGGTATCAAGAAGT,3.9148381804156083
17175,0.11778711367083018,11__mutated,PertCortex_11_TCATTACTCCGTAGTA,4.443857632199331
17176,0.5658994203580157,11__mutated,PertCortex_11_TCCACACAGCAGGTCA,1.5027450298218292
17177,0.3142626194863291,11__mutated,PertCortex_11_TCGAGGCGTCTAGTCA,2.38938736853521
17178,0.09175623852365307,11__mutated,PertCortex_11_TCGAGGCGTTTGTTGG,3.2119053309647656
17179,0.13035179970352467,11__mutated,PertCortex_11_TCGAGGCTCTCCCTGA,3.65897153263152
17180,0.10647671510398556,11__mutated,PertCortex_11_TCGCGAGCAGCCAATT,3.735968144440592
17181,0.6494796603331094,11__mutated,PertCortex_11_TCGCGAGTCCTTTACA,1.3429021753313333
17182,0.11476474059136864,11__mutated,PertCortex_11_TCGCGTTAGGCGTACA,3.906723329447419
17183,0.15544640721595382,11__mutated,PertCortex_11_TCGCGTTCAACGATGG,3.914546290963339
17184,0.14546581348944504,11__mutated,PertCortex_11_TCGGGACGTAAGTGGC,4.075667860990267
17185,0.03632676592124826,11__mutated,PertCortex_11_TCGGGACTCACGCGGT,2.5403088504757676
17186,0.42382272444471636,11__mutated,PertCortex_11_TCGTAGAAGGTCATCT,2.582955257552592
17187,0.5365383257716934,11__mutated,PertCortex_11_TCTATTGAGACAGACC,1.7235611751899247
17188,0.15961037416152735,11__mutated,PertCortex_11_TCTATTGCAATAGCAA,3.482591549437802
17189,0.1651715883989057,11__mutated,PertCortex_11_TCTCATAGTCGGCACT,4.079079775836073
17190,0.27516774236638447,11__mutated,PertCortex_11_TCTGAGAAGTGCAAGC,2.240832854428025
17191,0.3727941284641489,11__mutated,PertCortex_11_TCTTCGGCATCCTAGA,2.3163920138041223
17192,0.3197038784243874,11__mutated,PertCortex_11_TCTTCGGGTGTGCCTG,2.1316168099067268
17193,0.14179506590532237,11__mutated,PertCortex_11_TCTTCGGTCGGAGGTA,4.1037479824950855
17194,0.05758480444145179,11__mutated,PertCortex_11_TCTTTCCCAATCTACG,5.876790048583429
17195,0.12625905354509132,11__mutated,PertCortex_11_TCTTTCCTCAGCTGGC,3.4708256417411363
17196,0.13864858542038727,11__mutated,PertCortex_11_TCTTTCCTCAGGATCT,4.43107106094816
17197,0.2615392312870913,11__mutated,PertCortex_11_TGAAAGAGTACCGGCT,2.1465630213778604
17198,0.1037518003045937,11__mutated,PertCortex_11_TGACAACAGCGTAATA,3.0446259622311125
17199,0.4114105781514047,11__mutated,PertCortex_11_TGACAACTCGGATGTT,1.8548215806718706
17200,0.23079089510991216,11__mutated,PertCortex_11_TGACGGCCATGTTGAC,1.8488090154073362
17201,0.08844401798447366,11__mutated,PertCortex_11_TGACGGCTCACTGGGC,3.9636985695148645
17202,0.11964136937815772,11__mutated,PertCortex_11_TGACTAGCAACAACCT,5.025773324608856
17203,0.07855241005342611,11__mutated,PertCortex_11_TGACTAGTCTAACTTC,3.945438139966506
17204,0.18776521805923416,11__mutated,PertCortex_11_TGACTTTCACCGAAAG,2.1656894597560936
17205,0.2894879960784603,11__mutated,PertCortex_11_TGACTTTGTAGAAGGA,3.336286040820274
17206,0.15672087355884412,11__mutated,PertCortex_11_TGACTTTGTGTTCGAT,3.037690620016702
17207,0.44786866478393733,11__mutated,PertCortex_11_TGACTTTTCTGCGACG,2.1906155099321922
17208,0.2730372916217104,11__mutated,PertCortex_11_TGAGAGGCAATGAAAC,3.6611192370830428
17209,0.190291699606923,11__mutated,PertCortex_11_TGAGAGGCAGATGGCA,3.0487652492616073
17210,0.520382982290644,11__mutated,PertCortex_11_TGAGAGGGTAAGAGGA,2.4374822830258607
17211,0.08593327145804378,11__mutated,PertCortex_11_TGAGAGGTCAGTTTGG,3.5359281255059822
17212,0.2885735693120376,11__mutated,PertCortex_11_TGAGCATCACTTGGAT,2.1582851784732537
17213,0.10699445807077572,11__mutated,PertCortex_11_TGAGCATTCCACTGGG,4.886691012495269
17214,0.06229303707278767,11__mutated,PertCortex_11_TGAGCCGCAATCACAC,4.35369759721322
17215,0.15576723444471163,11__mutated,PertCortex_11_TGAGCCGCAGCCAATT,3.8415808039909805
17216,0.267613825751245,11__mutated,PertCortex_11_TGAGGGACACGTCTCT,1.7707352097285085
17217,0.22334853047229794,11__mutated,PertCortex_11_TGAGGGATCATCTGCC,3.540987813720576
17218,0.08863983983085838,11__mutated,PertCortex_11_TGATTTCAGCGTGTCC,4.706277911116772
17219,0.3174017089726471,11__mutated,PertCortex_11_TGCACCTAGGTGCTAG,2.415563698954129
17220,0.5354424394592171,11__mutated,PertCortex_11_TGCACCTTCCCAGGTG,1.60347230885793
17221,0.3792514403529063,11__mutated,PertCortex_11_TGCCAAACAAGTTCTG,2.432821536458693
17222,0.47802790029989756,11__mutated,PertCortex_11_TGCCAAACACCTATCC,2.107317017795787
17223,0.24809872922504334,11__mutated,PertCortex_11_TGCCAAACATTCCTCG,3.684918041931972
17224,0.395485467800841,11__mutated,PertCortex_11_TGCCCATGTTCCCTTG,2.113187457571415
17225,0.06679133423236341,11__mutated,PertCortex_11_TGCCCTACATGCCTTC,4.108645652928961
17226,0.5101557378076902,11__mutated,PertCortex_11_TGCCCTAGTCCGAGTC,1.7104940143167868
17227,0.4759906079601945,11__mutated,PertCortex_11_TGCCCTATCGGTTCGG,2.1898102695497057
17228,0.15941130281077595,11__mutated,PertCortex_11_TGCGCAGGTCGGCTCA,4.209543539265708
17229,0.2776212054171531,11__mutated,PertCortex_11_TGCGGGTAGCCCAGCT,1.9340834134285927
17230,0.222023259146655,11__mutated,PertCortex_11_TGCGGGTAGGCAGGTT,3.9512273577694086
17231,0.48900865180092334,11__mutated,PertCortex_11_TGCGGGTAGTTCCACA,2.097517822885667
17232,0.17142769073149253,11__mutated,PertCortex_11_TGCGGGTGTAGAAAGG,1.6876526060564259
17233,0.4870852679610476,11__mutated,PertCortex_11_TGCGGGTGTCAGGACA,1.871441739001773
17234,0.10207713118755471,11__mutated,PertCortex_11_TGCGGGTGTCTGATTG,3.699934215020986
17235,0.6454222194854831,11__mutated,PertCortex_11_TGCGGGTGTGTGTGCC,1.3811929656516657
17236,0.4826725630834243,11__mutated,PertCortex_11_TGCTACCAGACACGAC,2.76697801695829
17237,0.2426198912589838,11__mutated,PertCortex_11_TGCTACCCACAGATTC,2.5402887885685215
17238,0.2310436815154065,11__mutated,PertCortex_11_TGCTACCGTTGAACTC,2.264622318644545
17239,0.221500709109056,11__mutated,PertCortex_11_TGCTACCTCCCTCAGT,3.556978396501854
17240,0.5372805096112307,11__mutated,PertCortex_11_TGCTGCTAGCGTTGCC,2.017076344402572
17241,0.09514341006666809,11__mutated,PertCortex_11_TGCTGCTTCAAACAAG,5.004972149483667
17242,0.19167008568834254,11__mutated,PertCortex_11_TGCTGCTTCTTGTATC,3.894631264811893
17243,0.36983452861362526,11__mutated,PertCortex_11_TGGACGCAGCCCAACC,2.3297568376442763
17244,0.14817579112275897,11__mutated,PertCortex_11_TGGACGCTCCCAAGTA,4.046117770938748
17245,0.3113240008904863,11__mutated,PertCortex_11_TGGCCAGCAGGACGTA,2.2645674944190066
17246,0.08143860841284856,11__mutated,PertCortex_11_TGGCGCACACGAAATA,3.641313731180981
17247,0.4960291904458491,11__mutated,PertCortex_11_TGGCGCATCTTTACAC,1.7132057279680226
17248,0.1152196833241564,11__mutated,PertCortex_11_TGGCTGGAGAATCTCC,3.1632023387297368
17249,0.5842420379895786,11__mutated,PertCortex_11_TGGCTGGAGATGCGAC,1.7140013633824998
17250,0.15613542321544718,11__mutated,PertCortex_11_TGGCTGGAGTCGTTTG,3.997319122977723
17251,0.08751442588764295,11__mutated,PertCortex_11_TGGCTGGAGTGACTCT,3.282594506606916
17252,0.5454478476190245,11__mutated,PertCortex_11_TGGCTGGCACTTGGAT,2.6873381366882234
17253,0.059937840141852154,11__mutated,PertCortex_11_TGGCTGGTCTAACTTC,4.902642248454243
17254,0.3976686759377047,11__mutated,PertCortex_11_TGGGAAGAGTATGACA,2.0980839142080088
17255,0.136525827484093,11__mutated,PertCortex_11_TGGGAAGCATTCCTCG,2.9141927389629516
17256,0.1514472313687941,11__mutated,PertCortex_11_TGGGCGTCATACGCCG,1.5425637212684142
17257,0.4895830344776767,11__mutated,PertCortex_11_TGGTTAGGTAGCTAAA,2.456521795448245
17258,0.15333980635871627,11__mutated,PertCortex_11_TGGTTAGTCGTTGACA,4.081071752184547
17259,0.15284736504763088,11__mutated,PertCortex_11_TGGTTCCAGATCCGAG,4.935840430086183
17260,0.4158908469022052,11__mutated,PertCortex_11_TGGTTCCGTGTGTGCC,2.3939446690444783
17261,0.15150663052186636,11__mutated,PertCortex_11_TGGTTCCTCCGAAGAG,4.1894123745851415
17262,0.5053759942430268,11__mutated,PertCortex_11_TGTATTCGTAACGTTC,2.003712109282337
17263,0.15494887711366878,11__mutated,PertCortex_11_TGTCCCACAGTCCTTC,4.147346949017092
17264,0.603309774267499,11__mutated,PertCortex_11_TGTCCCAGTTCAGCGC,1.9521394510780232
17265,0.2550736372105601,11__mutated,PertCortex_11_TGTCCCAGTTGACGTT,1.8072396663869776
17266,0.2412101548924348,11__mutated,PertCortex_11_TGTGGTAGTCAGATAA,3.3136646585990537
17267,0.13885020667557005,11__mutated,PertCortex_11_TGTGGTAGTGATGATA,3.2612553335726417
17268,0.39972740822696995,11__mutated,PertCortex_11_TGTGGTAGTTTAGCTG,2.3688226741930287
17269,0.13773242741971456,11__mutated,PertCortex_11_TGTGGTATCGGAATCT,4.172093501340871
17270,0.07628831855762784,11__mutated,PertCortex_11_TGTGTTTCACCGGAAA,4.264828806451638
17271,0.5288945734890116,11__mutated,PertCortex_11_TGTGTTTTCGCGTAGC,1.979939236827802
17272,0.12774191552760444,11__mutated,PertCortex_11_TGTTCCGAGGAGTCTG,3.079978068453072
17273,0.5690279468753342,11__mutated,PertCortex_11_TTAACTCTCGGTGTCG,1.6976834472612048
17274,0.07749803963068116,11__mutated,PertCortex_11_TTAGGACCACGGTGTC,4.406456547164186
17275,0.170826890577819,11__mutated,PertCortex_11_TTAGGCAAGATAGCAT,3.3000813726225595
17276,0.141276886331527,11__mutated,PertCortex_11_TTATGCTCAGGAATCG,4.11092396170219
17277,0.13191470480683617,11__mutated,PertCortex_11_TTATGCTCATGACATC,4.882290439576236
17278,0.1843526750947146,11__mutated,PertCortex_11_TTATGCTTCGAGAGCA,3.162457507149603
17279,0.1534143407683508,11__mutated,PertCortex_11_TTATGCTTCTCAAACG,4.401319276532089
17280,0.4129661256444676,11__mutated,PertCortex_11_TTATGCTTCTTACCTA,2.1621325311279262
17281,0.31121142887281733,11__mutated,PertCortex_11_TTCGAAGCAGACAAAT,2.2412000266268954
17282,0.49424803966117714,11__mutated,PertCortex_11_TTCGAAGGTCTCATCC,2.7647999420335587
17283,0.09290702695535634,11__mutated,PertCortex_11_TTCGAAGGTGACTCAT,3.2551714237192644
17284,0.17980306708741878,11__mutated,PertCortex_11_TTCGGTCCAACCGCCA,4.058489797957671
17285,0.06373094277099348,11__mutated,PertCortex_11_TTCTACATCCGATATG,4.958694743041496
17286,0.09981891682429739,11__mutated,PertCortex_11_TTCTACATCCTAGGGC,3.1667341500359525
17287,0.2972051214084165,11__mutated,PertCortex_11_TTCTCAAAGCGTCTAT,2.330461204914945
17288,0.2998323586587746,11__mutated,PertCortex_11_TTCTCAACAGACAGGT,2.851501964134026
17289,0.44396058515466463,11__mutated,PertCortex_11_TTCTCAACATGGTCAT,2.3195778906563307
17290,0.42842025118422844,11__mutated,PertCortex_11_TTCTCCTAGGGCACTA,2.342763258432333
17291,0.16211221025646436,11__mutated,PertCortex_11_TTGACTTAGATGTGTA,4.432287954699047
17292,0.20190293855628264,11__mutated,PertCortex_11_TTGCCGTGTCGACTGC,3.208045003278124
17293,0.4581563035962119,11__mutated,PertCortex_11_TTGCCGTGTGAGGGAG,1.9096732174757773
17294,0.2906715380144998,11__mutated,PertCortex_11_TTGCGTCCATATGCTG,3.1707621220659403
17295,0.34610393852895105,11__mutated,PertCortex_11_TTGGAACCACTAGTAC,2.198978947769391
17296,0.5690262374620506,11__mutated,PertCortex_11_TTGGAACCAGCTTCGG,1.563416217001549
17297,0.111204810460049,11__mutated,PertCortex_11_TTGGAACCATTTGCTT,4.878250835180478
17298,0.10576004693925364,11__mutated,PertCortex_11_TTGGCAACATCCCACT,1.9316526870019424
17299,0.5758002793016307,11__mutated,PertCortex_11_TTGTAGGAGTATCTCG,1.7403054041573467
17300,0.1963018059636394,11__mutated,PertCortex_11_TTTACTGCATTAGGCT,3.398007142060542
17301,0.158960403722589,11__mutated,PertCortex_11_TTTATGCGTCGGATCC,4.001139613255898
17302,0.48275107245154036,11__mutated,PertCortex_11_TTTATGCGTGCAGTAG,1.7955781385784917
17303,0.4868826814373151,11__mutated,PertCortex_11_TTTCCTCGTAAGAGGA,1.7546499054005733
17304,0.4481438970795064,11__mutated,PertCortex_11_TTTCCTCGTGTCTGAT,2.213650209470283
17305,0.1269886996378581,11__mutated,PertCortex_11_TTTGCGCCAATACGCT,4.110372540645196
17306,0.14776397468177957,11__mutated,PertCortex_11_TTTGCGCCAGGCTCAC,2.689979371482859
17307,0.5370626227216382,11__mutated,PertCortex_11_TTTGCGCGTCTCAACA,1.8727575550514453
17308,0.13347315187381548,11__mutated,PertCortex_11_TTTGGTTCACGAAGCA,4.317311783667566
17309,0.060454570171571,11__mutated,PertCortex_11_TTTGTCACAGGGTTAG,2.465029017562036
17310,0.5023204977630237,12__mutated,PertCortex_12_AAACCTGAGCTGTTCA,1.9973947859871923
17311,0.3289006935237268,12__mutated,PertCortex_12_AAACCTGCAGCCTGTG,2.373829902718301
17312,0.1276674486269693,12__mutated,PertCortex_12_AAACCTGCAGTTCCCT,4.413047458958452
17313,0.47354961326413236,12__mutated,PertCortex_12_AAACCTGGTAGCGTGA,1.725783807352487
17314,0.20577154234589515,12__mutated,PertCortex_12_AAACCTGGTGCCTGCA,2.666310739604449
17315,0.09286356739042406,12__mutated,PertCortex_12_AAACCTGTCCAGAAGG,4.320929301215513
17316,0.0968031007777928,12__mutated,PertCortex_12_AAACGGGCAACACGCC,4.347138759483672
17317,0.11344039114894881,12__mutated,PertCortex_12_AAACGGGTCATGCTCC,3.9403054510751185
17318,0.12114965977250675,12__mutated,PertCortex_12_AAACGGGTCCTACAGA,4.056777712668757
17319,0.2681465915293149,12__mutated,PertCortex_12_AAAGATGAGGAGTTGC,1.699232418495218
17320,0.07775552615305387,12__mutated,PertCortex_12_AAAGATGAGGTCATCT,3.571145493720192
17321,0.37184360373660175,12__mutated,PertCortex_12_AAAGATGCAGGTCGTC,1.6129193195003264
17322,0.1304068409542591,12__mutated,PertCortex_12_AAAGATGCATGTTGAC,2.9132757842573036
17323,0.3159539998595737,12__mutated,PertCortex_12_AAAGATGGTTCCACTC,2.428594970995897
17324,0.5112409906976426,12__mutated,PertCortex_12_AAAGATGGTTCCCTTG,1.5391543973832849
17325,0.05617395424385434,12__mutated,PertCortex_12_AAAGATGTCAGAGCTT,4.020731994768562
17326,0.11383642375565393,12__mutated,PertCortex_12_AAAGCAAGTATGCTTG,3.5458757064627915
17327,0.16283847697480613,12__mutated,PertCortex_12_AAAGCAATCACCTTAT,4.634545397308227
17328,0.10291506896871104,12__mutated,PertCortex_12_AAAGTAGCACAGCCCA,3.1399998428678435
17329,0.13854119295615824,12__mutated,PertCortex_12_AAAGTAGCACATGGGA,4.908441169616867
17330,0.4106681811289032,12__mutated,PertCortex_12_AAAGTAGGTATGAAAC,2.3139148801341762
17331,0.15480396619107248,12__mutated,PertCortex_12_AAATGCCAGAAGAAGC,4.126903728201667
17332,0.14846886445022078,12__mutated,PertCortex_12_AAATGCCCATCGATGT,4.419308808884685
17333,0.13042690821074832,12__mutated,PertCortex_12_AAATGCCGTCGCGTGT,4.745636806100337
17334,0.06591977630162714,12__mutated,PertCortex_12_AAATGCCGTGGACGAT,3.5239555337367983
17335,0.06379072490265462,12__mutated,PertCortex_12_AACACGTGTATAATGG,4.07168023074954
17336,0.1288802762605145,12__mutated,PertCortex_12_AACCATGAGCGTGAGT,4.391913395261828
17337,0.15552808111321612,12__mutated,PertCortex_12_AACCATGAGTGTTTGC,3.9563645569283463
17338,0.09938217867351543,12__mutated,PertCortex_12_AACCATGCAGGGAGAG,3.5259540904496762
17339,0.158138754108301,12__mutated,PertCortex_12_AACCATGTCTCTGTCG,4.767625347675335
17340,0.07326074883123566,12__mutated,PertCortex_12_AACCGCGAGGTACTCT,3.3273729841367277
17341,0.12354967702714782,12__mutated,PertCortex_12_AACCGCGGTAGCACGA,3.2770788985768475
17342,0.07486591874577075,12__mutated,PertCortex_12_AACCGCGGTGTGACCC,4.931662505759946
17343,0.09871922140300281,12__mutated,PertCortex_12_AACCGCGGTTCCATGA,4.505407920589197
17344,0.09896952809405443,12__mutated,PertCortex_12_AACCGCGTCCCAAGTA,3.0508223493714275
17345,0.09936938624633034,12__mutated,PertCortex_12_AACCGCGTCCGCGTTT,5.385859065143938
17346,0.04092594264074209,12__mutated,PertCortex_12_AACCGCGTCGGATGTT,4.595050357325348
17347,0.1994555678518265,12__mutated,PertCortex_12_AACCGCGTCTAAGCCA,3.0247778343003566
17348,0.12334116196061724,12__mutated,PertCortex_12_AACGTTGCAAGTCTAC,4.531030154035416
17349,0.05170693392816373,12__mutated,PertCortex_12_AACGTTGGTATTCTCT,4.48675170107664
17350,0.15864770219394678,12__mutated,PertCortex_12_AACGTTGTCGCACTCT,2.649879511409413
17351,0.040034117521274344,12__mutated,PertCortex_12_AACTCAGCACGGTAGA,4.451575164695638
17352,0.3401682530629022,12__mutated,PertCortex_12_AACTCAGTCAACACGT,2.3010842145540895
17353,0.0887019124307202,12__mutated,PertCortex_12_AACTCCCAGATAGTCA,4.059157446753581
17354,0.275616359264893,12__mutated,PertCortex_12_AACTCCCAGGTAGCCA,2.1101325006393625
17355,0.291687826569091,12__mutated,PertCortex_12_AACTCCCCACATGTGT,2.079240315965021
17356,0.47766824707921973,12__mutated,PertCortex_12_AACTCCCCAGCCTTGG,1.867161819331554
17357,0.12373968220536784,12__mutated,PertCortex_12_AACTCCCGTCGCGAAA,4.740590726725615
17358,0.008906076988040435,12__mutated,PertCortex_12_AACTCCCGTGTCCTCT,3.3007061336279584
17359,0.1730127188031862,12__mutated,PertCortex_12_AACTCCCGTGTTCTTT,3.963642981742973
17360,0.08175581029470978,12__mutated,PertCortex_12_AACTCCCTCTCATTCA,4.02292093914162
17361,0.07014647214303173,12__mutated,PertCortex_12_AACTCTTCACAGGTTT,2.901093888949206
17362,0.08465570904456302,12__mutated,PertCortex_12_AACTCTTCATGACGGA,3.7979602421030885
17363,0.06471632093851903,12__mutated,PertCortex_12_AACTCTTGTCGGCTCA,3.1029179482561062
17364,0.07101937736610806,12__mutated,PertCortex_12_AACTCTTTCACCCGAG,4.757012168627681
17365,0.10253385944433371,12__mutated,PertCortex_12_AACTCTTTCATCGGAT,3.881873089164094
17366,0.15188955646984847,12__mutated,PertCortex_12_AACTCTTTCCACGTGG,3.9467766606762917
17367,0.2943776738389688,12__mutated,PertCortex_12_AACTGGTAGGCAATTA,2.409337816406969
17368,0.06831674830302815,12__mutated,PertCortex_12_AACTGGTTCAGCTCTC,2.6500133361519542
17369,0.40565400823087205,12__mutated,PertCortex_12_AACTGGTTCCCGACTT,2.0812555640749366
17370,0.0765413113268462,12__mutated,PertCortex_12_AACTGGTTCTTTAGTC,4.272880289115116
17371,0.2561093673488374,12__mutated,PertCortex_12_AACTTTCAGGCTAGAC,2.6312038003240663
17372,0.3512968473725345,12__mutated,PertCortex_12_AACTTTCAGTGGGTTG,2.097808799603297
17373,0.249052851370649,12__mutated,PertCortex_12_AACTTTCCAATCCGAT,1.8987024492495244
17374,0.07365028441815787,12__mutated,PertCortex_12_AACTTTCGTACAAGTA,3.6938776879938278
17375,0.061369451413857384,12__mutated,PertCortex_12_AACTTTCGTCCGTGAC,4.6611983487586235
17376,0.2335422085552899,12__mutated,PertCortex_12_AACTTTCGTTAAAGTG,2.8790468358392056
17377,0.10514982633573089,12__mutated,PertCortex_12_AAGACCTAGGGTCTCC,4.6898197324869235
17378,0.2352811799402111,12__mutated,PertCortex_12_AAGACCTGTAATTGGA,3.2250215668514604
17379,0.038688018752725345,12__mutated,PertCortex_12_AAGACCTGTGCTCTTC,5.590523288526866
17380,0.14426678207852042,12__mutated,PertCortex_12_AAGACCTTCCTAGGGC,4.224986122354046
17381,0.07473171860943538,12__mutated,PertCortex_12_AAGCCGCAGCGTGAAC,3.378940512821918
17382,0.15150472231955753,12__mutated,PertCortex_12_AAGCCGCAGTACGCCC,4.48334604302732
17383,0.0742336266049621,12__mutated,PertCortex_12_AAGCCGCCACACAGAG,4.128661828759474
17384,0.03897687760271534,12__mutated,PertCortex_12_AAGCCGCGTTCCACGG,4.506489978560017
17385,0.1529510853838905,12__mutated,PertCortex_12_AAGCCGCGTTGAGTTC,3.336062931176189
17386,0.055500639932457956,12__mutated,PertCortex_12_AAGGAGCAGAACAACT,4.484887326547309
17387,0.0833617459669943,12__mutated,PertCortex_12_AAGGAGCCATCATCCC,4.338860691897199
17388,0.05143730936125001,12__mutated,PertCortex_12_AAGGAGCGTCCAGTGC,3.8329999346782198
17389,0.1040563862319898,12__mutated,PertCortex_12_AAGGAGCTCTCGTATT,4.27985055025442
17390,0.08307336141896454,12__mutated,PertCortex_12_AAGGCAGCATAACCTG,2.8736626044196516
17391,0.030745532440068446,12__mutated,PertCortex_12_AAGGCAGTCTCTGTCG,3.5848661497232497
17392,0.10861247560364104,12__mutated,PertCortex_12_AAGTCTGAGCTAACTC,4.7670401177205655
17393,0.15078826011473068,12__mutated,PertCortex_12_AAGTCTGCAACGATGG,3.917199942820721
17394,0.09311288567596067,12__mutated,PertCortex_12_AAGTCTGGTTGTGGAG,4.931762330706585
17395,0.051047140843026244,12__mutated,PertCortex_12_AAGTCTGTCCCGACTT,4.984487954484113
17396,0.4041953682179271,12__mutated,PertCortex_12_AAGTCTGTCCTTCAAT,2.1008831627683375
17397,0.1138345679889904,12__mutated,PertCortex_12_AATCCAGCACGAAATA,4.955383274396727
17398,0.0370258691789521,12__mutated,PertCortex_12_AATCCAGCATGGTCTA,3.121652093071343
17399,0.419984519576937,12__mutated,PertCortex_12_AATCCAGTCGCTAGCG,2.1324433283031583
17400,0.1899055977068616,12__mutated,PertCortex_12_AATCGGTAGATGTGGC,3.003783477312014
17401,0.03924890952876036,12__mutated,PertCortex_12_AATCGGTAGGGTGTTG,4.911403989155131
17402,0.3097695461094015,12__mutated,PertCortex_12_AATCGGTTCTTCGGTC,1.9316531565780406
17403,0.557393846657946,12__mutated,PertCortex_12_ACACCAAAGACCTAGG,1.4757213450245603
17404,0.16392578932366778,12__mutated,PertCortex_12_ACACCAAAGATGAGAG,4.605587245639786
17405,0.529662758544734,12__mutated,PertCortex_12_ACACCAAAGTTAAGTG,1.6768139796926085
17406,0.2976547761515982,12__mutated,PertCortex_12_ACACCAACAGGATTGG,2.1046114220049827
17407,0.13924681362556665,12__mutated,PertCortex_12_ACACCAAGTAGCTTGT,4.646835498331382
17408,0.1457178576608514,12__mutated,PertCortex_12_ACACCAAGTGCATCTA,4.809902114293078
17409,0.06004225867491287,12__mutated,PertCortex_12_ACACCAAGTTACCGAT,3.795949214241148
17410,0.061754438559098526,12__mutated,PertCortex_12_ACACCAATCACTGGGC,3.8471414663404793
17411,0.0408253592353912,12__mutated,PertCortex_12_ACACCAATCCTAAGTG,3.4702381216802225
17412,0.07155359223242597,12__mutated,PertCortex_12_ACACCAATCGGAATCT,5.43617191776463
17413,0.09607329056607401,12__mutated,PertCortex_12_ACACCCTAGAACAACT,4.576912480457201
17414,0.10462432888814421,12__mutated,PertCortex_12_ACACCCTAGGATCGCA,5.536114745776216
17415,0.05828576855300566,12__mutated,PertCortex_12_ACACCCTAGTACGCGA,3.8379053150357745
17416,0.5098000172123859,12__mutated,PertCortex_12_ACACCCTGTACAAGTA,1.8550263980295292
17417,0.13189704952157313,12__mutated,PertCortex_12_ACACCCTTCCCATTTA,3.638608122778156
17418,0.10193994873424977,12__mutated,PertCortex_12_ACACCGGAGCCGCCTA,4.303053876874974
17419,0.06614294085592601,12__mutated,PertCortex_12_ACACCGGAGGAATGGA,2.6740554568855774
17420,0.13601222421667397,12__mutated,PertCortex_12_ACACCGGCATCTGGTA,2.607630618086313
17421,0.17258459881272067,12__mutated,PertCortex_12_ACACTGAAGAAAGTGG,1.5057726545631345
17422,0.07310697721953428,12__mutated,PertCortex_12_ACACTGACACTGTGTA,4.596666588650298
17423,0.10162461635549026,12__mutated,PertCortex_12_ACACTGAGTCTCGTTC,5.6757757111724665
17424,0.11903231981593931,12__mutated,PertCortex_12_ACACTGAGTGACGCCT,3.372832763011914
17425,0.13376254770975343,12__mutated,PertCortex_12_ACACTGAGTGGCGAAT,4.599491221013776
17426,0.15294169928511755,12__mutated,PertCortex_12_ACACTGATCTGTCTAT,4.0407968041022375
17427,0.09727223332131182,12__mutated,PertCortex_12_ACAGCCGAGGCACATG,3.7296935648196805
17428,0.0711172002446511,12__mutated,PertCortex_12_ACAGCCGCACGTCTCT,2.4568146927971664
17429,-0.007497499987875381,12__mutated,PertCortex_12_ACAGCCGCAGGTTTCA,3.0473627073960055
17430,0.1287714708339611,12__mutated,PertCortex_12_ACAGCCGCAGTGGGAT,3.37044162332169
17431,0.18272899133652334,12__mutated,PertCortex_12_ACAGCCGCATCTCCCA,4.150877904086213
17432,0.4528020210575998,12__mutated,PertCortex_12_ACAGCCGGTGTTCTTT,2.0215318802234368
17433,0.06901449477981372,12__mutated,PertCortex_12_ACAGCCGTCGGTCCGA,4.800474052971693
17434,0.10826481466719687,12__mutated,PertCortex_12_ACAGCTAAGCGTGAGT,3.132121659539287
17435,0.1865176659282394,12__mutated,PertCortex_12_ACAGCTACAATACGCT,3.137297412685018
17436,0.1954935257522687,12__mutated,PertCortex_12_ACAGCTACAATCGAAA,2.427662198515609
17437,0.11773683178130821,12__mutated,PertCortex_12_ACAGCTACACCTCGGA,4.658203683807551
17438,0.14650287347246732,12__mutated,PertCortex_12_ACAGCTACATTTGCTT,4.645663866869583
17439,0.12999800147729906,12__mutated,PertCortex_12_ACAGCTAGTGATGTCT,5.494713308002811
17440,0.07968725423976292,12__mutated,PertCortex_12_ACAGCTAGTTGTGGCC,3.5730245774950196
17441,0.151299013484629,12__mutated,PertCortex_12_ACAGCTATCGGGAGTA,3.885199709187586
17442,0.07870632808937855,12__mutated,PertCortex_12_ACATACGAGTGGGATC,5.28405821263746
17443,0.15390157390795273,12__mutated,PertCortex_12_ACATACGGTAGAGGAA,4.825421915123567
17444,0.08107144474010326,12__mutated,PertCortex_12_ACATACGGTGTGACCC,4.316832273953067
17445,0.13956579125425064,12__mutated,PertCortex_12_ACATCAGAGGCATGGT,4.149566780509254
17446,0.5133896677436278,12__mutated,PertCortex_12_ACATCAGAGGGTCGAT,1.923064794799518
17447,0.12793167343894285,12__mutated,PertCortex_12_ACATCAGGTTCCACAA,2.5314781224610257
17448,0.09659693043309435,12__mutated,PertCortex_12_ACATGGTCACAGTCGC,3.3485988490053624
17449,0.38225847387475637,12__mutated,PertCortex_12_ACATGGTGTAGGAGTC,2.2134855057968688
17450,0.10867299703319946,12__mutated,PertCortex_12_ACATGGTGTCTCTTTA,4.738143191189073
17451,0.5541330348240184,12__mutated,PertCortex_12_ACATGGTGTTCTCATT,1.7782822407332324
17452,0.48040105396418536,12__mutated,PertCortex_12_ACCAGTAAGACGCAAC,1.6882916606575868
17453,-0.005331637307509344,12__mutated,PertCortex_12_ACCAGTAAGGAGTTTA,3.3309145561093034
17454,0.05489417804162148,12__mutated,PertCortex_12_ACCAGTAAGTGAACGC,4.635924403391027
17455,0.0760367307425109,12__mutated,PertCortex_12_ACCAGTACAGGAACGT,4.043047131377996
17456,0.17106180523349085,12__mutated,PertCortex_12_ACCAGTAGTACGACCC,4.439370675037352
17457,0.13358140855125536,12__mutated,PertCortex_12_ACCAGTAGTCAGATAA,4.446328464712987
17458,0.0989459381447774,12__mutated,PertCortex_12_ACCAGTAGTCCGAACC,4.17228734412336
17459,0.06803299317516923,12__mutated,PertCortex_12_ACCAGTAGTTCAGCGC,3.209129101930043
17460,0.07300175519804261,12__mutated,PertCortex_12_ACCAGTAGTTCCTCCA,3.4073348848685003
17461,0.10775575997945423,12__mutated,PertCortex_12_ACCAGTATCTGCGGCA,4.220623947353209
17462,0.13931212087409794,12__mutated,PertCortex_12_ACCAGTATCTTTAGTC,4.457134089676811
17463,0.07885148339280737,12__mutated,PertCortex_12_ACCCACTAGAAACCAT,3.909139492489636
17464,0.13277049535689242,12__mutated,PertCortex_12_ACCCACTAGAGGGCTT,4.231134899856209
17465,0.29936733036463214,12__mutated,PertCortex_12_ACCCACTAGGTGATTA,3.1643967022017945
17466,0.06786191343157934,12__mutated,PertCortex_12_ACCCACTAGGTGCTTT,3.9132920629794454
17467,0.08749822955904424,12__mutated,PertCortex_12_ACCCACTCACACCGAC,2.763892185419482
17468,0.14616038906858633,12__mutated,PertCortex_12_ACCGTAAAGATCCGAG,4.208185382149501
17469,0.09339943575676983,12__mutated,PertCortex_12_ACCGTAACACAGCCCA,3.0118694981335064
17470,0.12480468318696898,12__mutated,PertCortex_12_ACCGTAACAGCTCGCA,4.430534497137392
17471,0.07621261047647425,12__mutated,PertCortex_12_ACCGTAACAGGTCGTC,4.407756015106397
17472,0.2545339919821183,12__mutated,PertCortex_12_ACCGTAACATGGGACA,2.668658763887055
17473,0.09152058345665409,12__mutated,PertCortex_12_ACCGTAAGTGCACTTA,3.8604160885495014
17474,0.07130568578007491,12__mutated,PertCortex_12_ACCTTTACAGTAACGG,3.8604365315390052
17475,0.2184135309536519,12__mutated,PertCortex_12_ACCTTTAGTCACAAGG,2.5572824408662638
17476,0.07386441291833247,12__mutated,PertCortex_12_ACCTTTATCCAGTATG,3.032426734535519
17477,0.11330134136984964,12__mutated,PertCortex_12_ACGAGCCAGAGTACCG,4.206439165497001
17478,0.5361846123973936,12__mutated,PertCortex_12_ACGAGCCAGCGTGAAC,1.5359411608566413
17479,0.12480264855951496,12__mutated,PertCortex_12_ACGAGCCTCAGCTGGC,3.223166724051659
17480,0.056897090296390715,12__mutated,PertCortex_12_ACGAGCCTCTATCCCG,4.493176885260944
17481,0.1015441807851942,12__mutated,PertCortex_12_ACGAGCCTCTCATTCA,5.0403672729228814
17482,0.49002022765644354,12__mutated,PertCortex_12_ACGAGGAGTAATCGTC,2.0224064215187383
17483,0.1436859885436597,12__mutated,PertCortex_12_ACGAGGAGTAGGGACT,4.096896113001741
17484,0.13493822670506242,12__mutated,PertCortex_12_ACGATACGTGACTACT,5.606010274344364
17485,0.13180880184776467,12__mutated,PertCortex_12_ACGATACGTGCAGTAG,4.030307303028739
17486,0.22260785207436531,12__mutated,PertCortex_12_ACGATACGTTATCCGA,3.6043575072635092
17487,0.07379361091358404,12__mutated,PertCortex_12_ACGATGTCAGATGAGC,4.119129000618896
17488,0.1239478743001885,12__mutated,PertCortex_12_ACGATGTCATGTTGAC,5.058930368287396
17489,0.41843442121801755,12__mutated,PertCortex_12_ACGATGTGTATAAACG,2.207357258385419
17490,0.102655281449981,12__mutated,PertCortex_12_ACGATGTGTCTAGGTT,3.396542385763272
17491,0.1291987228178455,12__mutated,PertCortex_12_ACGATGTGTGCGAAAC,4.1314456035301514
17492,0.1207273658448088,12__mutated,PertCortex_12_ACGATGTTCCATGAGT,4.321150590303578
17493,0.09121125070987159,12__mutated,PertCortex_12_ACGCAGCAGATAGTCA,3.989840589193771
17494,0.10104793707473729,12__mutated,PertCortex_12_ACGCAGCCACCCAGTG,4.352123545737806
17495,0.06966220560613486,12__mutated,PertCortex_12_ACGCAGCGTGACTCAT,4.644107093509314
17496,0.057377337678934597,12__mutated,PertCortex_12_ACGCAGCGTGCAACGA,4.504070277326535
17497,0.11232566291959409,12__mutated,PertCortex_12_ACGCAGCTCAAACCAC,3.7832539921195614
17498,0.1056882582706532,12__mutated,PertCortex_12_ACGCCAGCAGACAGGT,4.697631501285621
17499,0.11191469501608776,12__mutated,PertCortex_12_ACGCCAGCAGTGACAG,4.346513446208996
17500,0.10945428829651542,12__mutated,PertCortex_12_ACGCCAGTCATGGTCA,4.259578251490046
17501,0.13688600724454897,12__mutated,PertCortex_12_ACGCCAGTCGCATGAT,3.7335454044928893
17502,0.10892966185002784,12__mutated,PertCortex_12_ACGCCGAAGGATGCGT,5.412297437324511
17503,0.2106365314864952,12__mutated,PertCortex_12_ACGCCGACAATCCAAC,2.386728931979471
17504,0.1796571827404651,12__mutated,PertCortex_12_ACGCCGACATCACCCT,4.089316860682388
17505,0.2015145861544644,12__mutated,PertCortex_12_ACGCCGACATCGATTG,3.6412935236525983
17506,0.0629529839082425,12__mutated,PertCortex_12_ACGCCGACATTGAGCT,4.414709240951334
17507,0.0507221615801557,12__mutated,PertCortex_12_ACGCCGATCCCATTTA,3.1790389774555803
17508,0.07649557979247423,12__mutated,PertCortex_12_ACGGAGACACCGAATT,4.875246043101383
17509,0.07013877316440245,12__mutated,PertCortex_12_ACGGAGAGTGTAATGA,3.9109010415563694
17510,0.14400171227718003,12__mutated,PertCortex_12_ACGGAGATCACCCTCA,4.663696446816066
17511,0.42039141208009656,12__mutated,PertCortex_12_ACGGCCAAGAACTCGG,1.8381719225886843
17512,0.18910566911902882,12__mutated,PertCortex_12_ACGGCCAAGGCCCGTT,4.75261037013923
17513,0.16539733059315453,12__mutated,PertCortex_12_ACGGCCACATACTCTT,3.6368732194304747
17514,0.146577671360772,12__mutated,PertCortex_12_ACGGGCTAGAGCTATA,4.092069546942179
17515,0.3379600368244362,12__mutated,PertCortex_12_ACGGGCTAGGAGTCTG,2.3093526729948226
17516,0.0977639827413645,12__mutated,PertCortex_12_ACGGGCTAGTGGTCCC,4.204013147608446
17517,0.2181439558594859,12__mutated,PertCortex_12_ACGGGCTCAAGCTGTT,2.8911810206605515
17518,0.1168952283777176,12__mutated,PertCortex_12_ACGGGCTTCTTGGGTA,4.93780292743765
17519,0.01794047136687879,12__mutated,PertCortex_12_ACGGGTCAGCAGCGTA,4.7492598503433925
17520,0.3979306398233078,12__mutated,PertCortex_12_ACGGGTCAGCGCTCCA,1.9707579188957676
17521,0.14273325216773228,12__mutated,PertCortex_12_ACGGGTCAGTACGCGA,4.010632102766645
17522,0.10895941964982528,12__mutated,PertCortex_12_ACGTCAACAGCTGTGC,4.202600072302401
17523,0.5126372823251965,12__mutated,PertCortex_12_ACTATCTAGATACACA,1.6932729999761618
17524,0.10880853454832866,12__mutated,PertCortex_12_ACTATCTCACTGTTAG,4.222145638302163
17525,0.10186319447647438,12__mutated,PertCortex_12_ACTATCTGTACCAGTT,3.2765260892684913
17526,0.12182428173862642,12__mutated,PertCortex_12_ACTATCTGTACGAAAT,3.110359494610162
17527,0.41899660349048085,12__mutated,PertCortex_12_ACTATCTTCCTATTCA,2.1257755439637886
17528,0.11436593722534706,12__mutated,PertCortex_12_ACTGAACCAGTGAGTG,4.539542788451286
17529,0.048651171298792116,12__mutated,PertCortex_12_ACTGAACGTAGGGTAC,3.9273593504136564
17530,0.15773872456457105,12__mutated,PertCortex_12_ACTGAACGTCAGAATA,5.211686854533314
17531,0.05745815965576342,12__mutated,PertCortex_12_ACTGAACGTTACCAGT,4.050838371415292
17532,0.1218588366434217,12__mutated,PertCortex_12_ACTGAGTAGCCAGAAC,4.543413004405443
17533,0.17277562089222653,12__mutated,PertCortex_12_ACTGAGTCATATGGTC,1.790954016236125
17534,0.03993772201991694,12__mutated,PertCortex_12_ACTGAGTTCGAACGGA,3.7758604453488687
17535,0.3524396580354645,12__mutated,PertCortex_12_ACTGATGTCGGAGGTA,2.1311433140395786
17536,0.30364462218666616,12__mutated,PertCortex_12_ACTGCTCGTACCGGCT,2.097010942983781
17537,0.07234278645692979,12__mutated,PertCortex_12_ACTGCTCGTATAAACG,4.001568833979994
17538,0.05806055717989646,12__mutated,PertCortex_12_ACTGCTCTCCCTCTTT,3.945408707687808
17539,0.266834853973655,12__mutated,PertCortex_12_ACTGCTCTCCGATATG,2.473230445845108
17540,0.0862831747116096,12__mutated,PertCortex_12_ACTGTCCCAAACCCAT,5.83258554226213
17541,0.10295633597650651,12__mutated,PertCortex_12_ACTGTCCCAAGTACCT,4.799628132546715
17542,0.09167977021217875,12__mutated,PertCortex_12_ACTGTCCTCAGCTCGG,4.701734946006559
17543,0.10815055733695221,12__mutated,PertCortex_12_ACTGTCCTCGGAGCAA,5.266841713951939
17544,0.11821233897075262,12__mutated,PertCortex_12_ACTTACTCAAGCGAGT,4.293005293393815
17545,0.20193057843522486,12__mutated,PertCortex_12_ACTTACTGTGCACCAC,2.3773487409966645
17546,0.2024196161443164,12__mutated,PertCortex_12_ACTTACTGTTTGGCGC,2.6287045912164695
17547,0.27385419219402773,12__mutated,PertCortex_12_ACTTGTTAGGCATGGT,3.781400076919025
17548,0.07657192291817719,12__mutated,PertCortex_12_ACTTGTTAGTACCGGA,5.032035877077854
17549,0.0955278452065941,12__mutated,PertCortex_12_ACTTGTTCAGATCTGT,4.9578350493474295
17550,0.3998458278714969,12__mutated,PertCortex_12_ACTTGTTCAGGATCGA,2.0077796000429515
17551,0.17017897174391888,12__mutated,PertCortex_12_ACTTGTTGTACTCGCG,3.24497384534653
17552,0.07123696112681234,12__mutated,PertCortex_12_ACTTGTTGTCCCTTGT,4.917276094291851
17553,0.27651715106035796,12__mutated,PertCortex_12_ACTTGTTGTGACTACT,2.7431931423361817
17554,0.23059732777716088,12__mutated,PertCortex_12_ACTTGTTTCCGGGTGT,3.24143450074301
17555,0.07477246124904677,12__mutated,PertCortex_12_ACTTGTTTCTGCGGCA,4.770371477350666
17556,0.15267482910703978,12__mutated,PertCortex_12_ACTTTCAAGTAGATGT,5.160452918695284
17557,0.31342505453410807,12__mutated,PertCortex_12_ACTTTCAGTTAGATGA,1.7804148678032692
17558,0.11419110985389896,12__mutated,PertCortex_12_ACTTTCATCAACACGT,4.737987236585345
17559,0.3813237612612362,12__mutated,PertCortex_12_AGAATAGCAAAGCGGT,2.57146748541872
17560,0.09986911682059034,12__mutated,PertCortex_12_AGAATAGCACCGAAAG,4.624173312773789
17561,0.30876652758401846,12__mutated,PertCortex_12_AGAATAGTCCTGTAGA,2.538173872497101
17562,0.06746764868098641,12__mutated,PertCortex_12_AGACGTTAGGACACCA,3.816655981786173
17563,0.0741957063283012,12__mutated,PertCortex_12_AGACGTTAGGCTAGAC,4.3006468293800175
17564,0.07564150543257826,12__mutated,PertCortex_12_AGACGTTAGTTACCCA,4.3301376966366805
17565,0.13144345420657969,12__mutated,PertCortex_12_AGACGTTCAGATCGGA,4.475417959241829
17566,0.10947272783977655,12__mutated,PertCortex_12_AGACGTTTCATGTAGC,4.88381833579583
17567,0.24190996595777406,12__mutated,PertCortex_12_AGAGCGAAGGCTCAGA,2.1072603974370314
17568,0.06142575111210362,12__mutated,PertCortex_12_AGAGCGAAGGTAGCTG,2.3060483225611
17569,0.09671353755254988,12__mutated,PertCortex_12_AGAGCGAGTACAAGTA,4.625841732100845
17570,0.4405076602141254,12__mutated,PertCortex_12_AGAGCTTAGGCCCGTT,1.960539854468413
17571,0.47673532357984855,12__mutated,PertCortex_12_AGAGCTTAGGTTACCT,1.912275938399026
17572,0.27331839851169987,12__mutated,PertCortex_12_AGAGCTTCATGACGGA,2.695188701165533
17573,0.04475227755808272,12__mutated,PertCortex_12_AGAGTGGAGCTAGGCA,4.27234078197561
17574,0.12493761916061367,12__mutated,PertCortex_12_AGAGTGGCAATGGAAT,4.647892830730244
17575,0.11027219544240084,12__mutated,PertCortex_12_AGAGTGGGTCAGATAA,4.757741685547344
17576,0.2927464683430845,12__mutated,PertCortex_12_AGAGTGGGTCGCGTGT,1.4386490904561122
17577,0.09842755142674228,12__mutated,PertCortex_12_AGAGTGGGTCTAGTCA,3.400138262901524
17578,0.10167677708608333,12__mutated,PertCortex_12_AGAGTGGGTCTTGCGG,5.551457836104169
17579,0.12314295531860193,12__mutated,PertCortex_12_AGAGTGGGTGATGTGG,4.512327373855523
17580,0.09359044508559451,12__mutated,PertCortex_12_AGAGTGGTCAGGATCT,4.32508374627003
17581,0.1344504570349675,12__mutated,PertCortex_12_AGATCTGAGCATGGCA,5.301394203452374
17582,0.08673433070252846,12__mutated,PertCortex_12_AGATCTGCAGGTGCCT,4.610219007353651
17583,0.09511004664739485,12__mutated,PertCortex_12_AGATCTGGTGCCTGCA,4.50202020395987
17584,0.16958939385183927,12__mutated,PertCortex_12_AGATCTGTCGAGGTAG,2.9753829017385587
17585,0.40271636139053824,12__mutated,PertCortex_12_AGATCTGTCTGTTGAG,2.2145814301344124
17586,0.2575472197949976,12__mutated,PertCortex_12_AGATTGCAGTGAAGTT,2.657709242725719
17587,0.12571071166851763,12__mutated,PertCortex_12_AGATTGCCAGCGTCCA,4.411822096011292
17588,0.4968281572566695,12__mutated,PertCortex_12_AGATTGCGTCCATCCT,2.458944857251894
17589,0.1374801207494077,12__mutated,PertCortex_12_AGATTGCGTTGGTGGA,4.999753681137016
17590,0.13651457970589106,12__mutated,PertCortex_12_AGCAGCCAGCAGACTG,4.379418928614806
17591,0.5382657695938323,12__mutated,PertCortex_12_AGCAGCCAGGCGATAC,1.7735640006134379
17592,0.16872292702874606,12__mutated,PertCortex_12_AGCAGCCAGTGCCATT,2.7563834097809585
17593,0.0820743328296269,12__mutated,PertCortex_12_AGCAGCCCACCGTTGG,4.4312897104572695
17594,0.10495252234148765,12__mutated,PertCortex_12_AGCAGCCCAGCCTTGG,4.20398518154787
17595,0.11292533346088418,12__mutated,PertCortex_12_AGCATACCAAATTGCC,4.515926297926328
17596,0.07684876361801708,12__mutated,PertCortex_12_AGCATACCAGACAAGC,3.7455196070339154
17597,0.25781068535315166,12__mutated,PertCortex_12_AGCATACGTACCGGCT,2.428859445667943
17598,0.11688407512262951,12__mutated,PertCortex_12_AGCATACGTGCCTGCA,2.7528540530968013
17599,0.08119416613174357,12__mutated,PertCortex_12_AGCATACGTTAGAACA,3.759530648477106
17600,0.16698658715548062,12__mutated,PertCortex_12_AGCATACGTTCTGGTA,3.2059307202897878
17601,0.08721823903963542,12__mutated,PertCortex_12_AGCATACTCTAGCACA,5.300311101520213
17602,0.0813389115978058,12__mutated,PertCortex_12_AGCCTAAAGCTGCAAG,4.519039818290996
17603,0.1450755304609382,12__mutated,PertCortex_12_AGCCTAAGTCCAGTGC,4.02697477418996
17604,0.13193676759895145,12__mutated,PertCortex_12_AGCCTAAGTGGCCCTA,4.270768283980387
17605,0.11298084179920864,12__mutated,PertCortex_12_AGCCTAAGTTCCACTC,4.340595782846438
17606,0.10168544676005346,12__mutated,PertCortex_12_AGCCTAATCCGCGCAA,4.176537213237365
17607,0.09247389976737744,12__mutated,PertCortex_12_AGCCTAATCTTAGCCC,5.300623224837961
17608,0.1532604453141929,12__mutated,PertCortex_12_AGCGGTCTCGCGATCG,3.603380709706277
17609,0.12493067777037142,12__mutated,PertCortex_12_AGCGTCGCAGCCTGTG,4.3974923650400415
17610,0.1919513833452724,12__mutated,PertCortex_12_AGCGTCGCATCGGAAG,2.8595522633485406
17611,0.13543635645219945,12__mutated,PertCortex_12_AGCGTCGCATGCTAGT,4.004816297309401
17612,0.13484498166300557,12__mutated,PertCortex_12_AGCGTCGGTAGCTAAA,3.175971504505275
17613,0.23298117394827622,12__mutated,PertCortex_12_AGCGTCGTCACCTTAT,2.6645047207566397
17614,0.10694331163913111,12__mutated,PertCortex_12_AGCTCCTAGTGTACGG,4.633880257431084
17615,0.17518191372322353,12__mutated,PertCortex_12_AGCTCCTGTAAGGGAA,4.524474903649732
17616,0.1157626439929055,12__mutated,PertCortex_12_AGCTCCTGTGCACGAA,5.1731383491560115
17617,0.10783022518347336,12__mutated,PertCortex_12_AGCTCCTGTGCCTGTG,4.694410102724376
17618,0.12079546444149178,12__mutated,PertCortex_12_AGCTCCTGTTAGAACA,3.3995426519096363
17619,0.12301404412870715,12__mutated,PertCortex_12_AGCTCCTTCCCTCTTT,4.499244084436277
17620,0.03565110336722824,12__mutated,PertCortex_12_AGCTCTCAGGTTCCTA,3.6715968960333805
17621,0.08310724825528351,12__mutated,PertCortex_12_AGCTCTCCACGTGAGA,4.855935441867101
17622,0.2685786380586667,12__mutated,PertCortex_12_AGCTCTCGTCCCGACA,2.6364758131685146
17623,0.34200557159908823,12__mutated,PertCortex_12_AGCTCTCTCTAACCGA,2.247681705138724
17624,0.08126790323682619,12__mutated,PertCortex_12_AGCTTGATCATTATCC,4.6007208319098005
17625,0.08071660172481984,12__mutated,PertCortex_12_AGCTTGATCCTCAACC,3.295358136277119
17626,0.5631868632056843,12__mutated,PertCortex_12_AGCTTGATCTAAGCCA,1.762225526467202
17627,0.5655967030633006,12__mutated,PertCortex_12_AGGCCACAGACGCAAC,1.8120014204501549
17628,0.09423575240504271,12__mutated,PertCortex_12_AGGCCACAGCGTTCCG,3.9801944946181456
17629,0.5620748542123473,12__mutated,PertCortex_12_AGGCCACCACCAGGCT,1.7460644685033646
17630,0.19494268318262156,12__mutated,PertCortex_12_AGGCCACGTACTTAGC,4.554258791355359
17631,0.03191633947229291,12__mutated,PertCortex_12_AGGCCGTAGCGATCCC,5.532442093786988
17632,0.07527734153878196,12__mutated,PertCortex_12_AGGCCGTAGGCAAAGA,4.21154738696626
17633,0.038366064425416194,12__mutated,PertCortex_12_AGGCCGTGTAAACGCG,4.032658658145588
17634,0.11882367438993521,12__mutated,PertCortex_12_AGGGAGTGTACAGCAG,4.43510295458248
17635,0.07819360419149134,12__mutated,PertCortex_12_AGGGAGTGTCCAACTA,3.75689259069671
17636,0.055024834736987674,12__mutated,PertCortex_12_AGGGAGTGTCTAGTGT,2.388288249345259
17637,0.12601773932275973,12__mutated,PertCortex_12_AGGGAGTTCCCAGGTG,3.058335822340111
17638,0.09349506764585513,12__mutated,PertCortex_12_AGGGATGAGAAGCCCA,4.962723810012287
17639,0.47573645552701,12__mutated,PertCortex_12_AGGGATGAGACAATAC,1.8448121347272008
17640,0.002676627964488617,12__mutated,PertCortex_12_AGGGATGAGACTGTAA,4.651279614029474
17641,0.5032952509851365,12__mutated,PertCortex_12_AGGGATGAGATGTAAC,1.641751301845937
17642,0.10502643486726713,12__mutated,PertCortex_12_AGGGATGAGGCGACAT,4.06339457631552
17643,0.08724589388796537,12__mutated,PertCortex_12_AGGGATGCATGTAGTC,5.053101796668272
17644,0.15559269089670527,12__mutated,PertCortex_12_AGGGATGGTCTTGTCC,2.6291069950988875
17645,0.06917552646844675,12__mutated,PertCortex_12_AGGGATGGTGCAGGTA,4.1447751916613935
17646,0.11874012633730728,12__mutated,PertCortex_12_AGGGATGTCACCAGGC,3.077066453796515
17647,0.14213306447328752,12__mutated,PertCortex_12_AGGGATGTCCAGATCA,3.731236857475339
17648,0.0682192679790465,12__mutated,PertCortex_12_AGGGTGAGTCATCGGC,4.506801404855914
17649,0.3100568337279216,12__mutated,PertCortex_12_AGGTCATCAATAGCAA,2.3924628198338125
17650,0.05707787724463257,12__mutated,PertCortex_12_AGGTCATCACTCGACG,2.8803569168416323
17651,0.1311646978470509,12__mutated,PertCortex_12_AGGTCATCAGATTGCT,5.326205017235008
17652,0.08277424545301197,12__mutated,PertCortex_12_AGGTCATCAGGGATTG,3.4324762400848905
17653,0.08935841371255163,12__mutated,PertCortex_12_AGGTCATCATGCCTAA,3.8470559719080257
17654,0.13855631234298216,12__mutated,PertCortex_12_AGGTCATTCAAGGTAA,3.9847881255698265
17655,0.03421677823872825,12__mutated,PertCortex_12_AGGTCATTCAGGCGAA,4.33370299191382
17656,0.3834345679716759,12__mutated,PertCortex_12_AGGTCCGAGCCCAGCT,2.307078638753187
17657,0.051197467597109615,12__mutated,PertCortex_12_AGGTCCGAGCTACCGC,3.179311673601246
17658,0.18546266612189946,12__mutated,PertCortex_12_AGGTCCGAGTGTTGAA,1.9800952757825916
17659,0.1292362117101069,12__mutated,PertCortex_12_AGGTCCGCACGAGGTA,3.1161721988252133
17660,0.19907990844206722,12__mutated,PertCortex_12_AGGTCCGGTGGAAAGA,4.805375106678705
17661,0.12457142435448929,12__mutated,PertCortex_12_AGGTCCGTCCCATTTA,4.878037614581273
17662,0.144766092179717,12__mutated,PertCortex_12_AGGTCCGTCGCTTGTC,4.5852376710386995
17663,0.10146795064826782,12__mutated,PertCortex_12_AGTAGTCAGACTGTAA,3.613645050964116
17664,0.12079721333347503,12__mutated,PertCortex_12_AGTAGTCCAAGCGTAG,4.228852655062185
17665,0.27458173687719156,12__mutated,PertCortex_12_AGTCTTTCACCTGGTG,1.971674194808193
17666,0.03731686847126984,12__mutated,PertCortex_12_AGTCTTTCATGGAATA,4.031710506093621
17667,0.1420312496961651,12__mutated,PertCortex_12_AGTCTTTGTACAAGTA,3.9961214520855712
17668,0.07390576661150824,12__mutated,PertCortex_12_AGTCTTTGTCAGTGGA,3.9000833475174295
17669,0.04856086942228387,12__mutated,PertCortex_12_AGTGAGGCAAGCCATT,4.460895193610186
17670,0.10198446008940827,12__mutated,PertCortex_12_AGTGAGGCATCGGAAG,3.825725268687922
17671,0.2759310328380958,12__mutated,PertCortex_12_AGTGAGGGTTGATTGC,1.641105655271304
17672,0.42696408269933545,12__mutated,PertCortex_12_AGTGAGGTCGACCAGC,1.8616566270028998
17673,0.050151307264425724,12__mutated,PertCortex_12_AGTGGGAGTAACGTTC,4.325013364637763
17674,0.10501981965880107,12__mutated,PertCortex_12_AGTGGGAGTCGGCTCA,3.926003785556106
17675,0.5076310513100811,12__mutated,PertCortex_12_AGTGGGAGTCTTTCAT,2.266441574325091
17676,0.15626640112320747,12__mutated,PertCortex_12_AGTGTCAAGAGATGAG,4.479341724331553
17677,0.09842277122654416,12__mutated,PertCortex_12_AGTGTCAAGCGTGTCC,4.120779167336671
17678,0.08385915043911886,12__mutated,PertCortex_12_AGTGTCACAACGATGG,4.546974254689106
17679,0.08510019652874169,12__mutated,PertCortex_12_AGTGTCAGTATAAACG,4.453202195534403
17680,-0.02683856457341816,12__mutated,PertCortex_12_AGTGTCAGTTTGGCGC,3.7743507285694524
17681,0.06201468174677558,12__mutated,PertCortex_12_AGTGTCATCCCTCTTT,4.259093417777343
17682,0.25761100312888574,12__mutated,PertCortex_12_AGTTGGTAGAGCAATT,3.327217272469096
17683,0.052107929144988595,12__mutated,PertCortex_12_AGTTGGTAGCCAGGAT,4.3698299735057935
17684,0.10744874665510991,12__mutated,PertCortex_12_AGTTGGTCACACCGCA,2.212303006746457
17685,0.08765259830555851,12__mutated,PertCortex_12_AGTTGGTGTGATAAGT,4.473624542576789
17686,0.15252256221593488,12__mutated,PertCortex_12_AGTTGGTTCCAAAGTC,5.339294881849399
17687,0.11146745129218527,12__mutated,PertCortex_12_AGTTGGTTCCGTCAAA,4.474798294376571
17688,0.14879283118587994,12__mutated,PertCortex_12_ATAAGAGCATATACCG,4.237140157938714
17689,0.4473907536944778,12__mutated,PertCortex_12_ATAAGAGGTTACGGAG,1.8039607150703532
17690,0.1294909419283391,12__mutated,PertCortex_12_ATAAGAGTCCTTTCTC,4.022586404138786
17691,0.09904981985388688,12__mutated,PertCortex_12_ATAAGAGTCGGAATCT,5.398274383675967
17692,0.22260524737737594,12__mutated,PertCortex_12_ATAAGAGTCGTGGTCG,3.0841884418919467
17693,0.10611629318529604,12__mutated,PertCortex_12_ATAGACCGTTGGTGGA,4.261118162999394
17694,0.18087215010964283,12__mutated,PertCortex_12_ATCACGACATCCCATC,3.4508593602327786
17695,0.2598121376628107,12__mutated,PertCortex_12_ATCACGAGTCTAGGTT,2.4039235102873455
17696,0.061194420927303816,12__mutated,PertCortex_12_ATCACGATCACATACG,2.5049728730081045
17697,0.2270522837813252,12__mutated,PertCortex_12_ATCACGATCCAAGCCG,3.715355885142472
17698,0.11114263725546558,12__mutated,PertCortex_12_ATCATCTAGCGTGAAC,3.936811485803515
17699,0.37199472314395643,12__mutated,PertCortex_12_ATCATCTCAGTAAGAT,2.9783297533422117
17700,0.12481706841500775,12__mutated,PertCortex_12_ATCATCTGTACTCAAC,4.57937998791059
17701,0.08211659416201894,12__mutated,PertCortex_12_ATCATCTGTAGCAAAT,4.279489545020933
17702,0.230934851379352,12__mutated,PertCortex_12_ATCATGGAGGACCACA,3.6732599064964697
17703,0.3932918341607446,12__mutated,PertCortex_12_ATCATGGAGTTGTAGA,2.3914292974796725
17704,0.15026715803338203,12__mutated,PertCortex_12_ATCATGGGTGCACGAA,6.052722781032102
17705,0.5651071394299224,12__mutated,PertCortex_12_ATCATGGTCACTTATC,2.083234122005054
17706,0.28514216985190505,12__mutated,PertCortex_12_ATCCACCAGCCACTAT,2.2882670458502163
17707,0.15465118556851293,12__mutated,PertCortex_12_ATCCACCCAGGTGCCT,5.2347321861156635
17708,0.14278926831601424,12__mutated,PertCortex_12_ATCCACCGTGTGTGCC,4.310830844750566
17709,0.06805196013660103,12__mutated,PertCortex_12_ATCCGAAAGCCATCGC,3.96616892134687
17710,0.08231765160078958,12__mutated,PertCortex_12_ATCCGAACACCACGTG,4.298106187924686
17711,0.1708646133588532,12__mutated,PertCortex_12_ATCCGAAGTTACCAGT,3.930605023357435
17712,0.17119792811962078,12__mutated,PertCortex_12_ATCCGAATCTGGAGCC,4.996366272610224
17713,0.08884807871995305,12__mutated,PertCortex_12_ATCGAGTAGGTTACCT,4.147180554836091
17714,0.08819038450961718,12__mutated,PertCortex_12_ATCGAGTCAGACACTT,4.42295264061546
17715,0.13731364132331184,12__mutated,PertCortex_12_ATCGAGTTCAATAAGG,4.832995642796635
17716,0.19061669056232192,12__mutated,PertCortex_12_ATCGAGTTCGGAAATA,3.6475573135800214
17717,0.09576403882175259,12__mutated,PertCortex_12_ATCGAGTTCTCTTGAT,2.963535044652007
17718,0.20157834621746484,12__mutated,PertCortex_12_ATCTACTAGATATACG,2.7178120875922707
17719,0.11523320001395573,12__mutated,PertCortex_12_ATCTACTTCCCGACTT,4.036935073310354
17720,0.30228676494803075,12__mutated,PertCortex_12_ATCTACTTCGAATGCT,1.856377219666941
17721,0.0961037438023366,12__mutated,PertCortex_12_ATCTACTTCTCGATGA,4.119937663785386
17722,0.29384320182471957,12__mutated,PertCortex_12_ATCTGCCAGATGGCGT,1.9894241296930641
17723,0.12595754974754841,12__mutated,PertCortex_12_ATCTGCCCAGCTCGAC,1.596985391496902
17724,0.11172723897666255,12__mutated,PertCortex_12_ATCTGCCCATGCTGGC,4.5397678329603135
17725,0.4179677873160451,12__mutated,PertCortex_12_ATCTGCCGTCCAAGTT,2.078322589387983
17726,0.11656759029486959,12__mutated,PertCortex_12_ATCTGCCTCCGTTGCT,3.719719980719767
17727,0.4982477747349058,12__mutated,PertCortex_12_ATCTGCCTCTGTACGA,1.704977344186062
17728,0.10444331518361546,12__mutated,PertCortex_12_ATGAGGGAGCTGCGAA,4.341087654114698
17729,0.023686829797987988,12__mutated,PertCortex_12_ATGAGGGGTAGCTCCG,3.804348098080787
17730,0.07285395060883448,12__mutated,PertCortex_12_ATGAGGGTCCTTGGTC,5.811153371764555
17731,0.12503882486083823,12__mutated,PertCortex_12_ATGCGATGTCTGCCAG,4.107494820029887
17732,0.22776561840392742,12__mutated,PertCortex_12_ATGCGATGTGTAACGG,2.9658555878773303
17733,0.08267902074964494,12__mutated,PertCortex_12_ATGCGATTCAACCAAC,4.9863960338330156
17734,0.09827256139670962,12__mutated,PertCortex_12_ATGCGATTCAATCTCT,4.180543632690652
17735,0.07049633546689238,12__mutated,PertCortex_12_ATGGGAGAGGAGTACC,4.607417233958037
17736,0.5373548561625736,12__mutated,PertCortex_12_ATGGGAGAGGTGATAT,1.6645630452055853
17737,0.15991888209737673,12__mutated,PertCortex_12_ATGGGAGCAATGGAAT,3.9141013130133873
17738,0.31607452863471625,12__mutated,PertCortex_12_ATGGGAGGTAGTAGTA,1.9191191842581268
17739,0.13743784550686453,12__mutated,PertCortex_12_ATGGGAGGTCACACGC,4.836849369192507
17740,0.13670676674757065,12__mutated,PertCortex_12_ATGGGAGGTGTTTGTG,4.7353425414105095
17741,0.01665969118784378,12__mutated,PertCortex_12_ATGGGAGTCACTCCTG,3.3559795956655285
17742,0.06215507280488687,12__mutated,PertCortex_12_ATGTGTGAGGTGATTA,4.643316918694698
17743,0.541794390964909,12__mutated,PertCortex_12_ATGTGTGAGTAGATGT,1.670693141871511
17744,0.21053672481918356,12__mutated,PertCortex_12_ATGTGTGCAAACCCAT,2.183850350296073
17745,0.050666377133962305,12__mutated,PertCortex_12_ATGTGTGCAGGTGGAT,2.95296164501763
17746,0.34004904082867393,12__mutated,PertCortex_12_ATGTGTGCATGGGACA,1.9944269238655077
17747,0.15904465468164844,12__mutated,PertCortex_12_ATGTGTGTCTTCTGGC,3.6033162120710016
17748,0.08239922327389035,12__mutated,PertCortex_12_ATTACTCGTGCACCAC,3.8352327770518264
17749,0.2600096952609204,12__mutated,PertCortex_12_ATTATCCAGCTGATAA,1.9544210547165841
17750,0.09737493642360648,12__mutated,PertCortex_12_ATTATCCCATCGTCGG,3.3779783150832983
17751,0.17920524871625207,12__mutated,PertCortex_12_ATTATCCGTAAGTGTA,3.520135106142225
17752,0.07884360496263622,12__mutated,PertCortex_12_ATTATCCGTGCGGTAA,4.253398910579586
17753,0.36474452622319625,12__mutated,PertCortex_12_ATTATCCGTTTCCACC,2.1959568320358183
17754,0.4854436235612557,12__mutated,PertCortex_12_ATTATCCTCCTAGTGA,2.09851824372209
17755,0.032824042782201905,12__mutated,PertCortex_12_ATTATCCTCTTGACGA,2.642395746265393
17756,0.029277965682789987,12__mutated,PertCortex_12_ATTATCCTCTTGCATT,3.7885156500721022
17757,0.12127947249337186,12__mutated,PertCortex_12_ATTCTACAGAGGTACC,3.899455605764824
17758,0.14694829340418836,12__mutated,PertCortex_12_ATTCTACGTAAGCACG,5.063452724049943
17759,0.10563026515079584,12__mutated,PertCortex_12_ATTCTACGTCCAACTA,5.605947233239341
17760,0.2079596038687242,12__mutated,PertCortex_12_ATTGGACAGGGTATCG,2.323908840154957
17761,0.42809292965470147,12__mutated,PertCortex_12_ATTGGACCAGTACACT,2.1721575534653472
17762,0.08565055243791718,12__mutated,PertCortex_12_ATTGGACCATAAAGGT,4.101018581241107
17763,0.14076814211660554,12__mutated,PertCortex_12_ATTGGACGTAAATGAC,3.3927227103953506
17764,0.14708626996941868,12__mutated,PertCortex_12_ATTGGACGTAACGTTC,4.088577204249456
17765,0.2700242316009823,12__mutated,PertCortex_12_ATTGGACGTCGTGGCT,3.7396679558120995
17766,0.10274417134238695,12__mutated,PertCortex_12_ATTGGACTCGCCAAAT,4.255778291916393
17767,0.08649365804739839,12__mutated,PertCortex_12_ATTGGTGAGATGGGTC,3.8415949244268806
17768,0.09275008095827772,12__mutated,PertCortex_12_ATTGGTGAGCCGGTAA,3.8089558343116106
17769,0.07158003576927234,12__mutated,PertCortex_12_ATTGGTGGTTGAGGTG,3.485014377663959
17770,0.34986318545433254,12__mutated,PertCortex_12_ATTGGTGTCCTCAATT,2.07916861266074
17771,0.3188772472942235,12__mutated,PertCortex_12_ATTGGTGTCTGCCAGG,3.131876432129674
17772,0.13491384436606,12__mutated,PertCortex_12_ATTTCTGCACCGCTAG,3.8425594305747874
17773,0.17481191395460122,12__mutated,PertCortex_12_ATTTCTGCATGACGGA,3.821470172940303
17774,0.06923211266525607,12__mutated,PertCortex_12_ATTTCTGCATGGAATA,4.319607148838657
17775,0.14692555022243978,12__mutated,PertCortex_12_ATTTCTGTCATCATTC,1.1089669496418255
17776,0.1110290303678944,12__mutated,PertCortex_12_CAACCAAGTAGCTCCG,4.062396948249958
17777,0.5483732744088046,12__mutated,PertCortex_12_CAACCAATCTCGGACG,1.7969771442576865
17778,0.05404350853462036,12__mutated,PertCortex_12_CAACCTCAGAGCTGGT,3.6753723807126506
17779,0.06008829204686704,12__mutated,PertCortex_12_CAACCTCAGATCCCAT,4.282497513486601
17780,0.2619864850259126,12__mutated,PertCortex_12_CAACCTCAGGAGCGAG,2.4475780603343216
17781,0.11151751909844602,12__mutated,PertCortex_12_CAACCTCCAAACTGTC,4.688091497507027
17782,0.24189448966999239,12__mutated,PertCortex_12_CAACCTCCACACAGAG,2.5430817940081254
17783,0.26005085585953014,12__mutated,PertCortex_12_CAACCTCTCAACGCTA,2.6151359372256993
17784,0.16851843377394274,12__mutated,PertCortex_12_CAACCTCTCATGCATG,2.271754066678241
17785,0.4584788027060409,12__mutated,PertCortex_12_CAACTAGCAATCGAAA,1.943550204218492
17786,0.06690358095516645,12__mutated,PertCortex_12_CAACTAGGTTATGCGT,3.888604382641806
17787,0.17804038288601015,12__mutated,PertCortex_12_CAACTAGTCCACGACG,3.548091992670143
17788,0.057746241998789846,12__mutated,PertCortex_12_CAACTAGTCGCACTCT,3.341391161956567
17789,0.10749962579209718,12__mutated,PertCortex_12_CAAGAAATCGACGGAA,4.110717253524278
17790,0.089673197405662,12__mutated,PertCortex_12_CAAGATCAGCTACCGC,3.4729319294267254
17791,0.0853745647734738,12__mutated,PertCortex_12_CAAGATCAGGGTTCCC,2.9377005124656517
17792,0.39331845934053977,12__mutated,PertCortex_12_CAAGATCCACGCTTTC,3.288827148535899
17793,0.10575205445098336,12__mutated,PertCortex_12_CAAGATCCAGATCTGT,3.2296148950410934
17794,0.0003380820153924795,12__mutated,PertCortex_12_CAAGATCGTAAATGAC,4.107638031096589
17795,0.08524476274408131,12__mutated,PertCortex_12_CAAGATCGTGACTACT,4.503576565169664
17796,0.5346154060344596,12__mutated,PertCortex_12_CAAGATCTCCAACCAA,1.800966033672377
17797,0.11149348350487692,12__mutated,PertCortex_12_CAAGATCTCCCGGATG,3.6764151636567584
17798,0.357175765930796,12__mutated,PertCortex_12_CAAGGCCAGCAATATG,2.2417693708260487
17799,0.09975010672001934,12__mutated,PertCortex_12_CAAGGCCCACCACGTG,3.475866623500739
17800,0.061260524798243,12__mutated,PertCortex_12_CAAGGCCCACGGACAA,3.952800331447258
17801,0.5592181063141172,12__mutated,PertCortex_12_CAAGGCCTCAACTCTT,1.7411197650582448
17802,0.27999149085798286,12__mutated,PertCortex_12_CAAGGCCTCACTTACT,2.228686515196109
17803,0.1200508031438535,12__mutated,PertCortex_12_CAAGTTGAGATCTGCT,4.864084216123761
17804,0.5643442930698503,12__mutated,PertCortex_12_CAAGTTGAGCCCTAAT,1.5865776008616577
17805,0.16727343758355093,12__mutated,PertCortex_12_CAAGTTGGTAGATTAG,4.615817639039315
17806,0.08335865120443985,12__mutated,PertCortex_12_CAAGTTGGTTCGTCTC,4.143116443115977
17807,0.22159946195674826,12__mutated,PertCortex_12_CACAAACAGGCTAGGT,2.7193251727122174
17808,0.04389681411104589,12__mutated,PertCortex_12_CACAAACCATAGAAAC,2.234286380619908
17809,0.5197736713573198,12__mutated,PertCortex_12_CACAAACGTCACTTCC,1.888573719672239
17810,0.4620989638895292,12__mutated,PertCortex_12_CACAAACGTTAAGAAC,2.5132355872833925
17811,0.08752500224837242,12__mutated,PertCortex_12_CACAAACTCTATCGCC,3.3819373189790713
17812,0.07127532733422298,12__mutated,PertCortex_12_CACAAACTCTGTTTGT,4.235393407448786
17813,0.0867300744023982,12__mutated,PertCortex_12_CACACAAAGATCACGG,4.501626998777922
17814,0.10973428637217339,12__mutated,PertCortex_12_CACACAAAGGTGCACA,3.0319647647908594
17815,0.12107773206939428,12__mutated,PertCortex_12_CACACAAAGTGGAGTC,4.2837869273607545
17816,0.16372525101861823,12__mutated,PertCortex_12_CACACAACACGGCTAC,3.6285657402031353
17817,0.3645221110013015,12__mutated,PertCortex_12_CACACAAGTAACGCGA,2.2917458749678628
17818,0.18205369167522822,12__mutated,PertCortex_12_CACACAAGTACGCACC,2.597797318381443
17819,0.28862970822134415,12__mutated,PertCortex_12_CACACAATCAAAGACA,4.399481370204436
17820,0.3444335614782841,12__mutated,PertCortex_12_CACACAATCTCACATT,3.7524123221374044
17821,0.13759363309405717,12__mutated,PertCortex_12_CACACCTAGAACAATC,3.4850931807285823
17822,0.1485691965651284,12__mutated,PertCortex_12_CACACCTAGATGTGGC,3.959738874982283
17823,0.19403671100318587,12__mutated,PertCortex_12_CACACCTAGCGATAGC,2.382900226452738
17824,0.1215992698200118,12__mutated,PertCortex_12_CACACCTAGTCCATAC,4.234927198047818
17825,0.07398086894382334,12__mutated,PertCortex_12_CACACCTTCTGTTTGT,3.445029314895071
17826,0.056835874584920634,12__mutated,PertCortex_12_CACACTCAGACCTTTG,4.551990247863474
17827,0.10442007125132395,12__mutated,PertCortex_12_CACACTCAGCGTGAAC,4.677975317992585
17828,0.22696833657990922,12__mutated,PertCortex_12_CACACTCCAGATGGGT,2.7916626457577274
17829,0.25969426494533343,12__mutated,PertCortex_12_CACACTCGTTCCCGAG,4.402900986453101
17830,0.21381092606797222,12__mutated,PertCortex_12_CACACTCTCTCCAACC,1.9505195095801109
17831,0.12419755569835543,12__mutated,PertCortex_12_CACAGGCCATCGGTTA,4.032675753974431
17832,0.34792869362432827,12__mutated,PertCortex_12_CACAGGCGTACGCACC,2.4442014413431066
17833,0.09119642704480459,12__mutated,PertCortex_12_CACAGGCGTCTAGCGC,3.611239179147917
17834,0.07483150060642148,12__mutated,PertCortex_12_CACAGGCGTCTCCATC,3.243356787950994
17835,0.09405580545813448,12__mutated,PertCortex_12_CACAGGCGTGTCTGAT,3.7329195523846996
17836,0.24431377072465055,12__mutated,PertCortex_12_CACAGGCGTTAGAACA,1.2942295464022078
17837,0.44110946653247646,12__mutated,PertCortex_12_CACAGGCTCGAGCCCA,1.9388380448693903
17838,0.3749133566490973,12__mutated,PertCortex_12_CACAGTAAGTGTGAAT,2.327170481615027
17839,0.11180953966839535,12__mutated,PertCortex_12_CACAGTACATATACCG,2.282187631130182
17840,0.1168819626704875,12__mutated,PertCortex_12_CACATAGAGAGACTTA,4.50936158595907
17841,0.16025026879802712,12__mutated,PertCortex_12_CACATAGAGCGATGAC,4.629396366821131
17842,0.14203021251181908,12__mutated,PertCortex_12_CACATAGAGTCCTCCT,4.2318055091277165
17843,0.26639956640774376,12__mutated,PertCortex_12_CACATAGCAGCCTGTG,4.712657940116006
17844,0.21604403411541556,12__mutated,PertCortex_12_CACATAGGTGATGATA,3.806003274021908
17845,0.15619083418605664,12__mutated,PertCortex_12_CACATAGGTGGGTATG,4.252093516603407
17846,0.10010837956302146,12__mutated,PertCortex_12_CACATAGGTTTCGCTC,3.7959560061970974
17847,0.13690338269847865,12__mutated,PertCortex_12_CACATAGTCGCAGGCT,4.61688698583077
17848,0.160658734366213,12__mutated,PertCortex_12_CACATAGTCTGTGCAA,5.287197834648436
17849,0.469874618214191,12__mutated,PertCortex_12_CACATTTAGAGCCCAA,1.7915326531998523
17850,0.16602772167723473,12__mutated,PertCortex_12_CACATTTAGTGTTTGC,3.7905415201224844
17851,0.1424402951878556,12__mutated,PertCortex_12_CACATTTCAACACGCC,4.048344326156842
17852,0.12391852856908578,12__mutated,PertCortex_12_CACATTTCAAGCTGTT,4.086506839822375
17853,0.14684730637210577,12__mutated,PertCortex_12_CACATTTCATCATCCC,3.9827047661986557
17854,0.10954050215454486,12__mutated,PertCortex_12_CACATTTGTCCCGACA,3.566892694465959
17855,0.17587509634324996,12__mutated,PertCortex_12_CACATTTGTCTAGCCG,3.5825163179043993
17856,0.1516168967880396,12__mutated,PertCortex_12_CACCACTAGGAGTAGA,4.530596033668146
17857,0.17762581548690617,12__mutated,PertCortex_12_CACCACTCACCGGAAA,3.9121432504448737
17858,0.10516717559312173,12__mutated,PertCortex_12_CACCACTCAGGAATCG,3.566180947148373
17859,0.22328586990549174,12__mutated,PertCortex_12_CACCACTTCTATCGCC,3.7746778476198144
17860,0.14782995916463165,12__mutated,PertCortex_12_CACCAGGAGGAATCGC,5.067907460230355
17861,0.07442474297876121,12__mutated,PertCortex_12_CACCAGGAGGAGTAGA,3.810484686951011
17862,0.551506078537421,12__mutated,PertCortex_12_CACCAGGAGTGAAGTT,2.082915439428444
17863,0.09413854111238337,12__mutated,PertCortex_12_CACCAGGCAATCCAAC,4.378095188961192
17864,0.13465074365928326,12__mutated,PertCortex_12_CACCAGGCAGCGAACA,2.5419165074241423
17865,0.004032718363222575,12__mutated,PertCortex_12_CACCAGGCATCTACGA,3.4515293893466517
17866,0.3386070494662971,12__mutated,PertCortex_12_CACCTTGAGCTAGCCC,4.344363022625475
17867,0.03318025605873849,12__mutated,PertCortex_12_CACTCCATCCTGTACC,3.322285766123662
17868,0.5838758730765197,12__mutated,PertCortex_12_CAGAATCGTAAGTTCC,2.0814231083263675
17869,0.17201651583093505,12__mutated,PertCortex_12_CAGAGAGAGCCAACAG,3.345690061520845
17870,0.2145726630769419,12__mutated,PertCortex_12_CAGAGAGAGCCACCTG,3.7711884090997985
17871,0.05689709433876693,12__mutated,PertCortex_12_CAGAGAGAGGTTACCT,4.441200806062528
17872,0.1360141626783966,12__mutated,PertCortex_12_CAGAGAGTCAGTGTTG,2.273034784542573
17873,0.1533925329024412,12__mutated,PertCortex_12_CAGAGAGTCTAACTCT,3.992657537862303
17874,0.23869380267157386,12__mutated,PertCortex_12_CAGATCAAGAGCCTAG,4.24167593374995
17875,0.43620629885089596,12__mutated,PertCortex_12_CAGATCACACGAGGTA,1.8776582868948484
17876,0.14273866557997816,12__mutated,PertCortex_12_CAGATCAGTCAGAATA,3.959882889075294
17877,0.3297526940294241,12__mutated,PertCortex_12_CAGATCAGTGTCTGAT,4.806021559557992
17878,0.06033643658065848,12__mutated,PertCortex_12_CAGATCATCGTGGGAA,2.5786205927282593
17879,0.1896831569231703,12__mutated,PertCortex_12_CAGATCATCTGTCTAT,3.342616203487388
17880,0.11442501270112901,12__mutated,PertCortex_12_CAGCAGCAGCCAACAG,4.3268474373329004
17881,0.07238179534288841,12__mutated,PertCortex_12_CAGCAGCAGCCGATTT,3.768700901965943
17882,0.5635821484293714,12__mutated,PertCortex_12_CAGCAGCAGGTCATCT,1.9909295304383041
17883,0.0940740719052574,12__mutated,PertCortex_12_CAGCAGCCAAAGGAAG,4.563729216015346
17884,0.08709124033739511,12__mutated,PertCortex_12_CAGCAGCCAAGTAGTA,3.293560904213614
17885,0.04063127460205668,12__mutated,PertCortex_12_CAGCAGCCAATGGACG,3.4203669655527134
17886,0.07845549251882672,12__mutated,PertCortex_12_CAGCAGCCACTATCTT,2.8692424511372083
17887,0.18555559114819134,12__mutated,PertCortex_12_CAGCAGCCATCCGTGG,2.692152803211159
17888,0.22558189990697153,12__mutated,PertCortex_12_CAGCATAAGGAGTTTA,4.7446781902173365
17889,0.47015957658667595,12__mutated,PertCortex_12_CAGCATACACTCGACG,1.7785037954544551
17890,0.0994934492831299,12__mutated,PertCortex_12_CAGCATAGTAGTACCT,3.894863850617106
17891,0.16597605802017795,12__mutated,PertCortex_12_CAGCATATCACGCGGT,2.787956602836883
17892,0.23105954630537823,12__mutated,PertCortex_12_CAGCCGACAAAGTCAA,3.8947121679860452
17893,0.149428113911749,12__mutated,PertCortex_12_CAGCCGATCATGCATG,3.073860999651322
17894,0.5192428317570721,12__mutated,PertCortex_12_CAGCGACCATAACCTG,1.6149947686055575
17895,0.15409410452315378,12__mutated,PertCortex_12_CAGCGACCATGAACCT,4.865587425001194
17896,0.1788606381479005,12__mutated,PertCortex_12_CAGCGACGTATCTGCA,3.295100374548782
17897,0.11229469437523286,12__mutated,PertCortex_12_CAGCGACTCGGTTCGG,3.707398430329754
17898,0.1861966930674127,12__mutated,PertCortex_12_CAGCTAAAGCCCGAAA,2.8873340499373468
17899,0.1610735519762453,12__mutated,PertCortex_12_CAGCTAAAGCTTTGGT,4.009493151570374
17900,0.09084975390458447,12__mutated,PertCortex_12_CAGCTAACACGAAGCA,3.4336624161040668
17901,0.1164267236202008,12__mutated,PertCortex_12_CAGCTAACAGATCGGA,4.53344629714365
17902,0.21124771884803134,12__mutated,PertCortex_12_CAGCTAAGTCATATCG,4.319068910149403
17903,0.4073403993067785,12__mutated,PertCortex_12_CAGCTAATCGCGATCG,2.1658031283764583
17904,0.25671304487483254,12__mutated,PertCortex_12_CAGCTGGAGATCCCAT,3.154300130749939
17905,0.04386094459862146,12__mutated,PertCortex_12_CAGCTGGAGATGCGAC,4.348763918803421
17906,0.0864969099423496,12__mutated,PertCortex_12_CAGCTGGAGTATCGAA,3.8414305382505147
17907,0.3542186115341842,12__mutated,PertCortex_12_CAGCTGGAGTTCGCAT,3.6100841024658057
17908,0.1276792369929399,12__mutated,PertCortex_12_CAGCTGGGTAGCGCAA,4.7885131920304955
17909,0.08116376704418474,12__mutated,PertCortex_12_CAGCTGGTCAGGCAAG,4.568569679768385
17910,0.17630778783764514,12__mutated,PertCortex_12_CAGCTGGTCGTCACGG,3.891069998593664
17911,0.047547220630699744,12__mutated,PertCortex_12_CAGGTGCGTCATACTG,3.5413593460425155
17912,0.21174348009427593,12__mutated,PertCortex_12_CAGGTGCGTGCAGTAG,3.6102664950444505
17913,0.22504669300249094,12__mutated,PertCortex_12_CAGGTGCTCAGTGCAT,4.170293924456628
17914,0.1476333904241928,12__mutated,PertCortex_12_CAGGTGCTCCACGTGG,4.081387843937024
17915,0.14330158479259078,12__mutated,PertCortex_12_CAGTAACCACAGGTTT,4.544242976178281
17916,0.10264640951206735,12__mutated,PertCortex_12_CAGTAACCAGACTCGC,2.825856422402324
17917,0.2755880729085602,12__mutated,PertCortex_12_CAGTAACCAGGTGCCT,3.8389052204604917
17918,0.16290835629645117,12__mutated,PertCortex_12_CAGTAACGTACGAAAT,3.842413099054642
17919,0.13579729119133757,12__mutated,PertCortex_12_CAGTAACTCCCTGACT,4.795274458928337
17920,0.16732439332087906,12__mutated,PertCortex_12_CAGTAACTCCTCGCAT,2.472092911809203
17921,0.0824718535328649,12__mutated,PertCortex_12_CAGTAACTCCTGCAGG,4.28942458237146
17922,0.2118241563778023,12__mutated,PertCortex_12_CAGTCCTAGCCGATTT,3.319584709818525
17923,0.07982146723816856,12__mutated,PertCortex_12_CAGTCCTGTATAGGTA,4.761889169963281
17924,0.0984907772841077,12__mutated,PertCortex_12_CAGTCCTGTTAGATGA,3.8718105089600394
17925,0.06927994173078622,12__mutated,PertCortex_12_CAGTCCTTCAACGAAA,4.29200474321198
17926,0.3242237737070568,12__mutated,PertCortex_12_CATATGGAGTGGGCTA,1.8864239085772474
17927,0.15530360261978657,12__mutated,PertCortex_12_CATATGGCAAGCGAGT,3.2710339107903192
17928,0.28154578099293776,12__mutated,PertCortex_12_CATATGGCATCACGTA,2.029128464044635
17929,0.09665962671348012,12__mutated,PertCortex_12_CATATTCAGCACCGTC,3.8811706897330187
17930,0.16906761713169113,12__mutated,PertCortex_12_CATATTCAGGCTACGA,2.7874710204880455
17931,0.21889040127358866,12__mutated,PertCortex_12_CATATTCCAAGGTTCT,3.908092768383034
17932,0.22098027386131103,12__mutated,PertCortex_12_CATATTCGTACGCTGC,3.3079256186126256
17933,0.17655981515550692,12__mutated,PertCortex_12_CATATTCGTCTTGTCC,4.411469990076277
17934,0.08853823377228225,12__mutated,PertCortex_12_CATATTCGTTAAGACA,4.735372251607518
17935,0.15343153629165904,12__mutated,PertCortex_12_CATATTCTCAACCATG,4.337550090111461
17936,0.20306101601600443,12__mutated,PertCortex_12_CATCAAGAGATTACCC,4.294918049867269
17937,0.1483760481974764,12__mutated,PertCortex_12_CATCAAGAGCGAAGGG,2.8839526769735957
17938,0.4069250364898635,12__mutated,PertCortex_12_CATCAAGAGCGTTCCG,1.8260639059391999
17939,0.09283290500053096,12__mutated,PertCortex_12_CATCAAGAGGGTTCCC,3.000091899125874
17940,0.13257653907598904,12__mutated,PertCortex_12_CATCAAGCAGTAACGG,3.667076000213822
17941,0.06488722795511964,12__mutated,PertCortex_12_CATCAAGGTACCGGCT,4.163274667705008
17942,0.17506488391693523,12__mutated,PertCortex_12_CATCAAGTCGGAATCT,3.661708265243645
17943,0.08031785048029692,12__mutated,PertCortex_12_CATCAGAAGGGATGGG,3.9156398021630157
17944,0.21762733167417175,12__mutated,PertCortex_12_CATCAGACACGCGAAA,4.1018864770163
17945,0.14496525728991336,12__mutated,PertCortex_12_CATCAGATCGTAGATC,4.71892888055544
17946,0.23995640882585767,12__mutated,PertCortex_12_CATCCACAGCGGCTTC,3.1417189937934626
17947,0.11925798087007472,12__mutated,PertCortex_12_CATCCACCAGAGTGTG,3.182367859948478
17948,0.07753725768616902,12__mutated,PertCortex_12_CATCCACTCACCTCGT,4.316243896946468
17949,0.16453004609218705,12__mutated,PertCortex_12_CATCGAACATTGGTAC,3.6506916863866548
17950,0.3998747038131025,12__mutated,PertCortex_12_CATCGAAGTGATGTGG,2.8679368289071054
17951,0.17136829650736324,12__mutated,PertCortex_12_CATCGAATCAGGCGAA,2.8046864850511297
17952,0.5547870972120914,12__mutated,PertCortex_12_CATCGAATCCGCGCAA,1.7705867094924812
17953,0.1887466245421896,12__mutated,PertCortex_12_CATCGAATCTACTTAC,4.586905527355287
17954,0.3104172493013179,12__mutated,PertCortex_12_CATCGAATCTCGTATT,2.1648412178631125
17955,0.11891927628827856,12__mutated,PertCortex_12_CATCGAATCTGCTGTC,3.706508031089713
17956,0.07626952849897103,12__mutated,PertCortex_12_CATCGGGCAACACCCG,3.8076635131968506
17957,0.11958747195491541,12__mutated,PertCortex_12_CATCGGGGTACTCGCG,3.1903027437433793
17958,0.22124263195331906,12__mutated,PertCortex_12_CATCGGGGTCAGAAGC,3.002199086940213
17959,0.13635168156613361,12__mutated,PertCortex_12_CATGACAAGGCTCATT,4.789453295011967
17960,0.43268173659300446,12__mutated,PertCortex_12_CATGACAGTCCGAACC,2.1644623850111224
17961,0.08131140982180331,12__mutated,PertCortex_12_CATGACAGTTGAGTTC,4.183572948508306
17962,0.16997296626218003,12__mutated,PertCortex_12_CATGACATCCCAGGTG,4.272762784473864
17963,0.16672734269340975,12__mutated,PertCortex_12_CATGACATCCTAGTGA,4.607117394821534
17964,0.21209210916919707,12__mutated,PertCortex_12_CATGCCTCAAGCCGTC,4.4535519542459925
17965,0.08968065513098868,12__mutated,PertCortex_12_CATGCCTGTGTTTGGT,2.8524235529636504
17966,0.16200371786403805,12__mutated,PertCortex_12_CATGGCGAGGATGGAA,3.4763321023673592
17967,0.07033655844834738,12__mutated,PertCortex_12_CATGGCGGTATATGAG,3.1673542150813265
17968,0.09914149328389142,12__mutated,PertCortex_12_CATGGCGTCATCTGCC,4.018684372699706
17969,0.10928534882882246,12__mutated,PertCortex_12_CATTATCAGGAGCGTT,4.129820839432419
17970,0.2424799456378018,12__mutated,PertCortex_12_CATTATCAGTCGATAA,2.575473110150558
17971,0.5004457072221267,12__mutated,PertCortex_12_CATTATCCACATCCAA,1.8311872698683624
17972,0.13250011192714053,12__mutated,PertCortex_12_CATTATCGTCGAACAG,3.4242346188298023
17973,0.13658364375010096,12__mutated,PertCortex_12_CATTATCTCACAATGC,2.7478837463922496
17974,0.15519112741200697,12__mutated,PertCortex_12_CATTATCTCAGTCCCT,4.435778166717495
17975,0.2129841151200146,12__mutated,PertCortex_12_CATTCGCAGTTCGCAT,4.478851600459174
17976,0.44897439071897943,12__mutated,PertCortex_12_CATTCGCCACACTGCG,1.8509265220205728
17977,0.15578441033583415,12__mutated,PertCortex_12_CATTCGCCAGTAAGCG,2.6230080693802362
17978,0.058505411688747656,12__mutated,PertCortex_12_CATTCGCCATATGGTC,4.423005621862884
17979,0.13088891745657727,12__mutated,PertCortex_12_CATTCGCGTAGCCTAT,4.317519207279084
17980,0.2846187429494895,12__mutated,PertCortex_12_CATTCGCTCCCTTGTG,3.0184887698296867
17981,0.21060720521116297,12__mutated,PertCortex_12_CCAATCCAGTTTAGGA,3.6693682516380806
17982,0.3335863542389045,12__mutated,PertCortex_12_CCAATCCCACCAGGTC,2.3431746112691
17983,0.07976562154674992,12__mutated,PertCortex_12_CCAATCCGTAGAAAGG,4.590149243912211
17984,0.06509601619728765,12__mutated,PertCortex_12_CCAATCCTCATAACCG,4.208881899079115
17985,0.16522533189159283,12__mutated,PertCortex_12_CCAATCCTCCTGCTTG,4.266174811430303
17986,0.08187881360937185,12__mutated,PertCortex_12_CCACCTAAGCTGAACG,4.758063477759031
17987,0.09557833304512225,12__mutated,PertCortex_12_CCACCTAAGGAGTAGA,4.852606734160076
17988,0.1820188751438965,12__mutated,PertCortex_12_CCACCTACACGAGAGT,4.096604034935395
17989,0.17059104559357927,12__mutated,PertCortex_12_CCACCTACAGCTTCGG,4.7389181429591165
17990,0.08074700250935586,12__mutated,PertCortex_12_CCACCTACATGGGACA,2.89835215221898
17991,0.046091713350134164,12__mutated,PertCortex_12_CCACCTAGTATAGGGC,4.231711187575143
17992,0.10103798410055914,12__mutated,PertCortex_12_CCACCTAGTTGCGTTA,3.406202439095128
17993,0.10046020963048889,12__mutated,PertCortex_12_CCACCTATCACGCGGT,4.3920930898899755
17994,0.1512006771211451,12__mutated,PertCortex_12_CCACGGAAGAGACTTA,3.6641122089844607
17995,0.1731958875583035,12__mutated,PertCortex_12_CCACGGAAGTACCGGA,4.089181187472779
17996,0.10120455791751001,12__mutated,PertCortex_12_CCACGGAGTTCGTGAT,4.529666496599211
17997,0.23517467067819992,12__mutated,PertCortex_12_CCACTACCATGCAACT,2.916499197102691
17998,0.27278991270145425,12__mutated,PertCortex_12_CCACTACCATTCACTT,3.9845998786064647
17999,0.06871513468405399,12__mutated,PertCortex_12_CCACTACGTGACTACT,3.9592552911236996
18000,0.4241681907076518,12__mutated,PertCortex_12_CCACTACTCGGCGGTT,1.8897961820533646
18001,0.02689536270076867,12__mutated,PertCortex_12_CCAGCGACAGGTCTCG,4.253957754132598
18002,0.1522302512513266,12__mutated,PertCortex_12_CCAGCGAGTAATCACC,3.1204868795815073
18003,0.14742567464908635,12__mutated,PertCortex_12_CCAGCGAGTAGAAAGG,4.951604283516263
18004,0.229775408643317,12__mutated,PertCortex_12_CCAGCGAGTGTTTGTG,3.1922817168472966
18005,0.32020839563104464,12__mutated,PertCortex_12_CCAGCGAGTTTCCACC,2.5955371251537316
18006,0.5106560553432261,12__mutated,PertCortex_12_CCATGTCAGTACCGGA,1.8211977184717312
18007,0.48838521440511096,12__mutated,PertCortex_12_CCATGTCCAACTTGAC,1.6540806168201752
18008,0.7006788014428444,12__mutated,PertCortex_12_CCATGTCCACATGGGA,2.0363549734540354
18009,0.244936470496809,12__mutated,PertCortex_12_CCATGTCCATCTCCCA,4.3840656623741285
18010,0.03176211194624332,12__mutated,PertCortex_12_CCATGTCCATTAACCG,4.219447655132199
18011,0.18505877923954578,12__mutated,PertCortex_12_CCATGTCTCTCTGAGA,2.9086416279378344
18012,0.12731238933232997,12__mutated,PertCortex_12_CCATTCGAGCTGGAAC,2.7787831553464684
18013,0.2489023762524953,12__mutated,PertCortex_12_CCATTCGAGGCTAGGT,4.838546059382665
18014,0.11225658556754432,12__mutated,PertCortex_12_CCATTCGCAGTGGGAT,1.978845155254043
18015,0.17547921701807806,12__mutated,PertCortex_12_CCATTCGGTGTGCCTG,2.455807111994561
18016,0.2568677928435317,12__mutated,PertCortex_12_CCATTCGTCTCCTATA,4.323080624707161
18017,0.05205041405589995,12__mutated,PertCortex_12_CCCAATCAGGTGATTA,4.946218106418619
18018,0.1923481189534619,12__mutated,PertCortex_12_CCCAATCAGGTGCTAG,4.468536771137293
18019,0.10938009354845503,12__mutated,PertCortex_12_CCCAATCCACGACGAA,3.8632542418684213
18020,0.1686796477452299,12__mutated,PertCortex_12_CCCAATCCAGACGCTC,4.166387654447306
18021,0.2178597641845896,12__mutated,PertCortex_12_CCCAATCGTCATCGGC,3.1281869123044
18022,0.09512685924566057,12__mutated,PertCortex_12_CCCAATCGTGATAAAC,3.8717556060685636
18023,0.4290531061092823,12__mutated,PertCortex_12_CCCAATCTCAAGAAGT,2.1703657545452377
18024,0.15597990429409436,12__mutated,PertCortex_12_CCCAATCTCGTGTAGT,3.8532482549873257
18025,0.5722584323714788,12__mutated,PertCortex_12_CCCAGTTAGTGTTGAA,2.3448418822688324
18026,0.2302986328155481,12__mutated,PertCortex_12_CCCAGTTCAGACGCAA,2.453628595295753
18027,0.11895079086687106,12__mutated,PertCortex_12_CCCAGTTGTAGAGTGC,4.404600056823644
18028,0.5207845163401609,12__mutated,PertCortex_12_CCCAGTTGTGATGATA,1.6586086622645297
18029,0.11276700935995368,12__mutated,PertCortex_12_CCCATACAGGCTCTTA,4.497791281147987
18030,0.056896670940593454,12__mutated,PertCortex_12_CCCATACCATGCAATC,3.7925966421268322
18031,0.1276401921168064,12__mutated,PertCortex_12_CCCATACGTAGGCATG,3.245560694627237
18032,0.41444627703681625,12__mutated,PertCortex_12_CCCATACGTATTCTCT,2.1712680789673735
18033,0.04264190935573655,12__mutated,PertCortex_12_CCCATACTCCACGACG,4.044595501847689
18034,0.15851940015632682,12__mutated,PertCortex_12_CCCATACTCCTCGCAT,4.625931295580194
18035,0.12870435579039308,12__mutated,PertCortex_12_CCCATACTCTACTATC,4.566074506044192
18036,0.41826115656831875,12__mutated,PertCortex_12_CCCTCCTGTCGCGTGT,2.056134035833963
18037,0.5145157484285373,12__mutated,PertCortex_12_CCCTCCTGTCGGATCC,1.7377617619978585
18038,0.29603713352414507,12__mutated,PertCortex_12_CCCTCCTGTTGCTCCT,2.379853992204493
18039,0.12612927714899294,12__mutated,PertCortex_12_CCGGGATAGCTACCGC,4.0060765462041275
18040,0.13003359038782977,12__mutated,PertCortex_12_CCGGGATCAGCTGCTG,3.777011582463372
18041,0.09054480411143437,12__mutated,PertCortex_12_CCGGGATGTAATCACC,4.099276831056279
18042,0.1148256546589242,12__mutated,PertCortex_12_CCGGGATTCGAGAGCA,3.041452636052125
18043,0.10953101242328714,12__mutated,PertCortex_12_CCGGTAGCAAACGCGA,3.1308577289575377
18044,0.3128643150162405,12__mutated,PertCortex_12_CCGGTAGCAGTTCCCT,2.8533296306219635
18045,0.2047165941634085,12__mutated,PertCortex_12_CCGGTAGGTCACCCAG,4.018267469399786
18046,0.11206663543681668,12__mutated,PertCortex_12_CCGGTAGGTCACTTCC,4.568344224565165
18047,0.19631503877690715,12__mutated,PertCortex_12_CCGGTAGGTCCGAATT,4.2529565272801815
18048,0.0551147863415502,12__mutated,PertCortex_12_CCGGTAGTCAATAAGG,3.472648900971794
18049,0.21343143337422912,12__mutated,PertCortex_12_CCGTACTAGAGTACAT,3.7660761217006598
18050,0.17257321001631407,12__mutated,PertCortex_12_CCGTACTAGCCCAGCT,3.4889474332852415
18051,0.2636934317536745,12__mutated,PertCortex_12_CCGTACTAGGCTCTTA,3.437046222340442
18052,0.14358102025936537,12__mutated,PertCortex_12_CCGTACTCACTCTGTC,4.4236614460327655
18053,0.10175718128868749,12__mutated,PertCortex_12_CCGTACTGTTTGGCGC,3.4268875800762717
18054,0.20910296421116867,12__mutated,PertCortex_12_CCGTGGAAGCTGGAAC,4.838934656403743
18055,0.17184759185608597,12__mutated,PertCortex_12_CCGTGGAAGGATGGTC,4.1222633663507455
18056,0.08587401976395279,12__mutated,PertCortex_12_CCGTGGAAGGTGTTAA,3.741221395009483
18057,0.19817804529239816,12__mutated,PertCortex_12_CCGTGGACAGGGAGAG,2.968805199270973
18058,0.22686626106406546,12__mutated,PertCortex_12_CCGTGGAGTAGAAGGA,4.289192516979668
18059,0.08746120067893964,12__mutated,PertCortex_12_CCGTGGAGTGAGTATA,4.10293782718536
18060,0.2684016048992561,12__mutated,PertCortex_12_CCGTGGATCAGTACGT,3.7979661517605043
18061,0.08681155392617146,12__mutated,PertCortex_12_CCGTTCAAGATGTGTA,4.2297039691191225
18062,0.5427895945364511,12__mutated,PertCortex_12_CCGTTCACAAGAAGAG,1.5146146557091742
18063,0.12651204762354148,12__mutated,PertCortex_12_CCGTTCACAGCTGGCT,4.538840066991487
18064,0.11038054023170424,12__mutated,PertCortex_12_CCGTTCAGTAGCGTAG,4.621276370893406
18065,0.2042272799143555,12__mutated,PertCortex_12_CCGTTCAGTCCCGACA,3.407511788943804
18066,0.13947946976703615,12__mutated,PertCortex_12_CCTAAAGCAGACGCAA,4.505028084661917
18067,0.3173464281855331,12__mutated,PertCortex_12_CCTAAAGGTACATCCA,2.9335942666576424
18068,0.0742013062199835,12__mutated,PertCortex_12_CCTAAAGGTACCGCTG,3.1433552551364654
18069,0.2255190734371317,12__mutated,PertCortex_12_CCTAAAGGTGAAATCA,4.087370490802371
18070,0.15744470010008782,12__mutated,PertCortex_12_CCTAAAGGTGATGTCT,4.7151448373626375
18071,0.4563133119786298,12__mutated,PertCortex_12_CCTACACAGGTTACCT,2.0303845379676244
18072,0.19368570408256208,12__mutated,PertCortex_12_CCTACACCAAAGTCAA,2.2643319849028867
18073,0.20759215724771993,12__mutated,PertCortex_12_CCTACACCAACTGCTA,4.0226143244096315
18074,0.5203303741706444,12__mutated,PertCortex_12_CCTACACCATCGGAAG,1.5963634487650953
18075,0.0696055228959565,12__mutated,PertCortex_12_CCTACACGTAACGCGA,3.6610130278159616
18076,0.13072870818738425,12__mutated,PertCortex_12_CCTACACGTCGCTTTC,4.781656690159213
18077,0.13535811393056452,12__mutated,PertCortex_12_CCTACCAAGAGCTGCA,2.9801992764545555
18078,0.08675066608092553,12__mutated,PertCortex_12_CCTACCAAGCCACGTC,4.559170722325389
18079,0.3187969844518522,12__mutated,PertCortex_12_CCTACCACACCTTGTC,4.4746583910394655
18080,0.170996701536223,12__mutated,PertCortex_12_CCTACCATCACTTACT,2.86658156460121
18081,0.40818865881644,12__mutated,PertCortex_12_CCTACCATCCCAAGTA,1.8907039026281396
18082,0.14017196174088836,12__mutated,PertCortex_12_CCTAGCTAGTACGACG,3.8638244688289327
18083,0.12721991940425828,12__mutated,PertCortex_12_CCTAGCTAGTCCTCCT,2.553960448605485
18084,0.3956042133445775,12__mutated,PertCortex_12_CCTAGCTCACGACGAA,2.1149687944846516
18085,0.1641063798522988,12__mutated,PertCortex_12_CCTAGCTGTCTTGTCC,4.995037293101785
18086,0.13681110408787886,12__mutated,PertCortex_12_CCTAGCTGTGTTAAGA,4.070611498190955
18087,0.12422056143445855,12__mutated,PertCortex_12_CCTATTACAATGGAAT,4.5972194862505935
18088,0.18491042986692738,12__mutated,PertCortex_12_CCTATTACATGTTCCC,3.549802602471028
18089,0.19899764768107253,12__mutated,PertCortex_12_CCTCAGTAGGGCTTGA,4.623955056269842
18090,0.08758390412060005,12__mutated,PertCortex_12_CCTCAGTCAATAAGCA,4.238128003560343
18091,0.13613947537967205,12__mutated,PertCortex_12_CCTCAGTCACAGAGGT,2.819607801309928
18092,0.21056264034575006,12__mutated,PertCortex_12_CCTCAGTCATAACCTG,4.751756999794683
18093,0.2998227576960886,12__mutated,PertCortex_12_CCTCAGTGTGACTACT,2.255868066392404
18094,0.038672054230946114,12__mutated,PertCortex_12_CCTCAGTGTTTCGCTC,4.510668360965989
18095,0.1594866360119608,12__mutated,PertCortex_12_CCTCAGTTCCTTGCCA,3.253883483797041
18096,0.3888424745048916,12__mutated,PertCortex_12_CCTCTGACACGTTGGC,1.7087026225356807
18097,0.013846305465529079,12__mutated,PertCortex_12_CCTCTGAGTCGAGATG,3.113899890462552
18098,0.45584813949024455,12__mutated,PertCortex_12_CCTCTGATCCCGACTT,2.2568542552644537
18099,0.29053708300015324,12__mutated,PertCortex_12_CCTTACGAGCTACCTA,2.0351756365651714
18100,0.16318645486557798,12__mutated,PertCortex_12_CCTTACGCACAGTCGC,4.953834025558919
18101,0.1742740207745678,12__mutated,PertCortex_12_CCTTACGCACGGTAGA,4.068652617375478
18102,0.15402622468432095,12__mutated,PertCortex_12_CCTTACGCAGACAAGC,4.3063269324915545
18103,0.09115751968814369,12__mutated,PertCortex_12_CCTTACGCAGTAGAGC,3.7478588798436117
18104,0.26754457168309603,12__mutated,PertCortex_12_CCTTACGGTCGCGTGT,4.279101272028891
18105,0.3348915214268233,12__mutated,PertCortex_12_CCTTACGTCACCACCT,2.2926821933369057
18106,0.4537124654913307,12__mutated,PertCortex_12_CCTTACGTCATTGCCC,1.6235372879984329
18107,0.1911890669410437,12__mutated,PertCortex_12_CCTTACGTCCGATATG,2.7241911508693253
18108,0.11118471575405897,12__mutated,PertCortex_12_CCTTCCCAGTCCCACG,3.7834709062226803
18109,0.5170141760769904,12__mutated,PertCortex_12_CCTTCCCCAAAGTGCG,1.5852761738259094
18110,0.18006278564307668,12__mutated,PertCortex_12_CCTTCGAGTTTGTTTC,3.709960414447274
18111,0.1327498747166896,12__mutated,PertCortex_12_CCTTTCTAGAGCTTCT,2.9723217778264157
18112,0.06776765173984588,12__mutated,PertCortex_12_CCTTTCTCAGCTATTG,4.4333422872720964
18113,0.0964968249351821,12__mutated,PertCortex_12_CCTTTCTCAGGTCGTC,4.028663872652479
18114,0.21682360758654398,12__mutated,PertCortex_12_CCTTTCTGTACCAGTT,3.2933790034577632
18115,0.13991572092470644,12__mutated,PertCortex_12_CGAACATCAATGGACG,4.141927792440729
18116,0.10113511674381218,12__mutated,PertCortex_12_CGAACATGTCCTCTTG,4.658537243907704
18117,0.17705349808030435,12__mutated,PertCortex_12_CGAACATTCAGAGGTG,4.4749357840179815
18118,0.18726746139594383,12__mutated,PertCortex_12_CGAATGTGTCACCCAG,3.102158692345484
18119,0.08073456931227432,12__mutated,PertCortex_12_CGAATGTGTCATCGGC,3.14585953841003
18120,0.08067149251769425,12__mutated,PertCortex_12_CGAATGTGTCTGGAGA,4.138865068889643
18121,0.06486321484230206,12__mutated,PertCortex_12_CGAATGTTCATGTCTT,4.207790101652801
18122,0.12020299133270797,12__mutated,PertCortex_12_CGACCTTAGATGAGAG,4.184509337511606
18123,0.22899674274181175,12__mutated,PertCortex_12_CGACCTTCATACTCTT,3.621710849619313
18124,0.1309528058372838,12__mutated,PertCortex_12_CGACCTTGTCAGAGGT,2.776622518356179
18125,0.13830588928440637,12__mutated,PertCortex_12_CGACCTTTCACTTCAT,3.726830996153517
18126,0.09922062247268436,12__mutated,PertCortex_12_CGACCTTTCGGAATCT,4.114480573541131
18127,0.17705707640523477,12__mutated,PertCortex_12_CGACTTCAGGATGGAA,3.678495564559198
18128,0.1431513885588473,12__mutated,PertCortex_12_CGACTTCAGGCCATAG,3.922855697232523
18129,0.07514190360782606,12__mutated,PertCortex_12_CGACTTCAGGCGCTCT,4.5465193068274825
18130,0.41089305337443766,12__mutated,PertCortex_12_CGACTTCAGGGTTTCT,3.8108917006155054
18131,0.09479291237581425,12__mutated,PertCortex_12_CGACTTCAGTGAAGAG,4.0982258711381565
18132,0.44537816357256776,12__mutated,PertCortex_12_CGACTTCCAGTTCCCT,2.446139009886525
18133,0.1531170994140499,12__mutated,PertCortex_12_CGACTTCCATGAACCT,4.454215726268751
18134,0.15686647396430575,12__mutated,PertCortex_12_CGACTTCGTCTTGATG,3.411936750663969
18135,0.08958569907236845,12__mutated,PertCortex_12_CGACTTCTCCTATGTT,4.963083638058262
18136,0.5121234755664249,12__mutated,PertCortex_12_CGAGAAGCATAGTAAG,1.7432174713013602
18137,0.13945740145998148,12__mutated,PertCortex_12_CGAGAAGGTAAGAGAG,3.870894321669448
18138,0.42115982622384024,12__mutated,PertCortex_12_CGAGAAGGTATGCTTG,2.1217992668155796
18139,0.4619560754922334,12__mutated,PertCortex_12_CGAGAAGGTGTCAATC,1.4953503572811606
18140,0.19405681745643708,12__mutated,PertCortex_12_CGAGAAGTCTGAAAGA,4.343699918667108
18141,0.21393384989408498,12__mutated,PertCortex_12_CGAGCACAGACGCTTT,3.666581377775787
18142,0.15370631867488552,12__mutated,PertCortex_12_CGAGCACCAAAGGCGT,4.431278780617058
18143,0.18056720005293125,12__mutated,PertCortex_12_CGAGCACCATCACGAT,3.9880115261605997
18144,0.36898368942354565,12__mutated,PertCortex_12_CGAGCACTCAAAGACA,2.261270420623374
18145,0.20932071464489996,12__mutated,PertCortex_12_CGAGCACTCTATGTGG,4.33206051183779
18146,0.06152819914708719,12__mutated,PertCortex_12_CGAGCCACACTGAAGG,3.5844485049866006
18147,0.30893460147412916,12__mutated,PertCortex_12_CGAGCCACATTCCTGC,1.942905839465191
18148,0.19563911629252076,12__mutated,PertCortex_12_CGAGCCAGTACGAAAT,4.711550304368091
18149,0.1846825305342647,12__mutated,PertCortex_12_CGAGCCATCACCACCT,1.9961031884826774
18150,0.13653265113491642,12__mutated,PertCortex_12_CGAGCCATCCAGGGCT,3.902669924599912
18151,0.09370549486556559,12__mutated,PertCortex_12_CGATCGGCAAGGTTCT,4.761752079847406
18152,0.16452909119829162,12__mutated,PertCortex_12_CGATCGGCAATGGATA,3.169557915164021
18153,0.06263366075851569,12__mutated,PertCortex_12_CGATCGGCACTAAGTC,4.75064013486085
18154,0.3288601288453475,12__mutated,PertCortex_12_CGATCGGGTCACACGC,2.334017052686271
18155,0.07363247306206687,12__mutated,PertCortex_12_CGATCGGGTTAAAGTG,4.512857578932643
18156,0.08419943139087487,12__mutated,PertCortex_12_CGATGGCAGTCATCCA,3.1898321739939854
18157,0.3864056979980964,12__mutated,PertCortex_12_CGATGGCAGTTCGCAT,2.062980071924558
18158,0.19974837996020176,12__mutated,PertCortex_12_CGATGTACAATCCAAC,3.8185048995428934
18159,0.10867213435104173,12__mutated,PertCortex_12_CGATGTAGTAAATACG,3.086858137720407
18160,0.13557601540831318,12__mutated,PertCortex_12_CGATGTAGTCATTAGC,4.1947877396409625
18161,0.5029133722952692,12__mutated,PertCortex_12_CGATGTAGTTATTCTC,1.7691103719678767
18162,0.10877844389729588,12__mutated,PertCortex_12_CGATGTAGTTTAGCTG,3.8563309137259547
18163,0.1967894723455389,12__mutated,PertCortex_12_CGATGTATCAAGCCTA,1.6560467681889077
18164,0.22538210518453217,12__mutated,PertCortex_12_CGATTGAAGAGATGAG,3.42710477533238
18165,0.26494144716043194,12__mutated,PertCortex_12_CGATTGACAGCTGTTA,4.00429465689808
18166,0.22551885213098183,12__mutated,PertCortex_12_CGATTGACAGGTCGTC,4.483404772738326
18167,0.09364809181470142,12__mutated,PertCortex_12_CGATTGACATCCGCGA,4.5517950660028905
18168,0.12563282067770917,12__mutated,PertCortex_12_CGATTGAGTAAGGGAA,3.859309408860747
18169,0.28106952397288587,12__mutated,PertCortex_12_CGATTGAGTAGCCTAT,4.654559476806711
18170,0.2347505229718629,12__mutated,PertCortex_12_CGATTGATCATTGCGA,3.581519896695389
18171,0.2611201844947874,12__mutated,PertCortex_12_CGCCAAGAGCCCGAAA,4.5039680705807585
18172,0.3111617132369032,12__mutated,PertCortex_12_CGCCAAGAGCCTATGT,2.3998852973310485
18173,0.10690315688971108,12__mutated,PertCortex_12_CGCCAAGAGGGCATGT,4.647814208441781
18174,0.04416924669598381,12__mutated,PertCortex_12_CGCCAAGCAAGCGAGT,3.40361201476296
18175,0.06893752201349561,12__mutated,PertCortex_12_CGCCAAGCAAGGTGTG,4.428216431299084
18176,0.2353172062758844,12__mutated,PertCortex_12_CGCCAAGGTGGTAACG,3.8200236158330805
18177,0.16270884645759487,12__mutated,PertCortex_12_CGCCAAGTCACTCTTA,4.246014198996414
18178,0.13867323218227984,12__mutated,PertCortex_12_CGCCAAGTCAGGTAAA,4.8613937438314805
18179,0.061698796640704094,12__mutated,PertCortex_12_CGCCAAGTCTCGAGTA,4.139803673425779
18180,0.2224224191640305,12__mutated,PertCortex_12_CGCGGTACAAGCCTAT,3.4057759871867797
18181,0.0692884222193388,12__mutated,PertCortex_12_CGCGTTTAGGAGCGTT,3.445817394161731
18182,0.16754846092671905,12__mutated,PertCortex_12_CGCGTTTCAGTCGTGC,3.467682226138281
18183,0.19812198513419568,12__mutated,PertCortex_12_CGCGTTTCATGACATC,3.6113634662076124
18184,0.09579080492576746,12__mutated,PertCortex_12_CGCGTTTTCCACGACG,3.7698041219462963
18185,0.14921046406664007,12__mutated,PertCortex_12_CGCTATCAGCTCCCAG,4.3656718264648555
18186,0.15220997265774977,12__mutated,PertCortex_12_CGCTATCAGGATGTAT,3.7664780032496976
18187,0.09074185651311872,12__mutated,PertCortex_12_CGCTATCCACAGGCCT,3.4067067179114665
18188,0.2420703884227362,12__mutated,PertCortex_12_CGCTATCCACCTCGGA,4.4944670921889145
18189,0.2704162976771215,12__mutated,PertCortex_12_CGCTATCGTTAAGATG,3.23907055028622
18190,0.1272194251707689,12__mutated,PertCortex_12_CGCTGGACAGACGCAA,3.8898992607415805
18191,0.034496769260703254,12__mutated,PertCortex_12_CGCTGGAGTAAATGAC,2.1948778540791447
18192,0.06018867191198261,12__mutated,PertCortex_12_CGCTGGAGTATAGGGC,3.719196487568114
18193,0.17931319577758736,12__mutated,PertCortex_12_CGCTGGAGTGAAAGAG,3.4200761017080596
18194,0.5819990914340731,12__mutated,PertCortex_12_CGCTGGAGTGTAATGA,1.546936032262861
18195,0.13534273349295564,12__mutated,PertCortex_12_CGCTGGATCAACCATG,4.380388778723785
18196,0.29203845017590235,12__mutated,PertCortex_12_CGCTGGATCCGAGCCA,2.266153881657163
18197,0.26701212583379186,12__mutated,PertCortex_12_CGCTGGATCGCATGAT,4.307169244401923
18198,0.07487545351908778,12__mutated,PertCortex_12_CGCTGGATCGGCGGTT,3.6876995091823246
18199,0.4984474244963624,12__mutated,PertCortex_12_CGCTTCACACGTAAGG,2.5177599783467595
18200,0.1488396863556639,12__mutated,PertCortex_12_CGCTTCACAGACAGGT,3.838002845084774
18201,0.06166996752179289,12__mutated,PertCortex_12_CGGACACAGATGGCGT,5.014228245701603
18202,0.1180088946844971,12__mutated,PertCortex_12_CGGACACGTCGCATCG,3.53172354879262
18203,0.15848122784453827,12__mutated,PertCortex_12_CGGACGTAGCCACGTC,3.4972624251196884
18204,0.1792476498129941,12__mutated,PertCortex_12_CGGACGTCACCCATGG,2.7307554726948093
18205,0.1673815824052962,12__mutated,PertCortex_12_CGGACGTGTAAGAGGA,3.974322711482284
18206,0.13228002522772112,12__mutated,PertCortex_12_CGGACGTTCAGAGGTG,3.063190356762303
18207,0.11875679254444964,12__mutated,PertCortex_12_CGGACGTTCTGTCCGT,4.435674673394171
18208,0.07882163267610325,12__mutated,PertCortex_12_CGGACTGCATATGAGA,4.6440588915511
18209,0.16741963796666032,12__mutated,PertCortex_12_CGGACTGTCCTGTACC,5.412438364365518
18210,0.20423593235846227,12__mutated,PertCortex_12_CGGACTGTCTTACCTA,4.5151401295179365
18211,0.11672927486868813,12__mutated,PertCortex_12_CGGAGCTAGAGACGAA,4.546111869763764
18212,0.05740034529935944,12__mutated,PertCortex_12_CGGAGCTCAAGTTCTG,4.1008588029007615
18213,0.4705418874964678,12__mutated,PertCortex_12_CGGAGCTGTACTTGAC,2.024706115034655
18214,0.12628364453803018,12__mutated,PertCortex_12_CGGAGCTGTAGGCTGA,3.5698787776434138
18215,0.4860459519540044,12__mutated,PertCortex_12_CGGAGCTGTGTAACGG,1.7151405138222822
18216,0.13735957625283693,12__mutated,PertCortex_12_CGGAGCTTCTACTCAT,4.22013896350073
18217,0.1159612783603422,12__mutated,PertCortex_12_CGGAGTCAGACTAGAT,4.355594228605093
18218,0.07339248674028716,12__mutated,PertCortex_12_CGGAGTCAGGAGCGTT,4.395955121344817
18219,0.1070203872554152,12__mutated,PertCortex_12_CGGAGTCAGGTCATCT,3.8071926614281346
18220,0.09558242517501586,12__mutated,PertCortex_12_CGGAGTCTCTTTACAC,3.6800661552500697
18221,0.1426410880561805,12__mutated,PertCortex_12_CGGCTAGAGTGGACGT,3.5352300730545876
18222,0.12316276548569582,12__mutated,PertCortex_12_CGGCTAGGTCTTCTCG,4.396069208212429
18223,0.27352359661122944,12__mutated,PertCortex_12_CGGCTAGTCGTGGTCG,2.054192401911551
18224,0.1354986291337227,12__mutated,PertCortex_12_CGGCTAGTCTGGTTCC,3.894281344196797
18225,0.1853900191397897,12__mutated,PertCortex_12_CGGGTCAGTATCACCA,3.6916154627801645
18226,0.4513425700689998,12__mutated,PertCortex_12_CGGTTAAAGAGCTGGT,2.411170738757629
18227,0.16447220542901955,12__mutated,PertCortex_12_CGGTTAACATCTCCCA,3.2373247559429794
18228,0.23410606183078805,12__mutated,PertCortex_12_CGGTTAAGTTATCGGT,3.286780417501186
18229,0.05350368553149871,12__mutated,PertCortex_12_CGGTTAAGTTCTGGTA,3.8066106521061105
18230,0.3486730855584026,12__mutated,PertCortex_12_CGGTTAATCCCTGACT,2.3771028590516137
18231,0.14295420943550471,12__mutated,PertCortex_12_CGGTTAATCGGCTTGG,5.116031560873172
18232,0.10184990785706804,12__mutated,PertCortex_12_CGGTTAATCTGCGACG,4.222379208295795
18233,0.28227539706630744,12__mutated,PertCortex_12_CGGTTAATCTTTAGTC,4.148580742052915
18234,0.20717278608255082,12__mutated,PertCortex_12_CGTAGCGAGAGTCTGG,2.9178941644692458
18235,0.1734743357114861,12__mutated,PertCortex_12_CGTAGCGCATGAGCGA,3.547689654327276
18236,0.06541553791089129,12__mutated,PertCortex_12_CGTAGCGTCAACACCA,2.760266402479405
18237,0.31053653599531844,12__mutated,PertCortex_12_CGTAGCGTCGTTACGA,3.9260619929445357
18238,0.3748689294813724,12__mutated,PertCortex_12_CGTAGGCGTCAGAAGC,1.707372828234537
18239,0.110277204683066,12__mutated,PertCortex_12_CGTAGGCGTTGAGGTG,4.26580777585717
18240,0.12025695872602961,12__mutated,PertCortex_12_CGTAGGCGTTGCTCCT,5.217310988562505
18241,0.0027492012466836554,12__mutated,PertCortex_12_CGTAGGCTCCTCGCAT,2.7499550727945405
18242,0.113965412165708,12__mutated,PertCortex_12_CGTAGGCTCGCAAGCC,3.6567817014816892
18243,0.25535070189038006,12__mutated,PertCortex_12_CGTAGGCTCTGAAAGA,3.179279684037226
18244,0.23417181324098985,12__mutated,PertCortex_12_CGTCACTAGAGCTATA,2.383914653091743
18245,0.13994383232600166,12__mutated,PertCortex_12_CGTCACTAGGCTAGAC,3.7507846970202237
18246,0.05553849178098994,12__mutated,PertCortex_12_CGTCACTGTCTCCACT,3.354593219121388
18247,0.1459831206241432,12__mutated,PertCortex_12_CGTCACTTCGTTGCCT,4.167940258437469
18248,0.12267122788498262,12__mutated,PertCortex_12_CGTCAGGAGAGGGCTT,5.27104347036996
18249,0.1087909412884822,12__mutated,PertCortex_12_CGTCAGGCACCTCGTT,3.546543098457107
18250,0.108040230472831,12__mutated,PertCortex_12_CGTCAGGCAGCTATTG,3.4275397867555277
18251,0.11334542647106251,12__mutated,PertCortex_12_CGTCAGGCATTCACTT,3.12248111857733
18252,0.12244477514248195,12__mutated,PertCortex_12_CGTCAGGGTACACCGC,3.531156701243639
18253,0.09968190159097653,12__mutated,PertCortex_12_CGTCAGGGTCTGCGGT,4.6232868113072785
18254,0.23973550631076015,12__mutated,PertCortex_12_CGTCAGGTCAACGCTA,4.275337448022439
18255,0.05695737437650602,12__mutated,PertCortex_12_CGTCAGGTCAATAAGG,3.3715219664123666
18256,0.21676551765678492,12__mutated,PertCortex_12_CGTCCATGTAAGAGAG,2.9042346091871187
18257,0.10688818171353859,12__mutated,PertCortex_12_CGTCCATGTCGGCTCA,4.059794872864736
18258,0.1688943543789463,12__mutated,PertCortex_12_CGTCCATGTCTAAACC,3.731194627394093
18259,0.15469743312993667,12__mutated,PertCortex_12_CGTCCATTCCAATGGT,4.952708793350626
18260,0.17622051657109347,12__mutated,PertCortex_12_CGTCTACAGGATATAC,3.986005671852947
18261,0.10195048901738799,12__mutated,PertCortex_12_CGTCTACAGGCGATAC,4.248264847893725
18262,0.5027807785699648,12__mutated,PertCortex_12_CGTCTACGTACATCCA,1.5801363330681715
18263,0.08648227976952542,12__mutated,PertCortex_12_CGTCTACTCAATAAGG,3.6512990532300797
18264,0.21015516221616046,12__mutated,PertCortex_12_CGTCTACTCACAAACC,3.9135368548386333
18265,0.1939991861545768,12__mutated,PertCortex_12_CGTGAGCAGCGTGAAC,3.104122661100519
18266,0.16842618570957815,12__mutated,PertCortex_12_CGTGAGCCAAGCGCTC,3.2906482617530566
18267,0.26950849086754536,12__mutated,PertCortex_12_CGTGAGCCACGAGAGT,2.2206657565359027
18268,0.08241318700543354,12__mutated,PertCortex_12_CGTGAGCGTACCGTTA,4.431890309890317
18269,0.042904978680961874,12__mutated,PertCortex_12_CGTGAGCGTTCTGAAC,4.290856791170094
18270,0.09745067655533936,12__mutated,PertCortex_12_CGTGAGCTCTATCCCG,4.112494692294923
18271,0.267358860895337,12__mutated,PertCortex_12_CGTGTAAAGAAGGGTA,3.9625939015189595
18272,0.033707487044829246,12__mutated,PertCortex_12_CGTGTAAAGGATGGTC,3.933180248378541
18273,0.12174912473017073,12__mutated,PertCortex_12_CGTGTAAGTCTGGAGA,4.152381899771588
18274,0.34239846176871463,12__mutated,PertCortex_12_CGTGTAAGTTGTCGCG,2.362840391181744
18275,0.3729087047399648,12__mutated,PertCortex_12_CGTGTAATCCACTCCA,1.6904554194493189
18276,0.17793290835469497,12__mutated,PertCortex_12_CGTGTCTAGATCACGG,4.871268256192825
18277,0.1212270299315221,12__mutated,PertCortex_12_CGTGTCTAGGGTATCG,3.2320542268675925
18278,0.22905987005800485,12__mutated,PertCortex_12_CGTGTCTCAACGCACC,2.1816098165191433
18279,0.11494447818686639,12__mutated,PertCortex_12_CGTGTCTCAAGCTGGA,3.7617022568967498
18280,0.08816303561118478,12__mutated,PertCortex_12_CGTGTCTCATCAGTAC,3.353474232902415
18281,0.11260223913851704,12__mutated,PertCortex_12_CGTGTCTTCAGCGATT,3.949379099744965
18282,0.49478481076375463,12__mutated,PertCortex_12_CGTGTCTTCATGGTCA,1.506881508459648
18283,0.26293781420341095,12__mutated,PertCortex_12_CGTGTCTTCCATGCTC,4.45017890049468
18284,0.1948758911904831,12__mutated,PertCortex_12_CGTGTCTTCGAGCCCA,4.629260363274273
18285,0.11107547463279344,12__mutated,PertCortex_12_CGTTAGAAGCCACCTG,4.601760787554919
18286,0.11553467569117962,12__mutated,PertCortex_12_CGTTAGAAGTCTCCTC,4.988932596023889
18287,0.1753874589860293,12__mutated,PertCortex_12_CGTTAGAAGTGAACAT,4.374138204066457
18288,0.09193160070761161,12__mutated,PertCortex_12_CGTTAGACAATGGAAT,4.924812200666789
18289,0.37981528417628435,12__mutated,PertCortex_12_CGTTAGACATAACCTG,1.5290588293566925
18290,0.32026082040287746,12__mutated,PertCortex_12_CGTTAGATCGGAGGTA,3.7739128889568616
18291,0.2133125383367819,12__mutated,PertCortex_12_CGTTCTGAGCCCAACC,4.37902030902538
18292,0.5729115192588852,12__mutated,PertCortex_12_CGTTCTGTCACCAGGC,2.3224269126993495
18293,0.08598000509297445,12__mutated,PertCortex_12_CGTTCTGTCATCATTC,3.9606837878693724
18294,0.24728170462200483,12__mutated,PertCortex_12_CGTTCTGTCTTGTCAT,2.9330312320247534
18295,0.2912632779942876,12__mutated,PertCortex_12_CGTTGGGTCAGTTAGC,1.8527194774382296
18296,0.12689582768751345,12__mutated,PertCortex_12_CGTTGGGTCATAGCAC,4.714993227668502
18297,0.18971390122027723,12__mutated,PertCortex_12_CGTTGGGTCATGTAGC,4.356329146327403
18298,0.21336929822251238,12__mutated,PertCortex_12_CGTTGGGTCGAGGTAG,3.6066409617270727
18299,0.19871808231349108,12__mutated,PertCortex_12_CGTTGGGTCGTATCAG,3.6093496793577122
18300,0.09978617445224018,12__mutated,PertCortex_12_CTAACTTAGTTCCACA,4.3626574166227545
18301,0.26856311378084247,12__mutated,PertCortex_12_CTAACTTCACAAGCCC,2.732089185647318
18302,0.0736711932305633,12__mutated,PertCortex_12_CTAACTTGTCTTGATG,4.026069496106984
18303,0.1444533664132924,12__mutated,PertCortex_12_CTAACTTGTTATGCGT,4.099073264983501
18304,0.1619144710658206,12__mutated,PertCortex_12_CTAACTTTCAGCTCTC,3.469189118697676
18305,0.10203306170332319,12__mutated,PertCortex_12_CTAACTTTCATGTCCC,3.6332852921030776
18306,0.08862861744895971,12__mutated,PertCortex_12_CTAACTTTCCTAAGTG,2.9280412100209525
18307,0.4026157428006221,12__mutated,PertCortex_12_CTAAGACAGGTCGGAT,2.0790874011575027
18308,0.09471092758328017,12__mutated,PertCortex_12_CTAAGACAGTGGAGTC,4.922895980837653
18309,0.28369090993887663,12__mutated,PertCortex_12_CTAAGACCAATTGCTG,2.1268304948026358
18310,0.20654655095330687,12__mutated,PertCortex_12_CTAAGACGTAGCTGCC,3.4172877422026766
18311,0.4022230506290172,12__mutated,PertCortex_12_CTAAGACGTCAACTGT,2.212572571324362
18312,0.48988246621832743,12__mutated,PertCortex_12_CTAAGACGTCCAGTAT,2.0311826083847437
18313,0.06233631900914248,12__mutated,PertCortex_12_CTAAGACTCCACGTTC,4.904566289813982
18314,0.2041966400752685,12__mutated,PertCortex_12_CTAAGACTCTCAAGTG,3.9925773197108003
18315,0.2743806435717508,12__mutated,PertCortex_12_CTAATGGAGTGTTTGC,3.694983262280598
18316,0.10102209952646236,12__mutated,PertCortex_12_CTAATGGCATCACGAT,4.439616883444252
18317,0.1646187369281806,12__mutated,PertCortex_12_CTAATGGGTCAGCTAT,4.756252518060783
18318,0.17798426889571856,12__mutated,PertCortex_12_CTAATGGGTCGACTGC,2.505254479726035
18319,0.05066222740186033,12__mutated,PertCortex_12_CTAATGGGTCGCCATG,4.120062122152458
18320,0.13400315478817057,12__mutated,PertCortex_12_CTAATGGTCAACCATG,4.590381004173423
18321,0.1676933830015295,12__mutated,PertCortex_12_CTACACCAGATCCCGC,3.448313166211783
18322,0.05459238223079581,12__mutated,PertCortex_12_CTACACCAGCAATCTC,3.965793167546654
18323,0.2574913616094634,12__mutated,PertCortex_12_CTACACCAGGTGCAAC,3.7383619887586947
18324,0.07054552486526894,12__mutated,PertCortex_12_CTACACCCAATCGGTT,4.37023764488991
18325,0.23236559107318216,12__mutated,PertCortex_12_CTACACCCACATGGGA,4.507146534802787
18326,0.08318429851871009,12__mutated,PertCortex_12_CTACACCCATGACGGA,3.9360951302042477
18327,0.212903656378485,12__mutated,PertCortex_12_CTACACCGTCTGGAGA,4.272869865212165
18328,0.32329932216648033,12__mutated,PertCortex_12_CTACACCTCACATACG,3.509265311100189
18329,0.3992291835941731,12__mutated,PertCortex_12_CTACACCTCTGCTGCT,2.0469597741877616
18330,0.09696948927407652,12__mutated,PertCortex_12_CTACACCTCTGGCGTG,4.443128027524989
18331,0.24606762333492446,12__mutated,PertCortex_12_CTACATTAGACAGGCT,1.8221221390695241
18332,0.4177835211562994,12__mutated,PertCortex_12_CTACATTAGGCCGAAT,2.016791990346125
18333,0.20643678247933497,12__mutated,PertCortex_12_CTACATTAGTAAGTAC,4.922157288455619
18334,0.1665395952007084,12__mutated,PertCortex_12_CTACATTGTAAATGAC,4.18623126157812
18335,0.1701297332393752,12__mutated,PertCortex_12_CTACATTTCGTCCAGG,4.275295461000687
18336,0.13832378811737575,12__mutated,PertCortex_12_CTACCCAAGATCCCAT,3.9657405054826906
18337,0.5950827406273739,12__mutated,PertCortex_12_CTACCCACAAAGCAAT,1.6301643381740951
18338,0.3322998202062499,12__mutated,PertCortex_12_CTACCCACAGGAATCG,4.724899980822018
18339,0.21455755529364104,12__mutated,PertCortex_12_CTACCCACAGGATTGG,3.2373879856439025
18340,0.12004143420170525,12__mutated,PertCortex_12_CTACCCAGTACAGTTC,4.543070041517319
18341,0.0663967929737485,12__mutated,PertCortex_12_CTACCCAGTTCAGCGC,3.841886156062056
18342,0.31372870755866306,12__mutated,PertCortex_12_CTACGTCAGGGTATCG,5.027848414289612
18343,0.21786443143904827,12__mutated,PertCortex_12_CTACGTCCATGTCGAT,3.977211434214104
18344,0.5859780920790424,12__mutated,PertCortex_12_CTACGTCGTTCGTTGA,2.081173530041676
18345,0.227640671683149,12__mutated,PertCortex_12_CTAGAGTAGTGGAGAA,4.502656862710088
18346,0.3831855537010211,12__mutated,PertCortex_12_CTAGAGTAGTGTGGCA,2.3717366315642767
18347,0.11158442949978367,12__mutated,PertCortex_12_CTAGAGTTCGGGAGTA,3.267776748126731
18348,0.1750915306485496,12__mutated,PertCortex_12_CTAGAGTTCTCGCATC,2.9898942794869763
18349,0.5479989594120138,12__mutated,PertCortex_12_CTAGCCTAGATGTAAC,1.7353909254448938
18350,0.20381685731325566,12__mutated,PertCortex_12_CTAGCCTCACAGAGGT,2.7011008614906578
18351,0.14988419103303832,12__mutated,PertCortex_12_CTAGCCTCAGACGCAA,2.938526990301895
18352,0.11843980476402219,12__mutated,PertCortex_12_CTAGCCTGTAGCACGA,3.100571568016059
18353,0.12265207710314452,12__mutated,PertCortex_12_CTAGCCTGTCTGCCAG,4.088808757867011
18354,0.3548461587001337,12__mutated,PertCortex_12_CTAGCCTTCCTTTACA,2.113910941951812
18355,0.5645777754781766,12__mutated,PertCortex_12_CTAGTGACACGGCGTT,1.577409206846543
18356,0.07362796265042151,12__mutated,PertCortex_12_CTAGTGAGTAGAAAGG,3.6872318065637715
18357,0.0479698412281425,12__mutated,PertCortex_12_CTAGTGAGTCAGCTAT,2.393781205531618
18358,0.14194952108073616,12__mutated,PertCortex_12_CTAGTGATCCATGAAC,4.406236847918415
18359,0.06582965780624221,12__mutated,PertCortex_12_CTCACACAGATGGCGT,3.606095203915558
18360,0.2922074784357425,12__mutated,PertCortex_12_CTCACACAGGGTATCG,1.889198402026861
18361,0.14480549936109,12__mutated,PertCortex_12_CTCACACAGTGTCCAT,3.1415821615434134
18362,0.2687231198964867,12__mutated,PertCortex_12_CTCACACGTCAATACC,3.945645384164573
18363,0.08460979730708865,12__mutated,PertCortex_12_CTCACACTCATTATCC,3.3612510112961695
18364,0.2436299185463764,12__mutated,PertCortex_12_CTCACACTCCTGCAGG,4.016677082428152
18365,0.14971068921105002,12__mutated,PertCortex_12_CTCACACTCTATCCCG,2.5532311645751333
18366,0.2378521069033837,12__mutated,PertCortex_12_CTCAGAAAGGTGCACA,2.912905719756099
18367,0.17599893896883545,12__mutated,PertCortex_12_CTCAGAAAGTGTACCT,3.8073861208302016
18368,0.09982737967273717,12__mutated,PertCortex_12_CTCAGAACATCGATGT,3.9729719858300108
18369,0.13330098345102992,12__mutated,PertCortex_12_CTCAGAATCGTAGATC,4.641391725949155
18370,0.14356653260246421,12__mutated,PertCortex_12_CTCATTACACCTATCC,4.941723508805603
18371,0.49567735598360857,12__mutated,PertCortex_12_CTCATTACACTTCTGC,1.8759758597584109
18372,0.16995613461522946,12__mutated,PertCortex_12_CTCATTACATATACGC,2.329629621011462
18373,0.09897662742015932,12__mutated,PertCortex_12_CTCATTAGTGACTCAT,4.507774196152048
18374,0.309844898777567,12__mutated,PertCortex_12_CTCATTAGTTTGTTTC,3.290295209761314
18375,0.11360094278413176,12__mutated,PertCortex_12_CTCCTAGAGCCACGCT,3.7897726875465283
18376,0.20807189872521803,12__mutated,PertCortex_12_CTCCTAGCAATCAGAA,3.8798871634480623
18377,0.12292340644691879,12__mutated,PertCortex_12_CTCCTAGTCCACGTGG,4.264157109877409
18378,0.12823416231279863,12__mutated,PertCortex_12_CTCCTAGTCCGAACGC,4.774965509367473
18379,0.18932613761493675,12__mutated,PertCortex_12_CTCGAAAAGAAAGTGG,4.363630980137508
18380,0.18531021086045854,12__mutated,PertCortex_12_CTCGAAAGTTTCCACC,3.5436749120368822
18381,0.12056751919430692,12__mutated,PertCortex_12_CTCGAGGAGCTGAAAT,4.469641199046836
18382,0.1694252058995848,12__mutated,PertCortex_12_CTCGAGGCAAGCCATT,3.4694201570115637
18383,0.423199288465457,12__mutated,PertCortex_12_CTCGAGGCAGACACTT,2.735165111192453
18384,0.2678730556164867,12__mutated,PertCortex_12_CTCGAGGCAGATGGGT,3.468020914369083
18385,0.10308281766866162,12__mutated,PertCortex_12_CTCGGAGAGAATGTTG,4.2294244758427775
18386,0.1382141279534531,12__mutated,PertCortex_12_CTCGGAGGTTTACTCT,4.579832767502108
18387,0.0215523309471297,12__mutated,PertCortex_12_CTCGGAGTCATTATCC,4.333010004569272
18388,0.12182254638570247,12__mutated,PertCortex_12_CTCGGAGTCATTGCGA,4.280488718645783
18389,0.08814653597908986,12__mutated,PertCortex_12_CTCGGAGTCTCTGCTG,4.080027351489548
18390,0.29379569863964805,12__mutated,PertCortex_12_CTCGGGAAGACACGAC,2.003245373712306
18391,0.09911267195619393,12__mutated,PertCortex_12_CTCGGGAAGTGTCCCG,2.4820736625353006
18392,0.09146273192587889,12__mutated,PertCortex_12_CTCGGGACACAGTCGC,4.122892526792055
18393,0.12743483860443808,12__mutated,PertCortex_12_CTCGGGAGTCAGGACA,4.472066818795866
18394,0.13851687237211704,12__mutated,PertCortex_12_CTCGTACCATCTCCCA,3.588167939047519
18395,0.5014862596980282,12__mutated,PertCortex_12_CTCGTACGTATATGAG,2.0453753689078353
18396,0.19200764142758447,12__mutated,PertCortex_12_CTCGTACGTCACTTCC,3.7178013986653387
18397,0.11203672301951322,12__mutated,PertCortex_12_CTCGTACGTTCAGACT,3.594094604408757
18398,0.1950792073686077,12__mutated,PertCortex_12_CTCGTACTCAGTGTTG,4.286472346566478
18399,0.0997363514795896,12__mutated,PertCortex_12_CTCGTACTCTCTGTCG,4.282172595165559
18400,0.10862703041800978,12__mutated,PertCortex_12_CTCGTCAAGAAAGTGG,4.5928276020412
18401,0.1046626387402519,12__mutated,PertCortex_12_CTCGTCAAGTAAGTAC,3.417083605013555
18402,0.152966078554976,12__mutated,PertCortex_12_CTCTAATAGATGCGAC,3.739489964522046
18403,0.5148539841679936,12__mutated,PertCortex_12_CTCTAATAGGGCATGT,1.8437545399577941
18404,0.1043255018318062,12__mutated,PertCortex_12_CTCTAATAGTGCTGCC,4.182585038045783
18405,0.08635899208313007,12__mutated,PertCortex_12_CTCTAATGTGAAAGAG,4.139500652492246
18406,0.34655434250664147,12__mutated,PertCortex_12_CTCTAATGTGTTGAGG,1.5179626102787527
18407,0.1994732227059021,12__mutated,PertCortex_12_CTCTAATTCAATAAGG,3.2503587394367264
18408,0.14429806062137285,12__mutated,PertCortex_12_CTCTAATTCCATGCTC,4.200712172754442
18409,0.10033887679408526,12__mutated,PertCortex_12_CTCTAATTCGCATGGC,4.844758522835358
18410,0.15622001399842622,12__mutated,PertCortex_12_CTCTAATTCTCATTCA,4.00576142419625
18411,0.11476242096578687,12__mutated,PertCortex_12_CTCTACGAGTAACCCT,5.4912628193010224
18412,0.11168995806257055,12__mutated,PertCortex_12_CTCTACGGTGGTGTAG,3.4613991277305325
18413,0.06704468744234876,12__mutated,PertCortex_12_CTCTACGGTGTGGTTT,3.8917178758981135
18414,0.13638310488055014,12__mutated,PertCortex_12_CTCTGGTCAATAGAGT,5.162561295766176
18415,0.16845228050053976,12__mutated,PertCortex_12_CTCTGGTCACGTGAGA,4.522451928268028
18416,0.19087694104887548,12__mutated,PertCortex_12_CTCTGGTCAGGGATTG,3.974544880647425
18417,0.16958648424336806,12__mutated,PertCortex_12_CTCTGGTGTTTGTTGG,3.869011160247691
18418,0.11108877011578787,12__mutated,PertCortex_12_CTCTGGTTCATGTGGT,3.779888794886233
18419,0.15063781678743435,12__mutated,PertCortex_12_CTCTGGTTCGTCTGCT,5.039291599309831
18420,0.144237912554347,12__mutated,PertCortex_12_CTCTGGTTCTTACCGC,3.912800820653877
18421,0.1925442573766383,12__mutated,PertCortex_12_CTGAAACCAGCTTAAC,4.136075585902294
18422,0.41701873865486583,12__mutated,PertCortex_12_CTGAAACGTACAGTTC,2.1561814001671293
18423,0.2586708570223382,12__mutated,PertCortex_12_CTGAAACGTTCGCTAA,2.5982973213844436
18424,-0.009340549352405487,12__mutated,PertCortex_12_CTGAAACTCACTCCTG,2.7592656832474645
18425,0.10706635251038597,12__mutated,PertCortex_12_CTGAAGTCAACGATGG,3.5932537090695895
18426,0.08519287027953075,12__mutated,PertCortex_12_CTGAAGTGTCTCCATC,3.3290713547582356
18427,0.19383198032938206,12__mutated,PertCortex_12_CTGAAGTGTGCAGTAG,2.235570383086746
18428,0.2214365570271973,12__mutated,PertCortex_12_CTGAAGTTCACATAGC,4.337401805539077
18429,0.29358918821426216,12__mutated,PertCortex_12_CTGAAGTTCGCCCTTA,2.832556033871341
18430,0.5190749513474355,12__mutated,PertCortex_12_CTGATAGAGAAAGTGG,1.929826563499464
18431,0.3355913791276954,12__mutated,PertCortex_12_CTGATAGCAATCGAAA,2.5978095022902825
18432,0.23803477299271394,12__mutated,PertCortex_12_CTGATAGCACCGCTAG,3.8573694829600056
18433,0.053186837503284005,12__mutated,PertCortex_12_CTGATAGCACGCTTTC,4.64668968278462
18434,0.3442594100334551,12__mutated,PertCortex_12_CTGATAGCAGGTTTCA,4.314358356623558
18435,0.1882657329555316,12__mutated,PertCortex_12_CTGATAGGTCCAACTA,4.648861661121586
18436,0.17909770134884206,12__mutated,PertCortex_12_CTGATAGTCAACGCTA,3.4687179228108973
18437,0.3504515183924852,12__mutated,PertCortex_12_CTGATAGTCATATCGG,2.442915936139309
18438,0.09122883154833583,12__mutated,PertCortex_12_CTGATCCGTCTGCCAG,3.680261793059708
18439,0.16818009634656345,12__mutated,PertCortex_12_CTGATCCGTGATAAAC,3.498629600128016
18440,0.004845506022434587,12__mutated,PertCortex_12_CTGATCCTCGCATGAT,3.5689694524230546
18441,0.3789831066916156,12__mutated,PertCortex_12_CTGCCTAAGAAGGACA,1.393130243403643
18442,0.22193333326603795,12__mutated,PertCortex_12_CTGCCTAAGTAGATGT,4.563811436071828
18443,0.2361133319372142,12__mutated,PertCortex_12_CTGCCTACACGGCGTT,2.996061058704334
18444,0.5316476516228746,12__mutated,PertCortex_12_CTGCCTACAGCTTAAC,1.8019371252684393
18445,0.06120911434393678,12__mutated,PertCortex_12_CTGCCTATCCACGAAT,3.2223613740307107
18446,0.1328875294015907,12__mutated,PertCortex_12_CTGCGGACACTGCCAG,4.612105278827582
18447,0.11758223603058797,12__mutated,PertCortex_12_CTGCGGAGTAAGGGAA,4.239706609707591
18448,0.1363552227252469,12__mutated,PertCortex_12_CTGCGGAGTACCGGCT,3.741966543151482
18449,0.27188720111463827,12__mutated,PertCortex_12_CTGCGGAGTGCAGGTA,2.488551909933712
18450,0.45908762332238257,12__mutated,PertCortex_12_CTGCGGAGTTCGCTAA,1.7867840311587142
18451,0.11909510195505356,12__mutated,PertCortex_12_CTGCGGAGTTCTGAAC,3.4512466490951748
18452,0.20456404201598422,12__mutated,PertCortex_12_CTGCGGATCTTCCTTC,4.4756617354746835
18453,0.010889867574770506,12__mutated,PertCortex_12_CTGCTGTAGATCGATA,2.862211246414765
18454,0.08584597081162824,12__mutated,PertCortex_12_CTGCTGTAGTGCGATG,4.320714979686671
18455,0.08838304464445647,12__mutated,PertCortex_12_CTGCTGTCATATACCG,4.567097759759284
18456,0.18178714450840194,12__mutated,PertCortex_12_CTGCTGTGTCTAGGTT,3.072334071541933
18457,0.22222075038807695,12__mutated,PertCortex_12_CTGCTGTTCGCAAGCC,3.0079311852543027
18458,0.1524078359955602,12__mutated,PertCortex_12_CTGGTCTAGAAACCTA,3.031342339433393
18459,0.6293420613740749,12__mutated,PertCortex_12_CTGGTCTCACTCGACG,1.9430848117572292
18460,0.29212550236532675,12__mutated,PertCortex_12_CTGGTCTGTGCGGTAA,2.3265523870301594
18461,0.5602335946271729,12__mutated,PertCortex_12_CTGTGCTCATATGCTG,2.781892559998553
18462,0.3658464078567934,12__mutated,PertCortex_12_CTGTGCTGTTTAGCTG,2.768926652286436
18463,0.16500054181435395,12__mutated,PertCortex_12_CTGTGCTTCAACACGT,3.5873803836152716
18464,0.20684221366442707,12__mutated,PertCortex_12_CTGTGCTTCCACGTTC,3.115260726540796
18465,0.25507952427798497,12__mutated,PertCortex_12_CTGTGCTTCCGTCATC,1.9297298988841791
18466,0.152287797758425,12__mutated,PertCortex_12_CTGTTTACATCGATTG,4.6576583670529965
18467,0.20143249329261254,12__mutated,PertCortex_12_CTGTTTAGTCCTGCTT,3.424480580704392
18468,0.4060024363586195,12__mutated,PertCortex_12_CTGTTTATCCTTCAAT,3.1661912344139735
18469,0.06568516366348635,12__mutated,PertCortex_12_CTGTTTATCGTGTAGT,4.502528047081552
18470,0.3067022882557094,12__mutated,PertCortex_12_CTGTTTATCTTCTGGC,2.4809071599614896
18471,0.1165886188739707,12__mutated,PertCortex_12_CTTAACTAGAGATGAG,3.652637404777439
18472,0.35847554201222287,12__mutated,PertCortex_12_CTTAACTCAACTGGCC,2.286193292786792
18473,0.1278870923636157,12__mutated,PertCortex_12_CTTAACTCAGATAATG,3.8245827091078173
18474,0.2203543127866599,12__mutated,PertCortex_12_CTTAACTGTGCGGTAA,3.76963422049369
18475,0.2400809746940746,12__mutated,PertCortex_12_CTTACCGCAGATGAGC,3.2657393752662602
18476,0.23255140837564708,12__mutated,PertCortex_12_CTTACCGCATGGTTGT,3.46832707165606
18477,0.17404752478359545,12__mutated,PertCortex_12_CTTACCGGTAGGCTGA,2.9135497701405884
18478,0.15397490767157526,12__mutated,PertCortex_12_CTTAGGAAGGCAGTCA,4.243847835682398
18479,0.11128473228498593,12__mutated,PertCortex_12_CTTAGGACAAGCCGTC,4.290348294415975
18480,0.13656620793468285,12__mutated,PertCortex_12_CTTAGGAGTACTCTCC,3.0172315370908827
18481,0.16015028319031302,12__mutated,PertCortex_12_CTTAGGAGTGTGACGA,3.4726553985564053
18482,0.5099279454252709,12__mutated,PertCortex_12_CTTAGGATCCAAGCCG,1.8257973382992259
18483,0.09977025621489828,12__mutated,PertCortex_12_CTTCTCTAGCCTCGTG,4.154969964536184
18484,0.20268791528606317,12__mutated,PertCortex_12_CTTCTCTAGTAACCCT,3.2826524291819044
18485,0.1819181850597748,12__mutated,PertCortex_12_CTTCTCTAGTTAGGTA,4.251769183209
18486,0.43040600464120066,12__mutated,PertCortex_12_CTTCTCTCATACGCCG,2.1391608350066718
18487,0.11994593655408459,12__mutated,PertCortex_12_CTTGGCTAGTGGTCCC,3.5201571581420623
18488,0.16472122332152683,12__mutated,PertCortex_12_CTTGGCTCACAGGCCT,4.473323937409521
18489,0.3414259285823499,12__mutated,PertCortex_12_CTTGGCTCATGTTGAC,3.5436222461024274
18490,0.1851907131162519,12__mutated,PertCortex_12_CTTGGCTGTCAAACTC,3.47485771947386
18491,0.10656966111683998,12__mutated,PertCortex_12_CTTGGCTTCTTCTGGC,4.4654932046516675
18492,0.07758275485275468,12__mutated,PertCortex_12_CTTTGCGAGTGAACGC,3.165717210479145
18493,0.14337356478159155,12__mutated,PertCortex_12_CTTTGCGGTTGACGTT,4.527247459614871
18494,0.2652175817774804,12__mutated,PertCortex_12_CTTTGCGTCCCAACGG,4.650467337657534
18495,0.10270172064180141,12__mutated,PertCortex_12_GAAACTCAGTCTCAAC,4.323077306602365
18496,0.18363598485632926,12__mutated,PertCortex_12_GAAACTCGTTACTGAC,4.438109441841108
18497,0.12085907745518869,12__mutated,PertCortex_12_GAAACTCTCCGTAGGC,3.126530820160329
18498,0.20081445487852378,12__mutated,PertCortex_12_GAAATGAAGACTACAA,3.7872102057691457
18499,0.46890137501194207,12__mutated,PertCortex_12_GAAATGAAGAGGGCTT,1.936434514564615
18500,0.17559043630248108,12__mutated,PertCortex_12_GAAATGAAGCGTGAGT,3.342555715999419
18501,0.18290891729928851,12__mutated,PertCortex_12_GAAATGACACCCAGTG,2.4998812662333463
18502,0.05408962229636441,12__mutated,PertCortex_12_GAAATGAGTACCGTTA,3.970155925960306
18503,0.1517290589033521,12__mutated,PertCortex_12_GAAATGAGTAGTAGTA,4.560308896779914
18504,0.3090255444395184,12__mutated,PertCortex_12_GAAATGAGTATAGTAG,3.294073804946692
18505,0.21576963907673152,12__mutated,PertCortex_12_GAAATGAGTCACACGC,3.9403370994991866
18506,0.019586303338002313,12__mutated,PertCortex_12_GAACATCAGTTGTCGT,4.0152447681219074
18507,0.18212711869439188,12__mutated,PertCortex_12_GAACATCCACATTAGC,2.804876443600169
18508,0.15484818772543402,12__mutated,PertCortex_12_GAACATCGTCCTAGCG,5.28459437543695
18509,0.06034856245155606,12__mutated,PertCortex_12_GAACATCTCCTAGTGA,3.9701080907453035
18510,0.1784131643775807,12__mutated,PertCortex_12_GAACATCTCTCAAACG,4.265969839488559
18511,0.2137184122116371,12__mutated,PertCortex_12_GAACATCTCTGCGTAA,4.632671360928077
18512,0.05505210111250389,12__mutated,PertCortex_12_GAACCTAAGGGTCTCC,4.1367187106754315
18513,0.2654985087721322,12__mutated,PertCortex_12_GAACCTAAGTACACCT,3.5644507114172557
18514,0.12235593322009475,12__mutated,PertCortex_12_GAACCTACACCTGGTG,4.602832833791188
18515,0.2814169264250264,12__mutated,PertCortex_12_GAACCTAGTGGGTATG,2.378142965268243
18516,0.12682352397622232,12__mutated,PertCortex_12_GAACCTATCGGTGTTA,5.043051763107285
18517,0.4357714095192574,12__mutated,PertCortex_12_GAACGGAAGAGATGAG,2.922048352638667
18518,0.2118555765480464,12__mutated,PertCortex_12_GAACGGAGTTCATGGT,3.235262263526795
18519,0.11250948480918067,12__mutated,PertCortex_12_GAACGGATCAGAGGTG,3.7467423740142234
18520,0.07713632195661338,12__mutated,PertCortex_12_GAAGCAGAGCCCGAAA,4.352325802423949
18521,0.16261081921290732,12__mutated,PertCortex_12_GAAGCAGGTCCAACTA,5.616009916341832
18522,0.17012779254318972,12__mutated,PertCortex_12_GAAGCAGGTGGTACAG,4.152816312174082
18523,0.14825021503936162,12__mutated,PertCortex_12_GAAGCAGTCACAAACC,2.834842344756109
18524,0.1605872014565445,12__mutated,PertCortex_12_GAAGCAGTCCACGTTC,1.9281414021822327
18525,0.29214447434333485,12__mutated,PertCortex_12_GAAGCAGTCCTAGGGC,4.205867766387119
18526,0.4388435530301614,12__mutated,PertCortex_12_GAATAAGCACAAGCCC,1.9334610568501267
18527,0.20094651760556378,12__mutated,PertCortex_12_GAATAAGCACTTGGAT,3.982746148212975
18528,0.4504115145257475,12__mutated,PertCortex_12_GAATAAGCAGTAAGCG,2.313551796942263
18529,0.1168688603915088,12__mutated,PertCortex_12_GAATAAGTCACGATGT,4.1348979483183195
18530,0.2129707451165918,12__mutated,PertCortex_12_GAATAAGTCCAAACTG,3.391069160282499
18531,0.2806322646399718,12__mutated,PertCortex_12_GAATAAGTCGGTCCGA,3.761999326896636
18532,0.301370636059798,12__mutated,PertCortex_12_GAATGAAAGATAGGAG,4.401892155545804
18533,0.10116452178758337,12__mutated,PertCortex_12_GAATGAAAGGTGTGGT,3.923005466892192
18534,0.17077822256608574,12__mutated,PertCortex_12_GAATGAACATGTCTCC,3.8026201977328173
18535,0.15028272991831643,12__mutated,PertCortex_12_GAATGAATCTAACTCT,2.924224917342303
18536,0.24849474784196707,12__mutated,PertCortex_12_GACACGCAGCTAGTCT,4.003938427558506
18537,0.5536167987508616,12__mutated,PertCortex_12_GACACGCCACGTAAGG,1.4927691712134452
18538,0.2501694480395697,12__mutated,PertCortex_12_GACACGCGTCAGAATA,3.538510415204046
18539,0.20216014412495098,12__mutated,PertCortex_12_GACACGCTCATGCATG,3.620110747144211
18540,0.20803211866314333,12__mutated,PertCortex_12_GACAGAGAGTACGATA,4.691273863890798
18541,0.1351869089139571,12__mutated,PertCortex_12_GACAGAGCAAGCCGCT,4.181035758754545
18542,0.11591132920258027,12__mutated,PertCortex_12_GACAGAGCATGGATGG,3.0718728389031513
18543,0.3581594901983947,12__mutated,PertCortex_12_GACAGAGTCCACGTTC,2.179927731434942
18544,0.1840768190848,12__mutated,PertCortex_12_GACCAATAGACACGAC,3.0996134656563394
18545,0.09218465198741703,12__mutated,PertCortex_12_GACCAATAGTTCGATC,4.188616091466032
18546,0.08594031353158237,12__mutated,PertCortex_12_GACCAATGTGTAATGA,3.9861157170548878
18547,0.3104179645483287,12__mutated,PertCortex_12_GACCAATTCAGTCCCT,1.6092916582951566
18548,0.11249851356748532,12__mutated,PertCortex_12_GACCTGGAGCGAGAAA,3.9239154860537213
18549,0.1310599288481404,12__mutated,PertCortex_12_GACCTGGAGGCTCAGA,4.063537152969993
18550,0.1477991335248518,12__mutated,PertCortex_12_GACCTGGTCATTGCGA,4.078989851124722
18551,0.09389372193239193,12__mutated,PertCortex_12_GACGCGTAGGGTTTCT,2.9772260293287105
18552,0.15038594764669141,12__mutated,PertCortex_12_GACGCGTCATTTGCCC,4.459433507002041
18553,0.07126287718343001,12__mutated,PertCortex_12_GACGCGTGTCAGAGGT,2.6354935003372075
18554,0.21408557078389134,12__mutated,PertCortex_12_GACGCGTGTCTGCAAT,4.377542462857663
18555,0.0523395947516516,12__mutated,PertCortex_12_GACGCGTGTTGAGTTC,3.645689533427916
18556,0.10078680005421642,12__mutated,PertCortex_12_GACGGCTAGATATGGT,4.183646936068424
18557,0.028520870454018372,12__mutated,PertCortex_12_GACGGCTAGATGTCGG,3.974029976749615
18558,0.5322133496182178,12__mutated,PertCortex_12_GACGGCTCACCGTTGG,1.7634795736884659
18559,0.28610273850903933,12__mutated,PertCortex_12_GACGGCTTCCAATGGT,1.804120810722609
18560,0.07508490206348899,12__mutated,PertCortex_12_GACGGCTTCCACGTGG,4.28077288056246
18561,0.07251692444256473,12__mutated,PertCortex_12_GACGTGCTCGGTGTCG,4.193078621086665
18562,0.16351165424885009,12__mutated,PertCortex_12_GACGTTAAGACCTTTG,3.1118160670793373
18563,0.13525425079807066,12__mutated,PertCortex_12_GACGTTAAGCTGTCTA,3.353395114659843
18564,0.1658296916394497,12__mutated,PertCortex_12_GACGTTACAATGGAGC,3.06574508679213
18565,0.1137283385354726,12__mutated,PertCortex_12_GACGTTACAGTCTTCC,2.7672048341888944
18566,0.24223244365650287,12__mutated,PertCortex_12_GACGTTAGTAGCGCAA,3.8028850197494584
18567,0.3680882557427123,12__mutated,PertCortex_12_GACTAACCACGAGGTA,3.07071611608362
18568,0.2023211372027558,12__mutated,PertCortex_12_GACTAACCAGCTATTG,4.6478694188919105
18569,0.1205596219284295,12__mutated,PertCortex_12_GACTAACGTAAGAGAG,3.0159849183180216
18570,0.1117366107719422,12__mutated,PertCortex_12_GACTACAAGGCTACGA,4.0095357011887325
18571,0.0923160618139294,12__mutated,PertCortex_12_GACTACACAAGGACAC,3.7285274526403462
18572,0.05556517083154558,12__mutated,PertCortex_12_GACTACACACCTCGGA,2.4693752535525317
18573,0.13102978137400603,12__mutated,PertCortex_12_GACTACACAGCCAATT,4.779786434385595
18574,0.12378426786576908,12__mutated,PertCortex_12_GACTACACAGGGAGAG,4.194937566757413
18575,0.14805229470387749,12__mutated,PertCortex_12_GACTACAGTCATGCAT,3.5297547962527025
18576,0.2746828287226106,12__mutated,PertCortex_12_GACTGCGAGAGGTTAT,2.3580837383072604
18577,0.1602021932737167,12__mutated,PertCortex_12_GACTGCGCAATGGTCT,4.62759373971728
18578,0.15840031836592647,12__mutated,PertCortex_12_GACTGCGCACATCTTT,3.9572268137667908
18579,0.07903574956581857,12__mutated,PertCortex_12_GACTGCGGTGCACTTA,3.983003874507155
18580,0.10848054464005838,12__mutated,PertCortex_12_GACTGCGGTGTTTGTG,5.035102317769188
18581,0.5092641580708003,12__mutated,PertCortex_12_GACTGCGTCCTGCAGG,1.9331622716998869
18582,0.1145198449503279,12__mutated,PertCortex_12_GAGCAGACATGGTAGG,3.71367882707379
18583,0.15752421725044122,12__mutated,PertCortex_12_GAGCAGATCCGCATAA,5.230932454300208
18584,0.054915824560003774,12__mutated,PertCortex_12_GAGCAGATCGTTTGCC,3.884956073630055
18585,0.23629378897922373,12__mutated,PertCortex_12_GAGCAGATCTACCAGA,1.8282790650733391
18586,0.09867706201375744,12__mutated,PertCortex_12_GAGCAGATCTTGAGGT,4.249327754951843
18587,0.16143749935045737,12__mutated,PertCortex_12_GAGGTGACACCCTATC,4.347818878899696
18588,0.14845597063096597,12__mutated,PertCortex_12_GAGGTGATCGAACTGT,4.164448061177279
18589,0.4017466455099773,12__mutated,PertCortex_12_GAGTCCGTCAGTGTTG,1.6486842106468667
18590,0.11734387753029116,12__mutated,PertCortex_12_GAGTCCGTCCGTTGCT,4.247770793850714
18591,0.21635484095629276,12__mutated,PertCortex_12_GATCAGTAGCTAGGCA,3.3377446632296786
18592,0.49157016476038556,12__mutated,PertCortex_12_GATCAGTCACACATGT,2.1645336800152664
18593,0.18454191384936544,12__mutated,PertCortex_12_GATCAGTGTGCATCTA,4.470569554720149
18594,0.30538402536706755,12__mutated,PertCortex_12_GATCAGTGTGCCTGGT,4.092263307000818
18595,0.1010481055895083,12__mutated,PertCortex_12_GATCAGTGTTCCTCCA,3.8809477134517403
18596,0.05585823672192209,12__mutated,PertCortex_12_GATCAGTTCAGCGACC,4.1210520616100865
18597,0.6725944628389839,12__mutated,PertCortex_12_GATCAGTTCTAGAGTC,1.6872120621010414
18598,0.26651785146210205,12__mutated,PertCortex_12_GATCAGTTCTGGCGAC,1.4754812929909087
18599,0.0644417824427366,12__mutated,PertCortex_12_GATCGATAGCCCTAAT,4.211907323683644
18600,0.08657473252622569,12__mutated,PertCortex_12_GATCGATAGGAATTAC,3.2747840221366724
18601,0.28639660993545407,12__mutated,PertCortex_12_GATCGATAGTGTTAGA,2.4241902515105545
18602,0.2852479163806807,12__mutated,PertCortex_12_GATCGATCAGGATTGG,4.590722458604658
18603,0.3143752069642292,12__mutated,PertCortex_12_GATCGATTCGGTTAAC,4.28042977584363
18604,0.20018502142627054,12__mutated,PertCortex_12_GATCGCGAGTGAAGAG,4.527987423545024
18605,0.1294939099395063,12__mutated,PertCortex_12_GATCGCGCAAGTCTGT,3.9135636698406917
18606,0.1425036401180224,12__mutated,PertCortex_12_GATCGCGTCGATAGAA,4.16292845283351
18607,0.28476311629944157,12__mutated,PertCortex_12_GATCGTAGTGCGAAAC,2.292418022111191
18608,0.39200592130461226,12__mutated,PertCortex_12_GATCTAGGTCTTGATG,2.5882245964216692
18609,0.36697971473561875,12__mutated,PertCortex_12_GATCTAGGTGATGTCT,2.2350393356705895
18610,0.2114790045102354,12__mutated,PertCortex_12_GATCTAGTCACTCTTA,2.9662620697794866
18611,0.2861213361756349,12__mutated,PertCortex_12_GATCTAGTCCTTAATC,4.82813895880611
18612,0.2075811840951286,12__mutated,PertCortex_12_GATCTAGTCGCCATAA,2.6032222585841724
18613,0.18048806622161145,12__mutated,PertCortex_12_GATGAAAAGACTAGGC,5.389558070529512
18614,0.12408515974379915,12__mutated,PertCortex_12_GATGAAAAGATAGTCA,4.759152904853895
18615,0.08066174995823058,12__mutated,PertCortex_12_GATGAAAAGCTAAGAT,3.1271432388136318
18616,0.08724143919697502,12__mutated,PertCortex_12_GATGAAACATTCGACA,3.6918053142002636
18617,0.254872529180208,12__mutated,PertCortex_12_GATGAAAGTTTCCACC,4.115693195802103
18618,0.2940094782341315,12__mutated,PertCortex_12_GATGAGGCACGGCCAT,3.723684405295337
18619,0.1775660680174965,12__mutated,PertCortex_12_GATGAGGCATACGCCG,4.091660500165351
18620,0.12330356063622618,12__mutated,PertCortex_12_GATGAGGGTACACCGC,4.006988906262778
18621,0.15400692387403087,12__mutated,PertCortex_12_GATGAGGGTATAAACG,4.4257178924156655
18622,0.055810532413321824,12__mutated,PertCortex_12_GATGAGGGTGGGTCAA,3.957994519091723
18623,0.07969011905393955,12__mutated,PertCortex_12_GATGCTACAGCTATTG,2.460368641213641
18624,0.08163060568371781,12__mutated,PertCortex_12_GATGCTAGTCCAAGTT,4.046131845160259
18625,0.21529646550000542,12__mutated,PertCortex_12_GATGCTAGTGCTAGCC,4.227131820029918
18626,0.16278120350106742,12__mutated,PertCortex_12_GATGCTATCAACCATG,4.800468132516453
18627,0.21912468088113105,12__mutated,PertCortex_12_GATGCTATCAACGAAA,2.078357599226135
18628,0.23387461597145653,12__mutated,PertCortex_12_GATGCTATCAACGGGA,3.9361017593827956
18629,0.13827184305950632,12__mutated,PertCortex_12_GATGCTATCACCCTCA,3.7791293925013814
18630,0.08601541913826437,12__mutated,PertCortex_12_GATGCTATCGGCTACG,3.8292623801400576
18631,0.07267272679660541,12__mutated,PertCortex_12_GATTCAGCATCTCCCA,4.17977690898683
18632,0.11504600779850034,12__mutated,PertCortex_12_GATTCAGGTACATGTC,3.8700578493617086
18633,0.40444170703655974,12__mutated,PertCortex_12_GATTCAGGTAGGCATG,2.1368837883426317
18634,0.2126429051172429,12__mutated,PertCortex_12_GATTCAGGTCATGCAT,3.1892512391816576
18635,0.1071045381183472,12__mutated,PertCortex_12_GATTCAGGTCGCATAT,3.2029738071165683
18636,0.19920838869028945,12__mutated,PertCortex_12_GATTCAGTCCACGCAG,2.5976416470378045
18637,0.14813282729186486,12__mutated,PertCortex_12_GCAAACTGTCCCTTGT,4.29600066838909
18638,0.13502598093277954,12__mutated,PertCortex_12_GCAAACTGTCCGAAGA,4.211283853402147
18639,0.2080174730167789,12__mutated,PertCortex_12_GCAAACTGTGATAAGT,4.488262545802626
18640,0.09154234463766135,12__mutated,PertCortex_12_GCAAACTGTTTGCATG,3.461942097176974
18641,0.22942992473444543,12__mutated,PertCortex_12_GCAATCAAGCTTATCG,2.864502362336143
18642,0.2029552022153743,12__mutated,PertCortex_12_GCAATCAAGGTGTGGT,3.027055963874048
18643,0.02042766016293491,12__mutated,PertCortex_12_GCAATCAGTCATCGGC,4.056226267147272
18644,0.16100251046198735,12__mutated,PertCortex_12_GCACATAAGGCTCTTA,4.2872740832573255
18645,0.14903208539137064,12__mutated,PertCortex_12_GCACATACAAGAAAGG,3.634746253717517
18646,0.22883479702270168,12__mutated,PertCortex_12_GCACATACAAGGTTTC,3.487325150765009
18647,0.5588046481151754,12__mutated,PertCortex_12_GCACATACACTCGACG,2.1804641095135646
18648,0.3015991444561819,12__mutated,PertCortex_12_GCACATAGTTCGTCTC,4.441076059334576
18649,0.18015670668053635,12__mutated,PertCortex_12_GCACATATCCTAAGTG,3.2391999321567346
18650,0.33177571332887196,12__mutated,PertCortex_12_GCACATATCTACTTAC,2.4366632159510737
18651,0.14676641770799964,12__mutated,PertCortex_12_GCACTCTAGACTACAA,4.060171546662881
18652,0.3016756096554256,12__mutated,PertCortex_12_GCACTCTAGCTGCCCA,3.271581173641659
18653,0.1955488959633843,12__mutated,PertCortex_12_GCACTCTAGGCATGGT,2.8161003532058038
18654,0.1970470735236344,12__mutated,PertCortex_12_GCACTCTAGTGGGTTG,3.3696287025542233
18655,0.14243654340219394,12__mutated,PertCortex_12_GCACTCTGTATAGGTA,4.530106251663605
18656,0.12896040429473396,12__mutated,PertCortex_12_GCACTCTGTGTCCTCT,3.2751130156037798
18657,0.14244335049187676,12__mutated,PertCortex_12_GCACTCTTCATCTGTT,4.259879533202747
18658,0.10179781002033338,12__mutated,PertCortex_12_GCACTCTTCGGCGCAT,4.111699941978837
18659,0.24132156198499524,12__mutated,PertCortex_12_GCACTCTTCTACTATC,2.432026243356395
18660,0.11965285410192945,12__mutated,PertCortex_12_GCAGCCAAGATGCCTT,4.043020995620749
18661,0.11879810177732072,12__mutated,PertCortex_12_GCAGCCAAGTACGTTC,4.429500079234736
18662,0.2885538602708965,12__mutated,PertCortex_12_GCAGCCAGTCAGCTAT,4.099910003030324
18663,0.11105675693265203,12__mutated,PertCortex_12_GCAGCCATCATGTGGT,3.58458933766465
18664,0.16647685248812266,12__mutated,PertCortex_12_GCAGCCATCTTGTACT,4.267537338490796
18665,0.04653901837744222,12__mutated,PertCortex_12_GCAGTTAGTGTCCTCT,3.2617448348285745
18666,0.42049439593177346,12__mutated,PertCortex_12_GCATACAAGCAGGCTA,2.5209994691059765
18667,0.11353508104869582,12__mutated,PertCortex_12_GCATACACATTCACTT,4.037119416099002
18668,0.05042215472572204,12__mutated,PertCortex_12_GCATACAGTCACACGC,3.836736009021328
18669,0.13601513971314866,12__mutated,PertCortex_12_GCATGATAGATGCCTT,4.4844672027758925
18670,0.12282549604198362,12__mutated,PertCortex_12_GCATGATCACAAGTAA,4.3279230920806055
18671,0.16062598163851216,12__mutated,PertCortex_12_GCATGATGTAGATTAG,3.651234132298783
18672,0.16820936570879963,12__mutated,PertCortex_12_GCATGATGTCCAACTA,3.711193919123236
18673,0.1064887393196346,12__mutated,PertCortex_12_GCATGATTCAACCAAC,4.4448702998311385
18674,0.10985973846753953,12__mutated,PertCortex_12_GCATGATTCCTAGGGC,4.699274170095773
18675,0.13834721244786324,12__mutated,PertCortex_12_GCATGCGCACCCATTC,4.2161017842592825
18676,0.2230634671315192,12__mutated,PertCortex_12_GCATGCGCAGTATAAG,4.372257827105071
18677,0.04785683503350659,12__mutated,PertCortex_12_GCATGCGTCATGTCCC,3.743964072969076
18678,0.12774753706653308,12__mutated,PertCortex_12_GCATGCGTCCCATTTA,3.804892588983631
18679,0.07873278324338383,12__mutated,PertCortex_12_GCATGTAAGAATTCCC,4.3724259303287365
18680,0.3155556708605527,12__mutated,PertCortex_12_GCATGTAAGAGACGAA,3.9983522903141027
18681,0.38882909795487763,12__mutated,PertCortex_12_GCATGTAAGTGGAGTC,3.709361264886564
18682,0.11380981626409205,12__mutated,PertCortex_12_GCATGTACACGGTTTA,3.8538945814609007
18683,0.08412140983113267,12__mutated,PertCortex_12_GCATGTACATTACGAC,4.550907912844539
18684,0.4269466983466855,12__mutated,PertCortex_12_GCATGTATCTTGCAAG,1.9127555799148324
18685,0.19928689671572605,12__mutated,PertCortex_12_GCCAAATGTAAGAGGA,4.245499762985508
18686,0.13874957463832738,12__mutated,PertCortex_12_GCCAAATTCGCCAAAT,4.6498233216559886
18687,0.13887406195030522,12__mutated,PertCortex_12_GCCTCTAAGCGTCTAT,4.583008883811869
18688,0.1286420891227935,12__mutated,PertCortex_12_GCCTCTACACAGTCGC,3.8358663887248756
18689,0.13634576743363666,12__mutated,PertCortex_12_GCCTCTATCTGTCAAG,2.1332296603788565
18690,0.10327385268286104,12__mutated,PertCortex_12_GCGACCAAGTGGGTTG,4.705946511368914
18691,0.09561992586502353,12__mutated,PertCortex_12_GCGACCACATGATCCA,2.8523683812994904
18692,0.08469568246756469,12__mutated,PertCortex_12_GCGACCAGTAGAGCTG,3.956879999007099
18693,0.07377464478971202,12__mutated,PertCortex_12_GCGACCATCATGTCCC,4.309235250920928
18694,0.03970415944248707,12__mutated,PertCortex_12_GCGACCATCTCTTGAT,3.8111726375831676
18695,0.13048278210432304,12__mutated,PertCortex_12_GCGAGAAAGGCACATG,4.257757671788046
18696,0.4758357799852188,12__mutated,PertCortex_12_GCGAGAAAGTGAAGTT,1.9190931694619644
18697,0.09148749905662738,12__mutated,PertCortex_12_GCGAGAAAGTGACTCT,4.670996326988156
18698,0.4861756080087082,12__mutated,PertCortex_12_GCGAGAAGTAGCGCTC,2.075679553711619
18699,0.34886852895914977,12__mutated,PertCortex_12_GCGAGAAGTCGAGTTT,1.9228727864218418
18700,0.14552056522823165,12__mutated,PertCortex_12_GCGAGAATCCAGATCA,3.841673907149361
18701,0.24282427475485852,12__mutated,PertCortex_12_GCGCAACCACGGATAG,4.945669818956852
18702,0.0981702109690103,12__mutated,PertCortex_12_GCGCAACTCATAACCG,2.8779919929253945
18703,0.16610518391127627,12__mutated,PertCortex_12_GCGCAGTAGATCTGAA,2.811747339388597
18704,0.11621826636803229,12__mutated,PertCortex_12_GCGCAGTTCTCGAGTA,4.111197614824544
18705,0.029841349268950133,12__mutated,PertCortex_12_GCGCAGTTCTGATTCT,3.698258677123155
18706,0.1671134522088097,12__mutated,PertCortex_12_GCGCCAACACCATCCT,4.166968468318512
18707,0.3316641687706418,12__mutated,PertCortex_12_GCGCCAAGTATCAGTC,3.023522673889205
18708,0.21883717262073651,12__mutated,PertCortex_12_GCGCCAATCAAACAAG,4.452301217526684
18709,0.17192906137817976,12__mutated,PertCortex_12_GCGCGATAGGGATGGG,4.392040895232643
18710,0.19696347358555547,12__mutated,PertCortex_12_GCGCGATCACCTCGTT,4.040290097135021
18711,0.08706412864865916,12__mutated,PertCortex_12_GCGCGATGTTCCAACA,3.5718938470696164
18712,0.07056090135264347,12__mutated,PertCortex_12_GCGGGTTAGCTACCGC,3.0837601346463726
18713,0.19324006791703915,12__mutated,PertCortex_12_GCGGGTTCAATACGCT,4.782497764410753
18714,0.07297302397481274,12__mutated,PertCortex_12_GCGGGTTCAGATAATG,4.493685992447041
18715,0.2587104255733639,12__mutated,PertCortex_12_GCGGGTTCATCGATTG,4.35793803091143
18716,0.14838455012851015,12__mutated,PertCortex_12_GCGGGTTGTACGCACC,3.207362821076681
18717,0.07062490200165637,12__mutated,PertCortex_12_GCGGGTTTCGACCAGC,3.85396544093761
18718,0.1193069291710102,12__mutated,PertCortex_12_GCTCCTAAGTGGTAGC,4.421566647782139
18719,0.4389255851548569,12__mutated,PertCortex_12_GCTCCTAGTCATGCCG,3.8685881552011807
18720,0.24685734528758094,12__mutated,PertCortex_12_GCTCCTAGTCGACTAT,2.7445769556502775
18721,0.15699370620844272,12__mutated,PertCortex_12_GCTCCTATCCACGTGG,4.275104167868509
18722,0.23096699926402917,12__mutated,PertCortex_12_GCTCCTATCTGTTTGT,2.5569611215630426
18723,0.17680117948183757,12__mutated,PertCortex_12_GCTCCTATCTTCTGGC,3.287346494866269
18724,0.11048548222388893,12__mutated,PertCortex_12_GCTCTGTAGCACAGGT,4.080186051705083
18725,0.20438980037618737,12__mutated,PertCortex_12_GCTCTGTGTTCTGGTA,4.914353187288557
18726,0.13091669748466825,12__mutated,PertCortex_12_GCTCTGTGTTTGACTG,3.813113675201734
18727,0.06253757314195238,12__mutated,PertCortex_12_GCTCTGTTCATGGTCA,3.3338275118817373
18728,0.1593692221748651,12__mutated,PertCortex_12_GCTGCAGAGAGGGATA,3.9313992859303872
18729,0.23770278657187044,12__mutated,PertCortex_12_GCTGCAGAGCTCCCAG,1.8308628474563962
18730,0.21245113184459827,12__mutated,PertCortex_12_GCTGCAGGTGACCAAG,3.7892467022316945
18731,0.339578038980195,12__mutated,PertCortex_12_GCTGCAGTCATGTCTT,2.0000581361876666
18732,0.24526371051853588,12__mutated,PertCortex_12_GCTGCGAAGCGAAGGG,4.2855964379509555
18733,0.09864771506431864,12__mutated,PertCortex_12_GCTGCGAAGGTGTTAA,3.6413662248378604
18734,0.21603224345506952,12__mutated,PertCortex_12_GCTGCGAAGTTGTAGA,5.066418239940855
18735,0.18325266635451107,12__mutated,PertCortex_12_GCTGCGACACGAAATA,3.5737150462691134
18736,0.46993900522077087,12__mutated,PertCortex_12_GCTGCGACAGATTGCT,2.0089874021318135
18737,0.16462408796491432,12__mutated,PertCortex_12_GCTGCGAGTGGCGAAT,3.312396257436629
18738,0.10340499802033457,12__mutated,PertCortex_12_GCTGCGAGTTACGACT,4.507633975229069
18739,0.38349841766412823,12__mutated,PertCortex_12_GCTGCGATCGCCATAA,3.296906590584025
18740,0.1723953437736125,12__mutated,PertCortex_12_GCTGCTTGTCGAGATG,3.759107226849198
18741,0.08202879884699693,12__mutated,PertCortex_12_GCTGCTTTCTAAGCCA,4.219751112173026
18742,0.14845402643436997,12__mutated,PertCortex_12_GCTGGGTAGAGACGAA,3.7067099646636725
18743,0.17494563060036752,12__mutated,PertCortex_12_GCTGGGTCACCGTTGG,5.379144464789315
18744,0.1689298623021308,12__mutated,PertCortex_12_GCTGGGTCATGGTCTA,5.068380656068601
18745,0.1187792667630354,12__mutated,PertCortex_12_GCTTCCACAAGAGTCG,3.7624334104432275
18746,0.1312992453663227,12__mutated,PertCortex_12_GCTTCCACAAGGTTTC,3.950487449365125
18747,0.07510997973187704,12__mutated,PertCortex_12_GCTTCCACACGACTCG,3.5522031789955264
18748,0.06156386609697394,12__mutated,PertCortex_12_GCTTCCACAGACGCAA,2.942881543559829
18749,0.13951496396098825,12__mutated,PertCortex_12_GCTTCCACAGGTGCCT,3.776669356765946
18750,0.13384417295814807,12__mutated,PertCortex_12_GCTTCCACATAGTAAG,3.328868540989939
18751,0.5191297074134893,12__mutated,PertCortex_12_GCTTCCACATGGTAGG,2.300362819029484
18752,0.3351636098531684,12__mutated,PertCortex_12_GCTTCCATCCTAGGGC,2.2439822389732544
18753,0.06791682686421954,12__mutated,PertCortex_12_GCTTCCATCTAACCGA,4.020862119660905
18754,0.089400544788482,12__mutated,PertCortex_12_GCTTGAAAGACAGAGA,3.8482123243077626
18755,0.09104326676165514,12__mutated,PertCortex_12_GCTTGAAAGCCTATGT,3.757922165931063
18756,0.09646904444557287,12__mutated,PertCortex_12_GCTTGAACACACCGCA,3.7706563501657215
18757,0.11040518457459406,12__mutated,PertCortex_12_GCTTGAAGTCGGCTCA,4.074410132872085
18758,0.1830060447841046,12__mutated,PertCortex_12_GGAAAGCAGGAGTCTG,2.606698104278849
18759,0.224745633670519,12__mutated,PertCortex_12_GGAAAGCAGTAATCCC,3.1127121879636905
18760,0.20673983084966124,12__mutated,PertCortex_12_GGAAAGCAGTGCGATG,2.898147066705509
18761,0.5129933577754312,12__mutated,PertCortex_12_GGAAAGCCAGGGCATA,1.9547318931961262
18762,0.349302834281339,12__mutated,PertCortex_12_GGAAAGCTCAGTTAGC,2.48295990202039
18763,0.10717226476531953,12__mutated,PertCortex_12_GGAAAGCTCGGCGCTA,4.783886844350826
18764,0.15227780907679678,12__mutated,PertCortex_12_GGAACTTCAATGGACG,4.616481340346217
18765,0.17257043021673835,12__mutated,PertCortex_12_GGAACTTCAGATGGGT,4.349230333869685
18766,0.09261289507884916,12__mutated,PertCortex_12_GGAACTTCATTGGGCC,4.509869498086222
18767,0.11650180847271388,12__mutated,PertCortex_12_GGAACTTTCCAAGCCG,2.7344203734123043
18768,0.14551002377917666,12__mutated,PertCortex_12_GGAACTTTCTAACCGA,3.125234970337641
18769,0.0762178375991584,12__mutated,PertCortex_12_GGAATAACATTTCACT,4.020942929929664
18770,0.21545990932462444,12__mutated,PertCortex_12_GGACAAGGTTAAAGAC,2.8547213710891457
18771,0.20408321076380018,12__mutated,PertCortex_12_GGACAAGTCAAACGGG,4.474586165452631
18772,0.1573575831571964,12__mutated,PertCortex_12_GGACAAGTCAGTTGAC,4.422253340015139
18773,0.15576498688335808,12__mutated,PertCortex_12_GGACAAGTCGCGTTTC,2.866993446815707
18774,0.16704676966095883,12__mutated,PertCortex_12_GGACAGAAGGGCTTCC,3.007691984436843
18775,0.10082630019094042,12__mutated,PertCortex_12_GGACAGAAGTCATGCT,4.196257490560611
18776,0.19586827744720148,12__mutated,PertCortex_12_GGACAGACAGAAGCAC,4.657700488750119
18777,0.10187537351559968,12__mutated,PertCortex_12_GGACAGACAGCTTAAC,3.5668023434924025
18778,0.5041796740737221,12__mutated,PertCortex_12_GGACAGACATCCGCGA,2.893275335476202
18779,0.24004653908857077,12__mutated,PertCortex_12_GGACAGATCTACTATC,4.208374259556352
18780,0.16167610335813654,12__mutated,PertCortex_12_GGACATTAGTGAACAT,3.486239765325762
18781,0.11988676513082522,12__mutated,PertCortex_12_GGACATTGTTTCCACC,2.476939319054435
18782,0.19233917610194953,12__mutated,PertCortex_12_GGACATTTCAGTTGAC,3.2466486796033216
18783,0.30657535219118154,12__mutated,PertCortex_12_GGACATTTCATAAAGG,2.051113327307784
18784,0.47747717625160296,12__mutated,PertCortex_12_GGACGTCCATATACGC,1.8524078498503413
18785,0.15542210554358674,12__mutated,PertCortex_12_GGAGCAAAGGCGACAT,2.641767282941707
18786,0.1677106653945255,12__mutated,PertCortex_12_GGAGCAACACGGACAA,3.9801919223625677
18787,0.11891869456137305,12__mutated,PertCortex_12_GGAGCAATCCCAGGTG,3.6868383499371395
18788,0.15148508758871307,12__mutated,PertCortex_12_GGAGCAATCCCTAACC,4.461588800297418
18789,0.19474999684473768,12__mutated,PertCortex_12_GGAGCAATCCGCGCAA,3.7485590256731474
18790,0.14905258640886476,12__mutated,PertCortex_12_GGATGTTAGGAGCGTT,2.8020591952475624
18791,0.12971910855778646,12__mutated,PertCortex_12_GGATGTTCAAGCGATG,3.7556463894276404
18792,0.06993838647619671,12__mutated,PertCortex_12_GGATGTTGTGAGCGAT,4.145908039081826
18793,0.2829364371285354,12__mutated,PertCortex_12_GGATGTTGTGTTGAGG,2.404656195436106
18794,0.1449157839837003,12__mutated,PertCortex_12_GGATGTTTCAGGTTCA,3.7467387713993516
18795,0.5667177941919648,12__mutated,PertCortex_12_GGATGTTTCCCGACTT,2.2171294775728967
18796,0.1082263658521722,12__mutated,PertCortex_12_GGATTACAGTAACCCT,2.704315839545106
18797,0.2810282616366652,12__mutated,PertCortex_12_GGATTACCAAATTGCC,4.473243868719309
18798,0.1734568078123532,12__mutated,PertCortex_12_GGATTACGTACATCCA,3.4643492391066655
18799,0.09288154624344368,12__mutated,PertCortex_12_GGATTACGTCCGAATT,3.7433386417988723
18800,0.5715023749949586,12__mutated,PertCortex_12_GGATTACGTCTCTTTA,2.480541507326446
18801,0.5297485482251636,12__mutated,PertCortex_12_GGCAATTCAGCTCGAC,1.8215927478739231
18802,0.24204327695377115,12__mutated,PertCortex_12_GGCAATTTCAGCATGT,2.687875771030985
18803,0.16285694979127074,12__mutated,PertCortex_12_GGCAATTTCCTGCCAT,4.035719603696075
18804,0.09959523365328937,12__mutated,PertCortex_12_GGCCGATAGAAACCAT,4.249523193722581
18805,0.15895315710777214,12__mutated,PertCortex_12_GGCCGATAGAACTGTA,3.9715137578729314
18806,0.2229085602668447,12__mutated,PertCortex_12_GGCCGATCAATCCGAT,4.11994377289249
18807,0.0878046162844573,12__mutated,PertCortex_12_GGCCGATCACGAAACG,3.9837269847667254
18808,0.1661591717449489,12__mutated,PertCortex_12_GGCCGATCATCAGTAC,2.257290486957036
18809,0.2498000541518169,12__mutated,PertCortex_12_GGCCGATGTTAAGACA,4.199473415691864
18810,0.16770597004840107,12__mutated,PertCortex_12_GGCCGATTCAAGGTAA,3.957841159649242
18811,0.1994909065393313,12__mutated,PertCortex_12_GGCGACTCAGCTGCAC,3.818284722833392
18812,0.21128558876825204,12__mutated,PertCortex_12_GGCGACTCATCTATGG,3.264881464243207
18813,0.15838288625517388,12__mutated,PertCortex_12_GGCGACTGTCTGCCAG,4.3102413791693355
18814,0.4277443802576369,12__mutated,PertCortex_12_GGCGTGTAGCAGGCTA,2.0371030241100283
18815,0.19818452591003666,12__mutated,PertCortex_12_GGCGTGTCAAGCCGCT,3.4962090317852024
18816,0.14717272559301464,12__mutated,PertCortex_12_GGCGTGTGTACCGTAT,4.078199415795258
18817,0.1417144193314335,12__mutated,PertCortex_12_GGCGTGTGTGACTACT,2.9940507363351
18818,0.12686859885819313,12__mutated,PertCortex_12_GGCTCGACATACTCTT,3.6981077483632507
18819,0.10438987746503672,12__mutated,PertCortex_12_GGCTCGAGTACCGTAT,4.099508252360907
18820,0.15285797124635994,12__mutated,PertCortex_12_GGCTCGAGTACTTAGC,2.1838131961761396
18821,0.2130402039078148,12__mutated,PertCortex_12_GGCTCGAGTCGGCATC,4.813256626269348
18822,0.13215385985881728,12__mutated,PertCortex_12_GGCTGGTAGACTGGGT,3.86447688860835
18823,0.40993381502120624,12__mutated,PertCortex_12_GGCTGGTCACCCTATC,1.9585590513859767
18824,0.1290777358144492,12__mutated,PertCortex_12_GGCTGGTCAGTTAACC,2.654613099447501
18825,0.08959898622334372,12__mutated,PertCortex_12_GGCTGGTGTAAGGATT,4.469764483885233
18826,0.08684025930674638,12__mutated,PertCortex_12_GGGAATGAGATATGCA,4.2072777623639395
18827,0.0917909955304441,12__mutated,PertCortex_12_GGGAATGAGCCGATTT,2.8121512272814924
18828,0.01742669389482324,12__mutated,PertCortex_12_GGGAATGAGCGCCTTG,3.4650962447355877
18829,0.28931743187821213,12__mutated,PertCortex_12_GGGAATGCAGACGCCT,2.9841107686831183
18830,0.14419701977631894,12__mutated,PertCortex_12_GGGAATGGTGGTGTAG,4.3143340214184205
18831,0.10589686566834745,12__mutated,PertCortex_12_GGGAATGGTTATCCGA,4.398816949310187
18832,0.12406984034991081,12__mutated,PertCortex_12_GGGAATGTCAAGGTAA,2.4022238523555632
18833,0.054745193069069144,12__mutated,PertCortex_12_GGGAATGTCCGCTGTT,4.1766215736097925
18834,0.08955330681215704,12__mutated,PertCortex_12_GGGACCTAGAAGGTGA,4.067563216691035
18835,0.2532544136957041,12__mutated,PertCortex_12_GGGACCTAGACATAAC,2.470539826159773
18836,0.2928893121694832,12__mutated,PertCortex_12_GGGACCTAGAGCCTAG,1.7971218432436913
18837,0.061248617348305584,12__mutated,PertCortex_12_GGGACCTAGCTGAAAT,4.099524078351186
18838,0.34302903958492764,12__mutated,PertCortex_12_GGGACCTGTCTCTCTG,2.296614382022941
18839,0.08389893332281577,12__mutated,PertCortex_12_GGGACCTTCCAAACAC,3.2251150135129265
18840,0.3131875699419757,12__mutated,PertCortex_12_GGGACCTTCCTCATTA,1.983710001932801
18841,0.11536682746897675,12__mutated,PertCortex_12_GGGACCTTCGTGGACC,4.637736163648045
18842,0.5455303810758302,12__mutated,PertCortex_12_GGGACCTTCTCAACTT,1.6812196157064927
18843,0.2912150652805886,12__mutated,PertCortex_12_GGGAGATAGTACGACG,3.43875803999697
18844,0.1556929009870692,12__mutated,PertCortex_12_GGGAGATCAACGATCT,2.489851741028641
18845,0.15100984191294048,12__mutated,PertCortex_12_GGGAGATCACCTTGTC,4.11803082601206
18846,0.0664112586793075,12__mutated,PertCortex_12_GGGAGATCACGAAATA,3.7773147391015582
18847,0.13425147707666624,12__mutated,PertCortex_12_GGGAGATCATCCTTGC,4.595129425130898
18848,0.37642062325558967,12__mutated,PertCortex_12_GGGAGATGTGGTCCGT,2.084736378680207
18849,0.09609849540230053,12__mutated,PertCortex_12_GGGATGACATGACGGA,4.893490365391735
18850,0.29962422970526015,12__mutated,PertCortex_12_GGGATGATCCAGTATG,4.104265870461403
18851,0.07318431270821792,12__mutated,PertCortex_12_GGGATGATCCTATGTT,3.584913954672914
18852,0.1051225843457316,12__mutated,PertCortex_12_GGGATGATCTGCTTGC,3.3766435240803414
18853,0.10479815876773169,12__mutated,PertCortex_12_GGGCACTGTAAGTGGC,4.011294803411762
18854,0.2913282171753873,12__mutated,PertCortex_12_GGGCACTGTTGATTGC,2.1185294786251516
18855,0.0750825994016512,12__mutated,PertCortex_12_GGGCACTTCACCGGGT,5.3373881602099065
18856,0.14658800224828178,12__mutated,PertCortex_12_GGGCACTTCCAGGGCT,4.138777837360749
18857,0.416844420539735,12__mutated,PertCortex_12_GGGCACTTCGACCAGC,2.0673115866016145
18858,0.014219223465228237,12__mutated,PertCortex_12_GGGCACTTCGCATGAT,3.3298654290041285
18859,0.13599469675818196,12__mutated,PertCortex_12_GGGCACTTCTACTCAT,3.902663651724051
18860,0.18986662200060017,12__mutated,PertCortex_12_GGGCATCAGCCTTGAT,4.223812160102827
18861,0.04444332723543436,12__mutated,PertCortex_12_GGGCATCAGTGGCACA,4.140911492413186
18862,0.10442340555404073,12__mutated,PertCortex_12_GGGCATCTCCCATTTA,3.193608663545944
18863,0.18178254709134203,12__mutated,PertCortex_12_GGGCATCTCGGCGCTA,4.538005771463221
18864,0.07238670529398691,12__mutated,PertCortex_12_GGGTCTGAGAAAGTGG,4.4770969082622525
18865,0.07780915877986527,12__mutated,PertCortex_12_GGGTCTGAGACTAGAT,3.5283583416724666
18866,0.12038627335738726,12__mutated,PertCortex_12_GGGTCTGGTTCGTGAT,4.013076518414861
18867,0.24372600039009995,12__mutated,PertCortex_12_GGGTTGCCACTAAGTC,4.27512923066184
18868,0.29132770211700076,12__mutated,PertCortex_12_GGGTTGCCATACGCTA,1.6024415166302657
18869,0.09841127175244863,12__mutated,PertCortex_12_GGGTTGCGTTACGCGC,4.641514857897709
18870,0.07035554247837214,12__mutated,PertCortex_12_GGGTTGCTCGCACTCT,2.902419926727468
18871,0.19910913456971577,12__mutated,PertCortex_12_GGTATTGAGAAACCTA,1.7334492143393345
18872,0.1731023418603603,12__mutated,PertCortex_12_GGTATTGAGGGTGTTG,3.695550720616053
18873,0.1457900854324071,12__mutated,PertCortex_12_GGTATTGAGTGCGTGA,3.719099486966513
18874,0.18478837372805187,12__mutated,PertCortex_12_GGTATTGCACAGAGGT,3.9849820096761595
18875,0.2537950823348518,12__mutated,PertCortex_12_GGTATTGGTACAGCAG,4.578189361852135
18876,0.23002980478184876,12__mutated,PertCortex_12_GGTATTGGTAGCACGA,3.7491683419024238
18877,0.2758713671932043,12__mutated,PertCortex_12_GGTATTGGTGAGCGAT,3.4274915735583593
18878,0.21053254194722776,12__mutated,PertCortex_12_GGTATTGTCACCACCT,4.311064129329484
18879,0.1273614229128009,12__mutated,PertCortex_12_GGTATTGTCCAAGTAC,3.8467892702854196
18880,0.10378815497062695,12__mutated,PertCortex_12_GGTATTGTCTCATTCA,2.7481992247976654
18881,0.49286576580233177,12__mutated,PertCortex_12_GGTGAAGCAGATAATG,3.0771732516179897
18882,0.12614970002771503,12__mutated,PertCortex_12_GGTGCGTAGAACTGTA,3.3750813134548068
18883,0.5199525097793515,12__mutated,PertCortex_12_GGTGCGTAGTGTGGCA,1.8322891161863026
18884,0.23868624533007857,12__mutated,PertCortex_12_GGTGCGTCACATTAGC,4.362850689074463
18885,0.2856139337839446,12__mutated,PertCortex_12_GGTGCGTCATACGCTA,4.232960302313564
18886,0.05994971847624876,12__mutated,PertCortex_12_GGTGCGTCATAGGATA,4.559465462890977
18887,0.6206929109644307,12__mutated,PertCortex_12_GGTGCGTGTTTGCATG,1.8799629703466307
18888,0.33007429346782635,12__mutated,PertCortex_12_GGTGTTAAGGGCATGT,2.2493954655346946
18889,0.17431013065926879,12__mutated,PertCortex_12_GGTGTTAGTGCACGAA,3.545419869820535
18890,0.10027188608459071,12__mutated,PertCortex_12_GGTGTTATCGCCAAAT,5.155658678601234
18891,0.11249736814845157,12__mutated,PertCortex_12_GTAACGTCACTCTGTC,3.9010882069873496
18892,0.20246127472064496,12__mutated,PertCortex_12_GTAACGTTCACATGCA,4.560269231806498
18893,0.20293429446323913,12__mutated,PertCortex_12_GTAACGTTCCTATGTT,3.009628700817209
18894,0.07952864035118835,12__mutated,PertCortex_12_GTAACTGAGGCTCAGA,4.353642865792202
18895,0.20153138506959084,12__mutated,PertCortex_12_GTAACTGCACTGTTAG,2.8369791543440943
18896,0.20296752166857332,12__mutated,PertCortex_12_GTAACTGGTAACGACG,4.3687509866466625
18897,0.117747959307917,12__mutated,PertCortex_12_GTAACTGGTGTCAATC,3.656233799207552
18898,0.05266641937941199,12__mutated,PertCortex_12_GTACGTAAGTATTGGA,3.514790392010607
18899,0.22963635387086687,12__mutated,PertCortex_12_GTACGTACACCCTATC,4.266625495747081
18900,0.1520577161906629,12__mutated,PertCortex_12_GTACGTACAGCTGTTA,3.2726405467157167
18901,0.3700636297892018,12__mutated,PertCortex_12_GTACGTACAGTGAGTG,2.068575952870653
18902,0.25124020041642725,12__mutated,PertCortex_12_GTACGTAGTTGAACTC,2.513762274078648
18903,0.15394017447110117,12__mutated,PertCortex_12_GTACGTATCACAGGCC,4.94052007890503
18904,0.14122741530831162,12__mutated,PertCortex_12_GTACGTATCCTAGGGC,3.7002351131709474
18905,0.43873610389344525,12__mutated,PertCortex_12_GTACGTATCTCTAAGG,2.8388558946674998
18906,0.13615998593285586,12__mutated,PertCortex_12_GTACGTATCTTCATGT,3.720321730095485
18907,0.11586051332285106,12__mutated,PertCortex_12_GTACTCCAGTCGTACT,4.329719530420799
18908,0.1599700117903169,12__mutated,PertCortex_12_GTACTCCGTTCCGTCT,3.132888626617164
18909,0.21544364951265665,12__mutated,PertCortex_12_GTACTCCTCAAACCAC,3.993423573373593
18910,0.1222358343854796,12__mutated,PertCortex_12_GTACTCCTCGCGCCAA,4.99792548632147
18911,0.21589126839166248,12__mutated,PertCortex_12_GTACTTTAGACACTAA,4.3673293706989496
18912,0.24120883136878624,12__mutated,PertCortex_12_GTACTTTAGATGAGAG,3.021755255580775
18913,0.31309290206294293,12__mutated,PertCortex_12_GTACTTTAGATGTGGC,4.5685964083290935
18914,0.11083661758227872,12__mutated,PertCortex_12_GTACTTTAGGATCGCA,3.605303694053564
18915,0.0971385256684025,12__mutated,PertCortex_12_GTACTTTAGTTGAGAT,3.7985792554384936
18916,0.2535070374469369,12__mutated,PertCortex_12_GTACTTTTCCTTAATC,5.060864680278639
18917,0.19837048102215823,12__mutated,PertCortex_12_GTAGGCCAGTATTGGA,2.5598959060794253
18918,0.1012398937733531,12__mutated,PertCortex_12_GTAGGCCCACGCCAGT,3.9575055698346255
18919,0.13362619321570124,12__mutated,PertCortex_12_GTAGGCCTCTGCTGTC,4.0657176702072935
18920,0.13672772146659443,12__mutated,PertCortex_12_GTAGTCAAGAGTAAGG,4.125966302291337
18921,0.06320842315188699,12__mutated,PertCortex_12_GTAGTCAAGATATGGT,4.022542229289553
18922,0.2911514409375837,12__mutated,PertCortex_12_GTAGTCACACTGCCAG,4.302364935146156
18923,0.1845143544369784,12__mutated,PertCortex_12_GTAGTCAGTCGACTAT,4.121099563806287
18924,0.07846012297630452,12__mutated,PertCortex_12_GTATCTTCAAACCTAC,4.037208116236218
18925,0.19155697426582552,12__mutated,PertCortex_12_GTATCTTGTTAAGATG,4.706909157086275
18926,0.28888298225154485,12__mutated,PertCortex_12_GTATCTTTCGTGTAGT,4.115684561353506
18927,0.47338526505429923,12__mutated,PertCortex_12_GTATCTTTCTCTTATG,2.2049527866617824
18928,0.07812242663969032,12__mutated,PertCortex_12_GTATTCTAGAAACCAT,3.2744701376797174
18929,0.16029838593941942,12__mutated,PertCortex_12_GTATTCTAGTGGTCCC,4.8963883599574265
18930,0.11511893531172263,12__mutated,PertCortex_12_GTATTCTCACCGAAAG,3.813353834200425
18931,0.4741176466266227,12__mutated,PertCortex_12_GTATTCTCATAGTAAG,2.2158905770017707
18932,0.43562082459215623,12__mutated,PertCortex_12_GTATTCTTCATCGATG,1.468492350209971
18933,0.08125535793958172,12__mutated,PertCortex_12_GTATTCTTCGTACGGC,3.1884595966895595
18934,0.3166404916950211,12__mutated,PertCortex_12_GTATTCTTCTTGTCAT,2.123458620912413
18935,0.06871428220409788,12__mutated,PertCortex_12_GTCAAGTCAAGCCTAT,3.930629528125528
18936,0.12160439652804263,12__mutated,PertCortex_12_GTCAAGTGTACATGTC,2.258149475897044
18937,0.10537676409046355,12__mutated,PertCortex_12_GTCAAGTTCTGTTGAG,4.525651771925295
18938,0.14353835598844328,12__mutated,PertCortex_12_GTCACAAAGCGTAATA,3.073645455198681
18939,0.22914292932896987,12__mutated,PertCortex_12_GTCACAACAGTAAGAT,1.643141573470103
18940,0.20052043622201227,12__mutated,PertCortex_12_GTCACAAGTACTTAGC,4.143289329379177
18941,0.11648748284296478,12__mutated,PertCortex_12_GTCACAATCCCTGACT,3.93299500945242
18942,0.28553830121592394,12__mutated,PertCortex_12_GTCACGGAGGGCATGT,3.8612815849813016
18943,0.09327675843260803,12__mutated,PertCortex_12_GTCACGGCATCCCATC,3.333556714837711
18944,0.08968978059283667,12__mutated,PertCortex_12_GTCACGGGTAACGACG,3.111262445393285
18945,0.1136586662047283,12__mutated,PertCortex_12_GTCACGGGTTAGATGA,3.807279309902011
18946,0.16679805101724188,12__mutated,PertCortex_12_GTCACGGTCCTCAACC,3.3003571046485285
18947,0.1104779847288999,12__mutated,PertCortex_12_GTCATTTAGGGCACTA,5.311141967193468
18948,0.16172883106367317,12__mutated,PertCortex_12_GTCATTTCACACTGCG,4.934194018201141
18949,0.16738230730636866,12__mutated,PertCortex_12_GTCATTTCATCATCCC,3.6270113882842887
18950,0.4229633419543417,12__mutated,PertCortex_12_GTCATTTTCAGAGGTG,2.277664408171371
18951,0.498200947378792,12__mutated,PertCortex_12_GTCATTTTCTGACCTC,1.6784640116308782
18952,0.1284978572928813,12__mutated,PertCortex_12_GTCCTCAAGCTTTGGT,3.535307089808757
18953,0.23862476384232198,12__mutated,PertCortex_12_GTCCTCACAATCCGAT,4.521895416300581
18954,0.16907124736232604,12__mutated,PertCortex_12_GTCCTCACACATCCAA,3.0168807699999727
18955,0.06803540680263993,12__mutated,PertCortex_12_GTCCTCACACTGCCAG,4.223758456889494
18956,0.2423511277894648,12__mutated,PertCortex_12_GTCCTCAGTCGCTTTC,3.314544178831217
18957,0.4782342705276956,12__mutated,PertCortex_12_GTCCTCATCAGCTGGC,1.6796257053106456
18958,0.11148504068162082,12__mutated,PertCortex_12_GTCCTCATCTGGGCCA,2.4091147961105017
18959,0.1732236371797383,12__mutated,PertCortex_12_GTCGGGTAGCCACTAT,5.066021345979196
18960,0.2267865376962758,12__mutated,PertCortex_12_GTCGGGTAGGTGTTAA,2.5187222584530926
18961,0.6333448625505526,12__mutated,PertCortex_12_GTCGGGTCAATGAAAC,1.7587766671618201
18962,0.18252306824013712,12__mutated,PertCortex_12_GTCGGGTGTCACCTAA,3.880864171437477
18963,0.1210005862410819,12__mutated,PertCortex_12_GTCGGGTTCAACACCA,4.282418941975423
18964,0.11339080356248463,12__mutated,PertCortex_12_GTCGGGTTCACAGTAC,2.7989461851289983
18965,0.07520521284930172,12__mutated,PertCortex_12_GTCGTAAAGTGGACGT,3.518963036093678
18966,0.07875795201372383,12__mutated,PertCortex_12_GTCGTAACACCGTTGG,4.473134240259984
18967,0.19831774288020837,12__mutated,PertCortex_12_GTCGTAACACGGCGTT,2.8737019973426134
18968,0.06433609380245237,12__mutated,PertCortex_12_GTCGTAACAGCCTTGG,3.7034454326337136
18969,0.11630057092007333,12__mutated,PertCortex_12_GTCGTAAGTATTCTCT,2.8972784398717084
18970,0.2649925176982078,12__mutated,PertCortex_12_GTCGTAATCGTTGACA,4.607628461262222
18971,0.2977214484670191,12__mutated,PertCortex_12_GTCGTAATCTTGTCAT,2.068767926329988
18972,0.6110706958693575,12__mutated,PertCortex_12_GTCTCGTAGAGTAATC,2.10397021296438
18973,0.12930066515768304,12__mutated,PertCortex_12_GTCTCGTCAAGGTTCT,4.520354842435268
18974,0.09125211555801738,12__mutated,PertCortex_12_GTCTCGTCAGGGATTG,5.132837213742966
18975,0.4971144557113735,12__mutated,PertCortex_12_GTCTCGTGTCCGTTAA,2.0026566862888457
18976,0.24225229121685937,12__mutated,PertCortex_12_GTCTCGTTCGACCAGC,1.9166270552777505
18977,0.5378160851695727,12__mutated,PertCortex_12_GTCTTCGAGGCATGGT,2.5815754514913087
18978,0.3495950318969865,12__mutated,PertCortex_12_GTCTTCGAGGGCACTA,1.898175846920578
18979,0.07950386486570032,12__mutated,PertCortex_12_GTCTTCGAGTCATGCT,4.107897143287809
18980,0.09574709277345826,12__mutated,PertCortex_12_GTCTTCGGTCCAGTAT,3.645016212405303
18981,0.14137310327892405,12__mutated,PertCortex_12_GTCTTCGGTTATCCGA,4.107269477253599
18982,0.2300511838306006,12__mutated,PertCortex_12_GTCTTCGGTTGCGTTA,5.295828941122004
18983,0.25858054523813484,12__mutated,PertCortex_12_GTGAAGGCAGCTGTAT,4.254260887693391
18984,0.045871826964471375,12__mutated,PertCortex_12_GTGAAGGCATTGGTAC,3.5374942280322923
18985,0.04879641201447414,12__mutated,PertCortex_12_GTGAAGGGTTTGGCGC,2.947281172833489
18986,0.12636800864362951,12__mutated,PertCortex_12_GTGAAGGTCAGGATCT,3.506649892822352
18987,0.11582471004327853,12__mutated,PertCortex_12_GTGAAGGTCCTTGGTC,4.367116476666548
18988,0.18316721594790272,12__mutated,PertCortex_12_GTGAAGGTCGTTTGCC,4.557699127119498
18989,0.16862353345555947,12__mutated,PertCortex_12_GTGCAGCCAATGCCAT,4.325053581563405
18990,0.05894668361792526,12__mutated,PertCortex_12_GTGCAGCCACGAAACG,2.7237782757770317
18991,0.403870691624856,12__mutated,PertCortex_12_GTGCAGCCATTGTGCA,1.9933699784768837
18992,0.23784540066083223,12__mutated,PertCortex_12_GTGCAGCGTAGCTAAA,2.1639652227603605
18993,0.14885151711942538,12__mutated,PertCortex_12_GTGCAGCGTTGGAGGT,4.355387474127815
18994,0.18736730752098235,12__mutated,PertCortex_12_GTGCAGCTCTGTTGAG,4.6095904399989305
18995,0.17769963927912605,12__mutated,PertCortex_12_GTGCATAAGATATACG,4.602943401151042
18996,0.12346433089005039,12__mutated,PertCortex_12_GTGCATAAGCGTGAGT,4.33571864999235
18997,0.38409371420656313,12__mutated,PertCortex_12_GTGCATAGTCCTAGCG,2.2114582317324176
18998,0.275766022729592,12__mutated,PertCortex_12_GTGCGGTGTACTCGCG,2.319340537615138
18999,0.14736787206329732,12__mutated,PertCortex_12_GTGCGGTGTAGCGATG,4.397669839764332
19000,0.07540199273860779,12__mutated,PertCortex_12_GTGCTTCAGAGTAATC,4.088461227777144
19001,0.08264834184523687,12__mutated,PertCortex_12_GTGCTTCAGTCGATAA,3.8685850538516715
19002,0.14482178716313404,12__mutated,PertCortex_12_GTGCTTCGTCCCGACA,4.191220187728646
19003,0.07330224524912778,12__mutated,PertCortex_12_GTGCTTCGTTAGTGGG,3.4348323905219096
19004,0.3224134411305536,12__mutated,PertCortex_12_GTGGGTCCAGGAACGT,3.168513663314284
19005,0.09910679367044227,12__mutated,PertCortex_12_GTGGGTCGTTCCAACA,2.946482726264736
19006,0.0754121604350035,12__mutated,PertCortex_12_GTGTGCGCATGTCGAT,2.910434427504727
19007,0.2124470376279808,12__mutated,PertCortex_12_GTGTGCGTCCCTGACT,4.079280282173604
19008,0.051644040689078935,12__mutated,PertCortex_12_GTGTGCGTCTCGGACG,3.879771298345462
19009,0.0466959959393903,12__mutated,PertCortex_12_GTGTTAGAGCGTTCCG,3.880378299340456
19010,0.15267094993362268,12__mutated,PertCortex_12_GTGTTAGAGGACAGAA,3.9631323863153556
19011,0.20366945787242843,12__mutated,PertCortex_12_GTGTTAGTCCTGCCAT,4.4370392258354565
19012,0.24516968488798233,12__mutated,PertCortex_12_GTTAAGCAGAACAACT,3.6795512216561783
19013,0.1798743933547195,12__mutated,PertCortex_12_GTTAAGCAGAGTACAT,4.205104117903029
19014,0.48740469948169823,12__mutated,PertCortex_12_GTTAAGCTCATGCAAC,1.7086876191874132
19015,0.1974680640599046,12__mutated,PertCortex_12_GTTAAGCTCCGCGGTA,4.072813034149062
19016,0.4755208333851747,12__mutated,PertCortex_12_GTTACAGCACCTCGGA,1.5439886127370979
19017,0.10074010120848007,12__mutated,PertCortex_12_GTTACAGCAGGATTGG,5.331209351691775
19018,0.1521009850085012,12__mutated,PertCortex_12_GTTACAGTCGGTTAAC,3.768217473108834
19019,0.14915225965650536,12__mutated,PertCortex_12_GTTACAGTCTCTGTCG,3.9322772023081005
19020,0.12570191483997226,12__mutated,PertCortex_12_GTTCATTAGAGTCGGT,3.4240530656014134
19021,0.2146692888680408,12__mutated,PertCortex_12_GTTCATTCAAAGGAAG,3.410536298709576
19022,0.11455869170916727,12__mutated,PertCortex_12_GTTCATTCACACGCTG,5.087308850425629
19023,0.4448928111618965,12__mutated,PertCortex_12_GTTCGGGCACGGTAGA,1.8785124638175432
19024,0.19125640856923687,12__mutated,PertCortex_12_GTTCGGGGTGAGGGAG,4.506860695436686
19025,0.049868021183606635,12__mutated,PertCortex_12_GTTCGGGGTGGCAAAC,4.330745214703564
19026,0.16717946659757238,12__mutated,PertCortex_12_GTTCGGGTCTTAGCCC,3.672708569912854
19027,0.49830085900014526,12__mutated,PertCortex_12_GTTCTCGAGCAGGTCA,1.965410001164248
19028,0.27081854187494847,12__mutated,PertCortex_12_GTTCTCGAGGACTGGT,4.342054164962597
19029,0.09019333749415141,12__mutated,PertCortex_12_GTTCTCGCACAACTGT,4.701350207548134
19030,0.08346512858437032,12__mutated,PertCortex_12_GTTCTCGGTCCAGTAT,4.279294623914755
19031,0.28480269369297334,12__mutated,PertCortex_12_GTTCTCGGTCTAGTGT,2.5068098628400843
19032,0.08566346939341357,12__mutated,PertCortex_12_GTTCTCGTCCCTTGCA,2.70916425864169
19033,0.2718480472227057,12__mutated,PertCortex_12_GTTTCTAAGATGCCAG,2.5237174363876522
19034,0.3029355161449602,12__mutated,PertCortex_12_GTTTCTACAAAGCGGT,4.042321677300161
19035,0.1445962237434932,12__mutated,PertCortex_12_GTTTCTACAGGTCTCG,4.515198970814371
19036,0.11405116632034848,12__mutated,PertCortex_12_GTTTCTATCACAAACC,3.7941124915221733
19037,0.09877673830090508,12__mutated,PertCortex_12_TAAACCGAGCACACAG,3.611548826157294
19038,0.19291784142573787,12__mutated,PertCortex_12_TAAACCGAGCGATGAC,2.5227193923944533
19039,0.33211508882783697,12__mutated,PertCortex_12_TAAACCGAGTGACTCT,4.611192977723952
19040,0.07239934803548247,12__mutated,PertCortex_12_TAAACCGGTATAATGG,4.259985017764089
19041,0.5022850164762774,12__mutated,PertCortex_12_TAAACCGTCTCCAGGG,2.749508214332548
19042,0.13557023012857317,12__mutated,PertCortex_12_TAAGAGAAGCGATATA,3.5939722106530425
19043,0.1592553135072328,12__mutated,PertCortex_12_TAAGAGACATCTATGG,5.221807125010099
19044,0.05191677823827202,12__mutated,PertCortex_12_TAAGAGAGTCAACATC,5.358144971430189
19045,0.5354441909185048,12__mutated,PertCortex_12_TAAGAGAGTGTGACGA,2.566481256350391
19046,0.17630977010895896,12__mutated,PertCortex_12_TAAGAGATCAAAGACA,3.9212448101729396
19047,0.1330036926189347,12__mutated,PertCortex_12_TAAGAGATCTCATTCA,2.554616649999399
19048,0.17261367220635904,12__mutated,PertCortex_12_TAAGAGATCTGGAGCC,4.535765025818667
19049,0.08097205533331844,12__mutated,PertCortex_12_TAAGCGTCACCAGATT,5.1719025322290895
19050,0.06256281054764987,12__mutated,PertCortex_12_TAAGCGTCAGCTATTG,3.9408552614833745
19051,0.20420029710675064,12__mutated,PertCortex_12_TAAGCGTGTTCTGGTA,2.970652022908441
19052,0.34509482320380314,12__mutated,PertCortex_12_TAAGCGTGTTGTCTTT,2.110575752904878
19053,0.09795663335866692,12__mutated,PertCortex_12_TAAGCGTTCAGTGCAT,2.816670010205631
19054,0.6395472227382494,12__mutated,PertCortex_12_TAAGTGCAGACTACAA,2.0991188267343683
19055,0.22019349042189795,12__mutated,PertCortex_12_TAAGTGCAGAGGGCTT,4.118939371583528
19056,0.08539144197124243,12__mutated,PertCortex_12_TAAGTGCCAAAGTCAA,3.726055596512743
19057,0.22222590216165472,12__mutated,PertCortex_12_TAAGTGCGTAAGTGTA,4.369217722277454
19058,0.4491982180117651,12__mutated,PertCortex_12_TAAGTGCTCTGCCCTA,1.9862213167151346
19059,0.07551322452356747,12__mutated,PertCortex_12_TACACGAAGTGCCATT,4.180988751975572
19060,0.1455170897329953,12__mutated,PertCortex_12_TACACGACACTGAAGG,4.074591362262813
19061,0.15398186050789264,12__mutated,PertCortex_12_TACACGATCTGCCCTA,3.125178596754023
19062,0.29505698080362425,12__mutated,PertCortex_12_TACAGTGCAGTTCATG,2.260177334660795
19063,0.10367480668080005,12__mutated,PertCortex_12_TACAGTGCATCGTCGG,4.716077212258911
19064,0.1865302086681549,12__mutated,PertCortex_12_TACAGTGGTATCGCAT,4.064019973945474
19065,0.587802388523601,12__mutated,PertCortex_12_TACAGTGTCTTGTACT,1.7337949332022107
19066,0.22476313169851467,12__mutated,PertCortex_12_TACCTATAGCTAGGCA,2.530395937254027
19067,0.14189876067901527,12__mutated,PertCortex_12_TACCTATCAGTAGAGC,5.047868615443979
19068,0.13039978392076368,12__mutated,PertCortex_12_TACCTATGTGAGGGAG,2.468714527153293
19069,0.11570220748017437,12__mutated,PertCortex_12_TACCTTAAGTTTCCTT,3.5647384924606897
19070,0.15282130395548618,12__mutated,PertCortex_12_TACCTTACAAAGTCAA,3.7592639761331337
19071,0.12722413368949978,12__mutated,PertCortex_12_TACCTTACAGTCGTGC,3.7844994348423775
19072,0.2248754908279484,12__mutated,PertCortex_12_TACCTTAGTACAGTGG,2.4970346563744124
19073,0.08197352345429623,12__mutated,PertCortex_12_TACCTTATCCGGCACA,3.1608990727047392
19074,0.19784147927584878,12__mutated,PertCortex_12_TACGGATAGGTGATTA,4.562168989092732
19075,0.1558085476563566,12__mutated,PertCortex_12_TACGGATAGTCATGCT,4.439015847810528
19076,0.16211046279109723,12__mutated,PertCortex_12_TACGGATCACAAGACG,3.6023976538501166
19077,0.09740323129236271,12__mutated,PertCortex_12_TACGGATCACACTGCG,3.3662593004312122
19078,0.14550564318389614,12__mutated,PertCortex_12_TACGGATCATTCCTCG,4.024202697907915
19079,0.5367803443883803,12__mutated,PertCortex_12_TACGGATGTGCTAGCC,1.7561937685624156
19080,0.11400494239294345,12__mutated,PertCortex_12_TACGGGCAGCTCCCAG,4.762160168317958
19081,0.1989181477719104,12__mutated,PertCortex_12_TACGGGCAGTCTCGGC,4.624542440652594
19082,0.1025993871566607,12__mutated,PertCortex_12_TACGGGCTCGGTGTTA,3.793382364630085
19083,0.19004396578353572,12__mutated,PertCortex_12_TACGGGCTCTAACCGA,3.972075322967032
19084,0.10579963945208086,12__mutated,PertCortex_12_TACGGTAAGACAGACC,3.695414628590108
19085,0.09959859504553921,12__mutated,PertCortex_12_TACGGTAAGCAATATG,2.9789667423121453
19086,0.10314752127840178,12__mutated,PertCortex_12_TACGGTAAGCGTTTAC,3.11287583675947
19087,0.1242936013346448,12__mutated,PertCortex_12_TACGGTACATTGGTAC,4.5007435301849945
19088,0.1942368169020875,12__mutated,PertCortex_12_TACGGTAGTACTTAGC,3.8967328982975764
19089,0.08797114033937878,12__mutated,PertCortex_12_TACGGTAGTCACCCAG,3.3775946660086156
19090,0.09627042891289095,12__mutated,PertCortex_12_TACGGTAGTGACAAAT,3.589033868737295
19091,0.1887819455500388,12__mutated,PertCortex_12_TACGGTATCAGCCTAA,4.0315809735342265
19092,0.1807643658731007,12__mutated,PertCortex_12_TACGGTATCAGTCAGT,2.5691181694655794
19093,0.15827575870942148,12__mutated,PertCortex_12_TACGGTATCGCATGGC,4.397049271431922
19094,0.05330690499351061,12__mutated,PertCortex_12_TACGGTATCTCTAGGA,3.302273228723774
19095,0.11638152881045964,12__mutated,PertCortex_12_TACGGTATCTTAGCCC,3.9208289699069714
19096,0.07769745929242144,12__mutated,PertCortex_12_TACTCATAGGAGCGTT,3.4061813092516773
19097,0.15391995222111265,12__mutated,PertCortex_12_TACTCATCATATGGTC,4.412770647093531
19098,0.21982583228044428,12__mutated,PertCortex_12_TACTCATCATGGGACA,2.690473691692815
19099,0.20992018163351628,12__mutated,PertCortex_12_TACTCATGTGAAAGAG,3.157846282991397
19100,0.07674787538491301,12__mutated,PertCortex_12_TACTCATGTTTAGCTG,3.806945733889794
19101,0.036601903651172246,12__mutated,PertCortex_12_TACTCGCAGGGAAACA,4.725501570754502
19102,0.15557346443850376,12__mutated,PertCortex_12_TACTCGCTCAACGGCC,3.0729352022964984
19103,0.06275954074228246,12__mutated,PertCortex_12_TACTCGCTCGTCGTTC,3.1252559162985474
19104,0.12105899315396323,12__mutated,PertCortex_12_TACTTACAGATGTGGC,4.482703791590655
19105,0.16635499142626667,12__mutated,PertCortex_12_TACTTACCATAACCTG,3.1235294025060285
19106,0.2645860020759207,12__mutated,PertCortex_12_TACTTACGTTCAACCA,2.5266319506831842
19107,0.17608718399883383,12__mutated,PertCortex_12_TACTTACTCAGTTTGG,4.690862691569413
19108,0.5748181305131165,12__mutated,PertCortex_12_TACTTGTCAAACTGTC,2.437187518836993
19109,0.5739868560755744,12__mutated,PertCortex_12_TACTTGTCACGGCTAC,2.127804695687854
19110,0.19300386833361105,12__mutated,PertCortex_12_TACTTGTCACTATCTT,3.18098184249124
19111,0.40708284005069584,12__mutated,PertCortex_12_TACTTGTCAGGAATGC,2.8801634366329574
19112,0.136692936025617,12__mutated,PertCortex_12_TACTTGTCATCGACGC,3.1766489496268457
19113,0.14253154129582576,12__mutated,PertCortex_12_TACTTGTCATGCTGGC,4.1419491740735985
19114,0.2476565156846243,12__mutated,PertCortex_12_TACTTGTGTGGGTATG,3.5357951302483874
19115,0.12443525913206621,12__mutated,PertCortex_12_TACTTGTTCGCCCTTA,4.800100122136772
19116,0.06438545432009872,12__mutated,PertCortex_12_TAGACCACATTGTGCA,3.524482155104758
19117,0.13444255479425604,12__mutated,PertCortex_12_TAGACCATCGAATGGG,4.60020129072206
19118,0.23016821621674655,12__mutated,PertCortex_12_TAGAGCTCAAGAAGAG,2.5708986306059343
19119,0.14485639185314464,12__mutated,PertCortex_12_TAGAGCTCACTGTTAG,3.454955856582318
19120,0.1293545772318264,12__mutated,PertCortex_12_TAGAGCTGTAAAGGAG,3.2093709376741217
19121,0.14577677298042294,12__mutated,PertCortex_12_TAGAGCTGTGATGTGG,4.391632134554266
19122,0.16051999059767225,12__mutated,PertCortex_12_TAGAGCTTCACATGCA,3.589354483137414
19123,0.1834469483101979,12__mutated,PertCortex_12_TAGAGCTTCGGTTCGG,2.645375608477428
19124,0.21106062279525833,12__mutated,PertCortex_12_TAGCCGGAGCGATATA,3.3607915620830155
19125,0.07205555641609611,12__mutated,PertCortex_12_TAGCCGGAGTAGATGT,3.0181661251606116
19126,0.1783710760206774,12__mutated,PertCortex_12_TAGCCGGAGTGGAGTC,4.096030742858611
19127,0.09894175653835748,12__mutated,PertCortex_12_TAGCCGGCAGATCTGT,3.466923597659252
19128,0.4129247748512901,12__mutated,PertCortex_12_TAGCCGGCAGTCTTCC,2.9942323953652323
19129,0.20322139802659073,12__mutated,PertCortex_12_TAGCCGGGTATGAAAC,4.296005186702438
19130,0.43268447355485384,12__mutated,PertCortex_12_TAGCCGGTCACTATTC,1.8352845216626896
19131,0.03598978600212622,12__mutated,PertCortex_12_TAGCCGGTCTGCAAGT,3.6594813471553427
19132,0.112300575804195,12__mutated,PertCortex_12_TAGGCATGTTACGCGC,3.103388098963065
19133,0.09319500662479553,12__mutated,PertCortex_12_TAGGCATTCAAACCAC,2.2798501941097187
19134,0.16208641936154555,12__mutated,PertCortex_12_TAGTGGTAGTTGCAGG,3.3517541234081394
19135,0.08572227870596297,12__mutated,PertCortex_12_TAGTGGTCAACACCCG,3.2445237709665347
19136,0.21826544172986373,12__mutated,PertCortex_12_TAGTGGTGTTAAGACA,2.946281131721963
19137,0.0777633650807632,12__mutated,PertCortex_12_TAGTTGGAGATGCCAG,3.8275013236773288
19138,0.27812367322170944,12__mutated,PertCortex_12_TAGTTGGAGCTAAACA,4.357916940591509
19139,0.29603372358085356,12__mutated,PertCortex_12_TAGTTGGTCACCCTCA,3.3834413221138595
19140,0.13920709732178613,12__mutated,PertCortex_12_TAGTTGGTCCTAGTGA,3.9194214970572974
19141,0.08055472882826831,12__mutated,PertCortex_12_TAGTTGGTCGTTTAGG,3.4137398436893123
19142,0.42312772128543524,12__mutated,PertCortex_12_TATCAGGCACAAGTAA,3.897900703748935
19143,0.1739190630535475,12__mutated,PertCortex_12_TATCAGGGTACCATCA,3.7880557135768202
19144,0.1166658517144279,12__mutated,PertCortex_12_TATCAGGGTAGCTAAA,4.099226524245172
19145,0.11172237487473563,12__mutated,PertCortex_12_TATCAGGGTGATAAAC,4.3273246256141
19146,0.18159239374378597,12__mutated,PertCortex_12_TATCAGGTCCAGGGCT,3.225663627242503
19147,0.16806258032227508,12__mutated,PertCortex_12_TATCTCAAGGGCTCTC,4.124919687160667
19148,0.15516783519132515,12__mutated,PertCortex_12_TATCTCACACAACTGT,4.423396162766351
19149,0.1096950224229472,12__mutated,PertCortex_12_TATGCCCAGCCACTAT,3.89348391778649
19150,0.20225035648520195,12__mutated,PertCortex_12_TATGCCCAGGCACATG,4.288135068471522
19151,0.05256218557675428,12__mutated,PertCortex_12_TATGCCCGTCCTGCTT,3.597792100717753
19152,0.32146568603028985,12__mutated,PertCortex_12_TATTACCCACGGACAA,2.3313510216430466
19153,0.1327735243666074,12__mutated,PertCortex_12_TATTACCGTCTAACGT,4.858869800913721
19154,0.2759714436953556,12__mutated,PertCortex_12_TATTACCGTTGCTCCT,2.7613777800171246
19155,0.2961880378483967,12__mutated,PertCortex_12_TATTACCTCACTCCTG,2.1191501644464346
19156,0.15855026988600895,12__mutated,PertCortex_12_TATTACCTCAGGTTCA,4.470787455237154
19157,0.12076673615334488,12__mutated,PertCortex_12_TATTACCTCTCGATGA,4.8147428358835
19158,0.08029889488150144,12__mutated,PertCortex_12_TCAACGACAAAGGTGC,2.1043094034098977
19159,0.10072589164533989,12__mutated,PertCortex_12_TCAACGACATGGATGG,4.6460232469337255
19160,0.09637989266023599,12__mutated,PertCortex_12_TCAACGAGTTGCCTCT,2.1076623297680683
19161,0.1873346172469432,12__mutated,PertCortex_12_TCAACGAGTTGTCGCG,3.4247188667161454
19162,0.10382469095911344,12__mutated,PertCortex_12_TCAATCTGTAATCGTC,4.798117896888781
19163,0.23517877660275452,12__mutated,PertCortex_12_TCAATCTGTCAATGTC,2.8115988732269916
19164,0.34439086616157555,12__mutated,PertCortex_12_TCAATCTGTGTTAAGA,4.521388144928688
19165,0.0815890547448175,12__mutated,PertCortex_12_TCAATCTGTTCCATGA,2.741955487498413
19166,0.4904192238774194,12__mutated,PertCortex_12_TCAATCTTCTCTAGGA,1.7967718988912906
19167,0.26834701538211586,12__mutated,PertCortex_12_TCACAAGAGGTGTTAA,4.025649104787727
19168,0.07823029493790859,12__mutated,PertCortex_12_TCACAAGCACGGTAAG,2.6497131490038166
19169,0.27887718526342414,12__mutated,PertCortex_12_TCACAAGTCTGCCCTA,1.7779572546675793
19170,0.06157451519002974,12__mutated,PertCortex_12_TCACAAGTCTGCTGTC,3.2832813969112844
19171,0.23784812958584942,12__mutated,PertCortex_12_TCACGAAAGCGAAGGG,3.8307579561187954
19172,0.12091964831761305,12__mutated,PertCortex_12_TCACGAAAGTTAACGA,5.027052196209347
19173,0.20865998463906058,12__mutated,PertCortex_12_TCACGAACAAAGGTGC,4.476375465912089
19174,0.11308702654762401,12__mutated,PertCortex_12_TCACGAAGTATCAGTC,3.876857477188697
19175,0.2809207390356946,12__mutated,PertCortex_12_TCACGAATCACCCTCA,2.0927104493908777
19176,0.3999132715063587,12__mutated,PertCortex_12_TCACGAATCCCACTTG,2.493146357452739
19177,0.24168746692626908,12__mutated,PertCortex_12_TCAGATGAGATAGCAT,3.773657065241109
19178,0.3997951988251417,12__mutated,PertCortex_12_TCAGATGAGGCGATAC,1.9888550832690906
19179,0.10557596277692569,12__mutated,PertCortex_12_TCAGATGGTTGTACAC,3.3282954717772117
19180,0.0427410381264488,12__mutated,PertCortex_12_TCAGATGTCTGGCGTG,2.484544713181588
19181,0.24934393720809678,12__mutated,PertCortex_12_TCAGCAAAGGTAGCTG,2.3352575671675404
19182,0.09490066829429782,12__mutated,PertCortex_12_TCAGCAACATATACGC,3.42105631379845
19183,0.17684874974329473,12__mutated,PertCortex_12_TCAGCAAGTCAATACC,2.3999736399416114
19184,0.21798293605030203,12__mutated,PertCortex_12_TCAGCAATCGCTGATA,3.078635673058567
19185,0.10715554596326667,12__mutated,PertCortex_12_TCAGCAATCTGACCTC,2.6248020686468494
19186,0.06864409212754995,12__mutated,PertCortex_12_TCAGCTCAGCAGATCG,4.439897448668807
19187,0.2407131927275855,12__mutated,PertCortex_12_TCAGCTCGTCAGCTAT,4.271336351783384
19188,0.0605293769280068,12__mutated,PertCortex_12_TCAGCTCGTCCATCCT,3.65170690240953
19189,0.1148682043807921,12__mutated,PertCortex_12_TCAGCTCGTGTGAATA,4.351231715559134
19190,0.17609828368250566,12__mutated,PertCortex_12_TCAGCTCTCGCGATCG,5.504485203627016
19191,0.1170429670858237,12__mutated,PertCortex_12_TCAGGATAGCCGCCTA,3.89900900675597
19192,0.15878545084881998,12__mutated,PertCortex_12_TCAGGATAGTGCAAGC,4.138894401255216
19193,0.16329435546683804,12__mutated,PertCortex_12_TCAGGATCACGGTAGA,2.0518890181543568
19194,0.24260080496121483,12__mutated,PertCortex_12_TCAGGATTCCGTTGCT,4.574842462357637
19195,0.10720665159316779,12__mutated,PertCortex_12_TCAGGTAAGTTAGGTA,3.4882102923603986
19196,0.20214533708204113,12__mutated,PertCortex_12_TCAGGTACAAACCTAC,2.9816824257466052
19197,0.18769576857482162,12__mutated,PertCortex_12_TCAGGTACAACGATCT,4.562193073713449
19198,0.1974668893862657,12__mutated,PertCortex_12_TCAGGTAGTCTAGGTT,2.9001256337997887
19199,0.5168828941305231,12__mutated,PertCortex_12_TCAGGTAGTGACTACT,1.5450605163390942
19200,0.1803496602424328,12__mutated,PertCortex_12_TCAGGTATCCGCAAGC,3.985638224796912
19201,0.17090814632948487,12__mutated,PertCortex_12_TCATTACAGAACTCGG,4.773049153994074
19202,0.12936844336822736,12__mutated,PertCortex_12_TCATTACAGAATTCCC,4.224948305633461
19203,0.05748475079495372,12__mutated,PertCortex_12_TCATTACCAGCAGTTT,4.423308283953825
19204,0.4544365553488445,12__mutated,PertCortex_12_TCATTACCATGACGGA,1.8565897667829885
19205,0.10881977955725247,12__mutated,PertCortex_12_TCATTACGTTACCAGT,2.2481904403668733
19206,0.21487192288364954,12__mutated,PertCortex_12_TCATTACGTTAGGGTG,3.1488600555526154
19207,0.11877403616378225,12__mutated,PertCortex_12_TCATTACTCCGCGCAA,3.8410295961503174
19208,0.14509951228973814,12__mutated,PertCortex_12_TCATTACTCTGTTTGT,4.92921688485318
19209,0.1844311493153755,12__mutated,PertCortex_12_TCATTTGAGAATTCCC,5.393355519096982
19210,0.05034707749612992,12__mutated,PertCortex_12_TCATTTGCACAGATTC,3.614809638785213
19211,0.1828555585393952,12__mutated,PertCortex_12_TCATTTGGTAAACGCG,4.612528976623407
19212,0.09122243436998619,12__mutated,PertCortex_12_TCATTTGGTAAGAGGA,4.031629252026444
19213,0.7128266372001417,12__mutated,PertCortex_12_TCATTTGGTCACCCAG,2.0096865511591178
19214,0.06378601069478046,12__mutated,PertCortex_12_TCATTTGGTCGAATCT,4.185034298200436
19215,0.09883260096768684,12__mutated,PertCortex_12_TCATTTGGTTGTACAC,3.68270606212027
19216,0.5508902230657617,12__mutated,PertCortex_12_TCCACACAGATATGGT,1.4574468734903845
19217,0.06393022056718979,12__mutated,PertCortex_12_TCCACACAGGTAGCCA,4.627899185550201
19218,0.391417977319868,12__mutated,PertCortex_12_TCCACACCAAGCGATG,2.981176914448625
19219,0.10848054202828888,12__mutated,PertCortex_12_TCCCGATAGATGTGGC,4.455793303125373
19220,0.129083167980014,12__mutated,PertCortex_12_TCCCGATAGGACTGGT,4.686058506210028
19221,0.10583748394553963,12__mutated,PertCortex_12_TCCCGATCATTCTTAC,5.242173592430717
19222,0.30229549531104827,12__mutated,PertCortex_12_TCCCGATTCCCAAGAT,3.1272565216489636
19223,0.25211051566700654,12__mutated,PertCortex_12_TCCCGATTCCCTCTTT,4.076148500388982
19224,0.2289386756756491,12__mutated,PertCortex_12_TCCCGATTCGACCAGC,2.009560154378155
19225,0.12789464284706126,12__mutated,PertCortex_12_TCCCGATTCGTTTATC,4.679009325889545
19226,0.17885396863156844,12__mutated,PertCortex_12_TCGAGGCGTATAGTAG,4.264012799220513
19227,0.14294236372886063,12__mutated,PertCortex_12_TCGAGGCTCTGCGTAA,4.56536222061724
19228,0.07649626768732772,12__mutated,PertCortex_12_TCGAGGCTCTGTCTAT,4.306321418329664
19229,0.0889844470816158,12__mutated,PertCortex_12_TCGCGAGCAATCTGCA,3.176859832211765
19230,0.34973580818616423,12__mutated,PertCortex_12_TCGCGAGCAGCTTAAC,2.029482038640866
19231,0.10629885527996309,12__mutated,PertCortex_12_TCGCGAGCATGCTGGC,4.41929812893449
19232,0.20673444860685303,12__mutated,PertCortex_12_TCGCGAGCATGTCTCC,5.111945746056921
19233,0.07248248437601645,12__mutated,PertCortex_12_TCGCGAGTCATCGCTC,4.493104173251969
19234,0.47150603340240926,12__mutated,PertCortex_12_TCGCGTTCAATGGATA,2.3564120007185485
19235,0.11963891111787049,12__mutated,PertCortex_12_TCGCGTTGTCGCATCG,3.593172599908719
19236,0.12285851592339274,12__mutated,PertCortex_12_TCGCGTTGTGTGCCTG,4.966088198659749
19237,0.12894421950935367,12__mutated,PertCortex_12_TCGGGACAGATGTTAG,3.437018453887752
19238,0.22382114218670954,12__mutated,PertCortex_12_TCGGGACCAGACGCAA,3.6357031329804763
19239,0.12820572901839836,12__mutated,PertCortex_12_TCGGGACGTATTACCG,4.291030440252616
19240,0.11142933098994405,12__mutated,PertCortex_12_TCGGGACTCAACACAC,3.943575136399956
19241,0.18958058784193516,12__mutated,PertCortex_12_TCGGGACTCAGGATCT,2.2880872675853023
19242,0.044641535162349484,12__mutated,PertCortex_12_TCGGGACTCCACTGGG,3.581596034274682
19243,0.2196307515108999,12__mutated,PertCortex_12_TCGGTAACATCCCACT,4.3718834865925995
19244,0.06830934849603632,12__mutated,PertCortex_12_TCGGTAAGTACTTGAC,3.4798026221615155
19245,0.10239543926146583,12__mutated,PertCortex_12_TCGTACCGTACCATCA,4.314645594993597
19246,0.09174505667463585,12__mutated,PertCortex_12_TCGTAGAAGACGCAAC,4.1437250162484505
19247,0.24765634426656533,12__mutated,PertCortex_12_TCGTAGACATCATCCC,4.062666837765151
19248,0.1986179086879278,12__mutated,PertCortex_12_TCGTAGAGTATAATGG,4.348111336682562
19249,0.11131957239203541,12__mutated,PertCortex_12_TCGTAGAGTCAAAGCG,3.821299403495763
19250,0.37951762987258425,12__mutated,PertCortex_12_TCGTAGATCACCGGGT,0.9279411035175571
19251,0.15515441391090637,12__mutated,PertCortex_12_TCTATTGAGCCCAATT,3.0287900509835097
19252,0.2729056066988097,12__mutated,PertCortex_12_TCTATTGCATTTGCTT,2.9876284359339964
19253,0.5133589735280316,12__mutated,PertCortex_12_TCTATTGGTGCAGGTA,2.063623732174057
19254,0.13964392891120164,12__mutated,PertCortex_12_TCTATTGTCCTTTCTC,3.557640933133277
19255,0.16449906714325974,12__mutated,PertCortex_12_TCTATTGTCGTTACGA,3.568966013016427
19256,0.09730517404405754,12__mutated,PertCortex_12_TCTCATACAATGGACG,3.6520409557273195
19257,0.01367333724268123,12__mutated,PertCortex_12_TCTCATACAGCTATTG,4.229492870576265
19258,0.15953400036740378,12__mutated,PertCortex_12_TCTCATATCAGGTTCA,3.7739613354352843
19259,0.4652757811491167,12__mutated,PertCortex_12_TCTCATATCATGCAAC,1.7513357593737897
19260,0.07423471126543797,12__mutated,PertCortex_12_TCTCATATCGGAGGTA,3.5195718206190367
19261,0.20936173486480159,12__mutated,PertCortex_12_TCTCTAACACCTCGTT,3.5918480083232645
19262,0.11745788562842076,12__mutated,PertCortex_12_TCTCTAACATGAGCGA,4.077403327683422
19263,0.13437022976795368,12__mutated,PertCortex_12_TCTCTAATCGATGAGG,4.089647046461083
19264,0.2338922642577295,12__mutated,PertCortex_12_TCTCTAATCTTCCTTC,4.5814344495894295
19265,0.2219448194715015,12__mutated,PertCortex_12_TCTGAGACACATTTCT,3.374598737494961
19266,0.17908894821617247,12__mutated,PertCortex_12_TCTGAGACATCGGACC,2.416327328702616
19267,0.17826721199788995,12__mutated,PertCortex_12_TCTGAGAGTACAAGTA,3.8524513801334415
19268,0.06062514839615047,12__mutated,PertCortex_12_TCTGAGAGTCGGCTCA,3.9975669013560973
19269,0.3959441916015133,12__mutated,PertCortex_12_TCTGAGAGTGCATCTA,2.019411666189354
19270,0.10129154199013932,12__mutated,PertCortex_12_TCTGAGAGTTCATGGT,4.378020449162224
19271,0.18308712986580775,12__mutated,PertCortex_12_TCTGAGATCACAAACC,3.990130574557438
19272,0.23870833579716821,12__mutated,PertCortex_12_TCTGAGATCATCGATG,4.0370016419978665
19273,0.17098778380802265,12__mutated,PertCortex_12_TCTGAGATCCAAAGTC,4.028642464643994
19274,0.23634978213549898,12__mutated,PertCortex_12_TCTGGAAAGACACTAA,2.4075933570763266
19275,0.28216714390247527,12__mutated,PertCortex_12_TCTGGAAAGGCGTACA,3.021580853854226
19276,0.24800002070456195,12__mutated,PertCortex_12_TCTGGAAAGTGGGCTA,3.907426972943488
19277,0.1836803698847886,12__mutated,PertCortex_12_TCTGGAACAAACTGCT,4.455722748749704
19278,0.17752153855966382,12__mutated,PertCortex_12_TCTGGAACACGGTTTA,4.660985170600216
19279,0.20165413134853172,12__mutated,PertCortex_12_TCTGGAACATACTACG,2.6361815851550756
19280,0.18699408777793472,12__mutated,PertCortex_12_TCTGGAACATTACCTT,2.6699769862129266
19281,0.08827798363597825,12__mutated,PertCortex_12_TCTGGAAGTCTTGATG,3.5837081722991866
19282,0.14102524106446848,12__mutated,PertCortex_12_TCTGGAAGTTGTCTTT,2.617276044006547
19283,0.04810604516305379,12__mutated,PertCortex_12_TCTGGAATCTGGAGCC,4.26606456061482
19284,0.1732901575620887,12__mutated,PertCortex_12_TCTTCGGCAAGCCGTC,2.523302788786252
19285,0.051959254103612094,12__mutated,PertCortex_12_TCTTCGGCATCTACGA,4.219425617214184
19286,0.16345089151155834,12__mutated,PertCortex_12_TCTTCGGGTTGCGTTA,3.7160877469060543
19287,0.1033026842517285,12__mutated,PertCortex_12_TCTTTCCAGACCCACC,4.473103465954427
19288,0.1474368113231729,12__mutated,PertCortex_12_TCTTTCCCAAAGGTGC,2.314795383217097
19289,0.20974048437055529,12__mutated,PertCortex_12_TCTTTCCCAAGAGGCT,3.8345983343559915
19290,0.5526433252659055,12__mutated,PertCortex_12_TCTTTCCGTATATGAG,2.19861285094833
19291,0.22039521222638436,12__mutated,PertCortex_12_TCTTTCCGTGAGCGAT,3.4611116536570603
19292,0.06116038617366217,12__mutated,PertCortex_12_TCTTTCCGTTACTGAC,3.4658511998177883
19293,0.15366862430906328,12__mutated,PertCortex_12_TGAAAGAAGTGTACGG,3.927269932554244
19294,0.11396804060500039,12__mutated,PertCortex_12_TGACAACAGGATGGAA,4.233549733413305
19295,0.11582996942682497,12__mutated,PertCortex_12_TGACAACCACAGCGTC,4.112996669516692
19296,0.304153321534746,12__mutated,PertCortex_12_TGACAACGTCAGGACA,1.6096161098712423
19297,0.09137015265192151,12__mutated,PertCortex_12_TGACAACTCACGAAGG,2.3933321815191975
19298,0.2448791033920767,12__mutated,PertCortex_12_TGACAACTCATTGCGA,4.708295858289599
19299,0.2559819917625588,12__mutated,PertCortex_12_TGACGGCAGAGGTACC,3.652954311137745
19300,0.2130725364135534,12__mutated,PertCortex_12_TGACGGCAGATATACG,2.9826436622563812
19301,0.14507145383816925,12__mutated,PertCortex_12_TGACGGCAGGGATACC,4.727532716522503
19302,0.36034478524451125,12__mutated,PertCortex_12_TGACGGCCATTATCTC,2.093558554422641
19303,0.23711710098336616,12__mutated,PertCortex_12_TGACGGCTCTTGTTTG,3.8038925440933262
19304,0.3537905051051784,12__mutated,PertCortex_12_TGACTAGAGGCTAGAC,4.341977539949972
19305,0.11996331869259484,12__mutated,PertCortex_12_TGACTAGTCCTTAATC,2.4945054677684677
19306,0.18152371581805485,12__mutated,PertCortex_12_TGACTAGTCGCCAAAT,4.45450134296501
19307,0.09193527726474546,12__mutated,PertCortex_12_TGACTAGTCTCGCTTG,4.846016863395076
19308,0.17456151986391902,12__mutated,PertCortex_12_TGACTTTAGAACAATC,3.8141812262500516
19309,0.16774363572946033,12__mutated,PertCortex_12_TGACTTTAGCTGGAAC,3.5555880801717312
19310,0.14996465506170722,12__mutated,PertCortex_12_TGACTTTCACCATGTA,3.072545890092938
19311,0.18758124312391275,12__mutated,PertCortex_12_TGACTTTTCACATAGC,3.70721222088598
19312,0.0627766963614837,12__mutated,PertCortex_12_TGACTTTTCTCGTTTA,3.664256005157233
19313,0.28896737410141693,12__mutated,PertCortex_12_TGACTTTTCTCTTATG,2.2103421339613822
19314,0.3114646880029394,12__mutated,PertCortex_12_TGAGAGGAGGACATTA,1.8635655650378324
19315,0.14489352383447804,12__mutated,PertCortex_12_TGAGAGGAGGATGTAT,4.793146113682551
19316,0.17768545915484563,12__mutated,PertCortex_12_TGAGAGGAGGCATGTG,3.8280363392374337
19317,0.09656853158160918,12__mutated,PertCortex_12_TGAGAGGCAAGCGATG,3.4344280929955704
19318,0.12220308130688128,12__mutated,PertCortex_12_TGAGAGGCATGTCCTC,2.0235277438574943
19319,0.15755051133849965,12__mutated,PertCortex_12_TGAGAGGTCATCATTC,2.9657213606906283
19320,0.1853012850866046,12__mutated,PertCortex_12_TGAGAGGTCCAAAGTC,3.434281798486242
19321,0.30861837106948947,12__mutated,PertCortex_12_TGAGAGGTCTCTTATG,3.008652214227125
19322,0.24778424908773716,12__mutated,PertCortex_12_TGAGAGGTCTGTCCGT,2.519071782927635
19323,0.16716299369940402,12__mutated,PertCortex_12_TGAGCATAGACAATAC,3.9027191367930336
19324,0.08151364569412448,12__mutated,PertCortex_12_TGAGCATAGCCACGTC,3.6316422510893953
19325,0.2813657247583301,12__mutated,PertCortex_12_TGAGCATCACCTGGTG,2.5577834980575145
19326,0.3515310858717894,12__mutated,PertCortex_12_TGAGCATCATATACGC,2.349081743169482
19327,0.1979810991769899,12__mutated,PertCortex_12_TGAGCATCATTCTTAC,2.8554477527411755
19328,0.061882374707663834,12__mutated,PertCortex_12_TGAGCATGTCCGACGT,4.195427609645152
19329,0.08430035410336127,12__mutated,PertCortex_12_TGAGCATTCTGCTGCT,3.050770791067568
19330,0.26697881838221843,12__mutated,PertCortex_12_TGAGCATTCTGTTTGT,4.792958316946478
19331,0.3427791837236275,12__mutated,PertCortex_12_TGAGCATTCTTCGAGA,2.2591996648557346
19332,0.3715443571712456,12__mutated,PertCortex_12_TGAGCCGAGAACTCGG,1.8986362455079608
19333,0.17369885795985976,12__mutated,PertCortex_12_TGAGCCGAGTTGAGAT,3.0857965560402767
19334,0.19318374055950943,12__mutated,PertCortex_12_TGAGCCGCAGTAAGAT,4.119737131657681
19335,0.5074873465470793,12__mutated,PertCortex_12_TGAGCCGGTAACGCGA,2.2458632828110616
19336,0.19328933159554243,12__mutated,PertCortex_12_TGAGCCGGTCAAACTC,3.7496768838995416
19337,0.18790596691151282,12__mutated,PertCortex_12_TGAGCCGGTTTAGCTG,2.636567796761523
19338,0.24439583098758036,12__mutated,PertCortex_12_TGAGCCGTCTACCAGA,2.551726796623271
19339,0.1522357776531718,12__mutated,PertCortex_12_TGAGGGACACAGCGTC,3.724732939511152
19340,0.07414285717376667,12__mutated,PertCortex_12_TGAGGGACACGAGAGT,3.7981599387888174
19341,0.13519394952807243,12__mutated,PertCortex_12_TGAGGGACAGCTATTG,5.412773419299824
19342,0.1675235736786114,12__mutated,PertCortex_12_TGAGGGACAGTCAGCC,4.104887130504244
19343,0.43931921283387776,12__mutated,PertCortex_12_TGAGGGACAGTTAACC,3.2030338656810504
19344,0.1826616219243706,12__mutated,PertCortex_12_TGATTTCAGTTGCAGG,3.6982946859216543
19345,0.11801239455304557,12__mutated,PertCortex_12_TGATTTCGTAGCGTAG,2.4853421010508976
19346,0.08969913315419037,12__mutated,PertCortex_12_TGATTTCTCACCTCGT,4.260360177958344
19347,0.2691332041558133,12__mutated,PertCortex_12_TGATTTCTCACGACTA,3.4179634032122133
19348,0.07989501791680176,12__mutated,PertCortex_12_TGATTTCTCAGCTCGG,4.209174867336056
19349,0.09658738976056121,12__mutated,PertCortex_12_TGCACCTAGTCGTACT,4.1718816310418925
19350,0.20107933122012334,12__mutated,PertCortex_12_TGCACCTAGTTAACGA,3.579500961906185
19351,0.12424812691510753,12__mutated,PertCortex_12_TGCCAAACAAGTCTAC,4.41541899086366
19352,0.13313711118820087,12__mutated,PertCortex_12_TGCCAAATCATGCTCC,4.225806762594615
19353,0.2929324512143173,12__mutated,PertCortex_12_TGCCAAATCCTGCTTG,1.6746396258507747
19354,0.3065627193107052,12__mutated,PertCortex_12_TGCCAAATCGAATCCA,2.0473041424092475
19355,0.13498774844930939,12__mutated,PertCortex_12_TGCCCATAGACATAAC,3.4717370286983553
19356,0.16925717074589824,12__mutated,PertCortex_12_TGCCCATAGTATCTCG,4.4065669657368876
19357,0.14067842777276185,12__mutated,PertCortex_12_TGCCCATCAATGGATA,4.751085447595614
19358,0.14017250744915682,12__mutated,PertCortex_12_TGCCCATCACGAGGTA,4.213494809772203
19359,0.25798723896612763,12__mutated,PertCortex_12_TGCCCATCATCGGAAG,4.16158221834342
19360,0.19314995408607144,12__mutated,PertCortex_12_TGCCCATCATGTTGAC,3.543389914465367
19361,0.17267452393436883,12__mutated,PertCortex_12_TGCCCATGTTGCGTTA,3.559265289472367
19362,0.06309855705253906,12__mutated,PertCortex_12_TGCCCTAAGGGAACGG,3.436552192685504
19363,0.09303435385297984,12__mutated,PertCortex_12_TGCCCTACACACCGCA,4.442687737905304
19364,0.1442828461001265,12__mutated,PertCortex_12_TGCCCTACACTGAAGG,3.860094333512464
19365,0.148908970145402,12__mutated,PertCortex_12_TGCCCTACATCCGGGT,2.717023009450971
19366,0.08840891057396577,12__mutated,PertCortex_12_TGCCCTAGTCTCACCT,2.6840438068651573
19367,-0.006372743108706895,12__mutated,PertCortex_12_TGCCCTATCAAGGCTT,3.333249105201815
19368,0.06114434188665304,12__mutated,PertCortex_12_TGCCCTATCACAAACC,4.302842276095973
19369,0.048940790145757376,12__mutated,PertCortex_12_TGCCCTATCCTAAGTG,4.612127892670248
19370,0.2488112412458915,12__mutated,PertCortex_12_TGCGCAGCATACCATG,4.024585577904148
19371,0.25818316820206555,12__mutated,PertCortex_12_TGCGCAGGTAAACCTC,2.1920560989442723
19372,0.2825405122526776,12__mutated,PertCortex_12_TGCGGGTCAGGCTGAA,1.91480995105095
19373,0.24041952166422767,12__mutated,PertCortex_12_TGCGGGTCAGTCACTA,2.696028222487956
19374,0.5019942719367347,12__mutated,PertCortex_12_TGCGGGTCATGTCCTC,3.353428800835903
19375,0.18480379740491754,12__mutated,PertCortex_12_TGCGGGTGTAAAGTCA,3.706462777244442
19376,0.2126023146808908,12__mutated,PertCortex_12_TGCGGGTTCGTAGGAG,3.4295321656175863
19377,0.23986473270694247,12__mutated,PertCortex_12_TGCGTGGCACAGATTC,4.795346471913759
19378,0.13889408133787376,12__mutated,PertCortex_12_TGCGTGGCACTCAGGC,2.4547964206105752
19379,0.0557573458912736,12__mutated,PertCortex_12_TGCGTGGTCAGAGCTT,4.724133389103111
19380,0.14973787788124468,12__mutated,PertCortex_12_TGCGTGGTCGTACGGC,3.916916440724831
19381,0.131451508601161,12__mutated,PertCortex_12_TGCTACCAGGGAAACA,5.115293268918658
19382,0.2079287133684593,12__mutated,PertCortex_12_TGCTACCCACGGACAA,4.30791673662064
19383,0.30764049582088243,12__mutated,PertCortex_12_TGCTACCGTCTCCCTA,2.155402726156479
19384,0.14109533798837318,12__mutated,PertCortex_12_TGCTACCTCGCATGGC,3.3638142059152414
19385,0.08261907037041803,12__mutated,PertCortex_12_TGCTACCTCGTAGGTT,3.040495482153491
19386,0.16558206601491238,12__mutated,PertCortex_12_TGCTACCTCTCTGTCG,4.013671124339832
19387,0.1686603832311589,12__mutated,PertCortex_12_TGCTGCTCAAGCGCTC,4.155910708588069
19388,0.3458193424695133,12__mutated,PertCortex_12_TGCTGCTGTCAAACTC,2.1408431729985336
19389,0.10994230001154229,12__mutated,PertCortex_12_TGCTGCTGTGTGGCTC,3.8305930297698394
19390,0.21236751003109414,12__mutated,PertCortex_12_TGGACGCAGACGCAAC,3.112601382393379
19391,0.13543223585958497,12__mutated,PertCortex_12_TGGACGCAGACGCACA,4.477407386314409
19392,0.2687158301456142,12__mutated,PertCortex_12_TGGACGCAGGTGGGTT,4.518455159112157
19393,0.2332383792828198,12__mutated,PertCortex_12_TGGACGCGTGTAATGA,2.3996501990925303
19394,0.17421837276711172,12__mutated,PertCortex_12_TGGCCAGAGATGTCGG,4.459358181419711
19395,0.1228659085927306,12__mutated,PertCortex_12_TGGCCAGCAACAACCT,4.125679101732847
19396,0.04390693183905982,12__mutated,PertCortex_12_TGGCCAGCACGGTGTC,4.216010936141245
19397,0.09027306978592786,12__mutated,PertCortex_12_TGGCCAGGTCCCTTGT,4.463730607438503
19398,0.1524375810389328,12__mutated,PertCortex_12_TGGCGCAAGATGTTAG,2.818416171754375
19399,0.22738406741224854,12__mutated,PertCortex_12_TGGCGCAAGTTCGCAT,4.58938898628638
19400,0.44234567394167024,12__mutated,PertCortex_12_TGGCGCACAAACGCGA,2.0884861957807623
19401,0.11599467632226466,12__mutated,PertCortex_12_TGGCGCACAAGGACTG,3.16386378611084
19402,0.4755849670300064,12__mutated,PertCortex_12_TGGCGCACAATTGCTG,2.973503408291913
19403,0.1945875255166531,12__mutated,PertCortex_12_TGGCTGGCAAACAACA,3.0531470174602355
19404,0.11291632654580092,12__mutated,PertCortex_12_TGGCTGGTCTTCATGT,3.0718113792309274
19405,0.32549136668449025,12__mutated,PertCortex_12_TGGGAAGAGACTCGGA,2.399492647008079
19406,0.12102838035656745,12__mutated,PertCortex_12_TGGGAAGAGTGGTCCC,3.7841491181785623
19407,0.07610509522443426,12__mutated,PertCortex_12_TGGGAAGGTGTGACGA,4.328388360058465
19408,0.12575999205766514,12__mutated,PertCortex_12_TGGGCGTAGACAAAGG,4.82520724252401
19409,0.10390006984081193,12__mutated,PertCortex_12_TGGGCGTCAATGGACG,4.445738133634154
19410,0.10366786774482357,12__mutated,PertCortex_12_TGGGCGTGTAAGCACG,5.149184223871638
19411,0.2334782963833648,12__mutated,PertCortex_12_TGGTTAGAGACAGAGA,4.156928031243361
19412,0.1485208233072956,12__mutated,PertCortex_12_TGGTTAGAGTGATCGG,4.608183956150433
19413,0.15356042966726113,12__mutated,PertCortex_12_TGGTTAGCAATACGCT,4.536535256970837
19414,0.11614452114143758,12__mutated,PertCortex_12_TGGTTAGCACCGAAAG,4.376843716630398
19415,0.23820323841227029,12__mutated,PertCortex_12_TGGTTAGTCTTTAGTC,3.162619165111292
19416,0.11251877630946236,12__mutated,PertCortex_12_TGGTTCCAGTAACCCT,2.6077415621289037
19417,0.18387458467667156,12__mutated,PertCortex_12_TGGTTCCCAATCTACG,3.236102223401678
19418,0.28428635273220265,12__mutated,PertCortex_12_TGGTTCCGTACAGCAG,2.0144211807350962
19419,0.1919748174472743,12__mutated,PertCortex_12_TGGTTCCTCGGTTAAC,3.54876880684572
19420,0.12803496419045604,12__mutated,PertCortex_12_TGGTTCCTCTACTATC,4.314586835165727
19421,0.15076793520580659,12__mutated,PertCortex_12_TGTATTCAGGTTCCTA,4.953495730771958
19422,0.18485175247287586,12__mutated,PertCortex_12_TGTATTCCATGAACCT,4.019822065179654
19423,0.05143689935715932,12__mutated,PertCortex_12_TGTATTCGTAGCGATG,4.819854253891079
19424,0.3616517972523862,12__mutated,PertCortex_12_TGTATTCGTTGCGCAC,1.8279846610341903
19425,0.09501380144779452,12__mutated,PertCortex_12_TGTCCCAAGAAGATTC,4.128463468258242
19426,0.10153271226680853,12__mutated,PertCortex_12_TGTCCCAAGTATTGGA,3.637240935061706
19427,0.3215309536727088,12__mutated,PertCortex_12_TGTCCCACACGCTTTC,1.8933630987881649
19428,0.13734193407282097,12__mutated,PertCortex_12_TGTCCCACAGTAAGCG,3.3559417639325835
19429,0.36977025182759415,12__mutated,PertCortex_12_TGTCCCAGTAGCGTGA,2.2658482261142217
19430,0.441179743575004,12__mutated,PertCortex_12_TGTCCCATCATTATCC,1.9608813493787975
19431,0.18971184307671213,12__mutated,PertCortex_12_TGTCCCATCTCTTATG,4.765704345097194
19432,0.3547289545263531,12__mutated,PertCortex_12_TGTGGTAAGTAACCCT,2.1480711804030843
19433,0.18361677763466547,12__mutated,PertCortex_12_TGTGGTAAGTGCCAGA,4.828088395266351
19434,0.027307570731822977,12__mutated,PertCortex_12_TGTGGTAGTCGTTGTA,4.28562986194485
19435,0.10244252084098796,12__mutated,PertCortex_12_TGTGGTATCAGTTGAC,4.741128432742999
19436,0.4173300201808509,12__mutated,PertCortex_12_TGTGGTATCTGCCCTA,1.7119782228317124
19437,0.22635649575964933,12__mutated,PertCortex_12_TGTGTTTAGGTGACCA,3.860178721708394
19438,0.6483501644931412,12__mutated,PertCortex_12_TGTGTTTAGTGTTTGC,2.007967833937058
19439,0.22570214519956577,12__mutated,PertCortex_12_TGTGTTTCAAGCGATG,3.2690068107635324
19440,0.40095170764347215,12__mutated,PertCortex_12_TGTGTTTGTTCGGCAC,1.7874563193643853
19441,0.19406158178699773,12__mutated,PertCortex_12_TGTGTTTTCGGTGTCG,4.083086722747562
19442,0.18744745361571136,12__mutated,PertCortex_12_TGTGTTTTCGTTTAGG,3.969904599495685
19443,0.12063500405322847,12__mutated,PertCortex_12_TGTTCCGAGCTACCTA,4.319705556740581
19444,0.17397981561429188,12__mutated,PertCortex_12_TGTTCCGAGGCATGGT,5.070095951516143
19445,0.21495702966004407,12__mutated,PertCortex_12_TGTTCCGAGTAGCCGA,4.4620359980586235
19446,0.16584287863830768,12__mutated,PertCortex_12_TGTTCCGCACCCATTC,4.422021458831023
19447,0.1435022440898927,12__mutated,PertCortex_12_TGTTCCGGTAAGGGAA,4.124155090814618
19448,0.1525080827145839,12__mutated,PertCortex_12_TGTTCCGTCTCAAGTG,3.703392226110991
19449,0.17533213001809103,12__mutated,PertCortex_12_TTAACTCAGTTAACGA,4.263653021836884
19450,0.23359931651111598,12__mutated,PertCortex_12_TTAACTCTCACAGGCC,3.3958416591536067
19451,0.08146414450649529,12__mutated,PertCortex_12_TTAACTCTCCAAGCCG,4.301414249347354
19452,0.3019501930137988,12__mutated,PertCortex_12_TTAACTCTCCCGGATG,2.784007329451381
19453,0.4110379322247846,12__mutated,PertCortex_12_TTAGGACAGGGTCTCC,2.1081104765106375
19454,0.23618001077780426,12__mutated,PertCortex_12_TTAGGCAAGAACTGTA,4.603801510343929
19455,0.2655113665010247,12__mutated,PertCortex_12_TTAGGCAAGCCAGTAG,4.1360794109269525
19456,0.028579543219336714,12__mutated,PertCortex_12_TTAGGCACACGTCAGC,3.458242882588641
19457,0.11812169930927659,12__mutated,PertCortex_12_TTAGGCATCTTAGAGC,3.8995279173012087
19458,0.1604272682622947,12__mutated,PertCortex_12_TTAGTTCCATGCTGGC,4.523603328158918
19459,0.39059901361543015,12__mutated,PertCortex_12_TTAGTTCGTAGAAAGG,4.405651553355704
19460,0.1785135168823594,12__mutated,PertCortex_12_TTAGTTCGTTCCACGG,3.7448517121702087
19461,0.16108784727153036,12__mutated,PertCortex_12_TTAGTTCTCATGTCCC,2.823241239456984
19462,0.22620675611157687,12__mutated,PertCortex_12_TTAGTTCTCCGCTGTT,1.8167327017487742
19463,0.5038145484214984,12__mutated,PertCortex_12_TTATGCTAGTGGACGT,2.489543515890762
19464,0.5272808574560397,12__mutated,PertCortex_12_TTATGCTAGTGGTAAT,2.20614785592151
19465,0.18421689788861428,12__mutated,PertCortex_12_TTATGCTAGTTAGGTA,3.5462939170349035
19466,0.19966465512692705,12__mutated,PertCortex_12_TTATGCTTCTATCCTA,4.860586221136049
19467,0.16591587882344924,12__mutated,PertCortex_12_TTCCCAGAGTGACTCT,2.971121560065314
19468,0.05852039309840209,12__mutated,PertCortex_12_TTCCCAGAGTGGAGTC,4.126387266410689
19469,0.1670579977138921,12__mutated,PertCortex_12_TTCCCAGTCGCTTAGA,2.9470818185703154
19470,0.1334804920561172,12__mutated,PertCortex_12_TTCCCAGTCGGCGCTA,3.9582470377494237
19471,0.06415283194443071,12__mutated,PertCortex_12_TTCGAAGAGCCAACAG,4.570199805713675
19472,0.12302528100133585,12__mutated,PertCortex_12_TTCGAAGGTTACGCGC,4.27220100193282
19473,0.20333778517747833,12__mutated,PertCortex_12_TTCGAAGGTTGTTTGG,4.812136630736745
19474,0.5492479763046059,12__mutated,PertCortex_12_TTCGAAGTCAAACAAG,2.3746065067982696
19475,0.08075785157576813,12__mutated,PertCortex_12_TTCGAAGTCCTTTACA,2.690314546602016
19476,0.21429038498064235,12__mutated,PertCortex_12_TTCGGTCAGGACCACA,2.6319372727297035
19477,0.40747546640544907,12__mutated,PertCortex_12_TTCGGTCAGGCCCTTG,2.102996766189459
19478,0.08640860229468045,12__mutated,PertCortex_12_TTCGGTCCATAGACTC,3.5871457846386634
19479,0.1514107884103946,12__mutated,PertCortex_12_TTCGGTCTCCCTTGTG,4.317517691645546
19480,0.14474444496203262,12__mutated,PertCortex_12_TTCTACAAGCAGCCTC,3.411485931071435
19481,0.08986634746242884,12__mutated,PertCortex_12_TTCTACAAGTCAAGCG,3.962039723190982
19482,0.2140088318212372,12__mutated,PertCortex_12_TTCTACACAAATTGCC,3.559186942609988
19483,0.06827561642213217,12__mutated,PertCortex_12_TTCTACATCCAGGGCT,2.9872134945833926
19484,0.2982751532000547,12__mutated,PertCortex_12_TTCTCAACAGACGCTC,1.940120182839894
19485,0.09831200133088489,12__mutated,PertCortex_12_TTCTCAAGTATAGGTA,4.506446106439726
19486,0.10080554132061131,12__mutated,PertCortex_12_TTCTCAAGTGCGATAG,4.432631473788643
19487,0.5005603369031713,12__mutated,PertCortex_12_TTCTCAATCAAACCAC,2.0253896752692286
19488,0.1153940100386325,12__mutated,PertCortex_12_TTCTCCTAGATGTCGG,4.013027989627395
19489,0.250156204461304,12__mutated,PertCortex_12_TTCTCCTGTGCACGAA,3.5073044823016217
19490,0.04315430630365802,12__mutated,PertCortex_12_TTCTCCTGTTGCTCCT,4.286210445348906
19491,0.0693747897845506,12__mutated,PertCortex_12_TTCTCCTTCCAGAGGA,4.482836598142708
19492,0.19512297717455346,12__mutated,PertCortex_12_TTCTTAGAGCACGCCT,2.9024509078808114
19493,0.09694888532966656,12__mutated,PertCortex_12_TTCTTAGAGCCAACAG,4.491965377412162
19494,0.12331552287227035,12__mutated,PertCortex_12_TTGAACGAGGCAGGTT,4.366597985159532
19495,0.10073160337737838,12__mutated,PertCortex_12_TTGAACGCAGGGATTG,4.54153004475222
19496,0.2038334388003276,12__mutated,PertCortex_12_TTGAACGCATCCGGGT,4.16873530467258
19497,0.2571682954773591,12__mutated,PertCortex_12_TTGAACGGTCCGCTGA,4.488131832685573
19498,0.12993179750889355,12__mutated,PertCortex_12_TTGACTTAGACCACGA,4.121045263067407
19499,0.16911707352581412,12__mutated,PertCortex_12_TTGACTTCAACTGCTA,3.220767519416521
19500,0.21402333882387592,12__mutated,PertCortex_12_TTGACTTCAAGCTGTT,3.2680328911968797
19501,0.0863725148759355,12__mutated,PertCortex_12_TTGACTTCAGCTATTG,4.209239737080286
19502,0.21813737787927673,12__mutated,PertCortex_12_TTGACTTCAGCTGCTG,3.995721288067688
19503,0.372681262642364,12__mutated,PertCortex_12_TTGACTTGTAACGTTC,1.6898555276483285
19504,0.05191851318797552,12__mutated,PertCortex_12_TTGACTTGTGTTCTTT,4.768902834412065
19505,0.2428182073123216,12__mutated,PertCortex_12_TTGACTTTCGGAAATA,3.7167652494717394
19506,0.09909071722340737,12__mutated,PertCortex_12_TTGACTTTCTCAAGTG,3.6099590366101837
19507,0.2115132331751637,12__mutated,PertCortex_12_TTGCCGTAGACACGAC,3.0063796743053572
19508,0.15147447363766772,12__mutated,PertCortex_12_TTGCCGTAGTATCTCG,3.6005708121960853
19509,0.13883707192334718,12__mutated,PertCortex_12_TTGCCGTGTACTTAGC,3.9704512315011566
19510,0.0403584634038389,12__mutated,PertCortex_12_TTGCGTCAGCTAACTC,3.7771374825643496
19511,0.41215543770236207,12__mutated,PertCortex_12_TTGCGTCCATTTGCTT,1.6077477832541167
19512,0.3387459054658051,12__mutated,PertCortex_12_TTGCGTCGTCTAAAGA,1.9596078204355358
19513,0.14573913740863997,12__mutated,PertCortex_12_TTGGAACAGCCTCGTG,4.670118914691405
19514,0.3517310188771761,12__mutated,PertCortex_12_TTGGAACGTAGAGTGC,1.9014341421240917
19515,0.18294380013191802,12__mutated,PertCortex_12_TTGGAACGTGAGCGAT,4.545950370093042
19516,0.18940764666769425,12__mutated,PertCortex_12_TTGGAACGTGCACCAC,4.4736157928245595
19517,0.15364494310115387,12__mutated,PertCortex_12_TTGGAACTCGCATGGC,3.761559281511069
19518,0.2849125603637224,12__mutated,PertCortex_12_TTGGCAAAGCTGGAAC,2.335900115448422
19519,0.15476307769485084,12__mutated,PertCortex_12_TTGGCAAAGTCCCACG,4.276826203237475
19520,0.0958619226733953,12__mutated,PertCortex_12_TTGGCAAGTCACCCAG,3.6060503965182416
19521,0.14164148990678901,12__mutated,PertCortex_12_TTGGCAATCAATCTCT,4.486075190482944
19522,0.6491187786179324,12__mutated,PertCortex_12_TTGGCAATCAGGCGAA,1.8964497801078914
19523,0.44091897736296104,12__mutated,PertCortex_12_TTGGCAATCCTCAACC,2.1577362204323154
19524,0.26104115711159853,12__mutated,PertCortex_12_TTGGCAATCCTTGGTC,2.3856942392377833
19525,0.0905312915273015,12__mutated,PertCortex_12_TTGTAGGAGCGGATCA,3.9628957115087857
19526,0.21206131658132615,12__mutated,PertCortex_12_TTGTAGGAGGGATGGG,3.185816614881013
19527,0.1853657154449322,12__mutated,PertCortex_12_TTGTAGGCAAGACACG,4.357155239236435
19528,0.10436326109586312,12__mutated,PertCortex_12_TTGTAGGCAGTATCTG,4.533793027821571
19529,0.10890317933070785,12__mutated,PertCortex_12_TTGTAGGCATACCATG,3.1721383624978152
19530,0.13999819441126962,12__mutated,PertCortex_12_TTGTAGGGTGCCTGGT,3.3338309586025834
19531,0.05959268663346393,12__mutated,PertCortex_12_TTGTAGGTCGGTTCGG,3.8209073522145256
19532,0.17655625066591618,12__mutated,PertCortex_12_TTTACTGAGTCGTACT,3.1343297862650834
19533,0.11697628038687771,12__mutated,PertCortex_12_TTTACTGCAATGACCT,2.8827407367836786
19534,0.10358096068781511,12__mutated,PertCortex_12_TTTACTGCACGACGAA,4.3433485181231895
19535,0.43892854377297075,12__mutated,PertCortex_12_TTTACTGGTGTGAATA,3.4266833665532306
19536,0.40656761268835334,12__mutated,PertCortex_12_TTTATGCAGTTAGCGG,2.2170814518429074
19537,0.18979559517465347,12__mutated,PertCortex_12_TTTATGCAGTTATCGC,2.8069422488402553
19538,0.19555076433583568,12__mutated,PertCortex_12_TTTATGCCATCCAACA,5.378590675010017
19539,0.1722013342932449,12__mutated,PertCortex_12_TTTATGCGTCTCCATC,3.7350735957279357
19540,0.13472220800194246,12__mutated,PertCortex_12_TTTATGCTCCTAGTGA,4.000162339226934
19541,0.14314214878668563,12__mutated,PertCortex_12_TTTCCTCAGTGGTCCC,3.6954770851504897
19542,0.1982220861279927,12__mutated,PertCortex_12_TTTCCTCTCTGATTCT,2.447723870104536
19543,0.12334225657977711,12__mutated,PertCortex_12_TTTGCGCAGACTTGAA,3.971942501733395
19544,0.12193618277968109,12__mutated,PertCortex_12_TTTGCGCAGCTATGCT,3.5403514422191957
19545,0.13597586959810426,12__mutated,PertCortex_12_TTTGCGCGTTCAGGCC,4.4220836444746
19546,0.11398083195478223,12__mutated,PertCortex_12_TTTGCGCTCTGCAAGT,4.769907926019103
19547,0.5728731767387905,12__mutated,PertCortex_12_TTTGGTTAGCTTATCG,2.7848222990296234
19548,0.22461605379536376,12__mutated,PertCortex_12_TTTGTCAAGCACAGGT,4.784441485187212
19549,0.19292000927458863,12__mutated,PertCortex_12_TTTGTCAAGCAGGCTA,4.051133411345271
19550,0.07741667673539789,12__mutated,PertCortex_12_TTTGTCACAGACAGGT,4.222408651688355
19551,0.1887999378792479,12__mutated,PertCortex_12_TTTGTCAGTTCGCGAC,2.8221013900566203
19552,0.09659509397414986,13__mutated,PertCortex_13_AAACCTGCAAACTGCT,2.997583360249195
19553,0.26172895431866916,13__mutated,PertCortex_13_AAACCTGCACGAAACG,2.8018462397248083
19554,0.5485751481641264,13__mutated,PertCortex_13_AAACCTGCACGTTGGC,1.387964318611604
19555,0.14878881782617775,13__mutated,PertCortex_13_AAACCTGTCACAACGT,3.191838021104608
19556,0.2922001324678334,13__mutated,PertCortex_13_AAACCTGTCCACGTGG,1.9631061833984218
19557,0.07821879792820856,13__mutated,PertCortex_13_AAACCTGTCTCCGGTT,4.906415613976813
19558,0.11776630160765604,13__mutated,PertCortex_13_AAACGGGAGCGTGAAC,4.417550620739162
19559,0.17196606053360844,13__mutated,PertCortex_13_AAACGGGAGTAGGTGC,4.647028241559966
19560,0.17222550308291576,13__mutated,PertCortex_13_AAACGGGCAATCTGCA,4.23271443563548
19561,0.10207311920018647,13__mutated,PertCortex_13_AAACGGGCATATGGTC,3.7302673147563357
19562,0.1948347559811545,13__mutated,PertCortex_13_AAACGGGGTACACCGC,2.372305662212197
19563,0.09022230482080938,13__mutated,PertCortex_13_AAACGGGTCATGCAAC,2.3865498024211074
19564,0.04932724207871255,13__mutated,PertCortex_13_AAACGGGTCGCATGGC,4.548625556517964
19565,0.04775763995488817,13__mutated,PertCortex_13_AAAGATGAGATCACGG,3.3628984250418656
19566,0.10849946448739123,13__mutated,PertCortex_13_AAAGATGGTGACGCCT,3.811205414304056
19567,0.20079520653266683,13__mutated,PertCortex_13_AAAGATGTCCTTCAAT,2.5679071226733323
19568,0.3661753144169287,13__mutated,PertCortex_13_AAAGATGTCCTTTCGG,1.7034773167565458
19569,0.1377616028080135,13__mutated,PertCortex_13_AAAGATGTCGAACGGA,5.138915037418036
19570,0.3820644041349608,13__mutated,PertCortex_13_AAAGATGTCGGAAACG,2.453732480219772
19571,0.12428801694596796,13__mutated,PertCortex_13_AAAGATGTCGTACGGC,4.624797906318213
19572,0.17873966412700434,13__mutated,PertCortex_13_AAAGCAAAGAACTCGG,4.677753162334812
19573,0.11535016276139899,13__mutated,PertCortex_13_AAAGCAAAGACAGACC,2.7690881792249535
19574,0.1703523370650525,13__mutated,PertCortex_13_AAAGCAAAGTAATCCC,4.0289996369462715
19575,0.14365330328320822,13__mutated,PertCortex_13_AAAGCAAAGTGCTGCC,5.102685015453679
19576,0.1346709642216092,13__mutated,PertCortex_13_AAAGCAACACGAGGTA,5.038723641603902
19577,0.6754524404902302,13__mutated,PertCortex_13_AAAGCAACAGTTCATG,2.301066713603256
19578,0.18753228654894089,13__mutated,PertCortex_13_AAAGCAAGTTATCCGA,3.9249866255239714
19579,0.1264303840139192,13__mutated,PertCortex_13_AAAGTAGAGAATGTTG,4.285743398423477
19580,0.231177804752773,13__mutated,PertCortex_13_AAAGTAGAGTACGATA,3.1146027578152506
19581,0.19309261822137946,13__mutated,PertCortex_13_AAAGTAGCAGGACGTA,4.275518215466968
19582,0.6227898873278501,13__mutated,PertCortex_13_AAAGTAGCAGGTGGAT,2.469412368191898
19583,0.06275389229785804,13__mutated,PertCortex_13_AAAGTAGCATCCGTGG,3.5016783409741334
19584,0.19722928878902088,13__mutated,PertCortex_13_AAAGTAGGTAGCGTCC,2.587976827026124
19585,0.13345799739428518,13__mutated,PertCortex_13_AAAGTAGTCCACGTTC,2.8169659777825693
19586,0.12097551409612828,13__mutated,PertCortex_13_AAATGCCAGATAGTCA,3.5201220992720135
19587,0.08281371910584465,13__mutated,PertCortex_13_AAATGCCAGCGAGAAA,4.001209746735398
19588,0.2530174007164978,13__mutated,PertCortex_13_AAATGCCAGCGATAGC,2.727006989641903
19589,0.09867538754683892,13__mutated,PertCortex_13_AAATGCCCAGGCAGTA,4.033131106968712
19590,0.5137806071915697,13__mutated,PertCortex_13_AAATGCCCAGTCCTTC,1.748153176143648
19591,0.20516235521229018,13__mutated,PertCortex_13_AAATGCCGTAAGGGCT,4.143987754495532
19592,0.21637586713613416,13__mutated,PertCortex_13_AAATGCCGTCATATGC,3.448771255124365
19593,0.12722473893400799,13__mutated,PertCortex_13_AAATGCCGTTGAGTTC,4.126678607654296
19594,0.05532897076712822,13__mutated,PertCortex_13_AAATGCCTCATGCAAC,5.037038327682134
19595,0.7272272272707587,13__mutated,PertCortex_13_AAATGCCTCGGCTACG,1.9273720054245904
19596,0.4342557942950126,13__mutated,PertCortex_13_AAATGCCTCTATCGCC,1.9657367905621315
19597,0.09703492391946517,13__mutated,PertCortex_13_AAATGCCTCTGTCAAG,3.0376609693976127
19598,0.2316522368964409,13__mutated,PertCortex_13_AACACGTAGCCCAACC,2.8875292686037475
19599,0.2768293942859423,13__mutated,PertCortex_13_AACACGTCACCCATTC,3.864847885536147
19600,0.137703932829499,13__mutated,PertCortex_13_AACACGTCATGCAACT,4.399778582791954
19601,0.4977553093744306,13__mutated,PertCortex_13_AACACGTGTAGTACCT,1.8062915131514627
19602,0.2225475190834845,13__mutated,PertCortex_13_AACACGTGTGTAATGA,3.7048266310187556
19603,0.058570880272665,13__mutated,PertCortex_13_AACACGTGTGTGACGA,3.689267019150608
19604,0.22586559418372198,13__mutated,PertCortex_13_AACACGTTCCAAGCCG,2.760789102874158
19605,0.16024925817817587,13__mutated,PertCortex_13_AACCATGCAACACCTA,4.058862037346717
19606,0.11224915336993722,13__mutated,PertCortex_13_AACCATGCACAACTGT,4.886804535079567
19607,0.21977105533302949,13__mutated,PertCortex_13_AACCATGCACCATCCT,4.832267041544862
19608,0.3093277021311432,13__mutated,PertCortex_13_AACCATGCAGCTTCGG,2.220613075044856
19609,0.21198733021224847,13__mutated,PertCortex_13_AACCATGGTAGCGTGA,4.539761605589554
19610,0.5080263125760075,13__mutated,PertCortex_13_AACCATGTCACCACCT,3.3505009100197167
19611,0.21532642071518737,13__mutated,PertCortex_13_AACCATGTCATTATCC,4.5377448507287115
19612,0.17019667747668113,13__mutated,PertCortex_13_AACCATGTCTCGTATT,4.6237852147461265
19613,0.17009772199183826,13__mutated,PertCortex_13_AACCGCGAGGCATTGG,4.856032486229468
19614,0.11248668063346488,13__mutated,PertCortex_13_AACCGCGAGTGGTAGC,4.709442987165452
19615,0.1334388790385371,13__mutated,PertCortex_13_AACCGCGCATCCGCGA,4.963931688912246
19616,0.15810385728293483,13__mutated,PertCortex_13_AACCGCGGTGATGATA,3.680591997416732
19617,0.18265718652879928,13__mutated,PertCortex_13_AACCGCGTCATAGCAC,2.5376320511221966
19618,0.12934953685684963,13__mutated,PertCortex_13_AACCGCGTCCAAACTG,4.407915792747778
19619,0.5737890695550528,13__mutated,PertCortex_13_AACGTTGAGGATGGAA,1.5608066142733095
19620,0.08415069366296626,13__mutated,PertCortex_13_AACGTTGCAAGTAGTA,2.1757420137740193
19621,0.14375638204797328,13__mutated,PertCortex_13_AACGTTGCACGACGAA,3.8653083319222317
19622,0.1120699530494458,13__mutated,PertCortex_13_AACGTTGCATCGATGT,4.832546219873163
19623,0.12981708487952986,13__mutated,PertCortex_13_AACGTTGGTACCGTAT,4.50476874283126
19624,0.13479127871751684,13__mutated,PertCortex_13_AACGTTGGTTGGGACA,3.812646565600031
19625,0.13360407623332354,13__mutated,PertCortex_13_AACGTTGTCCCTTGCA,4.755654568026875
19626,0.30689047654413026,13__mutated,PertCortex_13_AACGTTGTCCTTTCGG,1.8130239764526446
19627,0.29479335683859137,13__mutated,PertCortex_13_AACTCAGAGCTGAACG,4.249345471562347
19628,0.10553801172193279,13__mutated,PertCortex_13_AACTCAGAGTGAACAT,3.705042244056779
19629,0.021387290599181395,13__mutated,PertCortex_13_AACTCAGCAATCCGAT,3.775639968113254
19630,0.1547735136508946,13__mutated,PertCortex_13_AACTCAGCACTTCTGC,4.826010468542549
19631,0.3699956802514347,13__mutated,PertCortex_13_AACTCAGCAGATCGGA,3.6194598347291134
19632,0.35966653461560766,13__mutated,PertCortex_13_AACTCAGCAGCAGTTT,3.9388493969688945
19633,0.14159141923198032,13__mutated,PertCortex_13_AACTCAGCAGTACACT,3.925392508974957
19634,0.5350855105886803,13__mutated,PertCortex_13_AACTCAGTCATTTGGG,1.6720767539310837
19635,0.1768620227685847,13__mutated,PertCortex_13_AACTCAGTCTCTAAGG,3.098388150542261
19636,0.15204777914985754,13__mutated,PertCortex_13_AACTCCCAGATAGGAG,3.8855049786671323
19637,0.11267649415769133,13__mutated,PertCortex_13_AACTCCCAGGATGCGT,2.834810135921815
19638,0.2436415882134953,13__mutated,PertCortex_13_AACTCCCAGTAGTGCG,2.355688446505909
19639,0.19865771347346617,13__mutated,PertCortex_13_AACTCCCCACGCCAGT,3.8458689389419276
19640,0.16273937998847848,13__mutated,PertCortex_13_AACTCCCCAGACAAGC,4.25733351044047
19641,0.5902032441045074,13__mutated,PertCortex_13_AACTCCCTCATCTGTT,1.3912274361459422
19642,0.34050112586029685,13__mutated,PertCortex_13_AACTCCCTCCCTCAGT,2.073994757119915
19643,0.20192528028789267,13__mutated,PertCortex_13_AACTCTTCACATTTCT,4.17781075624855
19644,0.16410226937671696,13__mutated,PertCortex_13_AACTCTTCAGCTGTAT,3.350749901961706
19645,0.11816710816070039,13__mutated,PertCortex_13_AACTCTTTCGTACGGC,4.102713670710399
19646,0.21748584458165207,13__mutated,PertCortex_13_AACTCTTTCTTACCGC,4.920365688606785
19647,0.13422966243751358,13__mutated,PertCortex_13_AACTGGTAGAGAACAG,2.4679753132394757
19648,0.12431695388763346,13__mutated,PertCortex_13_AACTGGTAGTAGATGT,2.775603984259846
19649,0.44847618513204246,13__mutated,PertCortex_13_AACTGGTCATCCGCGA,1.780803638967745
19650,0.651995729192746,13__mutated,PertCortex_13_AACTGGTCATTTGCCC,2.2697668547284895
19651,0.23597495865240367,13__mutated,PertCortex_13_AACTGGTGTGGGTCAA,2.062091254434058
19652,0.31567876454155985,13__mutated,PertCortex_13_AACTGGTTCAGATAAG,3.879444754518401
19653,0.14158732444538846,13__mutated,PertCortex_13_AACTGGTTCGCCCTTA,1.919614754272578
19654,0.12605384780443957,13__mutated,PertCortex_13_AACTTTCCAATCTGCA,3.9711792260411514
19655,0.15651182377451894,13__mutated,PertCortex_13_AACTTTCCATGATCCA,4.820607455222248
19656,0.10534108575877021,13__mutated,PertCortex_13_AACTTTCCATTTCACT,4.196342280379358
19657,0.13080429510375396,13__mutated,PertCortex_13_AACTTTCGTTAGATGA,5.4438616644587565
19658,0.12833750548540823,13__mutated,PertCortex_13_AACTTTCGTTGAGGTG,4.244628491063249
19659,0.3090329103587093,13__mutated,PertCortex_13_AACTTTCTCACGAAGG,1.4951661445596267
19660,0.3020316694151017,13__mutated,PertCortex_13_AACTTTCTCTCCAACC,2.41094267132614
19661,0.19892665143238394,13__mutated,PertCortex_13_AAGACCTAGAAGGACA,4.175915365316809
19662,0.22339869565274237,13__mutated,PertCortex_13_AAGACCTAGGCTCAGA,2.608314303452172
19663,0.1254587811814786,13__mutated,PertCortex_13_AAGACCTCACTTCGAA,4.839148335510383
19664,0.20596400989657593,13__mutated,PertCortex_13_AAGACCTCAGACACTT,3.8042397002834103
19665,0.08951667568405514,13__mutated,PertCortex_13_AAGACCTGTTCTCATT,2.9075120526734537
19666,0.23716977540027218,13__mutated,PertCortex_13_AAGACCTTCCGAGCCA,5.069415040586302
19667,0.16384243459831993,13__mutated,PertCortex_13_AAGACCTTCTCGTATT,2.8548519014340163
19668,0.3977080252987935,13__mutated,PertCortex_13_AAGCCGCAGCTCCTCT,2.147031746577366
19669,0.36862633647914866,13__mutated,PertCortex_13_AAGCCGCCACATTCGA,1.7058108057462704
19670,0.3477919840462456,13__mutated,PertCortex_13_AAGCCGCGTCATTAGC,1.9666549268529825
19671,0.32550952369577046,13__mutated,PertCortex_13_AAGCCGCTCTTGTATC,2.041170434147899
19672,0.13558330017836792,13__mutated,PertCortex_13_AAGGAGCAGATGTGGC,4.3879320441494185
19673,0.6159044436227918,13__mutated,PertCortex_13_AAGGAGCAGCTAGTGG,2.5313623750073657
19674,0.1777067979367166,13__mutated,PertCortex_13_AAGGAGCAGGCATGTG,4.058162693721658
19675,0.08178521655596506,13__mutated,PertCortex_13_AAGGAGCAGTGTACTC,3.7337696465584633
19676,0.17809420929606004,13__mutated,PertCortex_13_AAGGAGCCAGCAGTTT,2.0207023689641
19677,0.1245262363446157,13__mutated,PertCortex_13_AAGGAGCCATCATCCC,5.154293986157991
19678,0.32343396566577864,13__mutated,PertCortex_13_AAGGAGCCATGGGACA,1.9023186690011842
19679,0.22452863849808272,13__mutated,PertCortex_13_AAGGAGCGTAGATTAG,2.854825320707856
19680,0.19692690168304575,13__mutated,PertCortex_13_AAGGAGCGTTTCCACC,4.311438987910866
19681,0.7573455981171091,13__mutated,PertCortex_13_AAGGCAGAGACAAAGG,1.4378534414772317
19682,0.37415092498564767,13__mutated,PertCortex_13_AAGGCAGAGGGTGTGT,2.048847144897042
19683,0.13936321961076367,13__mutated,PertCortex_13_AAGGCAGCACACTGCG,4.0923524787832894
19684,0.13651974791047825,13__mutated,PertCortex_13_AAGGCAGCATCCGTGG,4.30347169224896
19685,0.223473503603462,13__mutated,PertCortex_13_AAGGCAGCATCTATGG,4.604569421688438
19686,0.12370791057397124,13__mutated,PertCortex_13_AAGGCAGGTTAGGGTG,3.4167665326573258
19687,0.21372018753016572,13__mutated,PertCortex_13_AAGGCAGGTTGAGTTC,3.9807350447398813
19688,0.03323343066739065,13__mutated,PertCortex_13_AAGGCAGGTTGTACAC,3.416702269418633
19689,0.12664739855872065,13__mutated,PertCortex_13_AAGGCAGTCACTTACT,5.022879566385083
19690,0.13535412673859795,13__mutated,PertCortex_13_AAGGTTCCAACACCCG,2.4640620016894133
19691,0.25994216374156487,13__mutated,PertCortex_13_AAGGTTCCAAGCGATG,2.069495772838993
19692,0.12167716842934823,13__mutated,PertCortex_13_AAGGTTCCACGCTTTC,5.248320318591846
19693,0.18821242216858977,13__mutated,PertCortex_13_AAGGTTCGTTAGAACA,4.356483749317987
19694,0.18676969664534054,13__mutated,PertCortex_13_AAGTCTGAGCGATCCC,4.221359089914004
19695,-0.003198231050282559,13__mutated,PertCortex_13_AAGTCTGAGTGTCCCG,2.3753748644290194
19696,0.6775389302912944,13__mutated,PertCortex_13_AAGTCTGCATATACGC,2.04693857624771
19697,0.14305954419283493,13__mutated,PertCortex_13_AAGTCTGCATCCGGGT,4.519483187759533
19698,0.2055580966776691,13__mutated,PertCortex_13_AAGTCTGCATTTCAGG,4.957172447121846
19699,0.15276235964054252,13__mutated,PertCortex_13_AAGTCTGGTTCCACTC,4.608427255112099
19700,0.22066454108463235,13__mutated,PertCortex_13_AAGTCTGTCGAGGTAG,3.5497509573609825
19701,0.16316876378167758,13__mutated,PertCortex_13_AATCCAGAGACTTGAA,4.955839252819132
19702,0.23425166814356738,13__mutated,PertCortex_13_AATCCAGAGATAGTCA,5.030114142076524
19703,0.07385100614051938,13__mutated,PertCortex_13_AATCCAGCACCACGTG,2.7937579548039873
19704,0.021049569176379224,13__mutated,PertCortex_13_AATCCAGTCAAGATCC,3.35630791132333
19705,0.26010356428889736,13__mutated,PertCortex_13_AATCCAGTCTGCCCTA,1.8981326735590978
19706,0.34903824233422437,13__mutated,PertCortex_13_AATCGGTAGGTTCCTA,2.409752455216716
19707,0.3876284293821849,13__mutated,PertCortex_13_AATCGGTAGTAATCCC,2.3336709364229242
19708,0.1431951553750327,13__mutated,PertCortex_13_AATCGGTGTCGCTTTC,4.300025787048627
19709,0.17818046871054438,13__mutated,PertCortex_13_AATCGGTGTTGGGACA,3.964454202380401
19710,0.2010570679754158,13__mutated,PertCortex_13_ACACCAAAGCTGCGAA,4.327096625221446
19711,0.15679173903278848,13__mutated,PertCortex_13_ACACCAAAGTCCTCCT,2.115403222142477
19712,0.31313030585153073,13__mutated,PertCortex_13_ACACCAAAGTCGAGTG,1.7402590654761878
19713,0.30362173971414036,13__mutated,PertCortex_13_ACACCAAGTGATGCCC,1.5824110167186392
19714,0.7549571212584305,13__mutated,PertCortex_13_ACACCAAGTGGGTATG,1.5101412514730566
19715,0.3661282304664046,13__mutated,PertCortex_13_ACACCAATCCGATATG,2.0377787038902757
19716,0.25456865988685734,13__mutated,PertCortex_13_ACACCCTAGTGCCATT,2.902389328442015
19717,0.18518512450187072,13__mutated,PertCortex_13_ACACCCTCACCAGCAC,4.449582683722343
19718,0.24611179564540683,13__mutated,PertCortex_13_ACACCCTTCTCAACTT,3.0955731269315017
19719,0.09348629205808864,13__mutated,PertCortex_13_ACACCCTTCTTAACCT,3.868184461153019
19720,0.12870354113816096,13__mutated,PertCortex_13_ACACCGGAGGCAGGTT,4.728325937359475
19721,0.19554238183696887,13__mutated,PertCortex_13_ACACCGGCATTAGGCT,3.263510775113552
19722,0.2050637290718752,13__mutated,PertCortex_13_ACACCGGCATTGGCGC,2.2072099226483415
19723,0.18233593116855024,13__mutated,PertCortex_13_ACACCGGGTTGGACCC,4.124470961544905
19724,0.2020405060332869,13__mutated,PertCortex_13_ACACTGAAGAGCAATT,3.8705707693966342
19725,0.13337149331175135,13__mutated,PertCortex_13_ACACTGACACAACTGT,3.4397774769241423
19726,0.4540480403429065,13__mutated,PertCortex_13_ACACTGACAGGAACGT,1.8123871240780114
19727,0.5479485517010284,13__mutated,PertCortex_13_ACACTGAGTAAGCACG,1.4501317279328179
19728,0.250293606756802,13__mutated,PertCortex_13_ACACTGAGTGAAAGAG,1.9062497103534137
19729,0.2503646744077933,13__mutated,PertCortex_13_ACACTGAGTGCGATAG,3.4856259574686748
19730,0.14118098872278745,13__mutated,PertCortex_13_ACACTGATCGGAGGTA,4.642813221453609
19731,0.3073457319677766,13__mutated,PertCortex_13_ACACTGATCTTGTATC,1.499562799285979
19732,0.4996358991827417,13__mutated,PertCortex_13_ACAGCCGAGTCCAGGA,1.5732514022528936
19733,0.2213371201587456,13__mutated,PertCortex_13_ACAGCCGAGTCTCAAC,4.222060853390822
19734,0.16457394769779152,13__mutated,PertCortex_13_ACAGCCGAGTGAACGC,4.279710936744761
19735,0.1631689582921981,13__mutated,PertCortex_13_ACAGCCGCAAGTTGTC,4.940302215160769
19736,0.2989078028875364,13__mutated,PertCortex_13_ACAGCCGGTATAGGTA,2.423989747861922
19737,0.16233703626628068,13__mutated,PertCortex_13_ACAGCCGGTTATCGGT,2.567456041669591
19738,0.12363867269648586,13__mutated,PertCortex_13_ACAGCCGGTTATGTGC,5.15530122144603
19739,0.3238578444707212,13__mutated,PertCortex_13_ACAGCCGGTTGAACTC,2.4402872693218045
19740,0.17630853256013926,13__mutated,PertCortex_13_ACAGCCGTCACTTACT,2.2325011554397247
19741,0.13149355622420142,13__mutated,PertCortex_13_ACAGCCGTCATGTGGT,2.8851180572067494
19742,0.04769571967166725,13__mutated,PertCortex_13_ACAGCTACAAGAGTCG,2.3601836818162263
19743,0.03645624733818349,13__mutated,PertCortex_13_ACAGCTACAGACGTAG,3.9946406049140024
19744,0.143156109468584,13__mutated,PertCortex_13_ACAGCTACATGCAATC,3.4469185010539958
19745,0.31068287565437436,13__mutated,PertCortex_13_ACAGCTAGTCGAATCT,1.9657239561516289
19746,0.10157928058813293,13__mutated,PertCortex_13_ACAGCTAGTGTAATGA,3.947037338263068
19747,0.16973710788445623,13__mutated,PertCortex_13_ACATACGAGATACACA,5.448247909954442
19748,0.12165092010139349,13__mutated,PertCortex_13_ACATACGAGTTCGATC,3.2538178166258076
19749,0.5053702653409441,13__mutated,PertCortex_13_ACATACGGTCCGTTAA,1.8054083181093954
19750,0.15223367814417096,13__mutated,PertCortex_13_ACATACGGTTCTGTTT,3.2995779488023818
19751,0.14946724326193214,13__mutated,PertCortex_13_ACATACGTCCATTCTA,3.9883554539108563
19752,0.11741763577575642,13__mutated,PertCortex_13_ACATACGTCCTTGACC,3.786135295022127
19753,0.3672149474110428,13__mutated,PertCortex_13_ACATCAGAGAATTCCC,2.452664611097633
19754,0.5587543966818433,13__mutated,PertCortex_13_ACATCAGAGAGAGCTC,1.7897571603238562
19755,0.15364738117652024,13__mutated,PertCortex_13_ACATCAGAGTGTGAAT,3.9128630664316426
19756,0.1153747121849455,13__mutated,PertCortex_13_ACATCAGGTCGGCATC,3.278613791781766
19757,0.171650665828556,13__mutated,PertCortex_13_ACATCAGGTCTACCTC,4.816818205678451
19758,0.6210674898297414,13__mutated,PertCortex_13_ACATCAGGTGACCAAG,1.347095245501313
19759,0.28046748824733103,13__mutated,PertCortex_13_ACATCAGTCACGCATA,2.1500506525603704
19760,0.08876786220982973,13__mutated,PertCortex_13_ACATCAGTCCAAACAC,3.5018002876213017
19761,0.1851985642980022,13__mutated,PertCortex_13_ACATGGTAGAGCTATA,1.882573756577572
19762,0.10797989209350778,13__mutated,PertCortex_13_ACATGGTAGCAATATG,4.767826009975377
19763,0.25367974961483647,13__mutated,PertCortex_13_ACATGGTAGGGTTCCC,2.4711613798610657
19764,0.15704635417233712,13__mutated,PertCortex_13_ACATGGTGTATATCCG,4.5986793634615415
19765,0.09030322797759721,13__mutated,PertCortex_13_ACATGGTTCCTGCAGG,5.4059439951891175
19766,0.13330403361609405,13__mutated,PertCortex_13_ACATGGTTCTGCGACG,5.196561733551393
19767,0.10079910211024079,13__mutated,PertCortex_13_ACCAGTATCAACGGGA,4.018816333617868
19768,0.15166565100866788,13__mutated,PertCortex_13_ACCAGTATCCTTAATC,4.268102618463542
19769,0.15621190233743984,13__mutated,PertCortex_13_ACCCACTAGCGTAGTG,3.062591867079779
19770,0.1532308673654458,13__mutated,PertCortex_13_ACCCACTAGCTAAACA,5.41274480868193
19771,0.10028429102687098,13__mutated,PertCortex_13_ACCCACTCACGTCAGC,4.768876829289876
19772,0.49381954683208257,13__mutated,PertCortex_13_ACCCACTCAGTGGGAT,1.850469366944488
19773,0.6305441535628795,13__mutated,PertCortex_13_ACCCACTCATGCATGT,2.5336295836027927
19774,0.20103549660617315,13__mutated,PertCortex_13_ACCCACTTCATGTGGT,5.173128942360591
19775,0.06735045281914512,13__mutated,PertCortex_13_ACCCACTTCCCTGACT,4.2752301310627825
19776,0.18262074184389146,13__mutated,PertCortex_13_ACCGTAAAGCGTGAGT,4.050228545026864
19777,0.2322929316837772,13__mutated,PertCortex_13_ACCGTAACAAACAACA,1.761172811599778
19778,0.12205640795495941,13__mutated,PertCortex_13_ACCGTAACATAAAGGT,4.9725579060992455
19779,0.3684904888386822,13__mutated,PertCortex_13_ACCGTAAGTACAGACG,2.23577562411074
19780,0.4543462724123162,13__mutated,PertCortex_13_ACCGTAAGTAGAAAGG,1.830818741888051
19781,0.05260617238597656,13__mutated,PertCortex_13_ACCGTAAGTCTAAACC,2.1382696124551965
19782,0.17964307583051842,13__mutated,PertCortex_13_ACCGTAAGTGGCCCTA,3.9122481397712865
19783,0.19750991047041008,13__mutated,PertCortex_13_ACCTTTAAGAGACGAA,4.935719444282497
19784,0.12806003132058624,13__mutated,PertCortex_13_ACCTTTAAGGAGCGTT,2.868316706342554
19785,0.15129826074914285,13__mutated,PertCortex_13_ACCTTTAAGGCAAAGA,4.537714809891174
19786,0.18893942753490528,13__mutated,PertCortex_13_ACCTTTAAGTTAACGA,4.866648876947144
19787,0.1250338549284699,13__mutated,PertCortex_13_ACCTTTACAATCCGAT,4.321674344287799
19788,0.1267514352589069,13__mutated,PertCortex_13_ACCTTTAGTAAGGATT,4.418206690841569
19789,0.10916785945071067,13__mutated,PertCortex_13_ACCTTTAGTATCGCAT,3.1858853369541493
19790,0.0796100748326212,13__mutated,PertCortex_13_ACCTTTATCACTTCAT,3.094820641252831
19791,0.10840829930653202,13__mutated,PertCortex_13_ACCTTTATCCGAGCCA,3.706684596978895
19792,0.0604806572569392,13__mutated,PertCortex_13_ACCTTTATCGTGGACC,1.8080850290457364
19793,0.14193714339679026,13__mutated,PertCortex_13_ACGAGCCAGAGGGCTT,4.74895724913558
19794,0.0642038082077771,13__mutated,PertCortex_13_ACGAGCCAGCCAACAG,4.598694281271102
19795,0.09540828345173906,13__mutated,PertCortex_13_ACGAGCCAGGTGCTTT,4.66530343112979
19796,0.10083540602531932,13__mutated,PertCortex_13_ACGAGCCCAATGGACG,4.426084393304947
19797,0.1424664170572871,13__mutated,PertCortex_13_ACGAGCCCAGGATCGA,2.9317623592228976
19798,0.41841970921883637,13__mutated,PertCortex_13_ACGAGGACACGCGAAA,3.991428403654391
19799,0.10579673738654588,13__mutated,PertCortex_13_ACGAGGACATTAGGCT,4.0397521814444355
19800,0.3115806175348188,13__mutated,PertCortex_13_ACGAGGAGTCACTGGC,1.94176760412973
19801,0.2004381577950414,13__mutated,PertCortex_13_ACGAGGATCTCGAGTA,2.2116348406143307
19802,0.14749941676792386,13__mutated,PertCortex_13_ACGATACAGAGACGAA,2.9091133612717166
19803,0.19206828149127528,13__mutated,PertCortex_13_ACGATACAGCTGATAA,3.2915608083439527
19804,0.09768410979764147,13__mutated,PertCortex_13_ACGATACCAATGTAAG,2.8877739432777307
19805,0.3908065830996561,13__mutated,PertCortex_13_ACGATACGTCACTTCC,2.203988739029885
19806,0.24675229026512988,13__mutated,PertCortex_13_ACGATACTCAGCTCTC,4.065759308638781
19807,0.16008298531779203,13__mutated,PertCortex_13_ACGATACTCCTCGCAT,5.016432608092229
19808,-0.008841434331515357,13__mutated,PertCortex_13_ACGATACTCGTGGTCG,2.5108863375395583
19809,0.22332826250459678,13__mutated,PertCortex_13_ACGATGTAGAGTGACC,1.2550147348789746
19810,0.11214537503242794,13__mutated,PertCortex_13_ACGATGTAGATATACG,5.036771326394989
19811,0.08323294820118458,13__mutated,PertCortex_13_ACGATGTAGCGATGAC,3.0045653643180623
19812,0.13610459143064427,13__mutated,PertCortex_13_ACGATGTCATGTAAGA,4.3788084732817225
19813,0.11954220642705542,13__mutated,PertCortex_13_ACGATGTGTAGCGTCC,3.2310874874596776
19814,0.1118059590668689,13__mutated,PertCortex_13_ACGATGTTCAATACCG,4.575714334464817
19815,0.17619643574094507,13__mutated,PertCortex_13_ACGATGTTCGAACGGA,4.737931439267134
19816,0.14594920890384527,13__mutated,PertCortex_13_ACGCAGCAGTCGCCGT,5.223922889656227
19817,0.49037640089924955,13__mutated,PertCortex_13_ACGCAGCCAAGCTGAG,1.52056179380882
19818,0.09457300226790008,13__mutated,PertCortex_13_ACGCAGCCAGTATAAG,3.918498837410235
19819,0.4197039064710742,13__mutated,PertCortex_13_ACGCAGCGTCTAGAGG,3.670198879199283
19820,0.353920727461811,13__mutated,PertCortex_13_ACGCCAGGTCTCTTAT,1.7399539977898189
19821,0.23433306312906046,13__mutated,PertCortex_13_ACGCCAGGTGCGCTTG,3.0046178306996163
19822,0.19294290819671914,13__mutated,PertCortex_13_ACGCCGAAGCAGATCG,5.235350037852152
19823,0.14972767973611065,13__mutated,PertCortex_13_ACGCCGAAGCCGGTAA,4.745226249892183
19824,0.18499143791434566,13__mutated,PertCortex_13_ACGCCGAAGTCTCCTC,4.613208852249394
19825,0.13099340285652586,13__mutated,PertCortex_13_ACGCCGACATCTATGG,4.070451360340616
19826,0.5370864676872241,13__mutated,PertCortex_13_ACGCCGAGTACTCTCC,1.7516177100546628
19827,0.13572822536768672,13__mutated,PertCortex_13_ACGCCGAGTTAAGACA,4.0430743142865495
19828,0.10489764018676642,13__mutated,PertCortex_13_ACGCCGATCGCGCCAA,4.546002381014865
19829,0.1797076002713454,13__mutated,PertCortex_13_ACGGAGAAGGTGATAT,3.5803933436779767
19830,0.18315304573605126,13__mutated,PertCortex_13_ACGGAGAGTAACGACG,4.106684661857978
19831,0.20966172722718177,13__mutated,PertCortex_13_ACGGAGAGTTTGGGCC,3.0525208029184268
19832,0.3852405996663186,13__mutated,PertCortex_13_ACGGAGATCTGGTGTA,2.3967119146519025
19833,0.12737293916560052,13__mutated,PertCortex_13_ACGGCCAAGAGATGAG,2.927789555941389
19834,0.3527298365422773,13__mutated,PertCortex_13_ACGGCCAAGCCGGTAA,3.925592367027876
19835,0.13350998157138647,13__mutated,PertCortex_13_ACGGCCAAGTGACATA,4.828151777913883
19836,0.10188166454125021,13__mutated,PertCortex_13_ACGGCCACAGCAGTTT,5.040553209549096
19837,0.03638434146138198,13__mutated,PertCortex_13_ACGGCCAGTGCTGTAT,2.926776712034551
19838,0.21268679666804635,13__mutated,PertCortex_13_ACGGCCAGTTTGCATG,4.596990959033361
19839,0.3583226127317934,13__mutated,PertCortex_13_ACGGCCATCAAGGTAA,2.00908342145365
19840,0.3747513524860122,13__mutated,PertCortex_13_ACGGCCATCATGCATG,3.2715127195305334
19841,0.1252846956480729,13__mutated,PertCortex_13_ACGGCCATCCTCAACC,3.643863309242839
19842,0.26324341972106374,13__mutated,PertCortex_13_ACGGCCATCTAAGCCA,4.872872147541243
19843,0.133883132080987,13__mutated,PertCortex_13_ACGGGCTAGATGAGAG,3.769390033705148
19844,0.08476723675125428,13__mutated,PertCortex_13_ACGGGCTAGTGGAGAA,3.764183815797418
19845,0.17699221079445024,13__mutated,PertCortex_13_ACGGGCTCATCGATGT,3.4099718282104114
19846,0.05872886090650205,13__mutated,PertCortex_13_ACGGGCTGTGCTCTTC,4.35423231752568
19847,0.07137221198386769,13__mutated,PertCortex_13_ACGGGCTGTTCCACAA,4.237470868771364
19848,0.5836380355965032,13__mutated,PertCortex_13_ACGGGCTTCCTATTCA,1.7139055806552774
19849,0.17548546443564778,13__mutated,PertCortex_13_ACGGGCTTCGGTGTTA,4.332019724980333
19850,0.2902935908767322,13__mutated,PertCortex_13_ACGGGTCCATTGTGCA,2.7470451625953194
19851,0.30342675417520576,13__mutated,PertCortex_13_ACGGGTCGTAGCGTGA,1.9795854063295788
19852,0.11018177353203197,13__mutated,PertCortex_13_ACGGGTCGTTACGCGC,4.8419601128665
19853,0.13303628129675724,13__mutated,PertCortex_13_ACGGGTCTCATTTGGG,4.213082850076267
19854,0.0718501003744703,13__mutated,PertCortex_13_ACGGGTCTCCAGAGGA,4.551753664007685
19855,0.09740720759942566,13__mutated,PertCortex_13_ACGGGTCTCGGCTTGG,4.805519469476429
19856,0.16213066729070383,13__mutated,PertCortex_13_ACGGGTCTCTCAACTT,4.64255913024296
19857,0.20064571921015792,13__mutated,PertCortex_13_ACGTCAAAGAGCTTCT,4.846473507557417
19858,0.06453206013485566,13__mutated,PertCortex_13_ACGTCAAAGATGCGAC,3.697603741795885
19859,0.09717387136691483,13__mutated,PertCortex_13_ACGTCAACAGCCACCA,4.545470383081858
19860,0.05275482482310746,13__mutated,PertCortex_13_ACGTCAAGTCCATCCT,3.978813928921327
19861,0.055348277224569135,13__mutated,PertCortex_13_ACGTCAAGTCCGAAGA,3.47905485525093
19862,0.09964499402044182,13__mutated,PertCortex_13_ACGTCAATCACTTACT,5.003038637960341
19863,0.21639240989952377,13__mutated,PertCortex_13_ACGTCAATCAGAGGTG,3.0247900772266414
19864,0.1930563583933175,13__mutated,PertCortex_13_ACGTCAATCTGTGCAA,4.25603177278656
19865,0.07434461507200817,13__mutated,PertCortex_13_ACTATCTAGGGTCGAT,4.017078668712226
19866,0.4256263015125996,13__mutated,PertCortex_13_ACTATCTCACTGCCAG,3.562457312362001
19867,0.12501513754810678,13__mutated,PertCortex_13_ACTATCTGTCCGAAGA,3.6125366727947283
19868,0.1841213691369957,13__mutated,PertCortex_13_ACTATCTTCAACACAC,2.6777052687776077
19869,0.09878222312118799,13__mutated,PertCortex_13_ACTATCTTCTTGCCGT,3.1292089308533675
19870,0.19209914820067955,13__mutated,PertCortex_13_ACTGAACAGTTAACGA,3.6268012871261224
19871,0.6786631449398484,13__mutated,PertCortex_13_ACTGAACCAACAACCT,1.9077737577375729
19872,0.15229770562199096,13__mutated,PertCortex_13_ACTGAACCAAGGTTCT,3.9870242042192574
19873,0.2164391142423412,13__mutated,PertCortex_13_ACTGAACTCCGAACGC,4.572677009482633
19874,0.09903344483723092,13__mutated,PertCortex_13_ACTGAACTCGCGGATC,2.8195641633457234
19875,0.2554863160960246,13__mutated,PertCortex_13_ACTGAACTCTCCCTGA,3.96392372064488
19876,0.09873789575096453,13__mutated,PertCortex_13_ACTGAACTCTGCGGCA,2.196572585690852
19877,0.11212167648370971,13__mutated,PertCortex_13_ACTGAACTCTTGAGGT,3.1482655720783868
19878,0.12276896022762877,13__mutated,PertCortex_13_ACTGAACTCTTGTATC,4.027875671076266
19879,0.12257629815514062,13__mutated,PertCortex_13_ACTGAGTAGACAAAGG,5.005410143220366
19880,0.2059739007023084,13__mutated,PertCortex_13_ACTGAGTAGATATACG,3.5403415122137205
19881,0.14248298892408978,13__mutated,PertCortex_13_ACTGAGTCAGACGCAA,4.210713526890429
19882,0.33920601367551567,13__mutated,PertCortex_13_ACTGAGTCAGTGGGAT,3.7028988886058856
19883,0.5663426826200626,13__mutated,PertCortex_13_ACTGAGTCATAAAGGT,1.9955261097607198
19884,0.621962075692889,13__mutated,PertCortex_13_ACTGAGTCATCGATTG,1.7499653309879657
19885,0.12639047274966306,13__mutated,PertCortex_13_ACTGAGTCATGTTCCC,2.7239761496766426
19886,0.4606927051833474,13__mutated,PertCortex_13_ACTGAGTTCATGTGGT,2.2199113067246663
19887,0.1732744915262842,13__mutated,PertCortex_13_ACTGAGTTCCACGTGG,3.9587771803324445
19888,0.6739197392232311,13__mutated,PertCortex_13_ACTGAGTTCCATTCTA,2.561593631743276
19889,0.12361316784768674,13__mutated,PertCortex_13_ACTGATGAGCTCCTCT,3.4115179670411173
19890,0.5098696093991986,13__mutated,PertCortex_13_ACTGATGCATACGCCG,3.3405310833632735
19891,0.2170409034833867,13__mutated,PertCortex_13_ACTGATGGTTTGCATG,5.232203011582651
19892,0.08426062631013988,13__mutated,PertCortex_13_ACTGATGTCATTGCCC,3.085869079332129
19893,0.17737784693167724,13__mutated,PertCortex_13_ACTGATGTCCCGGATG,3.863730766615144
19894,0.23124007505162095,13__mutated,PertCortex_13_ACTGCTCAGAGACGAA,3.8432380168543556
19895,0.049955575093669394,13__mutated,PertCortex_13_ACTGCTCAGCTAAACA,3.3579467771343827
19896,0.1102632914050805,13__mutated,PertCortex_13_ACTGCTCAGGCTCATT,4.331185947972194
19897,0.06566791221537632,13__mutated,PertCortex_13_ACTGCTCAGTGTCTCA,1.6908982318221164
19898,0.21348144794347662,13__mutated,PertCortex_13_ACTGCTCCAGGGAGAG,3.337463274092277
19899,0.5338974498228916,13__mutated,PertCortex_13_ACTGCTCGTACCTACA,2.040264290711464
19900,0.12464937909657114,13__mutated,PertCortex_13_ACTGCTCGTCCGACGT,5.2117113499288665
19901,0.16005799741590726,13__mutated,PertCortex_13_ACTGCTCGTTACGACT,5.827343290460637
19902,0.11026225518449227,13__mutated,PertCortex_13_ACTGCTCGTTCCAACA,3.93135697789775
19903,0.08166248772303426,13__mutated,PertCortex_13_ACTGCTCTCGACAGCC,4.8582969882288545
19904,0.11481293449876062,13__mutated,PertCortex_13_ACTGCTCTCTTAGAGC,4.525749380065621
19905,0.1152437708967906,13__mutated,PertCortex_13_ACTGTCCAGATCGGGT,4.838361345369089
19906,0.23540387670641003,13__mutated,PertCortex_13_ACTGTCCCAAGTTCTG,3.0787772921680174
19907,0.21883708952953182,13__mutated,PertCortex_13_ACTGTCCCACCAACCG,2.9965202471768535
19908,0.15817874737259055,13__mutated,PertCortex_13_ACTGTCCCAGCTTCGG,3.832104037494155
19909,0.1361972980557489,13__mutated,PertCortex_13_ACTGTCCGTACAGCAG,3.603985919941294
19910,0.08861476980006888,13__mutated,PertCortex_13_ACTGTCCGTACTTCTT,2.0637676168388244
19911,0.17709781951157014,13__mutated,PertCortex_13_ACTGTCCGTCAACTGT,3.3488254426442765
19912,0.1894065622903692,13__mutated,PertCortex_13_ACTGTCCTCTCCCTGA,4.1592992546826535
19913,0.18008608194188686,13__mutated,PertCortex_13_ACTTACTAGAGAACAG,4.771497354474519
19914,0.06800468813995733,13__mutated,PertCortex_13_ACTTACTAGTAGTGCG,3.8069711884028914
19915,0.17823096039275046,13__mutated,PertCortex_13_ACTTACTGTACCAGTT,4.579797407142453
19916,0.1938869829993032,13__mutated,PertCortex_13_ACTTACTGTTTGTTGG,5.526167553075821
19917,0.08393409015845042,13__mutated,PertCortex_13_ACTTACTTCATCTGTT,2.812896131010325
19918,0.20236436836785213,13__mutated,PertCortex_13_ACTTACTTCCTATGTT,4.980816997996087
19919,0.040241913472250375,13__mutated,PertCortex_13_ACTTGTTAGAAGGCCT,3.3313538377005547
19920,0.4348045389331142,13__mutated,PertCortex_13_ACTTGTTAGACAGAGA,2.2486702402180128
19921,0.22325394859286787,13__mutated,PertCortex_13_ACTTGTTCATAGACTC,3.686451733512009
19922,0.09431116208885684,13__mutated,PertCortex_13_ACTTGTTCATTGGGCC,5.487732732732564
19923,0.14011230700509134,13__mutated,PertCortex_13_ACTTGTTGTGTGCCTG,4.676339317915878
19924,0.11186473550202372,13__mutated,PertCortex_13_ACTTGTTTCAGGCAAG,5.021702289776332
19925,0.114650916996052,13__mutated,PertCortex_13_ACTTGTTTCCCTAACC,2.0770183041388837
19926,0.15660577898534983,13__mutated,PertCortex_13_ACTTTCAAGATGCCAG,4.8245681774349745
19927,0.06939165705650192,13__mutated,PertCortex_13_ACTTTCAAGATGGCGT,3.480557137309689
19928,0.08229364060718816,13__mutated,PertCortex_13_ACTTTCAAGCTAACTC,4.5142670904723845
19929,0.12430688016182803,13__mutated,PertCortex_13_ACTTTCACAAGAGGCT,4.628128121465909
19930,0.1604861357403852,13__mutated,PertCortex_13_ACTTTCACAAGCCATT,4.8435116954606166
19931,0.08738941180923149,13__mutated,PertCortex_13_ACTTTCACAGGGTATG,5.483516666979193
19932,0.13690474251588775,13__mutated,PertCortex_13_ACTTTCACATACAGCT,3.8299856999681254
19933,0.1361522369647292,13__mutated,PertCortex_13_ACTTTCACATCACGTA,3.345762930045541
19934,0.16572475598647085,13__mutated,PertCortex_13_AGAATAGAGGGAAACA,4.731483725396014
19935,0.10825966219784125,13__mutated,PertCortex_13_AGAATAGAGTGATCGG,4.96147468352769
19936,0.1896835432150893,13__mutated,PertCortex_13_AGAATAGCATGCCTTC,4.077885170704033
19937,0.19315851194636932,13__mutated,PertCortex_13_AGAATAGGTAGCTAAA,4.948092438652891
19938,0.2377257192251882,13__mutated,PertCortex_13_AGAATAGGTCCCTTGT,5.305733414054595
19939,0.06824930573203963,13__mutated,PertCortex_13_AGAATAGGTTGCTCCT,3.348910136390954
19940,0.10942207591580837,13__mutated,PertCortex_13_AGAATAGTCAGGTTCA,3.976848554556465
19941,0.21413047267328392,13__mutated,PertCortex_13_AGAATAGTCTCCTATA,3.7282051440443493
19942,0.1546161279945838,13__mutated,PertCortex_13_AGACGTTAGACCCACC,5.322763815730422
19943,0.06183252480718953,13__mutated,PertCortex_13_AGACGTTAGAGCAATT,4.191052464782113
19944,0.17024965087340968,13__mutated,PertCortex_13_AGACGTTAGGCGTACA,3.977051925626827
19945,0.09421983919834633,13__mutated,PertCortex_13_AGACGTTCATCCGGGT,3.227366096400844
19946,0.24822867952204436,13__mutated,PertCortex_13_AGACGTTGTATAAACG,4.4309962420561915
19947,0.13438296369346425,13__mutated,PertCortex_13_AGACGTTGTCTAGAGG,3.1505628410151467
19948,0.09835716206667196,13__mutated,PertCortex_13_AGACGTTGTTACGACT,3.052521783947115
19949,0.2167732596968757,13__mutated,PertCortex_13_AGAGCGAAGAGCCTAG,5.250355782937882
19950,0.06595033087140316,13__mutated,PertCortex_13_AGAGCGAAGCCGTCGT,4.819064755552561
19951,0.22101039625336527,13__mutated,PertCortex_13_AGAGCGAAGCTGTCTA,1.8553139137363468
19952,0.15726268817287703,13__mutated,PertCortex_13_AGAGCGAAGTAAGTAC,4.970496495873853
19953,0.1510681871856078,13__mutated,PertCortex_13_AGAGCGACACAGTCGC,3.2000263854457174
19954,0.22917590241048597,13__mutated,PertCortex_13_AGAGCGACACTTACGA,3.922271075326982
19955,0.07521793521934488,13__mutated,PertCortex_13_AGAGCGAGTGCGATAG,3.9172880914486794
19956,0.25603473037329216,13__mutated,PertCortex_13_AGAGCGAGTTATCCGA,4.745953605669652
19957,0.5732583303838361,13__mutated,PertCortex_13_AGAGCGAGTTGTCTTT,1.9315225135367131
19958,0.18624120268821326,13__mutated,PertCortex_13_AGAGCGATCAAGAAGT,3.359395225196751
19959,0.18276584228075463,13__mutated,PertCortex_13_AGAGCGATCCAGTAGT,3.614971517806307
19960,0.2111013712101321,13__mutated,PertCortex_13_AGAGCGATCGCATGAT,2.3429838359346715
19961,0.08553941510329394,13__mutated,PertCortex_13_AGAGCGATCGTCTGAA,4.300757390963655
19962,0.45420330029495454,13__mutated,PertCortex_13_AGAGCTTAGCTGATAA,2.4002891919701446
19963,0.06769044773294491,13__mutated,PertCortex_13_AGAGCTTCAGGACCCT,3.253657954497187
19964,0.13544678000889057,13__mutated,PertCortex_13_AGAGCTTCATCCGTGG,2.9719583424831217
19965,0.2817003777504596,13__mutated,PertCortex_13_AGAGCTTCATGTCGAT,2.7229219423905944
19966,0.2509876842677374,13__mutated,PertCortex_13_AGAGCTTGTACCGCTG,3.4817396191746703
19967,0.13352584155214223,13__mutated,PertCortex_13_AGAGCTTGTATGAAAC,4.543771550146335
19968,0.23211594005246458,13__mutated,PertCortex_13_AGAGCTTTCACCATAG,3.466705961396972
19969,0.16059966765382344,13__mutated,PertCortex_13_AGAGCTTTCGGCTACG,3.4422933002759266
19970,0.05536433632380065,13__mutated,PertCortex_13_AGAGCTTTCTTGTTTG,3.5344279738971847
19971,0.20436743839011104,13__mutated,PertCortex_13_AGAGTGGAGACGCAAC,3.859982825105484
19972,0.19331673166527413,13__mutated,PertCortex_13_AGAGTGGAGGACAGAA,4.669847387397909
19973,0.15352364535799115,13__mutated,PertCortex_13_AGAGTGGAGTTCGCAT,4.416867834490282
19974,0.12282517492889279,13__mutated,PertCortex_13_AGAGTGGCACATTCGA,3.387125685538492
19975,0.07961367602802502,13__mutated,PertCortex_13_AGAGTGGCAGGACCCT,4.019665957481307
19976,0.10663535871184185,13__mutated,PertCortex_13_AGAGTGGTCATGGTCA,5.157099504997417
19977,0.22264467622755563,13__mutated,PertCortex_13_AGATCTGAGCGTTCCG,4.594199357964724
19978,0.15969249124635188,13__mutated,PertCortex_13_AGATCTGCACATAACC,4.446766279850984
19979,0.20321832258911615,13__mutated,PertCortex_13_AGATCTGCAGTAAGAT,4.06404547908196
19980,0.25497172993616785,13__mutated,PertCortex_13_AGATCTGGTGAAAGAG,5.066132651191165
19981,0.10344703090775507,13__mutated,PertCortex_13_AGATCTGTCAGCTTAG,4.503629033300326
19982,0.17922902088004736,13__mutated,PertCortex_13_AGATCTGTCCTACAGA,3.9849563892781195
19983,0.27916391299999027,13__mutated,PertCortex_13_AGATTGCAGAGTCTGG,2.786034101018933
19984,0.1263762704685895,13__mutated,PertCortex_13_AGATTGCAGTGTACGG,3.894448847611485
19985,0.1539572062521275,13__mutated,PertCortex_13_AGATTGCGTCCCTTGT,4.136502698645674
19986,0.12533006903693675,13__mutated,PertCortex_13_AGATTGCGTTCCATGA,3.053175202602141
19987,0.0731216626800287,13__mutated,PertCortex_13_AGATTGCGTTCTGGTA,4.670030025896185
19988,0.1222698575009949,13__mutated,PertCortex_13_AGATTGCTCAGTTAGC,4.595410305422952
19989,0.20542320871024541,13__mutated,PertCortex_13_AGATTGCTCGGACAAG,3.6644485708650367
19990,0.11401165520242788,13__mutated,PertCortex_13_AGCAGCCAGAATGTGT,2.954909651474478
19991,0.07794288226932837,13__mutated,PertCortex_13_AGCAGCCAGGGTCGAT,3.782849725793528
19992,0.15688366285053115,13__mutated,PertCortex_13_AGCAGCCAGTACGATA,3.3457371712308928
19993,0.37898229200046385,13__mutated,PertCortex_13_AGCAGCCCATCCCATC,3.7102333666980085
19994,0.20043298817648902,13__mutated,PertCortex_13_AGCAGCCGTACCTACA,5.484852554910004
19995,0.1733832372539739,13__mutated,PertCortex_13_AGCAGCCGTCCTAGCG,5.114049039952453
19996,0.17120700382066328,13__mutated,PertCortex_13_AGCAGCCTCAGAAATG,5.641797653462041
19997,0.07799565180341474,13__mutated,PertCortex_13_AGCAGCCTCCTCATTA,4.223412240651305
19998,0.10576020428382174,13__mutated,PertCortex_13_AGCATACAGATATGGT,5.650838136845667
19999,0.19939292575589404,13__mutated,PertCortex_13_AGCATACAGGGAGTAA,4.808801384696228
20000,0.11584995998627627,13__mutated,PertCortex_13_AGCATACCAGGCTGAA,4.5098082380554265
20001,0.08717393886051066,13__mutated,PertCortex_13_AGCATACCATGACATC,2.927037436901824
20002,0.14483516507695382,13__mutated,PertCortex_13_AGCATACCATTTCACT,4.947420998993837
20003,0.08241612333722118,13__mutated,PertCortex_13_AGCATACGTCGAAAGC,2.6853401674530937
20004,0.1533735972676103,13__mutated,PertCortex_13_AGCATACGTGTCTGAT,4.4988714395962255
20005,0.12180082676789257,13__mutated,PertCortex_13_AGCATACGTTACCAGT,5.786126188626766
20006,0.18722560932063287,13__mutated,PertCortex_13_AGCATACTCCCAGGTG,4.905833181502972
20007,0.18703680707622009,13__mutated,PertCortex_13_AGCATACTCTAGAGTC,5.077274481266172
20008,0.1149072657204924,13__mutated,PertCortex_13_AGCCTAACAGACGTAG,4.976787415178616
20009,0.22823066422048216,13__mutated,PertCortex_13_AGCCTAACAGTGGAGT,3.0716890063379285
20010,0.27731158873444695,13__mutated,PertCortex_13_AGCCTAACATGCCTTC,2.0859597650419026
20011,0.35536583410964356,13__mutated,PertCortex_13_AGCCTAAGTCATACTG,2.0066097284611333
20012,0.13110244615137867,13__mutated,PertCortex_13_AGCCTAAGTCTTCGTC,3.5567659741661863
20013,0.15830932188649685,13__mutated,PertCortex_13_AGCCTAATCATGGTCA,5.048187294250783
20014,0.07304267317475988,13__mutated,PertCortex_13_AGCCTAATCCAACCAA,4.162446539446926
20015,0.16489165481219434,13__mutated,PertCortex_13_AGCGGTCAGACAGGCT,3.0329205618807955
20016,0.11887566754874843,13__mutated,PertCortex_13_AGCGGTCAGACTCGGA,4.684986996819793
20017,0.05443035673954867,13__mutated,PertCortex_13_AGCGGTCCATAGAAAC,2.425741424973886
20018,0.4130681079543038,13__mutated,PertCortex_13_AGCGGTCGTAAGTGGC,2.362547633420233
20019,0.21260512013831112,13__mutated,PertCortex_13_AGCGGTCGTATAGTAG,4.1268405077930295
20020,0.10852336486321708,13__mutated,PertCortex_13_AGCGGTCGTATTCGTG,3.2904578146942347
20021,0.10621601664134749,13__mutated,PertCortex_13_AGCGGTCGTCCAGTAT,3.1904239427067034
20022,0.08892603679478203,13__mutated,PertCortex_13_AGCGGTCGTTACTGAC,4.055406415239817
20023,0.0659440693685763,13__mutated,PertCortex_13_AGCGGTCTCAGGCGAA,4.077262285201278
20024,0.07279249404718229,13__mutated,PertCortex_13_AGCGGTCTCAGTGTTG,3.6694446486211736
20025,0.11731942318396918,13__mutated,PertCortex_13_AGCGGTCTCCTTGCCA,3.9323494445269436
20026,0.15373176151444787,13__mutated,PertCortex_13_AGCGGTCTCGACAGCC,3.9195624193099765
20027,0.11658053018493432,13__mutated,PertCortex_13_AGCGGTCTCTGCTTGC,3.844904384106097
20028,0.055494773888669365,13__mutated,PertCortex_13_AGCGTATCAACTGCTA,3.064082343261365
20029,0.11141023532855363,13__mutated,PertCortex_13_AGCGTATCAATACGCT,3.4006167061367654
20030,0.10472789098440921,13__mutated,PertCortex_13_AGCGTATCACGAAGCA,4.9247033892902
20031,0.08657530839578893,13__mutated,PertCortex_13_AGCGTATCACGTTGGC,3.9160209086973246
20032,0.3217473703849994,13__mutated,PertCortex_13_AGCGTATCATCTACGA,2.4246751402769164
20033,0.10598881224928111,13__mutated,PertCortex_13_AGCGTATGTTCACGGC,3.319399891380096
20034,0.038316483214015276,13__mutated,PertCortex_13_AGCGTATTCGCGTTTC,3.4599852228361567
20035,0.1618033852267316,13__mutated,PertCortex_13_AGCGTCGAGTTGTAGA,4.13670681327756
20036,0.18660952384896187,13__mutated,PertCortex_13_AGCGTCGGTTCAGGCC,5.2884923540151725
20037,0.17227521510883467,13__mutated,PertCortex_13_AGCGTCGTCCGTAGTA,4.537478297011352
20038,0.24799022843378288,13__mutated,PertCortex_13_AGCGTCGTCGGCTACG,1.243865904708073
20039,0.14562662913648913,13__mutated,PertCortex_13_AGCTCCTAGAGACTTA,5.051699022530707
20040,0.16130965745848108,13__mutated,PertCortex_13_AGCTCCTAGATCCGAG,4.745447612909895
20041,0.19942179767371102,13__mutated,PertCortex_13_AGCTCCTAGATGTCGG,4.680154975426824
20042,0.15903207471053898,13__mutated,PertCortex_13_AGCTCCTAGCAGGCTA,4.657576311789377
20043,0.05199479979460293,13__mutated,PertCortex_13_AGCTCCTAGGTGCACA,4.934536419060563
20044,0.1828947598559166,13__mutated,PertCortex_13_AGCTCCTAGTAAGTAC,3.8860198621741184
20045,0.20561660743178656,13__mutated,PertCortex_13_AGCTCCTGTGTTGGGA,4.5600017921688085
20046,0.2680363978690345,13__mutated,PertCortex_13_AGCTCCTGTTTAAGCC,4.20875735768218
20047,0.13409492899635558,13__mutated,PertCortex_13_AGCTCCTTCATCGGAT,3.118452098533385
20048,0.17572195607142638,13__mutated,PertCortex_13_AGCTCCTTCCTGCAGG,4.2121979876189615
20049,0.030184066950711852,13__mutated,PertCortex_13_AGCTCCTTCTGGCGTG,4.6360112131337905
20050,0.08856445644238715,13__mutated,PertCortex_13_AGCTCTCAGTGCGATG,4.181265184642714
20051,0.11694352972901889,13__mutated,PertCortex_13_AGCTCTCCAATCTGCA,4.794387701692941
20052,0.08221827545916807,13__mutated,PertCortex_13_AGCTCTCCACTCTGTC,3.0431285956233625
20053,0.18216278198593766,13__mutated,PertCortex_13_AGCTCTCCATTGGCGC,4.6785327382218895
20054,0.154597189516603,13__mutated,PertCortex_13_AGCTCTCTCGAACTGT,3.9581887829288744
20055,0.11173399685739044,13__mutated,PertCortex_13_AGCTCTCTCTACGAGT,3.7766975584770743
20056,0.12421081297394442,13__mutated,PertCortex_13_AGCTTGAAGACAATAC,4.878385705774938
20057,0.22315513350371016,13__mutated,PertCortex_13_AGCTTGAAGAGCTTCT,3.693803574126462
20058,0.16450002485487908,13__mutated,PertCortex_13_AGCTTGACATGTAGTC,3.7055564215989114
20059,0.14132369110137383,13__mutated,PertCortex_13_AGCTTGATCCTAAGTG,4.775559711527465
20060,0.09988470056358477,13__mutated,PertCortex_13_AGCTTGATCGAACTGT,5.146245064650791
20061,0.04434980752515792,13__mutated,PertCortex_13_AGCTTGATCTCTAGGA,4.340930723252562
20062,0.11519916090856949,13__mutated,PertCortex_13_AGGCCACAGGCACATG,4.877768441161231
20063,0.10487655127130247,13__mutated,PertCortex_13_AGGCCACAGTGCGTGA,3.4336862623569746
20064,0.20084735263433942,13__mutated,PertCortex_13_AGGCCACAGTTCGATC,3.3792584193310247
20065,0.14470301345068837,13__mutated,PertCortex_13_AGGCCACCACATAACC,5.191542859646754
20066,0.04017350897632866,13__mutated,PertCortex_13_AGGCCACCACATGTGT,4.326899715369237
20067,0.15545178911273,13__mutated,PertCortex_13_AGGCCACCACTGTTAG,3.707209775107069
20068,0.19027033370073085,13__mutated,PertCortex_13_AGGCCGTAGGTAAACT,5.004041604835738
20069,0.03099101392291116,13__mutated,PertCortex_13_AGGCCGTCAAGAGGCT,2.6105974992268894
20070,0.1473252887905042,13__mutated,PertCortex_13_AGGCCGTCAATTCCTT,4.586254391048779
20071,0.2103325369506968,13__mutated,PertCortex_13_AGGCCGTCACAGGTTT,4.187247081589552
20072,0.12490358566294563,13__mutated,PertCortex_13_AGGCCGTTCAACGAAA,4.913482897081901
20073,0.4239862484171752,13__mutated,PertCortex_13_AGGCCGTTCATTTGGG,3.9818839526299312
20074,0.15880266742583565,13__mutated,PertCortex_13_AGGCCGTTCTTGCAAG,4.694858155922744
20075,0.17909532391064278,13__mutated,PertCortex_13_AGGGAGTAGTTAAGTG,4.954218868314874
20076,0.16623507270264834,13__mutated,PertCortex_13_AGGGAGTCAGACGCAA,4.938485488673339
20077,0.11949261396370292,13__mutated,PertCortex_13_AGGGAGTCAGGACGTA,4.02891152559788
20078,0.08640356307362852,13__mutated,PertCortex_13_AGGGAGTCATTTGCCC,4.378409672998692
20079,0.1533891816344117,13__mutated,PertCortex_13_AGGGAGTGTTCGTCTC,2.953545228380459
20080,0.23694253672151458,13__mutated,PertCortex_13_AGGGAGTTCAGGTTCA,3.5622490919376117
20081,0.14187756481529637,13__mutated,PertCortex_13_AGGGAGTTCGTTACAG,4.352828040194525
20082,0.07192373162334939,13__mutated,PertCortex_13_AGGGATGAGTCTCCTC,3.6156106074256757
20083,0.14798577406774152,13__mutated,PertCortex_13_AGGGATGCAAGTAGTA,4.4674346883784075
20084,0.19365282235115802,13__mutated,PertCortex_13_AGGGATGCAGGTCTCG,5.251164978942105
20085,0.3984456704788283,13__mutated,PertCortex_13_AGGGATGGTCAAAGAT,2.1684578623221946
20086,0.2235814209485752,13__mutated,PertCortex_13_AGGGATGTCAGCGACC,3.6417377556558077
20087,0.3788190405417046,13__mutated,PertCortex_13_AGGGATGTCATTCACT,3.0096064703591847
20088,0.21817602991142537,13__mutated,PertCortex_13_AGGGATGTCCGCGCAA,4.794294859779207
20089,0.19705632952337357,13__mutated,PertCortex_13_AGGGATGTCTTGCATT,4.499282358118783
20090,0.31071575346061103,13__mutated,PertCortex_13_AGGGTGAAGAATGTTG,3.737024917186055
20091,0.11450444789388048,13__mutated,PertCortex_13_AGGGTGAAGTTACCCA,4.663995136326689
20092,0.09034847465633687,13__mutated,PertCortex_13_AGGGTGACAATTGCTG,3.4291572673029873
20093,0.5142960422940634,13__mutated,PertCortex_13_AGGGTGAGTTGGACCC,1.959276225692521
20094,0.1918454853212966,13__mutated,PertCortex_13_AGGGTGATCCAAACTG,4.523350210566772
20095,0.07493206854324193,13__mutated,PertCortex_13_AGGGTGATCCAATGGT,3.855294729586768
20096,0.08581982002581633,13__mutated,PertCortex_13_AGGGTGATCCTAAGTG,2.775474569948249
20097,0.3297418190618683,13__mutated,PertCortex_13_AGGTCATAGCTACCTA,1.994105142931284
20098,0.09135927193083485,13__mutated,PertCortex_13_AGGTCATAGGACACCA,4.344305745240693
20099,0.18378128303343758,13__mutated,PertCortex_13_AGGTCATAGGTAGCTG,4.952839184543826
20100,0.2519852694388,13__mutated,PertCortex_13_AGGTCATAGTACCGGA,5.540934078565788
20101,0.10497898143241613,13__mutated,PertCortex_13_AGGTCATCAACTGGCC,4.051514300207234
20102,0.1218581280787765,13__mutated,PertCortex_13_AGGTCATGTAGCCTAT,5.2269492105227435
20103,0.16929520245435023,13__mutated,PertCortex_13_AGGTCATGTATGAAAC,3.7157698322637733
20104,0.2336061763814178,13__mutated,PertCortex_13_AGGTCATGTCAGATAA,3.4346154038089205
20105,0.1834757962403407,13__mutated,PertCortex_13_AGGTCATGTGACGCCT,5.016094171169723
20106,0.5922825805100237,13__mutated,PertCortex_13_AGGTCATGTGCACTTA,2.060480934018413
20107,0.15548918371698167,13__mutated,PertCortex_13_AGGTCATTCAGCTGGC,4.8535042525731145
20108,0.018652241902002396,13__mutated,PertCortex_13_AGGTCATTCTGGTATG,4.287542906603804
20109,0.20733994543469364,13__mutated,PertCortex_13_AGGTCCGAGAGGGATA,4.280016446386975
20110,0.10800857006120737,13__mutated,PertCortex_13_AGGTCCGAGAGTTGGC,3.7041683881983447
20111,0.12389297374469899,13__mutated,PertCortex_13_AGGTCCGAGCGTCAAG,3.6298527889079395
20112,0.15699258287090218,13__mutated,PertCortex_13_AGGTCCGCAGGACGTA,3.8686164316361182
20113,0.20332047057516214,13__mutated,PertCortex_13_AGGTCCGCAGGTTTCA,3.6341243383234696
20114,0.28987522400327626,13__mutated,PertCortex_13_AGGTCCGCATGTCTCC,1.7101779678738374
20115,0.07222773872410242,13__mutated,PertCortex_13_AGGTCCGCATGTTGAC,3.4696585121596426
20116,0.15526449352144958,13__mutated,PertCortex_13_AGGTCCGGTCAAGCGA,3.4979616968055818
20117,0.49286427754289125,13__mutated,PertCortex_13_AGGTCCGGTCTCTTAT,1.8492605834876417
20118,0.10868924594195023,13__mutated,PertCortex_13_AGGTCCGGTGGTCCGT,5.545729749896772
20119,0.17819427325043766,13__mutated,PertCortex_13_AGGTCCGGTTTCGCTC,3.4651966514958015
20120,0.17072058916857963,13__mutated,PertCortex_13_AGGTCCGTCCCTGACT,3.2841252274782686
20121,0.22070422801176656,13__mutated,PertCortex_13_AGTAGTCAGACTAAGT,5.295157786069974
20122,0.41607051699522285,13__mutated,PertCortex_13_AGTAGTCAGTAGGCCA,1.9904461837693055
20123,0.04835746301402076,13__mutated,PertCortex_13_AGTAGTCAGTCCTCCT,3.3303196703310194
20124,0.20720771495770804,13__mutated,PertCortex_13_AGTAGTCGTTATGCGT,4.877894115797643
20125,0.130931762880771,13__mutated,PertCortex_13_AGTAGTCTCATCGGAT,4.396645380377757
20126,0.1196031504916141,13__mutated,PertCortex_13_AGTAGTCTCTATGTGG,4.303590683947351
20127,0.07515730234914776,13__mutated,PertCortex_13_AGTCTTTAGGAGTTTA,3.641958342171824
20128,0.12227760235127759,13__mutated,PertCortex_13_AGTCTTTAGGCTATCT,3.9232300109669085
20129,0.1400125323662977,13__mutated,PertCortex_13_AGTCTTTCAAGTAATG,3.1749232915167234
20130,0.10771429174567,13__mutated,PertCortex_13_AGTCTTTCACCAGTTA,4.706957023886331
20131,0.11113618081644788,13__mutated,PertCortex_13_AGTCTTTCACTGAAGG,4.21419598935168
20132,0.09157564884155318,13__mutated,PertCortex_13_AGTCTTTCAGCCAATT,5.544745107210254
20133,0.1494854967474256,13__mutated,PertCortex_13_AGTCTTTGTCGCGGTT,4.092980360645095
20134,0.11155230631099754,13__mutated,PertCortex_13_AGTCTTTGTTAAAGTG,4.7700907735219715
20135,0.16749327555093865,13__mutated,PertCortex_13_AGTCTTTGTTTCCACC,4.9102038019164995
20136,0.09732002697867201,13__mutated,PertCortex_13_AGTCTTTTCAATACCG,4.010262332743375
20137,0.33245399634346307,13__mutated,PertCortex_13_AGTCTTTTCGCTTGTC,2.168092514854392
20138,0.13458984915375227,13__mutated,PertCortex_13_AGTCTTTTCGGAATCT,5.250717263500161
20139,0.05412877864462558,13__mutated,PertCortex_13_AGTGAGGAGGATGCGT,4.304740092902496
20140,0.1811955896655486,13__mutated,PertCortex_13_AGTGAGGAGTTTGCGT,3.2073252333928424
20141,0.03848378352790532,13__mutated,PertCortex_13_AGTGAGGCAAATACAG,3.644244050207887
20142,0.0950213309829278,13__mutated,PertCortex_13_AGTGAGGCAACTGCTA,4.268045455638999
20143,0.21890342984159644,13__mutated,PertCortex_13_AGTGAGGCACAGAGGT,3.408417588796658
20144,0.2058243958483858,13__mutated,PertCortex_13_AGTGAGGGTGTCCTCT,4.973639318378418
20145,0.09751151977039077,13__mutated,PertCortex_13_AGTGAGGTCCCAAGTA,3.2514023591069683
20146,0.0677122924415259,13__mutated,PertCortex_13_AGTGAGGTCTAACTCT,4.515578379420516
20147,0.16394972213322076,13__mutated,PertCortex_13_AGTGAGGTCTGGCGAC,4.04914876348468
20148,0.1514381615231644,13__mutated,PertCortex_13_AGTGGGAAGCTAGTGG,3.0679858158618964
20149,0.08216493657657077,13__mutated,PertCortex_13_AGTGGGAAGGCTAGAC,3.542361280701205
20150,0.15475259608713318,13__mutated,PertCortex_13_AGTGGGACATCGGGTC,5.455241557491621
20151,0.2229870111153498,13__mutated,PertCortex_13_AGTGGGAGTCAAACTC,3.712247774884782
20152,0.12287555297757285,13__mutated,PertCortex_13_AGTGGGATCGGCATCG,4.831611355906332
20153,0.06480868952319534,13__mutated,PertCortex_13_AGTGGGATCTTTAGTC,3.5770823312088873
20154,0.14569958434582034,13__mutated,PertCortex_13_AGTGTCAAGTACGTTC,2.2086376833342047
20155,0.1803416063873651,13__mutated,PertCortex_13_AGTGTCACATCACAAC,4.767019691683814
20156,0.36360683398138016,13__mutated,PertCortex_13_AGTGTCAGTCATATCG,2.3433495705377108
20157,0.2583248035254057,13__mutated,PertCortex_13_AGTGTCAGTCTGGAGA,2.51522402803812
20158,0.11980544382970142,13__mutated,PertCortex_13_AGTGTCAGTTCGGCAC,4.56957318939208
20159,0.29559337295654103,13__mutated,PertCortex_13_AGTGTCATCTAACTTC,3.411092055569434
20160,0.15940504540297634,13__mutated,PertCortex_13_AGTTGGTCACAGGAGT,1.5813433293098305
20161,0.08433767351057458,13__mutated,PertCortex_13_AGTTGGTCATGCATGT,3.877177646329933
20162,0.07404167097058334,13__mutated,PertCortex_13_AGTTGGTGTCCGAACC,3.8149109997820636
20163,0.2721509532159114,13__mutated,PertCortex_13_AGTTGGTGTCGCATCG,4.460715951223286
20164,0.1634889184917736,13__mutated,PertCortex_13_AGTTGGTTCCATGAAC,2.6944312216358632
20165,0.15764755141014603,13__mutated,PertCortex_13_AGTTGGTTCCCTCAGT,4.303795942847021
20166,0.10070266156599227,13__mutated,PertCortex_13_ATAACGCAGGCAAAGA,4.389558390524775
20167,0.19756470279929805,13__mutated,PertCortex_13_ATAACGCCAAGCTGAG,5.345426491541144
20168,0.08310709325293876,13__mutated,PertCortex_13_ATAACGCCAATGGATA,2.58388856673511
20169,0.1448373726668867,13__mutated,PertCortex_13_ATAACGCGTAAATGAC,3.6699780153972066
20170,0.18651928228960343,13__mutated,PertCortex_13_ATAACGCTCAACGGCC,3.7885918749140073
20171,0.09878662894576822,13__mutated,PertCortex_13_ATAACGCTCTAAGCCA,3.8771587114555124
20172,0.11486642989351664,13__mutated,PertCortex_13_ATAACGCTCTCGTTTA,3.875714457606552
20173,0.17338689645803165,13__mutated,PertCortex_13_ATAAGAGAGAGATGAG,4.723057720808704
20174,0.1743455365375947,13__mutated,PertCortex_13_ATAAGAGAGAGTACAT,5.295437339966117
20175,0.22823158959671222,13__mutated,PertCortex_13_ATAAGAGAGTGGAGTC,4.681663557136174
20176,0.22175483699700899,13__mutated,PertCortex_13_ATAAGAGAGTTTCCTT,4.787692867858805
20177,0.08078336603742309,13__mutated,PertCortex_13_ATAAGAGCAAGTTCTG,4.936298559771019
20178,0.6867086655389304,13__mutated,PertCortex_13_ATAAGAGCAATCTGCA,1.9800135435447601
20179,0.18501744794182332,13__mutated,PertCortex_13_ATAAGAGCATGCAACT,4.640271853082853
20180,0.07124660281223368,13__mutated,PertCortex_13_ATAAGAGGTCACTGGC,2.9658073890981522
20181,0.10046370550457805,13__mutated,PertCortex_13_ATAAGAGTCGAGAACG,5.204738756390858
20182,0.19226675067558374,13__mutated,PertCortex_13_ATAAGAGTCGGTCCGA,3.666583276550854
20183,0.17235388553018624,13__mutated,PertCortex_13_ATAAGAGTCTTGTTTG,3.1736057273109535
20184,0.06988321356084493,13__mutated,PertCortex_13_ATAGACCAGTTCGCAT,3.729572197795105
20185,0.152535210861069,13__mutated,PertCortex_13_ATAGACCCACCGCTAG,3.543944611245024
20186,0.26797420533786304,13__mutated,PertCortex_13_ATAGACCCATGCAATC,4.00489717748836
20187,0.16560861906312885,13__mutated,PertCortex_13_ATCACGACAAGTAATG,3.1588877144215384
20188,0.2076411907392236,13__mutated,PertCortex_13_ATCACGACATGGGAAC,3.3366163759791534
20189,0.14623278630183154,13__mutated,PertCortex_13_ATCACGACATGTCTCC,5.390225726468996
20190,0.1903732231876685,13__mutated,PertCortex_13_ATCACGAGTGGCGAAT,5.006860584646637
20191,0.10204425865367082,13__mutated,PertCortex_13_ATCACGATCGCGATCG,4.878200940586896
20192,0.12229221296533893,13__mutated,PertCortex_13_ATCACGATCTTCAACT,4.131988992171096
20193,0.20125062843538832,13__mutated,PertCortex_13_ATCATCTCAAATCCGT,3.3999592638996883
20194,0.1939063851760493,13__mutated,PertCortex_13_ATCATCTCACAGCGTC,4.7540998105581505
20195,0.24765772350984588,13__mutated,PertCortex_13_ATCATCTCATAAGACA,3.8380055397672557
20196,0.1505381823837113,13__mutated,PertCortex_13_ATCATCTGTCGACTAT,3.8661516828097326
20197,0.16195401921692465,13__mutated,PertCortex_13_ATCATCTTCCCAAGTA,5.10147587422907
20198,0.13819775539701365,13__mutated,PertCortex_13_ATCATCTTCCCGGATG,4.565097542380998
20199,0.009276675581659823,13__mutated,PertCortex_13_ATCATGGAGAGTCTGG,4.754276202437353
20200,0.031493342656602086,13__mutated,PertCortex_13_ATCATGGAGCGTCAAG,4.030612195919817
20201,0.21496678896044577,13__mutated,PertCortex_13_ATCATGGAGGGATCTG,4.3657246132654
20202,0.16852926947048588,13__mutated,PertCortex_13_ATCATGGCACGACTCG,4.732254782862914
20203,0.09402328210854198,13__mutated,PertCortex_13_ATCATGGCATACTACG,4.346079651392312
20204,0.07136077260533094,13__mutated,PertCortex_13_ATCATGGGTCTCTCTG,3.209908274505526
20205,0.10442524445702847,13__mutated,PertCortex_13_ATCATGGGTGATGTGG,3.8777463999111608
20206,0.12572457795941414,13__mutated,PertCortex_13_ATCATGGGTGTAATGA,5.273798764264939
20207,0.12004346769936643,13__mutated,PertCortex_13_ATCATGGGTTGGTTTG,4.677486021050634
20208,0.04154157863560762,13__mutated,PertCortex_13_ATCCACCAGACCTAGG,2.856171082821903
20209,0.27272260859226544,13__mutated,PertCortex_13_ATCCACCAGAGCAATT,2.4476289443100123
20210,0.198401861420994,13__mutated,PertCortex_13_ATCCACCAGATCGGGT,3.4250821336080155
20211,0.14699734556683622,13__mutated,PertCortex_13_ATCCACCAGATGCCTT,5.684233175173802
20212,0.1291483986076671,13__mutated,PertCortex_13_ATCCACCAGTTTCCTT,3.221968185778515
20213,0.07937585307689622,13__mutated,PertCortex_13_ATCCACCCATAGGATA,4.366692078469911
20214,0.10842979333281574,13__mutated,PertCortex_13_ATCCACCCATGATCCA,4.5123885838187165
20215,0.14548771326880525,13__mutated,PertCortex_13_ATCCACCCATTAGGCT,4.343368207822399
20216,0.13877105398563075,13__mutated,PertCortex_13_ATCCACCGTATCTGCA,3.3771868412881894
20217,0.16026722309154057,13__mutated,PertCortex_13_ATCCACCGTGGTGTAG,3.3252259809388724
20218,0.07246693477641923,13__mutated,PertCortex_13_ATCCACCGTTCCATGA,3.467228872180971
20219,0.21673183575646848,13__mutated,PertCortex_13_ATCCACCTCAGAGACG,4.361015555755528
20220,0.2156545976907782,13__mutated,PertCortex_13_ATCCACCTCCACGACG,4.624444561097142
20221,0.07487557401750274,13__mutated,PertCortex_13_ATCCACCTCTCGCATC,4.202718140327016
20222,0.17587520210567856,13__mutated,PertCortex_13_ATCCGAAAGACTCGGA,4.103875009536054
20223,0.0950906434872909,13__mutated,PertCortex_13_ATCCGAAAGGATGGTC,4.574754481989834
20224,0.16463224666408866,13__mutated,PertCortex_13_ATCCGAAAGTCATGCT,3.299521122400659
20225,0.13929210819293794,13__mutated,PertCortex_13_ATCCGAAGTTAAGGGC,3.9571025103466044
20226,0.0827199209616613,13__mutated,PertCortex_13_ATCCGAATCAGTCAGT,3.592665905981101
20227,0.18310852430576968,13__mutated,PertCortex_13_ATCCGAATCCACTCCA,5.112089256441756
20228,0.10405614235779202,13__mutated,PertCortex_13_ATCCGAATCGTACCGG,4.190144274845083
20229,0.11176993376488178,13__mutated,PertCortex_13_ATCGAGTAGCTATGCT,4.538644139178299
20230,0.18060263695639564,13__mutated,PertCortex_13_ATCGAGTCAATCGGTT,4.899370560715262
20231,0.15517954136830733,13__mutated,PertCortex_13_ATCGAGTGTATGCTTG,3.984688504904328
20232,0.1366096709018458,13__mutated,PertCortex_13_ATCGAGTGTGTGACCC,2.731597614171803
20233,0.17279194091011818,13__mutated,PertCortex_13_ATCGAGTTCACAACGT,3.8960051717320563
20234,0.19373025472861258,13__mutated,PertCortex_13_ATCGAGTTCCAATGGT,4.79812808965087
20235,0.13857960597905444,13__mutated,PertCortex_13_ATCTACTAGCTGCGAA,4.132804024713855
20236,0.11070781972789963,13__mutated,PertCortex_13_ATCTACTCACGGACAA,4.429735482668793
20237,0.050050064993902625,13__mutated,PertCortex_13_ATCTACTGTCATCGGC,4.115661723098292
20238,0.15947795721784344,13__mutated,PertCortex_13_ATCTACTTCACAGTAC,2.513544371366608
20239,0.0874853562703182,13__mutated,PertCortex_13_ATCTACTTCAGGCAAG,4.243790001249222
20240,0.0922996689288761,13__mutated,PertCortex_13_ATCTACTTCTGCAGTA,4.253123606880463
20241,0.13901500194831576,13__mutated,PertCortex_13_ATCTGCCAGAAGGTTT,4.5051264597616765
20242,0.16598156439713424,13__mutated,PertCortex_13_ATCTGCCAGCGTAGTG,3.5787860565667935
20243,0.5021752919524765,13__mutated,PertCortex_13_ATCTGCCAGGCTACGA,2.6369280825997885
20244,0.19967350910518322,13__mutated,PertCortex_13_ATCTGCCGTAGCGCTC,5.043503308478511
20245,0.08069354268150727,13__mutated,PertCortex_13_ATCTGCCGTCTCTTTA,4.823878065742827
20246,0.4267617397848781,13__mutated,PertCortex_13_ATGAGGGCAAGGACTG,2.27744646118362
20247,0.08189325262941245,13__mutated,PertCortex_13_ATGAGGGGTGATGTGG,4.034261687518172
20248,0.2942091314532085,13__mutated,PertCortex_13_ATGAGGGTCTATCCTA,4.035053997113662
20249,0.16614574417016145,13__mutated,PertCortex_13_ATGAGGGTCTCCAACC,4.987110008268661
20250,0.19156706481572244,13__mutated,PertCortex_13_ATGAGGGTCTCGCATC,5.762431473862176
20251,0.22722225676401378,13__mutated,PertCortex_13_ATGCGATAGCAACGGT,5.123346966681667
20252,0.13318989304447587,13__mutated,PertCortex_13_ATGCGATAGTGGTCCC,4.532624337375208
20253,0.03833599670046045,13__mutated,PertCortex_13_ATGCGATCAAGCCATT,4.573829803465422
20254,0.10926788944186837,13__mutated,PertCortex_13_ATGCGATCACTCAGGC,3.754005226485213
20255,0.0914838988261066,13__mutated,PertCortex_13_ATGCGATCATTTGCCC,4.605564851298586
20256,0.13145862775642708,13__mutated,PertCortex_13_ATGCGATGTGCTCTTC,3.2043969672902546
20257,0.10726800942417353,13__mutated,PertCortex_13_ATGCGATGTTAAAGAC,3.5026919348488104
20258,0.10060391413683831,13__mutated,PertCortex_13_ATGCGATTCAATAAGG,5.081449778702474
20259,0.10694701077030769,13__mutated,PertCortex_13_ATGGGAGAGAAGGTTT,4.6285569013108985
20260,0.18799537483310563,13__mutated,PertCortex_13_ATGGGAGAGACAATAC,3.7029064920866834
20261,0.06514720647386193,13__mutated,PertCortex_13_ATGGGAGCAGCTGCTG,4.845117455223148
20262,0.16391524975077815,13__mutated,PertCortex_13_ATGGGAGCATACTCTT,5.061941585272669
20263,0.23180390279107307,13__mutated,PertCortex_13_ATGTGTGAGCGTAATA,5.0355763449702176
20264,0.1395965291376056,13__mutated,PertCortex_13_ATGTGTGAGCTCAACT,5.610369029753938
20265,0.15731968901831003,13__mutated,PertCortex_13_ATGTGTGAGGCAGTCA,4.742288183084758
20266,0.12852759721098966,13__mutated,PertCortex_13_ATGTGTGCATGGTAGG,5.788398193880112
20267,0.19236139845237674,13__mutated,PertCortex_13_ATGTGTGGTTCGAATC,5.230822588734122
20268,0.19424723798816307,13__mutated,PertCortex_13_ATGTGTGTCATCTGTT,3.1694774402196826
20269,0.12107819347059608,13__mutated,PertCortex_13_ATTACTCAGATCGGGT,4.039000095327791
20270,0.1360348857139711,13__mutated,PertCortex_13_ATTACTCAGTATCTCG,5.544575585267699
20271,0.15323703854105086,13__mutated,PertCortex_13_ATTACTCGTTTGGCGC,3.9515499260719498
20272,0.1785375709613301,13__mutated,PertCortex_13_ATTATCCAGATATGGT,4.538442055082165
20273,0.19144364068810957,13__mutated,PertCortex_13_ATTATCCAGGCAAAGA,5.45825713027143
20274,0.1511599786251048,13__mutated,PertCortex_13_ATTATCCAGTATTGGA,4.722236082728234
20275,0.13104839257439713,13__mutated,PertCortex_13_ATTATCCAGTTCCACA,3.4708913090021216
20276,0.22325229737337013,13__mutated,PertCortex_13_ATTATCCCAGTCGTGC,3.3775161089501444
20277,0.1423102715408718,13__mutated,PertCortex_13_ATTCTACAGCTAACAA,5.09417072174239
20278,0.11667003943238936,13__mutated,PertCortex_13_ATTCTACAGTCCGGTC,4.034731692184632
20279,0.029085932140183787,13__mutated,PertCortex_13_ATTCTACAGTGGAGTC,3.8194815887814055
20280,0.32303458008999514,13__mutated,PertCortex_13_ATTCTACGTGACGCCT,1.9760228715767645
20281,0.059674241761331064,13__mutated,PertCortex_13_ATTCTACTCCTAGTGA,4.70701989413855
20282,0.11891675187520545,13__mutated,PertCortex_13_ATTCTACTCGTAGGAG,3.495334733711731
20283,0.21486260565689166,13__mutated,PertCortex_13_ATTCTACTCTTCCTTC,2.704283238164325
20284,0.13487419996329778,13__mutated,PertCortex_13_ATTGGACAGCAATCTC,5.10386853443356
20285,0.15189558961776647,13__mutated,PertCortex_13_ATTGGACAGGGCTCTC,4.463978413642552
20286,0.24514940999050328,13__mutated,PertCortex_13_ATTGGACAGTTAAGTG,4.845194144209771
20287,0.07233059357999967,13__mutated,PertCortex_13_ATTGGACCAAGGGTCA,4.114165273047075
20288,0.024375743002849358,13__mutated,PertCortex_13_ATTGGACGTCCAAGTT,4.153375015955468
20289,0.17462108877828095,13__mutated,PertCortex_13_ATTGGACGTGTGACCC,3.8307798909430515
20290,0.0672678000249499,13__mutated,PertCortex_13_ATTGGACTCGGTTCGG,3.5772048321820984
20291,0.13202931252954114,13__mutated,PertCortex_13_ATTGGTGAGTTACGGG,3.7457228107975045
20292,0.10184985618156486,13__mutated,PertCortex_13_ATTGGTGAGTTAGCGG,3.894617940578178
20293,0.11096176753486027,13__mutated,PertCortex_13_ATTGGTGCACACCGAC,3.218027524132528
20294,0.1201822439834603,13__mutated,PertCortex_13_ATTGGTGGTATAGGTA,3.5312924168727258
20295,0.09147793766950203,13__mutated,PertCortex_13_ATTGGTGTCAGTACGT,4.277161853684312
20296,0.10148307257983082,13__mutated,PertCortex_13_ATTGGTGTCCGTTGTC,3.516027263431638
20297,0.2009999208076207,13__mutated,PertCortex_13_ATTTCTGAGATGCCAG,3.4010420460554087
20298,0.19050507252996207,13__mutated,PertCortex_13_ATTTCTGCAACTGCTA,4.735197787820579
20299,0.07135574745188333,13__mutated,PertCortex_13_ATTTCTGGTATATGGA,4.074183671433095
20300,0.181938158800111,13__mutated,PertCortex_13_ATTTCTGGTATGCTTG,4.978387639809258
20301,0.14696724088121163,13__mutated,PertCortex_13_ATTTCTGTCGACCAGC,4.881349323741757
20302,0.11262366555057747,13__mutated,PertCortex_13_CAACCAAAGTTACCCA,4.290824054158121
20303,0.16614582240811393,13__mutated,PertCortex_13_CAACCAAAGTTAGCGG,2.83670888762957
20304,0.07282740750292205,13__mutated,PertCortex_13_CAACCAACATTAGGCT,5.53873532466932
20305,0.25386720025415754,13__mutated,PertCortex_13_CAACCAACATTCTCAT,4.136585129674056
20306,0.2171241248300186,13__mutated,PertCortex_13_CAACCAACATTTCAGG,4.787002005623692
20307,0.18762002564800323,13__mutated,PertCortex_13_CAACCAAGTAGCGATG,3.683111409275972
20308,0.2184492771803097,13__mutated,PertCortex_13_CAACCAAGTGTAATGA,5.445108997777735
20309,0.09841608668368841,13__mutated,PertCortex_13_CAACCAATCAAACCGT,5.6769929587804295
20310,0.35825748515594724,13__mutated,PertCortex_13_CAACCAATCGGATGGA,2.4167842065664367
20311,0.09837016349437144,13__mutated,PertCortex_13_CAACCAATCTGTCTAT,3.8567796143191355
20312,0.07459926384135479,13__mutated,PertCortex_13_CAACCTCAGATCCCAT,3.3666517471592043
20313,0.20960074294596742,13__mutated,PertCortex_13_CAACCTCCAAGCGCTC,4.892476171699615
20314,0.10696510532013459,13__mutated,PertCortex_13_CAACCTCCACAACGTT,4.076941853275933
20315,0.1735062739153967,13__mutated,PertCortex_13_CAACCTCGTATAGGGC,3.4913779191372396
20316,0.03185924676544378,13__mutated,PertCortex_13_CAACCTCGTTCAGACT,3.7943087192296234
20317,0.06456194726873435,13__mutated,PertCortex_13_CAACCTCTCAACGGGA,4.336406426366671
20318,0.2905760526885397,13__mutated,PertCortex_13_CAACCTCTCTCCGGTT,1.35685327243035
20319,0.14798204082575275,13__mutated,PertCortex_13_CAACTAGAGAGACTAT,5.292872916641418
20320,0.39551404905933696,13__mutated,PertCortex_13_CAACTAGAGCTGGAAC,2.1897379176686655
20321,0.16511379410301658,13__mutated,PertCortex_13_CAACTAGCAAGCTGTT,3.7694534604963237
20322,0.4472280846713826,13__mutated,PertCortex_13_CAACTAGCAGCCACCA,2.2890052652682282
20323,0.17091431046745717,13__mutated,PertCortex_13_CAACTAGCAGGGTATG,3.004302758479844
20324,0.14234901820944576,13__mutated,PertCortex_13_CAAGAAAAGCACACAG,5.359167547822372
20325,0.05969084488358645,13__mutated,PertCortex_13_CAAGAAACAACACGCC,3.75014977535196
20326,0.12217204428761853,13__mutated,PertCortex_13_CAAGAAACACGGCCAT,4.714621024183964
20327,0.1845693668276685,13__mutated,PertCortex_13_CAAGAAACAGACAAAT,5.422665357305318
20328,0.11333930388654982,13__mutated,PertCortex_13_CAAGAAAGTGGCAAAC,3.3549169669333265
20329,0.1649182162190657,13__mutated,PertCortex_13_CAAGAAAGTTGCGCAC,4.442036198127876
20330,0.1637372130321136,13__mutated,PertCortex_13_CAAGAAATCGCTAGCG,4.665245869713555
20331,0.6480977193775187,13__mutated,PertCortex_13_CAAGATCAGACTCGGA,1.7739997750520142
20332,0.17197131776452557,13__mutated,PertCortex_13_CAAGATCAGAGGACGG,4.198853586073545
20333,0.10420426621479206,13__mutated,PertCortex_13_CAAGATCCAAGGTTCT,3.1315271197348737
20334,0.2779443711873838,13__mutated,PertCortex_13_CAAGATCCAATGAAAC,5.270352425575856
20335,0.18453525259831063,13__mutated,PertCortex_13_CAAGATCCACGGTTTA,4.516003101815946
20336,0.19993738594035437,13__mutated,PertCortex_13_CAAGATCCATTATCTC,5.032939010512142
20337,0.0684600890964745,13__mutated,PertCortex_13_CAAGATCGTAAGCACG,3.7902027473365907
20338,0.14431074912496805,13__mutated,PertCortex_13_CAAGATCGTCAACTGT,5.118311637833322
20339,0.2854675220384728,13__mutated,PertCortex_13_CAAGATCGTTCGGGCT,4.882050366588995
20340,0.14449942843669802,13__mutated,PertCortex_13_CAAGATCTCGCCATAA,3.389806224663828
20341,0.24201823548857487,13__mutated,PertCortex_13_CAAGATCTCGTCTGAA,4.640007126018784
20342,0.20926517955976742,13__mutated,PertCortex_13_CAAGATCTCTATCGCC,3.68657044291479
20343,0.13416254929951862,13__mutated,PertCortex_13_CAAGGCCAGTTTGCGT,4.804247089450685
20344,0.09905592338664106,13__mutated,PertCortex_13_CAAGGCCCACGACTCG,4.448674947980359
20345,0.1465152514576734,13__mutated,PertCortex_13_CAAGGCCCAGGGTTAG,4.995102220289737
20346,0.08544297997472866,13__mutated,PertCortex_13_CAAGGCCGTAAGGATT,3.843494530579074
20347,0.10680052595503012,13__mutated,PertCortex_13_CAAGGCCGTAGGCATG,3.3827092715857834
20348,0.18404704507470046,13__mutated,PertCortex_13_CAAGGCCGTCGACTAT,3.3303758523143365
20349,0.1943907659551946,13__mutated,PertCortex_13_CAAGGCCGTCTAGTCA,3.1794488469459026
20350,0.14314786596222143,13__mutated,PertCortex_13_CAAGGCCGTCTGGTCG,3.326206557108553
20351,0.21982999143285478,13__mutated,PertCortex_13_CAAGGCCTCCGTACAA,5.112552997403377
20352,0.20457413885436623,13__mutated,PertCortex_13_CAAGGCCTCGTTACAG,4.914423583758706
20353,0.06928718546354505,13__mutated,PertCortex_13_CAAGTTGAGTACGCGA,4.426985879162554
20354,0.09938486989549562,13__mutated,PertCortex_13_CAAGTTGAGTGGTAAT,4.639611159128366
20355,0.07386615163346051,13__mutated,PertCortex_13_CAAGTTGAGTTACGGG,3.3651450078843728
20356,0.22870357595035407,13__mutated,PertCortex_13_CAAGTTGAGTTTCCTT,5.1926631858930365
20357,0.10360282774745459,13__mutated,PertCortex_13_CAAGTTGCAATCTGCA,4.12327086044699
20358,0.11554428440064049,13__mutated,PertCortex_13_CAAGTTGGTGCAGGTA,2.357855412353471
20359,0.14098764054005003,13__mutated,PertCortex_13_CAAGTTGTCACTCCTG,4.419179825830164
20360,0.4383617387009321,13__mutated,PertCortex_13_CAAGTTGTCGGTTAAC,2.1253400272998415
20361,0.3380367099542812,13__mutated,PertCortex_13_CAAGTTGTCTCGATGA,2.470440524370699
20362,0.07233541526259697,13__mutated,PertCortex_13_CACAAACAGACGCACA,4.073873329696115
20363,0.061712201158746025,13__mutated,PertCortex_13_CACAAACAGTGGCACA,4.122158752845696
20364,0.06937999236315028,13__mutated,PertCortex_13_CACAAACCATGATCCA,4.722268935541116
20365,0.09988554565749345,13__mutated,PertCortex_13_CACAAACGTCGGCACT,4.144227846790134
20366,0.1485368950631974,13__mutated,PertCortex_13_CACAAACGTTAAAGTG,3.872194512287898
20367,0.2220216337176788,13__mutated,PertCortex_13_CACAAACTCCTTGCCA,5.193975596962167
20368,0.11967904657566678,13__mutated,PertCortex_13_CACACAAAGAAGGTTT,3.645497834523387
20369,0.14646139955516793,13__mutated,PertCortex_13_CACACAAAGAGGTTGC,4.931706188223561
20370,0.15057272426134058,13__mutated,PertCortex_13_CACACAAAGTGTTTGC,5.239512914630774
20371,0.21584698927274515,13__mutated,PertCortex_13_CACACAACACGGCCAT,3.6958439035720083
20372,0.17704564042390805,13__mutated,PertCortex_13_CACACAACACGTGAGA,5.5072134236784445
20373,0.24210444746611823,13__mutated,PertCortex_13_CACACAACAGACGCTC,2.684895719777166
20374,0.17390782886628198,13__mutated,PertCortex_13_CACACAACATGGGACA,5.250676407824231
20375,0.25660503741276003,13__mutated,PertCortex_13_CACACAAGTCCTCTTG,4.431463003973443
20376,0.1654075640987859,13__mutated,PertCortex_13_CACACAAGTCGACTAT,4.703470330018768
20377,0.1669554054579783,13__mutated,PertCortex_13_CACACAATCACTATTC,3.909643636649013
20378,0.11038605781176677,13__mutated,PertCortex_13_CACACAATCTGCGGCA,2.3949303545351692
20379,0.14054498626108253,13__mutated,PertCortex_13_CACACCTAGAAGGGTA,5.4372949777896356
20380,0.11252996831853893,13__mutated,PertCortex_13_CACACCTAGCTAGGCA,4.489760020299178
20381,0.20849404991120918,13__mutated,PertCortex_13_CACACCTAGGACAGAA,4.622420022812863
20382,0.1784193745528002,13__mutated,PertCortex_13_CACACCTCACCCTATC,3.9208920762324078
20383,0.1307200902558398,13__mutated,PertCortex_13_CACACCTCAGATCTGT,4.802467505133678
20384,0.11906636198964432,13__mutated,PertCortex_13_CACACCTCAGCGATCC,4.854906451491181
20385,0.0902847618283245,13__mutated,PertCortex_13_CACACCTCAGGTCGTC,4.957614001955868
20386,0.38064070901968483,13__mutated,PertCortex_13_CACACCTCAGTCTTCC,2.834104673173854
20387,0.2844002966176818,13__mutated,PertCortex_13_CACACCTCATCTCCCA,2.686549227941454
20388,0.11788007165744828,13__mutated,PertCortex_13_CACACCTGTCTAGTGT,4.070217490927547
20389,0.10458147496277749,13__mutated,PertCortex_13_CACACCTGTTCGGCAC,3.7150586351729356
20390,0.08345168879833963,13__mutated,PertCortex_13_CACACCTTCAGTTGAC,3.0773392293078006
20391,0.5361066174314484,13__mutated,PertCortex_13_CACACCTTCCTCTAGC,2.727092746285061
20392,0.16691958817931263,13__mutated,PertCortex_13_CACACCTTCGTTGCCT,4.1184011952382065
20393,0.5767506943212638,13__mutated,PertCortex_13_CACACCTTCTAGAGTC,2.752683728350641
20394,0.14041868990941178,13__mutated,PertCortex_13_CACACTCAGATGCCAG,5.300780450954373
20395,0.17744495545598796,13__mutated,PertCortex_13_CACACTCAGCTAGTCT,5.649808945019897
20396,0.07490161132871376,13__mutated,PertCortex_13_CACACTCAGTGTACTC,2.960667345958991
20397,0.08876114613722881,13__mutated,PertCortex_13_CACACTCCACGGACAA,4.126992851335828
20398,0.1818274401327038,13__mutated,PertCortex_13_CACACTCCATACCATG,4.8960655966353155
20399,0.14523349531918026,13__mutated,PertCortex_13_CACACTCGTGTTTGGT,5.227602502471781
20400,0.16319364348799745,13__mutated,PertCortex_13_CACACTCTCCAAGTAC,2.060617312608354
20401,0.21127891247713965,13__mutated,PertCortex_13_CACAGGCAGTGTTTGC,3.3779967369572894
20402,0.12294007079155093,13__mutated,PertCortex_13_CACAGGCGTACCTACA,5.18680791374155
20403,0.13381623080292238,13__mutated,PertCortex_13_CACAGGCTCATGCAAC,4.002879043001094
20404,0.15957955918992037,13__mutated,PertCortex_13_CACAGTAAGACGCACA,3.293940017596301
20405,0.27293032005459916,13__mutated,PertCortex_13_CACAGTAGTAAATACG,2.9748304501757277
20406,0.2705925366431321,13__mutated,PertCortex_13_CACAGTAGTCTAGGTT,4.151491768891661
20407,0.0595239828079828,13__mutated,PertCortex_13_CACAGTAGTGACGCCT,4.095148167411049
20408,0.23607274116657634,13__mutated,PertCortex_13_CACAGTAGTTCAGGCC,2.7229761792302725
20409,0.04766698671414329,13__mutated,PertCortex_13_CACAGTATCCTAGTGA,4.704412639854387
20410,0.12033326049513803,13__mutated,PertCortex_13_CACAGTATCGCTAGCG,4.802060991770064
20411,0.07837765643010601,13__mutated,PertCortex_13_CACAGTATCGGAGGTA,3.3405429856354067
20412,0.21760316253457984,13__mutated,PertCortex_13_CACAGTATCGTCCGTT,3.932282423567446
20413,0.16122625959341721,13__mutated,PertCortex_13_CACAGTATCTGCAGTA,5.357482050664751
20414,0.5542869517416015,13__mutated,PertCortex_13_CACATAGAGCCCAGCT,1.5689103656877335
20415,0.1994016561145415,13__mutated,PertCortex_13_CACATAGAGTACCGGA,4.932933285865177
20416,0.1558252785812518,13__mutated,PertCortex_13_CACATAGCAGATCCAT,5.05370712323444
20417,0.10877904143772932,13__mutated,PertCortex_13_CACATAGCATAAGACA,5.883890553421784
20418,0.1427090429233608,13__mutated,PertCortex_13_CACATAGTCCATGAGT,3.310475508557014
20419,0.24239055817533825,13__mutated,PertCortex_13_CACATAGTCTGAAAGA,3.276613602307111
20420,0.09090015152770961,13__mutated,PertCortex_13_CACATTTAGAATGTTG,3.719998737765875
20421,0.22322975464681213,13__mutated,PertCortex_13_CACATTTAGATGCCAG,4.393440640746175
20422,0.08096806230211583,13__mutated,PertCortex_13_CACATTTAGTAGATGT,3.051043942468393
20423,0.13109057279466096,13__mutated,PertCortex_13_CACATTTCATCTACGA,4.46692258315775
20424,0.2125908607880209,13__mutated,PertCortex_13_CACATTTTCATGCTCC,4.148989005524643
20425,0.17760700288681727,13__mutated,PertCortex_13_CACATTTTCATGTCTT,3.729424638621832
20426,0.10222360477539856,13__mutated,PertCortex_13_CACATTTTCTATCCTA,4.367152846606857
20427,0.12956154606260428,13__mutated,PertCortex_13_CACCACTAGCAAATCA,3.9897839554719603
20428,0.09684867391984002,13__mutated,PertCortex_13_CACCACTAGGCATGGT,3.350098954324466
20429,0.08917094765245216,13__mutated,PertCortex_13_CACCACTCAGGAACGT,4.121072059136593
20430,0.5615419088325095,13__mutated,PertCortex_13_CACCACTCATATGAGA,3.25431315779322
20431,0.04405708798221355,13__mutated,PertCortex_13_CACCACTGTCTAGAGG,4.9414521835552785
20432,0.5402238526638834,13__mutated,PertCortex_13_CACCACTTCTAGCACA,2.353285968980575
20433,0.09231594173093527,13__mutated,PertCortex_13_CACCACTTCTCCCTGA,4.174075324258539
20434,0.239120443968764,13__mutated,PertCortex_13_CACCACTTCTGCAAGT,5.110214225202625
20435,0.19501678398535785,13__mutated,PertCortex_13_CACCAGGAGACCGGAT,2.564667072840059
20436,0.15935189993265175,13__mutated,PertCortex_13_CACCAGGAGTTACGGG,5.144649481601811
20437,0.09488225299212213,13__mutated,PertCortex_13_CACCAGGCAATGGATA,3.3655513180974492
20438,0.11757716666738521,13__mutated,PertCortex_13_CACCAGGCAATGGTCT,4.229618296904709
20439,0.1819450785138546,13__mutated,PertCortex_13_CACCAGGCAGTCACTA,4.779378752333401
20440,0.16447576349577392,13__mutated,PertCortex_13_CACCAGGCATGGTAGG,3.8042532106809097
20441,0.13980118131695313,13__mutated,PertCortex_13_CACCAGGTCGTCTGAA,3.7174447239991704
20442,0.05537603023176058,13__mutated,PertCortex_13_CACCTTGAGCACCGCT,3.2643611993433677
20443,0.14831381977062455,13__mutated,PertCortex_13_CACCTTGAGGAACTGC,4.423627817078985
20444,0.1209392692370644,13__mutated,PertCortex_13_CACTCCAAGCCACTAT,2.074788871008665
20445,0.23769648567250748,13__mutated,PertCortex_13_CACTCCACAAGAAGAG,4.987883413524928
20446,0.299775924390431,13__mutated,PertCortex_13_CACTCCACAGATCCAT,2.1942723318249153
20447,0.530644494518721,13__mutated,PertCortex_13_CACTCCACATGCGCAC,1.8204145279431132
20448,0.17849172842330896,13__mutated,PertCortex_13_CACTCCAGTACTTGAC,4.4112075718617305
20449,0.18268328332370437,13__mutated,PertCortex_13_CACTCCAGTAGAAGGA,3.4905261310887203
20450,0.161785941631079,13__mutated,PertCortex_13_CACTCCAGTGAGGGAG,2.9494376284040094
20451,0.2844254047427621,13__mutated,PertCortex_13_CACTCCAGTTCGGGCT,4.557677198384638
20452,0.21032670693309116,13__mutated,PertCortex_13_CACTCCATCCACGACG,4.066933073098005
20453,0.07077740584485391,13__mutated,PertCortex_13_CACTCCATCCCATTAT,4.160971097141255
20454,0.028860186024733368,13__mutated,PertCortex_13_CACTCCATCCCTAATT,3.967511174229068
20455,0.15735492104529233,13__mutated,PertCortex_13_CAGAATCAGAAGATTC,4.693409942838575
20456,0.19346936819974647,13__mutated,PertCortex_13_CAGAATCAGTGTGAAT,4.111002160933149
20457,0.08360824291938335,13__mutated,PertCortex_13_CAGAATCCAAAGGAAG,3.935025709085915
20458,0.09929239008673847,13__mutated,PertCortex_13_CAGAATCCAATGGTCT,5.082235742276905
20459,0.16111377737396795,13__mutated,PertCortex_13_CAGAATCGTAGAAAGG,5.350759327121658
20460,0.08457373961517493,13__mutated,PertCortex_13_CAGAATCGTCCGTGAC,4.226711358006245
20461,0.19006731982710637,13__mutated,PertCortex_13_CAGAATCTCAATAAGG,4.885759448576482
20462,0.2219261753073673,13__mutated,PertCortex_13_CAGAGAGAGCTAACTC,4.740896306100439
20463,0.09894918233802148,13__mutated,PertCortex_13_CAGAGAGAGGGATCTG,3.9706246037712325
20464,0.15776153152521816,13__mutated,PertCortex_13_CAGAGAGCAATGGAAT,4.757812300791641
20465,0.08184152944313798,13__mutated,PertCortex_13_CAGAGAGGTCGAACAG,4.942978265977828
20466,0.1788917079700733,13__mutated,PertCortex_13_CAGAGAGGTCTTTCAT,5.040683981658325
20467,0.16237765023786288,13__mutated,PertCortex_13_CAGAGAGGTGAGGCTA,3.1003029599579706
20468,0.09880124810865196,13__mutated,PertCortex_13_CAGAGAGGTTACGTCA,4.288182466923012
20469,0.09151934030304884,13__mutated,PertCortex_13_CAGAGAGGTTCACGGC,2.975776223158272
20470,0.24485578254989462,13__mutated,PertCortex_13_CAGAGAGTCTTGTACT,4.444946775724938
20471,0.11558938510952214,13__mutated,PertCortex_13_CAGATCAAGCAGCGTA,3.467248284143061
20472,0.16008653112435056,13__mutated,PertCortex_13_CAGATCAAGTTACGGG,4.241274096240002
20473,0.3017667319864491,13__mutated,PertCortex_13_CAGATCACAAGGACTG,2.6394443714129734
20474,0.3422675711943934,13__mutated,PertCortex_13_CAGATCACACCGATAT,4.248452695121586
20475,0.1472944861973481,13__mutated,PertCortex_13_CAGATCACAGTCGATT,3.3288062568293437
20476,0.12413939750709856,13__mutated,PertCortex_13_CAGATCACAGTGAGTG,4.762516475732915
20477,0.1493898821315476,13__mutated,PertCortex_13_CAGATCACATGCTGGC,4.496736645637933
20478,0.42529755066054514,13__mutated,PertCortex_13_CAGATCAGTCCCTACT,2.815528060153362
20479,0.07383245004698219,13__mutated,PertCortex_13_CAGATCATCCAAACTG,5.036709113243513
20480,0.24979026511857585,13__mutated,PertCortex_13_CAGCAGCAGCTAAACA,4.776421627596474
20481,0.08391149982400856,13__mutated,PertCortex_13_CAGCAGCAGTGAAGAG,3.4356862286301113
20482,0.14691090567982842,13__mutated,PertCortex_13_CAGCAGCCAGACGCAA,5.056112714465591
20483,0.11937887457795689,13__mutated,PertCortex_13_CAGCAGCCATCACGAT,4.293858803835452
20484,0.038364685152580916,13__mutated,PertCortex_13_CAGCAGCCATGTCGAT,3.241877311093993
20485,0.1294643603516302,13__mutated,PertCortex_13_CAGCAGCTCAACCATG,4.5052480195293025
20486,0.10862670715347315,13__mutated,PertCortex_13_CAGCAGCTCACTATTC,4.579338443101292
20487,0.11816942920846674,13__mutated,PertCortex_13_CAGCAGCTCTCACATT,3.8533572916384333
20488,0.10637805204561591,13__mutated,PertCortex_13_CAGCATAAGCAACGGT,5.363886496781403
20489,0.16171262055626567,13__mutated,PertCortex_13_CAGCATACAAAGAATC,3.0251796181975994
20490,0.6558899592291464,13__mutated,PertCortex_13_CAGCATACAAAGGCGT,2.342875379640294
20491,0.26075275669523645,13__mutated,PertCortex_13_CAGCATACAGACGCTC,4.631812349587497
20492,0.08204647841797696,13__mutated,PertCortex_13_CAGCATACAGCATGAG,4.605764499231192
20493,0.1726608806616392,13__mutated,PertCortex_13_CAGCATACAGTATAAG,2.7928702201733957
20494,0.20201575934892818,13__mutated,PertCortex_13_CAGCATAGTCTGCGGT,5.5083923693222605
20495,0.192008065979861,13__mutated,PertCortex_13_CAGCATATCGGCGGTT,2.6320145571264093
20496,0.25122574057178876,13__mutated,PertCortex_13_CAGCATATCTCGTTTA,3.72765991513537
20497,0.17551493167321125,13__mutated,PertCortex_13_CAGCCGACAGTAACGG,4.835132959872084
20498,0.3880466727886318,13__mutated,PertCortex_13_CAGCCGACATCAGTCA,2.209580354248216
20499,0.18505528927321946,13__mutated,PertCortex_13_CAGCCGAGTACAGCAG,3.198025922423775
20500,0.2727647452013136,13__mutated,PertCortex_13_CAGCCGATCCATGCTC,2.50567790961472
20501,0.15691571472988833,13__mutated,PertCortex_13_CAGCCGATCTCCAGGG,4.794083727152998
20502,0.1416879546340317,13__mutated,PertCortex_13_CAGCCGATCTGGTGTA,3.325471918471276
20503,0.13332882396551998,13__mutated,PertCortex_13_CAGCGACAGAGTGACC,5.241086097716075
20504,0.172840280137137,13__mutated,PertCortex_13_CAGCGACAGCGTCTAT,3.5191116733737573
20505,0.055228326161707496,13__mutated,PertCortex_13_CAGCGACAGGGCATGT,3.0631684604753544
20506,0.08044981595226758,13__mutated,PertCortex_13_CAGCGACAGTTGTCGT,3.688595529443025
20507,0.04589523598340343,13__mutated,PertCortex_13_CAGCGACCAGGGATTG,4.348998895930705
20508,0.049467195711937174,13__mutated,PertCortex_13_CAGCGACGTCGCGAAA,3.746572218113224
20509,0.2014233308389342,13__mutated,PertCortex_13_CAGCTAAAGTACGCCC,2.9847815557302804
20510,0.19145578302532412,13__mutated,PertCortex_13_CAGCTAACAGCAGTTT,3.865573587509081
20511,0.23830022169716003,13__mutated,PertCortex_13_CAGCTAACAGCTGCAC,4.825410298422976
20512,0.18069815049225213,13__mutated,PertCortex_13_CAGCTAATCCCGGATG,3.8115367297828326
20513,0.13291294269959025,13__mutated,PertCortex_13_CAGCTAATCGACGGAA,5.084160040762763
20514,0.05171523914959225,13__mutated,PertCortex_13_CAGCTAATCTGCTTGC,3.9380452658432374
20515,0.5104506729397242,13__mutated,PertCortex_13_CAGCTGGAGCTAAGAT,2.3742492002327515
20516,0.10163430023046893,13__mutated,PertCortex_13_CAGCTGGAGTGAAGTT,3.799420670860491
20517,0.1349605789635186,13__mutated,PertCortex_13_CAGCTGGCAGTATCTG,4.226778020949548
20518,0.2520828202110293,13__mutated,PertCortex_13_CAGCTGGGTTTAGCTG,4.770348926178456
20519,0.19292346699769014,13__mutated,PertCortex_13_CAGCTGGTCAACACCA,3.6638608917771465
20520,0.2140783188488285,13__mutated,PertCortex_13_CAGCTGGTCATCGATG,5.249513772989435
20521,0.17952283142590003,13__mutated,PertCortex_13_CAGGTGCAGGCCATAG,4.532013038023201
20522,0.07932876737605513,13__mutated,PertCortex_13_CAGGTGCCATCCCATC,4.380994831761677
20523,0.054579316580668634,13__mutated,PertCortex_13_CAGGTGCGTCCGTCAG,4.297177039016146
20524,0.13205905276612043,13__mutated,PertCortex_13_CAGGTGCTCGTCTGCT,3.5586084307705046
20525,0.11086983511969653,13__mutated,PertCortex_13_CAGGTGCTCTGAGGGA,4.0727297573378705
20526,0.10690137910466575,13__mutated,PertCortex_13_CAGTAACAGTGAACGC,3.989233163794851
20527,0.123515361008467,13__mutated,PertCortex_13_CAGTAACAGTGCGTGA,3.8776572998064696
20528,0.14595065365400942,13__mutated,PertCortex_13_CAGTAACCAACACGCC,3.4238319820483456
20529,0.22645587114563942,13__mutated,PertCortex_13_CAGTAACGTCCGAACC,5.242932081972953
20530,0.05603032289345662,13__mutated,PertCortex_13_CAGTAACTCTGTTGAG,4.784287203274907
20531,0.11590118682098409,13__mutated,PertCortex_13_CAGTCCTAGCCAGTAG,3.916457936279507
20532,0.22745469781517244,13__mutated,PertCortex_13_CAGTCCTAGCTTATCG,5.282427445088875
20533,0.1361126278338056,13__mutated,PertCortex_13_CAGTCCTAGGCTCATT,3.0536092227382143
20534,0.1431809072026137,13__mutated,PertCortex_13_CAGTCCTCAAGCGATG,1.8993364190566204
20535,0.20337547664435235,13__mutated,PertCortex_13_CAGTCCTCAAGGCTCC,3.614691929820948
20536,0.20220881311380184,13__mutated,PertCortex_13_CAGTCCTCACGCTTTC,5.331264911197747
20537,0.1832533987258302,13__mutated,PertCortex_13_CAGTCCTCATTAACCG,3.511583148604535
20538,0.11481173780784418,13__mutated,PertCortex_13_CAGTCCTGTGATGCCC,5.160610870491471
20539,0.36300160866551584,13__mutated,PertCortex_13_CAGTCCTGTGCAGGTA,3.6923536049822405
20540,0.12778352223538428,13__mutated,PertCortex_13_CAGTCCTGTTCCCTTG,5.1476417208211735
20541,0.22384736935732347,13__mutated,PertCortex_13_CAGTCCTTCACAATGC,4.158371555503276
20542,0.6674750829780921,13__mutated,PertCortex_13_CAGTCCTTCTCGTTTA,1.772520750036565
20543,0.16789573763941598,13__mutated,PertCortex_13_CATATGGAGGAACTGC,1.6176795853581625
20544,0.20922014357926477,13__mutated,PertCortex_13_CATATGGAGGTGACCA,5.385096067110808
20545,0.16448179399584992,13__mutated,PertCortex_13_CATATGGTCACCAGGC,3.319006035347194
20546,0.06824428568595686,13__mutated,PertCortex_13_CATATGGTCCATGCTC,4.155623789550765
20547,0.10493945743676453,13__mutated,PertCortex_13_CATATGGTCTGCAAGT,4.104309114831898
20548,0.21544373212684945,13__mutated,PertCortex_13_CATATGGTCTTCATGT,4.064734948907449
20549,0.09533437570580743,13__mutated,PertCortex_13_CATATTCAGAAACCAT,3.4034052602293863
20550,0.14400949993318493,13__mutated,PertCortex_13_CATATTCAGCCCAACC,5.2607736285781135
20551,0.09607909168807091,13__mutated,PertCortex_13_CATATTCAGCTAAACA,4.212987411364652
20552,0.17205075839263312,13__mutated,PertCortex_13_CATATTCCAATGCCAT,4.448431849180422
20553,0.12163279997347463,13__mutated,PertCortex_13_CATATTCCAGCCACCA,3.6690459088698613
20554,0.09241380853100109,13__mutated,PertCortex_13_CATATTCCATCGATGT,5.470936492330057
20555,0.5156022032081491,13__mutated,PertCortex_13_CATATTCGTTGACGTT,1.841231320702535
20556,0.20569007193845532,13__mutated,PertCortex_13_CATATTCTCCTGCAGG,4.358702263135174
20557,0.18142995933295125,13__mutated,PertCortex_13_CATATTCTCTATGTGG,4.538315494760881
20558,0.3383479683741366,13__mutated,PertCortex_13_CATCAAGAGAGCTGCA,2.0568277998501516
20559,0.14896357207234723,13__mutated,PertCortex_13_CATCAAGAGAGGTTGC,3.746503968645132
20560,0.22872321926180214,13__mutated,PertCortex_13_CATCAAGAGCAATATG,2.919166102642298
20561,0.19364344528481764,13__mutated,PertCortex_13_CATCAAGCAGCATGAG,4.107973567982343
20562,0.11404661306756637,13__mutated,PertCortex_13_CATCAAGCATGTCGAT,3.5294046730765056
20563,0.1271424949978084,13__mutated,PertCortex_13_CATCAGAAGATGTGTA,3.8399101962071844
20564,0.10850577625327772,13__mutated,PertCortex_13_CATCAGAAGCGATATA,4.468354811557357
20565,0.33606105915549306,13__mutated,PertCortex_13_CATCAGAAGTCCAGGA,2.556417252630956
20566,0.1309286916109387,13__mutated,PertCortex_13_CATCAGAAGTTAAGTG,4.748389330619936
20567,0.13780471930261592,13__mutated,PertCortex_13_CATCAGACATCACGAT,4.492323691361358
20568,0.20861272634870848,13__mutated,PertCortex_13_CATCAGAGTCTCAACA,4.532399086142246
20569,0.1564491514043483,13__mutated,PertCortex_13_CATCAGAGTTCCGGCA,3.2824689522583173
20570,0.11501194856558318,13__mutated,PertCortex_13_CATCAGATCAACCAAC,4.300617716591388
20571,0.06093477950802831,13__mutated,PertCortex_13_CATCAGATCAAGCCTA,4.265890537673901
20572,0.10928787874697497,13__mutated,PertCortex_13_CATCAGATCACCACCT,3.9384237674920466
20573,0.17324554520760285,13__mutated,PertCortex_13_CATCCACAGACAATAC,4.809550526110343
20574,0.1911609098534244,13__mutated,PertCortex_13_CATCCACAGTTTCCTT,4.440300361850429
20575,0.1408569204204912,13__mutated,PertCortex_13_CATCCACCACGGACAA,3.2028953712656625
20576,0.20095049141538798,13__mutated,PertCortex_13_CATCCACCATCCGCGA,4.903299670779695
20577,0.22575608930797106,13__mutated,PertCortex_13_CATCCACTCGGAGCAA,2.574020061115334
20578,0.21348712323055258,13__mutated,PertCortex_13_CATCCACTCTAACTGG,2.5083361813042404
20579,0.11496133705119645,13__mutated,PertCortex_13_CATCGAAAGGCGTACA,3.6047226775014134
20580,0.20126514563446107,13__mutated,PertCortex_13_CATCGAAAGTACGTTC,5.111436046415499
20581,0.03791879398429012,13__mutated,PertCortex_13_CATCGAAGTAGTACCT,3.9035481018841827
20582,0.07851463137897217,13__mutated,PertCortex_13_CATCGAAGTCTTGATG,4.573553793410504
20583,0.2875062652722175,13__mutated,PertCortex_13_CATCGAAGTGGGTCAA,2.5419567821619764
20584,0.07388832559906057,13__mutated,PertCortex_13_CATCGAAGTTCATGGT,3.9996327464688384
20585,0.03032258347466747,13__mutated,PertCortex_13_CATCGAATCGGATGGA,4.087165298344449
20586,0.1849259702260921,13__mutated,PertCortex_13_CATCGAATCGTTACAG,5.4977977801045395
20587,0.17875855592055429,13__mutated,PertCortex_13_CATCGAATCTAGCACA,4.94837057677094
20588,0.14148633103534616,13__mutated,PertCortex_13_CATCGAATCTCCAGGG,4.809681707987625
20589,0.21733883300701506,13__mutated,PertCortex_13_CATCGGGAGATCCCAT,3.852912020894918
20590,0.1786732688828814,13__mutated,PertCortex_13_CATCGGGAGTGTTAGA,4.748826801518909
20591,0.09487415519011098,13__mutated,PertCortex_13_CATCGGGAGTTCGCAT,3.4783820194229333
20592,0.23580353883643404,13__mutated,PertCortex_13_CATCGGGCACGAAGCA,4.585672527576698
20593,0.09753721627705932,13__mutated,PertCortex_13_CATCGGGGTAGCGCAA,4.076934318949615
20594,0.20781302014750141,13__mutated,PertCortex_13_CATCGGGGTTTGTTTC,3.3725141443011655
20595,0.1201469174462859,13__mutated,PertCortex_13_CATCGGGTCCGTTGCT,4.199696378380426
20596,0.14728174554665552,13__mutated,PertCortex_13_CATCGGGTCTCTGTCG,3.453875754632668
20597,0.06404696998157657,13__mutated,PertCortex_13_CATGACAAGCCGATTT,3.1792140611293793
20598,0.12136387881467767,13__mutated,PertCortex_13_CATGACACAAGCCGCT,4.631579608404118
20599,0.11957148988295939,13__mutated,PertCortex_13_CATGACATCGCCTGTT,4.900367103998176
20600,0.18620811794797676,13__mutated,PertCortex_13_CATGACATCTGAAAGA,4.3182071358542125
20601,0.1989628354785306,13__mutated,PertCortex_13_CATGACATCTTGCATT,5.166349243431586
20602,0.03849133416562338,13__mutated,PertCortex_13_CATGCCTAGATGTTAG,4.531219989043973
20603,0.23487000454215315,13__mutated,PertCortex_13_CATGCCTAGTGGGATC,3.256066446160018
20604,0.08991859520905392,13__mutated,PertCortex_13_CATGCCTCACATTAGC,4.576536676765232
20605,0.11454638539791541,13__mutated,PertCortex_13_CATGCCTCAGATCTGT,4.121348956152973
20606,0.1264495016366386,13__mutated,PertCortex_13_CATGCCTGTAACGTTC,3.07540113277477
20607,0.13980229369270988,13__mutated,PertCortex_13_CATGCCTGTAAGTAGT,2.703621027769969
20608,0.08630239571357258,13__mutated,PertCortex_13_CATGCCTGTATAGGTA,4.304312232331207
20609,0.08042956354110205,13__mutated,PertCortex_13_CATGCCTGTGGAAAGA,3.669098470441095
20610,0.07708929927387331,13__mutated,PertCortex_13_CATGCCTTCTGTACGA,5.573025055055719
20611,0.5693572750905092,13__mutated,PertCortex_13_CATGGCGCACAGGAGT,3.0250008467081266
20612,0.1743507572724316,13__mutated,PertCortex_13_CATGGCGGTCCTGCTT,3.5693287631951534
20613,0.10117748541990786,13__mutated,PertCortex_13_CATGGCGGTCGAATCT,3.3960560074333523
20614,0.23516177381446163,13__mutated,PertCortex_13_CATGGCGTCAGAGCTT,4.3627891997524015
20615,0.2280130342357851,13__mutated,PertCortex_13_CATTATCAGAGCTATA,4.589663752629443
20616,0.1905189258560812,13__mutated,PertCortex_13_CATTATCCAAAGAATC,4.402696876636808
20617,0.21602291457824463,13__mutated,PertCortex_13_CATTATCGTAAGAGGA,5.214021246296139
20618,0.07649001137422679,13__mutated,PertCortex_13_CATTCGCGTCTAGTGT,4.530193405871153
20619,0.1644394854940384,13__mutated,PertCortex_13_CATTCGCTCCCATTAT,5.438372584023757
20620,0.10512943081911459,13__mutated,PertCortex_13_CCAATCCAGGAACTGC,4.243939441136823
20621,0.10508715672746546,13__mutated,PertCortex_13_CCAATCCAGGAGCGAG,3.909578172150335
20622,0.1071785243222854,13__mutated,PertCortex_13_CCAATCCAGTATCTCG,3.2778706620908062
20623,0.12435007926155146,13__mutated,PertCortex_13_CCAATCCAGTGTCTCA,3.7811187732785334
20624,0.09103516415862402,13__mutated,PertCortex_13_CCAATCCCAAGGACAC,4.314427329520411
20625,0.17156473118374668,13__mutated,PertCortex_13_CCAATCCCAGACAAGC,5.035459248040109
20626,0.07150933615673974,13__mutated,PertCortex_13_CCAATCCCATTAGGCT,3.5094824922645156
20627,0.19207276936780687,13__mutated,PertCortex_13_CCAATCCGTACCGAGA,4.594597218869002
20628,0.12225658954842408,13__mutated,PertCortex_13_CCAATCCGTCATATGC,3.300321448470438
20629,0.20081866039300483,13__mutated,PertCortex_13_CCACCTAAGAGGTTGC,5.077340773082515
20630,0.12038871545598759,13__mutated,PertCortex_13_CCACCTAAGCCAGAAC,3.799142956839095
20631,0.1256609198666302,13__mutated,PertCortex_13_CCACCTAAGTACGCGA,5.480732927566396
20632,0.19487466384811455,13__mutated,PertCortex_13_CCACCTACAGATGAGC,2.9484951390266767
20633,0.14346568977955496,13__mutated,PertCortex_13_CCACCTACATGTCTCC,5.32084107456074
20634,0.17581593723436537,13__mutated,PertCortex_13_CCACCTAGTACGCACC,5.538028805797123
20635,0.07410186488080014,13__mutated,PertCortex_13_CCACCTAGTTCTGGTA,3.626429124689987
20636,0.13775758068359834,13__mutated,PertCortex_13_CCACCTATCCAAGCCG,3.1141697377261908
20637,0.1441458662591117,13__mutated,PertCortex_13_CCACCTATCGTTGCCT,5.097633045511421
20638,0.112518118586096,13__mutated,PertCortex_13_CCACCTATCTAAGCCA,3.2356244785352732
20639,0.5339705734974993,13__mutated,PertCortex_13_CCACGGAAGCCAGAAC,1.6142318658247004
20640,0.17534597516095554,13__mutated,PertCortex_13_CCACGGAAGTGTTTGC,5.103517379523846
20641,0.11930063603208017,13__mutated,PertCortex_13_CCACGGACAGACGCAA,4.123648340261185
20642,0.15323711436900037,13__mutated,PertCortex_13_CCACGGATCCTGCTTG,3.609072735450108
20643,0.20973058534217884,13__mutated,PertCortex_13_CCACGGATCGCGGATC,4.945547620176339
20644,0.09779400266338684,13__mutated,PertCortex_13_CCACTACAGATCCGAG,2.823235603390373
20645,0.3928018929705253,13__mutated,PertCortex_13_CCACTACAGCGCCTCA,3.630822400658213
20646,0.15244197326958955,13__mutated,PertCortex_13_CCACTACAGGCTCAGA,4.825307654488403
20647,0.06328715655631721,13__mutated,PertCortex_13_CCACTACAGTTCGCGC,4.524086835041889
20648,0.40152916721632814,13__mutated,PertCortex_13_CCACTACCACACCGAC,1.9854330284553672
20649,0.21134637585206953,13__mutated,PertCortex_13_CCACTACCATCACAAC,3.724967875694175
20650,0.2797812641230162,13__mutated,PertCortex_13_CCACTACGTAGAGTGC,4.715823204640057
20651,0.08865944832670673,13__mutated,PertCortex_13_CCACTACGTGCAACTT,3.711871420562974
20652,0.08096310736223696,13__mutated,PertCortex_13_CCACTACTCGCGTTTC,3.8756936146372185
20653,0.18592953233921516,13__mutated,PertCortex_13_CCACTACTCGTCCAGG,4.957305963216288
20654,0.6012999517275166,13__mutated,PertCortex_13_CCAGCGAAGCCGGTAA,2.4516252759302897
20655,0.2007604524329153,13__mutated,PertCortex_13_CCAGCGAAGGGCTCTC,3.8346192689088503
20656,0.5558196736407316,13__mutated,PertCortex_13_CCAGCGAAGGTGCTTT,1.5592852388943697
20657,0.06270084482201944,13__mutated,PertCortex_13_CCAGCGAAGTGATCGG,3.3631463242864608
20658,0.3425237966868052,13__mutated,PertCortex_13_CCAGCGAAGTGGTAAT,2.2328346413496503
20659,0.13583412030857187,13__mutated,PertCortex_13_CCAGCGAGTAACGCGA,4.271887875719432
20660,0.14081161272170678,13__mutated,PertCortex_13_CCAGCGATCAGCTGGC,3.728480246309371
20661,0.251856569875628,13__mutated,PertCortex_13_CCAGCGATCTGCTTGC,3.5240108084974118
20662,0.27372063097547544,13__mutated,PertCortex_13_CCATGTCCACATTTCT,2.3117991394987167
20663,0.12506717060643377,13__mutated,PertCortex_13_CCATGTCCATACTACG,4.274502859245287
20664,0.06514640850884425,13__mutated,PertCortex_13_CCATGTCCATGTCCTC,4.602096031236885
20665,0.19677414165241314,13__mutated,PertCortex_13_CCATGTCGTAGCTAAA,3.7159083614591477
20666,0.17542744934096968,13__mutated,PertCortex_13_CCATGTCTCAGGCCCA,4.973439478221309
20667,0.20294675584739524,13__mutated,PertCortex_13_CCATGTCTCCATGAAC,3.9730631670281196
20668,0.07562578127403978,13__mutated,PertCortex_13_CCATGTCTCGTAGATC,4.227832129684853
20669,0.13348510246453696,13__mutated,PertCortex_13_CCATTCGAGATATGCA,4.9709306890201
20670,0.08459382084777639,13__mutated,PertCortex_13_CCATTCGAGTACTTGC,3.516664596894222
20671,0.16829454043191439,13__mutated,PertCortex_13_CCATTCGAGTGAATTG,5.030381670856978
20672,0.16581668957003687,13__mutated,PertCortex_13_CCATTCGGTAAATACG,4.516591618613193
20673,0.19402129898200554,13__mutated,PertCortex_13_CCATTCGGTACATCCA,3.9404506742733147
20674,0.03254105520672037,13__mutated,PertCortex_13_CCATTCGTCCCGACTT,3.6527072531162856
20675,0.12450306159864981,13__mutated,PertCortex_13_CCATTCGTCGGCTACG,4.0002598250595796
20676,0.26957665994382807,13__mutated,PertCortex_13_CCCAATCAGAGTAAGG,2.4142833640794814
20677,0.23176033473118463,13__mutated,PertCortex_13_CCCAATCGTCCGCTGA,4.8266620712268855
20678,0.15461980977333223,13__mutated,PertCortex_13_CCCAATCTCCTACAGA,4.031129369179709
20679,0.16309976575541849,13__mutated,PertCortex_13_CCCAATCTCCTCAACC,4.726184001826586
20680,0.15839217777365447,13__mutated,PertCortex_13_CCCAGTTAGCTTCGCG,5.6338325161889955
20681,0.136513407014809,13__mutated,PertCortex_13_CCCAGTTAGGAGCGAG,3.9993370725818367
20682,0.2075559512470292,13__mutated,PertCortex_13_CCCAGTTAGGATATAC,4.166251222371235
20683,0.11813155248031447,13__mutated,PertCortex_13_CCCAGTTCAACACCTA,3.1345163198234176
20684,0.3569240959987133,13__mutated,PertCortex_13_CCCAGTTCAAGGACAC,2.5090497849049607
20685,0.15361901287970367,13__mutated,PertCortex_13_CCCAGTTCACAAGACG,4.807715604004106
20686,0.20897949276959632,13__mutated,PertCortex_13_CCCAGTTCAGGGTATG,5.13810140791771
20687,0.20297763535289298,13__mutated,PertCortex_13_CCCAGTTCATAGTAAG,3.4658049573773844
20688,0.1077342190347923,13__mutated,PertCortex_13_CCCAGTTCATCACGAT,5.093049316880902
20689,0.15222643801457714,13__mutated,PertCortex_13_CCCAGTTCATGAACCT,3.45750402598909
20690,0.1461773622199085,13__mutated,PertCortex_13_CCCAGTTGTCCCTTGT,3.420959163189892
20691,0.24967374008095375,13__mutated,PertCortex_13_CCCAGTTGTCTAAAGA,3.3897621887699234
20692,0.1411903787608662,13__mutated,PertCortex_13_CCCAGTTGTCTCTTTA,4.69150458615369
20693,0.05268787969441736,13__mutated,PertCortex_13_CCCAGTTTCCTTGACC,3.104127314952675
20694,0.16411789117499348,13__mutated,PertCortex_13_CCCAGTTTCTGCGGCA,2.974590119792697
20695,0.17652911361507864,13__mutated,PertCortex_13_CCCATACAGATATACG,5.55065381653066
20696,0.24170488781957258,13__mutated,PertCortex_13_CCCATACAGCTAGTTC,3.335457875741413
20697,0.15802039775825613,13__mutated,PertCortex_13_CCCATACCACGGCGTT,5.230576318966739
20698,0.23834112882580819,13__mutated,PertCortex_13_CCCATACGTAATAGCA,2.588968235835238
20699,0.2471389362307074,13__mutated,PertCortex_13_CCCATACGTACTCTCC,4.445327488581425
20700,0.11689353267955829,13__mutated,PertCortex_13_CCCATACGTATGGTTC,2.8665025420996812
20701,0.08002771648094134,13__mutated,PertCortex_13_CCCATACGTTAAGATG,4.254739526227989
20702,0.3988432941405439,13__mutated,PertCortex_13_CCCATACGTTCTGAAC,2.046383394859858
20703,0.16900177818316045,13__mutated,PertCortex_13_CCCATACTCCATGCTC,5.063914137647313
20704,0.19471694663854672,13__mutated,PertCortex_13_CCCTCCTAGCTAACAA,4.972295897012921
20705,0.2271945521429255,13__mutated,PertCortex_13_CCCTCCTAGGCAGGTT,4.5852940122486565
20706,0.12541718519690945,13__mutated,PertCortex_13_CCCTCCTAGTACGTAA,5.081931284582036
20707,0.5512461330811967,13__mutated,PertCortex_13_CCCTCCTGTATCAGTC,2.5410466585018945
20708,0.1293883467650196,13__mutated,PertCortex_13_CCCTCCTGTCAGTGGA,4.4562590125024615
20709,0.13909444190869294,13__mutated,PertCortex_13_CCCTCCTGTCTAAACC,4.817684217298788
20710,0.15503871337330427,13__mutated,PertCortex_13_CCCTCCTGTGAGGCTA,4.171744373425766
20711,0.14750555520276287,13__mutated,PertCortex_13_CCCTCCTGTGCCTGTG,5.45045794793123
20712,0.18643723970721987,13__mutated,PertCortex_13_CCGGGATAGCATCATC,5.566406574954388
20713,0.045842821286414794,13__mutated,PertCortex_13_CCGGGATCAATCCGAT,3.591843247270034
20714,0.06622369658886147,13__mutated,PertCortex_13_CCGGGATCATAGAAAC,3.436519844826488
20715,0.18078542363760408,13__mutated,PertCortex_13_CCGGGATGTACGCTGC,4.480653436653882
20716,0.19277360763365878,13__mutated,PertCortex_13_CCGGGATTCTTCATGT,4.828521289118595
20717,0.18249998314483443,13__mutated,PertCortex_13_CCGGTAGAGAGACTAT,4.6868792764044995
20718,0.17291012528624003,13__mutated,PertCortex_13_CCGGTAGAGCTAGTCT,2.844460660683361
20719,0.22742526407134347,13__mutated,PertCortex_13_CCGGTAGCAAGAAGAG,4.258727171042831
20720,0.08722891007284155,13__mutated,PertCortex_13_CCGGTAGCAAGTCTAC,4.610453297902972
20721,0.23163779533271298,13__mutated,PertCortex_13_CCGGTAGCAGATGGCA,2.9827561286364968
20722,0.10040124800789378,13__mutated,PertCortex_13_CCGGTAGCATTACCTT,2.454797017647664
20723,0.13199241183576957,13__mutated,PertCortex_13_CCGGTAGGTATAATGG,4.703649926837863
20724,0.14450192719486812,13__mutated,PertCortex_13_CCGGTAGTCACAAACC,4.080080973214739
20725,0.09127728491610962,13__mutated,PertCortex_13_CCGTACTAGCTAAACA,4.736658878938656
20726,0.04949567253053246,13__mutated,PertCortex_13_CCGTACTAGTATCGAA,4.18600555807378
20727,0.12252294315265139,13__mutated,PertCortex_13_CCGTACTCAATCACAC,4.210323381520771
20728,0.20542103916308704,13__mutated,PertCortex_13_CCGTACTGTCTTGTCC,3.256168842710989
20729,0.1690423164917589,13__mutated,PertCortex_13_CCGTACTGTGTGGTTT,4.682197453949975
20730,0.20064280001597906,13__mutated,PertCortex_13_CCGTACTTCCGCATCT,4.727005109996073
20731,0.26116017727127583,13__mutated,PertCortex_13_CCGTACTTCTGTTGAG,3.0002275446918802
20732,0.09844366616401498,13__mutated,PertCortex_13_CCGTGGAAGCACAGGT,3.676239503841303
20733,0.04859344396979923,13__mutated,PertCortex_13_CCGTGGAAGCTAAGAT,3.2660227940295044
20734,0.17395738382011464,13__mutated,PertCortex_13_CCGTGGAAGGCACATG,4.626481401523112
20735,0.1272043573558395,13__mutated,PertCortex_13_CCGTGGAAGTTGAGTA,5.079401942057165
20736,0.10640070527393727,13__mutated,PertCortex_13_CCGTGGACAGCTGTTA,4.435971205819293
20737,0.1850931279427375,13__mutated,PertCortex_13_CCGTGGAGTCAGTGGA,4.881602738919879
20738,0.10654989262417273,13__mutated,PertCortex_13_CCGTGGAGTGAAGGCT,5.209624320306379
20739,0.13270402662204164,13__mutated,PertCortex_13_CCGTGGATCGATCCCT,4.759811316676624
20740,0.22976735380741464,13__mutated,PertCortex_13_CCGTGGATCGTACGGC,4.335906878376258
20741,0.14113615970969526,13__mutated,PertCortex_13_CCGTGGATCGTGGTCG,4.700775579558368
20742,0.09307638920671872,13__mutated,PertCortex_13_CCGTGGATCTGACCTC,3.7221259406083784
20743,0.12424543975119197,13__mutated,PertCortex_13_CCGTTCACAACACGCC,4.791035623626866
20744,0.1949047809878309,13__mutated,PertCortex_13_CCGTTCAGTATATCCG,4.324655210645447
20745,0.13219384816073157,13__mutated,PertCortex_13_CCGTTCAGTCAACATC,5.426250228836582
20746,0.015211292217765746,13__mutated,PertCortex_13_CCGTTCAGTGTCCTCT,4.769073641745432
20747,0.1740075798221631,13__mutated,PertCortex_13_CCGTTCAGTGTTCTTT,4.970697716527947
20748,0.13961011957135666,13__mutated,PertCortex_13_CCGTTCATCAAAGTAG,5.190191281325761
20749,0.11930436922380246,13__mutated,PertCortex_13_CCGTTCATCGCAAGCC,4.282305089125074
20750,0.08763354827444017,13__mutated,PertCortex_13_CCTAAAGAGTCTCCTC,4.414180640717165
20751,0.10571191098535955,13__mutated,PertCortex_13_CCTAAAGCATGCCACG,3.905300647364783
20752,0.23657233758897683,13__mutated,PertCortex_13_CCTAAAGGTAAATGAC,2.9735920890028846
20753,0.11904402692905881,13__mutated,PertCortex_13_CCTAAAGGTTCAACCA,5.098388432468033
20754,0.14993039791613016,13__mutated,PertCortex_13_CCTAAAGTCGTAGGAG,2.435717541315242
20755,0.15080199166860303,13__mutated,PertCortex_13_CCTAAAGTCGTCTGAA,3.4984527006533033
20756,0.18081045879562405,13__mutated,PertCortex_13_CCTACACAGATATACG,5.0333913699803245
20757,0.16387073502708402,13__mutated,PertCortex_13_CCTACACAGCGGATCA,2.980537754557271
20758,0.12057341110567027,13__mutated,PertCortex_13_CCTACACAGGGAACGG,3.1675631558347157
20759,0.2049114591762799,13__mutated,PertCortex_13_CCTACACAGTCGCCGT,4.956775133615858
20760,0.013704943528539812,13__mutated,PertCortex_13_CCTACACCAGGTTTCA,3.4208383248178347
20761,0.09721744645176292,13__mutated,PertCortex_13_CCTACACCATCCTAGA,3.673157642690696
20762,0.252981245753126,13__mutated,PertCortex_13_CCTACACCATGTTGAC,4.515955550590472
20763,0.09833331779667345,13__mutated,PertCortex_13_CCTACACTCATCGCTC,4.545836221044863
20764,0.08241056980156465,13__mutated,PertCortex_13_CCTACCAAGGGTTCCC,3.9292687227364786
20765,0.12411393519401517,13__mutated,PertCortex_13_CCTACCACACTGTTAG,3.5746361048645943
20766,0.13627801924052932,13__mutated,PertCortex_13_CCTACCACAGCCAATT,5.483476064226419
20767,0.2082931777247693,13__mutated,PertCortex_13_CCTACCAGTAAGCACG,4.520989048088554
20768,0.040712061640499404,13__mutated,PertCortex_13_CCTACCAGTCATCGGC,4.0242897064847725
20769,0.12750640068609145,13__mutated,PertCortex_13_CCTACCAGTTACGACT,3.5633443551983546
20770,0.24915326856914183,13__mutated,PertCortex_13_CCTACCATCGACAGCC,4.646414145944684
20771,0.043841070960841166,13__mutated,PertCortex_13_CCTACCATCGGACAAG,2.802735990417931
20772,0.14732398486002699,13__mutated,PertCortex_13_CCTACCATCTCTGAGA,3.0060533960446403
20773,0.1777065174424214,13__mutated,PertCortex_13_CCTAGCTAGAGCTTCT,5.226237289867936
20774,0.13656243857061726,13__mutated,PertCortex_13_CCTAGCTAGGGTCGAT,4.57645505093839
20775,0.06084325624349358,13__mutated,PertCortex_13_CCTAGCTCAGCTCCGA,4.836769848711592
20776,0.26290323541986677,13__mutated,PertCortex_13_CCTAGCTCAGTTCCCT,5.235568582695642
20777,0.19005223600578383,13__mutated,PertCortex_13_CCTAGCTGTAGGGACT,5.002391615126178
20778,0.10299928180202228,13__mutated,PertCortex_13_CCTAGCTGTATCAGTC,3.567166783704646
20779,0.4334289364703266,13__mutated,PertCortex_13_CCTAGCTGTGTAAGTA,2.0259906684184092
20780,0.2218001837881911,13__mutated,PertCortex_13_CCTAGCTGTTTGTGTG,3.800801763687037
20781,0.11691812166381951,13__mutated,PertCortex_13_CCTATTACAGACTCGC,4.263343212741169
20782,0.16202455432284754,13__mutated,PertCortex_13_CCTATTAGTTTAGCTG,4.611875795004198
20783,0.18626472798225374,13__mutated,PertCortex_13_CCTATTATCGAGAACG,4.5374918471731345
20784,0.20126607477067013,13__mutated,PertCortex_13_CCTCAGTAGTACGCGA,4.556612328984289
20785,0.10213941522103591,13__mutated,PertCortex_13_CCTCAGTCACCAGATT,4.2220986140123875
20786,0.23185864232982212,13__mutated,PertCortex_13_CCTCAGTGTCGACTGC,2.775268558959154
20787,0.19275818209077095,13__mutated,PertCortex_13_CCTCAGTTCTCCGGTT,5.123664396878599
20788,0.45160344480900344,13__mutated,PertCortex_13_CCTCTGAAGACAGGCT,2.2414191913249235
20789,0.574690372065886,13__mutated,PertCortex_13_CCTCTGAAGCCACTAT,1.6873074525936997
20790,0.11921038420732707,13__mutated,PertCortex_13_CCTCTGAAGTTGCAGG,4.028753685711846
20791,0.034072912243052526,13__mutated,PertCortex_13_CCTCTGACAGCGTCCA,4.352781529247595
20792,0.12026813774793134,13__mutated,PertCortex_13_CCTCTGACAGCTTAAC,2.482713532350589
20793,0.1318633812253319,13__mutated,PertCortex_13_CCTCTGATCCGTCATC,4.534314498339447
20794,0.12770504152405113,13__mutated,PertCortex_13_CCTTACGAGACAGAGA,2.7606014655009976
20795,0.07061439904149654,13__mutated,PertCortex_13_CCTTACGAGAGCAATT,4.831964062541786
20796,0.7274964552793751,13__mutated,PertCortex_13_CCTTACGAGCACACAG,2.0426532261901915
20797,0.09196508985451284,13__mutated,PertCortex_13_CCTTACGCACTAGTAC,3.9388453121943847
20798,0.2217065778727453,13__mutated,PertCortex_13_CCTTACGCACTGCCAG,3.411412676026304
20799,0.0932846570482089,13__mutated,PertCortex_13_CCTTACGCATGCCTTC,3.3276979974377308
20800,0.2426436402305448,13__mutated,PertCortex_13_CCTTACGGTCTAAAGA,3.1153440821426477
20801,0.12025555129661758,13__mutated,PertCortex_13_CCTTACGTCAGTGTTG,3.9112536249095156
20802,0.05597836126343253,13__mutated,PertCortex_13_CCTTACGTCCATTCTA,4.117936322939693
20803,0.18523860101496833,13__mutated,PertCortex_13_CCTTACGTCGAACTGT,5.468827560945536
20804,0.12345378426991088,13__mutated,PertCortex_13_CCTTCCCAGTCAAGCG,4.6899215350903045
20805,0.11460234745417328,13__mutated,PertCortex_13_CCTTCCCCACAGAGGT,5.364245428353013
20806,0.16427064690217738,13__mutated,PertCortex_13_CCTTCCCGTACATCCA,4.346028514173567
20807,0.08598886309648147,13__mutated,PertCortex_13_CCTTCCCGTACGAAAT,4.772682337209054
20808,0.18055826454237833,13__mutated,PertCortex_13_CCTTCCCGTCCGCTGA,3.1879225981351125
20809,0.11654796765003833,13__mutated,PertCortex_13_CCTTCCCTCCACGTGG,4.775698690954065
20810,0.2908891507029009,13__mutated,PertCortex_13_CCTTCCCTCGTGGACC,3.450032733830709
20811,0.08601507729817702,13__mutated,PertCortex_13_CCTTCCCTCTAAGCCA,4.354952921143504
20812,0.16381856200526554,13__mutated,PertCortex_13_CCTTCCCTCTCTTGAT,5.045860776557762
20813,0.17013514710214864,13__mutated,PertCortex_13_CCTTCGAAGCCGGTAA,3.3132285060194047
20814,0.15409660988025004,13__mutated,PertCortex_13_CCTTCGACAAGGCTCC,3.91577870918593
20815,0.18958278820909175,13__mutated,PertCortex_13_CCTTCGACACAGCCCA,4.654212673846032
20816,0.28100594885732644,13__mutated,PertCortex_13_CCTTCGACACGGCGTT,5.438721345601309
20817,0.08380195740047516,13__mutated,PertCortex_13_CCTTCGACACGTCTCT,4.178110841813367
20818,0.5271103895071396,13__mutated,PertCortex_13_CCTTCGACACTAAGTC,3.247059720087251
20819,0.1582034281270444,13__mutated,PertCortex_13_CCTTCGACACTGAAGG,4.750007203191755
20820,0.14065605072068238,13__mutated,PertCortex_13_CCTTCGAGTAAATGAC,4.4225226972306135
20821,0.14139841795931785,13__mutated,PertCortex_13_CCTTCGATCAGTTTGG,5.083474195983878
20822,0.12545962352491358,13__mutated,PertCortex_13_CCTTCGATCCATGAAC,3.004783492807725
20823,0.11194642103672373,13__mutated,PertCortex_13_CCTTTCTAGCTAGTGG,2.9500149439065924
20824,0.15581250663765223,13__mutated,PertCortex_13_CCTTTCTCAACGATCT,5.521945232366202
20825,0.18291360339228527,13__mutated,PertCortex_13_CCTTTCTTCATAAAGG,5.196112858232454
20826,0.1382267096394856,13__mutated,PertCortex_13_CCTTTCTTCCGTTGCT,4.657111334249573
20827,0.1619642119872959,13__mutated,PertCortex_13_CGAACATAGATACACA,5.0823589646150795
20828,0.3827136066790943,13__mutated,PertCortex_13_CGAACATTCTCTGTCG,2.0614603543338736
20829,0.27593917669103224,13__mutated,PertCortex_13_CGAACATTCTTTCCTC,2.47208545254239
20830,0.15138506112383146,13__mutated,PertCortex_13_CGAATGTAGTAGCGGT,3.7182428565488728
20831,0.21405487195147682,13__mutated,PertCortex_13_CGAATGTGTGTGAATA,4.149754166316343
20832,0.14013271969208252,13__mutated,PertCortex_13_CGAATGTGTTGCGCAC,4.967752692267726
20833,0.19196903141030955,13__mutated,PertCortex_13_CGAATGTTCGCGCCAA,3.056598509450296
20834,0.46467284079130566,13__mutated,PertCortex_13_CGAATGTTCGGAGGTA,2.5732533446203845
20835,0.22277868778725635,13__mutated,PertCortex_13_CGAATGTTCTTTACGT,4.700170768976566
20836,0.08558622980791691,13__mutated,PertCortex_13_CGACCTTAGACTGGGT,3.9014635707974596
20837,0.13206060191774074,13__mutated,PertCortex_13_CGACCTTAGTAAGTAC,5.573348445656865
20838,0.11082238972890464,13__mutated,PertCortex_13_CGACCTTAGTCTTGCA,3.9306362392145147
20839,0.18087002348441097,13__mutated,PertCortex_13_CGACCTTCATGGTTGT,3.850015045958304
20840,0.2337923432263384,13__mutated,PertCortex_13_CGACCTTGTCAGATAA,3.656084985868914
20841,0.21940641656582002,13__mutated,PertCortex_13_CGACCTTTCAGGCGAA,2.845971691080234
20842,0.14896123699354027,13__mutated,PertCortex_13_CGACCTTTCCGATATG,3.619197437866208
20843,0.20132557998721792,13__mutated,PertCortex_13_CGACTTCAGCCAGAAC,4.676409387624671
20844,0.13851909043954597,13__mutated,PertCortex_13_CGACTTCTCAGGCCCA,2.8325319377756695
20845,0.21072363381715042,13__mutated,PertCortex_13_CGACTTCTCTTCGAGA,5.367159285840342
20846,0.23800433981533406,13__mutated,PertCortex_13_CGAGAAGAGAAACCTA,5.401487783730506
20847,0.18416515915317713,13__mutated,PertCortex_13_CGAGAAGAGACGACGT,5.033590453156255
20848,0.13998193017569194,13__mutated,PertCortex_13_CGAGAAGAGCAATATG,3.4290045954834345
20849,0.1613395021356092,13__mutated,PertCortex_13_CGAGAAGAGCTGCAAG,3.648074133387864
20850,0.18491391305459048,13__mutated,PertCortex_13_CGAGAAGAGTCCTCCT,5.075716659491843
20851,0.06995143173037867,13__mutated,PertCortex_13_CGAGAAGAGTTCGCGC,3.2568368189252555
20852,0.20176065978927057,13__mutated,PertCortex_13_CGAGAAGCACAGTCGC,6.074213261735341
20853,0.17727274475463686,13__mutated,PertCortex_13_CGAGAAGCAGCTGTAT,2.9143513854354635
20854,0.10914023461999688,13__mutated,PertCortex_13_CGAGAAGCATCGGTTA,4.826147725449362
20855,0.15070350893050774,13__mutated,PertCortex_13_CGAGAAGGTAAAGTCA,3.5660081906765946
20856,0.17457105347576324,13__mutated,PertCortex_13_CGAGAAGGTAGGGACT,4.814236636357633
20857,0.19162285305549398,13__mutated,PertCortex_13_CGAGAAGGTCCGTGAC,4.900746247888611
20858,0.1282963259064282,13__mutated,PertCortex_13_CGAGAAGGTTAAGTAG,4.424479365369982
20859,0.09493951148061859,13__mutated,PertCortex_13_CGAGAAGGTTCGAATC,3.6224780336421154
20860,0.08038501917761315,13__mutated,PertCortex_13_CGAGAAGTCAAGGCTT,3.1194603992515417
20861,0.19172868588855563,13__mutated,PertCortex_13_CGAGCACCAAGGGTCA,2.8549336069484936
20862,0.18718765654424974,13__mutated,PertCortex_13_CGAGCACCAATGAAAC,5.114388552396021
20863,0.19149310414048762,13__mutated,PertCortex_13_CGAGCACCACATTTCT,4.498055866077311
20864,0.49892445009873704,13__mutated,PertCortex_13_CGAGCACCACGTCTCT,3.256534299613617
20865,0.2514144884367253,13__mutated,PertCortex_13_CGAGCACGTACGCACC,1.6290288316175392
20866,0.26396262327796804,13__mutated,PertCortex_13_CGAGCACTCAACGCTA,3.9559135111603947
20867,0.08798361427754582,13__mutated,PertCortex_13_CGAGCACTCACGGTTA,4.46271356154219
20868,0.2063432333800097,13__mutated,PertCortex_13_CGAGCACTCGAATGGG,4.96209034906928
20869,0.06172886998706089,13__mutated,PertCortex_13_CGAGCACTCTTGTTTG,4.592603757644449
20870,0.163012569022224,13__mutated,PertCortex_13_CGAGCCAAGCAACGGT,5.0415794714957025
20871,0.251007582770787,13__mutated,PertCortex_13_CGAGCCAAGGTACTCT,2.060582557112634
20872,0.2401655570696061,13__mutated,PertCortex_13_CGAGCCACACCAACCG,1.9422431367654271
20873,0.2358770981803697,13__mutated,PertCortex_13_CGAGCCACACCTATCC,4.019107953400415
20874,0.14076418346947855,13__mutated,PertCortex_13_CGAGCCAGTGTTCGAT,5.0728535142863675
20875,0.2272070265259934,13__mutated,PertCortex_13_CGAGCCAGTTGATTGC,3.059764000557552
20876,0.2018215528840189,13__mutated,PertCortex_13_CGATCGGAGGAATTAC,4.1892472623886094
20877,0.14280900916533906,13__mutated,PertCortex_13_CGATCGGAGTTGCAGG,2.477047312639575
20878,0.11295501247646686,13__mutated,PertCortex_13_CGATCGGCAGGGAGAG,4.428687312772295
20879,0.12504570934126094,13__mutated,PertCortex_13_CGATCGGCATGCTAGT,4.22412639341025
20880,0.1341097895327076,13__mutated,PertCortex_13_CGATCGGGTATCGCAT,3.9835972949591314
20881,0.050854031460786854,13__mutated,PertCortex_13_CGATCGGGTCATCGGC,3.949081857077613
20882,0.32554757962730496,13__mutated,PertCortex_13_CGATCGGGTCCTCCAT,2.341845616539955
20883,0.25878914345150666,13__mutated,PertCortex_13_CGATCGGTCAATAAGG,4.495921925692787
20884,0.0925293567090855,13__mutated,PertCortex_13_CGATCGGTCGTCGTTC,3.8471505086935274
20885,0.06825369655189228,13__mutated,PertCortex_13_CGATGGCAGAACAATC,4.161334115029277
20886,0.11140821531968247,13__mutated,PertCortex_13_CGATGGCAGGCTAGGT,3.461675528539438
20887,0.12332279624786656,13__mutated,PertCortex_13_CGATGGCCAATAGCAA,4.877080569757822
20888,0.42780359759787606,13__mutated,PertCortex_13_CGATGGCCACGGCTAC,1.8406096278147912
20889,0.058902468856652186,13__mutated,PertCortex_13_CGATGGCCAGGTTTCA,4.534068733985867
20890,0.09963114580438195,13__mutated,PertCortex_13_CGATGGCCATACTCTT,4.193555641772172
20891,0.18886760503977945,13__mutated,PertCortex_13_CGATGGCTCCAGAAGG,3.2793004857725947
20892,0.16600578076506806,13__mutated,PertCortex_13_CGATGTAAGGGAACGG,5.257657466906919
20893,0.08859411340848669,13__mutated,PertCortex_13_CGATGTAGTACTCGCG,4.2184051644502825
20894,0.131766218798581,13__mutated,PertCortex_13_CGATGTAGTCATACTG,4.0467063987006915
20895,0.09011578128661121,13__mutated,PertCortex_13_CGATGTAGTCCATGAT,4.905808494364166
20896,0.20769265301680873,13__mutated,PertCortex_13_CGATGTAGTTGCGTTA,3.5380392793116
20897,0.15085760659125524,13__mutated,PertCortex_13_CGATGTATCCACGCAG,3.7988039459963594
20898,0.10712551683619803,13__mutated,PertCortex_13_CGATGTATCGCCAGCA,4.211657907560783
20899,0.006493640303971556,13__mutated,PertCortex_13_CGATGTATCTCCCTGA,2.181763745398507
20900,0.16175464086605193,13__mutated,PertCortex_13_CGATGTATCTCGTATT,3.6209734795117647
20901,0.0977406831547595,13__mutated,PertCortex_13_CGATTGAAGCAGCCTC,4.953375856830247
20902,0.119877857530591,13__mutated,PertCortex_13_CGATTGAAGTGTTAGA,5.456119394259012
20903,0.040964563582186836,13__mutated,PertCortex_13_CGATTGACACTGTGTA,4.674694872591508
20904,0.2695693146997624,13__mutated,PertCortex_13_CGATTGACAGACTCGC,2.943804604387673
20905,0.16520649504931245,13__mutated,PertCortex_13_CGATTGAGTCGCCATG,5.415715220438698
20906,0.4456416678266863,13__mutated,PertCortex_13_CGATTGATCCTCAATT,1.971209317622992
20907,0.260835350670355,13__mutated,PertCortex_13_CGATTGATCGCATGGC,4.402878623007252
20908,0.16086768621476255,13__mutated,PertCortex_13_CGATTGATCGGAGCAA,4.659287249965006
20909,0.17935307221304703,13__mutated,PertCortex_13_CGCCAAGAGTGTTAGA,4.275537717160274
20910,0.12891302037458363,13__mutated,PertCortex_13_CGCCAAGCATGCATGT,3.8860738639309975
20911,0.2995359698291373,13__mutated,PertCortex_13_CGCCAAGCATGGAATA,2.214928497952158
20912,0.14726847031109921,13__mutated,PertCortex_13_CGCCAAGGTAAGTTCC,4.511984433392168
20913,0.14576685261014882,13__mutated,PertCortex_13_CGCCAAGGTACACCGC,5.049516471118755
20914,0.06424359162913448,13__mutated,PertCortex_13_CGCCAAGGTCAGCTAT,4.349919952496387
20915,0.2370477278411409,13__mutated,PertCortex_13_CGCCAAGTCTTGAGGT,2.3875694299527397
20916,0.44419265556677007,13__mutated,PertCortex_13_CGCGGTAAGGATGCGT,2.1597464408934077
20917,0.1632554612519136,13__mutated,PertCortex_13_CGCGGTAAGGCAATTA,3.936878203249974
20918,0.12430882261267506,13__mutated,PertCortex_13_CGCGGTAAGGCTCATT,4.169391547466322
20919,0.1764254804396518,13__mutated,PertCortex_13_CGCGGTAAGTGACTCT,4.8084184149618165
20920,0.03824843665086921,13__mutated,PertCortex_13_CGCGGTACAATCGAAA,2.5145581227942073
20921,0.13907926851405777,13__mutated,PertCortex_13_CGCGGTACACAGCCCA,3.2670444607383797
20922,0.1949315104867898,13__mutated,PertCortex_13_CGCGGTACACCTCGTT,3.5310084488162072
20923,0.1043728388930709,13__mutated,PertCortex_13_CGCGGTACAGGACCCT,4.55430712193469
20924,0.14423105304888786,13__mutated,PertCortex_13_CGCGGTAGTATGGTTC,2.9263996710888907
20925,0.25896228580922764,13__mutated,PertCortex_13_CGCGGTAGTTCAGGCC,2.7703342751339477
20926,0.19216820172733917,13__mutated,PertCortex_13_CGCGGTATCTAGCACA,5.214142700881263
20927,0.09252380319334752,13__mutated,PertCortex_13_CGCGGTATCTGTCTAT,3.5805338669150135
20928,0.08572646609963676,13__mutated,PertCortex_13_CGCGTTTAGAAAGTGG,3.5011948362366367
20929,0.12946445819075555,13__mutated,PertCortex_13_CGCGTTTAGATATACG,4.607006637462795
20930,0.21652527533412222,13__mutated,PertCortex_13_CGCGTTTAGATGCCAG,3.304422431707667
20931,0.01385862246659086,13__mutated,PertCortex_13_CGCGTTTAGTTAGGTA,4.397816760503787
20932,0.3078455453386323,13__mutated,PertCortex_13_CGCGTTTCAATGACCT,2.204212218599751
20933,0.08213996988607905,13__mutated,PertCortex_13_CGCGTTTCACAGACTT,4.892164776253632
20934,0.11510484166469777,13__mutated,PertCortex_13_CGCGTTTGTAAACCTC,3.12651421431387
20935,0.13518129265344647,13__mutated,PertCortex_13_CGCGTTTTCGCTTGTC,3.7790509209520793
20936,0.21103812727760352,13__mutated,PertCortex_13_CGCTATCAGAAGAAGC,4.308053579592802
20937,0.19703361558392612,13__mutated,PertCortex_13_CGCTATCAGAGTGACC,3.6503840807084424
20938,0.22241523580863845,13__mutated,PertCortex_13_CGCTATCAGATCACGG,4.957396668115807
20939,0.11741349243490977,13__mutated,PertCortex_13_CGCTATCAGCCAGGAT,4.259613001364961
20940,0.08984194024952896,13__mutated,PertCortex_13_CGCTATCAGGTCGGAT,3.9488523168394916
20941,0.15119759917183198,13__mutated,PertCortex_13_CGCTATCCAAAGGTGC,4.449506124829886
20942,0.16275038076588574,13__mutated,PertCortex_13_CGCTATCCAGCCAGAA,3.9826089508153735
20943,0.13026849188258094,13__mutated,PertCortex_13_CGCTATCTCAGGCAAG,4.592748232035311
20944,0.47768827760786586,13__mutated,PertCortex_13_CGCTATCTCATCGGAT,2.699739545337023
20945,0.1474877009552809,13__mutated,PertCortex_13_CGCTGGAAGATGCCAG,5.114098146070901
20946,0.3553622437824331,13__mutated,PertCortex_13_CGCTGGAAGCCATCGC,2.4256467626959544
20947,0.1771848990834218,13__mutated,PertCortex_13_CGCTGGAAGCGTAGTG,4.819081907183984
20948,0.22927222245350815,13__mutated,PertCortex_13_CGCTGGAAGCTGCGAA,2.7900008858813528
20949,0.1584351085626737,13__mutated,PertCortex_13_CGCTGGAAGGGTCTCC,5.052680916894898
20950,0.11556581076204933,13__mutated,PertCortex_13_CGCTGGACATTAGGCT,4.158814491641046
20951,0.0834124960582509,13__mutated,PertCortex_13_CGCTGGAGTCACCCAG,4.1400082163807745
20952,0.1948827122751581,13__mutated,PertCortex_13_CGCTGGAGTGCAGTAG,2.644057439452061
20953,0.12142814295589144,13__mutated,PertCortex_13_CGCTGGATCGGCTTGG,4.933728838023255
20954,0.17477590750335387,13__mutated,PertCortex_13_CGCTGGATCTTGGGTA,5.349708535305899
20955,0.3202137685558626,13__mutated,PertCortex_13_CGCTTCAAGACTCGGA,3.010475542344139
20956,0.2621251408874902,13__mutated,PertCortex_13_CGCTTCAAGCCACTAT,2.046604736525864
20957,0.23187634767017642,13__mutated,PertCortex_13_CGCTTCAAGGTGCAAC,2.719819758953377
20958,0.12683103604694132,13__mutated,PertCortex_13_CGCTTCAAGTAACCCT,5.157851737763382
20959,0.10175539904019237,13__mutated,PertCortex_13_CGCTTCACAATCCAAC,3.8192586720964057
20960,0.3154276545112766,13__mutated,PertCortex_13_CGCTTCAGTCGACTGC,3.9896701168305615
20961,0.2100449826251104,13__mutated,PertCortex_13_CGCTTCAGTGTTAAGA,3.5469650418752696
20962,0.20537950421841972,13__mutated,PertCortex_13_CGCTTCATCAGCGATT,3.489436553863327
20963,0.1726533178026407,13__mutated,PertCortex_13_CGCTTCATCATAAAGG,3.045105013954729
20964,0.1578279387096623,13__mutated,PertCortex_13_CGCTTCATCCTGCAGG,3.4896484348281334
20965,0.13184388161098076,13__mutated,PertCortex_13_CGCTTCATCGGGAGTA,3.5847676873167593
20966,0.49398317377465445,13__mutated,PertCortex_13_CGCTTCATCTTCAACT,3.4656545051511647
20967,0.26725657900206096,13__mutated,PertCortex_13_CGGACACAGACGACGT,3.117621519018477
20968,0.14949094995257795,13__mutated,PertCortex_13_CGGACACAGAGATGAG,5.140621036431597
20969,0.33835495268154564,13__mutated,PertCortex_13_CGGACACAGCAGCCTC,3.314467094851078
20970,0.17558841276016682,13__mutated,PertCortex_13_CGGACACCAGGAACGT,4.691719495156031
20971,0.09864551325710712,13__mutated,PertCortex_13_CGGACACCATACTACG,4.1493166126937995
20972,0.5948484111945761,13__mutated,PertCortex_13_CGGACACGTAGGCATG,3.073515935971898
20973,0.07900131938600924,13__mutated,PertCortex_13_CGGACACTCATATCGG,5.197969944013825
20974,0.08177000766342647,13__mutated,PertCortex_13_CGGACACTCGGAGCAA,4.1637962525384635
20975,0.08712431874622158,13__mutated,PertCortex_13_CGGACACTCTGTCAAG,4.237944742440916
20976,0.21723961978684467,13__mutated,PertCortex_13_CGGACACTCTTGTATC,5.184150281231572
20977,0.2040554027591831,13__mutated,PertCortex_13_CGGACGTAGAATTCCC,5.143943446142063
20978,0.12806096717888396,13__mutated,PertCortex_13_CGGACGTCAAGCTGAG,5.1158820755225465
20979,0.19713209136850945,13__mutated,PertCortex_13_CGGACGTCAAGGACTG,5.319029142929395
20980,0.26005469692627664,13__mutated,PertCortex_13_CGGACGTCAGGACCCT,1.8556006087461854
20981,0.14340771165377467,13__mutated,PertCortex_13_CGGACGTTCGAGGTAG,4.693877764791427
20982,0.2823547375303271,13__mutated,PertCortex_13_CGGACGTTCTGTTTGT,2.3065449729133767
20983,0.09506183883623986,13__mutated,PertCortex_13_CGGACTGAGAATAGGG,2.938568019452392
20984,0.14780740489481167,13__mutated,PertCortex_13_CGGACTGAGACTAGGC,3.6391994361285898
20985,0.21146980948221683,13__mutated,PertCortex_13_CGGACTGCAAGTCATC,5.414175805918973
20986,0.13307447001440353,13__mutated,PertCortex_13_CGGACTGCAATAGAGT,3.7998533191616057
20987,0.1474594082599358,13__mutated,PertCortex_13_CGGACTGCAATAGCAA,3.761219842808291
20988,0.11628836599826428,13__mutated,PertCortex_13_CGGACTGGTCAGGACA,4.04202367695718
20989,0.13515557595165636,13__mutated,PertCortex_13_CGGACTGTCGGAGCAA,2.540073294106739
20990,0.05690981152460917,13__mutated,PertCortex_13_CGGACTGTCTTACCGC,3.671518747216233
20991,0.19857942004910184,13__mutated,PertCortex_13_CGGAGCTAGGGAGTAA,5.575288930547802
20992,0.18444859716656742,13__mutated,PertCortex_13_CGGAGCTAGGGTCGAT,4.563561765598882
20993,0.17771976650107119,13__mutated,PertCortex_13_CGGAGCTCATGTTGAC,3.146147547339993
20994,0.4381252197928041,13__mutated,PertCortex_13_CGGAGCTGTCACCTAA,1.9286333002014908
20995,0.2783490467185129,13__mutated,PertCortex_13_CGGAGTCAGATCGATA,2.4023428051110325
20996,0.12723865413651628,13__mutated,PertCortex_13_CGGAGTCAGCCCGAAA,3.0002097318167795
20997,0.23399359129017488,13__mutated,PertCortex_13_CGGAGTCCACAGACTT,3.006379509450544
20998,0.45363339818249626,13__mutated,PertCortex_13_CGGAGTCCACCTATCC,3.3494793422814393
20999,0.544535530777012,13__mutated,PertCortex_13_CGGAGTCGTAGCGTCC,1.7941337418716727
21000,0.12033345888034228,13__mutated,PertCortex_13_CGGAGTCGTAGGCTGA,4.7419708508712795
21001,0.26855864349159025,13__mutated,PertCortex_13_CGGAGTCTCCGCAAGC,2.559221368328196
21002,0.11669948787244332,13__mutated,PertCortex_13_CGGAGTCTCGTTGACA,5.175130244433899
21003,0.14012010441837416,13__mutated,PertCortex_13_CGGAGTCTCTTTAGGG,4.576264477608797
21004,0.2041020028571164,13__mutated,PertCortex_13_CGGCTAGCAAGCGAGT,3.3636236600587415
21005,0.23445921194373537,13__mutated,PertCortex_13_CGGCTAGCAATGCCAT,4.077059374301093
21006,0.49874204417068035,13__mutated,PertCortex_13_CGGCTAGCAGACTCGC,2.0965433437560512
21007,0.28959263070777586,13__mutated,PertCortex_13_CGGCTAGGTCGGATCC,4.343145788340574
21008,0.07317058241651749,13__mutated,PertCortex_13_CGGCTAGTCAGCTGGC,3.7320813909932564
21009,0.17699344604200126,13__mutated,PertCortex_13_CGGCTAGTCCTCGCAT,5.01861331473402
21010,0.07552470629091916,13__mutated,PertCortex_13_CGGCTAGTCTCCCTGA,3.7274377198005064
21011,0.2036779907182436,13__mutated,PertCortex_13_CGGGTCAAGAGCTATA,2.3474543955347156
21012,0.155702146807041,13__mutated,PertCortex_13_CGGGTCAAGAGGTTGC,3.1092172498285215
21013,0.1107158095951804,13__mutated,PertCortex_13_CGGGTCAAGCTAGTGG,3.9994173165391733
21014,0.377112237811126,13__mutated,PertCortex_13_CGGGTCAAGCTGTCTA,2.0277200567015905
21015,0.16293533817806682,13__mutated,PertCortex_13_CGGGTCAAGGACAGCT,2.51341616114529
21016,0.7394775169489783,13__mutated,PertCortex_13_CGGGTCAAGGCTACGA,1.8433355826764215
21017,0.19016119230089024,13__mutated,PertCortex_13_CGGGTCAAGTCAAGCG,4.8667468650846475
21018,0.04242301001992289,13__mutated,PertCortex_13_CGGGTCACAAGAGTCG,3.459103366346267
21019,0.05277000575204824,13__mutated,PertCortex_13_CGGGTCAGTCAATACC,3.8268235527959504
21020,0.13006097121845836,13__mutated,PertCortex_13_CGGGTCATCAGTCCCT,5.205501978603618
21021,0.2949580723374779,13__mutated,PertCortex_13_CGGGTCATCCTGTACC,1.9140563066675798
21022,0.15627758141414297,13__mutated,PertCortex_13_CGGGTCATCTGCTTGC,5.211129517645375
21023,0.10953396494127057,13__mutated,PertCortex_13_CGGTTAAAGGACTGGT,4.070433674048348
21024,0.12776249802952488,13__mutated,PertCortex_13_CGGTTAAAGTTAGCGG,3.905572148801433
21025,0.2295456096056509,13__mutated,PertCortex_13_CGGTTAACAAGGGTCA,4.864208306801684
21026,0.09961973647702417,13__mutated,PertCortex_13_CGGTTAACATATGAGA,2.3308634592520687
21027,0.2068589424416372,13__mutated,PertCortex_13_CGGTTAAGTATAAACG,5.48909853770185
21028,0.5026328762934726,13__mutated,PertCortex_13_CGGTTAAGTCAAACTC,1.788232286410877
21029,0.1628993340296094,13__mutated,PertCortex_13_CGGTTAAGTCGGCACT,3.2811225372411412
21030,0.09887866318868765,13__mutated,PertCortex_13_CGGTTAAGTCGTTGTA,4.725869840776752
21031,0.2839391187275331,13__mutated,PertCortex_13_CGGTTAATCAATAAGG,4.196837044940248
21032,0.20755686343828225,13__mutated,PertCortex_13_CGTAGCGCATGCAATC,4.361649756030892
21033,0.07966740933247753,13__mutated,PertCortex_13_CGTAGCGGTCACACGC,3.163307832255625
21034,0.11091091136143778,13__mutated,PertCortex_13_CGTAGCGTCCCAAGAT,4.955202182654296
21035,0.1032833340745216,13__mutated,PertCortex_13_CGTAGCGTCCTTGCCA,3.7120539901956078
21036,0.1067612120522805,13__mutated,PertCortex_13_CGTAGGCAGTTAAGTG,4.224025493172683
21037,0.20538396224557426,13__mutated,PertCortex_13_CGTAGGCCAACTTGAC,2.4153860864020618
21038,0.07332945373263204,13__mutated,PertCortex_13_CGTAGGCCAGTATCTG,3.534155040330702
21039,0.19810504558548928,13__mutated,PertCortex_13_CGTAGGCTCAGAGGTG,5.067657412272636
21040,0.09637510540898488,13__mutated,PertCortex_13_CGTAGGCTCCAAGCCG,4.075696907400542
21041,0.15952220579332202,13__mutated,PertCortex_13_CGTCACTAGGCGTACA,2.4255297746711952
21042,0.5174870154614623,13__mutated,PertCortex_13_CGTCACTAGTAGGTGC,1.935599055579461
21043,0.17460581528146107,13__mutated,PertCortex_13_CGTCACTCACAGATTC,4.394624975722295
21044,0.10779503192189178,13__mutated,PertCortex_13_CGTCACTCACTTCGAA,4.919173973274183
21045,0.11154633824488197,13__mutated,PertCortex_13_CGTCACTCAGATCCAT,3.497724093729984
21046,0.1861871703749622,13__mutated,PertCortex_13_CGTCACTCAGTATGCT,5.23081876959355
21047,0.08093003491531481,13__mutated,PertCortex_13_CGTCACTGTGATGTCT,4.445326370947987
21048,0.11850601538448893,13__mutated,PertCortex_13_CGTCACTGTTCCACAA,3.5042291549774363
21049,0.13964093215842072,13__mutated,PertCortex_13_CGTCAGGCACAGATTC,4.58510096085766
21050,0.19776046947294235,13__mutated,PertCortex_13_CGTCAGGGTAGCTCCG,4.572145856044265
21051,0.5593006797234605,13__mutated,PertCortex_13_CGTCAGGGTGAGGGTT,2.5610162168806054
21052,0.22050031778881907,13__mutated,PertCortex_13_CGTCAGGTCAGGCCCA,4.676263412761487
21053,0.43313103167686984,13__mutated,PertCortex_13_CGTCCATAGATCCCGC,2.0682462447699845
21054,0.062208051475585356,13__mutated,PertCortex_13_CGTCCATAGGCACATG,3.8009962799841612
21055,0.1230256853421077,13__mutated,PertCortex_13_CGTCCATAGGTGCTTT,2.6513446552286632
21056,0.1750813589295218,13__mutated,PertCortex_13_CGTCCATAGGTGTGGT,4.851248693411147
21057,0.36518726957612907,13__mutated,PertCortex_13_CGTCCATCAAAGGTGC,2.2751380692176295
21058,0.14884123564952564,13__mutated,PertCortex_13_CGTCCATCAATCAGAA,2.8293299854522624
21059,0.2943172636088463,13__mutated,PertCortex_13_CGTCCATCACGAAATA,2.522732210640365
21060,0.7743541965860272,13__mutated,PertCortex_13_CGTCCATCATAACCTG,1.5979881608619402
21061,0.16020098449167947,13__mutated,PertCortex_13_CGTCCATGTACGCTGC,4.922802658159703
21062,0.19825373735003923,13__mutated,PertCortex_13_CGTCCATGTATAGTAG,4.983727185711618
21063,0.07032085531575309,13__mutated,PertCortex_13_CGTCCATGTCCATGAT,4.964410398751381
21064,0.19771529522022524,13__mutated,PertCortex_13_CGTCCATTCCGTCAAA,4.825252746770221
21065,0.21221580874057305,13__mutated,PertCortex_13_CGTCCATTCGATCCCT,3.811999038067298
21066,0.17479403368760857,13__mutated,PertCortex_13_CGTCCATTCTTGGGTA,5.036731447139826
21067,0.1719541337655047,13__mutated,PertCortex_13_CGTCTACAGCACCGTC,2.1908396079364394
21068,0.21706870816433296,13__mutated,PertCortex_13_CGTCTACAGGACACCA,5.39782395201195
21069,0.16269286620495577,13__mutated,PertCortex_13_CGTCTACCAAGCCGTC,4.949371207630485
21070,0.1966898248022474,13__mutated,PertCortex_13_CGTCTACCACCATGTA,4.899895492879145
21071,0.19706385979457836,13__mutated,PertCortex_13_CGTCTACCAGTATGCT,3.0354572887055924
21072,0.12739870024480635,13__mutated,PertCortex_13_CGTCTACCAGTGACAG,3.3241461369179377
21073,0.07392167248538728,13__mutated,PertCortex_13_CGTCTACGTTTGACAC,4.085700995414515
21074,0.22626794188781194,13__mutated,PertCortex_13_CGTCTACGTTTGTGTG,5.047148085566178
21075,0.11431162866463074,13__mutated,PertCortex_13_CGTCTACTCTATCGCC,4.6839809146184885
21076,0.21316385897178208,13__mutated,PertCortex_13_CGTCTACTCTCGGACG,4.9783465203483175
21077,0.07419483275867995,13__mutated,PertCortex_13_CGTGAGCAGAACTCGG,4.010575149855081
21078,0.13697655039616816,13__mutated,PertCortex_13_CGTGAGCAGACTAGGC,3.1397275550613086
21079,0.08446272969127519,13__mutated,PertCortex_13_CGTGAGCCACCAGCAC,4.243497102654821
21080,0.08338728102680854,13__mutated,PertCortex_13_CGTGAGCCACGAGAGT,5.078265877327845
21081,0.12591647397979366,13__mutated,PertCortex_13_CGTGAGCCAGGGATTG,4.90624404654901
21082,0.16479906206788522,13__mutated,PertCortex_13_CGTGAGCGTTCAGGCC,5.413761308718969
21083,0.19010463304872752,13__mutated,PertCortex_13_CGTGAGCTCTCGGACG,4.765065079138006
21084,0.5115088062633338,13__mutated,PertCortex_13_CGTGTAAAGACCGGAT,3.016371048667009
21085,0.18107057986404587,13__mutated,PertCortex_13_CGTGTAAAGATCACGG,3.989680617905938
21086,0.0935645538735253,13__mutated,PertCortex_13_CGTGTAAAGCGCTCCA,2.612864000942413
21087,0.08406075302102027,13__mutated,PertCortex_13_CGTGTAAAGGTCGGAT,3.2754686641009916
21088,0.13796560852577833,13__mutated,PertCortex_13_CGTGTAACAGACACTT,5.27069310051281
21089,0.051537625669181894,13__mutated,PertCortex_13_CGTGTAAGTAGGCTGA,3.666767170321975
21090,0.2718180989904833,13__mutated,PertCortex_13_CGTGTAATCAAACGGG,2.268698062204737
21091,0.06775045263721022,13__mutated,PertCortex_13_CGTGTAATCAGTCAGT,4.315058816273371
21092,0.24096715626399606,13__mutated,PertCortex_13_CGTGTCTAGATGAGAG,3.2929454798649664
21093,0.12434451843370797,13__mutated,PertCortex_13_CGTGTCTAGGACAGAA,2.6282630614416647
21094,0.17298619573246207,13__mutated,PertCortex_13_CGTGTCTAGTGGGTTG,4.577553934535917
21095,0.12384624092585854,13__mutated,PertCortex_13_CGTGTCTCAGATCCAT,3.4424879055786195
21096,0.05187726895536928,13__mutated,PertCortex_13_CGTGTCTCATGAAGTA,3.6002290750439876
21097,0.104384737009454,13__mutated,PertCortex_13_CGTGTCTGTCCAAGTT,3.092872597787003
21098,0.06168870979047254,13__mutated,PertCortex_13_CGTGTCTGTCTAAACC,3.4441292589010755
21099,0.6246311261675559,13__mutated,PertCortex_13_CGTGTCTGTGGAAAGA,1.9504130664492456
21100,0.07959059154759454,13__mutated,PertCortex_13_CGTGTCTGTGTGGTTT,4.108712729220877
21101,0.2547742708680197,13__mutated,PertCortex_13_CGTGTCTGTTGCCTCT,4.761859162954223
21102,0.2632561126931919,13__mutated,PertCortex_13_CGTGTCTGTTGGTGGA,3.2853600986932987
21103,0.1359591627126203,13__mutated,PertCortex_13_CGTGTCTTCCTCATTA,5.3516422431830835
21104,0.15783735978185456,13__mutated,PertCortex_13_CGTGTCTTCGGAATCT,4.745949133453012
21105,0.14273889121591482,13__mutated,PertCortex_13_CGTTAGAAGATCGATA,5.532663289317631
21106,0.10004561848345583,13__mutated,PertCortex_13_CGTTAGAAGCCCAATT,3.7949721051619134
21107,0.10749308784067797,13__mutated,PertCortex_13_CGTTAGACATGTCGAT,4.126978909394845
21108,0.13747419345552875,13__mutated,PertCortex_13_CGTTAGAGTTATCCGA,5.425234322008192
21109,0.09228670635434214,13__mutated,PertCortex_13_CGTTAGAGTTTGCATG,3.7749700126869867
21110,0.08239617712339987,13__mutated,PertCortex_13_CGTTAGATCGTTTAGG,4.8201518424652505
21111,0.2044799407535291,13__mutated,PertCortex_13_CGTTCTGCAGGATCGA,4.236367016980314
21112,0.12112028116120252,13__mutated,PertCortex_13_CGTTCTGCATATACGC,5.609607961318872
21113,0.2375854681897666,13__mutated,PertCortex_13_CGTTCTGGTCCGAACC,5.147423077092137
21114,0.09320737502326806,13__mutated,PertCortex_13_CGTTCTGGTCTAACGT,4.717201022099855
21115,0.07140650123524833,13__mutated,PertCortex_13_CGTTCTGGTCTGATCA,5.638620649071807
21116,0.2131646443119091,13__mutated,PertCortex_13_CGTTCTGGTGTCCTCT,2.7063263595607325
21117,0.18869275101312488,13__mutated,PertCortex_13_CGTTCTGGTTCGGCAC,4.328494242665938
21118,0.18018007684864928,13__mutated,PertCortex_13_CGTTCTGTCACCCGAG,4.579858152102781
21119,0.15310052340777552,13__mutated,PertCortex_13_CGTTCTGTCACCTCGT,4.802927755433672
21120,0.2229307785587161,13__mutated,PertCortex_13_CGTTCTGTCCAGTAGT,4.645357107931587
21121,0.21383578642627918,13__mutated,PertCortex_13_CGTTCTGTCGTTGCCT,3.5609730214179502
21122,0.742028825735632,13__mutated,PertCortex_13_CGTTGGGAGAAACGCC,1.7990428954277322
21123,0.03220409341641431,13__mutated,PertCortex_13_CGTTGGGAGATGCGAC,4.402637216514783
21124,0.031956829521397945,13__mutated,PertCortex_13_CGTTGGGCAAACGCGA,4.070279288370121
21125,0.10579628779402785,13__mutated,PertCortex_13_CGTTGGGCAATGGTCT,4.382548140197269
21126,0.19354597749897243,13__mutated,PertCortex_13_CGTTGGGTCGACGGAA,4.588112605971333
21127,0.18405186522366787,13__mutated,PertCortex_13_CGTTGGGTCGATAGAA,4.942954501941425
21128,0.1332571844784677,13__mutated,PertCortex_13_CGTTGGGTCTTAGCCC,3.734661660439196
21129,0.13133332997605082,13__mutated,PertCortex_13_CTAACTTAGGTTACCT,3.507257188704236
21130,0.25295912626035016,13__mutated,PertCortex_13_CTAACTTCAATCAGAA,3.5506848056841536
21131,0.14099849045481339,13__mutated,PertCortex_13_CTAACTTCAATCCGAT,4.515296182624217
21132,0.17605309269969763,13__mutated,PertCortex_13_CTAACTTCAATGAAAC,4.491106839678853
21133,0.09807991778603764,13__mutated,PertCortex_13_CTAACTTCACACAGAG,4.508520593976642
21134,0.21477575488867995,13__mutated,PertCortex_13_CTAACTTCACATCCGG,3.4041014197108863
21135,0.1373481114715256,13__mutated,PertCortex_13_CTAACTTCACCAACCG,5.564024691713936
21136,0.14507072638866025,13__mutated,PertCortex_13_CTAACTTGTAGGGACT,3.7737371568745046
21137,0.17358169931044223,13__mutated,PertCortex_13_CTAACTTGTTAAGATG,3.295896023268467
21138,0.10406828426038747,13__mutated,PertCortex_13_CTAACTTGTTACAGAA,3.6729148372474048
21139,0.32711940393014227,13__mutated,PertCortex_13_CTAACTTGTTCGTCTC,2.116771334699575
21140,0.296403746897011,13__mutated,PertCortex_13_CTAACTTGTTGTCTTT,4.598933195206397
21141,0.12236863403544256,13__mutated,PertCortex_13_CTAACTTTCGCTTAGA,5.548120391257877
21142,0.10468831735368847,13__mutated,PertCortex_13_CTAACTTTCGTTTGCC,2.9031881969505235
21143,0.06373169708466771,13__mutated,PertCortex_13_CTAACTTTCTGGGCCA,3.336157329868404
21144,0.09019470760457159,13__mutated,PertCortex_13_CTAAGACAGCTAAACA,4.913007501901117
21145,0.13110173222060817,13__mutated,PertCortex_13_CTAAGACCACGTGAGA,4.250382816160073
21146,0.15332176550610854,13__mutated,PertCortex_13_CTAAGACCAGAGCCAA,3.205070771215087
21147,0.22821967396695841,13__mutated,PertCortex_13_CTAAGACGTAAATACG,4.86661987062265
21148,0.06897334842191415,13__mutated,PertCortex_13_CTAAGACTCCAGTAGT,4.509139729647083
21149,0.09955750041630713,13__mutated,PertCortex_13_CTAAGACTCTAAGCCA,3.081873979464969
21150,0.2552529269299608,13__mutated,PertCortex_13_CTAAGACTCTGATACG,3.3627931754816363
21151,0.14140090623322554,13__mutated,PertCortex_13_CTAATGGAGACGACGT,4.184917741433692
21152,0.11525797324598379,13__mutated,PertCortex_13_CTAATGGAGGATGGTC,3.1215560147562584
21153,0.037252085171040235,13__mutated,PertCortex_13_CTAATGGCAAGCCTAT,4.522051087485624
21154,0.12825751934181445,13__mutated,PertCortex_13_CTAATGGCAATGTAAG,5.319405650765528
21155,0.11130679061426678,13__mutated,PertCortex_13_CTAATGGCACGTCTCT,2.3813625522583988
21156,0.13488825029960533,13__mutated,PertCortex_13_CTAATGGCAGTATAAG,2.8644506560085614
21157,0.055554141135518806,13__mutated,PertCortex_13_CTAATGGGTCCAGTAT,4.208505997435205
21158,0.13721962795422407,13__mutated,PertCortex_13_CTAATGGGTTGCGCAC,5.52723243817163
21159,0.12810154150538128,13__mutated,PertCortex_13_CTAATGGTCGACAGCC,3.693035291658453
21160,0.06980488019377937,13__mutated,PertCortex_13_CTAATGGTCGGTTCGG,2.765552482342813
21161,0.13025555093747343,13__mutated,PertCortex_13_CTACACCAGATGCCTT,4.183534225909295
21162,0.4560847768035072,13__mutated,PertCortex_13_CTACACCAGTCCCACG,1.8840973682759432
21163,0.03497681313301834,13__mutated,PertCortex_13_CTACACCCACATCTTT,4.499098925877357
21164,0.16900661497309147,13__mutated,PertCortex_13_CTACACCCAGCTCCGA,5.0336100097665
21165,0.19607318142227012,13__mutated,PertCortex_13_CTACACCGTAAACCTC,4.4884399103095545
21166,0.7387291668551069,13__mutated,PertCortex_13_CTACACCGTTAAAGTG,1.9072954782734157
21167,0.11410054215950194,13__mutated,PertCortex_13_CTACACCTCACTCTTA,5.044109975545087
21168,0.17337530313492963,13__mutated,PertCortex_13_CTACACCTCGAATGGG,4.503339267758208
21169,0.1602524007275849,13__mutated,PertCortex_13_CTACATTAGGAATGGA,3.8971477110799304
21170,0.11728004697423947,13__mutated,PertCortex_13_CTACATTAGGGTTCCC,4.230083045195205
21171,0.11445369374042741,13__mutated,PertCortex_13_CTACATTGTTCAGACT,4.033138962839052
21172,0.15698536456077047,13__mutated,PertCortex_13_CTACATTGTTCGTTGA,4.609309901155489
21173,0.09063563725061924,13__mutated,PertCortex_13_CTACCCAAGAATAGGG,4.095206589474231
21174,0.09047107544187279,13__mutated,PertCortex_13_CTACCCAGTCCCGACA,3.810847392944645
21175,0.16861424392379692,13__mutated,PertCortex_13_CTACCCAGTCTGCGGT,2.8089184704906014
21176,0.13979982616175357,13__mutated,PertCortex_13_CTACCCAGTGTGCGTC,3.5859064942525083
21177,0.1355282146603594,13__mutated,PertCortex_13_CTACCCAGTTCAGGCC,3.734501327134012
21178,0.0699798369010985,13__mutated,PertCortex_13_CTACCCATCAGGATCT,3.9246889448102675
21179,0.09826787778486641,13__mutated,PertCortex_13_CTACGTCAGAGTTGGC,3.2750756376091616
21180,0.07885214787782228,13__mutated,PertCortex_13_CTACGTCAGGCCCTTG,3.9335507778800634
21181,0.123303073768568,13__mutated,PertCortex_13_CTACGTCAGTGAACAT,5.3122879587640135
21182,0.2597112622287333,13__mutated,PertCortex_13_CTACGTCCATTGTGCA,4.3875256864223395
21183,0.19287725974071118,13__mutated,PertCortex_13_CTACGTCGTAAAGGAG,3.8303980990369757
21184,0.2123970098088601,13__mutated,PertCortex_13_CTACGTCGTATATGAG,4.533060655608541
21185,0.04657951372565714,13__mutated,PertCortex_13_CTACGTCGTCAGATAA,4.173987273401466
21186,0.16043424582893281,13__mutated,PertCortex_13_CTACGTCTCAGTGCAT,4.88386304013504
21187,0.04181058804863915,13__mutated,PertCortex_13_CTACGTCTCCTCCTAG,3.1920976139420416
21188,0.156142456660493,13__mutated,PertCortex_13_CTAGAGTAGAAACCTA,5.6713855072896155
21189,0.21097427898479432,13__mutated,PertCortex_13_CTAGAGTAGATATGCA,3.213179171603416
21190,0.18997681206088504,13__mutated,PertCortex_13_CTAGAGTAGGAATCGC,4.247702010068948
21191,0.09801632489487756,13__mutated,PertCortex_13_CTAGAGTAGGTCATCT,4.2832105660526985
21192,0.19238802160206286,13__mutated,PertCortex_13_CTAGAGTAGTCTCAAC,5.815183977030789
21193,0.15305614025575426,13__mutated,PertCortex_13_CTAGAGTCAAATCCGT,5.383140586102472
21194,0.1497102760662283,13__mutated,PertCortex_13_CTAGAGTCAGGCTCAC,4.605708598828306
21195,0.21003987594284812,13__mutated,PertCortex_13_CTAGAGTGTCCTGCTT,5.207877659711066
21196,0.08084912457759885,13__mutated,PertCortex_13_CTAGAGTTCAGCACAT,4.351169386386475
21197,0.23021121867303387,13__mutated,PertCortex_13_CTAGAGTTCAGTGCAT,3.281502106980467
21198,0.1564426970476356,13__mutated,PertCortex_13_CTAGAGTTCCCAAGAT,3.693599372766609
21199,0.21160278920019998,13__mutated,PertCortex_13_CTAGCCTCACTAGTAC,3.3212083693025023
21200,0.3508952576322913,13__mutated,PertCortex_13_CTAGCCTCAGCTCGAC,2.1095799803058934
21201,0.10380307789749071,13__mutated,PertCortex_13_CTAGCCTCATCACAAC,3.11664887574395
21202,0.2078091358382801,13__mutated,PertCortex_13_CTAGTGAAGCGATATA,4.782323664450716
21203,0.1298229456875401,13__mutated,PertCortex_13_CTAGTGAAGTTGAGAT,4.826054347660416
21204,0.08139902487016995,13__mutated,PertCortex_13_CTAGTGACAAACAACA,4.2817794288928965
21205,0.18571178545023,13__mutated,PertCortex_13_CTAGTGAGTCTGCAAT,5.136644037987673
21206,0.09262194514546405,13__mutated,PertCortex_13_CTAGTGAGTGACTACT,5.240853569430073
21207,0.11301264222763885,13__mutated,PertCortex_13_CTAGTGAGTTACGCGC,4.09833086322789
21208,0.09954101602186524,13__mutated,PertCortex_13_CTAGTGATCGCGGATC,3.5836800472596835
21209,0.1277699551570736,13__mutated,PertCortex_13_CTCACACAGCATCATC,4.233559989059044
21210,0.07731294028401588,13__mutated,PertCortex_13_CTCACACAGTCCAGGA,2.630684715522343
21211,0.22313784105340395,13__mutated,PertCortex_13_CTCACACGTCCGACGT,3.227041180346836
21212,0.552635655031828,13__mutated,PertCortex_13_CTCACACGTCCGTTAA,1.550464412702909
21213,0.05527835538108612,13__mutated,PertCortex_13_CTCACACTCCACTGGG,4.325607179193381
21214,0.13863444488964577,13__mutated,PertCortex_13_CTCAGAAAGAGTAAGG,4.363779372385843
21215,0.42030536218146924,13__mutated,PertCortex_13_CTCAGAAAGCTGGAAC,2.201089814755457
21216,0.18385742523744333,13__mutated,PertCortex_13_CTCAGAAAGGAGTACC,4.287061699809038
21217,0.1742513710997617,13__mutated,PertCortex_13_CTCAGAAGTATATCCG,3.471580658479036
21218,0.11576629806831108,13__mutated,PertCortex_13_CTCAGAAGTCGCGAAA,3.322738234463048
21219,0.1085844785226085,13__mutated,PertCortex_13_CTCATTAAGGCCCTCA,3.968846648499081
21220,0.06491046639285876,13__mutated,PertCortex_13_CTCATTAAGGCTAGCA,3.8184765101280735
21221,0.1061268235920891,13__mutated,PertCortex_13_CTCATTAAGTACACCT,4.057579471190708
21222,0.14750271152423483,13__mutated,PertCortex_13_CTCATTAAGTACGATA,4.165648211120333
21223,0.1466604727326964,13__mutated,PertCortex_13_CTCATTACAACTTGAC,3.0014334281177826
21224,0.10933514863731793,13__mutated,PertCortex_13_CTCATTAGTCTGCCAG,5.441065230140214
21225,0.12830692704559507,13__mutated,PertCortex_13_CTCATTAGTTCCCGAG,4.370141291451462
21226,0.1765693961660794,13__mutated,PertCortex_13_CTCATTATCCAGATCA,5.29393679516275
21227,0.13702894267451263,13__mutated,PertCortex_13_CTCATTATCCTTAATC,4.124031083731763
21228,0.051056788248976095,13__mutated,PertCortex_13_CTCATTATCGTGGTCG,2.6574771890741586
21229,0.22633491363793592,13__mutated,PertCortex_13_CTCATTATCTAGAGTC,2.8021057477232927
21230,0.19169292836515117,13__mutated,PertCortex_13_CTCCTAGAGACCACGA,3.5035639332763284
21231,0.2662693367115105,13__mutated,PertCortex_13_CTCCTAGAGAGTAAGG,3.327420383191299
21232,0.19701280652610403,13__mutated,PertCortex_13_CTCCTAGAGTGTACCT,3.566580855222296
21233,0.2039093947947506,13__mutated,PertCortex_13_CTCCTAGGTTCAACCA,4.7900575027475005
21234,0.10844848222835694,13__mutated,PertCortex_13_CTCCTAGGTTTGGGCC,3.9744071559699288
21235,0.13172340350920725,13__mutated,PertCortex_13_CTCCTAGTCAAGAAGT,3.41209082239647
21236,0.07666991508532307,13__mutated,PertCortex_13_CTCCTAGTCTGCAGTA,3.395793329414895
21237,0.16007241819930393,13__mutated,PertCortex_13_CTCGAAAAGCCGTCGT,3.596717759978076
21238,0.15567168228113654,13__mutated,PertCortex_13_CTCGAAAAGCGTGTCC,6.064391402616478
21239,0.3191052636503126,13__mutated,PertCortex_13_CTCGAAACACATCCGG,2.1811634764377086
21240,0.07813218359990251,13__mutated,PertCortex_13_CTCGAAAGTGAAATCA,2.9822053458106432
21241,0.04683691855955892,13__mutated,PertCortex_13_CTCGAAATCGGTTCGG,3.609633585600111
21242,0.160263597508661,13__mutated,PertCortex_13_CTCGAGGCAGCGTCCA,5.047985873278594
21243,0.1778673336577515,13__mutated,PertCortex_13_CTCGAGGGTCATATGC,5.441959139626368
21244,0.1154642186006418,13__mutated,PertCortex_13_CTCGAGGGTGGGTATG,4.907399252893126
21245,0.1409532240603776,13__mutated,PertCortex_13_CTCGAGGTCATGTGGT,5.337016890874477
21246,0.12490789026679684,13__mutated,PertCortex_13_CTCGGAGAGCCGGTAA,4.573827318124877
21247,0.2008410058277618,13__mutated,PertCortex_13_CTCGGAGCAACTGGCC,4.538686604836243
21248,0.1090120584282276,13__mutated,PertCortex_13_CTCGGAGCAAGTTCTG,4.7925068936370625
21249,0.14332560981165465,13__mutated,PertCortex_13_CTCGGAGGTGCAACGA,4.433452504250154
21250,0.1339494938679162,13__mutated,PertCortex_13_CTCGGAGTCGGCCGAT,5.127932396482265
21251,0.09808203523740928,13__mutated,PertCortex_13_CTCGGAGTCTCGTATT,2.7193111443424978
21252,0.18857404206239922,13__mutated,PertCortex_13_CTCGGGAAGCAGCCTC,3.686323191403421
21253,0.10392308732652801,13__mutated,PertCortex_13_CTCGGGAAGCAGCGTA,4.220321324619562
21254,0.14907518817956195,13__mutated,PertCortex_13_CTCGGGAAGGTAGCCA,4.951788386283293
21255,0.14315994193878445,13__mutated,PertCortex_13_CTCGGGAAGTGGTAGC,3.2667753943562468
21256,0.19767919809615397,13__mutated,PertCortex_13_CTCGGGACAATGACCT,4.625469202017268
21257,0.536432063034434,13__mutated,PertCortex_13_CTCGGGAGTAGCGCTC,1.5909040660432905
21258,0.12582857540941153,13__mutated,PertCortex_13_CTCGGGAGTCTAACGT,2.858146744846801
21259,0.12043244152701107,13__mutated,PertCortex_13_CTCGGGAGTTACTGAC,5.02304492900063
21260,0.17482700602198264,13__mutated,PertCortex_13_CTCGGGAGTTGAACTC,5.424848601847659
21261,0.17233080601977177,13__mutated,PertCortex_13_CTCGGGATCAGTTTGG,4.696223995078565
21262,0.17886568731187444,13__mutated,PertCortex_13_CTCGTACAGCACCGTC,5.180298366548611
21263,0.15257533260585843,13__mutated,PertCortex_13_CTCGTACAGGTGCTTT,5.376128713023628
21264,0.15412643142928287,13__mutated,PertCortex_13_CTCGTACAGTGACATA,4.426432063823662
21265,0.12773961896849295,13__mutated,PertCortex_13_CTCGTACCACAACTGT,3.64599349668413
21266,0.07876985104745207,13__mutated,PertCortex_13_CTCGTACGTAGGGTAC,4.56558793738824
21267,0.1137612017558632,13__mutated,PertCortex_13_CTCGTACTCGCTGATA,4.086012179331697
21268,0.1995199323131107,13__mutated,PertCortex_13_CTCGTACTCTGGCGAC,5.0406323170269385
21269,0.20873336105634863,13__mutated,PertCortex_13_CTCGTACTCTGTGCAA,3.491570592291046
21270,0.10497914518860031,13__mutated,PertCortex_13_CTCGTCAAGATCTGCT,3.891713886760152
21271,0.1408588174547238,13__mutated,PertCortex_13_CTCGTCACAATGGATA,3.930078525118796
21272,0.1447319347253622,13__mutated,PertCortex_13_CTCGTCACATCGATTG,3.3099342538705994
21273,0.17899170449086438,13__mutated,PertCortex_13_CTCGTCACATCGTCGG,5.124810728244702
21274,0.21919482079712457,13__mutated,PertCortex_13_CTCGTCAGTAAAGGAG,3.572650400138704
21275,0.2024515426391731,13__mutated,PertCortex_13_CTCGTCAGTAGTAGTA,3.7684945599869897
21276,0.20087183791687963,13__mutated,PertCortex_13_CTCGTCAGTGAGCGAT,4.327859553569223
21277,0.38932304400114515,13__mutated,PertCortex_13_CTCGTCAGTGAGGGTT,2.1711154081057464
21278,0.10064801410547618,13__mutated,PertCortex_13_CTCGTCAGTGCACCAC,4.642214296821665
21279,0.0985347492965765,13__mutated,PertCortex_13_CTCGTCATCCCTCAGT,3.441250708972976
21280,0.6093263541943618,13__mutated,PertCortex_13_CTCTAATAGACTTGAA,2.470898038143538
21281,0.24534008487435824,13__mutated,PertCortex_13_CTCTAATAGAGCTGCA,4.913611922196901
21282,0.1773420820023114,13__mutated,PertCortex_13_CTCTAATAGCGTGAAC,5.561700627322926
21283,0.16970686423355813,13__mutated,PertCortex_13_CTCTAATAGGGATCTG,4.638962826333927
21284,0.11292917727304408,13__mutated,PertCortex_13_CTCTAATCACAAGCCC,3.213467611234528
21285,0.1454614150749266,13__mutated,PertCortex_13_CTCTAATCACAGACTT,3.7360121242079347
21286,0.4746126578584932,13__mutated,PertCortex_13_CTCTAATCATACTACG,2.2634855793769075
21287,0.1572152056964144,13__mutated,PertCortex_13_CTCTACGAGCTTATCG,4.496799312744218
21288,0.09748591300824493,13__mutated,PertCortex_13_CTCTACGGTCATCGGC,4.576948146796227
21289,0.12650084824928742,13__mutated,PertCortex_13_CTCTACGGTCGGCACT,4.911837468026978
21290,0.13694096031944936,13__mutated,PertCortex_13_CTCTACGGTCTGGAGA,4.739082741596229
21291,0.20681360475118465,13__mutated,PertCortex_13_CTCTACGGTGTCTGAT,4.946135490844229
21292,0.09187795343981339,13__mutated,PertCortex_13_CTCTACGGTTACGGAG,3.8844742939494608
21293,0.17164497812757257,13__mutated,PertCortex_13_CTCTACGTCATACGGT,4.606001111491044
21294,0.1392833000124369,13__mutated,PertCortex_13_CTCTGGTAGCAGGCTA,4.63321547446534
21295,0.18175896891059115,13__mutated,PertCortex_13_CTCTGGTAGCCGCCTA,4.686088998444759
21296,0.21448998989710646,13__mutated,PertCortex_13_CTCTGGTAGTGGTCCC,3.9622523767894138
21297,0.14853915942800275,13__mutated,PertCortex_13_CTCTGGTCAACAACCT,3.5974471155508763
21298,0.1986671998295781,13__mutated,PertCortex_13_CTCTGGTCACATTAGC,3.131796227906173
21299,0.1888899647714893,13__mutated,PertCortex_13_CTCTGGTCAGACACTT,4.413749485947412
21300,0.09562021550095984,13__mutated,PertCortex_13_CTCTGGTTCAATCTCT,4.590190732782892
21301,0.1791055788181457,13__mutated,PertCortex_13_CTCTGGTTCCAACCAA,4.473497675403248
21302,0.14849624336321252,13__mutated,PertCortex_13_CTGAAACAGAGGTAGA,5.644573477548907
21303,0.12062123394834998,13__mutated,PertCortex_13_CTGAAACAGCTGAACG,4.289829504766604
21304,0.12559606112849536,13__mutated,PertCortex_13_CTGAAACAGGGATCTG,3.839516828038778
21305,0.13706765786848993,13__mutated,PertCortex_13_CTGAAACAGTTAGCGG,4.876668617344337
21306,0.032314513144640455,13__mutated,PertCortex_13_CTGAAACAGTTGCAGG,4.435185468680077
21307,0.09924855031590968,13__mutated,PertCortex_13_CTGAAACCAAGGACAC,3.8750896972354214
21308,0.12134102871928527,13__mutated,PertCortex_13_CTGAAACGTATGAATG,5.019313766385119
21309,0.08175835314827115,13__mutated,PertCortex_13_CTGAAACGTTAAGTAG,3.9135867674099654
21310,0.13809444930565226,13__mutated,PertCortex_13_CTGAAGTAGTACACCT,3.850384597147364
21311,0.060755213961347275,13__mutated,PertCortex_13_CTGAAGTAGTAGGTGC,4.3650845371892695
21312,0.25931074788929276,13__mutated,PertCortex_13_CTGAAGTCACATGGGA,2.8988183944521597
21313,0.08393781367846309,13__mutated,PertCortex_13_CTGAAGTGTAGGCTGA,4.2019291939739505
21314,0.20180323657671062,13__mutated,PertCortex_13_CTGAAGTGTCTTGCGG,5.4399526027533245
21315,0.16413843642159065,13__mutated,PertCortex_13_CTGAAGTGTTCGTTGA,4.940352364193012
21316,0.3663781423243782,13__mutated,PertCortex_13_CTGAAGTTCAGCGATT,3.916091915924402
21317,0.20506387885757246,13__mutated,PertCortex_13_CTGAAGTTCTTGCCGT,5.833587322071852
21318,0.18399664162339935,13__mutated,PertCortex_13_CTGATAGAGAAGGCCT,4.692426832512838
21319,0.1580538848546676,13__mutated,PertCortex_13_CTGATAGAGACACTAA,4.159789591317776
21320,0.11335504057409161,13__mutated,PertCortex_13_CTGATAGCAATAGCGG,4.556343703931433
21321,0.11191061157591706,13__mutated,PertCortex_13_CTGATAGCAGTATCTG,4.184009948108657
21322,0.10055311135611034,13__mutated,PertCortex_13_CTGATAGTCCGCGGTA,4.757824149428063
21323,0.10348537508127773,13__mutated,PertCortex_13_CTGATAGTCCGTAGTA,3.463788284220205
21324,0.19703591800850245,13__mutated,PertCortex_13_CTGATAGTCTCTGAGA,4.575656842498545
21325,0.12052188909453733,13__mutated,PertCortex_13_CTGATCCAGATGTAAC,2.89186820000908
21326,0.16936520147088602,13__mutated,PertCortex_13_CTGATCCAGTTAGCGG,5.3403188301149
21327,0.20495290014761847,13__mutated,PertCortex_13_CTGATCCCAAGTTAAG,3.538645554722696
21328,0.09184262476721752,13__mutated,PertCortex_13_CTGATCCCACAAGTAA,3.780699867127077
21329,0.050266209893421544,13__mutated,PertCortex_13_CTGATCCCATGGTAGG,3.9795940752667947
21330,0.10860133566986295,13__mutated,PertCortex_13_CTGATCCGTAATAGCA,4.9463706784616805
21331,0.11099998356269779,13__mutated,PertCortex_13_CTGATCCGTAGTAGTA,2.980251910416735
21332,0.31537518981658197,13__mutated,PertCortex_13_CTGATCCGTCCGTGAC,1.7656520422830166
21333,0.27489260738477644,13__mutated,PertCortex_13_CTGATCCGTTCGGGCT,2.488725857337421
21334,0.652488305060039,13__mutated,PertCortex_13_CTGATCCTCATCACCC,1.7272639070987053
21335,0.056846596682374774,13__mutated,PertCortex_13_CTGATCCTCATGTGGT,3.719108288422901
21336,0.2663478118619295,13__mutated,PertCortex_13_CTGATCCTCCGCGCAA,2.902341874696679
21337,0.23224922246636404,13__mutated,PertCortex_13_CTGCCTAAGCTAACAA,3.1753897289957647
21338,0.1508018297385407,13__mutated,PertCortex_13_CTGCCTAAGGCAGGTT,4.9460361794452625
21339,0.0710869200932969,13__mutated,PertCortex_13_CTGCCTAAGGCGTACA,4.974681029828659
21340,0.14927862500268693,13__mutated,PertCortex_13_CTGCCTAAGGGTGTTG,3.073064696309663
21341,0.17541160266781072,13__mutated,PertCortex_13_CTGCCTACATATGAGA,2.8300806882216847
21342,0.1329357849597094,13__mutated,PertCortex_13_CTGCCTACATGGGAAC,4.964337532085049
21343,0.17773668862535794,13__mutated,PertCortex_13_CTGCCTATCACATACG,2.8529986815978656
21344,0.054544604761448415,13__mutated,PertCortex_13_CTGCCTATCACCTTAT,4.297148624305872
21345,0.0455674039269555,13__mutated,PertCortex_13_CTGCCTATCCACGTGG,3.2012460351657768
21346,0.2372162375776954,13__mutated,PertCortex_13_CTGCCTATCTTTCCTC,2.132904380903181
21347,0.19827541947872582,13__mutated,PertCortex_13_CTGCGGAAGCGTTGCC,3.538346143853286
21348,0.49102002609232065,13__mutated,PertCortex_13_CTGCGGAAGTAGGTGC,3.3126661611271504
21349,0.08972915874690106,13__mutated,PertCortex_13_CTGCGGACAATGTTGC,4.4180507120127945
21350,0.1626222604001358,13__mutated,PertCortex_13_CTGCGGACACCATCCT,3.9063722163155266
21351,0.24668462973755934,13__mutated,PertCortex_13_CTGCGGAGTGGGTCAA,2.568658129252131
21352,0.05867996209147354,13__mutated,PertCortex_13_CTGCGGAGTTGTGGCC,4.15972265836531
21353,0.0337696551728213,13__mutated,PertCortex_13_CTGCGGATCGTAGGAG,4.431973167528845
21354,0.648152887877197,13__mutated,PertCortex_13_CTGCTGTAGCTCCTCT,1.940141702864221
21355,0.20094652853007464,13__mutated,PertCortex_13_CTGCTGTCAAGAAAGG,3.3909288701299567
21356,0.1188978064054924,13__mutated,PertCortex_13_CTGCTGTCACCAGGTC,5.0047301528830355
21357,0.2437905643865511,13__mutated,PertCortex_13_CTGCTGTCACGCCAGT,3.6190815309753734
21358,0.1409918357665746,13__mutated,PertCortex_13_CTGCTGTCATGAAGTA,3.2633145909694714
21359,0.06905765816594266,13__mutated,PertCortex_13_CTGCTGTGTGTGGCTC,4.868618978653973
21360,0.19071724086513325,13__mutated,PertCortex_13_CTGCTGTTCAAGGCTT,5.089799439890966
21361,0.09718145214225868,13__mutated,PertCortex_13_CTGCTGTTCACAAACC,4.020939231220342
21362,0.24739760640542963,13__mutated,PertCortex_13_CTGCTGTTCATGGTCA,5.154284423836176
21363,0.10115282470102128,13__mutated,PertCortex_13_CTGCTGTTCGCCAGCA,4.2259228219944855
21364,0.21277237804555235,13__mutated,PertCortex_13_CTGCTGTTCGTGACAT,3.462076186919503
21365,0.08452822352269608,13__mutated,PertCortex_13_CTGGTCTAGCTAGTGG,4.298953725533076
21366,0.19652686175714623,13__mutated,PertCortex_13_CTGGTCTAGTCGTTTG,4.675182682750094
21367,0.09740743199672912,13__mutated,PertCortex_13_CTGGTCTAGTTTCCTT,3.1224731960231598
21368,0.22560114676419926,13__mutated,PertCortex_13_CTGGTCTCAACCGCCA,3.9743524668506627
21369,0.29374852585237693,13__mutated,PertCortex_13_CTGGTCTCAATGAATG,2.030509538683189
21370,0.1791388846174796,13__mutated,PertCortex_13_CTGGTCTCAATGTAAG,3.4877490258006008
21371,0.1836952242050008,13__mutated,PertCortex_13_CTGGTCTGTACATCCA,3.685126619170819
21372,0.3009575630273972,13__mutated,PertCortex_13_CTGGTCTGTTTGTTTC,2.0829412991159226
21373,0.19682036297243224,13__mutated,PertCortex_13_CTGGTCTTCAACACAC,3.5560618623079265
21374,0.14320795151136034,13__mutated,PertCortex_13_CTGGTCTTCAGCACAT,4.847591268410539
21375,0.1585395326028324,13__mutated,PertCortex_13_CTGGTCTTCCACTGGG,5.581714684569815
21376,0.12782823708054364,13__mutated,PertCortex_13_CTGGTCTTCGGATGGA,5.6286759547149945
21377,0.22776067999362123,13__mutated,PertCortex_13_CTGGTCTTCTCGAGTA,5.292153434070002
21378,0.22419684586893224,13__mutated,PertCortex_13_CTGGTCTTCTGTCTCG,3.3445530769816996
21379,0.17523029089458114,13__mutated,PertCortex_13_CTGTGCTCACTAGTAC,4.505600498980845
21380,0.16885443046948187,13__mutated,PertCortex_13_CTGTGCTGTAAGTAGT,4.353918742937131
21381,0.14863669739624705,13__mutated,PertCortex_13_CTGTGCTGTAAGTGTA,3.241499270903393
21382,0.04717064196848627,13__mutated,PertCortex_13_CTGTGCTTCGCTTAGA,4.008739455370584
21383,0.178920779556446,13__mutated,PertCortex_13_CTGTTTACATTACGAC,5.674253074861183
21384,0.0732679436570291,13__mutated,PertCortex_13_CTGTTTATCCCTAATT,3.510836552984615
21385,0.10809555161867666,13__mutated,PertCortex_13_CTGTTTATCCCTCAGT,4.838789386498384
21386,0.16196737886098467,13__mutated,PertCortex_13_CTGTTTATCCTCTAGC,4.1895291321659105
21387,0.17365958593839453,13__mutated,PertCortex_13_CTTAACTAGCAATATG,5.136366700881889
21388,0.10676020349371931,13__mutated,PertCortex_13_CTTAACTAGGAGTTTA,3.7351216944025474
21389,0.20487042945829922,13__mutated,PertCortex_13_CTTAACTAGGTCATCT,3.4170394843008416
21390,0.20327553204994375,13__mutated,PertCortex_13_CTTAACTCAATAGAGT,2.586868475891078
21391,0.11461047203022942,13__mutated,PertCortex_13_CTTAACTCACCTGGTG,4.679887562389855
21392,0.18569645546461425,13__mutated,PertCortex_13_CTTAACTCACGCTTTC,2.8632258113856146
21393,0.11738361735401069,13__mutated,PertCortex_13_CTTAACTCAGCCTATA,4.715110603571922
21394,0.06771654967961047,13__mutated,PertCortex_13_CTTACCGAGAAGGGTA,5.160255300684013
21395,0.2780362417020893,13__mutated,PertCortex_13_CTTACCGAGATCCCGC,3.2852400191854896
21396,0.06615619726341913,13__mutated,PertCortex_13_CTTACCGAGCTAGGCA,3.6023041338097177
21397,0.2593975126828975,13__mutated,PertCortex_13_CTTACCGAGCTGCCCA,4.806403650427432
21398,0.23578545275923357,13__mutated,PertCortex_13_CTTACCGAGGAGTTGC,4.796859716925463
21399,0.12532996534146426,13__mutated,PertCortex_13_CTTACCGCAGTGACAG,4.9562255435142
21400,0.07167350483076904,13__mutated,PertCortex_13_CTTACCGTCCTGCCAT,4.556397699997417
21401,0.466741919174668,13__mutated,PertCortex_13_CTTACCGTCTGCTGTC,2.7155275023840564
21402,0.045610475803532266,13__mutated,PertCortex_13_CTTAGGAAGACTACAA,3.8149360027378214
21403,0.5394912340418314,13__mutated,PertCortex_13_CTTAGGAAGGGTTCCC,1.689289554914653
21404,0.12898040468313357,13__mutated,PertCortex_13_CTTAGGACACCGATAT,4.44716941510973
21405,0.2228255822006252,13__mutated,PertCortex_13_CTTAGGAGTCGGCACT,3.5830756218325175
21406,0.2340559725730002,13__mutated,PertCortex_13_CTTAGGAGTTCACCTC,3.2766682973558154
21407,0.06942601425236873,13__mutated,PertCortex_13_CTTAGGATCATCTGTT,4.726597303801917
21408,0.08709894263471171,13__mutated,PertCortex_13_CTTAGGATCGCACTCT,3.8218859470265683
21409,0.08651885350379024,13__mutated,PertCortex_13_CTTCTCTAGGACACCA,3.3699749387499414
21410,0.15544222185515233,13__mutated,PertCortex_13_CTTCTCTAGTCAATAG,3.076653325262815
21411,0.10489597804946765,13__mutated,PertCortex_13_CTTCTCTCAAGTTAAG,4.354932496843617
21412,0.12118293453096475,13__mutated,PertCortex_13_CTTCTCTCAGCCTTGG,4.857425318709876
21413,0.13017135088775672,13__mutated,PertCortex_13_CTTCTCTGTGCAGTAG,5.107985296739777
21414,0.1451665877996761,13__mutated,PertCortex_13_CTTCTCTTCAACGGGA,3.6823384193546924
21415,0.24370659491687033,13__mutated,PertCortex_13_CTTCTCTTCACGATGT,5.234671105737995
21416,0.1494522343636256,13__mutated,PertCortex_13_CTTGGCTAGGCGATAC,2.4853708149472897
21417,0.17364762923466864,13__mutated,PertCortex_13_CTTGGCTCAATGGACG,4.162567058153031
21418,0.16861455195948669,13__mutated,PertCortex_13_CTTGGCTGTAATAGCA,4.940195335111946
21419,0.1156320540553948,13__mutated,PertCortex_13_CTTGGCTGTACAGCAG,5.152758996636701
21420,0.17606093502456718,13__mutated,PertCortex_13_CTTGGCTGTCCCTACT,4.102092872515547
21421,0.05619675264749264,13__mutated,PertCortex_13_CTTGGCTTCCCGGATG,4.74413208328229
21422,0.11695340388172233,13__mutated,PertCortex_13_CTTTGCGAGCGTGAGT,3.8684024887493216
21423,0.16235392021493064,13__mutated,PertCortex_13_CTTTGCGGTCTCCCTA,3.1625405453384903
21424,0.14872094809227918,13__mutated,PertCortex_13_CTTTGCGGTGATAAGT,3.4218025761915962
21425,0.03204902879063949,13__mutated,PertCortex_13_GAAACTCCAAGCTGAG,4.382463209363486
21426,0.445179147445811,13__mutated,PertCortex_13_GAAACTCGTCTAGTCA,2.2699195168306523
21427,0.17499655855234314,13__mutated,PertCortex_13_GAAACTCGTCTGATCA,4.649462005559233
21428,0.3267797140832012,13__mutated,PertCortex_13_GAAACTCGTTCGGGCT,4.357601900213238
21429,0.048508244935663185,13__mutated,PertCortex_13_GAAACTCTCAGCTCTC,3.6771015562502907
21430,0.0744050374235522,13__mutated,PertCortex_13_GAAATGAAGACCGGAT,3.9209548795967155
21431,0.15786354490646395,13__mutated,PertCortex_13_GAAATGAAGAGTTGGC,4.018621142359915
21432,0.30755938239577624,13__mutated,PertCortex_13_GAAATGACACATGTGT,3.235821183379657
21433,0.15462504597493648,13__mutated,PertCortex_13_GAAATGACAGGATTGG,5.418780740210339
21434,0.17024097608673677,13__mutated,PertCortex_13_GAAATGAGTACTTAGC,5.255206375155146
21435,0.2376428627863139,13__mutated,PertCortex_13_GAAATGAGTATGGTTC,4.698149938467799
21436,0.0911072025840146,13__mutated,PertCortex_13_GAAATGAGTCGAACAG,4.887859780329574
21437,0.1745494653271945,13__mutated,PertCortex_13_GAAATGAGTTCTCATT,3.803010102918058
21438,0.13269647091295256,13__mutated,PertCortex_13_GAAATGATCAGTCCCT,2.578102631770698
21439,0.1408197908267007,13__mutated,PertCortex_13_GAAATGATCGATAGAA,4.19272792967448
21440,0.23794689701546368,13__mutated,PertCortex_13_GAAATGATCGGCATCG,4.642417941877357
21441,0.051922730810064446,13__mutated,PertCortex_13_GAACATCAGAGTAATC,4.210096771158517
21442,0.5766683804884378,13__mutated,PertCortex_13_GAACATCAGATCCTGT,2.0800746353401953
21443,0.5335811548897187,13__mutated,PertCortex_13_GAACATCTCGACCAGC,1.7114565996179145
21444,0.04291717907932849,13__mutated,PertCortex_13_GAACATCTCGGCGCTA,4.299816590946405
21445,0.20646104501394033,13__mutated,PertCortex_13_GAACCTAAGTGCCATT,4.417585487464063
21446,0.24496327298020618,13__mutated,PertCortex_13_GAACCTACACATTAGC,3.217279573362246
21447,0.15130291717368194,13__mutated,PertCortex_13_GAACCTACACGCTTTC,4.625730933743238
21448,0.20491134053025986,13__mutated,PertCortex_13_GAACCTACATCACGTA,4.297955851066063
21449,0.1781698706780292,13__mutated,PertCortex_13_GAACCTACATTCTTAC,3.1136774133770535
21450,0.11192513844687789,13__mutated,PertCortex_13_GAACCTATCTTTCCTC,5.297988148704642
21451,0.3016143647220163,13__mutated,PertCortex_13_GAACGGAAGCCAGGAT,3.772152108988048
21452,0.21950004601213924,13__mutated,PertCortex_13_GAACGGAAGGACAGCT,3.7117086098369847
21453,0.10358427570692437,13__mutated,PertCortex_13_GAACGGACACGGCCAT,3.1754587488140436
21454,0.17865813354142265,13__mutated,PertCortex_13_GAACGGACATACTACG,3.5351380541256177
21455,0.11319802924540746,13__mutated,PertCortex_13_GAACGGACATCTCGCT,3.7147810863527315
21456,0.19223271771053413,13__mutated,PertCortex_13_GAACGGAGTAAGTGGC,4.336279360770038
21457,0.09683697545336335,13__mutated,PertCortex_13_GAACGGAGTCAAACTC,4.367652030409826
21458,0.15618414010564438,13__mutated,PertCortex_13_GAACGGAGTGCTGTAT,5.188054601147839
21459,0.2129724619805615,13__mutated,PertCortex_13_GAACGGATCCACTCCA,4.195329566189532
21460,0.10777569046828804,13__mutated,PertCortex_13_GAACGGATCCAGAAGG,4.265991973546542
21461,0.10672911941935395,13__mutated,PertCortex_13_GAAGCAGAGCTGATAA,3.3809836341637345
21462,0.1621650771864034,13__mutated,PertCortex_13_GAAGCAGAGTGGGTTG,3.766784798068527
21463,0.09167894719026123,13__mutated,PertCortex_13_GAAGCAGGTACAGTTC,4.050945196850814
21464,0.18644307352244127,13__mutated,PertCortex_13_GAAGCAGGTATGGTTC,2.5831254772590886
21465,0.10229874229651846,13__mutated,PertCortex_13_GAAGCAGGTGAACCTT,4.477143122519645
21466,0.20565794401480603,13__mutated,PertCortex_13_GAAGCAGTCGCAAACT,5.171751522976948
21467,0.03598488905660818,13__mutated,PertCortex_13_GAATAAGAGCAATCTC,3.8739090386941406
21468,0.22196602933931583,13__mutated,PertCortex_13_GAATAAGCAGACGCAA,4.944348289745163
21469,0.16046742744699916,13__mutated,PertCortex_13_GAATAAGGTAACGCGA,5.06653913130186
21470,0.20186222336565787,13__mutated,PertCortex_13_GAATAAGGTTTGGCGC,4.734662470401294
21471,0.22015559995121872,13__mutated,PertCortex_13_GAATAAGTCGCATGAT,1.7844389473350966
21472,0.6672862888007757,13__mutated,PertCortex_13_GAATAAGTCTTAACCT,1.7493617836016109
21473,0.20334150941938137,13__mutated,PertCortex_13_GAATGAAAGAAACCAT,3.7678488475737972
21474,0.10523781315734401,13__mutated,PertCortex_13_GAATGAACAGTCCTTC,4.350811081598649
21475,0.12640514574878814,13__mutated,PertCortex_13_GAATGAACATGCATGT,6.115674263860124
21476,0.10947461011527694,13__mutated,PertCortex_13_GAATGAAGTGCGATAG,5.340398529899136
21477,0.44141258106441933,13__mutated,PertCortex_13_GAATGAATCGTAGGAG,1.9134514843968016
21478,0.16352385100322006,13__mutated,PertCortex_13_GACACGCAGCTCCTCT,4.490679829224084
21479,-0.00290734649161898,13__mutated,PertCortex_13_GACACGCAGTCGCCGT,4.383599628867953
21480,0.18978813415173293,13__mutated,PertCortex_13_GACACGCCAAACTGTC,4.942005029603526
21481,0.520367174895511,13__mutated,PertCortex_13_GACACGCCAATGGTCT,2.3774574289123356
21482,0.0779852482849629,13__mutated,PertCortex_13_GACACGCCACTGCCAG,4.046284306933787
21483,0.09641914269528593,13__mutated,PertCortex_13_GACACGCCAGACAGGT,4.279810540464961
21484,0.18734620379291733,13__mutated,PertCortex_13_GACACGCCAGTCAGCC,4.822670632924697
21485,0.12339628262433339,13__mutated,PertCortex_13_GACACGCGTGTTTGTG,3.582607107744343
21486,0.17482350701971697,13__mutated,PertCortex_13_GACACGCTCACGATGT,3.383786891184468
21487,0.196475409381524,13__mutated,PertCortex_13_GACACGCTCATTGCGA,5.178530370669931
21488,0.14592318285081832,13__mutated,PertCortex_13_GACAGAGAGAATTCCC,4.8710001817246225
21489,0.1287130429442192,13__mutated,PertCortex_13_GACAGAGAGTACGATA,4.033330200742377
21490,0.09018302862937977,13__mutated,PertCortex_13_GACAGAGCATCACCCT,3.2510520810336407
21491,0.21332093070399635,13__mutated,PertCortex_13_GACAGAGGTACAGTGG,3.069319465062205
21492,0.2142134121941536,13__mutated,PertCortex_13_GACAGAGGTGACTACT,3.7564779554189145
21493,0.1431695500081377,13__mutated,PertCortex_13_GACAGAGTCGCAAACT,4.043953078009562
21494,0.16894574892459943,13__mutated,PertCortex_13_GACAGAGTCGTTTGCC,2.1832940920092194
21495,0.12047678526079403,13__mutated,PertCortex_13_GACCAATGTAAGTGTA,5.6313375305806845
21496,0.17355375492990435,13__mutated,PertCortex_13_GACCAATGTTTGACTG,2.5676566286641824
21497,0.1801765136641419,13__mutated,PertCortex_13_GACCAATGTTTGGCGC,5.028755474791057
21498,0.16372071030788757,13__mutated,PertCortex_13_GACCAATTCACAACGT,2.947223525289317
21499,0.17005768473573435,13__mutated,PertCortex_13_GACCAATTCCTGCTTG,3.7416388318703686
21500,0.15351403359952046,13__mutated,PertCortex_13_GACCAATTCGTAGATC,5.797800680993501
21501,0.1503937648346635,13__mutated,PertCortex_13_GACCTGGAGACGACGT,3.815031165703798
21502,0.12445688865546657,13__mutated,PertCortex_13_GACCTGGAGCGTGAGT,5.015989668533082
21503,0.21590129879727815,13__mutated,PertCortex_13_GACCTGGAGCTTTGGT,5.260891805618253
21504,0.14796538605865509,13__mutated,PertCortex_13_GACCTGGAGGGCATGT,3.5276132547483723
21505,0.32173218828558514,13__mutated,PertCortex_13_GACCTGGGTAATCGTC,4.393645910218927
21506,0.14340902663920624,13__mutated,PertCortex_13_GACCTGGGTGTAATGA,5.0108331318333255
21507,0.06816430310382435,13__mutated,PertCortex_13_GACCTGGGTGTTCTTT,4.276016105637479
21508,0.11371404373301756,13__mutated,PertCortex_13_GACCTGGTCATCTGCC,5.392437293824329
21509,0.13393285801860086,13__mutated,PertCortex_13_GACCTGGTCTGAGGGA,4.350393734137929
21510,0.13444557240150612,13__mutated,PertCortex_13_GACCTGGTCTTTAGTC,2.452733638337484
21511,0.14237679273828946,13__mutated,PertCortex_13_GACGCGTAGCGTTGCC,4.02966560518404
21512,0.15511041685923174,13__mutated,PertCortex_13_GACGCGTAGGCCCGTT,4.450732384646219
21513,0.24966705241893625,13__mutated,PertCortex_13_GACGCGTAGTCGAGTG,3.4268701262764996
21514,0.20636314306689962,13__mutated,PertCortex_13_GACGCGTGTCGTTGTA,4.922720112871477
21515,0.20016742351636985,13__mutated,PertCortex_13_GACGCGTGTCTAGCGC,4.977647742979045
21516,0.15267666117232281,13__mutated,PertCortex_13_GACGCGTGTGACTCAT,3.1997583413934447
21517,0.1378337195398388,13__mutated,PertCortex_13_GACGCGTGTGATGATA,4.247239730027062
21518,0.06537606681251777,13__mutated,PertCortex_13_GACGCGTGTGTGGCTC,4.734103424265977
21519,0.17385942289918827,13__mutated,PertCortex_13_GACGCGTTCAGGCCCA,5.159909152151098
21520,0.2683016479141597,13__mutated,PertCortex_13_GACGCGTTCCGTACAA,4.546885502356461
21521,0.15992138203162137,13__mutated,PertCortex_13_GACGCGTTCGCAAGCC,4.286074890805783
21522,0.1399132480398279,13__mutated,PertCortex_13_GACGCGTTCGTCACGG,4.739210817490606
21523,0.12260679587307263,13__mutated,PertCortex_13_GACGCGTTCTTAGAGC,3.219856400199957
21524,0.08197080277553546,13__mutated,PertCortex_13_GACGGCTAGTCACGCC,3.0822550541658797
21525,0.18917839211208923,13__mutated,PertCortex_13_GACGGCTCAAATACAG,5.188392325951881
21526,0.13664567974940056,13__mutated,PertCortex_13_GACGGCTCACTTCGAA,3.88246578073901
21527,0.192808178090214,13__mutated,PertCortex_13_GACGGCTCATTGTGCA,3.768355584807543
21528,0.180800160056245,13__mutated,PertCortex_13_GACGGCTTCCTTTCTC,4.377477280523005
21529,0.12534998729669147,13__mutated,PertCortex_13_GACGGCTTCGAACGGA,5.150442894060383
21530,0.19041368827578403,13__mutated,PertCortex_13_GACGGCTTCGCGGATC,4.025762447167882
21531,0.13311841935530447,13__mutated,PertCortex_13_GACGTGCCACAGCGTC,4.945495019735681
21532,0.14803096493890427,13__mutated,PertCortex_13_GACGTGCCATAGGATA,4.860353366556946
21533,0.2885542327536861,13__mutated,PertCortex_13_GACGTGCGTCATCGGC,3.0005901273295827
21534,0.2262804522953416,13__mutated,PertCortex_13_GACGTGCTCATCGATG,3.571284181178818
21535,0.1168301514868277,13__mutated,PertCortex_13_GACGTGCTCGGAAACG,4.242009998189922
21536,0.14568177993215153,13__mutated,PertCortex_13_GACGTGCTCGTGGACC,4.6422620361398
21537,0.25445826504083935,13__mutated,PertCortex_13_GACGTTAAGCTAACAA,3.3119901310396016
21538,0.16828663991648948,13__mutated,PertCortex_13_GACGTTAAGCTAGTCT,4.744202062861472
21539,0.15149823630600215,13__mutated,PertCortex_13_GACGTTACAATCTACG,4.092784723357994
21540,0.1378422989018698,13__mutated,PertCortex_13_GACGTTACAATGAATG,4.917591690954219
21541,0.15009886278528498,13__mutated,PertCortex_13_GACGTTACATTCCTCG,4.99120042997518
21542,0.11883502672603964,13__mutated,PertCortex_13_GACGTTAGTACACCGC,3.8554063759624597
21543,0.1744336039738916,13__mutated,PertCortex_13_GACGTTAGTGTGGCTC,1.9823917582810613
21544,0.061790515405515854,13__mutated,PertCortex_13_GACGTTATCCGGCACA,3.08745117974403
21545,0.11543909355692744,13__mutated,PertCortex_13_GACTAACAGATCCTGT,3.3267999632794414
21546,0.13502102630758928,13__mutated,PertCortex_13_GACTAACCAATTCCTT,5.578640461109268
21547,0.10268944831214995,13__mutated,PertCortex_13_GACTAACCACCACCAG,4.678714648683527
21548,0.48797920362271135,13__mutated,PertCortex_13_GACTAACCAGTTTACG,2.0862245888837863
21549,0.5065333785716986,13__mutated,PertCortex_13_GACTAACGTCTCTTTA,1.9196278240722768
21550,0.21241157679618064,13__mutated,PertCortex_13_GACTAACTCACCCTCA,2.5501419844878637
21551,0.1885709999812971,13__mutated,PertCortex_13_GACTAACTCTCCCTGA,5.4354677274947125
21552,0.23355264306622397,13__mutated,PertCortex_13_GACTAACTCTTATCTG,4.787522604145921
21553,0.18176054661508062,13__mutated,PertCortex_13_GACTACAAGAATCTCC,4.709787774892514
21554,0.17246332412677642,13__mutated,PertCortex_13_GACTACAAGGAGTCTG,2.994433101883931
21555,0.19987615978925963,13__mutated,PertCortex_13_GACTACAAGGGTATCG,2.898169405127121
21556,0.11786759363455869,13__mutated,PertCortex_13_GACTACAAGTTATCGC,4.099845227953271
21557,0.22315209638043376,13__mutated,PertCortex_13_GACTACACATTGAGCT,2.299296549429484
21558,0.22380870748782047,13__mutated,PertCortex_13_GACTACAGTATTCGTG,3.806493753697677
21559,0.16616047369952883,13__mutated,PertCortex_13_GACTACAGTTCTGAAC,3.697553933407103
21560,0.22317650501676894,13__mutated,PertCortex_13_GACTACATCATAACCG,5.287856490662449
21561,0.22101819881463305,13__mutated,PertCortex_13_GACTACATCGAGAACG,3.84641536228711
21562,0.11453554198762811,13__mutated,PertCortex_13_GACTACATCGATCCCT,4.054954478734703
21563,0.16932492041257152,13__mutated,PertCortex_13_GACTACATCTCTGCTG,3.1001280463468257
21564,0.21349847407482833,13__mutated,PertCortex_13_GACTACATCTTTAGGG,3.8583604485506786
21565,0.07446624866153935,13__mutated,PertCortex_13_GACTGCGAGACAGGCT,3.3827926007804634
21566,0.1351499513242225,13__mutated,PertCortex_13_GACTGCGAGAGTACCG,4.115306180302031
21567,0.11496656510185319,13__mutated,PertCortex_13_GACTGCGCAACACCCG,3.960288690515099
21568,0.17485034211455078,13__mutated,PertCortex_13_GACTGCGCAAGAAGAG,3.2847270575683694
21569,0.004226417430109198,13__mutated,PertCortex_13_GACTGCGCAGCAGTTT,4.1847021856037445
21570,0.16517284476575728,13__mutated,PertCortex_13_GACTGCGCATACAGCT,3.4708100002029494
21571,0.020538437438807643,13__mutated,PertCortex_13_GACTGCGGTAAGAGGA,3.685059273660935
21572,0.2331595317088024,13__mutated,PertCortex_13_GACTGCGGTCGCGAAA,2.206816815639211
21573,0.06563999660666035,13__mutated,PertCortex_13_GACTGCGGTTGGAGGT,3.254940600124456
21574,0.1321637104832983,13__mutated,PertCortex_13_GACTGCGTCGCGATCG,5.293422868207278
21575,0.3552252453696554,13__mutated,PertCortex_13_GAGCAGACAAACGTGG,2.312295554581093
21576,0.13694540453430873,13__mutated,PertCortex_13_GAGCAGACAACACGCC,2.9373261602523106
21577,0.08178968554864333,13__mutated,PertCortex_13_GAGCAGACATCCGTGG,3.634828545601416
21578,0.20184814926759942,13__mutated,PertCortex_13_GAGCAGAGTCAATACC,3.397073546680796
21579,0.15659398346248582,13__mutated,PertCortex_13_GAGCAGAGTCGCGTGT,2.069785142612133
21580,0.18481302480238118,13__mutated,PertCortex_13_GAGCAGAGTCTGCCAG,3.3492829948779006
21581,0.2907041652280128,13__mutated,PertCortex_13_GAGCAGAGTGACGGTA,2.515939201861108
21582,0.2823785649830597,13__mutated,PertCortex_13_GAGCAGAGTTGATTGC,1.8105367378185002
21583,0.1645564671970026,13__mutated,PertCortex_13_GAGCAGATCAATAAGG,3.6170642187534603
21584,0.14972171237452292,13__mutated,PertCortex_13_GAGCAGATCCTTTACA,4.672214083065433
21585,0.18914305135959047,13__mutated,PertCortex_13_GAGGTGAAGAGCCTAG,1.5974592389106057
21586,0.20230747707163463,13__mutated,PertCortex_13_GAGGTGACAGGCTCAC,4.271947933695802
21587,0.18931332042362,13__mutated,PertCortex_13_GAGGTGACATAAAGGT,2.711791095885911
21588,0.0563696425677149,13__mutated,PertCortex_13_GAGGTGAGTCTAACGT,4.735892911982146
21589,0.11312611300545238,13__mutated,PertCortex_13_GAGGTGAGTTCACCTC,4.972191346705771
21590,0.05306284282269413,13__mutated,PertCortex_13_GAGTCCGAGAACTGTA,3.4871107019313228
21591,0.2317192222004037,13__mutated,PertCortex_13_GAGTCCGAGACAAGCC,2.4192280781971056
21592,0.12432470157414419,13__mutated,PertCortex_13_GAGTCCGAGACAATAC,3.8937462750133363
21593,0.34574963906748707,13__mutated,PertCortex_13_GAGTCCGAGACACTAA,2.2082252208862774
21594,0.08295668795075374,13__mutated,PertCortex_13_GAGTCCGAGAGCCTAG,5.375269849826891
21595,0.2782080135036637,13__mutated,PertCortex_13_GAGTCCGCAATCCGAT,1.7751562645342032
21596,0.35367324928239097,13__mutated,PertCortex_13_GAGTCCGCACTACAGT,1.4661463726705852
21597,0.2745037115085111,13__mutated,PertCortex_13_GAGTCCGCAGGCTCAC,3.9872018176652464
21598,0.1554606392322132,13__mutated,PertCortex_13_GAGTCCGGTACTTAGC,4.176575961237355
21599,0.24366035135942016,13__mutated,PertCortex_13_GAGTCCGGTAGAGCTG,2.3976305562191267
21600,0.17773522793442909,13__mutated,PertCortex_13_GAGTCCGTCGGATGTT,1.6153698527219744
21601,0.10872333947587465,13__mutated,PertCortex_13_GAGTCCGTCGTCTGAA,3.3801315820833016
21602,0.11081668161525306,13__mutated,PertCortex_13_GAGTCCGTCTGCAAGT,3.755741702788358
21603,0.42229184513657997,13__mutated,PertCortex_13_GATCAGTAGAGAACAG,2.1099649244429513
21604,0.14388669440664487,13__mutated,PertCortex_13_GATCAGTAGTACATGA,3.819793777794932
21605,0.4243857629534577,13__mutated,PertCortex_13_GATCAGTGTCCGACGT,1.7701455754688922
21606,0.20679773180132244,13__mutated,PertCortex_13_GATCAGTTCGCAAACT,4.631167401564581
21607,0.20180397095944205,13__mutated,PertCortex_13_GATCAGTTCGGAGGTA,3.987085640564942
21608,0.21935164170908605,13__mutated,PertCortex_13_GATCGATAGATGCCAG,5.336513451345203
21609,0.45091834494043587,13__mutated,PertCortex_13_GATCGATAGGATGCGT,1.7525996171340683
21610,0.09589273151870105,13__mutated,PertCortex_13_GATCGATAGGCATGTG,3.813479429519278
21611,0.30126773537521007,13__mutated,PertCortex_13_GATCGATAGTGCAAGC,2.079249416350554
21612,0.20099059516364687,13__mutated,PertCortex_13_GATCGATCATAAGACA,3.824297651852675
21613,0.46736518834827995,13__mutated,PertCortex_13_GATCGATCATTCTCAT,2.067249143924664
21614,0.08996962675104475,13__mutated,PertCortex_13_GATCGATGTAGCCTCG,4.337752484781933
21615,0.33918285856617486,13__mutated,PertCortex_13_GATCGATGTCAATGTC,3.156278920957242
21616,0.15291635084524127,13__mutated,PertCortex_13_GATCGATGTCACCCAG,4.200057161461669
21617,0.4168851427183256,13__mutated,PertCortex_13_GATCGATGTTATCCGA,1.9739810435567
21618,0.19660878769320106,13__mutated,PertCortex_13_GATCGATTCCCAGGTG,2.432722930705415
21619,0.11782652785446603,13__mutated,PertCortex_13_GATCGCGAGACTGTAA,4.00356521964761
21620,0.14874872818504714,13__mutated,PertCortex_13_GATCGCGAGAGTCGGT,4.914545350885129
21621,0.5885668986845145,13__mutated,PertCortex_13_GATCGCGAGATCGGGT,1.4264372923474256
21622,0.10148832169455367,13__mutated,PertCortex_13_GATCGCGAGGCCCGTT,3.7828332152288575
21623,0.23035101669262273,13__mutated,PertCortex_13_GATCGCGAGTGGCACA,2.018139697504232
21624,0.23149255100629795,13__mutated,PertCortex_13_GATCGCGCACCCAGTG,2.684711418327073
21625,0.14406722675831105,13__mutated,PertCortex_13_GATCGCGGTACTTGAC,4.032145048643854
21626,0.09351043051072441,13__mutated,PertCortex_13_GATCGCGGTTGTGGCC,4.765346579156491
21627,0.09927074727696636,13__mutated,PertCortex_13_GATCGCGTCAATCTCT,2.9501024349833704
21628,0.33674528818794097,13__mutated,PertCortex_13_GATCGTAAGCGAAGGG,1.4259395972463198
21629,0.17457116846196818,13__mutated,PertCortex_13_GATCGTACAATAACGA,3.292048482092616
21630,0.2681575801808122,13__mutated,PertCortex_13_GATCGTAGTGCAGGTA,3.2258853786397856
21631,0.37332866496099987,13__mutated,PertCortex_13_GATCGTATCATGCATG,2.1965818395240904
21632,0.10544613900133387,13__mutated,PertCortex_13_GATCGTATCTGTCTAT,3.934778083440101
21633,0.21007368264703638,13__mutated,PertCortex_13_GATCTAGAGAGGGATA,4.05385120162112
21634,0.328648736437025,13__mutated,PertCortex_13_GATCTAGAGATGTTAG,1.8836457101987139
21635,0.19514815401283067,13__mutated,PertCortex_13_GATCTAGAGGACAGCT,2.270152875421096
21636,0.08416884546121998,13__mutated,PertCortex_13_GATCTAGAGGAGCGAG,3.8239561808340623
21637,0.2179728261381312,13__mutated,PertCortex_13_GATCTAGAGGATGGAA,4.542597831548262
21638,0.15540453620254166,13__mutated,PertCortex_13_GATCTAGCAACACGCC,4.314039129388831
21639,0.14137773109820112,13__mutated,PertCortex_13_GATCTAGCACGTGAGA,4.486512170998421
21640,0.5405284413223863,13__mutated,PertCortex_13_GATCTAGCAGCGAACA,1.6347901669995257
21641,0.3454535732740164,13__mutated,PertCortex_13_GATCTAGCATGGTTGT,2.23019776847531
21642,0.1447320696637318,13__mutated,PertCortex_13_GATCTAGGTGACTACT,3.433765442900346
21643,0.3260367822885739,13__mutated,PertCortex_13_GATCTAGGTTTAAGCC,2.040592772653454
21644,0.16571487378998703,13__mutated,PertCortex_13_GATCTAGTCACCCTCA,3.9786669309388163
21645,0.15793114734760746,13__mutated,PertCortex_13_GATGAAAAGTACGATA,4.254460665603946
21646,0.11897445664162075,13__mutated,PertCortex_13_GATGAAACATCCGTGG,4.33090004469012
21647,0.09649086201618452,13__mutated,PertCortex_13_GATGAAATCACCTTAT,4.519772779766935
21648,0.5818378445097736,13__mutated,PertCortex_13_GATGAAATCTGGTATG,1.6237698592311638
21649,0.5520873432817655,13__mutated,PertCortex_13_GATGAGGAGCACACAG,1.8400901628832014
21650,0.21664747324003364,13__mutated,PertCortex_13_GATGAGGAGGAGTTTA,2.4081546583674345
21651,0.30177426222766596,13__mutated,PertCortex_13_GATGAGGAGGTACTCT,2.188997325144179
21652,0.24265840474592706,13__mutated,PertCortex_13_GATGAGGCACAGGCCT,2.332142174578437
21653,0.1399340705688335,13__mutated,PertCortex_13_GATGAGGCAGTGAGTG,1.9994666202409308
21654,0.15686656938008073,13__mutated,PertCortex_13_GATGAGGGTTAAGGGC,4.547136499707913
21655,0.0698772404067244,13__mutated,PertCortex_13_GATGAGGGTTCTGAAC,4.148559726435165
21656,0.12628005471446463,13__mutated,PertCortex_13_GATGAGGTCCGAACGC,3.728568001792289
21657,0.19254484391597948,13__mutated,PertCortex_13_GATGAGGTCGAATGCT,2.464526011691188
21658,0.09083640942882268,13__mutated,PertCortex_13_GATGAGGTCGCCAGCA,3.8830719233245046
21659,0.15697199839205114,13__mutated,PertCortex_13_GATGCTAAGCCTCGTG,4.46927078202393
21660,0.3431609518588972,13__mutated,PertCortex_13_GATGCTAAGGTGTGGT,2.0660658097090807
21661,0.18188606084965941,13__mutated,PertCortex_13_GATGCTACATGCCCGA,4.458154959401475
21662,0.21915245381801074,13__mutated,PertCortex_13_GATGCTAGTCATACTG,4.14581263020696
21663,0.09747493905362244,13__mutated,PertCortex_13_GATGCTATCCACGAAT,1.845075799252284
21664,0.3678209848024425,13__mutated,PertCortex_13_GATGCTATCGCTAGCG,2.2523455527990284
21665,0.14062968068992251,13__mutated,PertCortex_13_GATTCAGAGGTAGCTG,4.5146934175320315
21666,0.6224738170861268,13__mutated,PertCortex_13_GATTCAGAGGTGCAAC,2.7534556370234995
21667,0.46213319515504486,13__mutated,PertCortex_13_GATTCAGCAACGATCT,2.0448648947551478
21668,0.1836629947444608,13__mutated,PertCortex_13_GATTCAGCAATGAATG,4.603098990696837
21669,0.09063304900431655,13__mutated,PertCortex_13_GATTCAGGTCGCTTCT,3.323810916406037
21670,0.10759772604066786,13__mutated,PertCortex_13_GATTCAGGTCTAGTCA,4.669133922950585
21671,0.10843879504226818,13__mutated,PertCortex_13_GATTCAGGTTGGTGGA,3.586612575843095
21672,0.1703854373290497,13__mutated,PertCortex_13_GCAAACTAGCTCCTCT,5.00755658492479
21673,0.5600749990276449,13__mutated,PertCortex_13_GCAAACTAGTTCGCGC,1.829756041443868
21674,0.15453731667899573,13__mutated,PertCortex_13_GCAAACTGTGAGGGTT,5.649641836764906
21675,0.5244416961237761,13__mutated,PertCortex_13_GCAAACTTCAGGTTCA,2.887134145757381
21676,0.5122612289640672,13__mutated,PertCortex_13_GCAATCACAAGCGATG,2.4434119152863483
21677,0.18518427978919805,13__mutated,PertCortex_13_GCAATCACAATGCCAT,2.666153962667683
21678,0.010542568732742485,13__mutated,PertCortex_13_GCAATCAGTGCCTGTG,4.104407905965765
21679,0.24195448255236962,13__mutated,PertCortex_13_GCAATCAGTGGTAACG,3.4148995551733754
21680,0.11449330463065965,13__mutated,PertCortex_13_GCACATAAGAATCTCC,5.072784549245856
21681,0.12796058730245707,13__mutated,PertCortex_13_GCACATAAGAGAGCTC,4.539716985306882
21682,0.38595567523183316,13__mutated,PertCortex_13_GCACATAAGTGTTAGA,1.2879515122779062
21683,0.05342514427251933,13__mutated,PertCortex_13_GCACATAGTGACCAAG,3.8883970749524743
21684,0.0773567056174647,13__mutated,PertCortex_13_GCACATAGTGGAAAGA,3.8351938705892445
21685,0.1173712879092409,13__mutated,PertCortex_13_GCACATAGTGTCCTCT,4.491268318826235
21686,0.17826937132733997,13__mutated,PertCortex_13_GCACATATCATCACCC,4.848578340906167
21687,0.14880958162011967,13__mutated,PertCortex_13_GCACATATCGTTACAG,3.3984048371465034
21688,0.42648740175623195,13__mutated,PertCortex_13_GCACTCTAGAAGGTGA,1.486188390897001
21689,0.4008744748025835,13__mutated,PertCortex_13_GCACTCTAGCTTATCG,1.8589296110787805
21690,0.14186066016569457,13__mutated,PertCortex_13_GCACTCTGTACGCACC,4.314078881594065
21691,0.12080839374164742,13__mutated,PertCortex_13_GCACTCTGTAGCGTCC,3.738697782142557
21692,0.14991218348818275,13__mutated,PertCortex_13_GCACTCTGTTTCGCTC,3.145266166003131
21693,0.1380514136574362,13__mutated,PertCortex_13_GCACTCTTCCAGAAGG,3.7105590642923305
21694,0.30899541538407843,13__mutated,PertCortex_13_GCAGCCAAGACAGACC,1.9694442898076097
21695,0.24222938379694092,13__mutated,PertCortex_13_GCAGCCAAGCAGGTCA,3.7872097338801147
21696,0.25261578461574363,13__mutated,PertCortex_13_GCAGCCACACGAAGCA,4.947482280167765
21697,0.16063807971545901,13__mutated,PertCortex_13_GCAGCCACATATACCG,2.903392593574682
21698,0.5554198965552957,13__mutated,PertCortex_13_GCAGCCACATGAGCGA,1.7210560137027109
21699,0.36650324747159324,13__mutated,PertCortex_13_GCAGCCAGTGACGCCT,1.7790241609911646
21700,0.16967586673136778,13__mutated,PertCortex_13_GCAGCCATCATCTGCC,4.730148451972786
21701,0.2537567855594337,13__mutated,PertCortex_13_GCAGTTAAGACCTAGG,3.948860038520304
21702,0.04126529143963704,13__mutated,PertCortex_13_GCAGTTAAGACTAGAT,4.302958346226038
21703,0.5730800923940166,13__mutated,PertCortex_13_GCAGTTAAGCAATCTC,2.5365748919064437
21704,0.17988511803552198,13__mutated,PertCortex_13_GCAGTTAGTTCCTCCA,3.919802604298508
21705,0.15515511982517274,13__mutated,PertCortex_13_GCAGTTATCACAACGT,2.9743696516442246
21706,0.39162203769691656,13__mutated,PertCortex_13_GCAGTTATCCATTCTA,1.9321795857950077
21707,0.08012578383745529,13__mutated,PertCortex_13_GCAGTTATCGGCTTGG,4.762704748903659
21708,0.3994809326233869,13__mutated,PertCortex_13_GCAGTTATCTTAACCT,1.9242622713331508
21709,0.1799320899684376,13__mutated,PertCortex_13_GCATACAAGCCAGAAC,3.730399568438119
21710,0.17278996866061755,13__mutated,PertCortex_13_GCATACAAGCTGAACG,4.6778930785137955
21711,0.14288987928601857,13__mutated,PertCortex_13_GCATACACAGATGGGT,3.0819980817603354
21712,0.44667524360088345,13__mutated,PertCortex_13_GCATACAGTACAAGTA,1.8641174301700567
21713,0.1255267347337622,13__mutated,PertCortex_13_GCATACAGTCTCGTTC,3.7152210201440665
21714,0.14496007171937603,13__mutated,PertCortex_13_GCATACAGTTCAGGCC,4.62746679687406
21715,0.5817721254880154,13__mutated,PertCortex_13_GCATACATCACAGTAC,1.695639120744279
21716,0.1197078457492963,13__mutated,PertCortex_13_GCATACATCAGGCAAG,2.6206096612631655
21717,0.16776284649208334,13__mutated,PertCortex_13_GCATACATCCCTCAGT,4.161078610566889
21718,0.06817852665589123,13__mutated,PertCortex_13_GCATACATCGCTGATA,3.5531704964158344
21719,0.4344464794613606,13__mutated,PertCortex_13_GCATGATAGGATGGTC,1.6496485041909417
21720,0.5767812154836041,13__mutated,PertCortex_13_GCATGATAGTTATCGC,1.7592858860256548
21721,0.09156369780189524,13__mutated,PertCortex_13_GCATGATCAGTAGAGC,4.690850303582123
21722,0.41789041262619686,13__mutated,PertCortex_13_GCATGATGTAAAGGAG,2.1994825976216146
21723,0.46112890116989896,13__mutated,PertCortex_13_GCATGATGTACAAGTA,3.6911885091630308
21724,0.6509182882467961,13__mutated,PertCortex_13_GCATGATTCATCACCC,1.3762632052538766
21725,0.10701339998685486,13__mutated,PertCortex_13_GCATGATTCCGAAGAG,4.319682483164881
21726,0.4997491772031609,13__mutated,PertCortex_13_GCATGATTCGTCCGTT,1.820586537925607
21727,0.1671824188936001,13__mutated,PertCortex_13_GCATGCGAGTCAAGCG,4.207916303316902
21728,0.3065556462914715,13__mutated,PertCortex_13_GCATGCGCACGAAAGC,3.7902391626410696
21729,0.07851017502632056,13__mutated,PertCortex_13_GCATGCGCATCCAACA,4.9777562365986805
21730,0.5944337208026228,13__mutated,PertCortex_13_GCATGCGCATTACCTT,1.5596064503150862
21731,0.525518242654659,13__mutated,PertCortex_13_GCATGCGGTCTCGTTC,1.7018606417017565
21732,0.49104740903626104,13__mutated,PertCortex_13_GCATGCGGTGCAGACA,1.9317712144758428
21733,0.20309463108866876,13__mutated,PertCortex_13_GCATGCGTCCAGTATG,3.493039953140692
21734,0.21146830882315235,13__mutated,PertCortex_13_GCATGCGTCCTTTACA,3.199520320477198
21735,0.3213428022540251,13__mutated,PertCortex_13_GCATGTAAGATCCCGC,2.1222628957654845
21736,0.08273338727140216,13__mutated,PertCortex_13_GCATGTAAGTGGGCTA,3.884805620254744
21737,0.1442461354060313,13__mutated,PertCortex_13_GCATGTACAAACGCGA,4.018315179344632
21738,0.10007484610117343,13__mutated,PertCortex_13_GCATGTACAATCCAAC,4.749178739000089
21739,0.19026876104265728,13__mutated,PertCortex_13_GCATGTAGTCCTAGCG,4.210990404735486
21740,0.10817543489821524,13__mutated,PertCortex_13_GCATGTATCTTGTACT,6.368062863376003
21741,0.42654133952862155,13__mutated,PertCortex_13_GCCAAATAGTCCAGGA,1.954625370179573
21742,0.35246505154200264,13__mutated,PertCortex_13_GCCAAATCAACGATGG,1.7625301393799422
21743,0.12343401242348742,13__mutated,PertCortex_13_GCCAAATTCCTGCCAT,4.628461110429965
21744,0.1273091025574596,13__mutated,PertCortex_13_GCCAAATTCTGCAAGT,4.672860427887193
21745,0.17969810254163446,13__mutated,PertCortex_13_GCCTCTAAGACCTAGG,3.0834484777440916
21746,0.20456162501526498,13__mutated,PertCortex_13_GCCTCTACAAGTTCTG,3.823103468544064
21747,0.43300967938213153,13__mutated,PertCortex_13_GCCTCTACAGGCTGAA,1.5588711211720307
21748,0.2762660270190952,13__mutated,PertCortex_13_GCCTCTAGTACGCACC,2.1164062392234335
21749,0.5267259775700674,13__mutated,PertCortex_13_GCCTCTAGTGTGTGCC,1.7424547713560763
21750,0.26642331912636974,13__mutated,PertCortex_13_GCCTCTATCAACGGCC,3.8888421826007615
21751,0.11583071978997682,13__mutated,PertCortex_13_GCCTCTATCCCGGATG,3.3868051009274986
21752,0.11274413764189677,13__mutated,PertCortex_13_GCCTCTATCTTTCCTC,4.063534188515997
21753,0.20023227113882433,13__mutated,PertCortex_13_GCGACCAAGATGAGAG,3.5131026057676067
21754,0.4551634617772103,13__mutated,PertCortex_13_GCGACCACAACGATGG,1.9813784127412013
21755,0.7303401461855361,13__mutated,PertCortex_13_GCGACCACACACTGCG,1.8178336805250874
21756,0.1096832565694799,13__mutated,PertCortex_13_GCGACCACATCGGTTA,4.095663297158528
21757,0.5018434816228619,13__mutated,PertCortex_13_GCGACCAGTGAGGGAG,3.3791181110987245
21758,0.4524805967777965,13__mutated,PertCortex_13_GCGACCAGTGTTCGAT,2.0986033450215906
21759,0.5092081524350307,13__mutated,PertCortex_13_GCGACCAGTTTGGCGC,1.825712250396108
21760,0.4043929229130952,13__mutated,PertCortex_13_GCGACCATCCAATGGT,2.0811762769349933
21761,0.36034368364972486,13__mutated,PertCortex_13_GCGAGAAAGGCCCTTG,1.4886570116762277
21762,0.21539246717586677,13__mutated,PertCortex_13_GCGAGAACAATAGCGG,3.030254882733151
21763,0.5244989899250371,13__mutated,PertCortex_13_GCGAGAACAGGTGCCT,2.5697916860208627
21764,0.16584997453843092,13__mutated,PertCortex_13_GCGAGAATCTTTAGTC,4.3040722874731
21765,0.23328525083177504,13__mutated,PertCortex_13_GCGCAACAGCTAGTTC,3.6046391086988754
21766,0.23110175346630196,13__mutated,PertCortex_13_GCGCAACAGTCTTGCA,3.1903664424879508
21767,0.5548012405253163,13__mutated,PertCortex_13_GCGCAACGTGACAAAT,1.5967578839781524
21768,0.3005803637407764,13__mutated,PertCortex_13_GCGCAACTCAATAAGG,1.0781811043686558
21769,0.16285498984688068,13__mutated,PertCortex_13_GCGCAACTCACCAGGC,3.8858885493648843
21770,0.11535480950487237,13__mutated,PertCortex_13_GCGCAACTCAGAGACG,2.82796503768137
21771,0.11733998384072625,13__mutated,PertCortex_13_GCGCAACTCGGTGTCG,3.547163319551507
21772,0.4174085115477705,13__mutated,PertCortex_13_GCGCAACTCTGACCTC,2.324572496097905
21773,0.705074186447769,13__mutated,PertCortex_13_GCGCAGTAGTACGCGA,1.7925933353608703
21774,0.146491199971878,13__mutated,PertCortex_13_GCGCAGTAGTCTCGGC,4.847949078527981
21775,0.08341977112036635,13__mutated,PertCortex_13_GCGCAGTCACGGTGTC,5.185519337287598
21776,0.11757138160933404,13__mutated,PertCortex_13_GCGCAGTCAGACGCCT,4.56845125965446
21777,0.18630418818272396,13__mutated,PertCortex_13_GCGCAGTCATTCTTAC,4.156380553308016
21778,0.28733829516274445,13__mutated,PertCortex_13_GCGCAGTTCAGCAACT,2.4806950996610126
21779,0.37225017167371544,13__mutated,PertCortex_13_GCGCCAACATGACATC,2.8291295973662436
21780,0.10105063315687185,13__mutated,PertCortex_13_GCGCCAATCACATGCA,2.9657437274547034
21781,0.5297806322907214,13__mutated,PertCortex_13_GCGCCAATCGCTAGCG,2.8572149449460684
21782,0.161886629800457,13__mutated,PertCortex_13_GCGCCAATCTACTTAC,4.161408212093928
21783,0.30102580981177585,13__mutated,PertCortex_13_GCGCGATAGCGTAGTG,2.4060962963796926
21784,0.0995620826741015,13__mutated,PertCortex_13_GCGCGATCATCCGTGG,5.1913803110136
21785,0.5192018967228412,13__mutated,PertCortex_13_GCGCGATGTTGATTCG,2.240223247170013
21786,0.13920132489741396,13__mutated,PertCortex_13_GCGCGATTCAGGCAAG,3.5742458777893975
21787,0.25566307687422163,13__mutated,PertCortex_13_GCGCGATTCGACAGCC,3.0901825993820746
21788,0.14071647811177104,13__mutated,PertCortex_13_GCGGGTTAGCCAGTAG,4.327099131852752
21789,0.14224688616514491,13__mutated,PertCortex_13_GCGGGTTCATGACATC,3.37850549530056
21790,0.5713127917011149,13__mutated,PertCortex_13_GCGGGTTCATGCAACT,1.7220830308902408
21791,0.2043258658243407,13__mutated,PertCortex_13_GCGGGTTGTAACGACG,5.108551724050351
21792,0.429736207237895,13__mutated,PertCortex_13_GCGGGTTGTAGCTAAA,3.0148425032414483
21793,0.08789780538395202,13__mutated,PertCortex_13_GCGGGTTGTCTCCATC,4.77171562012098
21794,0.2825355414220376,13__mutated,PertCortex_13_GCGGGTTGTGACTCAT,3.5935249223566763
21795,0.4858707299575196,13__mutated,PertCortex_13_GCTCCTAAGATGTGTA,1.8207108668628866
21796,0.24248430266423956,13__mutated,PertCortex_13_GCTCCTAAGCCAGAAC,2.663511745270602
21797,0.10657648874088183,13__mutated,PertCortex_13_GCTCCTAAGCTGTCTA,2.985134694524933
21798,0.48139487812985404,13__mutated,PertCortex_13_GCTCCTACAAACGCGA,1.785187883405614
21799,0.3458503306021013,13__mutated,PertCortex_13_GCTCCTACATCGGTTA,1.2683589039338352
21800,0.27558796348005027,13__mutated,PertCortex_13_GCTCCTAGTATAGGGC,1.4988341274824335
21801,0.04675446035054388,13__mutated,PertCortex_13_GCTCTGTAGCGTGAAC,4.864792314792742
21802,0.24230235778696133,13__mutated,PertCortex_13_GCTCTGTAGTTACGGG,4.217187780060727
21803,0.08347823620099415,13__mutated,PertCortex_13_GCTCTGTCACAGTCGC,3.734791622807842
21804,0.2296493915433987,13__mutated,PertCortex_13_GCTCTGTCATCACGAT,1.5947014092538934
21805,0.04988491908068822,13__mutated,PertCortex_13_GCTCTGTGTGCTGTAT,2.242659817561933
21806,0.7378967004944473,13__mutated,PertCortex_13_GCTCTGTTCTGACCTC,1.9023942987729414
21807,0.31274919229542386,13__mutated,PertCortex_13_GCTGCAGAGACCTAGG,4.0587266368895465
21808,0.27310256781753534,13__mutated,PertCortex_13_GCTGCAGAGCGGATCA,2.414837075971416
21809,0.18971696630841253,13__mutated,PertCortex_13_GCTGCAGAGTGGTAGC,3.2372324105827968
21810,0.17414757160709965,13__mutated,PertCortex_13_GCTGCAGCACAGGTTT,2.8938718289239054
21811,0.27108870647133126,13__mutated,PertCortex_13_GCTGCAGCAGCCTGTG,2.3484035464308346
21812,0.21416172185886864,13__mutated,PertCortex_13_GCTGCAGCAGTCTTCC,4.385987992965009
21813,0.11741204810838908,13__mutated,PertCortex_13_GCTGCAGCATTTCAGG,4.153616495009517
21814,0.08317096994752626,13__mutated,PertCortex_13_GCTGCAGGTGTGACCC,4.368831220539733
21815,0.22891381649116488,13__mutated,PertCortex_13_GCTGCAGTCGGTCCGA,1.9125595519436709
21816,0.3690004710792206,13__mutated,PertCortex_13_GCTGCAGTCTTACCGC,2.0825591272349055
21817,0.4871213394059871,13__mutated,PertCortex_13_GCTGCGAAGGGTCTCC,2.626725104794136
21818,0.2079984030364034,13__mutated,PertCortex_13_GCTGCGAAGTGTACTC,3.226106852813442
21819,0.40321644885587044,13__mutated,PertCortex_13_GCTGCGACAATGAATG,2.2203318790076856
21820,0.15408880697873106,13__mutated,PertCortex_13_GCTGCGACAGCCTATA,4.865271397585351
21821,0.20113229507775426,13__mutated,PertCortex_13_GCTGCGACAGCTCCGA,5.041248263245383
21822,0.08192689134242372,13__mutated,PertCortex_13_GCTGCGACAGGACCCT,4.144179389166205
21823,0.3901815339868718,13__mutated,PertCortex_13_GCTGCGACATATACGC,1.7117707510603226
21824,0.08595581240362468,13__mutated,PertCortex_13_GCTGCGACATCACGTA,4.156527637062236
21825,0.1154572143176121,13__mutated,PertCortex_13_GCTGCGAGTTATGTGC,5.266549091187598
21826,0.17090984262774253,13__mutated,PertCortex_13_GCTGCGATCTTACCTA,4.251317857662018
21827,0.0807436448441746,13__mutated,PertCortex_13_GCTGCTTAGGGTCGAT,4.047313077760442
21828,0.591891076433978,13__mutated,PertCortex_13_GCTGCTTCAAGGTTTC,2.320900845783673
21829,0.3635443062425039,13__mutated,PertCortex_13_GCTGCTTCACGGCCAT,2.1108949028550934
21830,0.10986710626179341,13__mutated,PertCortex_13_GCTGCTTCATCGTCGG,5.179723268544778
21831,0.1685934498909799,13__mutated,PertCortex_13_GCTGCTTCATGAAGTA,4.835299110464382
21832,0.12814026326276157,13__mutated,PertCortex_13_GCTGCTTCATGATCCA,4.542413064172528
21833,0.12686179043414572,13__mutated,PertCortex_13_GCTGCTTTCGTGGTCG,3.5112620326467137
21834,0.3413463998980621,13__mutated,PertCortex_13_GCTGCTTTCTTAGAGC,2.257163091223093
21835,0.14962218539601274,13__mutated,PertCortex_13_GCTGCTTTCTTTCCTC,5.019116320341747
21836,0.1108921120939736,13__mutated,PertCortex_13_GCTGGGTAGATCGATA,4.35343073000276
21837,0.36726365712411774,13__mutated,PertCortex_13_GCTGGGTAGCGTAGTG,1.70315738896191
21838,0.34848912279787325,13__mutated,PertCortex_13_GCTGGGTAGGCGATAC,1.929755383280381
21839,0.13231674478475175,13__mutated,PertCortex_13_GCTGGGTCAGATAATG,3.0414688574018944
21840,0.202298357585387,13__mutated,PertCortex_13_GCTGGGTCAGATCGGA,4.70357175834454
21841,0.16423328346211682,13__mutated,PertCortex_13_GCTGGGTCAGGTTTCA,4.48478279625417
21842,0.568141079857711,13__mutated,PertCortex_13_GCTGGGTCATTCTTAC,1.5353831085137997
21843,0.26153563948483893,13__mutated,PertCortex_13_GCTGGGTGTAGCGTGA,2.3492703768246836
21844,0.15106462267291484,13__mutated,PertCortex_13_GCTGGGTTCCGTTGTC,4.906153347208794
21845,0.13815283587639932,13__mutated,PertCortex_13_GCTTCCACACGGATAG,3.5781460103870826
21846,0.6874413659963254,13__mutated,PertCortex_13_GCTTCCAGTATAGGGC,2.019254933595847
21847,0.14673817384286073,13__mutated,PertCortex_13_GCTTCCAGTATATCCG,4.833261978265822
21848,0.1039582377737285,13__mutated,PertCortex_13_GCTTCCAGTCAGAAGC,4.82089535599352
21849,0.08970940071131511,13__mutated,PertCortex_13_GCTTCCATCAATAAGG,2.9763818044719907
21850,0.11733240286358795,13__mutated,PertCortex_13_GCTTCCATCTTGGGTA,4.347398360419873
21851,0.5552574426053571,13__mutated,PertCortex_13_GCTTGAAAGCATCATC,3.164744199782908
21852,0.33600234525242095,13__mutated,PertCortex_13_GCTTGAAAGCGCTCCA,1.4228308251402317
21853,0.15577105078719358,13__mutated,PertCortex_13_GCTTGAAAGGATATAC,4.358682529647733
21854,0.21350912181157547,13__mutated,PertCortex_13_GCTTGAACAAGTTGTC,1.945866362605897
21855,0.25672824214181944,13__mutated,PertCortex_13_GCTTGAACACGCTTTC,4.526098058648648
21856,0.1081460377058574,13__mutated,PertCortex_13_GCTTGAACACTAAGTC,3.2666505585812424
21857,0.12272579933063787,13__mutated,PertCortex_13_GCTTGAACAGTTCCCT,2.5109896155243367
21858,0.13657106676655248,13__mutated,PertCortex_13_GCTTGAAGTAAGGATT,3.6211178012464105
21859,0.13154759660627854,13__mutated,PertCortex_13_GCTTGAAGTTAGGGTG,3.776087667585025
21860,0.21727034246097682,13__mutated,PertCortex_13_GCTTGAATCATCTGCC,5.317486792817201
21861,0.08713958248391715,13__mutated,PertCortex_13_GCTTGAATCGGATGTT,4.279592601437251
21862,0.17686397978600216,13__mutated,PertCortex_13_GGAAAGCAGTAGTGCG,3.8951744070789385
21863,0.4991687312830879,13__mutated,PertCortex_13_GGAAAGCCAAGTCATC,0.8395854421946758
21864,0.06870216265804886,13__mutated,PertCortex_13_GGAAAGCTCCACTGGG,3.5554140498960343
21865,0.29185775151873194,13__mutated,PertCortex_13_GGAAAGCTCCCATTAT,1.7528302872861858
21866,0.28134692722822136,13__mutated,PertCortex_13_GGAACTTAGTTGAGAT,2.69707483992906
21867,0.16061097657756013,13__mutated,PertCortex_13_GGAACTTCAACCGCCA,3.7263042351423428
21868,0.13382458091705138,13__mutated,PertCortex_13_GGAACTTGTAAATGTG,4.476879714870016
21869,0.10208998769498996,13__mutated,PertCortex_13_GGAACTTGTGCACCAC,3.4348541157272203
21870,0.3534612788217096,13__mutated,PertCortex_13_GGAACTTGTGTCCTCT,2.1415668245142436
21871,0.14861506836942942,13__mutated,PertCortex_13_GGAACTTGTTCGAATC,3.395632343508539
21872,0.33794872818350435,13__mutated,PertCortex_13_GGAACTTGTTTGTGTG,1.9507825925544713
21873,0.5596295048607784,13__mutated,PertCortex_13_GGAACTTTCTCTAAGG,1.8132638133660093
21874,0.13158883962593307,13__mutated,PertCortex_13_GGAATAAAGAGGACGG,3.5218822444074434
21875,0.7485625164391568,13__mutated,PertCortex_13_GGAATAAAGCCCGAAA,1.7657337195290506
21876,0.13424661315649425,13__mutated,PertCortex_13_GGAATAAAGTAGTGCG,3.0900340219509137
21877,0.1893979274591287,13__mutated,PertCortex_13_GGAATAACAAGGACTG,3.9852388891244894
21878,0.18630390171670078,13__mutated,PertCortex_13_GGAATAATCCCTCAGT,3.4140491770076618
21879,0.153485879008396,13__mutated,PertCortex_13_GGAATAATCGCCAAAT,5.360582699727367
21880,0.08317680754252943,13__mutated,PertCortex_13_GGAATAATCTATCCTA,4.599350819222435
21881,0.3160346355412073,13__mutated,PertCortex_13_GGAATAATCTATGTGG,2.138191083640939
21882,0.1282424219089223,13__mutated,PertCortex_13_GGACAAGAGGCAGGTT,3.41984717081499
21883,0.14216597095981967,13__mutated,PertCortex_13_GGACAAGCAATAGCGG,2.7386281529140626
21884,0.2480747842741882,13__mutated,PertCortex_13_GGACAAGCACTCTGTC,3.3795719866541356
21885,0.12342207517829143,13__mutated,PertCortex_13_GGACAAGTCTGGAGCC,2.482419091951322
21886,0.14057896035992204,13__mutated,PertCortex_13_GGACAGACACGCCAGT,2.512062481551318
21887,0.18951985870400734,13__mutated,PertCortex_13_GGACAGAGTCTGGTCG,4.912845685351231
21888,0.11421395394639819,13__mutated,PertCortex_13_GGACAGAGTTCCACGG,3.9886393903892596
21889,0.1600400223507474,13__mutated,PertCortex_13_GGACAGATCCTTGCCA,2.779853832793784
21890,0.25323492223547883,13__mutated,PertCortex_13_GGACATTAGATAGCAT,3.520582223645963
21891,0.10397162905215311,13__mutated,PertCortex_13_GGACATTAGATGGGTC,3.2787399698730098
21892,0.33823778858848047,13__mutated,PertCortex_13_GGACATTCAAGTACCT,3.3709281739180703
21893,0.21024400463263523,13__mutated,PertCortex_13_GGACATTCACCAGGCT,2.9171102049998887
21894,0.04606175225190195,13__mutated,PertCortex_13_GGACATTCAGATCCAT,4.174513027856534
21895,0.5081737489056244,13__mutated,PertCortex_13_GGACATTGTAATTGGA,1.7096844356894711
21896,0.2882790118142345,13__mutated,PertCortex_13_GGACATTGTCTAGTGT,2.4766162162949197
21897,0.3641354582505767,13__mutated,PertCortex_13_GGACATTGTCTCCACT,1.982291277358008
21898,0.19756942698698446,13__mutated,PertCortex_13_GGACATTTCATCGCTC,4.028404559161539
21899,0.13403563337449736,13__mutated,PertCortex_13_GGACATTTCCACTCCA,3.9078348010639345
21900,0.24383151207398293,13__mutated,PertCortex_13_GGACATTTCGCCCTTA,3.263256140534275
21901,0.3421594754375843,13__mutated,PertCortex_13_GGACATTTCGTCGTTC,2.278914532495443
21902,0.1060629690857315,13__mutated,PertCortex_13_GGACATTTCTATCGCC,3.8054569994307714
21903,0.22877768334457882,13__mutated,PertCortex_13_GGACGTCAGAAGCCCA,5.0007755941363445
21904,0.25563115707612943,13__mutated,PertCortex_13_GGACGTCAGGCATTGG,4.133453380224586
21905,0.15182336191754603,13__mutated,PertCortex_13_GGAGCAAAGCACCGCT,1.7924767157144756
21906,0.14593361329888033,13__mutated,PertCortex_13_GGAGCAAAGCCCGAAA,3.6359494773988907
21907,0.6244995319717744,13__mutated,PertCortex_13_GGAGCAAAGGTGATAT,1.491796608343263
21908,0.7753593227788321,13__mutated,PertCortex_13_GGAGCAAAGTCCGGTC,1.6128814960320057
21909,0.5679645947021175,13__mutated,PertCortex_13_GGAGCAACAATAAGCA,1.49939448883586
21910,0.16130199701085277,13__mutated,PertCortex_13_GGAGCAACACTGCCAG,5.625125774035546
21911,0.23215337915965198,13__mutated,PertCortex_13_GGAGCAACATTCTTAC,4.566517793812923
21912,0.12555207907326907,13__mutated,PertCortex_13_GGAGCAAGTCTCATCC,2.9718517315472472
21913,0.17073383820496035,13__mutated,PertCortex_13_GGAGCAAGTTAAGACA,4.179400575341099
21914,0.5169674196392866,13__mutated,PertCortex_13_GGAGCAATCACCACCT,1.631394190627345
21915,0.09499377490497486,13__mutated,PertCortex_13_GGAGCAATCAGCGACC,4.290900625484446
21916,0.08152641076185697,13__mutated,PertCortex_13_GGATGTTAGTTTGCGT,2.487261866989915
21917,0.15766795155450897,13__mutated,PertCortex_13_GGATGTTCAAGTTAAG,2.1815970777452893
21918,0.1153000906245161,13__mutated,PertCortex_13_GGATGTTCAATAACGA,2.960209673371296
21919,0.21343106825070207,13__mutated,PertCortex_13_GGATGTTGTTGTTTGG,3.7858850827493917
21920,0.2134153639878047,13__mutated,PertCortex_13_GGATGTTTCCACGTGG,4.381837715871391
21921,0.4384500175914728,13__mutated,PertCortex_13_GGATGTTTCCAGATCA,1.9731701226434053
21922,0.5293152752313303,13__mutated,PertCortex_13_GGATTACAGAGGGATA,1.9301967268003655
21923,0.5063303220999404,13__mutated,PertCortex_13_GGATTACAGATGAGAG,1.9541292772554721
21924,0.226365396842466,13__mutated,PertCortex_13_GGATTACCAACCGCCA,4.66382958250889
21925,0.12759847927617343,13__mutated,PertCortex_13_GGATTACCAACTGCGC,4.802411679434052
21926,0.1416513556337943,13__mutated,PertCortex_13_GGATTACCATTACCTT,4.7075188210742915
21927,0.18341700777278877,13__mutated,PertCortex_13_GGATTACTCGCCATAA,2.262160114696441
21928,0.6125533104701796,13__mutated,PertCortex_13_GGATTACTCGGAATCT,1.5931912738112308
21929,0.575796636828249,13__mutated,PertCortex_13_GGCAATTAGAAGGGTA,1.482557203814666
21930,0.2351073023648961,13__mutated,PertCortex_13_GGCAATTAGACTAAGT,4.82131515000523
21931,0.1800695047518887,13__mutated,PertCortex_13_GGCAATTAGCTAAACA,3.2302366623687484
21932,0.4876019977552758,13__mutated,PertCortex_13_GGCAATTGTTACCAGT,2.1549273253526775
21933,0.26806402530061874,13__mutated,PertCortex_13_GGCAATTGTTGAGGTG,4.347546177708003
21934,0.10548452662762788,13__mutated,PertCortex_13_GGCAATTTCACTTATC,5.12344827733649
21935,0.5348308780290362,13__mutated,PertCortex_13_GGCAATTTCCATGCTC,1.6720217952358802
21936,0.20405579922712308,13__mutated,PertCortex_13_GGCAATTTCCCAACGG,3.5576365087860826
21937,0.14641679500951849,13__mutated,PertCortex_13_GGCAATTTCTGGTTCC,3.4036753215810096
21938,0.11108850793509667,13__mutated,PertCortex_13_GGCCGATAGCTTCGCG,4.864607489351072
21939,0.22023147428504106,13__mutated,PertCortex_13_GGCCGATCAGTGGAGT,2.964343565058765
21940,0.11518568507278065,13__mutated,PertCortex_13_GGCCGATGTCCTGCTT,4.267354162666804
21941,0.21305640679285792,13__mutated,PertCortex_13_GGCCGATGTGGAAAGA,4.949472209337766
21942,0.5052251732189813,13__mutated,PertCortex_13_GGCGACTAGTCCGGTC,1.8089277092408191
21943,0.37087428802148986,13__mutated,PertCortex_13_GGCGACTAGTGAAGTT,2.2579252299765615
21944,0.13783812496014955,13__mutated,PertCortex_13_GGCGACTGTGTGTGCC,4.316222801538923
21945,0.18881339216837786,13__mutated,PertCortex_13_GGCGACTTCAGTACGT,3.0609838258197097
21946,0.1589088503552375,13__mutated,PertCortex_13_GGCGACTTCATTTGGG,4.4212944728858
21947,0.1744273632883094,13__mutated,PertCortex_13_GGCGACTTCGCCAAAT,4.521621800544124
21948,0.1984096758739909,13__mutated,PertCortex_13_GGCGTGTCAGTCGTGC,4.483730261166223
21949,0.13455379982099713,13__mutated,PertCortex_13_GGCGTGTCATGTAAGA,2.5985096135479395
21950,0.13488352226947753,13__mutated,PertCortex_13_GGCGTGTTCGGAGGTA,3.624955268339187
21951,0.2691653085332331,13__mutated,PertCortex_13_GGCGTGTTCGTGACAT,2.491580631413294
21952,0.667536807917318,13__mutated,PertCortex_13_GGCTCGAAGATATGCA,2.0725515142916446
21953,0.10805610860317506,13__mutated,PertCortex_13_GGCTCGAAGTAGGCCA,2.8052725474011457
21954,0.055860342325229524,13__mutated,PertCortex_13_GGCTCGACATATGGTC,3.7769138216891287
21955,0.22458938442286536,13__mutated,PertCortex_13_GGCTCGAGTCCGAATT,4.248899915555974
21956,0.12879835074829074,13__mutated,PertCortex_13_GGCTCGAGTCGCGAAA,4.754594585991579
21957,0.3199519323927431,13__mutated,PertCortex_13_GGCTCGAGTTCAGACT,3.852016223093977
21958,0.2435338429604258,13__mutated,PertCortex_13_GGCTCGAGTTTGTGTG,3.6084515740141296
21959,0.1017444907983274,13__mutated,PertCortex_13_GGCTCGATCACGCGGT,3.1159766706543452
21960,0.171069489525119,13__mutated,PertCortex_13_GGCTCGATCTCTAAGG,5.109245275031839
21961,0.47830934578869294,13__mutated,PertCortex_13_GGCTGGTAGCGACGTA,1.674630442563844
21962,0.11812896043217355,13__mutated,PertCortex_13_GGCTGGTAGTACGACG,3.54532649588994
21963,0.2226776104486669,13__mutated,PertCortex_13_GGCTGGTAGTTTGCGT,1.4438196629057014
21964,0.11422431887108828,13__mutated,PertCortex_13_GGCTGGTCAAACGTGG,4.203626020166661
21965,0.18523766575892353,13__mutated,PertCortex_13_GGCTGGTCAAGCGCTC,3.681917792455407
21966,0.14816112741715262,13__mutated,PertCortex_13_GGCTGGTCAATCAGAA,4.7059291081715315
21967,0.12852953970572908,13__mutated,PertCortex_13_GGCTGGTCACGCATCG,2.705119360648393
21968,0.13720298595176175,13__mutated,PertCortex_13_GGCTGGTCACGGTTTA,4.099683566709001
21969,0.06052219252979502,13__mutated,PertCortex_13_GGCTGGTCATTTCAGG,4.23535329850166
21970,0.03853836709594581,13__mutated,PertCortex_13_GGCTGGTGTCAACATC,4.505893363849593
21971,0.24431942897237988,13__mutated,PertCortex_13_GGCTGGTGTGTGAATA,4.247718520464988
21972,0.24559908990620868,13__mutated,PertCortex_13_GGCTGGTTCACCCTCA,1.7084874146160396
21973,0.17775841042465118,13__mutated,PertCortex_13_GGGAATGAGAAACGAG,3.4117198572646825
21974,0.37116905186095056,13__mutated,PertCortex_13_GGGAATGAGAGCTGCA,1.8490614232987248
21975,0.471106076152485,13__mutated,PertCortex_13_GGGAATGAGCAGCCTC,1.87029523525935
21976,0.5563707898042954,13__mutated,PertCortex_13_GGGAATGAGTGGGCTA,3.136305379073786
21977,0.11719666404370016,13__mutated,PertCortex_13_GGGAATGCAATTCCTT,1.5803326028625115
21978,0.1595631784838974,13__mutated,PertCortex_13_GGGAATGCACAGAGGT,2.738519006087396
21979,0.13499118715143135,13__mutated,PertCortex_13_GGGAATGGTAGCTCCG,3.8199860126254355
21980,0.2882317902613542,13__mutated,PertCortex_13_GGGAATGTCATCATTC,1.857620529592858
21981,0.13905959699804865,13__mutated,PertCortex_13_GGGAATGTCTCTGCTG,3.79585307686917
21982,0.13515569071945893,13__mutated,PertCortex_13_GGGAATGTCTGCTTGC,4.495324747322011
21983,0.155565524346969,13__mutated,PertCortex_13_GGGACCTAGGAGTCTG,3.0870124936972334
21984,0.7202854761216403,13__mutated,PertCortex_13_GGGACCTCAACTGCTA,1.88027664270559
21985,0.313749213630787,13__mutated,PertCortex_13_GGGACCTCAGCCAGAA,1.3640740496427255
21986,0.27421747140997665,13__mutated,PertCortex_13_GGGACCTCAGTCACTA,1.4133120032378725
21987,0.12021839751622729,13__mutated,PertCortex_13_GGGACCTGTCTAAAGA,4.972312800718961
21988,0.1987307024783516,13__mutated,PertCortex_13_GGGACCTTCAGCAACT,4.410265629683529
21989,0.6833385131065809,13__mutated,PertCortex_13_GGGACCTTCGAGCCCA,1.2210565780097795
21990,0.1484968721905438,13__mutated,PertCortex_13_GGGACCTTCTCTAGGA,3.9431348259117738
21991,0.21076166635529545,13__mutated,PertCortex_13_GGGAGATAGAAACGCC,3.517618678710257
21992,0.16796169317181692,13__mutated,PertCortex_13_GGGAGATAGCTACCGC,4.885934939157347
21993,0.14003321328451937,13__mutated,PertCortex_13_GGGAGATCATCGGACC,4.765559119868291
21994,0.033182232804883506,13__mutated,PertCortex_13_GGGAGATGTACAGTTC,3.3205438155732203
21995,0.24812038810908718,13__mutated,PertCortex_13_GGGAGATGTCCGTCAG,1.9267375385890404
21996,0.1894440791883115,13__mutated,PertCortex_13_GGGAGATGTCGTTGTA,3.82050902998155
21997,0.13649907968210293,13__mutated,PertCortex_13_GGGAGATGTTCCTCCA,3.8484505091930803
21998,0.18417477403614627,13__mutated,PertCortex_13_GGGAGATGTTTGGCGC,2.089994261997384
21999,0.20242246967111777,13__mutated,PertCortex_13_GGGAGATTCACAATGC,3.590128474891769
22000,0.2738618186796089,13__mutated,PertCortex_13_GGGATGAAGACAGAGA,1.99880213658533
22001,0.1292189135578141,13__mutated,PertCortex_13_GGGATGAAGGTTCCTA,4.709149103905554
22002,0.15936502682355416,13__mutated,PertCortex_13_GGGATGAAGTTGTCGT,4.085514748568574
22003,0.6102724685542437,13__mutated,PertCortex_13_GGGATGACAAAGCAAT,1.4891514083207813
22004,0.08345947258616697,13__mutated,PertCortex_13_GGGATGACACCCAGTG,2.758075993292983
22005,0.5875612717490779,13__mutated,PertCortex_13_GGGATGACATGGTCTA,1.518191299419942
22006,0.2357306319945422,13__mutated,PertCortex_13_GGGATGAGTGGTACAG,3.239471085822065
22007,0.13953016567129803,13__mutated,PertCortex_13_GGGATGAGTTCAACCA,3.6403823486429054
22008,0.5070904762454654,13__mutated,PertCortex_13_GGGATGATCACCGGGT,1.7483344914129606
22009,0.44418075101347443,13__mutated,PertCortex_13_GGGCACTCACGGTGTC,3.7843480225673973
22010,0.21600804437729135,13__mutated,PertCortex_13_GGGCACTCATTTGCTT,4.233849350814114
22011,0.26697612581646496,13__mutated,PertCortex_13_GGGCACTTCATGTGGT,1.7521214933514042
22012,0.10872128490993474,13__mutated,PertCortex_13_GGGCATCAGCTTCGCG,3.91739785684664
22013,0.09784023927055553,13__mutated,PertCortex_13_GGGCATCAGTGTACCT,4.721875297710017
22014,0.5999419679093023,13__mutated,PertCortex_13_GGGCATCAGTTATCGC,1.4866006401434506
22015,0.16384105145648956,13__mutated,PertCortex_13_GGGCATCCAAACTGCT,3.5910423709734407
22016,0.08654696010990232,13__mutated,PertCortex_13_GGGCATCCATACGCTA,3.5241814437999217
22017,0.04933731374110008,13__mutated,PertCortex_13_GGGCATCGTATAGTAG,3.432758339886461
22018,0.13392572467357305,13__mutated,PertCortex_13_GGGCATCGTCCCTTGT,4.2748318810994315
22019,0.17352900413972885,13__mutated,PertCortex_13_GGGCATCGTTACCGAT,4.9771426258865175
22020,0.0813414787624768,13__mutated,PertCortex_13_GGGCATCTCCTAGTGA,4.342684508971579
22021,0.05808337137771993,13__mutated,PertCortex_13_GGGCATCTCGTGGACC,4.08104052475943
22022,0.1972461983763896,13__mutated,PertCortex_13_GGGTCTGAGAAGGCCT,2.983730769016957
22023,0.21902906255691154,13__mutated,PertCortex_13_GGGTCTGAGTGGAGTC,4.081917949930569
22024,0.09013758254128265,13__mutated,PertCortex_13_GGGTCTGCACGGCGTT,4.416549003197864
22025,0.214893479563649,13__mutated,PertCortex_13_GGGTCTGGTCCCTTGT,4.254111151681074
22026,0.17750085923199305,13__mutated,PertCortex_13_GGGTCTGGTGGTCTCG,4.348937927043052
22027,0.41902101587580537,13__mutated,PertCortex_13_GGGTCTGTCAGAGCTT,1.7973041133243206
22028,0.10995857835564268,13__mutated,PertCortex_13_GGGTCTGTCAGTTAGC,1.3498546639487756
22029,0.18876754271616247,13__mutated,PertCortex_13_GGGTTGCAGATAGCAT,3.918084771323235
22030,0.1351894563044394,13__mutated,PertCortex_13_GGGTTGCCAAACGCGA,3.487725943045258
22031,0.7324346024193934,13__mutated,PertCortex_13_GGGTTGCCAATCACAC,1.6988600889973835
22032,0.20531254896236537,13__mutated,PertCortex_13_GGGTTGCCATAAAGGT,4.582129315877191
22033,0.1917111751612084,13__mutated,PertCortex_13_GGGTTGCGTTCCACGG,4.415488176839976
22034,-0.017214710678146384,13__mutated,PertCortex_13_GGGTTGCGTTTACTCT,1.9665858951400947
22035,0.11176536787989144,13__mutated,PertCortex_13_GGGTTGCTCAAGGCTT,4.473364442088669
22036,0.16617832106066652,13__mutated,PertCortex_13_GGTATTGAGAAGATTC,1.7972803359165148
22037,0.07034200973336034,13__mutated,PertCortex_13_GGTATTGAGCACACAG,4.174292571262945
22038,0.5590783111164445,13__mutated,PertCortex_13_GGTATTGAGGATATAC,1.900737057873675
22039,0.1278468095474815,13__mutated,PertCortex_13_GGTATTGAGTTTAGGA,4.363271136916206
22040,0.5081248969964393,13__mutated,PertCortex_13_GGTATTGCAAATTGCC,2.927750095328473
22041,0.1692690889019342,13__mutated,PertCortex_13_GGTATTGCACCATGTA,4.284478826291576
22042,0.17757237040841817,13__mutated,PertCortex_13_GGTATTGCACCTCGGA,4.999726998430895
22043,0.35600844736237575,13__mutated,PertCortex_13_GGTATTGGTGAACCTT,1.816433144223151
22044,0.6548233791037975,13__mutated,PertCortex_13_GGTATTGTCAGGTAAA,2.2198639063462684
22045,0.570925564109293,13__mutated,PertCortex_13_GGTATTGTCTCTTATG,2.656242158882806
22046,0.07453897877735398,13__mutated,PertCortex_13_GGTGAAGCAAGCCCAC,3.6242609401743993
22047,0.20211654812181967,13__mutated,PertCortex_13_GGTGAAGCAATCAGAA,5.012560365317698
22048,0.09990155664525022,13__mutated,PertCortex_13_GGTGAAGCACTTCGAA,3.4788162536392937
22049,0.2759162815989564,13__mutated,PertCortex_13_GGTGAAGCATACAGCT,2.0820911541530527
22050,0.40872616505693227,13__mutated,PertCortex_13_GGTGCGTAGCTGGAAC,2.2825405891389097
22051,0.12979095574596153,13__mutated,PertCortex_13_GGTGCGTAGGCATGGT,3.668599253836016
22052,0.4917290364311205,13__mutated,PertCortex_13_GGTGCGTCACCAGGCT,2.4208431687786787
22053,0.1259420990499621,13__mutated,PertCortex_13_GGTGCGTCAGTTCCCT,3.6316043797359034
22054,0.11820133600545348,13__mutated,PertCortex_13_GGTGCGTGTAAGTTCC,4.387434062736889
22055,0.09069858724697627,13__mutated,PertCortex_13_GGTGCGTGTCCCGACA,3.4807327820874443
22056,0.05013875012592186,13__mutated,PertCortex_13_GGTGCGTTCACGCGGT,3.6134620220455673
22057,0.3200902800067422,13__mutated,PertCortex_13_GGTGTTAAGCCACGCT,3.640445079435277
22058,0.09691712449102018,13__mutated,PertCortex_13_GGTGTTAAGCTTATCG,4.065953127985868
22059,0.13000054884461323,13__mutated,PertCortex_13_GGTGTTAAGTGATCGG,2.833684557916761
22060,0.10953503044773844,13__mutated,PertCortex_13_GGTGTTACAAGTCATC,3.852458793075136
22061,0.11963834236451497,13__mutated,PertCortex_13_GGTGTTACATAGGATA,3.4596089877055394
22062,0.13274240496718812,13__mutated,PertCortex_13_GGTGTTAGTCCTGCTT,5.264933270161036
22063,0.15282250934498706,13__mutated,PertCortex_13_GGTGTTAGTGTGAATA,3.998421565273144
22064,0.6106879333907214,13__mutated,PertCortex_13_GTAACGTAGGCTACGA,1.8302971018195384
22065,0.4935389203110114,13__mutated,PertCortex_13_GTAACGTCAGTGAGTG,1.910199889579677
22066,0.06732943908507473,13__mutated,PertCortex_13_GTAACGTCATCGGACC,3.2607449328826195
22067,0.1427816447993233,13__mutated,PertCortex_13_GTAACGTGTACTCAAC,3.367088464510546
22068,0.16621403801518816,13__mutated,PertCortex_13_GTAACGTGTCTCTTTA,4.399724615185527
22069,0.1158403811289615,13__mutated,PertCortex_13_GTAACGTGTGGCTCCA,4.165250613771443
22070,0.1028922693031953,13__mutated,PertCortex_13_GTAACGTGTGTCCTCT,3.9752234778443554
22071,0.15389094561758535,13__mutated,PertCortex_13_GTAACTGAGGCTAGGT,3.5734910690791932
22072,0.32077815218932415,13__mutated,PertCortex_13_GTAACTGAGTAGATGT,2.3125550104753327
22073,0.16878846016369803,13__mutated,PertCortex_13_GTAACTGAGTGATCGG,3.553562981769105
22074,0.40193931285390494,13__mutated,PertCortex_13_GTAACTGCATTTCACT,1.637918916312464
22075,0.18627862379299628,13__mutated,PertCortex_13_GTAACTGGTATAGGGC,4.595004741173958
22076,0.21086598787919955,13__mutated,PertCortex_13_GTAACTGGTCGCGTGT,1.379973074561127
22077,0.08592176637852565,13__mutated,PertCortex_13_GTAACTGGTGCGATAG,5.047627542089076
22078,0.07792317600289866,13__mutated,PertCortex_13_GTAACTGTCCGCTGTT,3.4956723551659095
22079,0.3713668581383886,13__mutated,PertCortex_13_GTACGTAAGAATGTGT,2.0836758947904728
22080,0.6974902696348095,13__mutated,PertCortex_13_GTACGTAAGACTTGAA,2.255293047577699
22081,0.12364763865381466,13__mutated,PertCortex_13_GTACGTAAGGTGCACA,2.1432042614290694
22082,0.18057515072015612,13__mutated,PertCortex_13_GTACGTAAGTCTTGCA,3.0813297944001143
22083,0.6318735814151517,13__mutated,PertCortex_13_GTACGTAAGTGAAGTT,1.1043162397162727
22084,0.15015492434390978,13__mutated,PertCortex_13_GTACGTACACAGGAGT,2.890507485104322
22085,0.18695202002280947,13__mutated,PertCortex_13_GTACGTAGTGGTGTAG,4.259874694609552
22086,0.23314853467321658,13__mutated,PertCortex_13_GTACGTAGTGTCGCTG,4.466319669418884
22087,0.6058564446144582,13__mutated,PertCortex_13_GTACGTAGTTCCACAA,2.6651108781141692
22088,0.12231736453585304,13__mutated,PertCortex_13_GTACGTATCTCCGGTT,4.680490233906246
22089,0.02560384674579291,13__mutated,PertCortex_13_GTACTCCCAAGTAGTA,3.092170584914297
22090,0.09143834286229822,13__mutated,PertCortex_13_GTACTCCCACCGGAAA,1.6572251492327081
22091,0.0638183294766074,13__mutated,PertCortex_13_GTACTCCTCAACACCA,2.9688533381090307
22092,0.49891533660751436,13__mutated,PertCortex_13_GTACTCCTCACAATGC,1.6365451005122087
22093,0.12343907538643782,13__mutated,PertCortex_13_GTACTCCTCATTTGGG,4.269784583109073
22094,0.12050200262774723,13__mutated,PertCortex_13_GTACTCCTCCACGACG,4.2830501006995725
22095,0.45444401091620207,13__mutated,PertCortex_13_GTACTCCTCCTTGGTC,1.8222022587138116
22096,0.42914927688886123,13__mutated,PertCortex_13_GTACTCCTCTGTCAAG,2.3149935224744027
22097,0.7120642895258553,13__mutated,PertCortex_13_GTACTTTAGCGATGAC,1.7996424616738649
22098,0.17679709026705087,13__mutated,PertCortex_13_GTACTTTAGCGTCAAG,4.3796681563397
22099,0.1799658325819396,13__mutated,PertCortex_13_GTACTTTAGGACACCA,4.700278615527189
22100,0.17683424867057151,13__mutated,PertCortex_13_GTACTTTCACAGACTT,3.0365658260192063
22101,0.08451232970410202,13__mutated,PertCortex_13_GTACTTTCACGTCAGC,4.467859099062846
22102,0.25745531468423904,13__mutated,PertCortex_13_GTACTTTGTCTAGTCA,2.7387161557640494
22103,0.4971566292668272,13__mutated,PertCortex_13_GTACTTTTCCACGTTC,1.9859457594766858
22104,0.19395329394185742,13__mutated,PertCortex_13_GTACTTTTCGAGAGCA,2.9597519266200143
22105,0.18377917067033842,13__mutated,PertCortex_13_GTAGGCCAGCCATCGC,4.802766613000578
22106,0.6121401123276686,13__mutated,PertCortex_13_GTAGGCCCAGTCCTTC,1.552737114446021
22107,0.14645087304978152,13__mutated,PertCortex_13_GTAGGCCTCAATACCG,3.573935676574014
22108,0.48126527167137384,13__mutated,PertCortex_13_GTAGGCCTCACTGGGC,1.7518909977727457
22109,0.26869078930827234,13__mutated,PertCortex_13_GTAGTCACAGCGAACA,2.0858540024203003
22110,0.17130019183717451,13__mutated,PertCortex_13_GTAGTCACAGCTCGAC,2.099833688472578
22111,0.14158427620155453,13__mutated,PertCortex_13_GTAGTCACATTTGCCC,4.535932927459943
22112,0.11340463490288256,13__mutated,PertCortex_13_GTAGTCAGTACAGCAG,4.607527046431107
22113,0.18871137153989284,13__mutated,PertCortex_13_GTAGTCATCACCGGGT,4.453406004972268
22114,0.6331982633364577,13__mutated,PertCortex_13_GTAGTCATCACGGTTA,1.5083810272061877
22115,0.6853667092113573,13__mutated,PertCortex_13_GTATCTTAGGTTCCTA,2.167031974044622
22116,0.15693480188819364,13__mutated,PertCortex_13_GTATCTTAGTATCGAA,4.143176428964
22117,0.13048845157576147,13__mutated,PertCortex_13_GTATCTTCAAGTCTAC,4.8482150231609475
22118,0.14608882386723937,13__mutated,PertCortex_13_GTATCTTCAGATCTGT,2.730957588436375
22119,0.7576388681101641,13__mutated,PertCortex_13_GTATCTTCAGATGGGT,1.8957323091396348
22120,0.14003158076675662,13__mutated,PertCortex_13_GTATCTTCAGGCAGTA,3.9358846846103317
22121,0.15118359494852945,13__mutated,PertCortex_13_GTATCTTCATCCTAGA,2.0946472531404536
22122,0.42346292750179354,13__mutated,PertCortex_13_GTATCTTGTCCGTTAA,2.097044793815999
22123,0.059897288577385625,13__mutated,PertCortex_13_GTATCTTGTGCGAAAC,2.6631501329238274
22124,0.3421610403591252,13__mutated,PertCortex_13_GTATCTTTCCTCAATT,2.241356915891171
22125,0.2873489493910568,13__mutated,PertCortex_13_GTATCTTTCGCGGATC,2.881881272352338
22126,0.28258950821263934,13__mutated,PertCortex_13_GTATCTTTCTAACTGG,2.0149711404040644
22127,0.23323392466247245,13__mutated,PertCortex_13_GTATTCTAGAGACTTA,3.979012045281347
22128,0.03820869043022095,13__mutated,PertCortex_13_GTATTCTAGTGAACAT,4.506362319444503
22129,0.16423877042344995,13__mutated,PertCortex_13_GTATTCTCAATAAGCA,4.169829680324718
22130,0.20451190578144704,13__mutated,PertCortex_13_GTATTCTCACTTCTGC,3.6896239318626964
22131,0.08150507871168199,13__mutated,PertCortex_13_GTATTCTCAGACAGGT,4.537538522269501
22132,0.11305956313977061,13__mutated,PertCortex_13_GTATTCTGTACGACCC,3.9082972188681473
22133,0.3743917296185927,13__mutated,PertCortex_13_GTATTCTGTAGAAAGG,2.0271309652763265
22134,0.5940589967238089,13__mutated,PertCortex_13_GTATTCTGTGTGGTTT,1.6882686301761434
22135,0.14428601470594854,13__mutated,PertCortex_13_GTATTCTGTTACCGAT,4.594219576389195
22136,0.16467688459924415,13__mutated,PertCortex_13_GTATTCTTCACTTCAT,2.3112133706511484
22137,0.19543503390898329,13__mutated,PertCortex_13_GTCAAGTAGATCTGAA,2.7395568101521617
22138,0.1815209407163745,13__mutated,PertCortex_13_GTCAAGTCATGTCGAT,4.574590189364533
22139,0.3795288810910261,13__mutated,PertCortex_13_GTCAAGTGTGCTCTTC,1.7506580848674593
22140,0.17626377038158042,13__mutated,PertCortex_13_GTCAAGTTCGCTGATA,4.766074892925299
22141,0.07706786212698183,13__mutated,PertCortex_13_GTCACAAAGATCCCAT,4.738235264590225
22142,0.12723341848571984,13__mutated,PertCortex_13_GTCACAAAGTACCGGA,4.3146457134217
22143,0.16793387417097394,13__mutated,PertCortex_13_GTCACAACAAACGCGA,4.828587090396819
22144,0.17130670431685605,13__mutated,PertCortex_13_GTCACAACATTCCTGC,2.8597062155379716
22145,0.23064670141277324,13__mutated,PertCortex_13_GTCACAAGTACTTCTT,3.5571157696223317
22146,0.17313671384871954,13__mutated,PertCortex_13_GTCACAATCATAGCAC,4.970357715127473
22147,0.20348431066842068,13__mutated,PertCortex_13_GTCACAATCTCAAGTG,4.418868497184788
22148,0.26903225615173776,13__mutated,PertCortex_13_GTCACAATCTTGCATT,4.078833542755887
22149,0.2051948429342963,13__mutated,PertCortex_13_GTCACGGAGGCATGGT,4.30960921448172
22150,0.1875286695060577,13__mutated,PertCortex_13_GTCACGGGTACAGACG,4.318928711216419
22151,0.19812209383614163,13__mutated,PertCortex_13_GTCACGGGTTAAGTAG,4.177946108618738
22152,0.15714675551815033,13__mutated,PertCortex_13_GTCATTTCAAGCTGAG,5.156304441851693
22153,0.630561139933947,13__mutated,PertCortex_13_GTCATTTGTAAAGGAG,1.5556954079361427
22154,0.4082479540205218,13__mutated,PertCortex_13_GTCATTTGTCCATCCT,1.871848453754811
22155,0.13247624157039603,13__mutated,PertCortex_13_GTCATTTTCTAACTGG,3.8365752140488705
22156,0.27742727227116903,13__mutated,PertCortex_13_GTCATTTTCTGCTGCT,2.01415206124576
22157,0.1767129005349523,13__mutated,PertCortex_13_GTCATTTTCTGTCAAG,4.986086707517773
22158,0.6387234533941873,13__mutated,PertCortex_13_GTCCTCAAGCTGAACG,1.4081082272784222
22159,0.1759204583079728,13__mutated,PertCortex_13_GTCCTCAAGCTGGAAC,5.420315429850324
22160,0.35052016012850257,13__mutated,PertCortex_13_GTCCTCAAGTGCCAGA,1.8429053039491796
22161,0.182526712604076,13__mutated,PertCortex_13_GTCCTCAGTCTCCCTA,3.9107249131602186
22162,0.22273321022823264,13__mutated,PertCortex_13_GTCCTCAGTTGAGGTG,5.320424683897288
22163,0.3746329076065219,13__mutated,PertCortex_13_GTCCTCATCCGTTGCT,2.308013722791983
22164,0.11763454092316891,13__mutated,PertCortex_13_GTCGGGTGTATTCGTG,4.663614487201272
22165,0.08079987995561294,13__mutated,PertCortex_13_GTCGGGTGTCTGGAGA,2.971886274192429
22166,0.5098975404378175,13__mutated,PertCortex_13_GTCGGGTGTGGGTATG,1.8406588634055614
22167,0.26370091904552445,13__mutated,PertCortex_13_GTCGGGTGTTAAGACA,4.522625589011374
22168,0.04041587661748122,13__mutated,PertCortex_13_GTCGGGTTCATTGCGA,3.6641431706045506
22169,0.17627075056601754,13__mutated,PertCortex_13_GTCGGGTTCGTCGTTC,4.586475843215865
22170,0.3639858461627195,13__mutated,PertCortex_13_GTCGGGTTCTAACTCT,3.7904883777154867
22171,0.21510024704198197,13__mutated,PertCortex_13_GTCGGGTTCTTTCCTC,4.518323165213617
22172,0.1569963990831507,13__mutated,PertCortex_13_GTCGTAAAGACCACGA,4.454498886982753
22173,0.45927950803266226,13__mutated,PertCortex_13_GTCGTAACAGTAAGAT,2.2355268515361586
22174,0.12815560440930326,13__mutated,PertCortex_13_GTCGTAACATTTCACT,3.8013649952855375
22175,0.1583782393072519,13__mutated,PertCortex_13_GTCGTAAGTAGAAGGA,3.9145492022083337
22176,0.12139866454876803,13__mutated,PertCortex_13_GTCGTAATCAACACAC,4.714330728911864
22177,0.1400585363297226,13__mutated,PertCortex_13_GTCTCGTAGCCACTAT,3.542915378366577
22178,0.18228075887419962,13__mutated,PertCortex_13_GTCTCGTCAGGTGCCT,3.5233121653284574
22179,0.15959461247647486,13__mutated,PertCortex_13_GTCTCGTCATCCAACA,4.356524032179179
22180,0.12976935708530873,13__mutated,PertCortex_13_GTCTCGTCATCGGAAG,4.384212792169033
22181,0.3342200550690174,13__mutated,PertCortex_13_GTCTCGTGTCCGCTGA,2.162610616012625
22182,0.27198614384205166,13__mutated,PertCortex_13_GTCTCGTTCACCGGGT,3.68978366708089
22183,0.37779425947620937,13__mutated,PertCortex_13_GTCTTCGAGTAGGTGC,3.3458261855675557
22184,0.16629682851449332,13__mutated,PertCortex_13_GTCTTCGAGTCATCCA,4.7795506610527
22185,0.41008652824528585,13__mutated,PertCortex_13_GTCTTCGCAATGAATG,1.7555095733472728
22186,0.6542287845286967,13__mutated,PertCortex_13_GTCTTCGCAGGCAGTA,1.9511382759577998
22187,0.14747958305532155,13__mutated,PertCortex_13_GTCTTCGCAGGGTTAG,3.603772582431974
22188,0.3272808388226153,13__mutated,PertCortex_13_GTCTTCGGTATTCTCT,1.7293969656071209
22189,0.23595800473576817,13__mutated,PertCortex_13_GTCTTCGGTGCGAAAC,3.664000636277723
22190,0.07918316533782598,13__mutated,PertCortex_13_GTCTTCGTCCGATATG,3.5960656030373066
22191,0.4897662627592811,13__mutated,PertCortex_13_GTCTTCGTCCTTCAAT,1.6841360710076656
22192,0.12878272703502214,13__mutated,PertCortex_13_GTGAAGGAGATCCCGC,4.763726785962277
22193,0.6078138121190262,13__mutated,PertCortex_13_GTGAAGGAGCTGCCCA,2.4311648098863143
22194,0.09965171390663315,13__mutated,PertCortex_13_GTGAAGGAGGAGTTTA,3.638433049288877
22195,0.12926194425074494,13__mutated,PertCortex_13_GTGAAGGCACAACGCC,3.616232974253209
22196,0.39960199552747055,13__mutated,PertCortex_13_GTGAAGGCACCGCTAG,2.0846726523938397
22197,0.11538963979851267,13__mutated,PertCortex_13_GTGAAGGCACGAAACG,2.529379940423708
22198,0.12977308871324184,13__mutated,PertCortex_13_GTGAAGGCATGGAATA,3.722759395106771
22199,0.5918034740275846,13__mutated,PertCortex_13_GTGAAGGGTCTAGCCG,1.509636557222088
22200,0.0906874171259894,13__mutated,PertCortex_13_GTGAAGGGTTTGTTGG,4.194667405972796
22201,0.15807613700480308,13__mutated,PertCortex_13_GTGCAGCAGCAAATCA,5.4087382663660355
22202,0.2713307977381135,13__mutated,PertCortex_13_GTGCAGCAGCCAGGAT,2.683665022419136
22203,0.12352852633341604,13__mutated,PertCortex_13_GTGCAGCCACATTCGA,3.4770921478679937
22204,0.11545047051143198,13__mutated,PertCortex_13_GTGCAGCCATCAGTCA,3.404541330114775
22205,0.1142028053684984,13__mutated,PertCortex_13_GTGCAGCGTCCGTTAA,4.047414743155797
22206,0.4546817705066117,13__mutated,PertCortex_13_GTGCAGCGTCTAGTGT,1.7327127379652842
22207,0.6555143287162243,13__mutated,PertCortex_13_GTGCAGCGTGAAGGCT,2.209170604157166
22208,0.12123779846835851,13__mutated,PertCortex_13_GTGCAGCGTTCTGAAC,4.356826518231144
22209,0.1919923988416726,13__mutated,PertCortex_13_GTGCAGCTCACATGCA,4.412682575627171
22210,0.3482332330334655,13__mutated,PertCortex_13_GTGCAGCTCCAGTATG,3.416852109140378
22211,0.3534351062397152,13__mutated,PertCortex_13_GTGCATAAGAAGCCCA,2.386882099644192
22212,0.15019395512512557,13__mutated,PertCortex_13_GTGCATAAGCAGGCTA,3.9797258270184153
22213,0.39117394133771055,13__mutated,PertCortex_13_GTGCATACAAGAAGAG,1.7314739783381228
22214,0.06717326883422964,13__mutated,PertCortex_13_GTGCATACATTCACTT,3.6816017705243014
22215,0.05075009566676211,13__mutated,PertCortex_13_GTGCATACATTGGGCC,1.8833645526218066
22216,0.2120754680955643,13__mutated,PertCortex_13_GTGCATAGTCTGATCA,5.021262644739467
22217,0.11930704805318339,13__mutated,PertCortex_13_GTGCATAGTGTGACGA,3.0072165761814857
22218,0.12131834136384594,13__mutated,PertCortex_13_GTGCATATCAGCTGGC,3.4519794209650927
22219,0.41529951622265016,13__mutated,PertCortex_13_GTGCATATCCCAAGTA,1.0216414403631435
22220,0.5038641759185166,13__mutated,PertCortex_13_GTGCGGTAGAATCTCC,1.8142743324224317
22221,0.6792094281691898,13__mutated,PertCortex_13_GTGCGGTCAGGGTATG,2.10901812273479
22222,0.18909115859852485,13__mutated,PertCortex_13_GTGCGGTGTAAATGTG,2.2046852248688023
22223,0.481360380160777,13__mutated,PertCortex_13_GTGCGGTGTTTGTTTC,2.0029114347462733
22224,0.3998523837635992,13__mutated,PertCortex_13_GTGCGGTTCAGCTCTC,1.655352900574901
22225,0.4582799196595826,13__mutated,PertCortex_13_GTGCGGTTCTACCTGC,1.8193675237025544
22226,0.10834776712668394,13__mutated,PertCortex_13_GTGCGGTTCTCTGCTG,4.072663194038734
22227,0.055017922252646054,13__mutated,PertCortex_13_GTGCTTCAGCCAGGAT,3.121087238511885
22228,0.12980440715714336,13__mutated,PertCortex_13_GTGCTTCAGGAGTTGC,4.248657465159531
22229,0.29760729102092875,13__mutated,PertCortex_13_GTGCTTCAGTCCATAC,3.636870864266554
22230,0.06337750002691352,13__mutated,PertCortex_13_GTGCTTCAGTGCAAGC,3.1305044362995433
22231,0.07336074998912427,13__mutated,PertCortex_13_GTGCTTCCATATGGTC,3.2222650514507967
22232,0.12774905780407017,13__mutated,PertCortex_13_GTGCTTCGTGATGCCC,4.377705715119417
22233,0.24567286484122947,13__mutated,PertCortex_13_GTGCTTCGTGCGGTAA,5.061597223323373
22234,0.08354580748039254,13__mutated,PertCortex_13_GTGCTTCTCACCACCT,2.807053743033423
22235,0.1478865901936715,13__mutated,PertCortex_13_GTGGGTCAGAACTCGG,4.706312818812073
22236,0.19188137213151343,13__mutated,PertCortex_13_GTGGGTCAGATGTGTA,4.881042718635145
22237,0.1490420220799264,13__mutated,PertCortex_13_GTGGGTCGTCTCGTTC,4.190074786469037
22238,0.03521412069742365,13__mutated,PertCortex_13_GTGGGTCGTTCCGGCA,3.3869496618102994
22239,0.14823141648245886,13__mutated,PertCortex_13_GTGGGTCTCATTGCGA,3.8582981156667806
22240,0.0762765523676462,13__mutated,PertCortex_13_GTGGGTCTCTTGAGAC,4.1712770824500085
22241,0.33638426943887245,13__mutated,PertCortex_13_GTGTGCGAGCTGGAAC,3.5995807544247165
22242,0.14286163827848128,13__mutated,PertCortex_13_GTGTGCGAGGAGTAGA,5.07887384464559
22243,0.09124329588028991,13__mutated,PertCortex_13_GTGTGCGCACCGCTAG,4.399505565746986
22244,0.4510793585996737,13__mutated,PertCortex_13_GTGTGCGCATAGTAAG,2.129454657259029
22245,0.28955035779922506,13__mutated,PertCortex_13_GTGTGCGGTAAATACG,2.2513510648257813
22246,0.14498775477365017,13__mutated,PertCortex_13_GTGTGCGGTCAACTGT,3.2049739686946843
22247,0.5940247770963809,13__mutated,PertCortex_13_GTGTGCGGTTAAGTAG,2.321107524530576
22248,0.17973055219005168,13__mutated,PertCortex_13_GTGTGCGTCACAGGCC,4.638169188004975
22249,0.17901603599546997,13__mutated,PertCortex_13_GTGTGCGTCACCCTCA,4.615068058167022
22250,0.11665640772446498,13__mutated,PertCortex_13_GTGTTAGCAGAGTGTG,3.807112819873151
22251,0.11307396194043193,13__mutated,PertCortex_13_GTGTTAGCAGTTCCCT,3.4596816931157086
22252,0.26112643395166146,13__mutated,PertCortex_13_GTGTTAGGTACGAAAT,3.2711662922192977
22253,0.355219230051968,13__mutated,PertCortex_13_GTGTTAGGTCCATGAT,1.9588235693104017
22254,0.16809441620399374,13__mutated,PertCortex_13_GTGTTAGTCGACGGAA,3.8628445071229645
22255,0.18755032245573197,13__mutated,PertCortex_13_GTTAAGCAGCCTATGT,4.3171062452498825
22256,0.19125794368846868,13__mutated,PertCortex_13_GTTAAGCAGGCTAGCA,3.2857320377643746
22257,0.11939386104766317,13__mutated,PertCortex_13_GTTAAGCCAGACGCTC,4.637714437488726
22258,0.21898936153966975,13__mutated,PertCortex_13_GTTAAGCGTGAGTGAC,4.421439809733493
22259,0.1906010680094215,13__mutated,PertCortex_13_GTTAAGCGTGTGCGTC,3.946403680893478
22260,0.343942422417466,13__mutated,PertCortex_13_GTTAAGCTCGCTTGTC,2.406477099850763
22261,0.3141863716133177,13__mutated,PertCortex_13_GTTAAGCTCGTACGGC,3.6798220493421505
22262,0.15317431602597045,13__mutated,PertCortex_13_GTTACAGCACAGACAG,4.328421346502879
22263,0.1536085571888446,13__mutated,PertCortex_13_GTTACAGGTTCTGGTA,4.571089217015269
22264,0.538666973602856,13__mutated,PertCortex_13_GTTACAGGTTGATTGC,1.985502098992095
22265,0.2084597879238548,13__mutated,PertCortex_13_GTTACAGTCCGAATGT,2.727809267931673
22266,0.1221563115917599,13__mutated,PertCortex_13_GTTACAGTCTTCTGGC,5.213251887565021
22267,0.10347412734298388,13__mutated,PertCortex_13_GTTCATTCAAGTAGTA,3.5863517829883933
22268,0.18840633561932082,13__mutated,PertCortex_13_GTTCATTCAGCCTATA,4.913426028967711
22269,0.5548722264222733,13__mutated,PertCortex_13_GTTCATTCATCGTCGG,2.795354847206849
22270,0.15674006699657353,13__mutated,PertCortex_13_GTTCATTGTACAAGTA,5.07035072795743
22271,0.2756459101887777,13__mutated,PertCortex_13_GTTCATTGTCAAAGAT,4.5413043926735535
22272,0.21911018349669836,13__mutated,PertCortex_13_GTTCATTGTCAGATAA,4.555974049824474
22273,0.09232929619277262,13__mutated,PertCortex_13_GTTCATTGTCGCGGTT,4.130637903156953
22274,0.376214590246769,13__mutated,PertCortex_13_GTTCGGGAGGCTATCT,4.335160990040663
22275,0.15130478226251676,13__mutated,PertCortex_13_GTTCGGGGTCAATACC,4.7010273524193105
22276,0.053874512763674935,13__mutated,PertCortex_13_GTTCGGGTCACCACCT,4.4598307263042205
22277,0.39076710524049735,13__mutated,PertCortex_13_GTTCGGGTCTGAGTGT,4.620551073641575
22278,0.07796538710461812,13__mutated,PertCortex_13_GTTCTCGAGATCGGGT,3.9717023347668703
22279,0.3780764713921811,13__mutated,PertCortex_13_GTTCTCGCAAAGCGGT,4.157160272774161
22280,0.12759746015850898,13__mutated,PertCortex_13_GTTCTCGCAATGGACG,3.3758765480801656
22281,0.25127574311964523,13__mutated,PertCortex_13_GTTCTCGCAATGTTGC,1.7026608964184695
22282,0.20395632011235051,13__mutated,PertCortex_13_GTTCTCGCATCATCCC,5.089785988630465
22283,0.280265068139422,13__mutated,PertCortex_13_GTTCTCGGTCCTGCTT,4.661555620252706
22284,0.26748748103473885,13__mutated,PertCortex_13_GTTCTCGGTTTGTGTG,4.353230650365378
22285,0.14543461025079119,13__mutated,PertCortex_13_GTTCTCGTCGCCTGTT,3.6465742363772735
22286,0.21681232841186832,13__mutated,PertCortex_13_GTTTCTAAGTCTCGGC,2.5782949944810336
22287,0.19781630089728258,13__mutated,PertCortex_13_GTTTCTACAGCGTAAG,3.3899039224124516
22288,0.2354831896806676,13__mutated,PertCortex_13_GTTTCTACATTCTTAC,4.222766863174227
22289,0.48824460689345656,13__mutated,PertCortex_13_GTTTCTAGTTACCAGT,2.119244336838919
22290,0.09097968960088151,13__mutated,PertCortex_13_GTTTCTAGTTACGTCA,3.261360879963811
22291,0.18367476677456915,13__mutated,PertCortex_13_GTTTCTATCATGTAGC,5.1995488222179596
22292,0.2664446914133405,13__mutated,PertCortex_13_GTTTCTATCGCATGGC,4.579726208904604
22293,0.20989733065202137,13__mutated,PertCortex_13_TAAACCGAGCTCCTCT,4.685363920547718
22294,0.2585597851172229,13__mutated,PertCortex_13_TAAACCGCAAGACGTG,4.311429218838292
22295,0.1390503528650463,13__mutated,PertCortex_13_TAAACCGCATTCCTCG,4.312818476220779
22296,0.2650080271847727,13__mutated,PertCortex_13_TAAACCGGTATCTGCA,4.8874317390622215
22297,0.21054183199355067,13__mutated,PertCortex_13_TAAACCGTCACAGGCC,3.5077176682634996
22298,0.29642128058635864,13__mutated,PertCortex_13_TAAACCGTCAGTCCCT,4.590988016791708
22299,0.052214544720335286,13__mutated,PertCortex_13_TAAACCGTCTGTCTCG,3.880677261850071
22300,0.20634118400619544,13__mutated,PertCortex_13_TAAGAGAAGATAGGAG,3.737732392679223
22301,0.25168194669898525,13__mutated,PertCortex_13_TAAGAGAAGTAGCGGT,4.868847247557234
22302,0.15765296813371144,13__mutated,PertCortex_13_TAAGAGACAGTCACTA,4.511434660998273
22303,0.2813205122746865,13__mutated,PertCortex_13_TAAGAGAGTATAGGGC,2.0958979366445467
22304,0.42266341251324413,13__mutated,PertCortex_13_TAAGAGAGTCAAAGAT,3.9370156273429378
22305,0.3246055875355991,13__mutated,PertCortex_13_TAAGAGAGTCTAAACC,4.593978551277882
22306,0.15370686101634884,13__mutated,PertCortex_13_TAAGAGAGTCTTGTCC,4.097162208076429
22307,0.16804416456292204,13__mutated,PertCortex_13_TAAGAGAGTTCATGGT,2.5450444254307043
22308,0.2945173104209834,13__mutated,PertCortex_13_TAAGAGATCAGAGCTT,4.378888651591793
22309,0.6531731063112582,13__mutated,PertCortex_13_TAAGCGTAGGATGCGT,1.4528543515113725
22310,0.4410001715562823,13__mutated,PertCortex_13_TAAGCGTCAGACGCTC,1.9051614025705086
22311,0.16590867311430826,13__mutated,PertCortex_13_TAAGCGTCAGGCAGTA,3.9167218461256623
22312,0.235781035170681,13__mutated,PertCortex_13_TAAGCGTGTTTGTTTC,4.6702756660303
22313,0.1546771389066672,13__mutated,PertCortex_13_TAAGCGTTCCTAGGGC,4.383219628585611
22314,0.11970835515949363,13__mutated,PertCortex_13_TAAGCGTTCCTGCTTG,4.191999458683715
22315,0.26542520584017526,13__mutated,PertCortex_13_TAAGCGTTCGTTTAGG,4.73552077199477
22316,0.1210575470928727,13__mutated,PertCortex_13_TAAGTGCAGTAAGTAC,2.743045808869001
22317,0.13982362184711625,13__mutated,PertCortex_13_TAAGTGCAGTGTACGG,3.41889670712755
22318,0.5402590775189989,13__mutated,PertCortex_13_TAAGTGCCATAGACTC,1.8639209646381738
22319,0.1859699084335489,13__mutated,PertCortex_13_TAAGTGCGTAGCGTGA,4.663757307050976
22320,0.27443079920159164,13__mutated,PertCortex_13_TACACGAAGCAGGTCA,2.4023657700156855
22321,0.10156047901579204,13__mutated,PertCortex_13_TACACGAAGTGATCGG,2.089024031375708
22322,0.1113244508390606,13__mutated,PertCortex_13_TACACGACACCCATTC,3.903353748952443
22323,0.2789679394412144,13__mutated,PertCortex_13_TACACGACACCGCTAG,4.640932951224235
22324,0.20187169197874905,13__mutated,PertCortex_13_TACACGAGTCTCCCTA,4.757406240712056
22325,0.20126414358477657,13__mutated,PertCortex_13_TACAGTGAGACAAAGG,3.792253424827389
22326,0.27656650547002026,13__mutated,PertCortex_13_TACAGTGAGATGTAAC,4.627978369968843
22327,0.17736359577174335,13__mutated,PertCortex_13_TACAGTGCAGTGAGTG,5.170358214613938
22328,0.13509063433012794,13__mutated,PertCortex_13_TACAGTGGTCTAGCGC,3.748617342501775
22329,0.27103333746830227,13__mutated,PertCortex_13_TACAGTGGTGACTCAT,4.4174929493724
22330,0.20356013222049496,13__mutated,PertCortex_13_TACAGTGTCATCATTC,5.076432284612961
22331,0.2757909557683673,13__mutated,PertCortex_13_TACAGTGTCCGATATG,3.094468968455132
22332,0.18378691075395223,13__mutated,PertCortex_13_TACAGTGTCTGGTATG,4.126748912113486
22333,0.17798007095389845,13__mutated,PertCortex_13_TACCTATCACCAACCG,3.4944901794125283
22334,0.23969121117526518,13__mutated,PertCortex_13_TACCTATCACCAGCAC,3.52647693452425
22335,0.2571404937373469,13__mutated,PertCortex_13_TACCTATCAGCTCGCA,5.13895265429215
22336,0.2325391659663277,13__mutated,PertCortex_13_TACCTATCAGCTTCGG,4.988696488192269
22337,0.12153731413891825,13__mutated,PertCortex_13_TACCTATCATTACGAC,3.9209305422056193
22338,0.1189422514292497,13__mutated,PertCortex_13_TACCTATGTAATTGGA,3.7524599357849424
22339,0.11003340145205599,13__mutated,PertCortex_13_TACCTATGTGCAGACA,2.9848944817060605
22340,0.3525469754195735,13__mutated,PertCortex_13_TACCTTAAGAATAGGG,2.4078609731103247
22341,0.21279041430503673,13__mutated,PertCortex_13_TACCTTAAGACTTGAA,2.355083833249663
22342,0.1642090102544386,13__mutated,PertCortex_13_TACCTTAAGTAGCGGT,3.743228372724313
22343,0.42799759999971804,13__mutated,PertCortex_13_TACCTTACAACACCTA,4.216677355030965
22344,0.12682648767766858,13__mutated,PertCortex_13_TACCTTACACGACGAA,4.18944757996289
22345,0.24322445645278887,13__mutated,PertCortex_13_TACCTTACAGCCAATT,5.0990925496684785
22346,0.2534757881407471,13__mutated,PertCortex_13_TACCTTACAGGAATGC,3.9872439405267097
22347,0.23951789513382143,13__mutated,PertCortex_13_TACCTTAGTCCAGTGC,4.176052669003791
22348,0.2977486172918041,13__mutated,PertCortex_13_TACCTTAGTCCGTTAA,3.158677988522073
22349,0.2771027790018992,13__mutated,PertCortex_13_TACCTTAGTCTAGCCG,4.207688526417172
22350,0.1185822845433472,13__mutated,PertCortex_13_TACCTTAGTCTGGAGA,3.918661674329951
22351,0.07007031565466129,13__mutated,PertCortex_13_TACCTTATCACATACG,3.003855648906616
22352,0.2835496114282975,13__mutated,PertCortex_13_TACCTTATCCGATATG,2.7350707794049467
22353,0.030886176231996514,13__mutated,PertCortex_13_TACCTTATCCTCAATT,3.4906688029822828
22354,0.30705269524005185,13__mutated,PertCortex_13_TACGGATAGCGATTCT,4.962233355378839
22355,0.16115300996405918,13__mutated,PertCortex_13_TACGGATAGTTAACGA,3.233085874363549
22356,0.21182872364779975,13__mutated,PertCortex_13_TACGGATCACTACAGT,2.937515534314913
22357,0.11776189267040711,13__mutated,PertCortex_13_TACGGATGTAGTACCT,3.799852979953739
22358,0.17123720430901218,13__mutated,PertCortex_13_TACGGATGTATTCGTG,3.1599673683277425
22359,0.22568688359254227,13__mutated,PertCortex_13_TACGGATGTGACGCCT,3.5660440564699005
22360,0.148858576691604,13__mutated,PertCortex_13_TACGGATTCAGAGGTG,4.128666561430979
22361,0.3400335252690437,13__mutated,PertCortex_13_TACGGATTCCGCGCAA,2.7334891644903165
22362,0.17459733379068457,13__mutated,PertCortex_13_TACGGGCAGACGACGT,4.777471061711409
22363,0.157953198763047,13__mutated,PertCortex_13_TACGGGCAGCCCGAAA,3.8554174665606764
22364,0.18075366114167346,13__mutated,PertCortex_13_TACGGGCAGCGAAGGG,4.795859448596744
22365,0.359931401444806,13__mutated,PertCortex_13_TACGGGCAGCGCCTCA,1.636073093332643
22366,0.21047849791739515,13__mutated,PertCortex_13_TACGGGCCAACACGCC,3.4066665216002017
22367,0.3883258854143117,13__mutated,PertCortex_13_TACGGGCCAGGTTTCA,2.169939943782306
22368,0.4200768690650684,13__mutated,PertCortex_13_TACGGGCGTAGGCATG,4.337409560880231
22369,0.2601642362678537,13__mutated,PertCortex_13_TACGGGCGTGAGTGAC,4.523002037804926
22370,0.16001656716806817,13__mutated,PertCortex_13_TACGGGCGTGGTTTCA,3.9916534464963407
22371,0.2972854701647425,13__mutated,PertCortex_13_TACGGGCGTTTAGGAA,4.8684481084624815
22372,0.07272850372674182,13__mutated,PertCortex_13_TACGGGCTCAAACCGT,3.879110140660525
22373,0.3670616678447286,13__mutated,PertCortex_13_TACGGGCTCAGGCAAG,2.2961004736609794
22374,0.20466956221474347,13__mutated,PertCortex_13_TACGGTAAGCGACGTA,4.260238931019456
22375,0.12194210284246655,13__mutated,PertCortex_13_TACGGTAAGGCGTACA,4.067912711280341
22376,0.23419039629624183,13__mutated,PertCortex_13_TACGGTAAGGTACTCT,4.809326708062188
22377,0.19351837530995727,13__mutated,PertCortex_13_TACGGTACATCACAAC,4.634930197251073
22378,0.17121164329205657,13__mutated,PertCortex_13_TACGGTAGTAGAGCTG,4.82892945457214
22379,0.4210181316384227,13__mutated,PertCortex_13_TACGGTAGTTCGCGAC,2.3570770991784
22380,0.2758986445257051,13__mutated,PertCortex_13_TACGGTATCAGTCAGT,4.641749498254224
22381,0.2237220102584134,13__mutated,PertCortex_13_TACTCATAGTACGATA,3.786898210445246
22382,0.24323733267074898,13__mutated,PertCortex_13_TACTCATAGTTCGCAT,3.3422427084489543
22383,0.09902123510172563,13__mutated,PertCortex_13_TACTCATCATCGGACC,2.8126897429684306
22384,0.10587992525194845,13__mutated,PertCortex_13_TACTCATGTCGATTGT,4.225057086124876
22385,0.28998457087600926,13__mutated,PertCortex_13_TACTCATGTTGGTAAA,5.035830932526834
22386,0.21780720317366187,13__mutated,PertCortex_13_TACTCATGTTTAGGAA,5.125544915242812
22387,0.19315461719003887,13__mutated,PertCortex_13_TACTCGCAGCAAATCA,2.848736912294833
22388,0.07934915210879583,13__mutated,PertCortex_13_TACTCGCCAAGCCGTC,4.353906683889623
22389,0.1916047545446752,13__mutated,PertCortex_13_TACTCGCCACAAGTAA,4.16326053300581
22390,0.07854956191730408,13__mutated,PertCortex_13_TACTCGCCACATGACT,3.954586243500904
22391,0.38420638711520005,13__mutated,PertCortex_13_TACTCGCCATCATCCC,4.350730071640629
22392,0.1464743907722146,13__mutated,PertCortex_13_TACTCGCGTGTAATGA,3.6155388927634906
22393,0.1903959535388788,13__mutated,PertCortex_13_TACTCGCGTTACGTCA,3.598066165148611
22394,0.17629133931905436,13__mutated,PertCortex_13_TACTCGCTCAACACGT,5.238682377574299
22395,0.25915313889545,13__mutated,PertCortex_13_TACTCGCTCACGCGGT,4.762048579898023
22396,0.12713632662905028,13__mutated,PertCortex_13_TACTCGCTCGAGGTAG,3.112254642152441
22397,0.18504229113538923,13__mutated,PertCortex_13_TACTTACCAAGAGTCG,5.181346772482435
22398,0.43865037043089106,13__mutated,PertCortex_13_TACTTACCAGTCCTTC,4.205632673117062
22399,0.16512534597513126,13__mutated,PertCortex_13_TACTTACCATCCAACA,3.952905447065366
22400,0.18965703577030146,13__mutated,PertCortex_13_TACTTACTCTCGGACG,4.353821545056132
22401,0.37664645035695477,13__mutated,PertCortex_13_TACTTGTAGTGGTAGC,2.3671830303035435
22402,0.15162499101129567,13__mutated,PertCortex_13_TACTTGTCACCCATGG,4.494361705273792
22403,0.17335348753760005,13__mutated,PertCortex_13_TACTTGTCACCTCGGA,4.639209213381946
22404,0.19859512618543773,13__mutated,PertCortex_13_TACTTGTCACGACGAA,5.382039100784501
22405,0.13539579936416704,13__mutated,PertCortex_13_TACTTGTCACGAGGTA,5.183220400162122
22406,0.0871629909848663,13__mutated,PertCortex_13_TACTTGTGTTTCGCTC,3.5407554316634458
22407,0.1389320716983327,13__mutated,PertCortex_13_TACTTGTTCACCGTAA,3.8143258106398563
22408,0.14393293705625348,13__mutated,PertCortex_13_TAGACCAAGAGCTTCT,3.6149790261195176
22409,0.23820828637677563,13__mutated,PertCortex_13_TAGACCACAAGAGTCG,4.524633310790708
22410,0.4736163341463933,13__mutated,PertCortex_13_TAGACCACAAGCTGAG,2.2134259831360446
22411,0.14648690494163016,13__mutated,PertCortex_13_TAGACCACAGAAGCAC,5.303640502477911
22412,0.2548185762571395,13__mutated,PertCortex_13_TAGACCAGTTCACCTC,4.570627172348071
22413,0.10649547224197418,13__mutated,PertCortex_13_TAGACCAGTTGCTCCT,4.595372608966629
22414,0.1004727488278478,13__mutated,PertCortex_13_TAGACCATCCGCAAGC,3.6734387254397634
22415,0.22845996736343394,13__mutated,PertCortex_13_TAGAGCTAGGGCTCTC,5.306293761205052
22416,0.16835189139259898,13__mutated,PertCortex_13_TAGAGCTCAGCTGCTG,4.057414931915786
22417,0.16840601717306805,13__mutated,PertCortex_13_TAGAGCTCAGGTCTCG,4.178864520207614
22418,0.19975495413724426,13__mutated,PertCortex_13_TAGAGCTGTCACCCAG,4.151806609087466
22419,0.36808872845078516,13__mutated,PertCortex_13_TAGAGCTTCATTATCC,4.241460284638037
22420,0.5465059993968118,13__mutated,PertCortex_13_TAGAGCTTCCCTCTTT,2.7029340085828615
22421,0.30089661929817557,13__mutated,PertCortex_13_TAGAGCTTCGGAATCT,2.4735340191693505
22422,0.25781657061304275,13__mutated,PertCortex_13_TAGCCGGAGGTGATAT,5.089599780249174
22423,0.3151187520970632,13__mutated,PertCortex_13_TAGCCGGGTTCAGACT,4.616562122024501
22424,0.15470564538802672,13__mutated,PertCortex_13_TAGGCATCAACACCTA,4.550432641190926
22425,0.20791026462955228,13__mutated,PertCortex_13_TAGGCATGTCTCATCC,4.429580640128492
22426,0.17952969137557742,13__mutated,PertCortex_13_TAGGCATGTGGCCCTA,3.8616432142692054
22427,0.34392936107675603,13__mutated,PertCortex_13_TAGGCATTCGAATCCA,4.582081992064996
22428,0.31953887025279937,13__mutated,PertCortex_13_TAGGCATTCGTGACAT,3.9691999707965295
22429,0.12649665431592438,13__mutated,PertCortex_13_TAGTGGTAGACTGGGT,4.559308515314875
22430,0.18973697974310214,13__mutated,PertCortex_13_TAGTGGTAGGGCACTA,4.960364339143739
22431,0.18890367200597022,13__mutated,PertCortex_13_TAGTGGTAGTAATCCC,3.6182191514166835
22432,0.37857879635631925,13__mutated,PertCortex_13_TAGTGGTAGTGGAGTC,4.505091670155744
22433,0.16834979153798577,13__mutated,PertCortex_13_TAGTGGTCAGCATGAG,3.9796089937742574
22434,0.22093414532910177,13__mutated,PertCortex_13_TAGTGGTCATGGGAAC,4.067303387143933
22435,0.45152952755333836,13__mutated,PertCortex_13_TAGTGGTTCAACGAAA,4.193100640364296
22436,0.12554664777981667,13__mutated,PertCortex_13_TAGTGGTTCTAACTTC,4.6002757948410835
22437,0.1371608570407716,13__mutated,PertCortex_13_TAGTTGGAGAGTTGGC,3.0958301589474675
22438,0.22813182965143497,13__mutated,PertCortex_13_TAGTTGGAGGCTCATT,4.722452161599245
22439,0.47790119720150875,13__mutated,PertCortex_13_TAGTTGGAGTAGTGCG,2.005481726403717
22440,0.15981441934508453,13__mutated,PertCortex_13_TAGTTGGAGTGTGAAT,3.9014110811918927
22441,0.13588258230441616,13__mutated,PertCortex_13_TAGTTGGCACAGTCGC,3.5205144990473105
22442,0.3058214469113581,13__mutated,PertCortex_13_TAGTTGGCAGTACACT,4.617452804094016
22443,0.36725710623355734,13__mutated,PertCortex_13_TAGTTGGCATGTCTCC,4.1783553635164505
22444,0.14144798867401415,13__mutated,PertCortex_13_TAGTTGGTCGTGGTCG,3.4352865145048774
22445,0.17553995470620154,13__mutated,PertCortex_13_TATCAGGAGATATACG,5.059012096592494
22446,0.14529316626895708,13__mutated,PertCortex_13_TATCAGGAGCCACTAT,4.108329034766681
22447,0.10448212236876481,13__mutated,PertCortex_13_TATCAGGAGCCTTGAT,4.43336565390144
22448,0.1271100549236218,13__mutated,PertCortex_13_TATCAGGCACATCCGG,4.280607788236698
22449,0.10927551291075721,13__mutated,PertCortex_13_TATCAGGCACTGAAGG,5.046001537965265
22450,0.15750624649674214,13__mutated,PertCortex_13_TATCAGGCAGCCACCA,4.40276080221581
22451,0.15003496974622735,13__mutated,PertCortex_13_TATCAGGCATATGGTC,3.786397466663615
22452,0.23685316855816874,13__mutated,PertCortex_13_TATCAGGGTAGAAGGA,4.854980688531817
22453,0.2664758285010382,13__mutated,PertCortex_13_TATCAGGGTCCCTACT,4.912064849827071
22454,0.1561365714858393,13__mutated,PertCortex_13_TATCAGGTCAACGCTA,4.9997743919653805
22455,0.292658395175416,13__mutated,PertCortex_13_TATCAGGTCAGTCCCT,4.764821538820477
22456,0.15546271529838973,13__mutated,PertCortex_13_TATCAGGTCCAAGCCG,4.748631842748852
22457,0.18897319604506174,13__mutated,PertCortex_13_TATCTCAGTCGGCTCA,4.6123585356954155
22458,0.34829348584701303,13__mutated,PertCortex_13_TATCTCAGTCTCTTTA,4.739302952468312
22459,0.10949002551485672,13__mutated,PertCortex_13_TATCTCAGTGCCTGCA,3.475534133481382
22460,0.2579171250346256,13__mutated,PertCortex_13_TATCTCAGTGTCAATC,4.4411127533052825
22461,0.10229911380373131,13__mutated,PertCortex_13_TATCTCAGTTAAAGAC,4.853191313989878
22462,0.07249860915925166,13__mutated,PertCortex_13_TATCTCAGTTGTGGAG,4.145314057470962
22463,0.14495219939517884,13__mutated,PertCortex_13_TATGCCCCAAGCCGCT,3.7314349296276412
22464,0.3425356557325827,13__mutated,PertCortex_13_TATGCCCTCCCAACGG,3.621705189267796
22465,0.18702585472340322,13__mutated,PertCortex_13_TATGCCCTCTCCGGTT,5.310453839679238
22466,0.4104603488405746,13__mutated,PertCortex_13_TATTACCAGAACTGTA,2.6856723937348357
22467,0.1081868188359434,13__mutated,PertCortex_13_TATTACCAGTATGACA,5.445312445117223
22468,0.33069858231742466,13__mutated,PertCortex_13_TATTACCCAGCGTAAG,4.466327515217941
22469,0.3109023677204384,13__mutated,PertCortex_13_TATTACCCAGTGAGTG,4.850725324088881
22470,0.12640838091155782,13__mutated,PertCortex_13_TCAACGAAGCAACGGT,4.217166005821782
22471,0.46945421727569603,13__mutated,PertCortex_13_TCAACGAAGGAGTACC,2.210976385202109
22472,0.342232902225986,13__mutated,PertCortex_13_TCAACGAAGTGAACAT,4.487006031999137
22473,0.1882508226893242,13__mutated,PertCortex_13_TCAACGACACAGACTT,4.57154855079414
22474,0.10496448032979623,13__mutated,PertCortex_13_TCAACGACACAGTCGC,4.324149578025899
22475,0.1383818032449957,13__mutated,PertCortex_13_TCAACGAGTCTCGTTC,5.939890111734503
22476,0.257206175993275,13__mutated,PertCortex_13_TCAACGAGTTACCAGT,4.786855523374154
22477,0.21438087582421728,13__mutated,PertCortex_13_TCAACGATCCAGTATG,5.505831742238672
22478,0.21437469940065926,13__mutated,PertCortex_13_TCAATCTAGCGTAGTG,5.342348128007248
22479,0.2924303776650052,13__mutated,PertCortex_13_TCAATCTAGTTCGCGC,2.9491809475036836
22480,0.33531614527672554,13__mutated,PertCortex_13_TCAATCTCACGAGGTA,4.9532973195510115
22481,0.24099224499453448,13__mutated,PertCortex_13_TCAATCTCAGTATCTG,4.248527243546649
22482,0.1419468178796457,13__mutated,PertCortex_13_TCAATCTGTACAGTTC,5.210929133437843
22483,0.16688156909377716,13__mutated,PertCortex_13_TCAATCTGTCCCTACT,3.153295563555237
22484,0.13676539292237397,13__mutated,PertCortex_13_TCAATCTGTGCGCTTG,4.656591002130397
22485,0.14656845810069416,13__mutated,PertCortex_13_TCAATCTTCACCTTAT,3.838169291378996
22486,0.14786379384093215,13__mutated,PertCortex_13_TCAATCTTCGCCTGAG,4.666204738982064
22487,0.3004504980934718,13__mutated,PertCortex_13_TCAATCTTCTTGTACT,5.129601277685496
22488,0.33589281456243625,13__mutated,PertCortex_13_TCACAAGCAGTGAGTG,3.9994370409997453
22489,0.21333073307623235,13__mutated,PertCortex_13_TCACAAGTCTCTTGAT,5.281815324647756
22490,0.135659006946593,13__mutated,PertCortex_13_TCACGAAAGAGTAATC,4.422285264218001
22491,0.3272038999889691,13__mutated,PertCortex_13_TCACGAAAGCCAGTTT,4.672559941685258
22492,0.199252409500319,13__mutated,PertCortex_13_TCACGAACAACTGCGC,4.602055782573449
22493,0.30189078996493457,13__mutated,PertCortex_13_TCACGAAGTAAATACG,4.772975823683397
22494,0.21690469702077894,13__mutated,PertCortex_13_TCACGAAGTACGCACC,4.350987335582058
22495,0.10732196950100956,13__mutated,PertCortex_13_TCACGAATCAAGATCC,4.04970062976807
22496,0.3144925262164129,13__mutated,PertCortex_13_TCACGAATCACATGCA,4.443531191160821
22497,0.42879378249935574,13__mutated,PertCortex_13_TCACGAATCCGGCACA,2.3100292270090623
22498,0.29950858532155394,13__mutated,PertCortex_13_TCAGATGAGAGGTTGC,4.387209947040945
22499,0.23511894493602262,13__mutated,PertCortex_13_TCAGATGAGGACCACA,3.6334712884070024
22500,0.2068632131423727,13__mutated,PertCortex_13_TCAGATGCAAGGGTCA,4.877051185053188
22501,0.2461336581047631,13__mutated,PertCortex_13_TCAGATGCACGTTGGC,2.6981262805331445
22502,0.14570256004534166,13__mutated,PertCortex_13_TCAGATGCATACGCTA,4.910556558278176
22503,0.07782924113299208,13__mutated,PertCortex_13_TCAGATGTCTTGCAAG,4.3884148458189065
22504,0.2490210720906184,13__mutated,PertCortex_13_TCAGCAAAGATGTTAG,4.858851105438238
22505,0.11091975981647498,13__mutated,PertCortex_13_TCAGCAAAGTACATGA,4.1957867101409025
22506,0.18385943635783608,13__mutated,PertCortex_13_TCAGCAACAAACGCGA,4.24270279289993
22507,0.32473080802295123,13__mutated,PertCortex_13_TCAGCAACAAGCGCTC,2.7950598994453086
22508,0.13727826062525983,13__mutated,PertCortex_13_TCAGCAATCCATGAAC,4.940461940811171
22509,0.07282244478115771,13__mutated,PertCortex_13_TCAGCAATCTCTTATG,3.5913447339514013
22510,0.07485961282567373,13__mutated,PertCortex_13_TCAGCTCAGTGGACGT,2.9514194857991596
22511,0.18137382863935345,13__mutated,PertCortex_13_TCAGCTCAGTGGTCCC,3.9874178101883864
22512,0.4625075189936617,13__mutated,PertCortex_13_TCAGCTCCAACACCCG,1.8096017697835665
22513,0.31121409818032386,13__mutated,PertCortex_13_TCAGCTCCACAACGCC,2.6054956507095777
22514,0.11382947134234965,13__mutated,PertCortex_13_TCAGCTCGTGATGTCT,4.198614572273623
22515,0.16282981957926257,13__mutated,PertCortex_13_TCAGCTCGTGCGAAAC,5.411196036154581
22516,0.4165968671802621,13__mutated,PertCortex_13_TCAGGATAGAGTAAGG,4.136409814425271
22517,0.2248235159074268,13__mutated,PertCortex_13_TCAGGATAGTCAATAG,3.5342524875265187
22518,0.37720286107895906,13__mutated,PertCortex_13_TCAGGATGTCACCTAA,4.096093530146327
22519,0.17465503964853438,13__mutated,PertCortex_13_TCAGGATGTTACGGAG,5.032053610426301
22520,0.2615097681614429,13__mutated,PertCortex_13_TCAGGATTCTCTGCTG,4.509337124446331
22521,0.13823210450936438,13__mutated,PertCortex_13_TCAGGATTCTTACCTA,5.495703166533592
22522,0.13720275450506214,13__mutated,PertCortex_13_TCAGGTACATTAACCG,5.458636227507392
22523,0.14837101816739576,13__mutated,PertCortex_13_TCAGGTAGTGCAGGTA,4.157473053331972
22524,0.19914743373104596,13__mutated,PertCortex_13_TCAGGTAGTGTGTGCC,4.291532029070534
22525,0.06130921415861403,13__mutated,PertCortex_13_TCAGGTAGTTAGAACA,3.6402919941431726
22526,0.3024038355598116,13__mutated,PertCortex_13_TCAGGTAGTTTCGCTC,4.8543338059769034
22527,0.1846823737835573,13__mutated,PertCortex_13_TCATTACAGCCATCGC,4.671819128237268
22528,0.06658047640429517,13__mutated,PertCortex_13_TCATTACCAAGTAATG,3.8566089665713834
22529,0.11833118939259765,13__mutated,PertCortex_13_TCATTACCACTTCTGC,4.142677403498682
22530,0.19817319893982963,13__mutated,PertCortex_13_TCATTACGTAGCGCAA,2.874766337389803
22531,0.20792421670508765,13__mutated,PertCortex_13_TCATTACGTGATGATA,2.4596424854709507
22532,0.08770392455639096,13__mutated,PertCortex_13_TCATTACTCCAGATCA,4.442481432780267
22533,0.09314649468687265,13__mutated,PertCortex_13_TCATTACTCCAGGGCT,3.6775304744143833
22534,0.38882371961116785,13__mutated,PertCortex_13_TCATTACTCCATGAAC,3.7749367068134796
22535,0.18548144915808953,13__mutated,PertCortex_13_TCATTTGAGTCCAGGA,4.387200810308192
22536,0.1382105989919181,13__mutated,PertCortex_13_TCATTTGCATTCACTT,3.7513582958597826
22537,0.05900240531725119,13__mutated,PertCortex_13_TCATTTGGTCAATACC,2.9713997106955334
22538,0.07735630014337297,13__mutated,PertCortex_13_TCATTTGGTGCCTGCA,4.006472500790008
22539,0.15559191256076235,13__mutated,PertCortex_13_TCCACACAGGACATTA,4.594472028614918
22540,0.13903640605068407,13__mutated,PertCortex_13_TCCACACAGTCCCACG,4.833591897398896
22541,0.08593439220315703,13__mutated,PertCortex_13_TCCACACCACATGTGT,4.223636738988606
22542,0.21669729416636083,13__mutated,PertCortex_13_TCCACACCATAAAGGT,5.131393939201315
22543,0.3603106390735496,13__mutated,PertCortex_13_TCCACACGTACTCTCC,4.3309053138704785
22544,0.11967599554084156,13__mutated,PertCortex_13_TCCACACGTCCGAACC,4.314281991645477
22545,0.08274271189690108,13__mutated,PertCortex_13_TCCACACGTTAAGACA,4.386095740541827
22546,0.15727275614919994,13__mutated,PertCortex_13_TCCACACTCCCACTTG,4.5737583434133215
22547,0.3630570347583847,13__mutated,PertCortex_13_TCCACACTCTCCAGGG,4.670005803605899
22548,0.2081797403023195,13__mutated,PertCortex_13_TCCACACTCTGTTGAG,2.5457802435817003
22549,0.32219906574752094,13__mutated,PertCortex_13_TCCCGATAGCGCCTCA,4.389173137533891
22550,0.12635795870825056,13__mutated,PertCortex_13_TCCCGATCAACTGGCC,3.5115591292234574
22551,0.19202795059335953,13__mutated,PertCortex_13_TCCCGATCAAGGTTTC,5.7789805213803795
22552,0.16467285645379623,13__mutated,PertCortex_13_TCCCGATCACGAAACG,3.503414461366492
22553,0.3377239821215014,13__mutated,PertCortex_13_TCCCGATCAGGCGATA,4.407733377978412
22554,0.185932774819541,13__mutated,PertCortex_13_TCCCGATCATGCCCGA,4.493811899756581
22555,0.1428308272973314,13__mutated,PertCortex_13_TCCCGATGTACTCGCG,4.36338060155674
22556,0.14207583682204578,13__mutated,PertCortex_13_TCCCGATGTTCATGGT,3.919691717966372
22557,0.36329551149192646,13__mutated,PertCortex_13_TCCCGATGTTGGTAAA,4.673559769298184
22558,0.15484431986346855,13__mutated,PertCortex_13_TCCCGATTCAACACAC,3.6714285511526765
22559,0.2843158202360938,13__mutated,PertCortex_13_TCCCGATTCATAACCG,3.233849397587756
22560,0.14508649755408876,13__mutated,PertCortex_13_TCGAGGCAGTGAATTG,4.387968835883459
22561,0.4157044172677674,13__mutated,PertCortex_13_TCGAGGCAGTGTTTGC,4.192481073381191
22562,0.17895309667998732,13__mutated,PertCortex_13_TCGAGGCCAAACTGCT,4.338466425490087
22563,0.10253568120793477,13__mutated,PertCortex_13_TCGAGGCCAACTGCGC,4.448040485003889
22564,0.15705923618406553,13__mutated,PertCortex_13_TCGCGAGAGACAGGCT,6.221850959890753
22565,0.5041107274142702,13__mutated,PertCortex_13_TCGCGAGAGAGCCTAG,3.362121984306704
22566,0.22826548978481884,13__mutated,PertCortex_13_TCGCGAGAGGCGCTCT,4.677945178278027
22567,0.13367533635592752,13__mutated,PertCortex_13_TCGCGAGAGTCAAGGC,2.590270422103564
22568,0.2670766490196422,13__mutated,PertCortex_13_TCGCGAGAGTGGACGT,5.048200092153909
22569,0.22809982134278994,13__mutated,PertCortex_13_TCGCGAGCACCTATCC,4.429247135192842
22570,0.319379009821152,13__mutated,PertCortex_13_TCGCGAGCAGACACTT,4.444379141827951
22571,0.5987651670119738,13__mutated,PertCortex_13_TCGCGAGCAGCTCCGA,1.6835168351708043
22572,0.18135284443587318,13__mutated,PertCortex_13_TCGCGAGGTCACCCAG,4.390638161642494
22573,0.5127185570064826,13__mutated,PertCortex_13_TCGCGAGGTCGCCATG,3.150774503883781
22574,0.2760771165130468,13__mutated,PertCortex_13_TCGCGAGTCACGGTTA,3.3646266813879455
22575,0.2868382902620847,13__mutated,PertCortex_13_TCGCGTTCACTTAAGC,2.2877746054299988
22576,0.1287047293146464,13__mutated,PertCortex_13_TCGCGTTGTCAAACTC,4.868355389880358
22577,0.06060185347491637,13__mutated,PertCortex_13_TCGCGTTTCGAACGGA,4.126070282766461
22578,0.1256478089673868,13__mutated,PertCortex_13_TCGCGTTTCTTAGAGC,4.060576127112894
22579,0.23688398958362522,13__mutated,PertCortex_13_TCGGGACAGGATTCGG,2.6481130356920053
22580,0.11900641106124948,13__mutated,PertCortex_13_TCGGGACAGGTGACCA,4.3505707911406
22581,0.16890859578567377,13__mutated,PertCortex_13_TCGGGACAGTGGTAAT,4.720408177978017
22582,0.15750588887790906,13__mutated,PertCortex_13_TCGGGACCAAGGTTCT,5.150907859642804
22583,0.3122538847723858,13__mutated,PertCortex_13_TCGGGACCAGTAAGAT,4.254052458450443
22584,0.17264069492715187,13__mutated,PertCortex_13_TCGGGACGTCTGATTG,3.9954484649253392
22585,0.1634078065987051,13__mutated,PertCortex_13_TCGGGACGTTCCGGCA,4.5460520918392575
22586,0.12600428719407505,13__mutated,PertCortex_13_TCGGGACTCCATGAAC,4.137692463622776
22587,0.15789716312574748,13__mutated,PertCortex_13_TCGGGACTCCTTGGTC,5.1702691479349765
22588,0.3201439010275803,13__mutated,PertCortex_13_TCGGTAAAGACCCACC,4.816789622109959
22589,0.3111373359508827,13__mutated,PertCortex_13_TCGGTAAAGCCACTAT,4.899688268303272
22590,0.20857715193420479,13__mutated,PertCortex_13_TCGGTAACACACATGT,4.450913662466477
22591,0.1799679836634415,13__mutated,PertCortex_13_TCGGTAACAGCTGGCT,5.249616794622833
22592,0.1646392491144163,13__mutated,PertCortex_13_TCGGTAACAGTTCCCT,4.443336196588835
22593,0.37425721948810825,13__mutated,PertCortex_13_TCGGTAAGTAGCACGA,4.314234933621203
22594,0.34857701399646274,13__mutated,PertCortex_13_TCGGTAAGTAGCGCTC,2.3960008163508664
22595,0.21708359320176904,13__mutated,PertCortex_13_TCGGTAAGTCTCAACA,3.622416854144289
22596,0.24732221867703888,13__mutated,PertCortex_13_TCGTACCAGAAACCGC,2.2091367839087934
22597,0.2152473528354286,13__mutated,PertCortex_13_TCGTACCAGATGTGTA,3.7599725803506328
22598,0.11026215332128068,13__mutated,PertCortex_13_TCGTACCCACGAGAGT,4.076183266606605
22599,0.16279224553359659,13__mutated,PertCortex_13_TCGTACCTCCACTGGG,4.636051131535648
22600,0.24906878731365498,13__mutated,PertCortex_13_TCGTACCTCGACCAGC,2.1354749162564244
22601,0.17338668682473704,13__mutated,PertCortex_13_TCGTAGAAGATAGCAT,4.600749910948424
22602,0.14400705740157027,13__mutated,PertCortex_13_TCGTAGAAGCGTCTAT,4.348157875252211
22603,0.4040828037675995,13__mutated,PertCortex_13_TCGTAGAAGGTGATTA,4.284423300377026
22604,0.3767946119050712,13__mutated,PertCortex_13_TCGTAGACATATGCTG,4.704023858304639
22605,0.12087546142209515,13__mutated,PertCortex_13_TCGTAGAGTCGAACAG,4.064480230743786
22606,0.1732682997274425,13__mutated,PertCortex_13_TCGTAGAGTCTGCGGT,4.500127539994499
22607,0.21059947531446732,13__mutated,PertCortex_13_TCGTAGATCTCTAAGG,4.764872246561862
22608,0.2876011109016419,13__mutated,PertCortex_13_TCGTAGATCTGCTTGC,4.55186127329852
22609,0.08100437049839027,13__mutated,PertCortex_13_TCTATTGAGAAACCAT,3.2324016462067506
22610,0.450690111284281,13__mutated,PertCortex_13_TCTATTGAGACGCAAC,2.043891614754443
22611,0.2741437844669985,13__mutated,PertCortex_13_TCTATTGAGAGGTAGA,4.598490115025662
22612,0.3089687009793506,13__mutated,PertCortex_13_TCTATTGCAGCTGTGC,4.938502549296594
22613,0.3802379474811331,13__mutated,PertCortex_13_TCTATTGCATATGGTC,4.260347641393497
22614,0.17339627119070072,13__mutated,PertCortex_13_TCTATTGGTATAAACG,3.8808212926079357
22615,0.17724940316530657,13__mutated,PertCortex_13_TCTATTGGTCGTCTTC,4.149276130428122
22616,0.10808497149880991,13__mutated,PertCortex_13_TCTATTGGTGCAACTT,4.031349389025496
22617,0.2769899827150084,13__mutated,PertCortex_13_TCTATTGTCGCATGAT,4.215104546257949
22618,0.15516005459557441,13__mutated,PertCortex_13_TCTCATAAGAGATGAG,4.605847624026581
22619,0.1302398524930429,13__mutated,PertCortex_13_TCTCATAAGTACGTTC,3.97166873410249
22620,0.35782649316044535,13__mutated,PertCortex_13_TCTCATAAGTCGAGTG,2.6897939088527636
22621,0.320828760641457,13__mutated,PertCortex_13_TCTCATACACTGAAGG,3.1754046684398647
22622,0.3420463253726353,13__mutated,PertCortex_13_TCTCATAGTCGCGAAA,2.5018980224069245
22623,0.10692319309881955,13__mutated,PertCortex_13_TCTCATAGTTCCTCCA,3.6237462666261564
22624,0.1908874824997474,13__mutated,PertCortex_13_TCTCATATCGGGAGTA,5.718673577522434
22625,0.12591166010711005,13__mutated,PertCortex_13_TCTCATATCTCGGACG,4.8217635722380106
22626,0.14744857072299047,13__mutated,PertCortex_13_TCTCTAAAGAAACGAG,4.709775415911317
22627,0.10468660641539254,13__mutated,PertCortex_13_TCTCTAAAGGTAAACT,4.562541632607434
22628,0.24935210008167066,13__mutated,PertCortex_13_TCTCTAACAATGGAAT,2.650683689366152
22629,0.23629448932884647,13__mutated,PertCortex_13_TCTCTAACAGGGCATA,3.760506693633427
22630,0.3436464006958523,13__mutated,PertCortex_13_TCTCTAAGTCTGCAAT,4.31074544928737
22631,0.16438165469849134,13__mutated,PertCortex_13_TCTCTAATCCTTGGTC,2.829106581370826
22632,0.21506541943347532,13__mutated,PertCortex_13_TCTCTAATCTGGAGCC,4.185916373149328
22633,0.11162540004892359,13__mutated,PertCortex_13_TCTGAGAAGTAAGTAC,3.5136848429857452
22634,0.12424306476993464,13__mutated,PertCortex_13_TCTGAGACACGTAAGG,3.7231035795349334
22635,0.13661319826337334,13__mutated,PertCortex_13_TCTGAGACAGGGTATG,4.82340194191077
22636,0.13471639061045054,13__mutated,PertCortex_13_TCTGAGACATTCACTT,2.860075546778523
22637,0.18140966491197477,13__mutated,PertCortex_13_TCTGAGAGTTAGATGA,4.224865247297154
22638,0.19098667947545925,13__mutated,PertCortex_13_TCTGAGATCCCAAGTA,3.8289781038952744
22639,0.23260257566435977,13__mutated,PertCortex_13_TCTGGAAAGAGCTTCT,3.582287458562744
22640,0.2468259835806595,13__mutated,PertCortex_13_TCTGGAAAGTGAATTG,4.699052740361406
22641,0.22270692176617354,13__mutated,PertCortex_13_TCTGGAAGTGTTTGTG,4.978436285391533
22642,0.21542842140733315,13__mutated,PertCortex_13_TCTGGAATCAGTTTGG,4.932799228573889
22643,0.09398138029450136,13__mutated,PertCortex_13_TCTTCGGAGAAGGTTT,3.6536571518807923
22644,0.14100487422356933,13__mutated,PertCortex_13_TCTTCGGAGATCTGCT,4.516380598329275
22645,0.12497279156986513,13__mutated,PertCortex_13_TCTTCGGAGCCTATGT,4.204348326652846
22646,0.12379443244022552,13__mutated,PertCortex_13_TCTTCGGAGCGATTCT,4.622716822502482
22647,0.08882206734502945,13__mutated,PertCortex_13_TCTTCGGCACACATGT,3.5862811388119726
22648,0.11788986042636287,13__mutated,PertCortex_13_TCTTCGGCAGATCTGT,4.39355010905131
22649,0.20987321370167286,13__mutated,PertCortex_13_TCTTCGGCAGTCCTTC,4.248815737794528
22650,0.07092563980217723,13__mutated,PertCortex_13_TCTTCGGGTACCTACA,3.6591050393055102
22651,0.17653826110238943,13__mutated,PertCortex_13_TCTTCGGGTATTCGTG,4.336891236897736
22652,0.16265196543496543,13__mutated,PertCortex_13_TCTTCGGGTGGCAAAC,4.700223695461049
22653,0.010392880704623624,13__mutated,PertCortex_13_TCTTCGGGTTACGCGC,2.4122430899433804
22654,0.320671717557449,13__mutated,PertCortex_13_TCTTCGGTCCCTCTTT,4.732978801585305
22655,0.0833655650129071,13__mutated,PertCortex_13_TCTTTCCAGCAGGCTA,4.386223676450282
22656,0.15827886841554942,13__mutated,PertCortex_13_TCTTTCCAGGGTGTGT,3.4260306724005467
22657,0.06324229275629391,13__mutated,PertCortex_13_TCTTTCCGTTTAAGCC,3.9809324917374855
22658,0.20370961373461874,13__mutated,PertCortex_13_TCTTTCCTCCTAGAAC,2.1152077854092677
22659,0.13606293563092453,13__mutated,PertCortex_13_TCTTTCCTCCTATGTT,3.0016424681044414
22660,0.0891998336050689,13__mutated,PertCortex_13_TCTTTCCTCGCGGATC,4.275840769379206
22661,0.24606433671717473,13__mutated,PertCortex_13_TGAAAGAAGCCATCGC,4.392184127677341
22662,0.16168128789990896,13__mutated,PertCortex_13_TGAAAGAAGCGTTTAC,4.507163349156734
22663,0.16853776882222574,13__mutated,PertCortex_13_TGAAAGAAGGGAGTAA,5.144649828123967
22664,0.2951635550751815,13__mutated,PertCortex_13_TGAAAGACAATCGGTT,4.725493751839404
22665,0.3642320496529927,13__mutated,PertCortex_13_TGAAAGACAGGTGGAT,4.478457942529112
22666,0.3126254146190696,13__mutated,PertCortex_13_TGAAAGAGTCCGAAGA,4.7848457946646965
22667,0.07987133737684823,13__mutated,PertCortex_13_TGAAAGAGTCCGTTAA,2.9409430010947446
22668,0.15712392029111527,13__mutated,PertCortex_13_TGAAAGAGTCGAGTTT,3.448285494439079
22669,0.10431141534704473,13__mutated,PertCortex_13_TGAAAGAGTGGGTCAA,5.218396653488066
22670,0.27391369992883263,13__mutated,PertCortex_13_TGAAAGATCCGTACAA,4.189572852537307
22671,0.2619957976573492,13__mutated,PertCortex_13_TGAAAGATCTGGTGTA,4.2103180313805035
22672,0.31656464217252406,13__mutated,PertCortex_13_TGAAAGATCTTCGAGA,4.5372738847514755
22673,0.210521120284818,13__mutated,PertCortex_13_TGACAACCACGTTGGC,4.546368667332392
22674,0.15993118436310855,13__mutated,PertCortex_13_TGACAACCAGTCTTCC,5.052508509995205
22675,0.40772199984402485,13__mutated,PertCortex_13_TGACAACCATTCTTAC,4.467811834181225
22676,0.25815340050970376,13__mutated,PertCortex_13_TGACAACTCGTATCAG,5.00574813835418
22677,0.20757618972586347,13__mutated,PertCortex_13_TGACGGCAGAGTCTGG,4.289448451823915
22678,0.2963553310612419,13__mutated,PertCortex_13_TGACGGCAGGATATAC,2.1015411036867877
22679,0.2656693866248069,13__mutated,PertCortex_13_TGACGGCAGGGTTCCC,2.0465880220975112
22680,0.21550838515735288,13__mutated,PertCortex_13_TGACGGCAGTTACGGG,4.93899637624209
22681,0.2201864531759256,13__mutated,PertCortex_13_TGACGGCCACCTGGTG,2.1736286633718884
22682,0.19892378669156718,13__mutated,PertCortex_13_TGACGGCCACTAAGTC,2.6160239318563496
22683,0.403880746913648,13__mutated,PertCortex_13_TGACGGCCAGGGTACA,2.3870517946953025
22684,0.38328352287231005,13__mutated,PertCortex_13_TGACGGCTCTTGAGGT,3.910448344708761
22685,0.11966961819559079,13__mutated,PertCortex_13_TGACTAGAGTAATCCC,3.5643319156802136
22686,0.04990124951688585,13__mutated,PertCortex_13_TGACTAGCAGGGCATA,4.653151844069149
22687,0.18709620761774678,13__mutated,PertCortex_13_TGACTAGCATCGGGTC,4.329833176278066
22688,0.38806547572658284,13__mutated,PertCortex_13_TGACTAGGTAAGTAGT,4.545631756666013
22689,0.08395800240093747,13__mutated,PertCortex_13_TGACTAGGTCCTGCTT,3.717142192439621
22690,0.2356198787261725,13__mutated,PertCortex_13_TGACTAGGTGAGGGAG,2.787472943738181
22691,0.12251383018567427,13__mutated,PertCortex_13_TGACTAGGTTGAGGTG,3.781512568186652
22692,0.1890501866963448,13__mutated,PertCortex_13_TGACTAGTCAGGCCCA,4.143122213674063
22693,0.15867066643064426,13__mutated,PertCortex_13_TGACTAGTCCTTGCCA,2.745629373691689
22694,0.10088224460230905,13__mutated,PertCortex_13_TGACTAGTCGTCCAGG,5.154300761991378
22695,0.18690160312262763,13__mutated,PertCortex_13_TGACTTTAGATGTGGC,5.377873499559108
22696,0.1548904402657422,13__mutated,PertCortex_13_TGACTTTAGCCAGTTT,4.600393508786357
22697,0.20771659637048054,13__mutated,PertCortex_13_TGACTTTAGGAGTCTG,3.2113113870228873
22698,0.3472247974364305,13__mutated,PertCortex_13_TGACTTTCACAACTGT,4.262137545416788
22699,0.39753886622407486,13__mutated,PertCortex_13_TGACTTTCACAGGTTT,2.2890123528456883
22700,0.10785012409530123,13__mutated,PertCortex_13_TGACTTTCACCGAATT,3.170781597316926
22701,0.1776730119201612,13__mutated,PertCortex_13_TGACTTTCACGGTAGA,3.861261934763115
22702,0.27842748533530115,13__mutated,PertCortex_13_TGACTTTCAGCGAACA,3.995437864840999
22703,0.21907465386892663,13__mutated,PertCortex_13_TGACTTTGTAATCACC,5.113534192201218
22704,0.44665407636736104,13__mutated,PertCortex_13_TGACTTTGTCAAGCGA,2.3831580120282663
22705,0.14246331345510665,13__mutated,PertCortex_13_TGACTTTTCTCGGACG,3.381185841496815
22706,0.09568860364890291,13__mutated,PertCortex_13_TGAGAGGAGCAGACTG,3.991996645792434
22707,0.2669567221250119,13__mutated,PertCortex_13_TGAGAGGAGGAGTAGA,2.6238425929043094
22708,0.2559189290227928,13__mutated,PertCortex_13_TGAGAGGGTACCGAGA,2.4347420843304137
22709,0.1725258320020736,13__mutated,PertCortex_13_TGAGAGGGTACTTCTT,3.5204761630534223
22710,0.3645999562015434,13__mutated,PertCortex_13_TGAGAGGGTATGGTTC,2.2093778431999462
22711,0.23399206609240222,13__mutated,PertCortex_13_TGAGAGGTCAGAGGTG,4.596668645763584
22712,0.33091240683939727,13__mutated,PertCortex_13_TGAGAGGTCATGTGGT,2.91484182917927
22713,0.12409078036396516,13__mutated,PertCortex_13_TGAGCATAGAGACGAA,5.108236068384408
22714,0.423220870312937,13__mutated,PertCortex_13_TGAGCATAGGCCGAAT,2.394394549757197
22715,0.28140730247682855,13__mutated,PertCortex_13_TGAGCATAGTGAACGC,2.9463013280251427
22716,0.1377071138630378,13__mutated,PertCortex_13_TGAGCATCAGCATGAG,4.223977602484916
22717,0.2145681649880916,13__mutated,PertCortex_13_TGAGCATCAGCCACCA,4.634618206501433
22718,0.11153180879005828,13__mutated,PertCortex_13_TGAGCATGTGTGGTTT,3.238047434879548
22719,0.27186718388103004,13__mutated,PertCortex_13_TGAGCATGTTCGTTGA,3.3465005161997623
22720,0.22907889876321255,13__mutated,PertCortex_13_TGAGCCGAGATACACA,4.82595196069573
22721,0.19722650242497,13__mutated,PertCortex_13_TGAGCCGAGTGTTTGC,3.7695086306814876
22722,0.11899869504366677,13__mutated,PertCortex_13_TGAGCCGCAGCCAGAA,4.283553103284021
22723,0.14869681976938068,13__mutated,PertCortex_13_TGAGCCGCATCTCCCA,4.208135670322455
22724,0.4335289990962156,13__mutated,PertCortex_13_TGAGCCGTCCTAGAAC,4.003029093180617
22725,0.25826217920180916,13__mutated,PertCortex_13_TGAGCCGTCGCCAAAT,4.264598050403341
22726,0.04959073251341453,13__mutated,PertCortex_13_TGAGGGAAGAGCTGCA,4.523683289521225
22727,0.11331362031910541,13__mutated,PertCortex_13_TGAGGGAAGGAGTAGA,4.996183147693675
22728,0.17068907725868104,13__mutated,PertCortex_13_TGAGGGAAGTGTACCT,2.8183466502031487
22729,0.14138746713951542,13__mutated,PertCortex_13_TGAGGGACAACTGCTA,4.192424432100748
22730,0.11880863484363931,13__mutated,PertCortex_13_TGAGGGACACTTCGAA,4.295411736470872
22731,0.3962562886133719,13__mutated,PertCortex_13_TGAGGGACATAGACTC,4.311944997596129
22732,0.1209175699658741,13__mutated,PertCortex_13_TGAGGGAGTCAACATC,3.878689622584732
22733,0.13594872268244104,13__mutated,PertCortex_13_TGAGGGAGTGATGATA,4.05695221617909
22734,0.26959036279914905,13__mutated,PertCortex_13_TGAGGGATCACGCATA,3.488950208758666
22735,0.22387912219520106,13__mutated,PertCortex_13_TGAGGGATCCGAAGAG,4.684867402526727
22736,0.12457244111295225,13__mutated,PertCortex_13_TGAGGGATCTCTTGAT,4.377499437488079
22737,0.18884212371771647,13__mutated,PertCortex_13_TGATTTCAGACACTAA,4.631084408560382
22738,0.27330387282342794,13__mutated,PertCortex_13_TGATTTCAGCTGCAAG,4.978799996537262
22739,0.1991669400085985,13__mutated,PertCortex_13_TGATTTCAGTCATGCT,4.983311338759935
22740,0.17229916168902729,13__mutated,PertCortex_13_TGATTTCAGTTCGCGC,3.8739182204031968
22741,0.2721772812452744,13__mutated,PertCortex_13_TGATTTCGTGCGCTTG,2.466447039975648
22742,0.19452362807943294,13__mutated,PertCortex_13_TGATTTCGTTCACCTC,4.174967844949955
22743,0.1364824295557368,13__mutated,PertCortex_13_TGATTTCTCAAACCGT,4.125170868924053
22744,0.31721751782920904,13__mutated,PertCortex_13_TGATTTCTCCAAGCCG,4.152217861742083
22745,0.10569044705301148,13__mutated,PertCortex_13_TGATTTCTCGCTTAGA,3.96446343550491
22746,0.16289466658002053,13__mutated,PertCortex_13_TGCACCTAGCCCAATT,3.8654555484155564
22747,0.4201901186589917,13__mutated,PertCortex_13_TGCACCTAGGAATGGA,3.9129398467036456
22748,0.1603912835682782,13__mutated,PertCortex_13_TGCACCTAGGATGGTC,3.9008970993329157
22749,0.13471748955852,13__mutated,PertCortex_13_TGCACCTAGGGTTCCC,5.074957842709885
22750,0.2600901696438156,13__mutated,PertCortex_13_TGCACCTAGGGTTTCT,4.559177911008319
22751,0.1295828809356447,13__mutated,PertCortex_13_TGCACCTCAGCTGCTG,3.7354293313375138
22752,0.387256843678171,13__mutated,PertCortex_13_TGCACCTCAGTCCTTC,2.3084266586542355
22753,0.10607617249808937,13__mutated,PertCortex_13_TGCACCTCATAGAAAC,3.767950145921961
22754,0.14395413607966842,13__mutated,PertCortex_13_TGCACCTCATGCTGGC,4.845468369046526
22755,0.21264828317546014,13__mutated,PertCortex_13_TGCACCTTCAGCGACC,4.514308839986803
22756,0.4138711304589916,13__mutated,PertCortex_13_TGCACCTTCCTACAGA,4.259297060317551
22757,0.20301136249751126,13__mutated,PertCortex_13_TGCACCTTCGGTGTTA,4.716835777606126
22758,0.1136355689791246,13__mutated,PertCortex_13_TGCCAAAAGCAAATCA,4.033800637907962
22759,0.12739059248359758,13__mutated,PertCortex_13_TGCCAAAGTAGCAAAT,4.149264444583942
22760,0.2147407272743228,13__mutated,PertCortex_13_TGCCCATAGATATGGT,4.544774045483996
22761,0.14513562302810765,13__mutated,PertCortex_13_TGCCCATAGCATGGCA,4.295850309647966
22762,0.22561719449637135,13__mutated,PertCortex_13_TGCCCATCAGACACTT,4.409824575115572
22763,0.19820342057224502,13__mutated,PertCortex_13_TGCCCATGTGTTCTTT,4.12363908855885
22764,0.2880745836988636,13__mutated,PertCortex_13_TGCCCATTCCTCTAGC,3.125326442663941
22765,0.22173966799731928,13__mutated,PertCortex_13_TGCCCTAAGATATGGT,3.9532695660666914
22766,0.18947607019063004,13__mutated,PertCortex_13_TGCCCTAAGGACCACA,5.045649566177155
22767,0.19135180863750945,13__mutated,PertCortex_13_TGCCCTAAGGAGTAGA,4.720576281241191
22768,0.09767589231519651,13__mutated,PertCortex_13_TGCCCTACATGGTAGG,3.703611905688358
22769,0.194257015814202,13__mutated,PertCortex_13_TGCCCTATCCATGAGT,4.616601488344351
22770,0.13892439950916521,13__mutated,PertCortex_13_TGCGCAGCAAACGCGA,3.7688170590211523
22771,0.18671472997534977,13__mutated,PertCortex_13_TGCGCAGCAGGCTCAC,2.8686118335818627
22772,0.033121744074619874,13__mutated,PertCortex_13_TGCGCAGGTACAGACG,3.2793576276129626
22773,0.2445569935427511,13__mutated,PertCortex_13_TGCGCAGGTCGAGATG,2.0676419591938933
22774,0.15276114101006294,13__mutated,PertCortex_13_TGCGCAGGTTCCCGAG,4.360872153556489
22775,0.11628236184438501,13__mutated,PertCortex_13_TGCGCAGGTTGAGGTG,4.222945233800056
22776,0.16997304969830268,13__mutated,PertCortex_13_TGCGCAGGTTTACTCT,3.1472840418276116
22777,0.1755269838828823,13__mutated,PertCortex_13_TGCGCAGTCCCTCTTT,4.839153090103408
22778,0.3371221488359502,13__mutated,PertCortex_13_TGCGCAGTCCGCAAGC,2.3153734971320556
22779,0.20902629777432663,13__mutated,PertCortex_13_TGCGGGTCAACGATGG,2.6336308817847667
22780,0.16939223726628275,13__mutated,PertCortex_13_TGCGGGTGTACCGTTA,4.108853312543532
22781,0.12830589344635376,13__mutated,PertCortex_13_TGCGGGTGTATTACCG,4.1070815717391165
22782,0.1474272826427341,13__mutated,PertCortex_13_TGCGGGTGTCAAAGCG,3.563937270508871
22783,0.1769985406376861,13__mutated,PertCortex_13_TGCGGGTGTCCAACTA,4.734819836950215
22784,0.09099357394688638,13__mutated,PertCortex_13_TGCGGGTGTCCAGTAT,4.493546643758747
22785,0.1886107753350049,13__mutated,PertCortex_13_TGCGGGTTCTAACCGA,4.593496403574877
22786,0.33486151905299893,13__mutated,PertCortex_13_TGCGTGGAGCTAGTGG,5.175763674714405
22787,0.12368101381641027,13__mutated,PertCortex_13_TGCGTGGCAGTAACGG,4.45545711988189
22788,0.18555353944160713,13__mutated,PertCortex_13_TGCGTGGGTTAGTGGG,4.667893623918
22789,0.09843059423390725,13__mutated,PertCortex_13_TGCGTGGTCTGTTTGT,4.402782475321657
22790,0.14945668554561564,13__mutated,PertCortex_13_TGCTACCAGCACCGTC,3.7045800786068703
22791,0.12803422074909077,13__mutated,PertCortex_13_TGCTACCAGCGCCTCA,5.346342641583408
22792,0.15050779128604114,13__mutated,PertCortex_13_TGCTACCAGCTCCTCT,4.68864733938623
22793,0.16236484248479016,13__mutated,PertCortex_13_TGCTACCAGTACGCCC,4.851526646352311
22794,0.18086689301177383,13__mutated,PertCortex_13_TGCTACCAGTATCGAA,4.29055465100031
22795,0.18795312978911619,13__mutated,PertCortex_13_TGCTACCCAAAGGCGT,4.467495876706568
22796,0.24065917252672617,13__mutated,PertCortex_13_TGCTACCCACATGGGA,5.214855097228222
22797,0.2115012109331552,13__mutated,PertCortex_13_TGCTACCCACCCATTC,3.5967544724639047
22798,0.16825642578020333,13__mutated,PertCortex_13_TGCTACCCACGAGGTA,5.283396297516198
22799,0.15815822996659734,13__mutated,PertCortex_13_TGCTACCCAGACAGGT,4.70839648774992
22800,0.15397791881952916,13__mutated,PertCortex_13_TGCTACCCATGTCGAT,5.137259758059167
22801,0.20631717684077525,13__mutated,PertCortex_13_TGCTACCGTCTAGCGC,2.9592354724846426
22802,0.1796880416686816,13__mutated,PertCortex_13_TGCTACCTCTAACTTC,4.172215070369201
22803,0.46226137014799534,13__mutated,PertCortex_13_TGCTGCTAGCTAAGAT,2.1380245846075776
22804,0.1857347259141736,13__mutated,PertCortex_13_TGCTGCTAGGGAGTAA,4.200060398930319
22805,0.11856962150246879,13__mutated,PertCortex_13_TGCTGCTCAATAAGCA,3.4157280349672137
22806,0.1660137257116026,13__mutated,PertCortex_13_TGCTGCTCAATGGATA,4.139164371425257
22807,0.3894181967765351,13__mutated,PertCortex_13_TGCTGCTCACCTTGTC,4.685660284022217
22808,0.17690974252567082,13__mutated,PertCortex_13_TGCTGCTGTCGGGTCT,3.6932754469430886
22809,0.37524971687747555,13__mutated,PertCortex_13_TGGACGCAGACTTGAA,3.6437915884684053
22810,0.29124906306768267,13__mutated,PertCortex_13_TGGACGCAGATACACA,4.89385036008528
22811,0.132051626820497,13__mutated,PertCortex_13_TGGACGCAGATCTGCT,4.123551486338754
22812,0.3685760863569325,13__mutated,PertCortex_13_TGGACGCAGCTACCTA,4.270500799131122
22813,0.13397828711723264,13__mutated,PertCortex_13_TGGACGCAGGACCACA,4.891325762127202
22814,0.1561256955046705,13__mutated,PertCortex_13_TGGACGCAGTGGCACA,3.4548271513738555
22815,0.19647431422208386,13__mutated,PertCortex_13_TGGACGCCAATACGCT,4.7212373271837835
22816,0.10478332819778188,13__mutated,PertCortex_13_TGGACGCCACCTCGTT,3.676242101957782
22817,0.17192831509898193,13__mutated,PertCortex_13_TGGACGCCATGCGCAC,3.4156604189961923
22818,0.27503575913127215,13__mutated,PertCortex_13_TGGACGCGTAATAGCA,2.9443795710286667
22819,0.24449695389073178,13__mutated,PertCortex_13_TGGACGCTCCGAAGAG,4.634249036053137
22820,0.10856212518150374,13__mutated,PertCortex_13_TGGACGCTCCGATATG,3.438947603012375
22821,0.23047543524015174,13__mutated,PertCortex_13_TGGACGCTCTTGGGTA,4.826679485751681
22822,0.25338216078614023,13__mutated,PertCortex_13_TGGCCAGCACAGACAG,4.97937191340168
22823,0.17611683219121002,13__mutated,PertCortex_13_TGGCCAGCATACAGCT,4.4181526613094455
22824,0.1053778759444411,13__mutated,PertCortex_13_TGGCCAGGTGCTGTAT,4.2255398837522105
22825,0.3160964916142277,13__mutated,PertCortex_13_TGGCCAGGTTGGTAAA,4.533639088443645
22826,0.09946702761213147,13__mutated,PertCortex_13_TGGCCAGTCAGGCGAA,3.8039237536623918
22827,0.17665438887193613,13__mutated,PertCortex_13_TGGCCAGTCTCTGCTG,4.350172823264621
22828,0.09672034962754943,13__mutated,PertCortex_13_TGGCGCAAGCCAGGAT,3.8571375195998603
22829,0.3803569068504808,13__mutated,PertCortex_13_TGGCGCAAGCGAAGGG,4.307452299670089
22830,0.1306505135023885,13__mutated,PertCortex_13_TGGCGCAAGCTTTGGT,2.282420208269794
22831,0.10318622458285509,13__mutated,PertCortex_13_TGGCGCATCATCACCC,4.710238483614342
22832,0.17980913771070317,13__mutated,PertCortex_13_TGGCGCATCTTGTACT,4.039130223235182
22833,0.18123852271828844,13__mutated,PertCortex_13_TGGCTGGAGTGATCGG,3.791553400769454
22834,0.12428403023879794,13__mutated,PertCortex_13_TGGCTGGGTAAGTGTA,3.705159729102754
22835,0.07025831813278406,13__mutated,PertCortex_13_TGGCTGGTCCTCTAGC,3.0760912855927094
22836,0.13727833057904254,13__mutated,PertCortex_13_TGGCTGGTCGGAAATA,4.484706804507454
22837,0.11944059115468746,13__mutated,PertCortex_13_TGGGAAGAGCGAGAAA,4.632831004995829
22838,0.19720932691530743,13__mutated,PertCortex_13_TGGGAAGAGTGGAGTC,4.733710499553159
22839,0.13634318569022283,13__mutated,PertCortex_13_TGGGAAGAGTTTCCTT,2.7625700619793787
22840,0.12330491413658835,13__mutated,PertCortex_13_TGGGAAGCAGCTCCGA,3.7796592085212195
22841,0.22232400397787366,13__mutated,PertCortex_13_TGGGAAGGTACGCACC,3.4154135506839465
22842,0.18509343750029794,13__mutated,PertCortex_13_TGGGAAGGTTGCTCCT,4.295957557525897
22843,0.08587468587116057,13__mutated,PertCortex_13_TGGGAAGTCACATAGC,3.4815834041947746
22844,0.31896441859507296,13__mutated,PertCortex_13_TGGGCGTAGCGGATCA,2.636597200900777
22845,0.1120718682246564,13__mutated,PertCortex_13_TGGGCGTAGGGCTTGA,4.274462030751116
22846,0.2735761608174117,13__mutated,PertCortex_13_TGGGCGTCACCTCGGA,4.547338173568461
22847,0.1461552431056993,13__mutated,PertCortex_13_TGGGCGTCACGTGAGA,3.913478066081497
22848,0.16247056003024588,13__mutated,PertCortex_13_TGGGCGTCAGCGATCC,4.383109917691689
22849,0.17680703070631465,13__mutated,PertCortex_13_TGGGCGTCATCCAACA,4.785595689445769
22850,0.30033228904153186,13__mutated,PertCortex_13_TGGGCGTGTAGCAAAT,4.900258593810032
22851,0.22491458356689853,13__mutated,PertCortex_13_TGGGCGTGTCAAAGCG,3.7515849564318797
22852,0.09877120254537435,13__mutated,PertCortex_13_TGGGCGTGTCACACGC,4.5547739613893485
22853,0.6523564992076448,13__mutated,PertCortex_13_TGGGCGTGTCTTGTCC,2.247386961161893
22854,0.08796996343012412,13__mutated,PertCortex_13_TGGGCGTTCAGGATCT,4.066699808085844
22855,0.19734141175980788,13__mutated,PertCortex_13_TGGGCGTTCGGCTACG,4.263440174812844
22856,0.114552126300421,13__mutated,PertCortex_13_TGGTTAGAGCTCCTTC,4.486009274978666
22857,0.10659208692506293,13__mutated,PertCortex_13_TGGTTAGCAGGTTTCA,5.066669495876973
22858,0.5574985299426242,13__mutated,PertCortex_13_TGGTTAGGTCTCTTTA,1.9158818002652747
22859,0.12478513847435418,13__mutated,PertCortex_13_TGGTTAGGTTGTTTGG,4.4837953991721005
22860,0.33489019486371296,13__mutated,PertCortex_13_TGGTTAGTCACATAGC,4.72325213925513
22861,0.29730913828538397,13__mutated,PertCortex_13_TGGTTAGTCAGCATGT,4.884072690367688
22862,0.23564391483834998,13__mutated,PertCortex_13_TGGTTAGTCGCAAACT,4.803800358652671
22863,0.1728187619949401,13__mutated,PertCortex_13_TGGTTAGTCTCCCTGA,4.096039516951651
22864,0.07391856885514356,13__mutated,PertCortex_13_TGGTTCCAGAAGAAGC,3.9977588962573813
22865,0.1906346615996784,13__mutated,PertCortex_13_TGGTTCCGTCCAGTTA,4.370437226157817
22866,0.23875786580314243,13__mutated,PertCortex_13_TGGTTCCGTTAAGACA,4.6024728950609415
22867,0.1207390940024036,13__mutated,PertCortex_13_TGGTTCCTCAACGCTA,4.757461439487166
22868,0.2054199675707165,13__mutated,PertCortex_13_TGGTTCCTCTCGCTTG,4.69197825966228
22869,0.37639842438833215,13__mutated,PertCortex_13_TGGTTCCTCTCTGCTG,4.423522398904066
22870,0.38377086268068467,13__mutated,PertCortex_13_TGGTTCCTCTGTCCGT,4.599077699050355
22871,0.14162133242587419,13__mutated,PertCortex_13_TGTATTCAGTTACCCA,3.496781398356298
22872,0.21081432175606044,13__mutated,PertCortex_13_TGTATTCCAACGATCT,2.974936003149421
22873,0.15904753048002043,13__mutated,PertCortex_13_TGTATTCCACGGCTAC,3.877732568372304
22874,0.2537325228346475,13__mutated,PertCortex_13_TGTATTCCAGAAGCAC,2.001618328349511
22875,0.37215455299195616,13__mutated,PertCortex_13_TGTATTCTCATGTCTT,4.412118696808571
22876,0.3774238069762351,13__mutated,PertCortex_13_TGTATTCTCGCACTCT,2.156160255745195
22877,0.11544283548200318,13__mutated,PertCortex_13_TGTCCCAGTAGAGTGC,3.0545957116460776
22878,0.1591977919479438,13__mutated,PertCortex_13_TGTCCCAGTCGCGAAA,4.484226561625239
22879,0.22915167078641022,13__mutated,PertCortex_13_TGTCCCAGTCTAAACC,3.8302299919097913
22880,0.14428757390093458,13__mutated,PertCortex_13_TGTCCCATCATGGTCA,4.090783236825502
22881,0.34209310881444804,13__mutated,PertCortex_13_TGTCCCATCCGCAAGC,4.301097764053871
22882,0.24818575554369895,13__mutated,PertCortex_13_TGTGGTAAGACAGGCT,4.82260958483794
22883,0.14016155189940538,13__mutated,PertCortex_13_TGTGGTAAGGACACCA,2.7883856834445404
22884,0.31264637677476764,13__mutated,PertCortex_13_TGTGGTAAGTAGTGCG,4.410938322298069
22885,0.10226936711981882,13__mutated,PertCortex_13_TGTGGTATCCAAACTG,3.9660468937757734
22886,0.15773015486369596,13__mutated,PertCortex_13_TGTGGTATCCGCGCAA,4.593801388961683
22887,0.297138352443939,13__mutated,PertCortex_13_TGTGTTTAGAGACTTA,3.8623360838401486
22888,0.49824071649468693,13__mutated,PertCortex_13_TGTGTTTAGGAGCGTT,2.0361873198384064
22889,0.1268649111743145,13__mutated,PertCortex_13_TGTGTTTAGTATTGGA,4.246456953557317
22890,0.3838344500575142,13__mutated,PertCortex_13_TGTGTTTAGTGGCACA,4.2862534393079335
22891,0.3882560351609022,13__mutated,PertCortex_13_TGTGTTTCACGAAAGC,4.259244124934172
22892,0.32257545859402664,13__mutated,PertCortex_13_TGTTCCGAGCACCGCT,2.6984085124199884
22893,0.09931547339288088,13__mutated,PertCortex_13_TGTTCCGAGGGTGTGT,2.2955084067307734
22894,0.13899739998336424,13__mutated,PertCortex_13_TGTTCCGAGTTACGGG,4.121408705353511
22895,0.3642331515332932,13__mutated,PertCortex_13_TGTTCCGCAAACTGTC,4.261843311987483
22896,0.3126127014601909,13__mutated,PertCortex_13_TGTTCCGCAAGTTCTG,2.784829888834751
22897,0.18860166028606484,13__mutated,PertCortex_13_TGTTCCGCACTATCTT,3.498731447581431
22898,0.1584840431301177,13__mutated,PertCortex_13_TGTTCCGCAGCCTGTG,5.121296294907125
22899,0.20075442006572775,13__mutated,PertCortex_13_TGTTCCGCAGTGAGTG,4.689184600113881
22900,0.23645936898756728,13__mutated,PertCortex_13_TGTTCCGGTCCCTACT,4.796176315774761
22901,0.37673466751381335,13__mutated,PertCortex_13_TTAACTCAGACAAAGG,4.631166117076081
22902,0.20169494123269416,13__mutated,PertCortex_13_TTAACTCAGTTCGATC,3.8439674432903543
22903,0.21976329844279885,13__mutated,PertCortex_13_TTAACTCCAGCCAGAA,2.79342319994086
22904,0.20058693507256864,13__mutated,PertCortex_13_TTAACTCGTCAGAATA,3.8032429581098777
22905,0.0889167514375939,13__mutated,PertCortex_13_TTAACTCGTCAGAGGT,4.543441873314647
22906,0.14636664146748582,13__mutated,PertCortex_13_TTAACTCGTCTAAAGA,2.6296772134615347
22907,0.438043123945369,13__mutated,PertCortex_13_TTAACTCGTGGCCCTA,3.901017616793807
22908,0.34454040996437485,13__mutated,PertCortex_13_TTAACTCGTGTCAATC,4.1703848598973785
22909,0.26185041468125403,13__mutated,PertCortex_13_TTAACTCTCCACGCAG,4.976551947642551
22910,0.3035092947577394,13__mutated,PertCortex_13_TTAGGACAGATGCCTT,4.323420699445278
22911,0.2048195375726822,13__mutated,PertCortex_13_TTAGGACGTGAAATCA,4.103287090888098
22912,0.11893788114047436,13__mutated,PertCortex_13_TTAGGACGTTCCGGCA,5.05779493053513
22913,0.17173136613514342,13__mutated,PertCortex_13_TTAGGACTCACATGCA,3.8778806247531583
22914,0.12081770986684127,13__mutated,PertCortex_13_TTAGGACTCATGCAAC,3.6354236535125883
22915,0.19593328822874176,13__mutated,PertCortex_13_TTAGGACTCCGTCAAA,4.567421090618856
22916,0.10007945324275899,13__mutated,PertCortex_13_TTAGGCACAAAGTGCG,4.581535022169979
22917,0.16438465161421878,13__mutated,PertCortex_13_TTAGGCACACATAACC,4.824109811716493
22918,0.16925116369844398,13__mutated,PertCortex_13_TTAGGCAGTATTCTCT,4.427180542191356
22919,0.3398596689619591,13__mutated,PertCortex_13_TTAGGCAGTTATTCTC,2.369303359920416
22920,0.19268754356118653,13__mutated,PertCortex_13_TTAGGCAGTTGACGTT,5.14633142398818
22921,0.17609665650990927,13__mutated,PertCortex_13_TTAGGCATCCGTTGTC,5.309770468099516
22922,0.09034876335615104,13__mutated,PertCortex_13_TTAGTTCAGCACGCCT,3.125671971397144
22923,0.18365742863000162,13__mutated,PertCortex_13_TTAGTTCAGTCTCGGC,4.672953863669666
22924,0.18540733768989343,13__mutated,PertCortex_13_TTAGTTCCAGCGTCCA,1.749162693013054
22925,0.13441817195742753,13__mutated,PertCortex_13_TTAGTTCGTATGGTTC,4.2549155502747364
22926,0.1779366682252395,13__mutated,PertCortex_13_TTAGTTCGTCTCTCGT,4.763938160282609
22927,0.1550211242371369,13__mutated,PertCortex_13_TTAGTTCGTTACGCGC,4.735343191108086
22928,0.07640347400013171,13__mutated,PertCortex_13_TTAGTTCTCCACGACG,4.428545950960604
22929,0.1525382312169552,13__mutated,PertCortex_13_TTAGTTCTCCACTCCA,4.204256181604585
22930,0.12731285578148144,13__mutated,PertCortex_13_TTATGCTAGTATTGGA,5.554769408974274
22931,0.1357413318672932,13__mutated,PertCortex_13_TTATGCTAGTGAACGC,4.302637570620283
22932,0.38191745486284867,13__mutated,PertCortex_13_TTATGCTCATGAACCT,4.348776525643704
22933,0.10913310218757051,13__mutated,PertCortex_13_TTATGCTGTCTGATCA,2.1076211572240537
22934,0.5976996121317757,13__mutated,PertCortex_13_TTATGCTGTTAGAACA,2.6462268364174752
22935,0.3029668802090761,13__mutated,PertCortex_13_TTATGCTTCACATACG,2.496845517115464
22936,-0.003891564060329144,13__mutated,PertCortex_13_TTATGCTTCACCAGGC,2.9098043400916977
22937,0.2098721273970987,13__mutated,PertCortex_13_TTATGCTTCCGTCATC,4.445495981828933
22938,0.052343946329871285,13__mutated,PertCortex_13_TTATGCTTCTTTACAC,4.261204024277339
22939,0.1909852594283102,13__mutated,PertCortex_13_TTCCCAGAGGCGCTCT,4.664781209397575
22940,0.12299403615034447,13__mutated,PertCortex_13_TTCCCAGCACGAAATA,5.182621782454837
22941,0.34625616780900415,13__mutated,PertCortex_13_TTCCCAGCACGCGAAA,2.5210144875446407
22942,0.16414024168697391,13__mutated,PertCortex_13_TTCCCAGCAGCATGAG,3.900649003287606
22943,0.27346026344082647,13__mutated,PertCortex_13_TTCCCAGCAGTCCTTC,4.537647966598244
22944,0.47810266454471906,13__mutated,PertCortex_13_TTCCCAGCATTGCGGC,2.9326251585204073
22945,0.21668324178959245,13__mutated,PertCortex_13_TTCCCAGGTAGGGTAC,4.41536892896908
22946,0.19976002318529823,13__mutated,PertCortex_13_TTCCCAGGTCTACCTC,4.2667640594196525
22947,0.2090619534823458,13__mutated,PertCortex_13_TTCCCAGTCTAACCGA,4.882558862429163
22948,0.23520551973014844,13__mutated,PertCortex_13_TTCGAAGAGAGGTTGC,5.087378692176146
22949,0.06863060023638995,13__mutated,PertCortex_13_TTCGAAGAGAGTAATC,3.730795035004679
22950,0.3379595130406939,13__mutated,PertCortex_13_TTCGAAGAGGCTAGCA,2.3094675015674864
22951,0.2237080917704557,13__mutated,PertCortex_13_TTCGAAGCACAGGTTT,4.166252301253972
22952,0.30254626783467625,13__mutated,PertCortex_13_TTCGAAGCACGGATAG,3.481765400138299
22953,0.14591075701121894,13__mutated,PertCortex_13_TTCGAAGCATACTACG,4.072481559250995
22954,0.17144643107093024,13__mutated,PertCortex_13_TTCGAAGTCTATCCCG,4.322582806715281
22955,0.05595465483429285,13__mutated,PertCortex_13_TTCGGTCAGAAAGTGG,3.268122665404113
22956,0.15819454556371573,13__mutated,PertCortex_13_TTCGGTCAGATCTGAA,3.879797671852817
22957,0.29447832643459754,13__mutated,PertCortex_13_TTCGGTCAGGCAGTCA,2.680459736087526
22958,0.2300777382215123,13__mutated,PertCortex_13_TTCGGTCCAGGAACGT,4.808572004289873
22959,0.11602583221591661,13__mutated,PertCortex_13_TTCGGTCGTCCGAACC,2.9716924491375143
22960,0.1706858652463712,13__mutated,PertCortex_13_TTCTACAAGCATCATC,4.77383870014002
22961,0.1460302952808765,13__mutated,PertCortex_13_TTCTACAAGCGCTCCA,4.893442486523572
22962,0.09116155684897945,13__mutated,PertCortex_13_TTCTACAGTGCTAGCC,3.068420458948166
22963,0.06452480337259754,13__mutated,PertCortex_13_TTCTACAGTTGGGACA,3.5317425113161107
22964,0.15426132211364235,13__mutated,PertCortex_13_TTCTACATCACAAACC,3.120856018694221
22965,0.095778550731984,13__mutated,PertCortex_13_TTCTACATCACGATGT,4.552885289391898
22966,0.23106189563473128,13__mutated,PertCortex_13_TTCTACATCGTCTGCT,5.0064053833043
22967,0.12982776554879022,13__mutated,PertCortex_13_TTCTCAAAGACTGTAA,4.586463068700581
22968,0.11300364538806,13__mutated,PertCortex_13_TTCTCAAAGGAATCGC,5.350422483869102
22969,0.32466725312715494,13__mutated,PertCortex_13_TTCTCAAAGTAAGTAC,2.493240721127162
22970,0.1343628183858064,13__mutated,PertCortex_13_TTCTCAAGTGTAACGG,5.436683786012544
22971,0.27682882762438377,13__mutated,PertCortex_13_TTCTCAATCAGCCTAA,3.0709157599809305
22972,0.237002888440624,13__mutated,PertCortex_13_TTCTCAATCTTCTGGC,4.152022437563037
22973,0.2195003604953688,13__mutated,PertCortex_13_TTCTCCTCAATCGAAA,4.6337732550801105
22974,0.20392372310531065,13__mutated,PertCortex_13_TTCTCCTCACGAAATA,4.116623240108471
22975,0.09673701803825784,13__mutated,PertCortex_13_TTCTCCTCATCTCCCA,5.177687591102589
22976,0.10215200629342239,13__mutated,PertCortex_13_TTCTCCTGTAACGCGA,2.1348331902297133
22977,0.16410364013230574,13__mutated,PertCortex_13_TTCTCCTGTAAGTTCC,4.188777099099614
22978,0.16629285679020392,13__mutated,PertCortex_13_TTCTCCTGTATTACCG,4.073550700973728
22979,0.2360055387524649,13__mutated,PertCortex_13_TTCTCCTGTCAAGCGA,4.752323456685534
22980,0.1541339021361184,13__mutated,PertCortex_13_TTCTTAGAGGTAGCTG,3.959566329143908
22981,0.13076479395920934,13__mutated,PertCortex_13_TTCTTAGCACGGCGTT,4.9527573719260385
22982,0.16469473343995522,13__mutated,PertCortex_13_TTCTTAGGTATGCTTG,4.868599130190445
22983,0.22374040170206005,13__mutated,PertCortex_13_TTCTTAGGTTCGTTGA,2.788561144648065
22984,0.243036719967568,13__mutated,PertCortex_13_TTCTTAGTCGCAAACT,4.036889642863046
22985,0.25102045406734586,13__mutated,PertCortex_13_TTGAACGAGCTATGCT,4.586096110801499
22986,0.2745097938480343,13__mutated,PertCortex_13_TTGAACGAGGTAGCTG,3.259363387594723
22987,0.18502060426319283,13__mutated,PertCortex_13_TTGAACGCAAACTGTC,5.387427013509605
22988,0.23016931871357774,13__mutated,PertCortex_13_TTGAACGCAAGAGTCG,3.3531347929933375
22989,0.26001721030521896,13__mutated,PertCortex_13_TTGAACGGTCCGCTGA,4.491471064137775
22990,0.3349146842993577,13__mutated,PertCortex_13_TTGAACGGTCGTTGTA,4.943510602353781
22991,0.5804480927258454,13__mutated,PertCortex_13_TTGAACGGTTGATTGC,2.536759625642557
22992,0.17767469317786375,13__mutated,PertCortex_13_TTGAACGTCCCATTTA,5.2328971622885785
22993,0.40075754228540944,13__mutated,PertCortex_13_TTGAACGTCTAAGCCA,4.251586906915473
22994,0.3492725046852263,13__mutated,PertCortex_13_TTGACTTCAAGCTGAG,2.1842661537173047
22995,0.10827952146561845,13__mutated,PertCortex_13_TTGACTTCAAGGCTCC,3.4010509243000895
22996,0.14916631814055198,13__mutated,PertCortex_13_TTGACTTCACAGCCCA,4.342170087409035
22997,0.2629333577274667,13__mutated,PertCortex_13_TTGACTTCATAGTAAG,4.350883048287225
22998,0.13082529733964632,13__mutated,PertCortex_13_TTGACTTGTCCGCTGA,4.705474972946038
22999,0.1980688870181826,13__mutated,PertCortex_13_TTGACTTGTCTAGCCG,4.102588936511778
23000,0.19434504322877755,13__mutated,PertCortex_13_TTGACTTGTTACTGAC,5.388657700042037
23001,0.20982421448892985,13__mutated,PertCortex_13_TTGACTTGTTCCACAA,3.365957413539767
23002,0.18646487013657315,13__mutated,PertCortex_13_TTGACTTTCCCGACTT,4.025995383465245
23003,0.18522256484630464,13__mutated,PertCortex_13_TTGCCGTAGCAGCGTA,3.353820680368916
23004,0.08156655104914799,13__mutated,PertCortex_13_TTGCCGTAGGGATGGG,4.855571122300052
23005,0.11382689430223462,13__mutated,PertCortex_13_TTGCCGTAGGTTACCT,4.087156705544223
23006,0.19440412943840113,13__mutated,PertCortex_13_TTGCCGTCAGCGTCCA,4.447988657838188
23007,0.2258122154128232,13__mutated,PertCortex_13_TTGCCGTGTCGGGTCT,4.269976462819244
23008,0.5486320355724982,13__mutated,PertCortex_13_TTGCCGTGTGCTAGCC,1.9725206502836687
23009,0.18079697948532536,13__mutated,PertCortex_13_TTGCCGTGTTATCCGA,2.6835766538110017
23010,0.09907958051579126,13__mutated,PertCortex_13_TTGCCGTTCGATGAGG,4.323819160807206
23011,0.14746221425548747,13__mutated,PertCortex_13_TTGCGTCAGATCTGAA,3.511498706372125
23012,0.23092038965172815,13__mutated,PertCortex_13_TTGCGTCAGGAGTTGC,3.5738518851164134
23013,0.14930579385956969,13__mutated,PertCortex_13_TTGCGTCGTGGACGAT,3.925784034490618
23014,0.3770501083757894,13__mutated,PertCortex_13_TTGCGTCTCCTCAACC,4.392429468508844
23015,0.17785010865376788,13__mutated,PertCortex_13_TTGCGTCTCGCCATAA,2.4538906308475763
23016,0.15888197029871534,13__mutated,PertCortex_13_TTGCGTCTCTGGCGAC,3.8525635837265355
23017,0.19884955670786605,13__mutated,PertCortex_13_TTGGAACAGATAGGAG,4.524412389764284
23018,0.15285649035155857,13__mutated,PertCortex_13_TTGGAACAGATATGGT,4.193987440648789
23019,0.39993273334366747,13__mutated,PertCortex_13_TTGGAACAGTCAATAG,2.702944163243134
23020,0.3179502601030042,13__mutated,PertCortex_13_TTGGAACAGTTTCCTT,4.404328179280475
23021,0.18688578112652898,13__mutated,PertCortex_13_TTGGAACCAAGTCTGT,4.656103270455997
23022,0.18583380028644592,13__mutated,PertCortex_13_TTGGAACCAATCTGCA,4.8499285600095465
23023,0.1582463592943874,13__mutated,PertCortex_13_TTGGAACCACGGCGTT,2.5388726178887957
23024,0.146719323508393,13__mutated,PertCortex_13_TTGGAACCAGTTTACG,4.949148208254633
23025,0.36457815730116633,13__mutated,PertCortex_13_TTGGAACCATACGCTA,2.233403938623609
23026,0.10066266031297645,13__mutated,PertCortex_13_TTGGAACGTGAAGGCT,3.4097720230360973
23027,0.4003133083426201,13__mutated,PertCortex_13_TTGGAACGTGCATCTA,4.385412226709648
23028,0.41245045717205253,13__mutated,PertCortex_13_TTGGAACGTTTCGCTC,2.5482200227212455
23029,0.09723948193225751,13__mutated,PertCortex_13_TTGGAACTCCTAGTGA,3.7119446138565655
23030,0.17994844002627589,13__mutated,PertCortex_13_TTGGAACTCTCCGGTT,4.631439728557698
23031,0.18166149025966485,13__mutated,PertCortex_13_TTGGCAAAGCCCGAAA,4.162609291752997
23032,0.28986318623018464,13__mutated,PertCortex_13_TTGGCAAAGGGTTCCC,4.521605873263615
23033,0.07924547067165914,13__mutated,PertCortex_13_TTGGCAAAGTCTTGCA,3.6980472612362583
23034,0.14663768064952845,13__mutated,PertCortex_13_TTGGCAACAAACTGTC,2.1314274825543604
23035,0.09750105071308313,13__mutated,PertCortex_13_TTGGCAAGTACTCGCG,4.544036124120166
23036,0.11210613192698096,13__mutated,PertCortex_13_TTGGCAAGTCCGCTGA,4.80941065504951
23037,0.13602647033800463,13__mutated,PertCortex_13_TTGGCAATCGTGGGAA,2.174024649259956
23038,0.2330705691742503,13__mutated,PertCortex_13_TTGGCAATCTTTCCTC,4.828571837400019
23039,0.3001855484936013,13__mutated,PertCortex_13_TTGTAGGAGGGATCTG,4.495964177068159
23040,0.3723858651390606,13__mutated,PertCortex_13_TTGTAGGCAAGGTTTC,4.252083780974492
23041,0.14992421267571382,13__mutated,PertCortex_13_TTGTAGGCAGATCGGA,3.7061961424102163
23042,0.1582835230481955,13__mutated,PertCortex_13_TTGTAGGGTGAAAGAG,3.366309582186443
23043,0.5659568888384813,13__mutated,PertCortex_13_TTGTAGGTCGCCGTGA,1.9368168345909011
23044,0.1886172757727807,13__mutated,PertCortex_13_TTTACTGAGTGTGAAT,5.3276083233366185
23045,0.0855456606740839,13__mutated,PertCortex_13_TTTACTGCAATCTGCA,3.3703660572661693
23046,0.08503675304402684,13__mutated,PertCortex_13_TTTACTGCAGATCGGA,3.8221928530042857
23047,0.21684235887025707,13__mutated,PertCortex_13_TTTACTGCAGGGAGAG,2.883850312587225
23048,0.1929662042262394,13__mutated,PertCortex_13_TTTACTGCAGTCGATT,5.605908051418673
23049,0.20443382104983143,13__mutated,PertCortex_13_TTTACTGCATAGTAAG,4.686254452609941
23050,0.12629193603505878,13__mutated,PertCortex_13_TTTACTGCATGCCTTC,4.885396511587477
23051,0.1339762690166096,13__mutated,PertCortex_13_TTTACTGGTCCGTGAC,4.109629406646156
23052,0.06603396922047236,13__mutated,PertCortex_13_TTTACTGTCAGTCAGT,4.695849582571728
23053,0.14699002253394197,13__mutated,PertCortex_13_TTTATGCAGAAACGCC,4.490190234578943
23054,0.12526487588528995,13__mutated,PertCortex_13_TTTATGCAGACCGGAT,4.195928263769943
23055,0.14175770565181822,13__mutated,PertCortex_13_TTTATGCAGAGACTAT,2.5089079143591047
23056,0.35004330376751236,13__mutated,PertCortex_13_TTTATGCAGCTAGGCA,4.544143597253955
23057,0.21405579071367292,13__mutated,PertCortex_13_TTTATGCAGGCGATAC,5.1466543202985084
23058,0.17483520063149402,13__mutated,PertCortex_13_TTTATGCAGGGCTTCC,2.342083024390112
23059,0.39255051577202676,13__mutated,PertCortex_13_TTTATGCAGTGAACGC,2.3195138977537817
23060,0.41492621628288806,13__mutated,PertCortex_13_TTTATGCAGTGTTAGA,2.0091825796795195
23061,0.355645594520562,13__mutated,PertCortex_13_TTTATGCGTACAGTGG,2.3357536848312033
23062,0.1026267689862208,13__mutated,PertCortex_13_TTTATGCTCTCTGCTG,3.868160873862901
23063,0.10782049582413049,13__mutated,PertCortex_13_TTTCCTCGTCTCTTTA,5.04217330420987
23064,0.10591194289835097,13__mutated,PertCortex_13_TTTCCTCGTGGCTCCA,4.419255437120588
23065,0.3265662419847021,13__mutated,PertCortex_13_TTTCCTCGTTTGTGTG,2.53678458193195
23066,0.11568875768794097,13__mutated,PertCortex_13_TTTGCGCAGACCGGAT,4.35835025125783
23067,0.3413869345274283,13__mutated,PertCortex_13_TTTGCGCAGCTGAAAT,4.76842873623779
23068,0.08880503739632348,13__mutated,PertCortex_13_TTTGCGCCAGACAGGT,3.7837950042136463
23069,0.21975789127684336,13__mutated,PertCortex_13_TTTGCGCCAGAGCCAA,5.327518564654154
23070,0.11356110507510676,13__mutated,PertCortex_13_TTTGCGCCAGCGAACA,3.722236078085848
23071,0.33905222524670037,13__mutated,PertCortex_13_TTTGCGCCATCACAAC,4.541202950727868
23072,0.11210432825430346,13__mutated,PertCortex_13_TTTGCGCCATCTGGTA,3.8527975500569753
23073,0.2866545689221468,13__mutated,PertCortex_13_TTTGCGCGTCTCACCT,4.354752414342865
23074,0.6860164906212456,13__mutated,PertCortex_13_TTTGCGCTCCCAAGAT,2.2466772112126963
23075,0.15009227415150497,13__mutated,PertCortex_13_TTTGCGCTCGAACGGA,4.632756867395567
23076,0.15006640304110402,13__mutated,PertCortex_13_TTTGCGCTCTTGCAAG,4.717347639220206
23077,0.08328067705723312,13__mutated,PertCortex_13_TTTGGTTCAGGGTATG,4.935958367806048
23078,0.16631399775194902,13__mutated,PertCortex_13_TTTGGTTCATGGGACA,4.496518323669209
23079,0.17178854642871813,13__mutated,PertCortex_13_TTTGGTTCATGGTCTA,5.0110597863822965
23080,0.22499057133283587,13__mutated,PertCortex_13_TTTGGTTGTACAGTTC,3.040999528867856
23081,0.09674524952980365,13__mutated,PertCortex_13_TTTGGTTGTCCCTACT,3.0829981815285317
23082,0.26799402479996043,13__mutated,PertCortex_13_TTTGGTTGTCTGATCA,2.2574411063464876
23083,0.1663373543837082,13__mutated,PertCortex_13_TTTGGTTTCGGATGGA,3.5009308104015955
23084,0.3179736107260141,13__mutated,PertCortex_13_TTTGGTTTCTCGTTTA,4.810928538607619
23085,0.27933233226097204,13__mutated,PertCortex_13_TTTGTCAAGTGCCAGA,4.49711612565479
23086,0.13020579267635266,13__mutated,PertCortex_13_TTTGTCACAATGAAAC,3.3503648563083197
23087,0.10453339249417941,13__mutated,PertCortex_13_TTTGTCAGTTTGGCGC,3.1281509606067557
23088,0.15200300572792086,14__mutated,PertCortex_14_AAACCTGAGCCAACAG,4.276208204949401
23089,0.10125303567116312,14__mutated,PertCortex_14_AAACCTGCAGGACCCT,4.670293067119414
23090,0.12752343562496285,14__mutated,PertCortex_14_AAACCTGGTCGCTTTC,4.424217462553054
23091,0.22243969477202175,14__mutated,PertCortex_14_AAACCTGTCTTGACGA,3.834905123328053
23092,0.17371334243283443,14__mutated,PertCortex_14_AAAGATGTCACGACTA,4.761294886801339
23093,0.1805897846176733,14__mutated,PertCortex_14_AAAGCAAAGGCCGAAT,4.573477857038117
23094,0.1673287925898695,14__mutated,PertCortex_14_AAAGTAGGTCGCGGTT,3.74420531964062
23095,0.09731451437925591,14__mutated,PertCortex_14_AAATGCCCATTTGCTT,4.252989635289189
23096,0.20304794852795024,14__mutated,PertCortex_14_AACACGTAGTTACCCA,4.416209649696513
23097,0.19027859472026426,14__mutated,PertCortex_14_AACACGTGTATTAGCC,4.643318419177263
23098,0.16795391428207784,14__mutated,PertCortex_14_AACACGTTCCAAACTG,1.6156352747910383
23099,0.14919232969756213,14__mutated,PertCortex_14_AACCATGTCACAGGCC,4.024966925021713
23100,0.1635636169597058,14__mutated,PertCortex_14_AACCATGTCACCGGGT,4.72926312210145
23101,0.14717041556560018,14__mutated,PertCortex_14_AACCGCGAGATCCTGT,3.587632214289484
23102,0.3048845513245683,14__mutated,PertCortex_14_AACCGCGGTCGTTGTA,2.5214348798156854
23103,0.5139937786614982,14__mutated,PertCortex_14_AACTCAGAGTGGGATC,2.2637921594683377
23104,0.13948879213455542,14__mutated,PertCortex_14_AACTCCCCACGGTTTA,5.130117847095003
23105,0.10926411771735668,14__mutated,PertCortex_14_AACTCTTAGCAGGCTA,3.938399923416589
23106,0.14570257610566506,14__mutated,PertCortex_14_AACTTTCCAGACAAAT,4.66011032971197
23107,0.1711161402332167,14__mutated,PertCortex_14_AACTTTCTCCTTTCGG,4.737196694330033
23108,0.2899730939180592,14__mutated,PertCortex_14_AACTTTCTCGTGACAT,3.0233057167096384
23109,0.2091948921743147,14__mutated,PertCortex_14_AAGACCTCATGCCACG,3.4274053550466843
23110,0.1585894033408613,14__mutated,PertCortex_14_AAGACCTGTAGCCTCG,3.248344190001896
23111,0.34613740422676276,14__mutated,PertCortex_14_AAGGCAGGTCCAGTAT,2.9658869284818308
23112,0.2925346909211483,14__mutated,PertCortex_14_AATCCAGCAATAGCAA,4.7461661526470795
23113,0.3059738374281105,14__mutated,PertCortex_14_AATCGGTAGGATTCGG,2.933439893217483
23114,0.20220896952316608,14__mutated,PertCortex_14_ACACCAAAGTGTGAAT,4.267151742961598
23115,0.11224180888520428,14__mutated,PertCortex_14_ACACCCTGTGCCTGCA,3.2770951149446224
23116,0.35147334628382043,14__mutated,PertCortex_14_ACACCGGCAGGGTATG,2.190909987354203
23117,0.24871069398639206,14__mutated,PertCortex_14_ACACTGATCCAGAGGA,4.936324439644004
23118,0.1797726424809357,14__mutated,PertCortex_14_ACAGCCGAGACTACAA,4.395236270321446
23119,0.19950061798411148,14__mutated,PertCortex_14_ACAGCCGCATCACGAT,4.35189498310525
23120,0.19977585902600076,14__mutated,PertCortex_14_ACAGCCGCATTGGGCC,5.835770589640239
23121,0.1378364720780847,14__mutated,PertCortex_14_ACAGCTACAGGAATGC,4.685673126241416
23122,0.33530331540043146,14__mutated,PertCortex_14_ACATACGCACAGACAG,2.569771974160044
23123,0.09474982901855836,14__mutated,PertCortex_14_ACATCAGAGCAGATCG,4.091649444553761
23124,0.3354357300545769,14__mutated,PertCortex_14_ACATGGTCAGCCAGAA,2.4505612775019663
23125,0.23145126013714346,14__mutated,PertCortex_14_ACCGTAAAGTAGGCCA,3.766748740259938
23126,0.10978316362157597,14__mutated,PertCortex_14_ACCGTAAAGTTAAGTG,3.5941065577509588
23127,0.2065006960994371,14__mutated,PertCortex_14_ACCGTAACACAGACTT,4.608556376611977
23128,0.2848734169609483,14__mutated,PertCortex_14_ACCGTAACACCGAATT,3.8007433204580203
23129,0.04620935821502179,14__mutated,PertCortex_14_ACCGTAATCTAGCACA,3.1244256545611706
23130,0.2884514188237162,14__mutated,PertCortex_14_ACCTTTAAGTTTCCTT,2.174757707046201
23131,0.1877148615608562,14__mutated,PertCortex_14_ACGATACTCAACACCA,4.65652390418317
23132,0.42356011129919685,14__mutated,PertCortex_14_ACGATGTAGGATGCGT,4.147680638571349
23133,0.37143684032705554,14__mutated,PertCortex_14_ACGCAGCCACGGATAG,2.402748799603391
23134,0.25876091514041216,14__mutated,PertCortex_14_ACGCCAGAGTTAACGA,3.5283123133964387
23135,0.20986689520481738,14__mutated,PertCortex_14_ACGCCAGCATTGTGCA,4.303085298238536
23136,0.1485661688331237,14__mutated,PertCortex_14_ACGCCGACAATGAAAC,4.816094939861588
23137,0.12821223305013354,14__mutated,PertCortex_14_ACGGCCAGTATGGTTC,1.7904877473005962
23138,0.17975299690868168,14__mutated,PertCortex_14_ACGGGTCAGACGCAAC,2.0102611701526074
23139,0.14100047403688531,14__mutated,PertCortex_14_ACTATCTGTAGGGTAC,4.700946853103458
23140,0.17616043697211317,14__mutated,PertCortex_14_ACTGAACCACACCGCA,3.270673008973836
23141,0.17228264047109032,14__mutated,PertCortex_14_ACTGAGTCACGGCTAC,4.277924601823786
23142,0.3750191955693438,14__mutated,PertCortex_14_ACTGAGTGTGAGGGTT,2.09516409656099
23143,0.2457715370630752,14__mutated,PertCortex_14_ACTGCTCAGCCCAATT,2.672880787880914
23144,0.1854742767362939,14__mutated,PertCortex_14_ACTGCTCTCATGCATG,4.968768149525004
23145,0.42203103302565714,14__mutated,PertCortex_14_ACTGTCCAGATATACG,4.169747712374364
23146,0.13335471891920048,14__mutated,PertCortex_14_ACTTGTTTCTACGAGT,4.55777833502038
23147,0.4332676507696883,14__mutated,PertCortex_14_ACTTTCACAGCTCGAC,2.4476854130303836
23148,0.1714957257006578,14__mutated,PertCortex_14_AGACGTTTCATTATCC,3.7307152237482404
23149,0.15618578353330115,14__mutated,PertCortex_14_AGAGTGGTCAGATAAG,3.5109925744828017
23150,0.24057041548909872,14__mutated,PertCortex_14_AGATCTGAGTCGATAA,3.648540403455848
23151,0.35413627903996314,14__mutated,PertCortex_14_AGATTGCCATTCCTGC,4.799507103094559
23152,0.16771868933966694,14__mutated,PertCortex_14_AGCTCCTGTACAGCAG,5.125176006381753
23153,0.3506307604329959,14__mutated,PertCortex_14_AGCTTGACACCACGTG,2.460863481758601
23154,0.13385615802439557,14__mutated,PertCortex_14_AGGCCACAGGGAAACA,4.565999868019173
23155,0.12031156592419837,14__mutated,PertCortex_14_AGGCCACCAGACGCTC,4.929283458888973
23156,0.14183554662809908,14__mutated,PertCortex_14_AGGGAGTGTATGAATG,4.319535092281526
23157,0.2636106666650856,14__mutated,PertCortex_14_AGGGAGTGTCTCTTTA,3.54550211205845
23158,0.16397142832706751,14__mutated,PertCortex_14_AGGGAGTGTGCACGAA,3.5453970953458303
23159,0.32229803938921564,14__mutated,PertCortex_14_AGGGTGACATACGCTA,2.972823533316156
23160,0.14184585912415879,14__mutated,PertCortex_14_AGGTCATTCCACGTTC,3.4085897616221663
23161,0.27759715425338577,14__mutated,PertCortex_14_AGTGAGGCAAGTTGTC,4.444350437616761
23162,0.08694035784923217,14__mutated,PertCortex_14_AGTGGGACAAACTGCT,4.748101008313739
23163,0.1651289471692331,14__mutated,PertCortex_14_AGTGGGAGTTTGACAC,4.3372490931509295
23164,0.20449526127530335,14__mutated,PertCortex_14_AGTGTCAAGGCCGAAT,4.634520635556333
23165,0.30128958116418847,14__mutated,PertCortex_14_AGTGTCATCTCCAACC,4.454441784218408
23166,0.36741099262315957,14__mutated,PertCortex_14_ATAACGCTCTGATACG,2.6376738594041296
23167,0.1447858488290105,14__mutated,PertCortex_14_ATCACGATCTACCTGC,3.9152644100987164
23168,0.14838987735294484,14__mutated,PertCortex_14_ATCATCTGTAGTGAAT,4.7578434264754055
23169,0.3248914754307977,14__mutated,PertCortex_14_ATCCACCCATGCGCAC,3.192942873424748
23170,0.39815430283804315,14__mutated,PertCortex_14_ATCCACCTCTGTCTAT,2.138074895380383
23171,0.30183098296759026,14__mutated,PertCortex_14_ATCCGAACACCAACCG,4.570092850491758
23172,0.25941537553211963,14__mutated,PertCortex_14_ATCCGAACACGGACAA,3.025681500906061
23173,0.23136703426911548,14__mutated,PertCortex_14_ATCTACTAGTTATCGC,3.6673248770754854
23174,0.16080159662111082,14__mutated,PertCortex_14_ATCTACTTCCTATGTT,4.354717888663117
23175,0.10731381634539741,14__mutated,PertCortex_14_ATCTGCCCAGACGCTC,4.332022142417522
23176,0.154603733034345,14__mutated,PertCortex_14_ATCTGCCCATGCCACG,2.783860527385381
23177,0.12298113496938537,14__mutated,PertCortex_14_ATGAGGGAGCCACTAT,4.142434576836052
23178,0.3605603460310001,14__mutated,PertCortex_14_ATGCGATGTCCTCCAT,4.123296221311214
23179,0.3441311151666701,14__mutated,PertCortex_14_ATGGGAGAGTGTGGCA,2.1730418405764564
23180,0.11971780172666532,14__mutated,PertCortex_14_ATGTGTGGTGCTAGCC,4.688593323111712
23181,0.16453764589768657,14__mutated,PertCortex_14_ATTACTCAGAGGGCTT,3.8131105741265845
23182,0.16998337211989478,14__mutated,PertCortex_14_ATTATCCCACATGACT,5.206042837127356
23183,0.34936374788269386,14__mutated,PertCortex_14_ATTATCCTCCAAGTAC,2.408178843755647
23184,0.30028509558650474,14__mutated,PertCortex_14_ATTCTACAGCATCATC,3.7625753428968287
23185,0.11149977605865934,14__mutated,PertCortex_14_ATTCTACTCCACGTTC,5.11380410915788
23186,0.12899072100914782,14__mutated,PertCortex_14_ATTCTACTCGCCATAA,5.12861324204374
23187,0.12185474453770721,14__mutated,PertCortex_14_ATTGGTGTCAATACCG,4.847007178737317
23188,0.19825339643774703,14__mutated,PertCortex_14_ATTTCTGTCCGGGTGT,4.928536163304667
23189,0.20185312977402076,14__mutated,PertCortex_14_CAACCTCGTGAGGCTA,4.378915575500169
23190,0.2390544561425277,14__mutated,PertCortex_14_CAACTAGAGATGCCTT,4.227535329269304
23191,0.19073775030443443,14__mutated,PertCortex_14_CAAGAAAAGGCTAGAC,3.8948849806245143
23192,0.17090419205360677,14__mutated,PertCortex_14_CAAGAAACAAGGTGTG,5.248680176799487
23193,0.16694513987716456,14__mutated,PertCortex_14_CAAGATCAGACAAGCC,3.7507014370019993
23194,0.16122136855927655,14__mutated,PertCortex_14_CAAGATCCATTAACCG,4.544217527089961
23195,0.2647251495511278,14__mutated,PertCortex_14_CAAGATCTCTTTCCTC,1.9246942968617429
23196,0.42066946861401,14__mutated,PertCortex_14_CAAGTTGGTCTCATCC,2.383148553431153
23197,0.18756185569853698,14__mutated,PertCortex_14_CACAAACTCAGTTCGA,4.3422538163231
23198,0.12419467496540558,14__mutated,PertCortex_14_CACACCTAGGAACTGC,5.056489884254167
23199,0.1809089666521973,14__mutated,PertCortex_14_CACACCTGTGCAGTAG,3.6423747440697016
23200,0.11536860045533079,14__mutated,PertCortex_14_CACACTCAGTACACCT,3.996807958579357
23201,0.20504742268591505,14__mutated,PertCortex_14_CACAGGCGTTCGTCTC,3.749140497247693
23202,0.1378023217119696,14__mutated,PertCortex_14_CACATAGCAGGACGTA,2.055310020280165
23203,0.2449694750903849,14__mutated,PertCortex_14_CACCACTAGATGTCGG,3.8205698890831443
23204,0.08235633260355035,14__mutated,PertCortex_14_CACCACTAGTCGTACT,3.335075405614386
23205,0.1018146437281181,14__mutated,PertCortex_14_CACTCCATCCGAATGT,3.9131638958301673
23206,0.15463587655141725,14__mutated,PertCortex_14_CAGAATCTCACCTTAT,3.5500617760039788
23207,0.09295009640398261,14__mutated,PertCortex_14_CAGAGAGAGCTACCGC,4.519981269647193
23208,0.09264480494047397,14__mutated,PertCortex_14_CAGCCGACATCGGTTA,3.9236700874767774
23209,0.19223240543526404,14__mutated,PertCortex_14_CAGCCGAGTAGAGGAA,4.352688128371457
23210,0.12818490457758674,14__mutated,PertCortex_14_CAGCCGATCGTTTAGG,3.112043691515238
23211,0.30334884285311114,14__mutated,PertCortex_14_CAGCGACGTCACTTCC,4.479784592522394
23212,0.23458435410733638,14__mutated,PertCortex_14_CAGCTAAAGGATGCGT,3.6225105348489057
23213,0.34021581530445816,14__mutated,PertCortex_14_CAGCTAACACCGCTAG,2.754303989388399
23214,0.13783288652320586,14__mutated,PertCortex_14_CAGGTGCGTGTCGCTG,4.660118865079908
23215,0.2170998133727946,14__mutated,PertCortex_14_CAGGTGCTCAAGCCTA,4.717970574524739
23216,0.4587298835545517,14__mutated,PertCortex_14_CAGTAACCAGTTAACC,2.2869349865260946
23217,0.2553155812281594,14__mutated,PertCortex_14_CAGTAACCATTACGAC,4.10660333401346
23218,0.3168568925088579,14__mutated,PertCortex_14_CAGTAACGTCCTCTTG,2.4146188520566687
23219,0.13029532599323168,14__mutated,PertCortex_14_CATATTCGTGAACCTT,4.470337553749604
23220,0.18025354871034385,14__mutated,PertCortex_14_CATATTCTCACCGTAA,3.4760011808850186
23221,0.16584436325220575,14__mutated,PertCortex_14_CATCAAGTCCTATGTT,5.15813462820242
23222,0.15788367377181192,14__mutated,PertCortex_14_CATCAGATCCACTCCA,4.044852178474001
23223,0.17151400812611117,14__mutated,PertCortex_14_CATCCACTCGGCGCTA,4.49277942644293
23224,0.16152230573337636,14__mutated,PertCortex_14_CATCGAATCTGCGACG,4.433440034480003
23225,0.2538109454630055,14__mutated,PertCortex_14_CATGACAGTAGATTAG,4.313185708484957
23226,0.13795791410201955,14__mutated,PertCortex_14_CATGCCTGTGGTGTAG,3.8252254601097806
23227,0.16736206096805392,14__mutated,PertCortex_14_CATGGCGAGCTTATCG,4.2344301976183925
23228,0.35079002236837625,14__mutated,PertCortex_14_CATGGCGAGTTCCACA,4.750672968969715
23229,0.1677156248313072,14__mutated,PertCortex_14_CATTCGCCAATCGGTT,4.451719191512042
23230,0.21772951837511229,14__mutated,PertCortex_14_CCACCTATCCAAACAC,3.833084479740983
23231,0.36467445095930084,14__mutated,PertCortex_14_CCATGTCGTCCGTCAG,2.5320422230760804
23232,0.22385601388994728,14__mutated,PertCortex_14_CCCAATCTCGTCCAGG,3.5621931335164216
23233,0.10944183257654609,14__mutated,PertCortex_14_CCCAGTTAGCTGCAAG,4.9002707649320945
23234,0.1007206849382574,14__mutated,PertCortex_14_CCCAGTTAGTGCAAGC,3.737680282991623
23235,0.1571730858468436,14__mutated,PertCortex_14_CCCAGTTGTACCGTTA,4.478520029058478
23236,0.17042506607401212,14__mutated,PertCortex_14_CCCATACTCAGATAAG,3.461569861018729
23237,0.11830278607374584,14__mutated,PertCortex_14_CCCTCCTTCGTCCAGG,5.1837018049573595
23238,0.19270135504469954,14__mutated,PertCortex_14_CCGGGATAGCAGCCTC,4.552872724307499
23239,0.2742261895310072,14__mutated,PertCortex_14_CCGTGGAGTCTGGAGA,2.8605068333277917
23240,0.061296365571561415,14__mutated,PertCortex_14_CCGTTCACATCGATTG,2.150129307591191
23241,0.3594838342942527,14__mutated,PertCortex_14_CCGTTCATCTTTACGT,5.117821317441664
23242,0.2387878102668091,14__mutated,PertCortex_14_CCTAAAGCACCCAGTG,2.2643930991371595
23243,0.3627698833585302,14__mutated,PertCortex_14_CCTAGCTTCGGACAAG,2.1958114016017842
23244,0.2663425806381161,14__mutated,PertCortex_14_CCTCAGTAGGGTTTCT,4.482749192000561
23245,0.3409328836858182,14__mutated,PertCortex_14_CCTCAGTCAGGATCGA,2.376914576711378
23246,0.09651635154526898,14__mutated,PertCortex_14_CCTCAGTGTAGAGCTG,4.768161511407298
23247,0.15008365324789366,14__mutated,PertCortex_14_CCTCTGAAGACCTAGG,5.037657566157656
23248,0.06028450728245127,14__mutated,PertCortex_14_CCTCTGAGTCTTCTCG,4.304100965790048
23249,0.45868373374241445,14__mutated,PertCortex_14_CCTTACGCAATGTAAG,2.3806828914276794
23250,0.07114330135182002,14__mutated,PertCortex_14_CCTTCGAAGAAACCGC,4.7886761701187375
23251,0.3868025639843059,14__mutated,PertCortex_14_CCTTCGATCAGGTAAA,2.4956731721425007
23252,0.18078346092706096,14__mutated,PertCortex_14_CCTTTCTAGAATGTTG,4.030728943610713
23253,0.36946259480998206,14__mutated,PertCortex_14_CCTTTCTGTTTAAGCC,2.6133155035176903
23254,0.27623479115065247,14__mutated,PertCortex_14_CGAATGTGTTCCACAA,3.0956148154222625
23255,0.5825473727095907,14__mutated,PertCortex_14_CGACCTTAGTAACCCT,2.379351409396763
23256,0.41679282031366427,14__mutated,PertCortex_14_CGACCTTCAGATCCAT,2.3158135433199654
23257,0.15385384528642151,14__mutated,PertCortex_14_CGACTTCGTAATCACC,4.279019232074777
23258,0.2417143509827842,14__mutated,PertCortex_14_CGACTTCGTCGAGATG,3.68140880734184
23259,0.052474608507391315,14__mutated,PertCortex_14_CGAGCACAGATAGCAT,4.847936236124118
23260,0.17128957045525445,14__mutated,PertCortex_14_CGAGCCACAGATCGGA,3.2066225485580135
23261,0.15627023972762655,14__mutated,PertCortex_14_CGAGCCAGTGGCCCTA,5.279545963628199
23262,0.06114750955685675,14__mutated,PertCortex_14_CGATGGCGTCAACTGT,5.838588800247036
23263,0.16693021337875036,14__mutated,PertCortex_14_CGATGGCTCGATGAGG,3.915406621398434
23264,0.047081608116424783,14__mutated,PertCortex_14_CGATGTACACCATCCT,4.366983571245962
23265,0.35525201928793054,14__mutated,PertCortex_14_CGATTGAGTAAACCTC,2.7374140457706204
23266,0.2752035620429518,14__mutated,PertCortex_14_CGCCAAGAGTGTCTCA,5.067070870603158
23267,0.5333164884217216,14__mutated,PertCortex_14_CGCCAAGTCCCAACGG,2.531584913883112
23268,0.3760556797371973,14__mutated,PertCortex_14_CGCGTTTTCGGCTTGG,1.9279724802826859
23269,0.159244123912377,14__mutated,PertCortex_14_CGCTTCAAGGCACATG,4.588212337068378
23270,0.15174306509271512,14__mutated,PertCortex_14_CGCTTCACAACTGGCC,4.416411282833812
23271,0.19074272148340718,14__mutated,PertCortex_14_CGGACTGAGCTGTTCA,4.727442288276747
23272,0.1794123238917837,14__mutated,PertCortex_14_CGGACTGCATGGGACA,4.124840339584566
23273,0.5471358037662244,14__mutated,PertCortex_14_CGGAGTCCACTTAACG,2.5815294251311935
23274,0.14820838078744417,14__mutated,PertCortex_14_CGGAGTCTCCTCCTAG,4.723452906024826
23275,0.16626359168607288,14__mutated,PertCortex_14_CGGCTAGTCCTCATTA,4.7599772743416215
23276,0.24813686121746628,14__mutated,PertCortex_14_CGGCTAGTCGAGGTAG,3.915405949781073
23277,0.17550333085701095,14__mutated,PertCortex_14_CGGGTCAGTATGAAAC,4.757990129318167
23278,0.38291656470246815,14__mutated,PertCortex_14_CGGTTAAGTGCTAGCC,2.5275707429311605
23279,0.27983072373500734,14__mutated,PertCortex_14_CGTAGGCGTATGAAAC,4.312041747504564
23280,0.3089890624882522,14__mutated,PertCortex_14_CGTCACTCATGTCTCC,2.2983584980049647
23281,0.14728261103309134,14__mutated,PertCortex_14_CGTCACTGTATGAATG,4.917261976829855
23282,0.2256554978783384,14__mutated,PertCortex_14_CGTCACTTCCAGGGCT,3.1430816037228793
23283,0.0979886952978153,14__mutated,PertCortex_14_CGTCAGGGTTTAGGAA,4.486130924177675
23284,0.21519786624412585,14__mutated,PertCortex_14_CGTCCATTCGTATCAG,4.107954254665082
23285,0.1342763379802173,14__mutated,PertCortex_14_CGTGAGCGTTCAGGCC,2.8373419829486113
23286,0.21300193849920784,14__mutated,PertCortex_14_CGTTAGACATCTCGCT,4.774270486889472
23287,0.3956920946633318,14__mutated,PertCortex_14_CGTTGGGAGACAATAC,2.1876349131011064
23288,0.2973159977231774,14__mutated,PertCortex_14_CGTTGGGCAGTGACAG,4.279906537408295
23289,0.05932389469330572,14__mutated,PertCortex_14_CGTTGGGTCGGGAGTA,4.156730824436924
23290,0.19145105534764584,14__mutated,PertCortex_14_CTAAGACAGTGGAGAA,4.382486239762164
23291,0.2509483129663506,14__mutated,PertCortex_14_CTAAGACCAATAGAGT,3.1844472439435796
23292,0.6256874587130219,14__mutated,PertCortex_14_CTACACCTCCTGTAGA,1.68114044638743
23293,0.10910785401436882,14__mutated,PertCortex_14_CTACACCTCGTTGACA,4.702513034609114
23294,0.3097658688817618,14__mutated,PertCortex_14_CTACCCAGTCCAAGTT,3.6590810139428585
23295,0.1207737733330893,14__mutated,PertCortex_14_CTACGTCAGTTAAGTG,4.028569314279512
23296,0.19983209683517336,14__mutated,PertCortex_14_CTAGCCTTCATTTGGG,3.5635517485994614
23297,0.03997551576399955,14__mutated,PertCortex_14_CTAGTGAAGTATTGGA,4.507457545455658
23298,0.24618267959346893,14__mutated,PertCortex_14_CTCACACAGGCAAAGA,3.850833055011659
23299,0.12870196235326373,14__mutated,PertCortex_14_CTCAGAAAGCTGAACG,4.678804378179296
23300,0.21879223818071045,14__mutated,PertCortex_14_CTCAGAAGTTCAACCA,2.4658689792568174
23301,0.15422665222011192,14__mutated,PertCortex_14_CTCATTACAAAGCGGT,4.845232806989083
23302,0.07793509580520877,14__mutated,PertCortex_14_CTCCTAGTCGAACTGT,4.898456907160319
23303,0.2145059265576027,14__mutated,PertCortex_14_CTCGAGGGTTAAGAAC,3.4111036654348657
23304,0.10950723169470895,14__mutated,PertCortex_14_CTCGTACGTTGTGGCC,3.825705419502634
23305,0.1441955230043676,14__mutated,PertCortex_14_CTCTGGTCACCAGATT,4.320142618265488
23306,0.15314611107099388,14__mutated,PertCortex_14_CTCTGGTTCGCACTCT,4.729933256949568
23307,0.2048259975536405,14__mutated,PertCortex_14_CTCTGGTTCGCGATCG,3.7505848225616005
23308,0.19840342278417744,14__mutated,PertCortex_14_CTGAAACGTCTACCTC,4.39288767605363
23309,0.09853158509520679,14__mutated,PertCortex_14_CTGAAACGTCTCTTTA,4.620453926210544
23310,0.24489688872355125,14__mutated,PertCortex_14_CTGAAGTAGGATGTAT,4.630007075277089
23311,0.23317059523449823,14__mutated,PertCortex_14_CTGAAGTCAGTTTACG,4.951179900692272
23312,0.3715569112757019,14__mutated,PertCortex_14_CTGATAGCAATGAATG,2.4036465710535624
23313,0.100128053477661,14__mutated,PertCortex_14_CTGATCCCAACAACCT,3.835091447564566
23314,0.32039823727078554,14__mutated,PertCortex_14_CTGATCCCAAGCCGTC,3.047003033987891
23315,0.13593417369065416,14__mutated,PertCortex_14_CTGCTGTTCGCCTGAG,4.48660708366139
23316,0.13414460084129043,14__mutated,PertCortex_14_CTGGTCTCATGTAGTC,4.794898924794229
23317,0.23838763768827637,14__mutated,PertCortex_14_CTGGTCTTCGGTCTAA,4.594767950566877
23318,0.3167295790468374,14__mutated,PertCortex_14_CTGTGCTTCCTGCTTG,2.120633319922858
23319,0.2279552655718387,14__mutated,PertCortex_14_CTGTTTACATGCAATC,3.2741968091906912
23320,0.31663884822260874,14__mutated,PertCortex_14_CTGTTTATCTGCGGCA,2.721173978501913
23321,0.5879782942439756,14__mutated,PertCortex_14_CTTACCGGTAGCTAAA,2.4615362837214545
23322,0.12478901274349016,14__mutated,PertCortex_14_CTTAGGACAAGTCATC,3.9974496794014893
23323,0.08091273826304045,14__mutated,PertCortex_14_CTTGGCTCATCGGACC,4.9495413706775
23324,0.12016711401393977,14__mutated,PertCortex_14_CTTTGCGAGAGTCGGT,4.185248424352007
23325,0.20529627745889273,14__mutated,PertCortex_14_CTTTGCGGTGTTTGTG,3.8840172441958276
23326,0.17733657924368923,14__mutated,PertCortex_14_CTTTGCGGTTCTGGTA,3.0737619977787296
23327,0.16397439449144682,14__mutated,PertCortex_14_GAAACTCCAGGACGTA,4.48812755981514
23328,0.13046462104968157,14__mutated,PertCortex_14_GAAACTCTCACCCGAG,4.163059685603101
23329,0.3657562593460569,14__mutated,PertCortex_14_GAAATGAGTATGAATG,1.6057865600430505
23330,0.15697608814482059,14__mutated,PertCortex_14_GAACCTATCCTTGCCA,4.598300839725426
23331,0.15940252135655988,14__mutated,PertCortex_14_GAAGCAGAGGCTAGGT,4.914939048483147
23332,0.20226848975525363,14__mutated,PertCortex_14_GAATAAGAGAAGGTTT,4.321635581191822
23333,0.22766504744842092,14__mutated,PertCortex_14_GAATAAGGTATATGGA,4.553998130186717
23334,0.18007127198194625,14__mutated,PertCortex_14_GACAGAGCACGAAACG,2.014829450787652
23335,0.16416451295695128,14__mutated,PertCortex_14_GACAGAGCACTTGGAT,1.750162372140367
23336,0.3824025313256715,14__mutated,PertCortex_14_GACCTGGCAAGTTAAG,4.420396005494102
23337,0.2232729541511321,14__mutated,PertCortex_14_GACCTGGTCTCGGACG,3.5843186205034034
23338,0.1827133614014653,14__mutated,PertCortex_14_GACGTGCCACAGGAGT,3.341496161969928
23339,0.252184939168274,14__mutated,PertCortex_14_GACGTGCCAGATGGGT,2.2268042692748287
23340,0.3390332149581064,14__mutated,PertCortex_14_GACGTTAAGGAATTAC,2.435284331592099
23341,0.07726582135589705,14__mutated,PertCortex_14_GACGTTACATCTCGCT,4.727309043123625
23342,0.0980838224434924,14__mutated,PertCortex_14_GACTACATCATGGTCA,5.102029255409368
23343,0.1498673088729674,14__mutated,PertCortex_14_GACTGCGCACGTTGGC,2.5507338945281735
23344,0.2323210350957168,14__mutated,PertCortex_14_GACTGCGTCATAAAGG,5.062977943321549
23345,0.34581508755305945,14__mutated,PertCortex_14_GAGCAGATCTTATCTG,3.0416232753993446
23346,0.10994873561953356,14__mutated,PertCortex_14_GAGGTGATCTAACCGA,3.625798969091724
23347,0.10821947390264207,14__mutated,PertCortex_14_GAGTCCGGTTCTGGTA,3.840835190905138
23348,0.1329206698049237,14__mutated,PertCortex_14_GATCAGTCAGCGATCC,4.931944860517674
23349,0.10516182141858016,14__mutated,PertCortex_14_GATCGCGAGGTGATTA,5.103036605924115
23350,0.22467532108887228,14__mutated,PertCortex_14_GATGAAAAGAAGGTTT,3.7995361234827367
23351,0.15583849034659686,14__mutated,PertCortex_14_GATGAAAAGAGTGAGA,4.914464020074535
23352,0.12163224422608832,14__mutated,PertCortex_14_GATGAAACAAACGCGA,4.534256167712678
23353,0.10945459984534288,14__mutated,PertCortex_14_GATGAAATCAAACCAC,4.041060784419976
23354,0.6741092621111545,14__mutated,PertCortex_14_GATGAGGAGGATGGAA,1.4528055653314687
23355,0.2508102238093491,14__mutated,PertCortex_14_GATGAGGCAAGTTAAG,3.396647702633547
23356,0.08731913367070933,14__mutated,PertCortex_14_GATGCTAAGACCTAGG,5.043171843847265
23357,0.5267795268341763,14__mutated,PertCortex_14_GATGCTACAAGCGAGT,2.0450258606005702
23358,0.1488671568905983,14__mutated,PertCortex_14_GATTCAGCACTCAGGC,4.937742697185646
23359,0.13633376880713927,14__mutated,PertCortex_14_GCAATCACAAATACAG,4.0164693809876395
23360,0.12635829076760874,14__mutated,PertCortex_14_GCACATAAGTAATCCC,5.453513295373261
23361,0.48930323536168596,14__mutated,PertCortex_14_GCAGCCATCCATGCTC,2.0645800822827978
23362,0.1764452973428511,14__mutated,PertCortex_14_GCAGTTACAAGTTGTC,4.618831699543642
23363,0.13319561156805088,14__mutated,PertCortex_14_GCAGTTATCTGTTTGT,4.960755314296919
23364,0.307236774097808,14__mutated,PertCortex_14_GCATGATCATTGGCGC,2.43203522959952
23365,0.17054712049235374,14__mutated,PertCortex_14_GCATGTACAACTTGAC,2.7289610315308965
23366,0.10197510021070383,14__mutated,PertCortex_14_GCCAAATAGGAGTCTG,4.24310589930271
23367,0.11619165904044913,14__mutated,PertCortex_14_GCCAAATAGTAGGTGC,3.5760278458052315
23368,0.16207784748170448,14__mutated,PertCortex_14_GCCTCTAAGAAGGGTA,2.4056961377950743
23369,0.236037748297915,14__mutated,PertCortex_14_GCGACCAAGATGGGTC,2.4839428826888326
23370,0.18847408484055178,14__mutated,PertCortex_14_GCGCAACAGCTCCTTC,3.6252026560160657
23371,0.17389340705947445,14__mutated,PertCortex_14_GCGCAACGTACGCTGC,4.073693024007437
23372,0.3104445174001792,14__mutated,PertCortex_14_GCGCAGTAGACTTTCG,1.810594849781989
23373,0.06662346011339836,14__mutated,PertCortex_14_GCGCAGTAGATGCGAC,3.5333792037666845
23374,0.2589061864085784,14__mutated,PertCortex_14_GCGCAGTGTAAACCTC,2.71982091000921
23375,0.13721769171905696,14__mutated,PertCortex_14_GCGCCAACATGACGGA,3.3869620189301433
23376,0.12359736316798409,14__mutated,PertCortex_14_GCGGGTTAGTGTTAGA,4.591355180396619
23377,0.18952467505170056,14__mutated,PertCortex_14_GCTCTGTAGATGCCAG,3.736036120770531
23378,0.0745880270547755,14__mutated,PertCortex_14_GCTCTGTGTCAAAGCG,4.6952048010646195
23379,0.1688504568898345,14__mutated,PertCortex_14_GCTCTGTGTGCACTTA,4.678381565661657
23380,0.18786782037815603,14__mutated,PertCortex_14_GCTGCAGTCCTTTCGG,4.513444875462244
23381,0.3012487033445341,14__mutated,PertCortex_14_GCTGCGACAATCCGAT,3.9689378860750724
23382,0.18343524930021363,14__mutated,PertCortex_14_GCTGCTTCATCTCGCT,4.785113437925138
23383,0.2207473372141676,14__mutated,PertCortex_14_GCTTCCAAGCTAGTTC,3.139575861627487
23384,0.22847758510598087,14__mutated,PertCortex_14_GCTTCCAGTGTTCTTT,4.943877358445552
23385,0.2578358784437924,14__mutated,PertCortex_14_GCTTGAAGTCTAGAGG,5.013726745558266
23386,0.16074504680358517,14__mutated,PertCortex_14_GGAAAGCAGCTGAAAT,3.370016967896686
23387,0.22634038168875012,14__mutated,PertCortex_14_GGAAAGCCAATGTTGC,3.4409623019434146
23388,0.4014887733127843,14__mutated,PertCortex_14_GGAACTTAGTGTGAAT,2.4759316044123363
23389,0.13643998480845995,14__mutated,PertCortex_14_GGAACTTCAAGCGCTC,4.821189136324843
23390,0.4059298359390444,14__mutated,PertCortex_14_GGAACTTGTCTAGTGT,1.8314518691003914
23391,0.19513215703193276,14__mutated,PertCortex_14_GGAATAATCAGTACGT,4.199950476663989
23392,0.4933463362887288,14__mutated,PertCortex_14_GGACAAGCAATGTAAG,1.990117093562607
23393,0.12728328317985566,14__mutated,PertCortex_14_GGACAAGCATGGTAGG,3.509194401775193
23394,0.170233635432455,14__mutated,PertCortex_14_GGACATTGTCTAAACC,5.540947676699963
23395,0.12387138971158443,14__mutated,PertCortex_14_GGACGTCAGAAGGCCT,3.458582620525268
23396,0.13628852358439292,14__mutated,PertCortex_14_GGACGTCCAAGGTGTG,3.7304794702350828
23397,0.16886414151287757,14__mutated,PertCortex_14_GGACGTCCAGTCACTA,2.3134669616353696
23398,0.3433436271040146,14__mutated,PertCortex_14_GGAGCAAAGAATGTTG,2.227195495678938
23399,0.20710364903778672,14__mutated,PertCortex_14_GGAGCAATCTTGTTTG,4.610162658040435
23400,0.22723267209544892,14__mutated,PertCortex_14_GGATTACAGTTTCCTT,2.4470855530790083
23401,0.1639378685075081,14__mutated,PertCortex_14_GGCAATTGTACTTAGC,3.2893742029195954
23402,0.26474652546908023,14__mutated,PertCortex_14_GGCGACTAGCAAATCA,2.688345353382687
23403,0.18880249801618618,14__mutated,PertCortex_14_GGCGACTGTAAGGGAA,4.50611409081941
23404,0.14265269693028754,14__mutated,PertCortex_14_GGCGTGTTCCAAACAC,4.528027045431571
23405,0.3784254779601454,14__mutated,PertCortex_14_GGCGTGTTCTGCGTAA,1.8065184468748596
23406,0.12808336336499698,14__mutated,PertCortex_14_GGCTGGTAGTGTACTC,4.820964381004542
23407,0.3183874654073484,14__mutated,PertCortex_14_GGCTGGTGTGACGCCT,2.4336479900013264
23408,0.08648087508312474,14__mutated,PertCortex_14_GGGACCTGTTAAGGGC,4.466587377082902
23409,0.08406231733973792,14__mutated,PertCortex_14_GGGAGATCATACCATG,4.096711498637507
23410,0.13025711092856365,14__mutated,PertCortex_14_GGGCATCCACTTAACG,4.779805547812592
23411,0.2448015885732502,14__mutated,PertCortex_14_GGGTCTGGTTATGTGC,3.18894505751185
23412,0.12540837550955256,14__mutated,PertCortex_14_GGGTCTGTCCTAAGTG,5.288462204784874
23413,0.13453745616920246,14__mutated,PertCortex_14_GGGTTGCGTTGGACCC,3.459225045441909
23414,0.12387465621935637,14__mutated,PertCortex_14_GGTGTTATCTTACCTA,4.8102769968617665
23415,0.2869219787720877,14__mutated,PertCortex_14_GTAACGTCATTCGACA,3.418757880204058
23416,0.13559302562491443,14__mutated,PertCortex_14_GTAACTGAGCGTTGCC,4.814793065668584
23417,0.15123175262645228,14__mutated,PertCortex_14_GTACGTAGTTCCACGG,4.829065697882881
23418,0.1331897875035771,14__mutated,PertCortex_14_GTACTTTCATCAGTAC,4.98406347979282
23419,0.15225878642502297,14__mutated,PertCortex_14_GTACTTTTCTGCGTAA,4.884976810375301
23420,0.3718868082806441,14__mutated,PertCortex_14_GTAGGCCCAAGGGTCA,2.1055567869950593
23421,0.35870336357413785,14__mutated,PertCortex_14_GTAGTCAAGGATTCGG,0.8189578759666643
23422,0.18386774596225705,14__mutated,PertCortex_14_GTAGTCACAAACAACA,4.356685133142739
23423,0.09409165933304299,14__mutated,PertCortex_14_GTAGTCACACCCTATC,3.9624446103297357
23424,0.1756583766151444,14__mutated,PertCortex_14_GTATCTTTCTACCAGA,4.534723470835742
23425,0.2297864199522681,14__mutated,PertCortex_14_GTCAAGTGTAGCGCTC,3.9094849312524556
23426,0.1377255379267195,14__mutated,PertCortex_14_GTCACAAAGAACTGTA,4.806668025233448
23427,0.13566962497655155,14__mutated,PertCortex_14_GTCACAAGTATAGGGC,4.855261761698413
23428,0.09441619682325703,14__mutated,PertCortex_14_GTCCTCAAGTCTCCTC,4.337661663258463
23429,0.4250674588771102,14__mutated,PertCortex_14_GTCGGGTCAGTGACAG,3.4513916908655102
23430,0.16270493793794757,14__mutated,PertCortex_14_GTCTCGTAGGACGAAA,3.4742910506083935
23431,0.38493150553060507,14__mutated,PertCortex_14_GTCTCGTCAGCCAATT,2.281660488646022
23432,0.14148353196008498,14__mutated,PertCortex_14_GTGCAGCCACGTCAGC,3.638439915196481
23433,0.1303329133615351,14__mutated,PertCortex_14_GTGCATATCCCTCTTT,2.9854744965808813
23434,0.15101316741006512,14__mutated,PertCortex_14_GTGCATATCGCTTGTC,4.2380439831349985
23435,0.1143031299490494,14__mutated,PertCortex_14_GTGCGGTAGGGAAACA,5.19003523888717
23436,0.4509800001310775,14__mutated,PertCortex_14_GTGCTTCTCTAGAGTC,3.1974374500438336
23437,0.18571004514767667,14__mutated,PertCortex_14_GTGGGTCGTGAGGGAG,4.315763918447676
23438,0.3510755072217442,14__mutated,PertCortex_14_GTGGGTCTCCGTCATC,2.4784314672782664
23439,0.19326374825849962,14__mutated,PertCortex_14_GTTACAGAGCCGTCGT,4.364460202782287
23440,0.1873914776997017,14__mutated,PertCortex_14_GTTCATTTCTTCATGT,5.118031931913123
23441,0.11246067670812251,14__mutated,PertCortex_14_GTTTCTAAGTACGCGA,4.55401116747361
23442,0.42047418117193575,14__mutated,PertCortex_14_TAAACCGCAATGGATA,4.30164302855289
23443,0.1521428699722469,14__mutated,PertCortex_14_TAAACCGCATGCTAGT,4.6786564539116835
23444,0.3424035983027165,14__mutated,PertCortex_14_TAAGAGATCCAAAGTC,2.786926461198206
23445,0.22802352359001402,14__mutated,PertCortex_14_TAAGCGTGTGTTGAGG,4.140274789573202
23446,0.13097987613698958,14__mutated,PertCortex_14_TACACGAAGGCACATG,4.908767077702091
23447,0.09174382657275695,14__mutated,PertCortex_14_TACACGATCATGCTCC,3.733546297426485
23448,0.2128865377852034,14__mutated,PertCortex_14_TACAGTGTCAGAGCTT,4.329101303190732
23449,0.5590937683485049,14__mutated,PertCortex_14_TACCTATAGATGCCAG,1.7833660515787777
23450,0.19224937077314957,14__mutated,PertCortex_14_TACCTATCACGTGAGA,2.8872197964455317
23451,0.29598769664623464,14__mutated,PertCortex_14_TACGGGCTCTGTCCGT,1.9288163910336644
23452,0.2646838171919133,14__mutated,PertCortex_14_TACGGTAAGCGATATA,2.4191803679953465
23453,0.11376190739569834,14__mutated,PertCortex_14_TACGGTAGTTGTGGAG,3.511942511630303
23454,0.24686382334969947,14__mutated,PertCortex_14_TACGGTATCGTATCAG,5.260548161879188
23455,0.19233512091045493,14__mutated,PertCortex_14_TACGGTATCTCTGCTG,4.407792253550567
23456,0.231037696968602,14__mutated,PertCortex_14_TACTCATCAGCGTTCG,3.8184136855362207
23457,0.1334139418554025,14__mutated,PertCortex_14_TACTCGCAGCCTATGT,4.931398103414759
23458,0.13232477364572065,14__mutated,PertCortex_14_TACTTACTCTGTCAAG,4.006716805533828
23459,0.148626024205146,14__mutated,PertCortex_14_TACTTGTTCTCGGACG,4.664749013833878
23460,0.1048413860206848,14__mutated,PertCortex_14_TAGAGCTGTCGAATCT,4.217318705221961
23461,0.20751291298526076,14__mutated,PertCortex_14_TAGCCGGAGTGGAGAA,2.845395872744639
23462,0.14874040102995478,14__mutated,PertCortex_14_TAGCCGGCATTGGGCC,3.456386960319091
23463,0.20308151588420095,14__mutated,PertCortex_14_TAGGCATGTAAGGGAA,4.485039075595591
23464,0.15079886360642014,14__mutated,PertCortex_14_TAGTGGTTCTCGGACG,4.6599679528415345
23465,0.0942649994203659,14__mutated,PertCortex_14_TAGTTGGCAAAGGCGT,3.9438462111157384
23466,0.17526244742389124,14__mutated,PertCortex_14_TAGTTGGTCCGTTGCT,4.264501033444481
23467,0.1361476221966362,14__mutated,PertCortex_14_TATCAGGCATGCAATC,4.577845443474001
23468,0.23527202172166292,14__mutated,PertCortex_14_TATCTCAAGCCCAATT,4.551862003169965
23469,0.2785441968098847,14__mutated,PertCortex_14_TATCTCACAAGAGGCT,3.382691652653429
23470,0.2172648874108277,14__mutated,PertCortex_14_TATCTCAGTATAGTAG,3.8547302535837726
23471,0.2913746761505342,14__mutated,PertCortex_14_TATCTCATCCAAACTG,4.8029116328035135
23472,0.38525045586140155,14__mutated,PertCortex_14_TATGCCCAGATGTTAG,2.6018025596261976
23473,0.4382254220661076,14__mutated,PertCortex_14_TATTACCAGAAGGACA,2.385424589189735
23474,0.18266432305248048,14__mutated,PertCortex_14_TCAACGACAACTGCGC,3.7622057394239756
23475,0.08166159375850057,14__mutated,PertCortex_14_TCAACGACAGGTCTCG,5.0268597384870075
23476,0.37155266294949235,14__mutated,PertCortex_14_TCAACGAGTCGTCTTC,3.782151297968628
23477,0.16673155430732556,14__mutated,PertCortex_14_TCAACGATCTGCGGCA,4.642078735085954
23478,0.24222534258846248,14__mutated,PertCortex_14_TCACGAACAGCGTAAG,3.5048717174542463
23479,0.08458494670189842,14__mutated,PertCortex_14_TCACGAAGTCTAAAGA,4.5042505277364855
23480,0.1903936289578104,14__mutated,PertCortex_14_TCAGCAAAGCTAACTC,2.2251884753088134
23481,0.3786618271744144,14__mutated,PertCortex_14_TCAGCAAGTGCCTGTG,1.8485849570082877
23482,0.3293582613240552,14__mutated,PertCortex_14_TCAGCTCTCTACGAGT,2.477918462215631
23483,0.2717222213442866,14__mutated,PertCortex_14_TCAGGATTCATCGCTC,3.0652056463314437
23484,0.16803677746491277,14__mutated,PertCortex_14_TCATTTGGTCTTCTCG,4.693524562118024
23485,0.1770734577927393,14__mutated,PertCortex_14_TCCACACCATTCCTCG,4.8367649264643635
23486,0.4829767634332933,14__mutated,PertCortex_14_TCCACACTCGCACTCT,2.005491049903786
23487,0.06640572948396671,14__mutated,PertCortex_14_TCCCGATCAGAAGCAC,4.036975434592589
23488,0.13573757875867978,14__mutated,PertCortex_14_TCGCGTTAGTGTACGG,3.915247398727093
23489,0.12664626978639326,14__mutated,PertCortex_14_TCGCGTTGTCCAAGTT,4.232725835884038
23490,0.41725703297598965,14__mutated,PertCortex_14_TCGCGTTTCTTCGGTC,4.318657022241391
23491,0.3003203086601452,14__mutated,PertCortex_14_TCGGGACTCATTCACT,4.481875057392936
23492,0.2896146349511745,14__mutated,PertCortex_14_TCGTAGACACCGGAAA,3.837173825714918
23493,0.1199867152810539,14__mutated,PertCortex_14_TCTCATAGTACGACCC,4.670016122821653
23494,0.18026207722403376,14__mutated,PertCortex_14_TCTCTAAAGGATTCGG,4.226727142119303
23495,0.22810992397532884,14__mutated,PertCortex_14_TCTGAGACAACACCTA,2.061586342789579
23496,0.24802331540702746,14__mutated,PertCortex_14_TCTGGAAGTATTAGCC,2.1578237271602148
23497,0.3351526971487309,14__mutated,PertCortex_14_TCTGGAATCTCTGCTG,2.5691175396589787
23498,0.18979325346537984,14__mutated,PertCortex_14_TCTTTCCAGAAGATTC,4.672736079184435
23499,0.1951681464270829,14__mutated,PertCortex_14_TGACAACGTACTCGCG,2.8639592643070544
23500,0.2501784092522798,14__mutated,PertCortex_14_TGACGGCAGCTTCGCG,3.1787964552015606
23501,0.20044012533357045,14__mutated,PertCortex_14_TGACTAGCAGCCACCA,3.0622202342462614
23502,0.35349654972997857,14__mutated,PertCortex_14_TGACTAGTCTCGTTTA,2.3308051095298277
23503,0.22524872744571095,14__mutated,PertCortex_14_TGACTTTGTCAGAAGC,3.2958676826648996
23504,0.13774891481286264,14__mutated,PertCortex_14_TGACTTTGTGATGCCC,3.809104845923491
23505,0.13592140984941317,14__mutated,PertCortex_14_TGAGAGGGTTAAGGGC,4.432213500436706
23506,0.1681855910000987,14__mutated,PertCortex_14_TGAGCATCAAATACAG,4.323331017145056
23507,0.5935602795762246,14__mutated,PertCortex_14_TGAGCATCAATGGAGC,1.6646052998467962
23508,0.36660874469359805,14__mutated,PertCortex_14_TGAGCATTCCAGATCA,4.500230293632999
23509,0.1530915058958729,14__mutated,PertCortex_14_TGAGGGAGTATCGCAT,5.25879827253194
23510,0.13380665931914248,14__mutated,PertCortex_14_TGATTTCTCGAATCCA,4.666615605577092
23511,0.10412317833428406,14__mutated,PertCortex_14_TGATTTCTCTCGGACG,3.7558865951749527
23512,0.0899354979102365,14__mutated,PertCortex_14_TGCCCTAGTCTCTCGT,3.6778966481481623
23513,0.11062131371512868,14__mutated,PertCortex_14_TGCGGGTTCCGAAGAG,4.689367978547665
23514,0.2910149357712077,14__mutated,PertCortex_14_TGCGTGGTCGAGGTAG,2.8384181569399174
23515,0.08045186413732824,14__mutated,PertCortex_14_TGGACGCAGAGGGCTT,2.7816839565143647
23516,0.3023854101088466,14__mutated,PertCortex_14_TGGCTGGCAGCTCCGA,1.9893660318363202
23517,0.1959735550754439,14__mutated,PertCortex_14_TGTATTCAGTAATCCC,3.8152529722744593
23518,0.24674625938519953,14__mutated,PertCortex_14_TGTATTCTCATGTGGT,4.521017875766089
23519,0.14467172906778483,14__mutated,PertCortex_14_TGTCCCACATCACGAT,3.8231500575843946
23520,0.24660150385032675,14__mutated,PertCortex_14_TGTCCCATCCGCAGTG,3.7764479867540492
23521,0.10358855983821907,14__mutated,PertCortex_14_TGTGGTAGTGCAGACA,5.303486824288431
23522,0.15701500838600954,14__mutated,PertCortex_14_TGTGGTATCTCGATGA,3.4999795411332304
23523,0.0946514616564911,14__mutated,PertCortex_14_TGTGTTTAGGGCACTA,5.248959110938698
23524,0.14509663051722088,14__mutated,PertCortex_14_TGTGTTTCAATAGAGT,4.753040071258985
23525,0.17914672877985816,14__mutated,PertCortex_14_TTAACTCCAAGTACCT,4.203127676113166
23526,0.13807334293673942,14__mutated,PertCortex_14_TTAGGCAGTACTCGCG,3.38973268496667
23527,0.43287846609731917,14__mutated,PertCortex_14_TTATGCTCAACGATCT,2.344328182846034
23528,0.09668207149472033,14__mutated,PertCortex_14_TTATGCTTCCCAACGG,5.223779493286982
23529,0.18632279231104917,14__mutated,PertCortex_14_TTCCCAGCAATCTGCA,3.2034616838901604
23530,0.3391838262234239,14__mutated,PertCortex_14_TTCCCAGGTCTAAACC,3.5423054282085484
23531,0.5005808369083191,14__mutated,PertCortex_14_TTCTCCTAGCCATCGC,2.131749670597089
23532,0.18368691180297267,14__mutated,PertCortex_14_TTCTTAGTCGCCTGTT,3.3984478221469843
23533,0.15200228547090852,14__mutated,PertCortex_14_TTGAACGCAATGGATA,4.845799596922711
23534,0.20542748910714004,14__mutated,PertCortex_14_TTGACTTCAAATACAG,4.653304455860642
23535,0.11963459947856422,14__mutated,PertCortex_14_TTGACTTGTACAGACG,5.097512619437197
23536,0.10032962570404577,14__mutated,PertCortex_14_TTGCGTCGTCTTCTCG,4.82988740109223
23537,0.13198735338255937,14__mutated,PertCortex_14_TTGGAACAGTGGAGTC,5.2113707808460745
23538,0.13850391216072863,14__mutated,PertCortex_14_TTGTAGGCAGCCTTGG,4.66194252864059
23539,0.19602391327161117,14__mutated,PertCortex_14_TTGTAGGGTTCCGTCT,3.561880275169703
23540,0.1879396775250864,14__mutated,PertCortex_14_TTTACTGTCATAGCAC,3.8777790119971507
23541,0.286293967204757,14__mutated,PertCortex_14_TTTATGCAGAGGTTGC,4.660918091815798
23542,0.17655032052131678,14__mutated,PertCortex_14_TTTCCTCGTTTGTTTC,4.436253934005859
23543,0.18190777407779307,14__mutated,PertCortex_14_TTTCCTCTCAGTCCCT,3.1143270099922216
23544,0.4614617508434661,14__mutated,PertCortex_14_TTTGCGCCAAACGCGA,2.26494670998385
23545,0.28007371720487634,14__mutated,PertCortex_14_TTTGCGCCACTGTTAG,3.253953706703348
23546,0.29123065846520446,14__mutated,PertCortex_14_TTTGCGCGTCTGCCAG,4.382774079465247
23547,0.17566546774914937,14__mutated,PertCortex_14_TTTGCGCTCTCGGACG,4.440928796350752
23548,0.13178041499264093,14__mutated,PertCortex_14_TTTGTCAAGCCAGTTT,4.469528494338758
23549,0.28992957410996434,14__mutated,PertCortex_14_TTTGTCACAAGTAATG,4.465087192090075
23550,0.1656235482973534,14__mutated,PertCortex_14_TTTGTCACAGGACGTA,4.298114451476286
23551,0.14098405189763993,15__mutated,PertCortex_15_AAACCTGCAAATCCGT,4.791960418789015
23552,0.1628266478895366,15__mutated,PertCortex_15_AAACCTGCACCAGTTA,2.8159438026896404
23553,0.16134837167319394,15__mutated,PertCortex_15_AAACCTGCACTTCTGC,3.592865586939788
23554,0.1205791607001963,15__mutated,PertCortex_15_AAACCTGCAGTCGTGC,3.8099042119706197
23555,0.13173475987900796,15__mutated,PertCortex_15_AAACCTGGTTCTGGTA,3.1221215065376517
23556,0.12050435833593258,15__mutated,PertCortex_15_AAACCTGTCCCGGATG,4.56699287110693
23557,0.13024925338099916,15__mutated,PertCortex_15_AAACGGGAGATGTGTA,4.0457924066233915
23558,0.1103511049645754,15__mutated,PertCortex_15_AAACGGGAGTCCGGTC,4.1729586774619465
23559,0.3786003721966043,15__mutated,PertCortex_15_AAACGGGAGTGCCAGA,1.8200036178983112
23560,0.14856862369845664,15__mutated,PertCortex_15_AAACGGGAGTGGGCTA,2.6920022990096144
23561,0.278419801629756,15__mutated,PertCortex_15_AAACGGGGTACTCAAC,3.438558230037545
23562,0.2857124566120247,15__mutated,PertCortex_15_AAACGGGGTGCTAGCC,3.856773046678465
23563,0.11836294834760558,15__mutated,PertCortex_15_AAACGGGGTTCGTGAT,4.584095093367558
23564,0.21487701292550315,15__mutated,PertCortex_15_AAACGGGTCATGTCCC,4.700058471760854
23565,0.1835730778843722,15__mutated,PertCortex_15_AAAGATGAGCTCTCGG,4.842609809821204
23566,0.16517852174310824,15__mutated,PertCortex_15_AAAGATGAGTGATCGG,2.851931311023809
23567,0.15958520521228273,15__mutated,PertCortex_15_AAAGATGCATACTACG,2.312607528223253
23568,0.24162584143755478,15__mutated,PertCortex_15_AAAGATGCATCAGTCA,4.142057031753411
23569,0.1548348060708558,15__mutated,PertCortex_15_AAAGATGGTTACGTCA,3.3514416144218666
23570,0.1473142740131399,15__mutated,PertCortex_15_AAAGATGTCCCAGGTG,3.6010175859134326
23571,0.10422269650131984,15__mutated,PertCortex_15_AAAGCAAAGAAGATTC,3.2929382679970094
23572,0.39795899236916976,15__mutated,PertCortex_15_AAAGCAAAGATGCGAC,3.2436253008900415
23573,0.18301353920361293,15__mutated,PertCortex_15_AAAGCAAAGCCCTAAT,3.2689595311622917
23574,0.1480396800322794,15__mutated,PertCortex_15_AAAGCAAAGCGATATA,4.397864607910906
23575,0.12918108286325394,15__mutated,PertCortex_15_AAAGCAAAGGGCTTCC,4.554921784264807
23576,0.15720474389919967,15__mutated,PertCortex_15_AAAGCAACACCGAAAG,3.7291893793140325
23577,0.10514027216920449,15__mutated,PertCortex_15_AAAGCAACAGGATCGA,4.094512516020297
23578,0.1550458799151536,15__mutated,PertCortex_15_AAAGCAACAGTATAAG,3.3194178374881496
23579,0.28699323045728703,15__mutated,PertCortex_15_AAAGCAACATTCACTT,4.418626412158447
23580,0.14418915838430524,15__mutated,PertCortex_15_AAAGCAAGTGCAGGTA,3.5041284673943047
23581,0.2094791072618851,15__mutated,PertCortex_15_AAAGCAAGTTTAAGCC,3.8947236790785817
23582,0.32397877426719685,15__mutated,PertCortex_15_AAAGCAATCGGCTACG,3.4269343297670347
23583,0.17970481424930512,15__mutated,PertCortex_15_AAAGTAGAGAGATGAG,5.216240631298931
23584,0.2230853448275312,15__mutated,PertCortex_15_AAAGTAGCAAGGACTG,4.379086079148495
23585,0.11380497861639904,15__mutated,PertCortex_15_AAAGTAGCACGAGAGT,4.416678725256024
23586,0.06240909774833124,15__mutated,PertCortex_15_AAAGTAGGTCATGCCG,4.9010521234729145
23587,0.12240887462996482,15__mutated,PertCortex_15_AAAGTAGGTCTCTCGT,1.8393115264861335
23588,0.2546275991782555,15__mutated,PertCortex_15_AAAGTAGGTTCGTCTC,4.600471517760577
23589,0.5053645362681665,15__mutated,PertCortex_15_AAAGTAGTCCGGCACA,3.2182166452805596
23590,0.1841886904147426,15__mutated,PertCortex_15_AAATGCCAGACTTGAA,4.960792190579786
23591,0.104440508712172,15__mutated,PertCortex_15_AAATGCCAGATCCGAG,3.6774032430018133
23592,0.10197130921325508,15__mutated,PertCortex_15_AAATGCCGTCGTTGTA,4.164187102880749
23593,0.24052744638261375,15__mutated,PertCortex_15_AAATGCCTCATCGCTC,3.735005903134571
23594,0.08044228583204494,15__mutated,PertCortex_15_AAATGCCTCTTGAGAC,4.911163468141382
23595,0.6403814228269998,15__mutated,PertCortex_15_AACACGTAGATATGCA,1.8647916063805483
23596,0.12145505776033372,15__mutated,PertCortex_15_AACACGTAGATGCGAC,3.125956323067393
23597,0.144613137515139,15__mutated,PertCortex_15_AACACGTAGCATCATC,2.352655891189625
23598,0.12489892118124894,15__mutated,PertCortex_15_AACACGTCAGGACCCT,4.551026938597588
23599,0.17404226899738373,15__mutated,PertCortex_15_AACACGTCAGTACACT,2.763952373504093
23600,0.2844372833133012,15__mutated,PertCortex_15_AACACGTGTATAGGGC,2.7009521077815295
23601,0.18688497367467394,15__mutated,PertCortex_15_AACACGTTCCAAAGTC,3.0923871066470174
23602,0.10889025239079446,15__mutated,PertCortex_15_AACACGTTCTGGCGTG,4.098175274915433
23603,0.16943631132281387,15__mutated,PertCortex_15_AACCATGAGACAGGCT,3.5925111337647775
23604,0.368312581135456,15__mutated,PertCortex_15_AACCATGCAAGGTTTC,4.193475419136498
23605,0.08393498092247048,15__mutated,PertCortex_15_AACCATGGTCGAACAG,2.380988268118523
23606,0.18739433983452805,15__mutated,PertCortex_15_AACCATGGTTTGCATG,3.541945636550784
23607,0.10578722255045041,15__mutated,PertCortex_15_AACCATGTCAACCATG,3.9504907405104728
23608,0.15210306300997165,15__mutated,PertCortex_15_AACCGCGCATGCCCGA,3.664769664415979
23609,0.1278144355121738,15__mutated,PertCortex_15_AACGTTGCACCACGTG,3.109728314029889
23610,0.15652306362458746,15__mutated,PertCortex_15_AACGTTGCATCGATGT,3.955833444470179
23611,0.1435595264131601,15__mutated,PertCortex_15_AACGTTGGTATGAATG,4.990617388085566
23612,0.3962454135614636,15__mutated,PertCortex_15_AACGTTGGTCATCCCT,4.113112857894121
23613,0.21233381752751448,15__mutated,PertCortex_15_AACGTTGGTTTGACAC,3.385405841064084
23614,0.11219777668057758,15__mutated,PertCortex_15_AACGTTGTCATCACCC,4.4998381377387435
23615,0.1280482131314544,15__mutated,PertCortex_15_AACGTTGTCATTATCC,3.871476524499968
23616,0.13560097810990113,15__mutated,PertCortex_15_AACGTTGTCCTTTCGG,4.881579434618408
23617,0.13822772660787755,15__mutated,PertCortex_15_AACGTTGTCGCGATCG,5.678180430723212
23618,0.2324282819337047,15__mutated,PertCortex_15_AACGTTGTCGGCTACG,3.36767151740395
23619,0.13139525349667983,15__mutated,PertCortex_15_AACGTTGTCTTCAACT,3.164130479409142
23620,0.2152131027300015,15__mutated,PertCortex_15_AACTCAGCAAAGAATC,3.0199782746095143
23621,0.19545113598469308,15__mutated,PertCortex_15_AACTCAGCAAAGCAAT,4.996471024228304
23622,0.28088592509212845,15__mutated,PertCortex_15_AACTCAGGTAGTACCT,2.665879474988253
23623,0.09202667475232619,15__mutated,PertCortex_15_AACTCAGTCCGAATGT,5.075043108834021
23624,0.49519861873552107,15__mutated,PertCortex_15_AACTCCCAGAGTACCG,2.5779858155979305
23625,0.3436193033088352,15__mutated,PertCortex_15_AACTCCCCACGTTGGC,3.2611440317537266
23626,0.09558047787137196,15__mutated,PertCortex_15_AACTCTTCACCGATAT,3.937365675682747
23627,0.22219899590495576,15__mutated,PertCortex_15_AACTCTTGTGATAAGT,3.411711142881238
23628,0.2631128534009898,15__mutated,PertCortex_15_AACTCTTGTGCTAGCC,3.46564023845144
23629,0.14221992183017654,15__mutated,PertCortex_15_AACTCTTTCCAAGCCG,5.83925701530792
23630,0.14595073974149173,15__mutated,PertCortex_15_AACTGGTGTAAGTGTA,4.6794322054291335
23631,0.19352917954117832,15__mutated,PertCortex_15_AACTGGTGTACACCGC,3.7864015187491393
23632,0.24117457894719851,15__mutated,PertCortex_15_AACTGGTGTAGTACCT,4.89861497110631
23633,0.18578119029201323,15__mutated,PertCortex_15_AACTTTCAGCCACTAT,4.728558826732378
23634,0.18756829232759537,15__mutated,PertCortex_15_AACTTTCAGCTGAAAT,3.7329733572556814
23635,0.40130087305030626,15__mutated,PertCortex_15_AACTTTCAGGACCACA,3.563047237480048
23636,0.4674236057176815,15__mutated,PertCortex_15_AACTTTCAGGCCCGTT,3.4083239859406333
23637,0.09309964537990015,15__mutated,PertCortex_15_AACTTTCCACGGATAG,4.129478160351732
23638,0.17951917460721975,15__mutated,PertCortex_15_AACTTTCCACGGCGTT,5.205870342969773
23639,0.1797499500623656,15__mutated,PertCortex_15_AACTTTCCAGCCACCA,3.3558154666151943
23640,0.12153320494138034,15__mutated,PertCortex_15_AACTTTCGTACCCAAT,4.044223122880222
23641,0.12700399309378382,15__mutated,PertCortex_15_AACTTTCTCAACGCTA,5.200586698270857
23642,0.20289595187604306,15__mutated,PertCortex_15_AACTTTCTCACTTACT,3.776094187427988
23643,0.1993187760396685,15__mutated,PertCortex_15_AACTTTCTCGTAGATC,3.110437112243156
23644,0.17046984431614537,15__mutated,PertCortex_15_AACTTTCTCTTCCTTC,5.650946114128878
23645,0.21155957123811242,15__mutated,PertCortex_15_AAGACCTAGTTACGGG,3.7462098098637506
23646,0.20055228243416426,15__mutated,PertCortex_15_AAGACCTCACAAGCCC,2.902145751435959
23647,0.1873827950016488,15__mutated,PertCortex_15_AAGACCTGTCCGAGTC,3.808949394165574
23648,0.1476762953352618,15__mutated,PertCortex_15_AAGACCTTCCCAAGAT,4.596556749369867
23649,0.44892188540923766,15__mutated,PertCortex_15_AAGACCTTCGAACTGT,2.834191651685795
23650,0.11970539607069573,15__mutated,PertCortex_15_AAGACCTTCGCGGATC,3.5997712693184605
23651,0.18052902002617874,15__mutated,PertCortex_15_AAGACCTTCTCCTATA,3.8520904769231654
23652,0.12589628884989343,15__mutated,PertCortex_15_AAGCCGCAGAATTGTG,5.114263746970479
23653,0.5537806610328141,15__mutated,PertCortex_15_AAGCCGCAGCACCGTC,2.1411688464088576
23654,0.1115803236651369,15__mutated,PertCortex_15_AAGCCGCAGGTGCTTT,3.735925365163547
23655,0.2483139191089609,15__mutated,PertCortex_15_AAGCCGCCAAATCCGT,4.516631362520616
23656,0.18649781312158822,15__mutated,PertCortex_15_AAGCCGCCAGGTCTCG,3.804840514314183
23657,0.32527282834424237,15__mutated,PertCortex_15_AAGCCGCGTGTTCGAT,4.922287250406154
23658,0.1629349750608718,15__mutated,PertCortex_15_AAGCCGCTCCCTTGCA,2.6383965835533885
23659,0.13074002509054847,15__mutated,PertCortex_15_AAGGAGCCAATGAATG,5.010874788911953
23660,0.28745447785185696,15__mutated,PertCortex_15_AAGGAGCCACGAGGTA,3.1703626316145375
23661,0.08902717431816337,15__mutated,PertCortex_15_AAGGAGCGTCTAGCGC,3.7319952207298495
23662,0.545521813720304,15__mutated,PertCortex_15_AAGGAGCGTTTGGGCC,2.343034915417572
23663,0.21347035009925525,15__mutated,PertCortex_15_AAGGCAGCAGGCTGAA,2.342412169360995
23664,0.3177311626239353,15__mutated,PertCortex_15_AAGGCAGCATTAGGCT,3.7104169718062425
23665,0.28425560525876375,15__mutated,PertCortex_15_AAGGCAGCATTTGCTT,2.8215162759814816
23666,0.2369115053199997,15__mutated,PertCortex_15_AAGGCAGGTCTTTCAT,2.3859578664232752
23667,0.05275198286212138,15__mutated,PertCortex_15_AAGGCAGGTGCACCAC,2.6269671963960337
23668,0.16855329250202516,15__mutated,PertCortex_15_AAGGCAGTCATGGTCA,5.330231362622342
23669,0.15370333335759967,15__mutated,PertCortex_15_AAGGCAGTCGAGAGCA,4.696252418567917
23670,0.09798861609334925,15__mutated,PertCortex_15_AAGGCAGTCTAGAGTC,2.7341563943322233
23671,0.11766653174343769,15__mutated,PertCortex_15_AAGGTTCAGTATTGGA,3.5353657312055247
23672,0.20030567350197903,15__mutated,PertCortex_15_AAGGTTCCATGAGCGA,3.4922745810924587
23673,0.22720090003375262,15__mutated,PertCortex_15_AAGTCTGCACTGAAGG,3.304043438727974
23674,0.35159224705543707,15__mutated,PertCortex_15_AAGTCTGCAGAAGCAC,2.9632521536144587
23675,0.08283241711781744,15__mutated,PertCortex_15_AATCCAGAGCTAGTTC,4.143712638509613
23676,0.2763225964264166,15__mutated,PertCortex_15_AATCCAGAGGCGATAC,2.769535102722385
23677,0.17999770986825525,15__mutated,PertCortex_15_AATCCAGGTACAAGTA,3.023296217687681
23678,0.255770527359313,15__mutated,PertCortex_15_AATCCAGGTGACGGTA,3.232723125774753
23679,0.1539411070769813,15__mutated,PertCortex_15_AATCCAGGTGATAAAC,3.1752702323297637
23680,0.20206014221419819,15__mutated,PertCortex_15_AATCCAGTCAGAGACG,4.447957484295146
23681,0.23930154031995243,15__mutated,PertCortex_15_AATCCAGTCATTCACT,4.866416280982772
23682,0.15571317441456467,15__mutated,PertCortex_15_AATCGGTAGAGGTTAT,4.761265985524507
23683,0.26950355978314006,15__mutated,PertCortex_15_AATCGGTAGGCAGGTT,2.5088347053092033
23684,0.09175665897186128,15__mutated,PertCortex_15_AATCGGTAGTGATCGG,3.502826530228291
23685,0.17080957856225934,15__mutated,PertCortex_15_AATCGGTCAGATTGCT,4.980298001459868
23686,0.18907235791575588,15__mutated,PertCortex_15_AATCGGTCATAGAAAC,3.6653758781991526
23687,0.25146188326101354,15__mutated,PertCortex_15_AATCGGTCATATGCTG,2.7854743104290653
23688,0.19058404599825837,15__mutated,PertCortex_15_ACACCAAAGCTAACAA,4.630657176893038
23689,0.19986105934641332,15__mutated,PertCortex_15_ACACCAACACCGGAAA,1.4672023135548984
23690,0.1645478618959832,15__mutated,PertCortex_15_ACACCCTAGCGTAGTG,4.5228745924773905
23691,0.5754446144644371,15__mutated,PertCortex_15_ACACCCTAGCTGCAAG,2.7337928079477964
23692,0.03276883039806372,15__mutated,PertCortex_15_ACACCCTCAGCTCGCA,2.8650093710878872
23693,0.1491808593099337,15__mutated,PertCortex_15_ACACCCTGTCAGGACA,4.707796003640698
23694,0.1123915535673648,15__mutated,PertCortex_15_ACACCCTTCACATAGC,4.722337137022661
23695,0.1755867839890058,15__mutated,PertCortex_15_ACACCGGCACGTGAGA,3.817137168364102
23696,0.13970106578214894,15__mutated,PertCortex_15_ACACCGGCATCCTTGC,2.9782120654952933
23697,0.2713405971857088,15__mutated,PertCortex_15_ACACCGGGTATTAGCC,3.217296248832038
23698,0.1763985524560274,15__mutated,PertCortex_15_ACACCGGGTGCCTGCA,4.077088052071719
23699,0.6657921031535915,15__mutated,PertCortex_15_ACACTGAAGGGTCGAT,2.3461751349869626
23700,0.13218013463570752,15__mutated,PertCortex_15_ACACTGAAGTCATGCT,4.869044872687
23701,0.5386625441158591,15__mutated,PertCortex_15_ACACTGACACAACGCC,2.0666657072661727
23702,0.15418602627386505,15__mutated,PertCortex_15_ACACTGACACAACTGT,4.74748027390605
23703,0.1544201956035496,15__mutated,PertCortex_15_ACACTGACACGAGGTA,4.638842451071538
23704,0.22935208718228034,15__mutated,PertCortex_15_ACACTGATCCGGCACA,3.365855167177234
23705,0.08005794850549491,15__mutated,PertCortex_15_ACACTGATCGGCATCG,2.9702448489554993
23706,0.3677593286870731,15__mutated,PertCortex_15_ACAGCCGAGAAACCAT,1.6870943759633814
23707,0.06898002705882786,15__mutated,PertCortex_15_ACAGCCGAGACTTTCG,4.047642223516192
23708,0.1509510868836551,15__mutated,PertCortex_15_ACAGCCGAGAGCAATT,3.928373286236044
23709,0.26171591773002606,15__mutated,PertCortex_15_ACAGCCGAGCCAGGAT,3.306160215893581
23710,0.10539683158981249,15__mutated,PertCortex_15_ACAGCCGAGCGTCTAT,3.3661246400813716
23711,0.10135768976707082,15__mutated,PertCortex_15_ACAGCCGCACGACTCG,3.2754489351888716
23712,0.1346448405706594,15__mutated,PertCortex_15_ACAGCCGGTAAATACG,4.637990705310204
23713,0.13253493506198186,15__mutated,PertCortex_15_ACAGCCGGTCTAGAGG,3.9673844241273284
23714,0.057184260279803494,15__mutated,PertCortex_15_ACAGCCGGTCTAGGTT,4.576713628360791
23715,0.616704496297692,15__mutated,PertCortex_15_ACAGCCGTCATAACCG,2.9619649016320486
23716,0.1638468340231906,15__mutated,PertCortex_15_ACAGCCGTCGCCAGCA,4.363931969306447
23717,0.19762285192559814,15__mutated,PertCortex_15_ACAGCTACATGTCTCC,2.8358119419333847
23718,0.2807084156403005,15__mutated,PertCortex_15_ACAGCTAGTATTCTCT,2.5799743162415587
23719,0.2596577249743353,15__mutated,PertCortex_15_ACAGCTATCGAGAGCA,3.1547552225276028
23720,0.12326768905119304,15__mutated,PertCortex_15_ACATACGAGGAGTAGA,4.74051045222211
23721,0.15717176294096746,15__mutated,PertCortex_15_ACATACGCAATGGACG,3.6782793841020287
23722,0.16296423569298654,15__mutated,PertCortex_15_ACATACGCAGCCTGTG,5.141981398238493
23723,0.118667230943493,15__mutated,PertCortex_15_ACATACGCAGGTCCAC,4.790572049043542
23724,0.12544282328964687,15__mutated,PertCortex_15_ACATACGCATCTCGCT,3.458581042546775
23725,0.20895364547220596,15__mutated,PertCortex_15_ACATACGGTTCTCATT,3.6128460526110437
23726,0.17114546791266935,15__mutated,PertCortex_15_ACATACGTCCTAGAAC,3.7078432609756433
23727,0.4657439510630515,15__mutated,PertCortex_15_ACATCAGCACAACGTT,3.7441553517681534
23728,0.26309004983700535,15__mutated,PertCortex_15_ACATCAGCACCCATGG,3.6708060650583283
23729,0.18383639881136057,15__mutated,PertCortex_15_ACATCAGGTTAGAACA,4.388606015696351
23730,0.1236913758667216,15__mutated,PertCortex_15_ACATCAGTCGCCAAAT,4.56967646322102
23731,0.2489560322528118,15__mutated,PertCortex_15_ACATGGTAGAAGGGTA,3.781695044528969
23732,0.2493026842531632,15__mutated,PertCortex_15_ACATGGTAGCCGCCTA,4.617412485089374
23733,0.25251134588187324,15__mutated,PertCortex_15_ACATGGTTCAAGGCTT,4.5376266867876565
23734,0.09234991871075184,15__mutated,PertCortex_15_ACATGGTTCACCCTCA,3.9043247241600256
23735,0.16748788939650844,15__mutated,PertCortex_15_ACATGGTTCAGGCGAA,3.8164268679595477
23736,0.15337592357648716,15__mutated,PertCortex_15_ACATGGTTCCTAAGTG,5.500728434752893
23737,0.17246978080685807,15__mutated,PertCortex_15_ACATGGTTCGATCCCT,3.9749757813059468
23738,0.10191750402703294,15__mutated,PertCortex_15_ACATGGTTCTATCGCC,4.765609261588073
23739,0.1092992058561173,15__mutated,PertCortex_15_ACCAGTACAAGTTGTC,4.152132183624362
23740,0.24015247596909278,15__mutated,PertCortex_15_ACCAGTAGTTTGTTTC,4.334874414396956
23741,0.26364298433985034,15__mutated,PertCortex_15_ACCAGTATCGATCCCT,3.3578688054073473
23742,0.33058754561219006,15__mutated,PertCortex_15_ACCCACTCAAGCCGTC,3.4224547578411557
23743,0.171997208863044,15__mutated,PertCortex_15_ACCCACTCACTTCTGC,4.045798405667412
23744,0.20902687810176812,15__mutated,PertCortex_15_ACCCACTCAGTCGATT,4.424247290185778
23745,0.3595287287218695,15__mutated,PertCortex_15_ACCCACTGTTCGCGAC,2.5083650549837437
23746,0.1916022332019392,15__mutated,PertCortex_15_ACCCACTTCCTCAACC,3.226910839379091
23747,0.14045874151259574,15__mutated,PertCortex_15_ACCGTAACAGACGCTC,4.485232663420893
23748,0.17441317561655192,15__mutated,PertCortex_15_ACCGTAAGTACAGCAG,4.407693781613406
23749,0.11900537410185419,15__mutated,PertCortex_15_ACCGTAAGTTCACCTC,4.663491217009217
23750,0.2240911889187847,15__mutated,PertCortex_15_ACCGTAATCCAGAAGG,4.621263751500894
23751,0.1492895995380231,15__mutated,PertCortex_15_ACCGTAATCGATGAGG,4.560345693651941
23752,0.20141241629659312,15__mutated,PertCortex_15_ACCGTAATCGGAGCAA,4.751780240357566
23753,0.17703559367600039,15__mutated,PertCortex_15_ACCGTAATCGTGGGAA,4.854188244795291
23754,0.14523302622202194,15__mutated,PertCortex_15_ACCTTTAAGACTAGGC,4.982637321807111
23755,0.1993402198931263,15__mutated,PertCortex_15_ACCTTTAAGAGAGCTC,3.9204567660836567
23756,0.17636692594460013,15__mutated,PertCortex_15_ACCTTTAAGTGCTGCC,3.124920564696451
23757,0.19261455918293255,15__mutated,PertCortex_15_ACGAGCCAGATATACG,4.7806394600287385
23758,0.14388283109240774,15__mutated,PertCortex_15_ACGAGCCCAAACCCAT,3.8426553925043807
23759,0.1965411129667699,15__mutated,PertCortex_15_ACGAGCCCACACCGCA,4.208794772994343
23760,0.1657675239066542,15__mutated,PertCortex_15_ACGAGCCCACCCAGTG,4.400906947440087
23761,0.21246871410916954,15__mutated,PertCortex_15_ACGAGCCCATGTTGAC,5.012487180266187
23762,0.20953700206428885,15__mutated,PertCortex_15_ACGAGCCGTTGTACAC,4.9817691238600075
23763,0.3216509621640782,15__mutated,PertCortex_15_ACGAGCCTCGGCGGTT,3.18857614883185
23764,0.12818844442584745,15__mutated,PertCortex_15_ACGAGGACACCATGTA,3.4447713038681584
23765,0.5992561201645784,15__mutated,PertCortex_15_ACGAGGACACGGCTAC,1.4271688662462867
23766,0.15432211996232795,15__mutated,PertCortex_15_ACGAGGAGTTGTGGAG,3.1368226774816312
23767,0.18256014501936504,15__mutated,PertCortex_15_ACGAGGATCCTTAATC,3.3899396308644203
23768,0.17081088030571687,15__mutated,PertCortex_15_ACGAGGATCCTTCAAT,4.833520363906118
23769,0.1263748605970711,15__mutated,PertCortex_15_ACGATACCAAAGAATC,2.6278869697566907
23770,0.2467952588381024,15__mutated,PertCortex_15_ACGATACCAGGCAGTA,3.7079933229978064
23771,0.13938792880256703,15__mutated,PertCortex_15_ACGATACCAGTTAACC,4.176970961236955
23772,0.06708922138654028,15__mutated,PertCortex_15_ACGATACCATGCCCGA,5.05676957278249
23773,0.157653733236344,15__mutated,PertCortex_15_ACGATACGTCATGCCG,4.372236717258519
23774,0.17934015825143618,15__mutated,PertCortex_15_ACGATACGTCTCTCTG,3.461657476034631
23775,0.1409505079830413,15__mutated,PertCortex_15_ACGATACGTGATGCCC,4.3115712664809145
23776,0.2055241775236852,15__mutated,PertCortex_15_ACGATACGTGTCGCTG,2.3000216744822057
23777,0.46567765974899494,15__mutated,PertCortex_15_ACGATACTCATGTCCC,2.7683669609104284
23778,0.12534723636185383,15__mutated,PertCortex_15_ACGATACTCTAACTTC,4.3087280777629235
23779,0.152968266934394,15__mutated,PertCortex_15_ACGATACTCTGTCAAG,3.85537548713893
23780,0.1426844252920813,15__mutated,PertCortex_15_ACGATGTAGTACGTAA,3.7150328472233576
23781,0.12510428226254333,15__mutated,PertCortex_15_ACGATGTCAGCTCGCA,4.836137274494538
23782,0.1206209675114967,15__mutated,PertCortex_15_ACGATGTGTAGCTCCG,4.465293395635048
23783,0.228328024797055,15__mutated,PertCortex_15_ACGATGTTCTTACCTA,2.667438031871665
23784,0.5011064212697384,15__mutated,PertCortex_15_ACGCAGCAGCCACCTG,2.8887591851514407
23785,0.4640889051447338,15__mutated,PertCortex_15_ACGCAGCAGGGAGTAA,2.2435923552806116
23786,0.26686991154409323,15__mutated,PertCortex_15_ACGCAGCAGTAGGTGC,4.148602570188471
23787,0.20593420240624208,15__mutated,PertCortex_15_ACGCAGCTCTCGGACG,3.7896198095668985
23788,0.20744806339147612,15__mutated,PertCortex_15_ACGCCAGAGAGGGATA,3.279143704140423
23789,0.24919739822099413,15__mutated,PertCortex_15_ACGCCAGAGTTCCACA,5.256075935410354
23790,0.10633700168228315,15__mutated,PertCortex_15_ACGCCAGCACCGTTGG,3.0725964633426353
23791,0.08570215574708931,15__mutated,PertCortex_15_ACGCCAGCATCTATGG,3.0935408341609674
23792,0.18132588677478698,15__mutated,PertCortex_15_ACGCCAGCATGAAGTA,4.189835957264979
23793,0.17796693518894416,15__mutated,PertCortex_15_ACGCCAGTCAGTTAGC,3.1003068127216693
23794,0.6385745049364282,15__mutated,PertCortex_15_ACGCCAGTCCAAGCCG,2.3485066007573643
23795,0.1417909292177761,15__mutated,PertCortex_15_ACGCCAGTCTCGCTTG,3.6685113277314
23796,0.181826576097708,15__mutated,PertCortex_15_ACGCCAGTCTTAGAGC,5.045229780305152
23797,0.2074372127440884,15__mutated,PertCortex_15_ACGCCGAAGAGAGCTC,5.508396405020368
23798,0.3161663757020129,15__mutated,PertCortex_15_ACGCCGAAGTACGATA,3.201371927059816
23799,0.15372344350530714,15__mutated,PertCortex_15_ACGCCGACAATGGAAT,4.822907399140479
23800,0.11410685091944031,15__mutated,PertCortex_15_ACGCCGACATGTTCCC,4.367765436260577
23801,0.2016673162195391,15__mutated,PertCortex_15_ACGCCGAGTAAACACA,4.281864477135852
23802,0.07242814308231037,15__mutated,PertCortex_15_ACGCCGAGTCAGCTAT,3.3356526650363123
23803,0.14236605964186372,15__mutated,PertCortex_15_ACGCCGAGTTGGAGGT,3.8401871275489436
23804,0.20413841153675635,15__mutated,PertCortex_15_ACGCCGAGTTGGTTTG,4.736298213761577
23805,0.1759425849615715,15__mutated,PertCortex_15_ACGCCGATCAATAAGG,4.383116938271717
23806,0.14960250867061542,15__mutated,PertCortex_15_ACGCCGATCCGCGCAA,2.693609812834141
23807,0.16138687582891956,15__mutated,PertCortex_15_ACGGAGAAGGCAATTA,2.388597621379477
23808,0.16100337810568746,15__mutated,PertCortex_15_ACGGAGAAGGGAAACA,5.016288114775413
23809,0.09177484221062894,15__mutated,PertCortex_15_ACGGAGACACCTGGTG,4.961450171716911
23810,0.04589052660703274,15__mutated,PertCortex_15_ACGGAGACATGTTGAC,5.203049701249914
23811,0.7520065679155513,15__mutated,PertCortex_15_ACGGAGACATTACGAC,1.7006924685547187
23812,0.20865098168385776,15__mutated,PertCortex_15_ACGGAGAGTGTTGAGG,5.231241621262959
23813,0.13709897099329113,15__mutated,PertCortex_15_ACGGAGAGTTGCGCAC,4.684506688365775
23814,0.5226211903176925,15__mutated,PertCortex_15_ACGGAGATCAAGGCTT,2.8072202675393663
23815,0.12685161158303235,15__mutated,PertCortex_15_ACGGCCAAGCCGATTT,4.438188778481183
23816,0.25796417443166386,15__mutated,PertCortex_15_ACGGCCAAGCGTGTCC,3.52816113013387
23817,0.1870989109959454,15__mutated,PertCortex_15_ACGGCCACAGAAGCAC,4.293028972303161
23818,0.09636030800769405,15__mutated,PertCortex_15_ACGGCCATCACTTACT,2.84231308418385
23819,0.19655959010509455,15__mutated,PertCortex_15_ACGGGCTAGATCTGAA,2.828562526118834
23820,0.20730224157731772,15__mutated,PertCortex_15_ACGGGCTCAAACGCGA,4.302639882408661
23821,0.13232862124034836,15__mutated,PertCortex_15_ACGGGCTCATACTACG,4.148156874861143
23822,0.458942669260847,15__mutated,PertCortex_15_ACGGGCTGTCGCATAT,3.152794571176334
23823,0.18095463735705364,15__mutated,PertCortex_15_ACGGGCTGTCTTTCAT,4.194588375068753
23824,0.13085581939837373,15__mutated,PertCortex_15_ACGGGCTTCACTTATC,4.020019956758764
23825,0.06960300702938513,15__mutated,PertCortex_15_ACGGGTCCAAGTAATG,5.035430097963374
23826,0.23461982033166928,15__mutated,PertCortex_15_ACGGGTCGTTCCTCCA,5.392402750851401
23827,0.27040291235602454,15__mutated,PertCortex_15_ACGGGTCTCCCTAACC,3.508975424481715
23828,0.15373430757756443,15__mutated,PertCortex_15_ACGGGTCTCGGTTCGG,3.4578786300249575
23829,0.23864859304786096,15__mutated,PertCortex_15_ACGGGTCTCTTGTATC,2.8448479101113233
23830,0.3544886203025921,15__mutated,PertCortex_15_ACGTCAAAGCACACAG,4.858084140290067
23831,0.42426872214099787,15__mutated,PertCortex_15_ACGTCAAAGTTTGCGT,3.4293616029378255
23832,0.16661017117329557,15__mutated,PertCortex_15_ACGTCAACAAGCCTAT,4.404048217559419
23833,0.13361047664737785,15__mutated,PertCortex_15_ACGTCAACACACAGAG,4.5060583852906975
23834,0.2832580857217382,15__mutated,PertCortex_15_ACGTCAATCGCAAGCC,2.777303655554042
23835,0.061872279495623725,15__mutated,PertCortex_15_ACTATCTAGTAGATGT,4.033219056001774
23836,0.23854228876183833,15__mutated,PertCortex_15_ACTATCTCACCTTGTC,3.778697835922574
23837,0.2236110117933359,15__mutated,PertCortex_15_ACTATCTCAGTTCATG,3.7799550120218632
23838,0.2441934690993194,15__mutated,PertCortex_15_ACTATCTTCAGCTCTC,4.584888889863753
23839,0.11982630717713187,15__mutated,PertCortex_15_ACTGAACAGCGCTTAT,3.773741147725889
23840,0.2725161175295708,15__mutated,PertCortex_15_ACTGAACAGTACCGGA,3.664653639692627
23841,0.2836740107568346,15__mutated,PertCortex_15_ACTGAACCAGGAACGT,3.7886282721261395
23842,0.36801669787480723,15__mutated,PertCortex_15_ACTGAACCATATGCTG,3.397753300305069
23843,0.5661111894209896,15__mutated,PertCortex_15_ACTGAACCATGTCCTC,2.822241125371261
23844,0.283369057175026,15__mutated,PertCortex_15_ACTGAACGTCGACTGC,1.287835906353333
23845,0.46560976193064746,15__mutated,PertCortex_15_ACTGAACTCAACCATG,2.7700147692527897
23846,0.15245423809363315,15__mutated,PertCortex_15_ACTGAACTCGTCTGAA,4.2774174800192135
23847,0.11715198973296742,15__mutated,PertCortex_15_ACTGAACTCGTGGGAA,3.032820957065309
23848,0.16312213505807466,15__mutated,PertCortex_15_ACTGAGTAGAAACCTA,3.6656530277446664
23849,0.6057646030443112,15__mutated,PertCortex_15_ACTGAGTAGACTCGGA,1.9134654677498566
23850,0.13964956897165193,15__mutated,PertCortex_15_ACTGAGTAGCTAAGAT,4.91927608821278
23851,0.21175648412135298,15__mutated,PertCortex_15_ACTGAGTAGTACGCCC,4.29729752302098
23852,0.2185369407608795,15__mutated,PertCortex_15_ACTGAGTGTAGGCTGA,4.185400967440357
23853,0.13820743581665446,15__mutated,PertCortex_15_ACTGAGTTCGCGATCG,4.040225130891863
23854,0.10490674293070566,15__mutated,PertCortex_15_ACTGATGAGAGCTTCT,4.8021888907906725
23855,0.16577051849496177,15__mutated,PertCortex_15_ACTGATGAGTGTCCAT,4.598748351048186
23856,0.039364616509208264,15__mutated,PertCortex_15_ACTGATGCAGGTGGAT,4.125638481540618
23857,0.2680343446591887,15__mutated,PertCortex_15_ACTGATGCATCGACGC,4.335902490808325
23858,0.22957871798785393,15__mutated,PertCortex_15_ACTGATGGTAAATACG,4.275879267206228
23859,0.14439850696540188,15__mutated,PertCortex_15_ACTGATGTCCAGTATG,4.792667681363733
23860,0.2053177739079617,15__mutated,PertCortex_15_ACTGATGTCTGGTATG,3.8000177183052775
23861,0.2488506001629953,15__mutated,PertCortex_15_ACTGCTCAGAATTGTG,2.3384068011139183
23862,0.10629041939348104,15__mutated,PertCortex_15_ACTGCTCAGAGCTATA,3.6162008722021284
23863,0.32239577097874406,15__mutated,PertCortex_15_ACTGCTCAGCTAGTCT,2.634920926851403
23864,0.3151924282422282,15__mutated,PertCortex_15_ACTGCTCCAGTCAGAG,3.6552808131331727
23865,0.2285566468233886,15__mutated,PertCortex_15_ACTGCTCGTATGGTTC,5.044305999357728
23866,0.13819442581642438,15__mutated,PertCortex_15_ACTGCTCTCAATAAGG,4.32420738426623
23867,0.3577133914137339,15__mutated,PertCortex_15_ACTGCTCTCCTCATTA,4.014227670138894
23868,0.2782952628789634,15__mutated,PertCortex_15_ACTGTCCAGATAGGAG,4.454771057659571
23869,0.15408727847993797,15__mutated,PertCortex_15_ACTGTCCAGGAGTTGC,3.478460889502594
23870,0.23947879031219577,15__mutated,PertCortex_15_ACTGTCCAGTTCCACA,4.614791173558171
23871,0.1514821427388111,15__mutated,PertCortex_15_ACTGTCCCAGACAAGC,4.600589314822644
23872,0.4867249570240934,15__mutated,PertCortex_15_ACTGTCCCATGTAGTC,3.29959909473189
23873,0.2683027574199128,15__mutated,PertCortex_15_ACTGTCCTCGGTCTAA,2.9899801082531403
23874,0.6208563169567289,15__mutated,PertCortex_15_ACTTACTAGAGTTGGC,2.4689664671271148
23875,0.3536967812458641,15__mutated,PertCortex_15_ACTTACTAGTTCGATC,4.739230305063171
23876,0.13948779191229985,15__mutated,PertCortex_15_ACTTACTCAACACCCG,4.008656772296037
23877,0.21546598577909712,15__mutated,PertCortex_15_ACTTACTCATAAAGGT,3.6995995312892775
23878,0.2285131036174116,15__mutated,PertCortex_15_ACTTACTCATGTCGAT,4.599651923496282
23879,0.1936496974937879,15__mutated,PertCortex_15_ACTTACTGTCACTGGC,4.993014646728412
23880,0.18154988492919666,15__mutated,PertCortex_15_ACTTACTGTCGCATAT,3.54419442186619
23881,0.6399061161301478,15__mutated,PertCortex_15_ACTTACTGTGTCTGAT,2.3754047070187214
23882,0.10438958779758013,15__mutated,PertCortex_15_ACTTACTTCCCGGATG,4.574551728367372
23883,0.2737164878017504,15__mutated,PertCortex_15_ACTTACTTCCTCGCAT,2.2586611155195353
23884,0.13606121170492583,15__mutated,PertCortex_15_ACTTACTTCTGTTGAG,4.77995322064945
23885,0.1297714567705714,15__mutated,PertCortex_15_ACTTGTTAGCTTATCG,2.490335315603765
23886,0.26903448199992214,15__mutated,PertCortex_15_ACTTGTTAGGCAGTCA,2.8940406443651616
23887,0.5221697293401965,15__mutated,PertCortex_15_ACTTGTTAGGCGTACA,1.6305720455764472
23888,0.11491456272817666,15__mutated,PertCortex_15_ACTTGTTCAGACAAGC,4.688418985252455
23889,0.19622742230920598,15__mutated,PertCortex_15_ACTTGTTGTACAAGTA,3.516748628727001
23890,0.13966260241005102,15__mutated,PertCortex_15_ACTTGTTTCTGCAGTA,5.112207756209617
23891,0.1119120508742329,15__mutated,PertCortex_15_ACTTTCAAGCCCGAAA,3.90506491130829
23892,0.10294433220955287,15__mutated,PertCortex_15_ACTTTCACACAGCGTC,3.310734042553573
23893,0.1970313205406216,15__mutated,PertCortex_15_ACTTTCACAGCGATCC,4.11557828660537
23894,0.15293243000646503,15__mutated,PertCortex_15_ACTTTCACATCCTAGA,4.331339281687704
23895,0.12372924364389722,15__mutated,PertCortex_15_ACTTTCAGTAAACACA,4.609773549548034
23896,0.11633031422219266,15__mutated,PertCortex_15_ACTTTCAGTACCGGCT,4.472096050926109
23897,0.20798588752495104,15__mutated,PertCortex_15_ACTTTCAGTTCGGCAC,4.776744730121196
23898,0.15468949366930326,15__mutated,PertCortex_15_ACTTTCATCATAAAGG,5.162267883686294
23899,0.2833010854876195,15__mutated,PertCortex_15_ACTTTCATCCTCCTAG,3.6089631841564267
23900,0.2023420015277175,15__mutated,PertCortex_15_ACTTTCATCTTGTACT,5.071216909617783
23901,0.1041341198791902,15__mutated,PertCortex_15_AGAATAGCAATACGCT,4.094422479050471
23902,0.2801461612363543,15__mutated,PertCortex_15_AGAATAGCACGGTAGA,2.8239888104094106
23903,0.16517540632281394,15__mutated,PertCortex_15_AGAATAGGTCGCATCG,2.9301710004917823
23904,0.1689711846139926,15__mutated,PertCortex_15_AGAATAGGTCGGGTCT,4.393409113031171
23905,0.2053647980128518,15__mutated,PertCortex_15_AGAATAGGTTAAGTAG,4.640875192881956
23906,0.2502452202338581,15__mutated,PertCortex_15_AGAATAGTCAACCATG,3.0121041722549746
23907,0.19927578970219822,15__mutated,PertCortex_15_AGAATAGTCAGTGTTG,4.650029262176873
23908,0.08175019681549918,15__mutated,PertCortex_15_AGAATAGTCCACGCAG,3.4637773488070747
23909,0.11513599038727203,15__mutated,PertCortex_15_AGAATAGTCGCAAGCC,4.249382665983164
23910,0.2401037681620924,15__mutated,PertCortex_15_AGAATAGTCGTCCGTT,4.649772155328334
23911,0.2494006775844986,15__mutated,PertCortex_15_AGACGTTAGATAGGAG,3.216413380100012
23912,0.1331171822547469,15__mutated,PertCortex_15_AGACGTTAGTGGACGT,4.546536775065792
23913,0.10618780904292137,15__mutated,PertCortex_15_AGACGTTCACATGGGA,3.122592353480952
23914,0.07498492961528858,15__mutated,PertCortex_15_AGACGTTCAGGGCATA,2.6346026950965835
23915,0.33877420277812037,15__mutated,PertCortex_15_AGACGTTGTCTCACCT,2.590247956829427
23916,0.13953539780385135,15__mutated,PertCortex_15_AGACGTTGTTCGTGAT,5.027337724218579
23917,0.2808129602735839,15__mutated,PertCortex_15_AGACGTTGTTGCCTCT,3.651524319679189
23918,0.2870896127518019,15__mutated,PertCortex_15_AGAGCGAAGAACAATC,2.025047186219597
23919,0.2766912040740953,15__mutated,PertCortex_15_AGAGCGAAGAGTGAGA,3.7419486543923655
23920,0.3952243935604269,15__mutated,PertCortex_15_AGAGCGAAGGTGTTAA,2.4272076684148622
23921,0.2268010059828004,15__mutated,PertCortex_15_AGAGCGAAGTATTGGA,2.2924379024558483
23922,0.08271150337318145,15__mutated,PertCortex_15_AGAGCGATCACAACGT,3.4155244351011436
23923,0.24933361241195984,15__mutated,PertCortex_15_AGAGCTTAGATATGCA,4.676264237784329
23924,0.12104894289140468,15__mutated,PertCortex_15_AGAGCTTCACACGCTG,3.399146349377761
23925,0.2763770216077367,15__mutated,PertCortex_15_AGAGTGGAGATATGGT,3.032543433467097
23926,0.225012729958003,15__mutated,PertCortex_15_AGAGTGGAGCGCTCCA,3.1497695566717905
23927,0.07525218304007554,15__mutated,PertCortex_15_AGAGTGGAGCGTCTAT,4.381805161212673
23928,0.019496790562235695,15__mutated,PertCortex_15_AGAGTGGGTCTGGAGA,3.8550985394795725
23929,0.20781186492450243,15__mutated,PertCortex_15_AGAGTGGTCAGCGACC,3.181628448407285
23930,0.6590318468316188,15__mutated,PertCortex_15_AGAGTGGTCGGTGTTA,2.1707006051646336
23931,0.13376465032761498,15__mutated,PertCortex_15_AGAGTGGTCTCTAAGG,3.8205896143456535
23932,0.08086779027420239,15__mutated,PertCortex_15_AGATCTGAGCAGATCG,4.709543429689427
23933,0.170689842210039,15__mutated,PertCortex_15_AGATCTGAGTGCGTGA,5.279157801198769
23934,0.2937365150982103,15__mutated,PertCortex_15_AGATCTGGTCACAAGG,3.7782502873446977
23935,0.13551351754786073,15__mutated,PertCortex_15_AGATCTGTCAACCATG,5.261891777560395
23936,0.1735035513032483,15__mutated,PertCortex_15_AGATTGCAGTAGCGGT,4.691650760880253
23937,0.6418655355877223,15__mutated,PertCortex_15_AGATTGCCAATGAATG,2.345445323257464
23938,0.14503455674159207,15__mutated,PertCortex_15_AGATTGCCAATGCCAT,5.186012714158137
23939,0.12324932088556982,15__mutated,PertCortex_15_AGATTGCCAGGGCATA,3.767974865225484
23940,0.29828197182208244,15__mutated,PertCortex_15_AGATTGCGTAAGCACG,3.8232641057548014
23941,0.10603223505030787,15__mutated,PertCortex_15_AGATTGCGTCCAAGTT,4.516042474779289
23942,0.14471049179238482,15__mutated,PertCortex_15_AGATTGCGTGAAAGAG,3.528644033846582
23943,0.06743268597210375,15__mutated,PertCortex_15_AGATTGCTCACATAGC,3.18861043241737
23944,0.5160818291076618,15__mutated,PertCortex_15_AGATTGCTCCAAATGC,3.0497114543539436
23945,0.33824754817990976,15__mutated,PertCortex_15_AGCAGCCAGGTGTTAA,2.812787519524485
23946,0.2837185061571833,15__mutated,PertCortex_15_AGCAGCCAGTGCCAGA,3.555257376929728
23947,0.07688611689146169,15__mutated,PertCortex_15_AGCAGCCCAGTCCTTC,4.246537833725048
23948,0.18387607848136012,15__mutated,PertCortex_15_AGCAGCCGTCACTGGC,4.724144950887319
23949,0.09236871950134007,15__mutated,PertCortex_15_AGCAGCCGTGTGAAAT,3.379055280083958
23950,0.2165421017187677,15__mutated,PertCortex_15_AGCAGCCTCGGATGGA,2.5715876534213975
23951,0.17378740770985363,15__mutated,PertCortex_15_AGCATACAGCCACGCT,4.772920254379111
23952,0.075043461415037,15__mutated,PertCortex_15_AGCATACAGCTAGTTC,4.862236631647205
23953,0.2184089754821067,15__mutated,PertCortex_15_AGCATACAGCTGCAAG,4.1604909366369816
23954,0.15878696452074398,15__mutated,PertCortex_15_AGCATACAGGGATCTG,4.653470162988931
23955,0.1616644191532852,15__mutated,PertCortex_15_AGCATACCAGTCGATT,5.569781882189167
23956,0.11627775829480802,15__mutated,PertCortex_15_AGCATACGTCCGAACC,4.733423509014367
23957,0.3473197552617921,15__mutated,PertCortex_15_AGCATACGTCGCGGTT,2.49476671259925
23958,0.1296815988684775,15__mutated,PertCortex_15_AGCATACGTTACCGAT,4.174844233627966
23959,0.086211455200372,15__mutated,PertCortex_15_AGCATACGTTCACGGC,3.9434487297422414
23960,0.26238384073244064,15__mutated,PertCortex_15_AGCATACTCAAGATCC,2.6599679217980983
23961,0.225059140485169,15__mutated,PertCortex_15_AGCATACTCCTCAATT,4.486277156520019
23962,0.2877584971734498,15__mutated,PertCortex_15_AGCCTAAAGAATTCCC,3.162639676328823
23963,0.08190366984965192,15__mutated,PertCortex_15_AGCCTAAAGTGCGTGA,4.864502419792085
23964,0.10157625464173135,15__mutated,PertCortex_15_AGCCTAACAGCTCGAC,4.439173094600089
23965,0.09058707612250695,15__mutated,PertCortex_15_AGCCTAACAGTTCCCT,4.063034402535563
23966,0.20036597037749226,15__mutated,PertCortex_15_AGCCTAAGTCAGATAA,2.28751770330196
23967,0.11955637883717292,15__mutated,PertCortex_15_AGCCTAAGTCCCGACA,4.13982296529838
23968,0.651269993611603,15__mutated,PertCortex_15_AGCCTAATCGTCTGCT,1.98511573307721
23969,0.15023252387364158,15__mutated,PertCortex_15_AGCGGTCAGCCAGTAG,3.2906076961518482
23970,0.026440459897110524,15__mutated,PertCortex_15_AGCGGTCAGTGTCCAT,3.0859487562910637
23971,0.16878889933606317,15__mutated,PertCortex_15_AGCGGTCCACCGGAAA,4.2923366285131355
23972,0.18903287352102455,15__mutated,PertCortex_15_AGCGGTCGTGCGCTTG,4.934233927025376
23973,0.22187663050351478,15__mutated,PertCortex_15_AGCGTATAGAGACGAA,5.029711490814188
23974,0.1532384231217145,15__mutated,PertCortex_15_AGCGTATAGGCATGGT,4.519276242181655
23975,0.14500217702209886,15__mutated,PertCortex_15_AGCGTATCAGGATTGG,3.9674738547417814
23976,0.0719653179429641,15__mutated,PertCortex_15_AGCGTATGTACAAGTA,4.463737016082108
23977,0.10715914191443987,15__mutated,PertCortex_15_AGCGTATTCAGAGCTT,4.441443081127556
23978,0.14450809913594181,15__mutated,PertCortex_15_AGCGTATTCAGCACAT,5.442448045792543
23979,0.07742654822908353,15__mutated,PertCortex_15_AGCGTATTCCTGCTTG,4.879888718320941
23980,0.14954195172464177,15__mutated,PertCortex_15_AGCGTATTCTCTGTCG,4.69433591446896
23981,0.27417745029557,15__mutated,PertCortex_15_AGCGTCGAGAGAGCTC,5.124717594477829
23982,0.13485250600682988,15__mutated,PertCortex_15_AGCGTCGAGATCGGGT,2.033085308033806
23983,0.14270869145768772,15__mutated,PertCortex_15_AGCGTCGAGTACGCGA,3.737901079454293
23984,0.1839432665991797,15__mutated,PertCortex_15_AGCGTCGCATGACATC,3.2770135397589146
23985,0.04969629694915097,15__mutated,PertCortex_15_AGCTCCTAGACTGTAA,2.980300104048343
23986,0.14986654201759092,15__mutated,PertCortex_15_AGCTCCTCACAGACAG,4.6451577097490295
23987,0.24391481515435695,15__mutated,PertCortex_15_AGCTCCTGTAACGTTC,4.4148384756270245
23988,0.49826081482745443,15__mutated,PertCortex_15_AGCTCCTTCGGACAAG,2.175967861385583
23989,0.23453992353611433,15__mutated,PertCortex_15_AGCTCTCAGAATAGGG,3.929214098484611
23990,0.2771718180126956,15__mutated,PertCortex_15_AGCTCTCAGATCACGG,3.049726112279882
23991,0.46506956208957967,15__mutated,PertCortex_15_AGCTCTCAGGACAGAA,2.449448547883023
23992,0.31740661136125226,15__mutated,PertCortex_15_AGCTCTCCAATGTAAG,3.037092880941268
23993,0.24891216489337017,15__mutated,PertCortex_15_AGCTCTCGTGTTCTTT,3.2382574360666982
23994,0.20575463343995296,15__mutated,PertCortex_15_AGCTCTCTCAACCAAC,4.613932292156831
23995,0.14606978476285834,15__mutated,PertCortex_15_AGCTCTCTCAGCACAT,4.322832534936035
23996,0.1937792044164976,15__mutated,PertCortex_15_AGCTCTCTCGCAGGCT,3.3676814324306843
23997,0.0920951323999547,15__mutated,PertCortex_15_AGCTCTCTCGGCGCTA,3.9690943985798066
23998,0.1845896046196586,15__mutated,PertCortex_15_AGCTTGAAGAGAGCTC,4.456227895701992
23999,0.23779662785690844,15__mutated,PertCortex_15_AGCTTGAAGATAGCAT,4.397681737157913
24000,0.3177450891009655,15__mutated,PertCortex_15_AGCTTGACAGTCGATT,1.4491649630246646
24001,0.2867926668587547,15__mutated,PertCortex_15_AGCTTGAGTCGGCATC,4.3831581010904594
24002,0.2197705178433751,15__mutated,PertCortex_15_AGCTTGAGTCTCTTAT,3.657340122607731
24003,0.045631764544879154,15__mutated,PertCortex_15_AGCTTGAGTTAAAGTG,3.803574838756257
24004,0.17660211948461915,15__mutated,PertCortex_15_AGCTTGAGTTCGGCAC,4.791754377643279
24005,0.1515840016679133,15__mutated,PertCortex_15_AGGCCACCAGCCACCA,4.247034438342669
24006,0.0952477261324483,15__mutated,PertCortex_15_AGGCCACCAGCTCGCA,4.542898559044658
24007,0.20280884874452415,15__mutated,PertCortex_15_AGGCCACGTCTGCCAG,3.925354985825871
24008,0.3071558448384615,15__mutated,PertCortex_15_AGGCCACGTTAGGGTG,3.013326046123554
24009,0.5963919179576979,15__mutated,PertCortex_15_AGGCCACTCACCAGGC,1.970685003404495
24010,0.2700029004360285,15__mutated,PertCortex_15_AGGCCACTCACCTCGT,3.398180463204156
24011,0.3225518463886576,15__mutated,PertCortex_15_AGGCCGTAGGATGGTC,4.535375293273966
24012,0.18958213747156438,15__mutated,PertCortex_15_AGGCCGTAGTACGTTC,4.765207166221699
24013,0.2402260923082735,15__mutated,PertCortex_15_AGGCCGTCATCACCCT,3.0027776313169743
24014,0.13320755151934077,15__mutated,PertCortex_15_AGGCCGTGTGAGGCTA,4.94923141046932
24015,0.283813045478728,15__mutated,PertCortex_15_AGGCCGTTCAATCTCT,4.162356860573834
24016,0.1953709239858331,15__mutated,PertCortex_15_AGGGAGTCATGTTGAC,3.2211905235776523
24017,0.2444043087644615,15__mutated,PertCortex_15_AGGGAGTGTATGCTTG,4.159631619333704
24018,0.18962189987338526,15__mutated,PertCortex_15_AGGGAGTGTCTAAAGA,2.7849030945612454
24019,0.1363759167412323,15__mutated,PertCortex_15_AGGGAGTGTTGGGACA,4.581597575897161
24020,0.16389030559829787,15__mutated,PertCortex_15_AGGGAGTTCCCATTAT,2.871707002935522
24021,0.17474519376249353,15__mutated,PertCortex_15_AGGGAGTTCGCACTCT,2.7925960218120442
24022,0.32483299952989564,15__mutated,PertCortex_15_AGGGATGAGCAGACTG,1.7423168347247018
24023,0.16660676603265553,15__mutated,PertCortex_15_AGGGATGAGTAGCGGT,4.588158933047489
24024,0.12772520165156315,15__mutated,PertCortex_15_AGGGATGCACTCAGGC,4.187899431603623
24025,0.19396146762836086,15__mutated,PertCortex_15_AGGGATGCAGGATTGG,3.7810627373405827
24026,0.1514107776049271,15__mutated,PertCortex_15_AGGGATGCATATGAGA,4.713134687945477
24027,0.06915373884891612,15__mutated,PertCortex_15_AGGGATGGTCGGCACT,5.0457801644216165
24028,0.12178683405014318,15__mutated,PertCortex_15_AGGGATGGTCTAGGTT,3.171447989891922
24029,0.114408225911566,15__mutated,PertCortex_15_AGGGATGGTCTCGTTC,4.2717343854530565
24030,0.14449803859890498,15__mutated,PertCortex_15_AGGGATGGTTCACCTC,3.585121072450791
24031,0.11131182957277944,15__mutated,PertCortex_15_AGGGATGTCAGTACGT,2.2622155232829004
24032,0.205405073527873,15__mutated,PertCortex_15_AGGGATGTCCCACTTG,2.4514697759762374
24033,0.23010589594744144,15__mutated,PertCortex_15_AGGGATGTCTACTCAT,3.743286290768473
24034,0.10202540014024063,15__mutated,PertCortex_15_AGGGATGTCTGATACG,4.493680900005742
24035,0.26655073023692233,15__mutated,PertCortex_15_AGGGATGTCTTTAGTC,3.8116993972363726
24036,0.13842459654584668,15__mutated,PertCortex_15_AGGGTGAAGCCTCGTG,4.263600057095138
24037,0.28781241456264944,15__mutated,PertCortex_15_AGGGTGACAAACTGCT,3.12939930967278
24038,0.10346121872410793,15__mutated,PertCortex_15_AGGGTGACAAGACACG,3.1808674964623855
24039,0.17800295159449156,15__mutated,PertCortex_15_AGGGTGACACACGCTG,5.0372398340631035
24040,0.5537673702617684,15__mutated,PertCortex_15_AGGGTGACACTCAGGC,2.31821272289212
24041,0.13536399717446196,15__mutated,PertCortex_15_AGGGTGAGTAAGTTCC,5.295782267052276
24042,0.33131255073701377,15__mutated,PertCortex_15_AGGGTGAGTATAGGTA,2.542029858711986
24043,0.2038794671467927,15__mutated,PertCortex_15_AGGGTGAGTTTACTCT,5.834917904509161
24044,0.14443463731269118,15__mutated,PertCortex_15_AGGTCATAGCACCGCT,4.297558703101282
24045,0.14188345973360933,15__mutated,PertCortex_15_AGGTCATCATTAGGCT,4.034869089432596
24046,0.1830017163690392,15__mutated,PertCortex_15_AGGTCATTCAAGCCTA,4.922330546261642
24047,0.1290439779178544,15__mutated,PertCortex_15_AGGTCATTCAGCTTAG,4.552194411776867
24048,0.07573250275323658,15__mutated,PertCortex_15_AGGTCATTCCGTCATC,4.068013328660749
24049,0.12679509827097588,15__mutated,PertCortex_15_AGGTCCGAGATAGGAG,3.7808239594181776
24050,0.178384421110996,15__mutated,PertCortex_15_AGGTCCGAGCGTCAAG,4.85946527824061
24051,0.19947373595762513,15__mutated,PertCortex_15_AGGTCCGAGTCGATAA,2.9771567481517796
24052,0.16598218046085483,15__mutated,PertCortex_15_AGGTCCGCATACTACG,5.345592985071245
24053,0.10580380522807037,15__mutated,PertCortex_15_AGGTCCGGTACTTGAC,3.0403164610045033
24054,0.12043437868576601,15__mutated,PertCortex_15_AGGTCCGTCCGTCAAA,4.599993170603938
24055,0.11249800854380282,15__mutated,PertCortex_15_AGTAGTCAGACACTAA,4.884388462900777
24056,0.32293780224687857,15__mutated,PertCortex_15_AGTAGTCAGAGACTTA,2.7545686452116502
24057,0.16663157837446807,15__mutated,PertCortex_15_AGTAGTCAGCACAGGT,3.034979761143945
24058,0.18551411718358612,15__mutated,PertCortex_15_AGTAGTCAGGGATCTG,3.844848670106839
24059,0.06707288713440113,15__mutated,PertCortex_15_AGTAGTCAGTAGATGT,4.351749478183734
24060,0.0840185239828672,15__mutated,PertCortex_15_AGTAGTCCACGCTTTC,4.798345262107687
24061,0.20460003642987,15__mutated,PertCortex_15_AGTAGTCCACGGCCAT,5.181039274247918
24062,0.1588433178816257,15__mutated,PertCortex_15_AGTAGTCGTCGGGTCT,4.178504702640785
24063,0.052308617940656846,15__mutated,PertCortex_15_AGTAGTCGTGGCAAAC,4.899770581232421
24064,0.12779400939369603,15__mutated,PertCortex_15_AGTAGTCTCGGTCCGA,3.1388900827271065
24065,0.2816852247099755,15__mutated,PertCortex_15_AGTCTTTAGCAGGCTA,2.6350685879752818
24066,0.06289403835115343,15__mutated,PertCortex_15_AGTCTTTCACCCATTC,4.58576212505206
24067,0.23400735892882107,15__mutated,PertCortex_15_AGTCTTTCAGTATCTG,4.649060919534955
24068,0.11370691862824378,15__mutated,PertCortex_15_AGTCTTTGTAACGCGA,6.3002832215044675
24069,0.29756735050605654,15__mutated,PertCortex_15_AGTGAGGAGCTAACTC,2.4280851569409534
24070,0.12096062189653986,15__mutated,PertCortex_15_AGTGAGGCAGGGTTAG,4.30945829582247
24071,0.1953695723473424,15__mutated,PertCortex_15_AGTGAGGGTGCAACTT,4.50960823334834
24072,0.17572693816947638,15__mutated,PertCortex_15_AGTGAGGGTTTCCACC,4.950002018237248
24073,0.21836510359014663,15__mutated,PertCortex_15_AGTGAGGTCACAGGCC,4.288731993118051
24074,0.19953386422887814,15__mutated,PertCortex_15_AGTGAGGTCGGCGCAT,5.092285517851974
24075,0.12608369640906558,15__mutated,PertCortex_15_AGTGGGAAGCTAGTCT,5.748029256578896
24076,0.1490807939559275,15__mutated,PertCortex_15_AGTGGGAAGTGCTGCC,3.0629455433004944
24077,0.25003737749250826,15__mutated,PertCortex_15_AGTGGGAGTATATGAG,4.70097082815696
24078,0.08502792425198047,15__mutated,PertCortex_15_AGTGGGAGTCCGTGAC,4.3428258387085785
24079,0.0834329058179289,15__mutated,PertCortex_15_AGTGGGAGTTCGTGAT,4.420057204661792
24080,0.16964482070807763,15__mutated,PertCortex_15_AGTGGGATCGGCGGTT,2.49898530520665
24081,0.37746864497345356,15__mutated,PertCortex_15_AGTGGGATCTGAGGGA,2.6830382328321685
24082,0.24010822123182518,15__mutated,PertCortex_15_AGTGGGATCTTGACGA,3.3214311063417634
24083,0.10324389600092805,15__mutated,PertCortex_15_AGTGTCAAGCAGCCTC,4.64781952929543
24084,0.14105483809862854,15__mutated,PertCortex_15_AGTGTCACACTTAACG,5.514242846824783
24085,0.12181065776976154,15__mutated,PertCortex_15_AGTGTCAGTACGCTGC,3.5315672070127273
24086,0.304564359423475,15__mutated,PertCortex_15_AGTGTCAGTTAAGTAG,2.641395844008823
24087,0.08588014607630477,15__mutated,PertCortex_15_AGTGTCAGTTCGTTGA,5.303894489163669
24088,0.08998073818019277,15__mutated,PertCortex_15_AGTTGGTCAGCCAGAA,4.913652237281376
24089,0.09351845341898184,15__mutated,PertCortex_15_AGTTGGTCATCACCCT,2.974719023845942
24090,0.07636284785658647,15__mutated,PertCortex_15_ATAACGCAGGTAAACT,3.9645914647458196
24091,0.1417078162837853,15__mutated,PertCortex_15_ATAACGCAGTCTCGGC,4.522788961950207
24092,0.16339906922765374,15__mutated,PertCortex_15_ATAACGCCATTGTGCA,4.298192649935614
24093,0.2928068490160097,15__mutated,PertCortex_15_ATAACGCGTAATCACC,3.637677972625591
24094,0.09607213392636023,15__mutated,PertCortex_15_ATAACGCTCAAGGTAA,4.464814188200011
24095,0.05966483422265534,15__mutated,PertCortex_15_ATAAGAGAGCCAACAG,3.9999619557789474
24096,0.31470726640552615,15__mutated,PertCortex_15_ATAAGAGAGGCTACGA,4.610391664420571
24097,0.2383537600038823,15__mutated,PertCortex_15_ATAAGAGAGTGGGTTG,4.019406229026611
24098,0.07088277893040357,15__mutated,PertCortex_15_ATAAGAGCAGCGTTCG,3.124121239451564
24099,0.2497027596943434,15__mutated,PertCortex_15_ATAAGAGTCCAATGGT,3.2133538356554374
24100,0.21223496059389435,15__mutated,PertCortex_15_ATAAGAGTCCTAGAAC,3.9002957153684936
24101,0.4845487209955518,15__mutated,PertCortex_15_ATAAGAGTCCTAGGGC,3.333649974067878
24102,0.17076099933015454,15__mutated,PertCortex_15_ATAGACCAGCGATAGC,3.80074460810971
24103,0.28513638529843055,15__mutated,PertCortex_15_ATAGACCAGTGGTAGC,3.3750433036407745
24104,0.28580386281429604,15__mutated,PertCortex_15_ATAGACCTCATGGTCA,4.135302298671291
24105,0.16947056017862444,15__mutated,PertCortex_15_ATAGACCTCGTCTGCT,4.582306760070234
24106,0.12171751720769074,15__mutated,PertCortex_15_ATCACGAAGAGACTTA,3.0240808675603605
24107,0.14418692002941558,15__mutated,PertCortex_15_ATCACGAAGATAGGAG,4.444070538942441
24108,0.2567629982337206,15__mutated,PertCortex_15_ATCACGAAGTCACGCC,4.549590943654271
24109,0.4819309695757516,15__mutated,PertCortex_15_ATCACGATCCCTCAGT,1.600419786817956
24110,0.12000569954925702,15__mutated,PertCortex_15_ATCATCTAGAGACGAA,4.67520279086691
24111,0.11254901526060597,15__mutated,PertCortex_15_ATCATCTAGCGTTGCC,5.470057432174502
24112,0.5231563098527556,15__mutated,PertCortex_15_ATCATCTAGGTGATTA,2.2243865844587
24113,0.16919977470391148,15__mutated,PertCortex_15_ATCATCTCAACGATCT,3.6936169596839745
24114,0.19151141173287908,15__mutated,PertCortex_15_ATCATCTCAAGTCTAC,2.8118831388386107
24115,0.14601684827864075,15__mutated,PertCortex_15_ATCATCTGTTAAAGTG,5.2441391284926215
24116,0.1691337087224378,15__mutated,PertCortex_15_ATCATCTTCAACACTG,5.050970486741273
24117,0.13965686881026465,15__mutated,PertCortex_15_ATCATCTTCAGTTCGA,4.526448547448843
24118,0.17782914057268245,15__mutated,PertCortex_15_ATCATCTTCTAACGGT,3.9725773102932758
24119,0.23944337616808936,15__mutated,PertCortex_15_ATCATGGAGCAGCGTA,2.8261454695244415
24120,0.10423932674484582,15__mutated,PertCortex_15_ATCATGGCAAAGAATC,4.585580831938783
24121,0.3516783757706463,15__mutated,PertCortex_15_ATCATGGCACAAGCCC,4.41735478782824
24122,0.046952914457081524,15__mutated,PertCortex_15_ATCATGGGTCGCTTCT,4.131457102147605
24123,0.18808831381694208,15__mutated,PertCortex_15_ATCATGGTCCACGTGG,4.912715341280433
24124,0.48360564422281815,15__mutated,PertCortex_15_ATCATGGTCTCGCTTG,1.9530038878554572
24125,0.10592143410596878,15__mutated,PertCortex_15_ATCCACCAGTGAAGAG,4.282350965856715
24126,0.17036513359665814,15__mutated,PertCortex_15_ATCCACCCACACGCTG,5.09460201923415
24127,0.027054464146069837,15__mutated,PertCortex_15_ATCCACCCAGCGTAAG,3.796864528002264
24128,0.167453736592715,15__mutated,PertCortex_15_ATCCACCGTCATATCG,3.4274238200008473
24129,0.4619441045305255,15__mutated,PertCortex_15_ATCCACCGTGAGTATA,3.381239623089713
24130,0.13933258225566938,15__mutated,PertCortex_15_ATCCACCTCATCGGAT,4.458408225855604
24131,0.18208746292368913,15__mutated,PertCortex_15_ATCCACCTCCACGTTC,4.199836694746102
24132,0.1676725811494444,15__mutated,PertCortex_15_ATCCACCTCTGGCGAC,2.3231701532096785
24133,0.0771829660148103,15__mutated,PertCortex_15_ATCCGAAAGCCAGTAG,3.851395756699146
24134,0.1435662674427678,15__mutated,PertCortex_15_ATCCGAAAGCTAGTTC,4.2649416316521
24135,0.107441921418347,15__mutated,PertCortex_15_ATCCGAACACAGACTT,4.37868288345005
24136,0.2021795422155298,15__mutated,PertCortex_15_ATCCGAACAGGTGCCT,2.245046212018484
24137,0.1869607860528093,15__mutated,PertCortex_15_ATCCGAACATGGTTGT,4.683267435778891
24138,0.1362144601672394,15__mutated,PertCortex_15_ATCCGAAGTATATGGA,2.2087182561419683
24139,0.3389295837898353,15__mutated,PertCortex_15_ATCCGAATCTACCTGC,4.473522627998565
24140,0.20900244358193693,15__mutated,PertCortex_15_ATCGAGTAGGATATAC,3.274115125550306
24141,0.07629754243949693,15__mutated,PertCortex_15_ATCGAGTAGGATTCGG,4.992622131703927
24142,0.2922628922173643,15__mutated,PertCortex_15_ATCGAGTCACACCGCA,2.6350448507722803
24143,0.1672678054907197,15__mutated,PertCortex_15_ATCGAGTGTACAGACG,3.6635942205832532
24144,0.15931227205599932,15__mutated,PertCortex_15_ATCGAGTGTCTCTTAT,4.290389809492551
24145,0.23563238771372513,15__mutated,PertCortex_15_ATCTACTCAGTCAGAG,3.592737459193284
24146,0.11723776570415197,15__mutated,PertCortex_15_ATCTGCCTCCAATGGT,4.9244313561202215
24147,0.09241450541746057,15__mutated,PertCortex_15_ATGAGGGCAACTGGCC,3.3524795644313747
24148,0.13807625430405554,15__mutated,PertCortex_15_ATGAGGGGTACCGAGA,4.646700771696996
24149,0.10599404538328819,15__mutated,PertCortex_15_ATGAGGGTCACCTCGT,3.7587069263496478
24150,0.19111205966854725,15__mutated,PertCortex_15_ATGAGGGTCTTACCGC,3.9019731908739774
24151,0.16597195444335092,15__mutated,PertCortex_15_ATGCGATAGGCATGGT,4.9189544146482564
24152,0.4243290626767535,15__mutated,PertCortex_15_ATGCGATAGGGCATGT,3.452701369688109
24153,0.23850875439369146,15__mutated,PertCortex_15_ATGCGATCAATCAGAA,2.9625255854672097
24154,0.13258645374242942,15__mutated,PertCortex_15_ATGCGATCAGTCCTTC,3.9582474647535473
24155,0.2333550512689894,15__mutated,PertCortex_15_ATGGGAGAGATGCCAG,4.251239364126244
24156,0.15483285689268264,15__mutated,PertCortex_15_ATGGGAGCAGCTCGCA,3.779986760477847
24157,0.11390949174092542,15__mutated,PertCortex_15_ATGGGAGCATGCCTAA,3.8695611535973273
24158,0.3530212489291692,15__mutated,PertCortex_15_ATGGGAGGTATAGGGC,3.393646166310582
24159,0.12472990385585102,15__mutated,PertCortex_15_ATGGGAGGTCAAACTC,4.650641276550555
24160,0.20603334426651634,15__mutated,PertCortex_15_ATGGGAGGTCGTGGCT,3.275266444073655
24161,0.17985489692798395,15__mutated,PertCortex_15_ATGGGAGGTGAACCTT,5.52531509965562
24162,0.10285767874181802,15__mutated,PertCortex_15_ATGGGAGTCTCGCATC,4.7042672512820705
24163,0.09763868771697967,15__mutated,PertCortex_15_ATGTGTGAGCACCGCT,3.7412466162848537
24164,0.07596713764276415,15__mutated,PertCortex_15_ATGTGTGGTAGCTAAA,3.7967122175103833
24165,0.10704023114107052,15__mutated,PertCortex_15_ATTACTCGTAGCAAAT,4.162961531152259
24166,0.09901305849061214,15__mutated,PertCortex_15_ATTACTCTCAGTACGT,5.413829649283206
24167,0.12970133763101152,15__mutated,PertCortex_15_ATTACTCTCTGAGGGA,4.729967846626518
24168,0.1483628773323591,15__mutated,PertCortex_15_ATTATCCGTCCTGCTT,3.818008015255187
24169,0.18802235068107523,15__mutated,PertCortex_15_ATTATCCTCCAAGCCG,3.521164400165407
24170,0.31192072103495216,15__mutated,PertCortex_15_ATTATCCTCGATCCCT,2.4832274048824075
24171,0.3758766983542021,15__mutated,PertCortex_15_ATTATCCTCTGATACG,4.524325066422594
24172,0.18481001500394278,15__mutated,PertCortex_15_ATTCTACCAAATACAG,3.972893207978483
24173,0.0855690982359192,15__mutated,PertCortex_15_ATTCTACCACCACCAG,4.554611659163929
24174,0.11335674054543615,15__mutated,PertCortex_15_ATTCTACGTCATATGC,2.709304925100318
24175,0.17059676799861953,15__mutated,PertCortex_15_ATTCTACTCCACTCCA,3.426429358903497
24176,0.18040749471453452,15__mutated,PertCortex_15_ATTCTACTCGTGGTCG,4.342438663947499
24177,0.1361959091425726,15__mutated,PertCortex_15_ATTCTACTCTCGTATT,3.4577054692454023
24178,0.6728094129711383,15__mutated,PertCortex_15_ATTCTACTCTGGGCCA,2.233120719174766
24179,0.24529569698627246,15__mutated,PertCortex_15_ATTGGACAGATCGGGT,4.155150233762852
24180,0.5173922268360106,15__mutated,PertCortex_15_ATTGGACCAAATCCGT,2.458267512262414
24181,0.24316818552575792,15__mutated,PertCortex_15_ATTGGACCAAGGTTCT,4.269107276571624
24182,0.33102405229750853,15__mutated,PertCortex_15_ATTGGACCACAGGTTT,3.7169745205243694
24183,0.10245762971019702,15__mutated,PertCortex_15_ATTGGACCACGTAAGG,4.086996172740117
24184,0.2250837358940276,15__mutated,PertCortex_15_ATTGGACGTACGAAAT,3.818262512011917
24185,0.11171714516687212,15__mutated,PertCortex_15_ATTGGACGTGGCCCTA,4.073098986946515
24186,0.2778284073916485,15__mutated,PertCortex_15_ATTGGACGTTATGCGT,3.678032048345792
24187,0.3239438151257751,15__mutated,PertCortex_15_ATTGGACTCTGGTATG,4.213804047188147
24188,0.11536438289630446,15__mutated,PertCortex_15_ATTGGTGAGAGAACAG,5.005042826591802
24189,0.08461596832434061,15__mutated,PertCortex_15_ATTGGTGAGTACGCCC,4.557670218909387
24190,0.5334174114756163,15__mutated,PertCortex_15_ATTTCTGCATAAAGGT,3.0404829066325076
24191,0.1671440140521701,15__mutated,PertCortex_15_CAACCAAGTCCCTTGT,3.8602535640389153
24192,0.16986818853071792,15__mutated,PertCortex_15_CAACCAAGTCCTAGCG,4.136007731227199
24193,0.07134507929612315,15__mutated,PertCortex_15_CAACCAAGTCGCATCG,4.415427342734884
24194,0.18626934757683453,15__mutated,PertCortex_15_CAACCAAGTCGGCATC,2.9993727153784713
24195,0.11266417122641102,15__mutated,PertCortex_15_CAACCAAGTTCGGCAC,3.0718640818871292
24196,0.15404698111373177,15__mutated,PertCortex_15_CAACCAATCCAGTAGT,5.105080597996414
24197,0.204042386962987,15__mutated,PertCortex_15_CAACCAATCCGCAGTG,4.711046785784345
24198,0.15666549226831583,15__mutated,PertCortex_15_CAACCTCCAAATCCGT,5.503851381036056
24199,0.13759337342578948,15__mutated,PertCortex_15_CAACCTCGTATCAGTC,3.7212440944400482
24200,0.18586438583395068,15__mutated,PertCortex_15_CAACCTCGTCAAAGCG,3.9822131492387745
24201,0.09900090574006974,15__mutated,PertCortex_15_CAACCTCGTCCAGTAT,3.3852602490429735
24202,0.11431662394098288,15__mutated,PertCortex_15_CAACCTCTCCGCGGTA,3.994681669889282
24203,0.11955604693300173,15__mutated,PertCortex_15_CAACTAGAGTTGCAGG,4.4314415257373545
24204,0.156804294602226,15__mutated,PertCortex_15_CAACTAGCAAAGGAAG,4.590927603801012
24205,0.1560932131763422,15__mutated,PertCortex_15_CAACTAGTCCTAGGGC,4.506475305451719
24206,0.12045981001715435,15__mutated,PertCortex_15_CAACTAGTCGCTTAGA,4.37976229651721
24207,0.18050226995561333,15__mutated,PertCortex_15_CAAGAAAAGAAGGTGA,2.868590799173722
24208,0.09221759409746962,15__mutated,PertCortex_15_CAAGAAAAGCCAGGAT,3.635453401253141
24209,0.09695512603329944,15__mutated,PertCortex_15_CAAGAAAAGCCCTAAT,4.364960592915862
24210,0.20640412182006815,15__mutated,PertCortex_15_CAAGAAAAGCGTTTAC,2.7170199352809625
24211,0.27296989231635976,15__mutated,PertCortex_15_CAAGAAAAGTGTGAAT,4.620991409336348
24212,0.04875025782913345,15__mutated,PertCortex_15_CAAGAAACAGATCTGT,3.3000049533136893
24213,0.1287997823731299,15__mutated,PertCortex_15_CAAGAAATCAGTGTTG,2.695653788872016
24214,0.2091605882268185,15__mutated,PertCortex_15_CAAGAAATCGGCTACG,4.835708343879669
24215,0.0884490322010223,15__mutated,PertCortex_15_CAAGATCAGGACGAAA,4.024854389765867
24216,0.11385070203958879,15__mutated,PertCortex_15_CAAGATCAGTGCCAGA,4.516150447641797
24217,0.15839158617786098,15__mutated,PertCortex_15_CAAGATCGTAGCGCTC,2.3707788882692356
24218,0.12070615614208254,15__mutated,PertCortex_15_CAAGATCGTCCGAAGA,3.041718110965028
24219,0.18707229030913602,15__mutated,PertCortex_15_CAAGATCTCAGTGTTG,3.697700955412572
24220,0.19079331836993874,15__mutated,PertCortex_15_CAAGGCCAGATAGCAT,4.669460988175308
24221,0.14149228590797328,15__mutated,PertCortex_15_CAAGGCCCAACAACCT,3.700883897010574
24222,0.13516814407633487,15__mutated,PertCortex_15_CAAGGCCGTCGCATAT,3.7815563944936237
24223,0.1255270094650259,15__mutated,PertCortex_15_CAAGGCCGTGCAGACA,5.268885615771501
24224,0.3028220586360824,15__mutated,PertCortex_15_CAAGGCCGTTCAGTAC,3.498837327429872
24225,0.08057017807501471,15__mutated,PertCortex_15_CAAGTTGAGAAGGGTA,5.305975571717818
24226,0.21239468344283616,15__mutated,PertCortex_15_CAAGTTGAGCGCCTTG,3.3198407970833737
24227,0.3575776016293948,15__mutated,PertCortex_15_CAAGTTGCAACGCACC,2.321867372333309
24228,0.35633670959282543,15__mutated,PertCortex_15_CAAGTTGGTACACCGC,2.214695978798738
24229,0.3425560704994778,15__mutated,PertCortex_15_CAAGTTGGTCTCACCT,3.9792887672605075
24230,0.07471698302252053,15__mutated,PertCortex_15_CAAGTTGGTTAAGGGC,4.984502306024455
24231,0.14692539874407012,15__mutated,PertCortex_15_CAAGTTGTCATTGCGA,3.01017374572121
24232,0.2147421766037541,15__mutated,PertCortex_15_CAAGTTGTCTGAAAGA,3.3133175479819976
24233,0.1602189296699166,15__mutated,PertCortex_15_CACAAACAGAGACTTA,4.963348712909704
24234,0.32167128530951394,15__mutated,PertCortex_15_CACAAACCAAGCCCAC,2.7244510744272294
24235,0.10702455077638412,15__mutated,PertCortex_15_CACAAACGTCTCATCC,4.183201468442385
24236,0.32446987591442333,15__mutated,PertCortex_15_CACAAACGTCTTCGTC,2.557568009487536
24237,0.14331779767616804,15__mutated,PertCortex_15_CACAAACGTTACTGAC,4.71768805962789
24238,0.26867765292429097,15__mutated,PertCortex_15_CACAAACGTTCAGCGC,4.504727936416564
24239,0.1435295166748129,15__mutated,PertCortex_15_CACAAACGTTCTGAAC,5.0151450260818775
24240,0.46397510370546413,15__mutated,PertCortex_15_CACAAACTCTTCATGT,3.010026538909744
24241,0.12041286965776847,15__mutated,PertCortex_15_CACACAAAGATGTCGG,4.315848564542796
24242,0.10832301736871218,15__mutated,PertCortex_15_CACACAAAGCTGCCCA,3.3547807721208485
24243,0.16226979506703385,15__mutated,PertCortex_15_CACACAATCAGCCTAA,4.42755244344118
24244,0.08479528577833766,15__mutated,PertCortex_15_CACACAATCCCAAGTA,3.879885573313902
24245,0.11338092118237415,15__mutated,PertCortex_15_CACACAATCTTCAACT,3.5856730389712634
24246,0.181852497075411,15__mutated,PertCortex_15_CACACCTAGAGGACGG,5.4732101265225115
24247,0.3093758485249802,15__mutated,PertCortex_15_CACACCTAGCTGAACG,4.952940170548128
24248,0.20236710883076856,15__mutated,PertCortex_15_CACACCTGTAGCTTGT,4.121623104180334
24249,0.13890380886405598,15__mutated,PertCortex_15_CACACCTTCGATGAGG,4.434390232866424
24250,0.15035447323922366,15__mutated,PertCortex_15_CACACTCCAGTCACTA,3.711670947857395
24251,0.5945643929392439,15__mutated,PertCortex_15_CACACTCTCATTATCC,2.132212857613588
24252,0.20380462864817078,15__mutated,PertCortex_15_CACACTCTCCATGCTC,5.010520827973742
24253,0.21480960043807887,15__mutated,PertCortex_15_CACACTCTCTGATTCT,3.1853891474926437
24254,0.21701934722195382,15__mutated,PertCortex_15_CACAGGCAGTAGCCGA,4.508374709308638
24255,0.015865692859603712,15__mutated,PertCortex_15_CACAGGCCACTGTTAG,4.4951091270070584
24256,0.5898877963334864,15__mutated,PertCortex_15_CACAGGCCATCCTAGA,2.4704299167385626
24257,0.1958662395985971,15__mutated,PertCortex_15_CACAGGCGTAGCGCAA,4.698564529979034
24258,0.5237275915291887,15__mutated,PertCortex_15_CACAGGCGTTATCGGT,1.3083637171406723
24259,0.12035790519726969,15__mutated,PertCortex_15_CACAGGCGTTTCCACC,4.279253218253785
24260,0.15336174351685627,15__mutated,PertCortex_15_CACAGGCTCAGTTAGC,4.5993378484766145
24261,0.25265914203750983,15__mutated,PertCortex_15_CACAGTACACCAACCG,4.322195446776738
24262,0.2705362043263268,15__mutated,PertCortex_15_CACATAGAGAGCCCAA,3.2843121299263878
24263,0.1306593142599687,15__mutated,PertCortex_15_CACATAGAGGGTGTTG,2.4697765570476653
24264,0.18617854934142097,15__mutated,PertCortex_15_CACATAGGTCTTGTCC,4.350858742040307
24265,0.23051645541289045,15__mutated,PertCortex_15_CACATAGGTGTGCGTC,3.2207622611696234
24266,0.13507000218291992,15__mutated,PertCortex_15_CACATTTAGGTAGCTG,5.3552559736038585
24267,0.25106844552711466,15__mutated,PertCortex_15_CACATTTCACAAGACG,5.072279832285167
24268,0.16144087613147365,15__mutated,PertCortex_15_CACATTTCATCTACGA,2.724435614098783
24269,0.11931671135397699,15__mutated,PertCortex_15_CACATTTGTCGCGTGT,3.879559544418179
24270,0.5617414726540926,15__mutated,PertCortex_15_CACATTTGTCTGCGGT,2.375614046452352
24271,0.1092807484971597,15__mutated,PertCortex_15_CACCACTAGACGCTTT,4.4095070505091
24272,0.10822481358855539,15__mutated,PertCortex_15_CACCACTAGCCCAATT,4.468844761514754
24273,0.07608361361526807,15__mutated,PertCortex_15_CACCACTAGCCGGTAA,4.788115648677499
24274,0.11915500097920231,15__mutated,PertCortex_15_CACCACTAGTCACGCC,3.8041041026839206
24275,0.21938023288842234,15__mutated,PertCortex_15_CACCACTCATGAAGTA,4.620962682848547
24276,0.3115156709377676,15__mutated,PertCortex_15_CACCACTCATTCACTT,2.6188807564892733
24277,0.14553501069569327,15__mutated,PertCortex_15_CACCACTGTCTACCTC,4.31197919124528
24278,0.19498225316056023,15__mutated,PertCortex_15_CACCACTTCATTCACT,3.4877672641967816
24279,0.6263769504532615,15__mutated,PertCortex_15_CACCACTTCGCAAGCC,2.341299135581593
24280,0.4366944197090531,15__mutated,PertCortex_15_CACCACTTCGGATGGA,3.2864955665991595
24281,0.16292030218374365,15__mutated,PertCortex_15_CACCACTTCTGCGTAA,2.640215211496514
24282,0.03823730017987804,15__mutated,PertCortex_15_CACCAGGGTACGCTGC,5.282000075717857
24283,0.09110109109845183,15__mutated,PertCortex_15_CACCAGGGTTTGTGTG,2.6421627174187243
24284,0.08151291461538934,15__mutated,PertCortex_15_CACCTTGGTCATATGC,4.972772816506447
24285,0.06849907337051721,15__mutated,PertCortex_15_CACCTTGGTTAAGTAG,4.79163634734241
24286,0.07222329556037041,15__mutated,PertCortex_15_CACTCCAAGTATTGGA,4.807253705346304
24287,0.18323042018849603,15__mutated,PertCortex_15_CACTCCAAGTGCCATT,4.045780459788633
24288,0.15381345037143956,15__mutated,PertCortex_15_CACTCCAGTCCGAAGA,2.969808781248872
24289,0.15316067362838626,15__mutated,PertCortex_15_CACTCCATCCAAGCCG,3.584208494607355
24290,0.17502701466124937,15__mutated,PertCortex_15_CACTCCATCCTAGTGA,3.6867534545072895
24291,0.10978069354150131,15__mutated,PertCortex_15_CAGAATCAGAGGTACC,4.614471133214165
24292,0.17113113495608698,15__mutated,PertCortex_15_CAGAATCAGTATCTCG,5.00714488268745
24293,0.27884819725258353,15__mutated,PertCortex_15_CAGAATCAGTGGTCCC,2.991534407272129
24294,0.24301221724191827,15__mutated,PertCortex_15_CAGAATCGTCCGCTGA,3.9544391789589777
24295,0.149842464574116,15__mutated,PertCortex_15_CAGAATCGTTATTCTC,4.462490310244064
24296,0.5697117424778014,15__mutated,PertCortex_15_CAGAATCTCAGAAATG,2.775334412615085
24297,0.16649612358425353,15__mutated,PertCortex_15_CAGAATCTCTATCGCC,3.061646782112728
24298,0.22818569485545703,15__mutated,PertCortex_15_CAGAATCTCTCGATGA,3.6325531684722234
24299,0.5187708104433445,15__mutated,PertCortex_15_CAGAGAGAGAGAGCTC,2.2877562869363377
24300,0.21993166326240968,15__mutated,PertCortex_15_CAGAGAGCACCGTTGG,4.549334956918722
24301,0.1260247014478801,15__mutated,PertCortex_15_CAGAGAGCATTACGAC,3.6461587370730495
24302,0.11709968081755039,15__mutated,PertCortex_15_CAGAGAGTCACTTACT,4.192759782824901
24303,0.07439325078214769,15__mutated,PertCortex_15_CAGAGAGTCTTTAGTC,2.2250666975656412
24304,0.3742098357207246,15__mutated,PertCortex_15_CAGATCAAGATATGGT,5.005174803210138
24305,0.23025625780773915,15__mutated,PertCortex_15_CAGATCACACGGCTAC,3.673150007391676
24306,0.138407480006859,15__mutated,PertCortex_15_CAGATCACAGCATACT,3.837478942011992
24307,0.18634733291126937,15__mutated,PertCortex_15_CAGATCACAGGTTTCA,4.50518279734611
24308,0.5202869960450679,15__mutated,PertCortex_15_CAGATCAGTATGGTTC,2.33480176784257
24309,0.08843328497807398,15__mutated,PertCortex_15_CAGATCAGTGTGGTTT,5.780117793334977
24310,0.13674137916783743,15__mutated,PertCortex_15_CAGATCAGTTCCGGCA,3.832325932924929
24311,0.10385004323253544,15__mutated,PertCortex_15_CAGCAGCAGTGCCAGA,3.7831973537279113
24312,0.1043690889370927,15__mutated,PertCortex_15_CAGCAGCAGTGTTGAA,3.494604020047651
24313,0.2053796778686245,15__mutated,PertCortex_15_CAGCAGCCAGACTCGC,3.4418051694347582
24314,0.1368166344619069,15__mutated,PertCortex_15_CAGCAGCCATTATCTC,3.0706487693563425
24315,0.19803729294355588,15__mutated,PertCortex_15_CAGCAGCGTCCGCTGA,4.453108685962221
24316,0.20578656696994022,15__mutated,PertCortex_15_CAGCAGCTCCACGCAG,4.394368612338178
24317,0.13560693783448866,15__mutated,PertCortex_15_CAGCATAAGATGCGAC,3.095301328436436
24318,0.15778622761039351,15__mutated,PertCortex_15_CAGCATACAGTTAACC,4.636256348064729
24319,0.16342563026312645,15__mutated,PertCortex_15_CAGCATAGTTCGAATC,4.547426463381832
24320,0.39709003043171837,15__mutated,PertCortex_15_CAGCATATCACAGGCC,3.8285532674838105
24321,0.23843978609880795,15__mutated,PertCortex_15_CAGCATATCTGCGGCA,4.594185129823311
24322,0.23601430323952505,15__mutated,PertCortex_15_CAGCCGAAGTACGACG,4.206817987085052
24323,0.25645629250755203,15__mutated,PertCortex_15_CAGCCGACAGACAAAT,2.535690712169671
24324,0.21054475434720668,15__mutated,PertCortex_15_CAGCCGACATGCAACT,4.197121546810196
24325,0.37651720311993186,15__mutated,PertCortex_15_CAGCCGAGTACCGTAT,4.318842417116146
24326,0.08069003216805364,15__mutated,PertCortex_15_CAGCCGATCAGAAATG,3.0618322393536976
24327,0.2013007082854723,15__mutated,PertCortex_15_CAGCCGATCATAAAGG,3.436274808602696
24328,0.13848171460386752,15__mutated,PertCortex_15_CAGCGACAGGCGCTCT,4.25697167152114
24329,0.12701530028439567,15__mutated,PertCortex_15_CAGCGACAGGGTCGAT,2.9390114918187358
24330,0.07394367549111504,15__mutated,PertCortex_15_CAGCGACCAAAGTCAA,5.0020658594341
24331,0.23116757461911608,15__mutated,PertCortex_15_CAGCGACCAGGAATGC,3.24754723067013
24332,0.18232828443116125,15__mutated,PertCortex_15_CAGCGACCATTGTGCA,2.970133748102875
24333,0.14136127146786648,15__mutated,PertCortex_15_CAGCGACGTCCGAAGA,2.4654491164627426
24334,0.10328883258436566,15__mutated,PertCortex_15_CAGCGACGTGTAACGG,3.9727273780882015
24335,0.35032508483184116,15__mutated,PertCortex_15_CAGCGACTCCCTAATT,2.3224315004310556
24336,0.3623793900007066,15__mutated,PertCortex_15_CAGCGACTCTGAGTGT,3.654001230803416
24337,0.40700034344475333,15__mutated,PertCortex_15_CAGCTAAAGCTAGTCT,2.3253159217253647
24338,0.1563082085261966,15__mutated,PertCortex_15_CAGCTAACACCAACCG,3.1774995170233753
24339,0.1550700648962278,15__mutated,PertCortex_15_CAGCTAACACGCATCG,5.111143565439741
24340,0.3354973247097329,15__mutated,PertCortex_15_CAGCTAACATGCATGT,2.5658684223750234
24341,0.18828082158691206,15__mutated,PertCortex_15_CAGCTAAGTATGGTTC,3.2373985309767113
24342,0.24165675238523782,15__mutated,PertCortex_15_CAGCTAAGTTAAAGAC,4.9234301823282225
24343,0.3913843377001658,15__mutated,PertCortex_15_CAGCTAAGTTACCGAT,2.668479796738221
24344,0.29895645618160016,15__mutated,PertCortex_15_CAGCTAATCCATGAGT,4.268992139305813
24345,0.09062611767307266,15__mutated,PertCortex_15_CAGCTGGCAGTCAGAG,2.870911134580762
24346,0.16693332419246903,15__mutated,PertCortex_15_CAGCTGGGTCAGCTAT,5.122882465778041
24347,0.1809525392960833,15__mutated,PertCortex_15_CAGCTGGGTTCCACGG,2.377067380072946
24348,0.4816343814910494,15__mutated,PertCortex_15_CAGCTGGTCAATACCG,2.0202582461609015
24349,0.0946822674326964,15__mutated,PertCortex_15_CAGGTGCAGGATGTAT,4.284933170035752
24350,0.417258758087994,15__mutated,PertCortex_15_CAGGTGCCAAGCGATG,3.5731120903276055
24351,0.6270369448440185,15__mutated,PertCortex_15_CAGGTGCCACTTCGAA,2.3174837490507474
24352,0.051713590671672756,15__mutated,PertCortex_15_CAGGTGCCAGGAATGC,2.786753082805065
24353,0.3647522640201113,15__mutated,PertCortex_15_CAGGTGCTCTATGTGG,2.3691861996760855
24354,0.10787838800343656,15__mutated,PertCortex_15_CAGTAACAGTCGTTTG,4.390597587553741
24355,0.10807620542781418,15__mutated,PertCortex_15_CAGTAACCAGATGGCA,5.1482339120056215
24356,0.2044689710804521,15__mutated,PertCortex_15_CAGTAACCAGGTCGTC,4.097066462493923
24357,0.3039720897557193,15__mutated,PertCortex_15_CAGTAACCATGATCCA,3.210753367551331
24358,0.2259323586808899,15__mutated,PertCortex_15_CAGTAACGTGCATCTA,3.724920881821313
24359,0.5106503308401316,15__mutated,PertCortex_15_CAGTAACTCAAACCAC,1.8923986588868775
24360,0.15645765028839823,15__mutated,PertCortex_15_CAGTAACTCGATGAGG,4.653318762406753
24361,0.23978194003186692,15__mutated,PertCortex_15_CAGTAACTCTCTTATG,4.647151975935743
24362,0.2770242443218182,15__mutated,PertCortex_15_CAGTAACTCTGATTCT,2.9784422801541406
24363,0.05118313130045853,15__mutated,PertCortex_15_CAGTCCTAGAATCTCC,3.885385680126682
24364,0.14232947258650644,15__mutated,PertCortex_15_CAGTCCTAGAGCTATA,4.806094912056513
24365,0.11243835840313274,15__mutated,PertCortex_15_CAGTCCTAGAGGGATA,3.7854861599193645
24366,0.3283519232105079,15__mutated,PertCortex_15_CAGTCCTCAAACGTGG,2.6742353460010237
24367,0.21606847570793022,15__mutated,PertCortex_15_CAGTCCTCACCCATTC,3.3093523269520797
24368,0.2504743916883417,15__mutated,PertCortex_15_CAGTCCTCAGTCAGCC,4.669367170977325
24369,0.19199456115554994,15__mutated,PertCortex_15_CAGTCCTGTGTTGAGG,4.572853673315272
24370,0.10962462117666877,15__mutated,PertCortex_15_CAGTCCTGTTGTGGAG,3.3116812440728918
24371,0.1478840623134816,15__mutated,PertCortex_15_CAGTCCTTCAAAGACA,5.008631232503334
24372,0.1428097360627418,15__mutated,PertCortex_15_CAGTCCTTCAGCTTAG,3.7909076938308757
24373,0.20333115071880306,15__mutated,PertCortex_15_CAGTCCTTCCCAAGTA,4.069445411388251
24374,0.23705442221852727,15__mutated,PertCortex_15_CAGTCCTTCCGGCACA,2.423745899980393
24375,0.05728051613639939,15__mutated,PertCortex_15_CATATGGAGAGCCCAA,2.928483261563176
24376,0.13554092360995904,15__mutated,PertCortex_15_CATATGGAGTATGACA,5.121455851936138
24377,0.07967916667373563,15__mutated,PertCortex_15_CATATGGCACATGACT,4.353867053505257
24378,0.08879604575881066,15__mutated,PertCortex_15_CATATGGGTACACCGC,4.294680714634182
24379,0.170508329274445,15__mutated,PertCortex_15_CATATGGGTATTAGCC,3.776891082383917
24380,0.1365454699988927,15__mutated,PertCortex_15_CATATTCCAAGGCTCC,3.78016293940014
24381,0.2859971124514965,15__mutated,PertCortex_15_CATATTCCACATTAGC,3.5748464790611587
24382,0.18243605302862026,15__mutated,PertCortex_15_CATATTCCACCAGGCT,4.727970440110587
24383,0.14587363268011017,15__mutated,PertCortex_15_CATATTCCATGAAGTA,4.858392646937133
24384,0.22668683201972856,15__mutated,PertCortex_15_CATATTCGTGCGCTTG,3.897582044218574
24385,0.5468219754880728,15__mutated,PertCortex_15_CATATTCTCCGTTGCT,1.8421739517737785
24386,0.21576290531995188,15__mutated,PertCortex_15_CATCAAGAGCTGAACG,4.566687571862376
24387,0.16082272383007015,15__mutated,PertCortex_15_CATCAAGAGTGGCACA,4.704348656669337
24388,0.4166518005882566,15__mutated,PertCortex_15_CATCAAGCAACCGCCA,4.074974975876433
24389,0.17629122914077078,15__mutated,PertCortex_15_CATCAAGCAGGGTTAG,4.357662376033617
24390,0.055277099484997254,15__mutated,PertCortex_15_CATCAAGCATACTACG,4.448528061887784
24391,0.14348223964704654,15__mutated,PertCortex_15_CATCAAGGTATAGTAG,4.233210372373966
24392,0.15515904454129192,15__mutated,PertCortex_15_CATCAGAAGGCTACGA,4.491771864495721
24393,0.1517040498076532,15__mutated,PertCortex_15_CATCAGAAGTGGGATC,4.252776530605061
24394,0.16859495616813222,15__mutated,PertCortex_15_CATCAGACAGACGCCT,4.457885540971718
24395,0.10693921795376497,15__mutated,PertCortex_15_CATCAGACATAGGATA,3.587840635690837
24396,0.18603971639879555,15__mutated,PertCortex_15_CATCAGATCGGCTTGG,2.517198664883812
24397,0.3399959187180582,15__mutated,PertCortex_15_CATCCACAGGACCACA,4.710586684375911
24398,0.21538609740677223,15__mutated,PertCortex_15_CATCCACCATTCCTCG,4.5753955118227765
24399,0.11893556504528396,15__mutated,PertCortex_15_CATCCACGTCATATGC,4.063293521266071
24400,0.17866920100615608,15__mutated,PertCortex_15_CATCGAAAGTCACGCC,4.528433797959019
24401,0.14857253161364056,15__mutated,PertCortex_15_CATCGAACAAGCGATG,2.6639067968371144
24402,0.2062163123793355,15__mutated,PertCortex_15_CATCGAACATAGACTC,5.390437376502599
24403,0.15973709511835238,15__mutated,PertCortex_15_CATCGAAGTTAAGGGC,5.110548538261463
24404,0.19514884351425316,15__mutated,PertCortex_15_CATCGAAGTTGCGTTA,2.513802250229649
24405,0.26469663945545313,15__mutated,PertCortex_15_CATCGGGAGCAGATCG,4.5256616002458685
24406,0.48765082386777403,15__mutated,PertCortex_15_CATCGGGAGCGCCTTG,1.9215916266259936
24407,0.1525667480256378,15__mutated,PertCortex_15_CATCGGGAGGAGTCTG,5.0076520037355605
24408,0.19542576186529162,15__mutated,PertCortex_15_CATCGGGCAGTATGCT,1.8541848657448934
24409,0.0894298116557884,15__mutated,PertCortex_15_CATCGGGTCTTTAGTC,4.38522128111399
24410,0.6526363813672478,15__mutated,PertCortex_15_CATGACACACGACTCG,1.7942808871634415
24411,0.313256845338991,15__mutated,PertCortex_15_CATGCCTAGTTCGCAT,2.3555870853381475
24412,0.23096586960859394,15__mutated,PertCortex_15_CATGCCTCAGGAACGT,3.534661974838743
24413,0.2255644841746081,15__mutated,PertCortex_15_CATGCCTGTCTAGTGT,3.5123088628168704
24414,0.19375888366824068,15__mutated,PertCortex_15_CATGCCTTCATCGGAT,4.560710590315564
24415,0.23525320144938314,15__mutated,PertCortex_15_CATGCCTTCTCGTTTA,3.758711838346327
24416,0.28913499245417246,15__mutated,PertCortex_15_CATGGCGAGAGGTTAT,4.450509589401451
24417,0.1953201334806699,15__mutated,PertCortex_15_CATGGCGAGCTCCTCT,3.041912967048608
24418,0.5252402309236613,15__mutated,PertCortex_15_CATGGCGAGTGCCATT,3.272435348831109
24419,0.0752104896166971,15__mutated,PertCortex_15_CATGGCGGTCTAGTGT,2.6313446273412815
24420,0.21892562999668036,15__mutated,PertCortex_15_CATGGCGGTCTCTTTA,4.155034392335604
24421,0.09207935231823179,15__mutated,PertCortex_15_CATGGCGTCCCTCTTT,4.235355051738367
24422,0.2689948243505453,15__mutated,PertCortex_15_CATTATCCATCTCCCA,3.2473528672375034
24423,0.1641219370018346,15__mutated,PertCortex_15_CATTATCGTAAGTGTA,4.893172121262651
24424,0.16353630069114758,15__mutated,PertCortex_15_CATTATCGTAGCGATG,4.664858560809493
24425,0.1143480551186415,15__mutated,PertCortex_15_CATTATCGTTTGACAC,3.3112892350295504
24426,0.24570407001447037,15__mutated,PertCortex_15_CATTATCTCGGTTAAC,3.659441128596999
24427,0.1560430997203781,15__mutated,PertCortex_15_CATTCGCAGTCGCCGT,2.955619376080437
24428,0.19573341655208448,15__mutated,PertCortex_15_CATTCGCAGTGTGGCA,4.3774648854990135
24429,0.1960080223740428,15__mutated,PertCortex_15_CATTCGCCACAGGCCT,4.34330527837716
24430,0.17114765206818883,15__mutated,PertCortex_15_CATTCGCGTACGCACC,5.041541336207689
24431,0.3473072850995632,15__mutated,PertCortex_15_CATTCGCGTAGAGCTG,1.53600971740021
24432,0.3000493860087792,15__mutated,PertCortex_15_CATTCGCGTCCATCCT,2.5297037058274756
24433,0.19753661177671727,15__mutated,PertCortex_15_CATTCGCTCCAGTAGT,3.2839962871601394
24434,0.15263081396341668,15__mutated,PertCortex_15_CATTCGCTCGATGAGG,2.8803554986371465
24435,0.14844983552870356,15__mutated,PertCortex_15_CATTCGCTCGTCCGTT,3.2003022278900777
24436,0.45068938197674063,15__mutated,PertCortex_15_CCAATCCAGAACTGTA,2.4659316693551436
24437,0.09904632019385509,15__mutated,PertCortex_15_CCAATCCAGCTAACTC,5.031351481241257
24438,0.06846915516271695,15__mutated,PertCortex_15_CCAATCCCAAACGTGG,4.0461292537658125
24439,0.16812899056980768,15__mutated,PertCortex_15_CCAATCCCATTACCTT,5.174283837080944
24440,0.1841414703774434,15__mutated,PertCortex_15_CCAATCCGTCAACTGT,3.6401268854075295
24441,0.12455279907884631,15__mutated,PertCortex_15_CCAATCCGTTGTGGCC,4.551084007358051
24442,0.14139169665298237,15__mutated,PertCortex_15_CCAATCCTCAAGAAGT,5.189350663045415
24443,0.2360394084647615,15__mutated,PertCortex_15_CCAATCCTCACCCGAG,3.136395070013471
24444,0.1788212264313308,15__mutated,PertCortex_15_CCAATCCTCCACTGGG,4.274228074675892
24445,0.09803967005320574,15__mutated,PertCortex_15_CCACCTAAGGCTATCT,4.510377200873006
24446,0.12526886897717818,15__mutated,PertCortex_15_CCACCTAAGTAGGTGC,4.776516020885703
24447,0.16365103679949738,15__mutated,PertCortex_15_CCACCTACAACACCCG,4.535681232315933
24448,0.43059686738125325,15__mutated,PertCortex_15_CCACCTACATTTCAGG,4.617323890506683
24449,0.184338624209338,15__mutated,PertCortex_15_CCACCTAGTCACCTAA,4.489164515624306
24450,0.4799959371430253,15__mutated,PertCortex_15_CCACCTAGTCGAACAG,3.6059082248819245
24451,0.13445338038987265,15__mutated,PertCortex_15_CCACCTAGTCGTTGTA,4.98869099848218
24452,0.12367356899442233,15__mutated,PertCortex_15_CCACCTATCAAACAAG,4.698781483506658
24453,0.2028443218676898,15__mutated,PertCortex_15_CCACGGAAGCGTGAAC,2.4846450276052465
24454,0.1042518506547211,15__mutated,PertCortex_15_CCACGGAAGCTAAACA,5.685243976030808
24455,0.15981168985231312,15__mutated,PertCortex_15_CCACGGAAGCTTCGCG,5.44168986867911
24456,0.46733099123562283,15__mutated,PertCortex_15_CCACGGAAGTCATGCT,2.104788249138599
24457,0.14788678104218855,15__mutated,PertCortex_15_CCACGGAGTCGAATCT,4.993929596732637
24458,0.1568928830953086,15__mutated,PertCortex_15_CCACGGATCAGAGACG,4.270755855608701
24459,0.06300455893345183,15__mutated,PertCortex_15_CCACGGATCATTATCC,4.163797075438941
24460,0.18144976648065872,15__mutated,PertCortex_15_CCACGGATCCACGTGG,4.660198461660626
24461,0.6987833973676346,15__mutated,PertCortex_15_CCACTACAGTACGATA,1.702725916812114
24462,0.21685224163919517,15__mutated,PertCortex_15_CCACTACCAGATGGGT,4.551871943153666
24463,0.5060530648206951,15__mutated,PertCortex_15_CCACTACCATGGATGG,2.2176188954979374
24464,0.2056565121239104,15__mutated,PertCortex_15_CCACTACGTCTTGATG,3.587638918840795
24465,0.12972097354565534,15__mutated,PertCortex_15_CCACTACTCTGCTTGC,3.8167478489105346
24466,0.16011287101205782,15__mutated,PertCortex_15_CCAGCGAAGTACTTGC,3.9520758441233768
24467,0.6521312427447564,15__mutated,PertCortex_15_CCAGCGACAAAGGAAG,1.947487809037603
24468,0.26538684456085415,15__mutated,PertCortex_15_CCAGCGACAACGCACC,4.382116822724243
24469,0.4873151316971908,15__mutated,PertCortex_15_CCAGCGACAATGGAGC,2.0631717378046073
24470,0.16372112336951022,15__mutated,PertCortex_15_CCAGCGACATTGCGGC,2.6329365882181994
24471,0.14295059246590444,15__mutated,PertCortex_15_CCAGCGAGTCTGCCAG,3.618163365725877
24472,0.18017076786712324,15__mutated,PertCortex_15_CCAGCGATCCGTTGCT,3.3544796559055103
24473,0.1714787872530498,15__mutated,PertCortex_15_CCAGCGATCTACTTAC,3.2007363052706626
24474,0.13262487551715363,15__mutated,PertCortex_15_CCATGTCCACAGCCCA,4.410280113462459
24475,0.09173739672512901,15__mutated,PertCortex_15_CCATGTCCAGCCTTTC,2.6286621942079655
24476,0.09428722154261898,15__mutated,PertCortex_15_CCATGTCCATGAACCT,3.916991403128412
24477,0.11823987066081808,15__mutated,PertCortex_15_CCATGTCGTACCCAAT,4.648688604313605
24478,0.30432197892429763,15__mutated,PertCortex_15_CCATGTCGTAGCGCAA,3.1064763561608286
24479,0.28871833704946737,15__mutated,PertCortex_15_CCATGTCGTTTGGGCC,4.062467096001086
24480,0.2534747910126341,15__mutated,PertCortex_15_CCATGTCTCACTCTTA,4.115093094999848
24481,0.3319429393099905,15__mutated,PertCortex_15_CCATGTCTCCACTGGG,3.6866208067388917
24482,0.24283046067645214,15__mutated,PertCortex_15_CCATTCGAGATAGCAT,4.1843615610888465
24483,0.23941938997639922,15__mutated,PertCortex_15_CCATTCGAGATCCCGC,4.446470791135965
24484,0.1600595490113193,15__mutated,PertCortex_15_CCATTCGAGGATATAC,5.207773024103501
24485,0.1785423417873024,15__mutated,PertCortex_15_CCATTCGGTCATATGC,4.181889742018869
24486,0.18407630860463148,15__mutated,PertCortex_15_CCATTCGGTCTCACCT,5.119901132985802
24487,0.1647863401674448,15__mutated,PertCortex_15_CCATTCGGTGCAGTAG,2.639578785797882
24488,0.12872647889516936,15__mutated,PertCortex_15_CCCAATCAGATGGCGT,3.714840265381916
24489,0.22061569049173746,15__mutated,PertCortex_15_CCCAATCAGGCTCAGA,2.98710019041315
24490,0.1424627963232637,15__mutated,PertCortex_15_CCCAATCAGTCATCCA,5.303469282972367
24491,0.14663471104284984,15__mutated,PertCortex_15_CCCAATCGTAGCAAAT,4.513142502273197
24492,0.11749946454681708,15__mutated,PertCortex_15_CCCAATCGTGAGGCTA,5.279761964384708
24493,0.22938748249775429,15__mutated,PertCortex_15_CCCAGTTCAAGCGTAG,3.8659966301974755
24494,0.14034251957579125,15__mutated,PertCortex_15_CCCAGTTCAGTTAACC,2.35401121207263
24495,0.06838745806468648,15__mutated,PertCortex_15_CCCAGTTCATTTCAGG,2.4682937781568643
24496,0.22057945314393504,15__mutated,PertCortex_15_CCCAGTTTCCGAACGC,3.113116777791961
24497,0.21738183861580768,15__mutated,PertCortex_15_CCCATACCATGGTCTA,3.7978702010345904
24498,0.1263992348474065,15__mutated,PertCortex_15_CCCATACTCACTATTC,4.6441929241056314
24499,0.6223887856294943,15__mutated,PertCortex_15_CCCTCCTAGTCAAGCG,2.4972216897575144
24500,0.18560480198644652,15__mutated,PertCortex_15_CCCTCCTCACTACAGT,2.776027697556319
24501,0.2438098750635089,15__mutated,PertCortex_15_CCCTCCTTCAACGCTA,3.4537917657182224
24502,0.034748486141413654,15__mutated,PertCortex_15_CCGGGATAGTACTTGC,3.3422516709255206
24503,0.3613424983629122,15__mutated,PertCortex_15_CCGGGATAGTCATCCA,2.4027407589711065
24504,0.17505343184047967,15__mutated,PertCortex_15_CCGGGATCAATGGACG,4.413099152018585
24505,0.21970533394469594,15__mutated,PertCortex_15_CCGGGATCATAGAAAC,4.496225661789051
24506,0.18438515684051257,15__mutated,PertCortex_15_CCGGGATCATGGTCTA,2.6709844875991147
24507,0.14432490046216848,15__mutated,PertCortex_15_CCGGGATCATTTCACT,4.821499286080729
24508,0.19688659288971158,15__mutated,PertCortex_15_CCGGGATGTAACGACG,3.035120875769014
24509,0.4264973051821308,15__mutated,PertCortex_15_CCGGGATGTGACGGTA,1.882999737734192
24510,0.10226383029663423,15__mutated,PertCortex_15_CCGGGATGTTGTCTTT,4.4058888908288525
24511,0.15745553980154256,15__mutated,PertCortex_15_CCGGGATTCAGGATCT,3.141380748205205
24512,0.16345177470734734,15__mutated,PertCortex_15_CCGGGATTCTCGGACG,5.174158439606947
24513,0.11177111341854723,15__mutated,PertCortex_15_CCGGTAGAGAGAACAG,4.603186488202982
24514,0.14272661185672306,15__mutated,PertCortex_15_CCGGTAGCACACGCTG,4.62508477250054
24515,0.08663769269295005,15__mutated,PertCortex_15_CCGGTAGCAGATCCAT,4.559402440427603
24516,0.11025249220710204,15__mutated,PertCortex_15_CCGGTAGCAGGTCCAC,4.209079532728076
24517,0.16840412594911813,15__mutated,PertCortex_15_CCGGTAGGTATGAATG,3.0796326951150914
24518,0.2774071700423565,15__mutated,PertCortex_15_CCGGTAGTCAACACGT,4.510982882714351
24519,0.038105903762380745,15__mutated,PertCortex_15_CCGGTAGTCGCCTGAG,4.398916500880257
24520,0.3092473168244754,15__mutated,PertCortex_15_CCGGTAGTCTGAGTGT,2.597034331010879
24521,0.24679439311732096,15__mutated,PertCortex_15_CCGTACTAGCAGACTG,3.2747546877318254
24522,0.2604644650821675,15__mutated,PertCortex_15_CCGTACTCAGCTTCGG,2.7863608549532284
24523,0.17758944756653927,15__mutated,PertCortex_15_CCGTACTCATATGCTG,3.3023442164211385
24524,0.15272416249646442,15__mutated,PertCortex_15_CCGTACTGTAGGGACT,4.6127033705138585
24525,0.143604184225078,15__mutated,PertCortex_15_CCGTACTGTGACGCCT,4.099397652420363
24526,0.1189482024500424,15__mutated,PertCortex_15_CCGTACTGTGCTTCTC,3.4620726954243364
24527,0.15637828475126744,15__mutated,PertCortex_15_CCGTACTGTGTGACCC,3.0009667733807692
24528,0.08791045591505182,15__mutated,PertCortex_15_CCGTGGAAGCTTATCG,3.1184537666963976
24529,0.1703232174300587,15__mutated,PertCortex_15_CCGTGGAAGGCATGTG,5.000651658761442
24530,0.07530655033091242,15__mutated,PertCortex_15_CCGTGGACAGGACGTA,4.007093130520056
24531,0.19294134598653276,15__mutated,PertCortex_15_CCGTGGACAGTCGATT,4.249994722079033
24532,0.14652435225013968,15__mutated,PertCortex_15_CCGTGGACATAAAGGT,4.013960723747148
24533,0.24817363699153677,15__mutated,PertCortex_15_CCGTGGAGTCTCAACA,4.851781144057737
24534,0.16419573822316877,15__mutated,PertCortex_15_CCGTGGAGTCTGATCA,4.66705257954527
24535,0.17452454476038765,15__mutated,PertCortex_15_CCGTTCAAGTGGTAGC,4.057486330516203
24536,0.09731153645883701,15__mutated,PertCortex_15_CCGTTCAAGTGTACTC,4.271136391594936
24537,0.1231499830138782,15__mutated,PertCortex_15_CCGTTCACACACCGCA,4.010352891618466
24538,0.17815950378912981,15__mutated,PertCortex_15_CCGTTCACACAGACTT,4.4879687136580655
24539,0.2648133104698426,15__mutated,PertCortex_15_CCGTTCACACATGGGA,4.239163737881269
24540,0.19837517393175563,15__mutated,PertCortex_15_CCGTTCACAGAGTGTG,4.381274733181801
24541,0.21850224819846417,15__mutated,PertCortex_15_CCGTTCAGTAAAGGAG,4.987606049470829
24542,0.08842669981947908,15__mutated,PertCortex_15_CCGTTCAGTTCGGGCT,3.355735774630824
24543,0.06974878804712117,15__mutated,PertCortex_15_CCGTTCATCCACGAAT,4.090323868934696
24544,0.5543299121519855,15__mutated,PertCortex_15_CCGTTCATCTCAACTT,1.9927639925308454
24545,0.2349923130250271,15__mutated,PertCortex_15_CCTAAAGAGGATCGCA,2.697247765142466
24546,0.15274976439610843,15__mutated,PertCortex_15_CCTAAAGCATGTAAGA,3.284584744627152
24547,0.19686657779445962,15__mutated,PertCortex_15_CCTAAAGGTCTCATCC,4.7055813865848695
24548,0.3391191997253431,15__mutated,PertCortex_15_CCTAAAGGTGTGAAAT,2.716610821090554
24549,0.20891140878280617,15__mutated,PertCortex_15_CCTAAAGGTTGTCGCG,4.056096030443344
24550,0.16450678929554288,15__mutated,PertCortex_15_CCTAAAGTCGGAAACG,4.569136925212789
24551,0.09055401298170948,15__mutated,PertCortex_15_CCTACACAGGGCTTCC,2.9744653097606095
24552,0.4002846180416059,15__mutated,PertCortex_15_CCTACACCACATTAGC,2.49576571266698
24553,0.1411807038133983,15__mutated,PertCortex_15_CCTACACCAGCCAATT,3.768997191591403
24554,0.13427713357046736,15__mutated,PertCortex_15_CCTACACGTGAAAGAG,4.772704520536499
24555,0.19324696508920294,15__mutated,PertCortex_15_CCTACACGTGCGATAG,3.2739186322655396
24556,0.15891194143871917,15__mutated,PertCortex_15_CCTACACGTTACGCGC,4.983968296537046
24557,0.11044584300012567,15__mutated,PertCortex_15_CCTACACGTTCGCTAA,2.47958860875409
24558,0.15708707957826323,15__mutated,PertCortex_15_CCTACACTCAATCACG,3.6886183081114203
24559,0.15815786248815764,15__mutated,PertCortex_15_CCTACCAAGTCGCCGT,3.1989760723714764
24560,0.17330451786104117,15__mutated,PertCortex_15_CCTACCAAGTTGAGTA,4.892054623634544
24561,0.13972854475821117,15__mutated,PertCortex_15_CCTACCACAGTATCTG,5.075014526502489
24562,0.21210729613742202,15__mutated,PertCortex_15_CCTACCATCACCGGGT,2.6305221797158427
24563,0.216660241387251,15__mutated,PertCortex_15_CCTACCATCCGGGTGT,3.305589787646948
24564,0.18079847052567546,15__mutated,PertCortex_15_CCTACCATCGCTAGCG,3.7617503650275705
24565,0.12910099249975995,15__mutated,PertCortex_15_CCTAGCTCACATGACT,4.435160307782292
24566,0.2061066886142277,15__mutated,PertCortex_15_CCTAGCTGTCATATGC,2.3504513981394286
24567,0.14710047277171479,15__mutated,PertCortex_15_CCTAGCTGTTGCTCCT,4.236903214782575
24568,0.07635440579532524,15__mutated,PertCortex_15_CCTAGCTTCTGCAGTA,2.718729037332573
24569,0.14361583097980934,15__mutated,PertCortex_15_CCTATTACAAATTGCC,4.9212690782270405
24570,0.21288667790411825,15__mutated,PertCortex_15_CCTATTACAGTGGAGT,3.808770816103298
24571,0.08875795897960216,15__mutated,PertCortex_15_CCTATTAGTTCAGGCC,4.520108747149734
24572,0.19665345090144193,15__mutated,PertCortex_15_CCTATTAGTTGACGTT,4.818295994923575
24573,0.11186338238074671,15__mutated,PertCortex_15_CCTCAGTAGACTGGGT,4.8499334901230915
24574,0.10102873333462636,15__mutated,PertCortex_15_CCTCAGTAGGTACTCT,4.4787028244179075
24575,0.3454504637895764,15__mutated,PertCortex_15_CCTCAGTAGTACGACG,2.514067429713167
24576,0.2752160429293884,15__mutated,PertCortex_15_CCTCAGTAGTGAAGAG,3.41300389187491
24577,0.1689239594092363,15__mutated,PertCortex_15_CCTCAGTGTCCGAAGA,4.2956277688149
24578,0.08803731711930558,15__mutated,PertCortex_15_CCTCAGTGTGCGAAAC,4.968182406402801
24579,0.07030531470537396,15__mutated,PertCortex_15_CCTCAGTTCCAAACAC,4.35463286547771
24580,0.09293075235013537,15__mutated,PertCortex_15_CCTCAGTTCTTTAGTC,4.42467833954622
24581,0.2118217470619615,15__mutated,PertCortex_15_CCTCTGAAGCGATTCT,4.165091217207712
24582,0.29492033040059995,15__mutated,PertCortex_15_CCTCTGAAGCTACCTA,4.781531819178905
24583,0.005704182557795396,15__mutated,PertCortex_15_CCTCTGAAGCTCCTTC,3.4060933383696335
24584,0.11146511026890484,15__mutated,PertCortex_15_CCTCTGAGTAGCCTCG,4.405508370867609
24585,0.21816554619180176,15__mutated,PertCortex_15_CCTCTGAGTCCAGTTA,4.577036530222014
24586,0.155923903196332,15__mutated,PertCortex_15_CCTCTGAGTTAAGACA,3.3329939426954556
24587,0.3377989017414429,15__mutated,PertCortex_15_CCTCTGATCACAACGT,2.2439077877705604
24588,0.2104386961486736,15__mutated,PertCortex_15_CCTTACGAGATGCCTT,3.3997854372640024
24589,0.2144459623617956,15__mutated,PertCortex_15_CCTTACGGTGCAGTAG,3.6813132177033547
24590,0.19275538456017524,15__mutated,PertCortex_15_CCTTACGGTTCGAATC,3.839481988677962
24591,0.1536763990074147,15__mutated,PertCortex_15_CCTTACGTCACGCGGT,4.289618915468629
24592,0.141743161891616,15__mutated,PertCortex_15_CCTTCCCAGAAACCTA,4.769542009057238
24593,0.23600048882905592,15__mutated,PertCortex_15_CCTTCCCAGAGCTATA,4.997179938221798
24594,0.2993447938059242,15__mutated,PertCortex_15_CCTTCCCAGGGTATCG,3.167985904060746
24595,0.12962945276469678,15__mutated,PertCortex_15_CCTTCCCCAATCGAAA,4.558631550839765
24596,0.6266578978622488,15__mutated,PertCortex_15_CCTTCGAAGAGTACAT,2.5168394507209175
24597,0.10650281051276254,15__mutated,PertCortex_15_CCTTCGAAGGAGTAGA,3.5601189106661484
24598,0.13594225291729992,15__mutated,PertCortex_15_CCTTCGAAGGGTATCG,3.8063404646011727
24599,0.2640111974105081,15__mutated,PertCortex_15_CCTTCGACATCGGGTC,3.882396316983562
24600,0.5463649586190327,15__mutated,PertCortex_15_CCTTCGAGTGTGACGA,3.0647428034228197
24601,0.10316575846670908,15__mutated,PertCortex_15_CCTTCGATCCCAAGTA,4.289240699198993
24602,0.06697217777835843,15__mutated,PertCortex_15_CCTTTCTAGAACTCGG,3.604081586510411
24603,0.07960215067321984,15__mutated,PertCortex_15_CCTTTCTAGGACACCA,4.506626337021638
24604,0.2479907587829113,15__mutated,PertCortex_15_CCTTTCTTCGTATCAG,4.295849130715388
24605,0.5757782965274462,15__mutated,PertCortex_15_CGAACATAGAAGCCCA,2.1690049926535067
24606,0.28291526232605635,15__mutated,PertCortex_15_CGAACATAGAGCTTCT,4.545900412608871
24607,0.4944858450245185,15__mutated,PertCortex_15_CGAACATAGTGGTAGC,2.964275292924628
24608,0.07698169153771964,15__mutated,PertCortex_15_CGAACATCACGCGAAA,3.9773957528350965
24609,0.6233201139487516,15__mutated,PertCortex_15_CGAACATGTAAATGTG,2.270739524400782
24610,0.058291128913432876,15__mutated,PertCortex_15_CGAACATGTCTACCTC,4.24636997041955
24611,0.3027517151704354,15__mutated,PertCortex_15_CGAACATTCGACAGCC,3.533561780432485
24612,0.23631471265848203,15__mutated,PertCortex_15_CGAATGTAGAGCAATT,3.9202461415579055
24613,0.28651789340613953,15__mutated,PertCortex_15_CGAATGTCAGAAGCAC,3.591108746405263
24614,0.17530143355240646,15__mutated,PertCortex_15_CGAATGTCAGTTTACG,4.943305790210499
24615,0.06949721892594123,15__mutated,PertCortex_15_CGAATGTTCAGCCTAA,3.677561068278973
24616,0.3185256009028566,15__mutated,PertCortex_15_CGACCTTAGCTAAGAT,2.655984320577188
24617,0.14959480702878378,15__mutated,PertCortex_15_CGACCTTAGTACGTTC,3.9184002603155186
24618,0.14959722550024812,15__mutated,PertCortex_15_CGACCTTCAAGACACG,4.0419539416743095
24619,0.15460737088393373,15__mutated,PertCortex_15_CGACCTTCATCACGTA,3.196675684374268
24620,0.12579661795193608,15__mutated,PertCortex_15_CGACCTTGTAAAGGAG,3.550499645731314
24621,0.05068900726269746,15__mutated,PertCortex_15_CGACCTTGTCTAGCGC,4.933175924837012
24622,0.20690758829262443,15__mutated,PertCortex_15_CGACTTCAGGCATTGG,3.8961333121055235
24623,0.1466067381548708,15__mutated,PertCortex_15_CGACTTCAGGCTCATT,4.590592981668919
24624,0.08311365531568661,15__mutated,PertCortex_15_CGACTTCCACTTCGAA,3.16336290784604
24625,0.15139311509194897,15__mutated,PertCortex_15_CGACTTCGTGCCTGCA,4.612923261427865
24626,0.20423154414486744,15__mutated,PertCortex_15_CGACTTCTCATCGATG,3.4822267818342656
24627,0.09063379606871355,15__mutated,PertCortex_15_CGAGAAGAGAACAATC,2.5719035494863776
24628,0.1315132209651584,15__mutated,PertCortex_15_CGAGAAGAGTGACATA,5.768577459424687
24629,0.22608391502263275,15__mutated,PertCortex_15_CGAGAAGCACCTGGTG,4.036144334829126
24630,0.2433894762048915,15__mutated,PertCortex_15_CGAGAAGCACGACTCG,2.284981667079793
24631,0.21294307965402298,15__mutated,PertCortex_15_CGAGAAGGTTCCTCCA,3.72075056964987
24632,0.2183642875664311,15__mutated,PertCortex_15_CGAGAAGTCATGCTCC,3.894314924987443
24633,0.1245399151520817,15__mutated,PertCortex_15_CGAGAAGTCTCATTCA,3.5628675545290793
24634,0.3016942917323033,15__mutated,PertCortex_15_CGAGAAGTCTTACCTA,3.7561001977882444
24635,0.1642917242693879,15__mutated,PertCortex_15_CGAGCACAGACAGGCT,4.342435908500778
24636,0.20051283358929295,15__mutated,PertCortex_15_CGAGCACAGAGACTTA,4.318426172960178
24637,0.3438053313350864,15__mutated,PertCortex_15_CGAGCACCACTTAACG,2.275158500170461
24638,0.39622740175404625,15__mutated,PertCortex_15_CGAGCACTCGAGGTAG,1.836080912878458
24639,0.13438830911400457,15__mutated,PertCortex_15_CGAGCACTCTTATCTG,3.8682048435879266
24640,0.19273389795357115,15__mutated,PertCortex_15_CGAGCACTCTTGTATC,3.2298188631509994
24641,0.05103950489990015,15__mutated,PertCortex_15_CGAGCCAAGAGCAATT,3.628345810032904
24642,0.1469044013345596,15__mutated,PertCortex_15_CGAGCCAAGATGGGTC,3.0948447424200607
24643,0.07474135921769053,15__mutated,PertCortex_15_CGAGCCACAGGTCCAC,4.152776557377467
24644,0.11235488006114584,15__mutated,PertCortex_15_CGAGCCAGTATATCCG,4.655997829927989
24645,0.17437220484240468,15__mutated,PertCortex_15_CGAGCCAGTCTCGTTC,4.71827770444761
24646,0.15300795731712918,15__mutated,PertCortex_15_CGAGCCATCATAGCAC,4.973263563566182
24647,0.12964245929614535,15__mutated,PertCortex_15_CGATCGGCAGACAAGC,5.291418218885455
24648,0.14303841401389086,15__mutated,PertCortex_15_CGATCGGCAGTTCCCT,2.7950637227962205
24649,0.2435030305883906,15__mutated,PertCortex_15_CGATCGGCATTAGCCA,4.497387736100551
24650,0.16166634659472237,15__mutated,PertCortex_15_CGATCGGTCTGGTTCC,4.702113526437252
24651,0.10562060154062211,15__mutated,PertCortex_15_CGATGGCAGTAGTGCG,4.274489210772735
24652,0.19573383909227088,15__mutated,PertCortex_15_CGATGGCCAACACGCC,4.022119253264098
24653,0.20739377995923025,15__mutated,PertCortex_15_CGATGGCCAGGGTTAG,4.626890312718764
24654,0.14739061487303218,15__mutated,PertCortex_15_CGATGTACACAGTCGC,4.755797144284998
24655,0.2567982872830917,15__mutated,PertCortex_15_CGATGTACACTTGGAT,2.484215660279251
24656,0.1884894207798551,15__mutated,PertCortex_15_CGATGTACATGCCTTC,4.654002901961431
24657,0.2884749833310582,15__mutated,PertCortex_15_CGATGTATCATCTGCC,4.947134621335377
24658,0.24790299872451854,15__mutated,PertCortex_15_CGATTGAAGATCTGAA,3.6035078207012874
24659,0.19680484866438208,15__mutated,PertCortex_15_CGATTGACATATACCG,3.5693890714616168
24660,0.29532731261509604,15__mutated,PertCortex_15_CGATTGAGTAGCCTCG,3.1462358934723618
24661,0.18343767592529558,15__mutated,PertCortex_15_CGATTGAGTATATGGA,5.502306164768437
24662,0.17076137513255804,15__mutated,PertCortex_15_CGCCAAGAGGCACATG,3.592664558325192
24663,0.10851247394346375,15__mutated,PertCortex_15_CGCCAAGAGGCTATCT,3.17082609160495
24664,0.18067003220942504,15__mutated,PertCortex_15_CGCCAAGTCCGTTGCT,3.956419050953379
24665,0.12704826698268465,15__mutated,PertCortex_15_CGCGGTAAGCTGCCCA,3.8634407355466163
24666,0.21794406340435893,15__mutated,PertCortex_15_CGCGGTAAGTTTGCGT,3.0026116856703293
24667,0.1057817518344337,15__mutated,PertCortex_15_CGCGGTACAGACTCGC,4.226051910250569
24668,0.11696920089103748,15__mutated,PertCortex_15_CGCGGTACATTAGGCT,4.091319571637482
24669,0.32799309859061737,15__mutated,PertCortex_15_CGCGGTAGTTCCCGAG,4.165317444723784
24670,0.14545051875967305,15__mutated,PertCortex_15_CGCGGTATCACCTTAT,2.9052550951248377
24671,0.10875322816682563,15__mutated,PertCortex_15_CGCGGTATCGAGAACG,3.327665082122079
24672,0.15588858767660688,15__mutated,PertCortex_15_CGCGTTTCAACTGGCC,4.281199860810084
24673,0.05520653535693354,15__mutated,PertCortex_15_CGCGTTTCAATAGAGT,4.468381007392554
24674,0.20321486079376655,15__mutated,PertCortex_15_CGCGTTTCAGCGTCCA,3.3919138052494078
24675,0.22463427040285933,15__mutated,PertCortex_15_CGCGTTTGTGCGATAG,3.150047244088281
24676,0.39070118082233773,15__mutated,PertCortex_15_CGCGTTTTCTTGTTTG,3.4886151658441857
24677,0.24579097817814713,15__mutated,PertCortex_15_CGCTATCAGTAGCGGT,4.761892355120595
24678,0.30143059686977686,15__mutated,PertCortex_15_CGCTATCCAGACAAAT,4.335570896276862
24679,0.11955488012304075,15__mutated,PertCortex_15_CGCTATCCATAGACTC,4.94021897900621
24680,0.12737487009865112,15__mutated,PertCortex_15_CGCTATCTCCGTTGTC,4.878285469310509
24681,0.1067925958176877,15__mutated,PertCortex_15_CGCTGGACACAAGTAA,3.741446732837713
24682,0.19754021299810462,15__mutated,PertCortex_15_CGCTGGACACGAAACG,3.2419579237777887
24683,0.07804283217828326,15__mutated,PertCortex_15_CGCTGGACAGGAACGT,4.630841079210216
24684,0.09837381942931481,15__mutated,PertCortex_15_CGCTGGAGTAAACGCG,2.984224820612562
24685,0.10272189661919592,15__mutated,PertCortex_15_CGCTGGAGTCCGCTGA,3.6849540608898126
24686,0.20841336518718484,15__mutated,PertCortex_15_CGCTGGAGTCGCGGTT,3.582150266715559
24687,0.18235239384621443,15__mutated,PertCortex_15_CGCTTCAGTAAGGGAA,4.247263757132429
24688,0.17954170898441663,15__mutated,PertCortex_15_CGCTTCAGTGTCCTCT,2.372873976514188
24689,0.18801413501057934,15__mutated,PertCortex_15_CGCTTCAGTTCCAACA,4.590629993271488
24690,0.24253710731272574,15__mutated,PertCortex_15_CGCTTCATCACATAGC,3.958332195615211
24691,0.13150208573491542,15__mutated,PertCortex_15_CGGACACAGTCCAGGA,4.996040533688444
24692,0.12354519187926265,15__mutated,PertCortex_15_CGGACACAGTGCGTGA,4.741472825755082
24693,0.07274953483186808,15__mutated,PertCortex_15_CGGACACCACGACTCG,4.1235646940092385
24694,0.26795034795343325,15__mutated,PertCortex_15_CGGACACCAGGAATCG,4.403687511091024
24695,0.08275129158460254,15__mutated,PertCortex_15_CGGACACGTGTCGCTG,4.343343720860157
24696,0.21473977532402488,15__mutated,PertCortex_15_CGGACACGTTTCGCTC,4.925734026425001
24697,0.07225543201174714,15__mutated,PertCortex_15_CGGACACTCCTAGAAC,4.187076899349542
24698,0.2889318551896032,15__mutated,PertCortex_15_CGGACACTCCTTTCGG,2.5998746075585553
24699,0.34605460791785814,15__mutated,PertCortex_15_CGGACACTCGCATGAT,4.204119409770889
24700,0.09800432783750528,15__mutated,PertCortex_15_CGGACGTAGCACCGTC,4.769433194544738
24701,0.23248452160121702,15__mutated,PertCortex_15_CGGACGTAGGTGCACA,3.055701359222822
24702,0.08014688707974486,15__mutated,PertCortex_15_CGGACGTAGTCTCAAC,4.419828699614033
24703,0.22792511374806249,15__mutated,PertCortex_15_CGGACGTCAAACAACA,2.9396071288223533
24704,0.19549972290546827,15__mutated,PertCortex_15_CGGACGTGTCAATACC,4.45458298908859
24705,0.33247355006360485,15__mutated,PertCortex_15_CGGACGTGTGGTAACG,2.465624961445674
24706,0.18881855600607497,15__mutated,PertCortex_15_CGGACGTGTTCTGTTT,4.049083443866937
24707,0.24642296034874167,15__mutated,PertCortex_15_CGGACGTGTTTCCACC,5.146837571875673
24708,0.1541971840961004,15__mutated,PertCortex_15_CGGACTGAGCCCGAAA,4.008967229199766
24709,0.2210771707818787,15__mutated,PertCortex_15_CGGACTGAGGGAACGG,3.5528884237620986
24710,0.18034591372501435,15__mutated,PertCortex_15_CGGACTGCATGGTAGG,4.730157759306143
24711,0.14110223257639493,15__mutated,PertCortex_15_CGGAGCTCATGCAATC,4.679366823322931
24712,0.14316967676795253,15__mutated,PertCortex_15_CGGAGCTGTCACCTAA,4.430119330509847
24713,0.13166365163960256,15__mutated,PertCortex_15_CGGAGCTGTCGTCTTC,4.154363898540117
24714,0.20085053780815573,15__mutated,PertCortex_15_CGGAGCTTCGGCTACG,3.6586264819111523
24715,0.15932835680967083,15__mutated,PertCortex_15_CGGAGCTTCTAACGGT,5.336698046049652
24716,0.14910019803310834,15__mutated,PertCortex_15_CGGAGTCAGACGCACA,4.795331374845518
24717,0.10110339403465456,15__mutated,PertCortex_15_CGGAGTCAGATATGCA,4.063164014649447
24718,0.37959015503188426,15__mutated,PertCortex_15_CGGAGTCAGCTAAACA,4.495810051058653
24719,0.08002365498124066,15__mutated,PertCortex_15_CGGAGTCAGGAATGGA,3.5216005118409193
24720,0.1386976817027495,15__mutated,PertCortex_15_CGGAGTCAGGCCCTTG,4.341271201575902
24721,0.22323694642358108,15__mutated,PertCortex_15_CGGAGTCCATTCCTGC,4.115010452509567
24722,0.1737765076500625,15__mutated,PertCortex_15_CGGAGTCGTCAAGCGA,4.681583733949796
24723,0.10893181408708252,15__mutated,PertCortex_15_CGGAGTCTCTTCTGGC,3.3399445090013313
24724,0.49104643344896837,15__mutated,PertCortex_15_CGGCTAGAGCTAGCCC,2.1821786451490905
24725,0.18689908336403133,15__mutated,PertCortex_15_CGGCTAGCACGAAATA,5.417140083011092
24726,0.07617112447370966,15__mutated,PertCortex_15_CGGCTAGCACGTTGGC,4.559248452223648
24727,0.11719840986032136,15__mutated,PertCortex_15_CGGCTAGCAGATGGGT,2.981799088334439
24728,0.119399241485057,15__mutated,PertCortex_15_CGGCTAGGTACAAGTA,4.465843885479267
24729,0.13853723134204948,15__mutated,PertCortex_15_CGGCTAGGTTACGACT,4.11758361772322
24730,0.11298833394782742,15__mutated,PertCortex_15_CGGGTCAAGAGGTTAT,5.016670452892042
24731,0.13223377884144938,15__mutated,PertCortex_15_CGGGTCAAGCACCGTC,3.9471039125676497
24732,0.25385548737709135,15__mutated,PertCortex_15_CGGGTCAAGCAGCGTA,1.6883172812836396
24733,0.26195147386981005,15__mutated,PertCortex_15_CGGGTCAAGGCCCTTG,2.433607519791209
24734,0.3195758830698888,15__mutated,PertCortex_15_CGGGTCAAGGGTGTGT,4.096253384060278
24735,0.22980920115858602,15__mutated,PertCortex_15_CGGGTCATCTCGTTTA,2.883096731218474
24736,0.3490920355384618,15__mutated,PertCortex_15_CGGTTAAAGGCATGGT,4.049936577039786
24737,0.0801917337823652,15__mutated,PertCortex_15_CGGTTAAGTGAGGGTT,3.2582453700052447
24738,0.13282655426729556,15__mutated,PertCortex_15_CGGTTAATCACCTCGT,3.665230103551861
24739,0.25800192073689776,15__mutated,PertCortex_15_CGTAGCGAGACCGGAT,2.9316707039052723
24740,0.13146428236016264,15__mutated,PertCortex_15_CGTAGCGCATAAGACA,4.399980063998071
24741,0.07896760694076699,15__mutated,PertCortex_15_CGTAGCGTCAGTTTGG,4.6824021107204405
24742,0.190019541937124,15__mutated,PertCortex_15_CGTAGCGTCTATCGCC,4.380196873776427
24743,0.24269003067411313,15__mutated,PertCortex_15_CGTAGGCGTCAGTGGA,1.9311673021002076
24744,0.16492865642120555,15__mutated,PertCortex_15_CGTAGGCGTGCAGGTA,3.5564631882470463
24745,0.21768308086583313,15__mutated,PertCortex_15_CGTCACTCACCGATAT,4.111821096577041
24746,0.151387786766241,15__mutated,PertCortex_15_CGTCACTCACGACTCG,3.7622627447849726
24747,0.22614379656771597,15__mutated,PertCortex_15_CGTCACTGTGGTAACG,3.6123982418548763
24748,0.3841934747638217,15__mutated,PertCortex_15_CGTCACTTCACATACG,2.5443521806310754
24749,0.1754793355499323,15__mutated,PertCortex_15_CGTCACTTCACTTCAT,5.452279446875092
24750,0.23387173852404505,15__mutated,PertCortex_15_CGTCAGGCAGACGCTC,2.4372968971376077
24751,0.13744133289318008,15__mutated,PertCortex_15_CGTCAGGGTCGAGTTT,4.241236708074805
24752,0.11462178340058164,15__mutated,PertCortex_15_CGTCAGGTCTGAAAGA,4.487864423384147
24753,0.12541549654931425,15__mutated,PertCortex_15_CGTCCATTCACGAAGG,3.262985510185942
24754,0.1830825153083226,15__mutated,PertCortex_15_CGTCTACAGATCACGG,3.226641618820355
24755,0.16567193384394804,15__mutated,PertCortex_15_CGTCTACAGTCAAGGC,5.1740697685300905
24756,0.13416503550399034,15__mutated,PertCortex_15_CGTCTACCACTCAGGC,3.568103233529493
24757,0.49138176244552856,15__mutated,PertCortex_15_CGTCTACCAGCTGGCT,2.4063643475192302
24758,0.1692159180927412,15__mutated,PertCortex_15_CGTCTACGTCTGCCAG,3.27892327138218
24759,0.3530270110862586,15__mutated,PertCortex_15_CGTCTACGTGACGGTA,2.296956175169708
24760,0.2255412821649058,15__mutated,PertCortex_15_CGTCTACTCTGATACG,3.1523731483255104
24761,0.3131809362397267,15__mutated,PertCortex_15_CGTGAGCAGCTCCTTC,2.22532878667786
24762,0.1412957071366302,15__mutated,PertCortex_15_CGTGAGCGTTCGTGAT,3.7694717469591335
24763,0.10796789814090264,15__mutated,PertCortex_15_CGTGAGCTCAACGAAA,5.086408253636729
24764,0.313393198371085,15__mutated,PertCortex_15_CGTGAGCTCTTGGGTA,2.292471545774597
24765,0.30952846553069585,15__mutated,PertCortex_15_CGTGTAAAGAAGCCCA,4.196324890555143
24766,0.20716484929298223,15__mutated,PertCortex_15_CGTGTAAAGATACACA,4.806392830135337
24767,0.16499836326860282,15__mutated,PertCortex_15_CGTGTAAAGATGAGAG,4.106573001397772
24768,0.18805039142674115,15__mutated,PertCortex_15_CGTGTAAAGCTCAACT,4.495468017864351
24769,0.16376307058585207,15__mutated,PertCortex_15_CGTGTAAAGGGTGTTG,2.832463875982033
24770,0.14542382092772507,15__mutated,PertCortex_15_CGTGTAAAGTACGACG,3.556481958040833
24771,0.18373446458974918,15__mutated,PertCortex_15_CGTGTAACACGCTTTC,3.19170688928559
24772,0.1773721577086468,15__mutated,PertCortex_15_CGTGTAAGTAAGTTCC,4.002392426629177
24773,0.1588602188608206,15__mutated,PertCortex_15_CGTGTAATCAGCATGT,5.031450724741339
24774,0.19408569705069245,15__mutated,PertCortex_15_CGTGTCTCAGGATTGG,2.893901044245138
24775,0.266416031518573,15__mutated,PertCortex_15_CGTGTCTGTGCACTTA,4.117308304416118
24776,0.09943147333579758,15__mutated,PertCortex_15_CGTTAGAAGTCACGCC,4.6725572702669815
24777,0.0993383556199113,15__mutated,PertCortex_15_CGTTAGACAGACAGGT,3.2384560169159258
24778,0.5712901893120177,15__mutated,PertCortex_15_CGTTAGAGTGTTTGGT,2.338762392072096
24779,0.17115176874000332,15__mutated,PertCortex_15_CGTTAGATCACCGTAA,4.184186582132649
24780,0.14502506999793852,15__mutated,PertCortex_15_CGTTAGATCTCGGACG,4.3572923708863
24781,0.10839899563597535,15__mutated,PertCortex_15_CGTTCTGAGATATGGT,3.581619153997981
24782,0.17943388426735857,15__mutated,PertCortex_15_CGTTCTGCACCTATCC,3.39786975113839
24783,0.14185435156182466,15__mutated,PertCortex_15_CGTTCTGTCATGTCTT,4.19026709657404
24784,0.14772885660180793,15__mutated,PertCortex_15_CGTTGGGAGAATGTTG,2.7526682113005645
24785,0.12189958112584894,15__mutated,PertCortex_15_CGTTGGGCACACAGAG,4.739353855681783
24786,0.14819572894127436,15__mutated,PertCortex_15_CGTTGGGCAGACACTT,4.531972433874504
24787,0.3290346056065187,15__mutated,PertCortex_15_CGTTGGGCAGCATACT,2.346739193023046
24788,0.2309751719422735,15__mutated,PertCortex_15_CGTTGGGGTCAAAGCG,4.370593965360978
24789,0.21952739163534904,15__mutated,PertCortex_15_CGTTGGGGTTGTGGCC,4.0199995083901925
24790,0.22180317667529992,15__mutated,PertCortex_15_CGTTGGGTCTACCTGC,4.454277139780097
24791,0.14731854726086935,15__mutated,PertCortex_15_CTAACTTAGAGGGCTT,3.961693629060719
24792,0.10536242134825978,15__mutated,PertCortex_15_CTAACTTAGTTCCACA,3.576377573729322
24793,0.17836832641458986,15__mutated,PertCortex_15_CTAACTTGTTACGTCA,4.660499072401808
24794,0.2357980027732186,15__mutated,PertCortex_15_CTAACTTGTTCCCTTG,2.980911434923174
24795,0.1569173006483765,15__mutated,PertCortex_15_CTAACTTTCGTATCAG,3.806152520180212
24796,0.5852391139852032,15__mutated,PertCortex_15_CTAAGACAGGCATGTG,1.9424159821809608
24797,0.10165519503695555,15__mutated,PertCortex_15_CTAAGACCATCAGTCA,5.269932142541294
24798,0.26883256870881916,15__mutated,PertCortex_15_CTAAGACTCATCTGTT,4.2501810888666745
24799,0.26220967683644725,15__mutated,PertCortex_15_CTAATGGAGTGTCCAT,2.515181911290814
24800,0.2369371517508346,15__mutated,PertCortex_15_CTAATGGCATGATCCA,4.036912755136377
24801,0.1431416597488288,15__mutated,PertCortex_15_CTAATGGGTCTGGAGA,5.555587611662909
24802,0.25163132061905646,15__mutated,PertCortex_15_CTACACCAGATGGGTC,3.8939467712014566
24803,0.1662551908464834,15__mutated,PertCortex_15_CTACACCAGGCAGTCA,4.942902896108521
24804,0.20248292980504085,15__mutated,PertCortex_15_CTACACCAGGTGCAAC,4.686917572797496
24805,0.16179061323226673,15__mutated,PertCortex_15_CTACACCAGTGTCCAT,3.2183054873618198
24806,0.2858455744518812,15__mutated,PertCortex_15_CTACACCGTAGCGTCC,2.93416677922633
24807,0.09932711153240206,15__mutated,PertCortex_15_CTACACCGTCTCCCTA,3.171113772862288
24808,0.16348906920285036,15__mutated,PertCortex_15_CTACACCGTTGTGGCC,4.885266494796525
24809,0.1752278698506474,15__mutated,PertCortex_15_CTACACCTCCAAACTG,3.8515225481415687
24810,0.11448600104142018,15__mutated,PertCortex_15_CTACACCTCGCCTGTT,3.9119312325631705
24811,0.29729128067575433,15__mutated,PertCortex_15_CTACACCTCGTACGGC,4.343328776947549
24812,0.083479101442022,15__mutated,PertCortex_15_CTACATTAGTGAACGC,4.164204174698215
24813,0.13136855940643133,15__mutated,PertCortex_15_CTACATTCAAGTCATC,5.118772417420883
24814,0.2666943839533512,15__mutated,PertCortex_15_CTACATTCATGCCTTC,4.112861844972416
24815,0.20293961618474105,15__mutated,PertCortex_15_CTACATTGTCCGTCAG,4.774541797100981
24816,0.16640391345340888,15__mutated,PertCortex_15_CTACATTTCAGTCCCT,5.12634886891244
24817,0.200250646524855,15__mutated,PertCortex_15_CTACATTTCCTTGACC,3.488820655224117
24818,0.18511436089000252,15__mutated,PertCortex_15_CTACATTTCGATCCCT,3.3691722619395916
24819,0.2131613462529419,15__mutated,PertCortex_15_CTACCCAAGCAGGCTA,3.8867949525992063
24820,0.17306492920052155,15__mutated,PertCortex_15_CTACCCAAGGGTGTTG,4.567808622621254
24821,0.1123714744692559,15__mutated,PertCortex_15_CTACCCAGTCGGCATC,5.146144227164603
24822,0.09297357442963503,15__mutated,PertCortex_15_CTACCCAGTCGGCTCA,3.62805107275066
24823,0.28949276184394956,15__mutated,PertCortex_15_CTACCCAGTCTAGAGG,4.8596845208930795
24824,0.1312688640713233,15__mutated,PertCortex_15_CTACCCAGTGACGGTA,4.577216614597369
24825,0.17146746825980497,15__mutated,PertCortex_15_CTACGTCCACCAGGCT,5.533291025412929
24826,0.18224384057338014,15__mutated,PertCortex_15_CTACGTCCAGCGTCCA,4.5017821272665515
24827,0.1812339049041344,15__mutated,PertCortex_15_CTACGTCCATTTGCCC,3.9615129976385908
24828,0.3980486514367466,15__mutated,PertCortex_15_CTACGTCGTAGCGCAA,3.0467484494447783
24829,0.17296907759253882,15__mutated,PertCortex_15_CTACGTCTCCGCGTTT,4.480504037152231
24830,0.141661022599914,15__mutated,PertCortex_15_CTACGTCTCCGTAGTA,4.455262886614729
24831,0.26525008389739596,15__mutated,PertCortex_15_CTACGTCTCGGCTTGG,2.649717845691787
24832,0.36573438231313515,15__mutated,PertCortex_15_CTAGAGTAGAATGTTG,3.0678462688260915
24833,0.10011597000662542,15__mutated,PertCortex_15_CTAGAGTAGATGTGTA,5.138678241512567
24834,0.113289683353614,15__mutated,PertCortex_15_CTAGAGTAGCTAGTCT,3.952480732658307
24835,0.3971658292827413,15__mutated,PertCortex_15_CTAGAGTAGGCTAGAC,2.394234164730719
24836,0.21354120977206031,15__mutated,PertCortex_15_CTAGAGTCAAGGTGTG,4.8526546505298125
24837,0.05511636357791418,15__mutated,PertCortex_15_CTAGAGTCAGCTGTGC,3.809141600387714
24838,0.14305616394544418,15__mutated,PertCortex_15_CTAGAGTCATAAAGGT,4.957818628541605
24839,0.08200805956206313,15__mutated,PertCortex_15_CTAGAGTGTGAGGGTT,4.517711313853387
24840,0.0834498650998852,15__mutated,PertCortex_15_CTAGCCTAGGATTCGG,3.92032297133138
24841,0.11860923086840577,15__mutated,PertCortex_15_CTAGCCTAGGCATGGT,4.377515341064482
24842,0.22133251951838906,15__mutated,PertCortex_15_CTAGCCTAGGGCTCTC,4.361059357834089
24843,0.1013750426834634,15__mutated,PertCortex_15_CTAGCCTCACAGACTT,5.148865876147809
24844,0.11193391938398223,15__mutated,PertCortex_15_CTAGCCTGTATTACCG,4.150911130716995
24845,0.18242260500725935,15__mutated,PertCortex_15_CTAGCCTTCCTATTCA,3.392309659300801
24846,0.23811197344890087,15__mutated,PertCortex_15_CTAGTGAAGAGGGATA,2.691135769903718
24847,0.29828155715220017,15__mutated,PertCortex_15_CTAGTGAAGCGTCTAT,2.5595269584660647
24848,0.19403341834623797,15__mutated,PertCortex_15_CTAGTGAAGGAGCGAG,3.7510033112341117
24849,0.10874423871065247,15__mutated,PertCortex_15_CTAGTGAAGGCTAGAC,4.09971225236493
24850,0.13386943142381613,15__mutated,PertCortex_15_CTAGTGAAGTAACCCT,4.734816411911106
24851,0.15652645482395333,15__mutated,PertCortex_15_CTAGTGAAGTGTCTCA,4.716617435077588
24852,0.16909037004710534,15__mutated,PertCortex_15_CTAGTGAGTGCCTTGG,4.042741136413916
24853,0.19634506907588242,15__mutated,PertCortex_15_CTAGTGATCTGCTTGC,3.4601083515512463
24854,0.10998765710305428,15__mutated,PertCortex_15_CTCACACAGAGATGAG,4.955763229168916
24855,0.163954579824635,15__mutated,PertCortex_15_CTCACACAGTCAATAG,5.306112976307199
24856,0.3730630713670322,15__mutated,PertCortex_15_CTCACACAGTGGAGAA,2.4252062114585407
24857,0.23896531079942257,15__mutated,PertCortex_15_CTCACACCAGCAGTTT,3.360985083887207
24858,0.19410639220397036,15__mutated,PertCortex_15_CTCACACCATATACGC,3.1972277481528972
24859,0.2877966612387446,15__mutated,PertCortex_15_CTCACACTCACATGCA,3.706277531127013
24860,0.10463626845484285,15__mutated,PertCortex_15_CTCACACTCATCGCTC,2.703885584617494
24861,0.3317455747579294,15__mutated,PertCortex_15_CTCACACTCCGAAGAG,3.26392193772812
24862,0.1973662807121936,15__mutated,PertCortex_15_CTCAGAAAGCACAGGT,3.506155835662864
24863,0.3041169862193649,15__mutated,PertCortex_15_CTCAGAAAGTAGGCCA,4.385991109531088
24864,0.12859334626465346,15__mutated,PertCortex_15_CTCAGAACAGCGTTCG,3.7312966289949174
24865,0.190076431624326,15__mutated,PertCortex_15_CTCAGAACAGCTTCGG,3.7723491253738985
24866,0.24149928448080601,15__mutated,PertCortex_15_CTCAGAACATACGCCG,4.6028646509708775
24867,0.06320503023461017,15__mutated,PertCortex_15_CTCAGAATCCAAACTG,4.360071412986759
24868,0.350613402645043,15__mutated,PertCortex_15_CTCAGAATCTTAGCCC,4.362228605595047
24869,0.22223870709998067,15__mutated,PertCortex_15_CTCAGAATCTTGCATT,4.55305860397909
24870,0.1517459125736171,15__mutated,PertCortex_15_CTCATTAAGGGTTTCT,5.11907727977557
24871,0.08542523664228309,15__mutated,PertCortex_15_CTCATTACAAGGCTCC,3.300120709944649
24872,0.4843308666268338,15__mutated,PertCortex_15_CTCATTACATTCACTT,1.98041912181757
24873,0.5434748275134486,15__mutated,PertCortex_15_CTCATTAGTGAAGGCT,3.028287348699253
24874,0.1561317805272876,15__mutated,PertCortex_15_CTCATTAGTGTTCTTT,2.70393094026787
24875,0.28988383199942164,15__mutated,PertCortex_15_CTCATTAGTTTACTCT,4.112214259896244
24876,0.16718357783975055,15__mutated,PertCortex_15_CTCATTATCAGCACAT,4.193812727440303
24877,0.18121681994220776,15__mutated,PertCortex_15_CTCATTATCTACTTAC,4.375543613700638
24878,0.2043274710894079,15__mutated,PertCortex_15_CTCATTATCTCACATT,4.522087606209772
24879,0.2075114851207945,15__mutated,PertCortex_15_CTCCTAGAGACCGGAT,2.8428042345143516
24880,0.31701291330043835,15__mutated,PertCortex_15_CTCCTAGAGTCGATAA,3.081479724339388
24881,0.08386146926254058,15__mutated,PertCortex_15_CTCCTAGCACTGTGTA,3.319230885305593
24882,0.18287985909374407,15__mutated,PertCortex_15_CTCCTAGGTTCCCGAG,4.175171504666159
24883,0.09989798811101254,15__mutated,PertCortex_15_CTCCTAGTCAACGAAA,3.819888138516644
24884,0.5819706395133024,15__mutated,PertCortex_15_CTCGAAAGTTCAGCGC,2.579117287958793
24885,0.18442579390113106,15__mutated,PertCortex_15_CTCGAAAGTTGAACTC,3.4496939520446204
24886,0.18245101284177037,15__mutated,PertCortex_15_CTCGAGGAGATAGGAG,5.0061398419366645
24887,0.075694800485456,15__mutated,PertCortex_15_CTCGAGGCACAAGTAA,4.701862700787233
24888,0.1735571356636297,15__mutated,PertCortex_15_CTCGAGGGTAGGGACT,4.172189801093316
24889,0.3309095734041924,15__mutated,PertCortex_15_CTCGGAGAGATATGGT,4.319405296283725
24890,0.2598143048419384,15__mutated,PertCortex_15_CTCGGAGCACAGGTTT,2.9658292238328205
24891,0.37013771972000015,15__mutated,PertCortex_15_CTCGGAGGTACTTGAC,3.6740229785915326
24892,0.1978023485317855,15__mutated,PertCortex_15_CTCGGGACATGGGACA,4.750907806222593
24893,0.18156088860562897,15__mutated,PertCortex_15_CTCGGGAGTATTAGCC,4.720050749574899
24894,0.24245881386504062,15__mutated,PertCortex_15_CTCGTACAGTACTTGC,4.992147293979942
24895,0.21001667751151576,15__mutated,PertCortex_15_CTCGTACCACACATGT,3.789447161724053
24896,0.11446049170769343,15__mutated,PertCortex_15_CTCGTACGTTCCACAA,4.562088468897475
24897,0.15276908198265404,15__mutated,PertCortex_15_CTCGTACGTTCCGTCT,3.942876787609198
24898,0.1449103159607413,15__mutated,PertCortex_15_CTCGTACTCACAAACC,4.877096091986028
24899,0.13138210352383034,15__mutated,PertCortex_15_CTCGTCAAGCGTTCCG,3.5126821769119587
24900,0.07538306131957215,15__mutated,PertCortex_15_CTCGTCAAGGCGTACA,4.278341346688161
24901,0.10122543638809914,15__mutated,PertCortex_15_CTCGTCACAGTAAGCG,2.8203439059270172
24902,0.08848992143167475,15__mutated,PertCortex_15_CTCGTCAGTTTCGCTC,4.848382512612652
24903,0.22386601564592826,15__mutated,PertCortex_15_CTCGTCAGTTTGACAC,5.082976760167896
24904,0.15040718314307724,15__mutated,PertCortex_15_CTCTAATAGGCCCTTG,3.934830151030271
24905,0.1414450098722329,15__mutated,PertCortex_15_CTCTAATCACGGTAAG,3.8412347150741333
24906,0.3307717731762452,15__mutated,PertCortex_15_CTCTAATCATTTGCTT,4.819369643488903
24907,0.11276531858318226,15__mutated,PertCortex_15_CTCTAATGTACAGTTC,3.7140017618956516
24908,0.22415031245657271,15__mutated,PertCortex_15_CTCTAATGTACCGCTG,4.979602578219448
24909,0.31906704616854026,15__mutated,PertCortex_15_CTCTAATGTCTAGCCG,2.29753500754542
24910,0.30962459763220557,15__mutated,PertCortex_15_CTCTAATGTCTGGTCG,5.09887163136508
24911,0.16039813577912937,15__mutated,PertCortex_15_CTCTAATTCAATACCG,4.869921345825076
24912,0.5544832750131411,15__mutated,PertCortex_15_CTCTAATTCCGATATG,1.9994705830036537
24913,0.16485428402911065,15__mutated,PertCortex_15_CTCTACGAGCCAGGAT,4.523777687819717
24914,0.20587898919115843,15__mutated,PertCortex_15_CTCTACGAGCCCTAAT,4.316393517789172
24915,0.31688185559763277,15__mutated,PertCortex_15_CTCTACGAGGACTGGT,2.669167761245128
24916,0.09815611829001945,15__mutated,PertCortex_15_CTCTACGCAGATCCAT,3.87562917838058
24917,0.11329195291254292,15__mutated,PertCortex_15_CTCTACGTCCTGTACC,4.271932635621286
24918,0.13040844652376782,15__mutated,PertCortex_15_CTCTGGTCACGGCGTT,5.283112069985462
24919,0.0796766918973304,15__mutated,PertCortex_15_CTCTGGTCAGATCGGA,3.6909852547862925
24920,0.2290768117639173,15__mutated,PertCortex_15_CTCTGGTTCTTTCCTC,4.385217254618776
24921,0.17633339292277217,15__mutated,PertCortex_15_CTGAAACAGACACGAC,2.744501950730824
24922,0.10154854625694007,15__mutated,PertCortex_15_CTGAAACAGACGCAAC,2.6043031735681414
24923,0.14674312082542693,15__mutated,PertCortex_15_CTGAAACTCCCTGACT,4.902046713448922
24924,0.27724358347483236,15__mutated,PertCortex_15_CTGAAGTCAAGAAAGG,3.9408503158282384
24925,0.10770282825793229,15__mutated,PertCortex_15_CTGAAGTCAGACGCTC,3.5270280681117803
24926,0.16525420459549692,15__mutated,PertCortex_15_CTGAAGTCAGCCTTTC,4.439141292831351
24927,0.6285106490825245,15__mutated,PertCortex_15_CTGAAGTGTTAAAGAC,1.774211242677232
24928,0.18058520707014133,15__mutated,PertCortex_15_CTGAAGTTCACAAACC,3.852224046455037
24929,0.13656484059250854,15__mutated,PertCortex_15_CTGAAGTTCATCACCC,4.389632171504443
24930,0.13929793966264298,15__mutated,PertCortex_15_CTGAAGTTCCGTAGTA,4.4848361145987665
24931,0.2232422438158398,15__mutated,PertCortex_15_CTGATAGAGCGACGTA,2.005558372393139
24932,0.26076257558054217,15__mutated,PertCortex_15_CTGATAGAGTGGAGTC,4.2413170217387215
24933,0.05690103150334822,15__mutated,PertCortex_15_CTGATAGCAGCTCGAC,4.342941483536004
24934,0.1579795207173535,15__mutated,PertCortex_15_CTGATAGGTACCGAGA,5.084826065284316
24935,0.1481246323839648,15__mutated,PertCortex_15_CTGATAGGTCGCTTCT,4.968082377734798
24936,0.17319405774301952,15__mutated,PertCortex_15_CTGATAGTCTACTCAT,3.8591392364460497
24937,0.29507798890131676,15__mutated,PertCortex_15_CTGATCCAGGAGTACC,2.490386632042742
24938,0.12533696493730984,15__mutated,PertCortex_15_CTGATCCAGGCCGAAT,4.647396080312288
24939,0.09096782226242371,15__mutated,PertCortex_15_CTGATCCCAACTGCGC,4.393455936735418
24940,0.29243715113543606,15__mutated,PertCortex_15_CTGATCCCAGACAAGC,3.094386264711843
24941,0.22623746570879188,15__mutated,PertCortex_15_CTGATCCGTGGTTTCA,4.839378541485125
24942,0.18608074076280393,15__mutated,PertCortex_15_CTGATCCTCTCTGTCG,3.712142732826205
24943,0.5627452675143453,15__mutated,PertCortex_15_CTGCCTAAGGCGATAC,2.3465948923335707
24944,0.2757343826419517,15__mutated,PertCortex_15_CTGCCTACAAGCCATT,4.309367727864466
24945,0.1350400570983722,15__mutated,PertCortex_15_CTGCCTACAGTATCTG,5.420350780559732
24946,0.12838460328721168,15__mutated,PertCortex_15_CTGCCTACATATGCTG,3.854040839901081
24947,0.24146948651591482,15__mutated,PertCortex_15_CTGCCTATCCGCATAA,4.044882076354436
24948,0.19804771842689614,15__mutated,PertCortex_15_CTGCCTATCTACCTGC,4.267030499212294
24949,0.18763000593233026,15__mutated,PertCortex_15_CTGCGGACACGGATAG,3.119674447403546
24950,0.02878640989039142,15__mutated,PertCortex_15_CTGCGGATCACTTATC,3.7504887840522643
24951,0.1463961633616741,15__mutated,PertCortex_15_CTGCTGTCACGAAATA,2.456283536896685
24952,0.14376966202891275,15__mutated,PertCortex_15_CTGCTGTCATGGGAAC,4.6651883259563585
24953,0.16574511832851352,15__mutated,PertCortex_15_CTGCTGTGTCCCTACT,3.4724059664989064
24954,0.23773922286195376,15__mutated,PertCortex_15_CTGCTGTTCGGCATCG,3.2479931280328938
24955,0.22463832121031135,15__mutated,PertCortex_15_CTGGTCTAGTTAAGTG,4.792591156825109
24956,0.29785303316582873,15__mutated,PertCortex_15_CTGGTCTCAACGATCT,2.7635906328426842
24957,0.1205156068116095,15__mutated,PertCortex_15_CTGGTCTTCACATAGC,3.076380348991629
24958,0.17555492057952643,15__mutated,PertCortex_15_CTGGTCTTCGCCTGAG,4.616475515373089
24959,0.09552143304084373,15__mutated,PertCortex_15_CTGTGCTGTACCGAGA,3.1383231727104803
24960,0.5674275426623243,15__mutated,PertCortex_15_CTGTGCTGTAGGCATG,2.4422338163082866
24961,0.16294290059355893,15__mutated,PertCortex_15_CTGTGCTTCCAAGCCG,4.763959082316145
24962,0.22657697055771614,15__mutated,PertCortex_15_CTGTGCTTCTTGCAAG,2.9255568873773035
24963,0.1599212596507357,15__mutated,PertCortex_15_CTGTGCTTCTTTACGT,3.3483309658125298
24964,0.142882366576199,15__mutated,PertCortex_15_CTGTTTAAGAGACGAA,5.0191970322098385
24965,0.11912772838685719,15__mutated,PertCortex_15_CTGTTTACAACGATGG,3.5635743220791736
24966,0.26750683366689937,15__mutated,PertCortex_15_CTGTTTACATCCGCGA,4.263999755613719
24967,0.10615198487493335,15__mutated,PertCortex_15_CTGTTTAGTAATTGGA,4.800067149540249
24968,0.10121843046150186,15__mutated,PertCortex_15_CTGTTTATCGGTGTCG,5.5701233461198845
24969,0.09787076151686756,15__mutated,PertCortex_15_CTTAACTCAAAGCGGT,4.6070010198743985
24970,0.12903518616365525,15__mutated,PertCortex_15_CTTAACTCAGGGAGAG,5.249515981035845
24971,0.3301353888291454,15__mutated,PertCortex_15_CTTAACTTCCAAAGTC,2.483650728423637
24972,0.14799721798725246,15__mutated,PertCortex_15_CTTAACTTCGGAATCT,3.731605260595318
24973,0.1267458650232227,15__mutated,PertCortex_15_CTTAACTTCGTATCAG,3.0167491278377074
24974,0.09762518865518038,15__mutated,PertCortex_15_CTTACCGAGCTAACAA,3.803408894963817
24975,0.21008967621015315,15__mutated,PertCortex_15_CTTACCGAGGCAAAGA,3.3223089827275802
24976,0.2834959351095332,15__mutated,PertCortex_15_CTTACCGCACCCATTC,1.7054965703669605
24977,0.18201757584212375,15__mutated,PertCortex_15_CTTACCGCAGCCAGAA,3.314936434725919
24978,0.06403282554216957,15__mutated,PertCortex_15_CTTACCGCATGGATGG,3.4565550269842835
24979,0.423700686692022,15__mutated,PertCortex_15_CTTACCGGTACTTCTT,3.7092636852000824
24980,0.08963622744716869,15__mutated,PertCortex_15_CTTACCGTCGTCTGCT,4.0111349216114975
24981,0.08405496279300341,15__mutated,PertCortex_15_CTTAGGAAGGAGTACC,3.3441728035074716
24982,0.0928444325426856,15__mutated,PertCortex_15_CTTAGGACACATTAGC,4.149363037833187
24983,0.19984785061954785,15__mutated,PertCortex_15_CTTAGGATCTGACCTC,2.268534735856313
24984,0.09488209189011448,15__mutated,PertCortex_15_CTTCTCTAGCGTCAAG,2.0982422742611964
24985,0.05444813711230884,15__mutated,PertCortex_15_CTTCTCTCAGCCAGAA,4.035200106530979
24986,0.18494419963674827,15__mutated,PertCortex_15_CTTCTCTCAGTAAGAT,2.4492371155335895
24987,0.4466259810170107,15__mutated,PertCortex_15_CTTCTCTGTGGCGAAT,2.0922845763610907
24988,0.06886301556031195,15__mutated,PertCortex_15_CTTGGCTAGATCTGAA,4.532465357468121
24989,0.1944065035421583,15__mutated,PertCortex_15_CTTGGCTAGGATGCGT,3.0312350229904443
24990,0.09190434362479888,15__mutated,PertCortex_15_CTTGGCTCAGTACACT,2.0175701800296446
24991,0.12080933441636289,15__mutated,PertCortex_15_CTTGGCTTCGGCCGAT,3.1630268759827898
24992,0.4112339521423503,15__mutated,PertCortex_15_CTTTGCGAGACAATAC,1.8691870451856014
24993,0.10665428153244706,15__mutated,PertCortex_15_CTTTGCGAGTCATCCA,3.8808363655539506
24994,0.08618449840782183,15__mutated,PertCortex_15_CTTTGCGAGTGGAGTC,3.3240706812062726
24995,0.1051895454577394,15__mutated,PertCortex_15_CTTTGCGCACGTTGGC,3.172757007010734
24996,0.5170428462531894,15__mutated,PertCortex_15_CTTTGCGCAGATCCAT,2.5596369177438723
24997,0.42442972432159615,15__mutated,PertCortex_15_CTTTGCGCAGGCGATA,2.1207546360461045
24998,0.13586669436374388,15__mutated,PertCortex_15_CTTTGCGCATCCTAGA,2.4497053045707835
24999,0.14929514200917424,15__mutated,PertCortex_15_CTTTGCGGTAGCAAAT,3.402075985084465
25000,0.10596295027594133,15__mutated,PertCortex_15_CTTTGCGGTTCACCTC,3.200012748628792
25001,0.4407866757825646,15__mutated,PertCortex_15_CTTTGCGTCGCATGAT,1.9480087427190524
25002,0.4233884776011985,15__mutated,PertCortex_15_GAAACTCAGACTGGGT,3.0143776086959315
25003,0.059142430294532825,15__mutated,PertCortex_15_GAAACTCCACAGCGTC,4.7855714971057886
25004,0.18056992368702696,15__mutated,PertCortex_15_GAAACTCGTCAATACC,4.09337216447095
25005,0.1089572918406901,15__mutated,PertCortex_15_GAAACTCGTGTGGTTT,2.3212459160417356
25006,0.0680905143087068,15__mutated,PertCortex_15_GAAACTCGTTCGGCAC,3.356633390979131
25007,0.3275733238116525,15__mutated,PertCortex_15_GAAATGAAGTCCATAC,2.9996207076485257
25008,0.25728931306625796,15__mutated,PertCortex_15_GAAATGATCCGCAGTG,2.8232170404773718
25009,0.08069287517513656,15__mutated,PertCortex_15_GAAATGATCTACTTAC,3.372120755820434
25010,0.1224424209765596,15__mutated,PertCortex_15_GAACATCAGGATGCGT,4.22153478655787
25011,0.3184573363306554,15__mutated,PertCortex_15_GAACATCAGGGCACTA,2.434307283020867
25012,0.5080792025034295,15__mutated,PertCortex_15_GAACATCCATCGTCGG,2.816344051072094
25013,0.43820208476237643,15__mutated,PertCortex_15_GAACATCGTAAGTTCC,3.084033366293494
25014,0.2062190839739548,15__mutated,PertCortex_15_GAACATCGTAGCGCAA,3.495155148075387
25015,0.24256823138427616,15__mutated,PertCortex_15_GAACATCTCATTCACT,2.719462072661772
25016,0.26625089958610404,15__mutated,PertCortex_15_GAACATCTCCCTAATT,2.922152374779211
25017,0.15005702445468777,15__mutated,PertCortex_15_GAACCTAAGTAACCCT,3.286848805779681
25018,0.6267170562050918,15__mutated,PertCortex_15_GAACCTAGTAACGTTC,1.2938081544493352
25019,0.1228529289878499,15__mutated,PertCortex_15_GAACCTAGTAAGTGTA,4.309070681550067
25020,0.1636300465084103,15__mutated,PertCortex_15_GAACCTAGTAATTGGA,4.363614641660237
25021,0.031014032747791433,15__mutated,PertCortex_15_GAACCTAGTGTAACGG,3.299742696934452
25022,0.45107238904369695,15__mutated,PertCortex_15_GAACCTATCTTCATGT,2.418934320347902
25023,0.27927860989989833,15__mutated,PertCortex_15_GAACGGAAGATGCCTT,3.0408361531274175
25024,0.151652734296708,15__mutated,PertCortex_15_GAACGGAAGATGGGTC,3.105079391694589
25025,0.06652674945242613,15__mutated,PertCortex_15_GAACGGAAGCGGATCA,4.558150036455926
25026,0.09705659717753728,15__mutated,PertCortex_15_GAACGGATCATGTCTT,3.3093593892580704
25027,0.2796237292302682,15__mutated,PertCortex_15_GAACGGATCTTTACGT,2.829156399014232
25028,0.4189574571915631,15__mutated,PertCortex_15_GAAGCAGCAAATCCGT,2.57253209052097
25029,0.45398734887448033,15__mutated,PertCortex_15_GAAGCAGCAGACGCAA,1.8623704590408925
25030,0.1275144466672732,15__mutated,PertCortex_15_GAAGCAGGTGTGACGA,2.915263623483908
25031,0.46590724517163346,15__mutated,PertCortex_15_GAAGCAGTCGGCGCAT,1.6298119951505063
25032,0.08982334930617564,15__mutated,PertCortex_15_GAATAAGAGTAGTGCG,4.515793738874485
25033,0.11915360486833682,15__mutated,PertCortex_15_GAATAAGGTCTCTCGT,3.830685928540678
25034,0.29892785538234895,15__mutated,PertCortex_15_GAATAAGGTGACGCCT,2.7001819366738036
25035,0.2882722312104067,15__mutated,PertCortex_15_GAATGAAAGCGATCCC,1.9770874392747513
25036,0.07292477049107622,15__mutated,PertCortex_15_GAATGAACATGCAACT,2.1552618981122884
25037,0.06282073913597037,15__mutated,PertCortex_15_GAATGAAGTCATATGC,3.8226314136228647
25038,0.10037996413736151,15__mutated,PertCortex_15_GACACGCAGTGAACGC,3.8346264008931956
25039,0.18501391139443546,15__mutated,PertCortex_15_GACACGCAGTGGTAGC,2.8948874956869024
25040,0.13829779396204156,15__mutated,PertCortex_15_GACACGCAGTTGCAGG,4.050079278312148
25041,0.1949302174318803,15__mutated,PertCortex_15_GACACGCCACAGACTT,3.8499947166901487
25042,0.17695576288843506,15__mutated,PertCortex_15_GACACGCCACATGTGT,5.751521120111323
25043,0.4965723347545316,15__mutated,PertCortex_15_GACACGCCAGAAGCAC,2.2230250576602284
25044,0.13133439672141112,15__mutated,PertCortex_15_GACACGCCAGCGATCC,2.438216230551883
25045,0.11767183539448778,15__mutated,PertCortex_15_GACACGCCAGGAATCG,1.9891172756675866
25046,0.18622384582970217,15__mutated,PertCortex_15_GACACGCCATGTAGTC,3.5658760310505127
25047,0.45493876166681413,15__mutated,PertCortex_15_GACACGCGTAAATGTG,1.829866621837149
25048,0.2224285943435713,15__mutated,PertCortex_15_GACACGCTCACTCTTA,2.3813753917052183
25049,0.3095483749117761,15__mutated,PertCortex_15_GACAGAGAGAATTGTG,3.3831262522800745
25050,0.15385891873945268,15__mutated,PertCortex_15_GACAGAGAGCCCTAAT,3.235061611230569
25051,0.03896455374026843,15__mutated,PertCortex_15_GACAGAGAGTCCAGGA,2.570342495554784
25052,0.16496145466885712,15__mutated,PertCortex_15_GACAGAGCACCGCTAG,3.6893830631416913
25053,0.6072886052388277,15__mutated,PertCortex_15_GACAGAGCAGATCTGT,2.024320162859687
25054,0.05993325691089267,15__mutated,PertCortex_15_GACAGAGGTGCAGGTA,2.737542289850111
25055,0.21743593979338882,15__mutated,PertCortex_15_GACAGAGTCCGCATCT,3.2572045413176536
25056,0.1919971965576214,15__mutated,PertCortex_15_GACCAATAGAATGTGT,3.456980657442201
25057,0.1342307541099892,15__mutated,PertCortex_15_GACCAATCAGCGTTCG,2.8210795803445436
25058,0.03644675738160198,15__mutated,PertCortex_15_GACCAATCAGTTTACG,4.407036564779479
25059,0.12506547542163954,15__mutated,PertCortex_15_GACCAATGTTACGCGC,4.678341349998129
25060,0.5815391282192093,15__mutated,PertCortex_15_GACCAATGTTATCCGA,2.512189720042103
25061,0.2288263558409041,15__mutated,PertCortex_15_GACCTGGAGGATTCGG,5.431464147914833
25062,0.1144817113279739,15__mutated,PertCortex_15_GACCTGGAGTACGCCC,3.319564532651352
25063,0.05545503710129284,15__mutated,PertCortex_15_GACCTGGCAAGAGGCT,4.495564757032678
25064,0.14386001437124596,15__mutated,PertCortex_15_GACCTGGCAGTAGAGC,3.839724803570458
25065,0.09980159743899332,15__mutated,PertCortex_15_GACCTGGGTCGACTAT,3.9563102570726425
25066,0.5510166434904555,15__mutated,PertCortex_15_GACCTGGGTGTTTGGT,1.7350214783462028
25067,0.21901331890500184,15__mutated,PertCortex_15_GACCTGGTCTAACTTC,2.617605622293401
25068,0.5581827771065129,15__mutated,PertCortex_15_GACCTGGTCTAGCACA,2.202556802586895
25069,0.17947382892249616,15__mutated,PertCortex_15_GACCTGGTCTATGTGG,2.8617403227716713
25070,0.3469961726142243,15__mutated,PertCortex_15_GACCTGGTCTCGTATT,2.4218685297574867
25071,0.3921988615670956,15__mutated,PertCortex_15_GACCTGGTCTTTAGGG,1.795954313757619
25072,0.05205819461132074,15__mutated,PertCortex_15_GACGCGTAGCCACGCT,2.5119273372530824
25073,0.3659816599026487,15__mutated,PertCortex_15_GACGCGTCACGAGAGT,1.873356743224374
25074,0.20050541064634,15__mutated,PertCortex_15_GACGCGTCAGTGACAG,2.7381480676047176
25075,0.19076396088412959,15__mutated,PertCortex_15_GACGCGTTCATCTGCC,2.763069576103783
25076,0.17445845737014226,15__mutated,PertCortex_15_GACGCGTTCTCGTTTA,2.5890902321458826
25077,0.3162979160145356,15__mutated,PertCortex_15_GACGGCTCAGTCACTA,3.208075157043358
25078,0.23337242738469802,15__mutated,PertCortex_15_GACGGCTCATCATCCC,2.111393053981267
25079,0.3451107030558551,15__mutated,PertCortex_15_GACGGCTCATCCCACT,2.0959861218032803
25080,0.07759914567228224,15__mutated,PertCortex_15_GACGGCTGTTCACGGC,4.244919564317915
25081,0.2489876264273683,15__mutated,PertCortex_15_GACGGCTTCTTGAGGT,4.069892084395174
25082,0.21404799075938066,15__mutated,PertCortex_15_GACGTGCCAACGATGG,2.7529350833014132
25083,0.16328177262183813,15__mutated,PertCortex_15_GACGTGCCAGCTGGCT,3.5024111054382394
25084,0.06612212445507734,15__mutated,PertCortex_15_GACGTGCGTCCGTTAA,3.8544318239682362
25085,0.08509066667068305,15__mutated,PertCortex_15_GACGTGCTCCCTTGCA,2.476933243961533
25086,0.4834747616322206,15__mutated,PertCortex_15_GACGTTAAGACGCTTT,1.1283539530733138
25087,0.47771813703102123,15__mutated,PertCortex_15_GACGTTACAAGGTTTC,2.1330986252344544
25088,0.06831022066835396,15__mutated,PertCortex_15_GACGTTACAATGAATG,4.297289609164242
25089,0.3523585078008669,15__mutated,PertCortex_15_GACGTTATCTGTTGAG,2.107660191502992
25090,0.25782271900961645,15__mutated,PertCortex_15_GACTAACAGGAGTAGA,3.245506284826888
25091,0.47871303006929655,15__mutated,PertCortex_15_GACTAACCATGGATGG,1.1096888219015135
25092,0.3322966806874724,15__mutated,PertCortex_15_GACTAACGTCAGAATA,3.0507283857190703
25093,0.19617537949839361,15__mutated,PertCortex_15_GACTAACGTCCGAAGA,3.2653307779785568
25094,0.18061520974919248,15__mutated,PertCortex_15_GACTAACTCATTTGGG,2.5519915406690408
25095,0.11351921732707151,15__mutated,PertCortex_15_GACTAACTCCGTAGTA,3.8805511066130576
25096,0.08290936604857899,15__mutated,PertCortex_15_GACTAACTCGGGAGTA,3.6430627637666615
25097,0.37656096197689926,15__mutated,PertCortex_15_GACTACAAGTCAAGCG,2.200458677495585
25098,0.23950475261846185,15__mutated,PertCortex_15_GACTACACAAGGCTCC,3.0352244216163924
25099,0.175676792364757,15__mutated,PertCortex_15_GACTACACAATGTTGC,3.7280549881959653
25100,0.1426139878977612,15__mutated,PertCortex_15_GACTACACAGAGCCAA,1.4393571249180885
25101,0.1790446531593895,15__mutated,PertCortex_15_GACTACAGTGCGAAAC,4.757480375900417
25102,0.2595174924049277,15__mutated,PertCortex_15_GACTACATCAGTACGT,2.0876814017424348
25103,0.19318781559288128,15__mutated,PertCortex_15_GACTACATCCGAACGC,3.022670323639468
25104,0.15698075760413643,15__mutated,PertCortex_15_GACTGCGAGCTGAAAT,3.9661209370275667
25105,0.18000326885232645,15__mutated,PertCortex_15_GACTGCGGTCTCCATC,3.578633832268858
25106,0.029558848225412826,15__mutated,PertCortex_15_GACTGCGGTTAAAGTG,5.447079506727106
25107,0.15646802864303644,15__mutated,PertCortex_15_GACTGCGGTTTCGCTC,3.868625784811723
25108,0.07711218205416406,15__mutated,PertCortex_15_GACTGCGTCAGCTGGC,3.439318576031276
25109,0.10644096006657545,15__mutated,PertCortex_15_GACTGCGTCGTCCAGG,1.7804767183728134
25110,0.192249358266596,15__mutated,PertCortex_15_GACTGCGTCTGCTGTC,3.5539233583766126
25111,0.03971760632611118,15__mutated,PertCortex_15_GAGCAGACAACGATGG,4.567418388983466
25112,0.231357191694099,15__mutated,PertCortex_15_GAGCAGACAAGCCCAC,3.9811828722959244
25113,0.18226809466003924,15__mutated,PertCortex_15_GAGCAGATCAAGCCTA,3.7487334881868755
25114,0.14690072314609126,15__mutated,PertCortex_15_GAGCAGATCATCTGTT,2.494115104080791
25115,0.1288164596314601,15__mutated,PertCortex_15_GAGGTGACAAACGCGA,4.863679748082844
25116,0.10971628086572253,15__mutated,PertCortex_15_GAGGTGACAACTGCGC,2.876008128862584
25117,0.20653230437097586,15__mutated,PertCortex_15_GAGGTGACAATTCCTT,2.346467779212065
25118,0.2034689723515309,15__mutated,PertCortex_15_GAGGTGACACAAGCCC,3.557505502941892
25119,0.1256438668276299,15__mutated,PertCortex_15_GAGGTGAGTGACAAAT,3.869361805980552
25120,-0.019742137152499215,15__mutated,PertCortex_15_GAGGTGATCATGCTCC,4.622389127385521
25121,0.0867552319181211,15__mutated,PertCortex_15_GAGGTGATCTGTCCGT,4.1466745566412975
25122,0.11024082682150343,15__mutated,PertCortex_15_GAGTCCGAGCGTAGTG,3.290171904830965
25123,0.1685370775529099,15__mutated,PertCortex_15_GAGTCCGAGGGATACC,2.812316334742155
25124,0.17480646178336506,15__mutated,PertCortex_15_GAGTCCGAGTCATGCT,3.346273001637783
25125,0.26825710209015313,15__mutated,PertCortex_15_GAGTCCGCACTCTGTC,3.1814685217259475
25126,0.11848060271956792,15__mutated,PertCortex_15_GAGTCCGGTTGGAGGT,3.0254110069779614
25127,0.16873561493372868,15__mutated,PertCortex_15_GAGTCCGTCCGTAGTA,3.986317634890959
25128,0.15805000349295534,15__mutated,PertCortex_15_GAGTCCGTCGCTTAGA,2.9404582424277503
25129,0.21116911098311586,15__mutated,PertCortex_15_GAGTCCGTCTACTCAT,3.168838951044234
25130,0.03379536545896787,15__mutated,PertCortex_15_GATCAGTAGTGGGTTG,3.2393361460808636
25131,0.4364977509252102,15__mutated,PertCortex_15_GATCAGTCAAACTGCT,2.0741723585246907
25132,0.14098271081275443,15__mutated,PertCortex_15_GATCAGTCAAGTAATG,3.1866621539505537
25133,0.18766280101055358,15__mutated,PertCortex_15_GATCAGTCACCGTTGG,3.7449431418337102
25134,0.08965995565951852,15__mutated,PertCortex_15_GATCAGTCAGCGTTCG,3.459028217718292
25135,0.09549793946272542,15__mutated,PertCortex_15_GATCAGTCATATGGTC,3.152585008381695
25136,0.09823626664320773,15__mutated,PertCortex_15_GATCAGTGTTAGGGTG,3.689812612364487
25137,0.1948384952885271,15__mutated,PertCortex_15_GATCAGTTCATAAAGG,2.730987416815732
25138,0.192601904405171,15__mutated,PertCortex_15_GATCAGTTCCACGAAT,3.005061381207668
25139,0.10700810650351837,15__mutated,PertCortex_15_GATCAGTTCCTAGAAC,4.193621915878417
25140,0.4790472128632038,15__mutated,PertCortex_15_GATCAGTTCGGCTACG,1.8950122942294596
25141,0.12384037860804384,15__mutated,PertCortex_15_GATCAGTTCTGCTGCT,2.664664865214495
25142,0.07891020568867127,15__mutated,PertCortex_15_GATCGATAGAGCCCAA,4.044304126366841
25143,0.13332760336228225,15__mutated,PertCortex_15_GATCGATAGCTCCTTC,1.968277598794864
25144,0.14967257267532347,15__mutated,PertCortex_15_GATCGATGTCAGAAGC,3.247516823399094
25145,0.1639718865491707,15__mutated,PertCortex_15_GATCGATGTCATATCG,3.2366003496609763
25146,0.03199184337598654,15__mutated,PertCortex_15_GATCGATGTGCCTGTG,3.778367255603831
25147,0.17932696602431025,15__mutated,PertCortex_15_GATCGATGTGGCTCCA,2.9242448925615805
25148,0.04403627112272776,15__mutated,PertCortex_15_GATCGATTCACAACGT,3.615848739871673
25149,0.2120105083805476,15__mutated,PertCortex_15_GATCGCGAGAACAACT,3.0194134599376667
25150,0.30197015008279726,15__mutated,PertCortex_15_GATCGCGAGAATGTGT,1.984055633461292
25151,0.37166331627897853,15__mutated,PertCortex_15_GATCGCGCACGGCTAC,1.9276623983424042
25152,0.10715771892285154,15__mutated,PertCortex_15_GATCGCGCAGATAATG,3.670499281924718
25153,0.5575429486947807,15__mutated,PertCortex_15_GATCGCGGTTGACGTT,2.1548171787940396
25154,0.4478378031806651,15__mutated,PertCortex_15_GATCGCGTCAAGAAGT,2.97498533081637
25155,0.2703617098472119,15__mutated,PertCortex_15_GATCGCGTCTCGCATC,3.1776452143701976
25156,0.28955695383821617,15__mutated,PertCortex_15_GATCGTAAGAGACGAA,2.0688818876010933
25157,0.6316288705415476,15__mutated,PertCortex_15_GATCGTAAGAGTACCG,1.680753388891912
25158,0.13544635402096664,15__mutated,PertCortex_15_GATCGTAAGTGTCCCG,4.953163562056422
25159,0.5220028418235052,15__mutated,PertCortex_15_GATCGTACATCCCACT,2.383612510401524
25160,0.3824527207648816,15__mutated,PertCortex_15_GATCGTATCCACGACG,2.0072620350395884
25161,0.42492007936158305,15__mutated,PertCortex_15_GATCTAGGTAGGCTGA,1.9554689752031038
25162,0.44099942221633326,15__mutated,PertCortex_15_GATCTAGGTATAATGG,2.2703091504718915
25163,0.17557239197357036,15__mutated,PertCortex_15_GATCTAGGTCTCCCTA,4.264070893885128
25164,0.5364875721291551,15__mutated,PertCortex_15_GATCTAGGTGTGGTTT,2.6205515058135003
25165,0.14219090135940474,15__mutated,PertCortex_15_GATCTAGTCTCCAGGG,4.344403774386536
25166,0.2158416993366235,15__mutated,PertCortex_15_GATGAAACAGGTGCCT,2.593621071839653
25167,0.26500206976324703,15__mutated,PertCortex_15_GATGAGGAGATCCGAG,3.4124628603433576
25168,0.2814179766341189,15__mutated,PertCortex_15_GATGAGGAGGAGTACC,2.9029481848687073
25169,0.1730433820456476,15__mutated,PertCortex_15_GATGAGGCAAGCCGTC,3.0399127151759693
25170,0.29380527428705744,15__mutated,PertCortex_15_GATGAGGCAGGGTACA,2.6250503784794748
25171,0.05884736766263868,15__mutated,PertCortex_15_GATGAGGGTATATGAG,3.5359750007556223
25172,0.5621254734563387,15__mutated,PertCortex_15_GATGAGGTCACCGTAA,1.955043117222261
25173,0.12120498218391222,15__mutated,PertCortex_15_GATGAGGTCGAGAGCA,2.098915117094251
25174,0.28409346353720477,15__mutated,PertCortex_15_GATGCTACACGCTTTC,3.007247935428062
25175,0.08020594862367682,15__mutated,PertCortex_15_GATGCTAGTTGCCTCT,3.909826984995326
25176,0.15585328363131298,15__mutated,PertCortex_15_GATGCTATCGAGGTAG,3.355019185084434
25177,0.6293715879076798,15__mutated,PertCortex_15_GATGCTATCTGCGACG,1.931754410512038
25178,0.1374119424446311,15__mutated,PertCortex_15_GATGCTATCTTGGGTA,4.519743052238349
25179,0.09684575197301586,15__mutated,PertCortex_15_GATTCAGCAGCGATCC,4.268194706034104
25180,0.20899871873308767,15__mutated,PertCortex_15_GATTCAGCATTTCAGG,3.1745756045549935
25181,0.34494567723934333,15__mutated,PertCortex_15_GATTCAGTCTACTATC,1.964617949327424
25182,0.1317809196386138,15__mutated,PertCortex_15_GATTCAGTCTACTCAT,3.04292846796892
25183,0.5758142696252087,15__mutated,PertCortex_15_GCAAACTAGTCTTGCA,2.0277773044420915
25184,0.47633352379617333,15__mutated,PertCortex_15_GCAAACTTCAACACCA,2.041827883582871
25185,0.5588200779135495,15__mutated,PertCortex_15_GCAAACTTCATCTGCC,0.561910114087055
25186,0.10010159973374885,15__mutated,PertCortex_15_GCAAACTTCATTGCCC,4.237856019897437
25187,0.10934227611434301,15__mutated,PertCortex_15_GCAATCAAGCTAACTC,3.0733904055281918
25188,0.18926922753117478,15__mutated,PertCortex_15_GCAATCAAGTTGAGAT,2.3387199433831745
25189,0.06394862965325127,15__mutated,PertCortex_15_GCAATCACAGTCGATT,3.4282466987386195
25190,0.07298792624549957,15__mutated,PertCortex_15_GCAATCAGTCACCTAA,3.4152510872973045
25191,0.05722598235099196,15__mutated,PertCortex_15_GCAATCAGTCCTAGCG,4.292213660742189
25192,0.06768567758706741,15__mutated,PertCortex_15_GCAATCAGTCGCTTCT,4.299404819075271
25193,0.34886178619083014,15__mutated,PertCortex_15_GCAATCATCTCGCTTG,2.3616117844830304
25194,0.2269095413246261,15__mutated,PertCortex_15_GCACATACAGTTCATG,1.951721518985534
25195,0.08378628207107289,15__mutated,PertCortex_15_GCACATAGTGACTACT,2.9475958370166895
25196,0.10806911926679796,15__mutated,PertCortex_15_GCACATAGTGACTCAT,4.3466109193550055
25197,0.08140590767136072,15__mutated,PertCortex_15_GCACATAGTGATGTCT,3.959789382255497
25198,0.0684407846521109,15__mutated,PertCortex_15_GCACATAGTTGTACAC,4.438611731733694
25199,0.5678181216452175,15__mutated,PertCortex_15_GCACATATCCGAAGAG,2.305180633264676
25200,0.07590534380212939,15__mutated,PertCortex_15_GCACATATCTGGCGAC,3.521857164568222
25201,0.14893745007163095,15__mutated,PertCortex_15_GCACTCTAGCGTCTAT,1.9754717323381201
25202,0.16595244634416603,15__mutated,PertCortex_15_GCACTCTAGGTTCCTA,3.1031843524354144
25203,0.10852865527681653,15__mutated,PertCortex_15_GCACTCTCAGATCCAT,4.094430443949077
25204,0.13397042848617766,15__mutated,PertCortex_15_GCACTCTGTCGAACAG,4.352544781043303
25205,0.20292658246632883,15__mutated,PertCortex_15_GCACTCTGTGAGCGAT,3.000507903189332
25206,0.07513901627866956,15__mutated,PertCortex_15_GCACTCTGTGGACGAT,3.8759164432995408
25207,0.11002053066900754,15__mutated,PertCortex_15_GCACTCTGTGGCGAAT,3.876250585789703
25208,0.629195209229334,15__mutated,PertCortex_15_GCACTCTTCACTTCAT,1.993327812698933
25209,0.07398857736062829,15__mutated,PertCortex_15_GCACTCTTCCTTTACA,4.507906506758212
25210,0.08659032852931457,15__mutated,PertCortex_15_GCACTCTTCTGTCTAT,4.254641263394711
25211,0.06429519060387287,15__mutated,PertCortex_15_GCAGCCAAGATCTGAA,3.37490931775257
25212,0.10068948886838947,15__mutated,PertCortex_15_GCAGCCAAGGTAAACT,3.652330872877765
25213,0.10986384779016173,15__mutated,PertCortex_15_GCAGCCAGTATCAGTC,3.715379063038738
25214,0.4671359507511833,15__mutated,PertCortex_15_GCAGCCAGTCATCCCT,3.184819714775933
25215,0.17555700364955037,15__mutated,PertCortex_15_GCAGCCAGTTATGCGT,3.2503208933915038
25216,0.06189967339413612,15__mutated,PertCortex_15_GCAGCCATCACGCGGT,4.22107087359454
25217,0.06219459060931019,15__mutated,PertCortex_15_GCAGCCATCTGAAAGA,4.280338753327613
25218,0.08429270951252124,15__mutated,PertCortex_15_GCAGTTAGTAATCGTC,4.000496058328585
25219,0.17610855323702668,15__mutated,PertCortex_15_GCAGTTAGTCCGACGT,3.3877633929611517
25220,0.2082905496400671,15__mutated,PertCortex_15_GCAGTTAGTGCGATAG,3.1171968546965956
25221,0.07868745867652269,15__mutated,PertCortex_15_GCAGTTATCACGGTTA,4.7991430404742585
25222,0.23016492149056672,15__mutated,PertCortex_15_GCAGTTATCCCTCTTT,3.590081855868764
25223,0.5169074826167455,15__mutated,PertCortex_15_GCATACAGTAGCGTGA,2.5231666950412746
25224,0.12564269653692134,15__mutated,PertCortex_15_GCATACATCACTGGGC,4.165674698079658
25225,0.1648744011195423,15__mutated,PertCortex_15_GCATACATCTAACTTC,3.5293370217286943
25226,0.1304342798764202,15__mutated,PertCortex_15_GCATGATAGATATGGT,3.712541871248058
25227,0.1970255958511648,15__mutated,PertCortex_15_GCATGATAGCCAGTTT,5.172083173356715
25228,0.16782302672932192,15__mutated,PertCortex_15_GCATGATCAAGCTGTT,4.198544100778191
25229,0.10597168630624289,15__mutated,PertCortex_15_GCATGATGTCTCTCGT,3.489500277407853
25230,0.1865569782995473,15__mutated,PertCortex_15_GCATGATTCCGTACAA,3.4905104021529634
25231,0.06109900251258573,15__mutated,PertCortex_15_GCATGATTCTCCAGGG,2.115010144976093
25232,0.4379495931460265,15__mutated,PertCortex_15_GCATGATTCTGTCCGT,3.6005777253438107
25233,0.3654653679071761,15__mutated,PertCortex_15_GCATGCGAGGCATGTG,2.1540949074549482
25234,0.21971341531045768,15__mutated,PertCortex_15_GCATGCGGTCGTGGCT,2.7309769705550053
25235,0.19570343905319842,15__mutated,PertCortex_15_GCATGCGTCACAACGT,3.4154559764897456
25236,0.14126747203901382,15__mutated,PertCortex_15_GCATGCGTCCAAACAC,3.127735766218392
25237,0.06798515187187712,15__mutated,PertCortex_15_GCATGCGTCCTTGGTC,4.5056958810085765
25238,0.31702511555374807,15__mutated,PertCortex_15_GCATGTAAGCCGCCTA,2.0311101363751694
25239,0.3729784082307116,15__mutated,PertCortex_15_GCATGTATCAAGAAGT,2.6183366976154674
25240,0.12379880057632255,15__mutated,PertCortex_15_GCATGTATCATTATCC,3.83920211026781
25241,0.22382098532475628,15__mutated,PertCortex_15_GCATGTATCGTTACGA,2.380811374485601
25242,-0.010909012288015904,15__mutated,PertCortex_15_GCCAAATCAAGTCTAC,3.7493432647301446
25243,0.5188419361697697,15__mutated,PertCortex_15_GCCAAATCAATAAGCA,2.1552011364157817
25244,0.18527061785816626,15__mutated,PertCortex_15_GCCAAATGTCTAGCGC,3.192704273966342
25245,0.2046357229736647,15__mutated,PertCortex_15_GCCAAATGTCTCACCT,3.251381492149892
25246,0.442623438600909,15__mutated,PertCortex_15_GCCAAATTCTACCTGC,1.9936623969525755
25247,0.17601869445675417,15__mutated,PertCortex_15_GCCAAATTCTCAAACG,3.9792033242080325
25248,0.5289987020400302,15__mutated,PertCortex_15_GCCTCTAGTCCATCCT,1.832884403239594
25249,0.15280651308988386,15__mutated,PertCortex_15_GCCTCTAGTGATAAAC,3.8345365952707477
25250,0.13884975377883352,15__mutated,PertCortex_15_GCCTCTAGTTTGGCGC,3.453621599510998
25251,0.12051373887816853,15__mutated,PertCortex_15_GCCTCTATCTTGAGAC,2.929638188447935
25252,0.14141644838639894,15__mutated,PertCortex_15_GCGACCAAGCCGCCTA,2.857498239578601
25253,0.16396656655189734,15__mutated,PertCortex_15_GCGACCAAGTTTGCGT,3.6872152341663873
25254,0.24835974732958285,15__mutated,PertCortex_15_GCGACCACACAAGTAA,2.8357920243983465
25255,0.24243762374091046,15__mutated,PertCortex_15_GCGACCACAGTGAGTG,2.149550931301393
25256,0.2964774692247006,15__mutated,PertCortex_15_GCGACCAGTTTCCACC,2.408013340668902
25257,0.5641864402846922,15__mutated,PertCortex_15_GCGACCATCAAACCGT,1.4237103196879344
25258,0.2679329674587722,15__mutated,PertCortex_15_GCGAGAAAGCCTTGAT,4.146203896871521
25259,0.26341620476562855,15__mutated,PertCortex_15_GCGAGAAAGGCCCTTG,2.81737205229208
25260,0.12195002809210767,15__mutated,PertCortex_15_GCGAGAATCAAAGACA,3.148226604354049
25261,0.2517207122900321,15__mutated,PertCortex_15_GCGAGAATCGTTTAGG,2.28732658953344
25262,0.3438326362448725,15__mutated,PertCortex_15_GCGCAACAGCCAGAAC,2.7946907583311913
25263,0.22224057747642445,15__mutated,PertCortex_15_GCGCAACCACCAGCAC,2.0664414648812635
25264,0.13762252455056215,15__mutated,PertCortex_15_GCGCAACCAGTGAGTG,4.827076978364405
25265,0.147431366799845,15__mutated,PertCortex_15_GCGCAACGTAGAAAGG,3.136227391123858
25266,0.14553091922445485,15__mutated,PertCortex_15_GCGCAACGTCCCTTGT,5.147687965476746
25267,0.22130086953265993,15__mutated,PertCortex_15_GCGCAACTCGCACTCT,2.746898017944231
25268,0.052307868101309836,15__mutated,PertCortex_15_GCGCAACTCTTTAGGG,3.4578171036149468
25269,0.10425178073320927,15__mutated,PertCortex_15_GCGCAGTAGGTAAACT,3.810719451186513
25270,0.1924285524098074,15__mutated,PertCortex_15_GCGCAGTCATAACCTG,3.6110846147717406
25271,0.5985082977318785,15__mutated,PertCortex_15_GCGCAGTCATCCCACT,2.0143471552874836
25272,0.20649667184023665,15__mutated,PertCortex_15_GCGCAGTGTATCGCAT,3.8512270285524686
25273,0.32039113851762263,15__mutated,PertCortex_15_GCGCAGTTCAACACAC,2.1426711620831194
25274,0.21452642126677263,15__mutated,PertCortex_15_GCGCAGTTCCTTTACA,3.302986499810462
25275,0.19521713836823917,15__mutated,PertCortex_15_GCGCAGTTCTCGTTTA,3.8127345509013146
25276,0.23042680103164997,15__mutated,PertCortex_15_GCGCAGTTCTGGAGCC,2.646675851046685
25277,0.08910617590916965,15__mutated,PertCortex_15_GCGCAGTTCTTAGCCC,2.7000793404705954
25278,0.11792686269878482,15__mutated,PertCortex_15_GCGCAGTTCTTGTATC,4.763979610605892
25279,0.6043780858407324,15__mutated,PertCortex_15_GCGCCAAAGACGCAAC,1.5569259824517523
25280,0.05744175208315727,15__mutated,PertCortex_15_GCGCCAACAGCTGTAT,3.7522102925352323
25281,0.16473477351627636,15__mutated,PertCortex_15_GCGCCAAGTTAAGATG,4.555643701196267
25282,0.17764724216137873,15__mutated,PertCortex_15_GCGCCAAGTTCAGTAC,4.367895066467507
25283,0.16210285103417157,15__mutated,PertCortex_15_GCGCCAATCGCCATAA,3.5084540921968452
25284,0.14498590927159868,15__mutated,PertCortex_15_GCGCCAATCTGATACG,5.462991915717988
25285,0.22532721694822933,15__mutated,PertCortex_15_GCGCGATAGCACCGCT,3.0148283498658297
25286,0.5275186062924022,15__mutated,PertCortex_15_GCGCGATAGCATGGCA,2.5054652581373813
25287,0.4369138518785848,15__mutated,PertCortex_15_GCGCGATAGCGATAGC,2.224915559781607
25288,0.13901894649299945,15__mutated,PertCortex_15_GCGCGATAGGCAGTCA,3.925194918615411
25289,0.11498918800679349,15__mutated,PertCortex_15_GCGCGATAGTACGATA,2.3302542579306964
25290,0.2564121955446671,15__mutated,PertCortex_15_GCGCGATAGTTGAGTA,2.166977454690684
25291,0.4017501699171834,15__mutated,PertCortex_15_GCGCGATGTAGCGTGA,2.5112831591003046
25292,0.07336942979552127,15__mutated,PertCortex_15_GCGCGATGTCCAGTTA,2.281146368073083
25293,0.08896594324385139,15__mutated,PertCortex_15_GCGCGATGTCTAACGT,1.717193504276899
25294,0.040644839059778615,15__mutated,PertCortex_15_GCGCGATTCACTCTTA,4.074072398322409
25295,0.16342903077838036,15__mutated,PertCortex_15_GCGGGTTCATCCTTGC,3.1466232113875168
25296,0.045551516789042006,15__mutated,PertCortex_15_GCGGGTTGTAGCGCAA,3.1235995437278303
25297,0.25582450404558915,15__mutated,PertCortex_15_GCGGGTTGTGTTCGAT,2.3909766712676754
25298,0.08916767829116597,15__mutated,PertCortex_15_GCTCCTAAGAAGAAGC,3.976389233773045
25299,0.3145058374062765,15__mutated,PertCortex_15_GCTCCTAAGGCATGTG,3.2707228592399478
25300,0.3210165933732632,15__mutated,PertCortex_15_GCTCCTAAGGTCATCT,2.2507626094078677
25301,0.16196810574414428,15__mutated,PertCortex_15_GCTCCTACATGCTAGT,3.782844594454956
25302,0.1421728288519533,15__mutated,PertCortex_15_GCTCCTAGTTCTGGTA,3.3617233504937265
25303,0.21066526315861167,15__mutated,PertCortex_15_GCTCTGTAGGACATTA,2.921458587169267
25304,0.1947016147401913,15__mutated,PertCortex_15_GCTCTGTAGGTGATAT,3.074414745361442
25305,0.430595213788772,15__mutated,PertCortex_15_GCTCTGTAGTCCCACG,2.0377883980939226
25306,0.19498652934792862,15__mutated,PertCortex_15_GCTCTGTCAAACCCAT,3.9742234718984384
25307,0.33816051450598944,15__mutated,PertCortex_15_GCTCTGTGTACCAGTT,1.9117271833824239
25308,0.5337164243909289,15__mutated,PertCortex_15_GCTCTGTGTACCGCTG,2.3799839711403274
25309,0.1292807868939904,15__mutated,PertCortex_15_GCTCTGTGTATCTGCA,4.226262153434287
25310,0.22616171836965487,15__mutated,PertCortex_15_GCTCTGTGTGTGACCC,2.3775364018378493
25311,0.18229239472807696,15__mutated,PertCortex_15_GCTCTGTTCCCGGATG,2.810947077648196
25312,0.3123244576921005,15__mutated,PertCortex_15_GCTCTGTTCCTTTACA,3.573912523757719
25313,0.12005695238265805,15__mutated,PertCortex_15_GCTCTGTTCGTACCGG,4.756423050321171
25314,0.1368951002315419,15__mutated,PertCortex_15_GCTGCAGAGTTTCCTT,2.88252334890395
25315,0.2891734216654118,15__mutated,PertCortex_15_GCTGCAGCAACTGGCC,2.1737194833442763
25316,0.11792099851256455,15__mutated,PertCortex_15_GCTGCAGCACTGTTAG,4.174657929902409
25317,0.21591462219226715,15__mutated,PertCortex_15_GCTGCAGCATGCTGGC,2.7522498792415155
25318,0.4065234549924872,15__mutated,PertCortex_15_GCTGCAGTCCACGAAT,1.7774696778517973
25319,0.14305691234529436,15__mutated,PertCortex_15_GCTGCGAAGCCGATTT,3.7815275377691897
25320,0.13998653138976094,15__mutated,PertCortex_15_GCTGCGAAGCTAGCCC,3.6521340979320405
25321,0.1790494838019301,15__mutated,PertCortex_15_GCTGCGAGTGCTCTTC,1.777494159383409
25322,0.24404715796575083,15__mutated,PertCortex_15_GCTGCGATCAACGGGA,2.5967152657776067
25323,0.17188793156570426,15__mutated,PertCortex_15_GCTGCTTAGATACACA,4.188582660521001
25324,0.08509201986487425,15__mutated,PertCortex_15_GCTGCTTAGGAATGGA,3.564105811024144
25325,0.15722220880474777,15__mutated,PertCortex_15_GCTGCTTTCATAGCAC,3.695805437643301
25326,0.15185813000355775,15__mutated,PertCortex_15_GCTGGGTAGATATGCA,3.0185296588645194
25327,0.45229159421770965,15__mutated,PertCortex_15_GCTGGGTAGCGTCAAG,3.3416480216071194
25328,0.1556639852964214,15__mutated,PertCortex_15_GCTGGGTAGGTGCTAG,2.7182640662863955
25329,0.4298462034887374,15__mutated,PertCortex_15_GCTGGGTAGTCATGCT,1.8059315950975166
25330,0.1138924273240858,15__mutated,PertCortex_15_GCTGGGTCAGGCTGAA,4.231660006233989
25331,0.1658514615053505,15__mutated,PertCortex_15_GCTTCCAAGCGCCTTG,3.6452818883322937
25332,0.16843231237225015,15__mutated,PertCortex_15_GCTTCCAAGGCGCTCT,4.277707357680978
25333,0.14623901592161695,15__mutated,PertCortex_15_GCTTCCAAGTGTCTCA,4.327906894693948
25334,0.035737130666497,15__mutated,PertCortex_15_GCTTCCACACAGCGTC,3.9893821885305933
25335,0.1533173768329513,15__mutated,PertCortex_15_GCTTCCACACTGTCGG,4.97218633217129
25336,0.18207761068546258,15__mutated,PertCortex_15_GCTTCCACATACCATG,3.6189139861827124
25337,0.11802045675030497,15__mutated,PertCortex_15_GCTTCCAGTATGAAAC,4.291163738906096
25338,0.3120587780219896,15__mutated,PertCortex_15_GCTTCCATCACCAGGC,3.2096198195865453
25339,0.20357717222008984,15__mutated,PertCortex_15_GCTTGAAAGACGCAAC,1.6342692800622893
25340,0.4712767460403378,15__mutated,PertCortex_15_GCTTGAACAATGGACG,2.103192779593045
25341,0.102644887609788,15__mutated,PertCortex_15_GCTTGAAGTGACCAAG,4.05217456803687
25342,0.025486339430656587,15__mutated,PertCortex_15_GCTTGAAGTGTGACGA,4.365087185445583
25343,0.32035357665413505,15__mutated,PertCortex_15_GCTTGAATCAAACCGT,2.4169105158789344
25344,0.1527826916329799,15__mutated,PertCortex_15_GCTTGAATCTGGAGCC,4.564885296120879
25345,0.1238879500861447,15__mutated,PertCortex_15_GGAAAGCCACAGGCCT,2.1824475022070184
25346,0.10416474233044486,15__mutated,PertCortex_15_GGAAAGCCATCGACGC,3.880811885987179
25347,0.10904025018660284,15__mutated,PertCortex_15_GGAAAGCGTAGTGAAT,3.736022274569387
25348,0.2816548222052818,15__mutated,PertCortex_15_GGAAAGCTCTCGATGA,3.9474059126598218
25349,0.27510474881048624,15__mutated,PertCortex_15_GGAAAGCTCTGCCAGG,2.188945669255968
25350,0.37088331816826686,15__mutated,PertCortex_15_GGAACTTAGCGTAGTG,2.9330033341863673
25351,0.513160526991663,15__mutated,PertCortex_15_GGAACTTCATGTCTCC,2.4744398509954553
25352,0.08749746532148697,15__mutated,PertCortex_15_GGAACTTCATTCGACA,4.710782739228139
25353,0.05855275135675898,15__mutated,PertCortex_15_GGAACTTGTAGCGCAA,3.5721304060856753
25354,0.1379943482195441,15__mutated,PertCortex_15_GGAATAAAGCACCGTC,3.6151989280614263
25355,0.07720167223277152,15__mutated,PertCortex_15_GGAATAAAGTTTAGGA,3.5129556248288263
25356,0.17252667887285209,15__mutated,PertCortex_15_GGAATAACAGATTGCT,3.2441475509421203
25357,0.3536485506179923,15__mutated,PertCortex_15_GGAATAAGTAGCGTCC,2.3921579077905846
25358,0.33433623257555073,15__mutated,PertCortex_15_GGACAAGAGTTCCACA,2.375837502186288
25359,0.03899788374709015,15__mutated,PertCortex_15_GGACAAGCACAAGTAA,3.348808138745651
25360,0.0655128471907372,15__mutated,PertCortex_15_GGACAAGGTATAGGTA,3.222475187729506
25361,0.08724351849821568,15__mutated,PertCortex_15_GGACAAGGTCCATGAT,3.9873594469161624
25362,0.30369100555354406,15__mutated,PertCortex_15_GGACAAGGTTCTCATT,2.8537237297135123
25363,0.13542068485727554,15__mutated,PertCortex_15_GGACAAGTCCGCTGTT,3.576434910964455
25364,0.17546570460149424,15__mutated,PertCortex_15_GGACAAGTCGGCGGTT,3.2372405042083403
25365,0.07394592421661161,15__mutated,PertCortex_15_GGACAGACATTTGCCC,4.9437360556157035
25366,0.5611289231881914,15__mutated,PertCortex_15_GGACAGAGTTCGCTAA,2.1318000226998737
25367,0.1233197290402856,15__mutated,PertCortex_15_GGACAGATCCAGAGGA,4.441512744939238
25368,0.13821431429031703,15__mutated,PertCortex_15_GGACAGATCGAGAACG,2.682327150239903
25369,0.14298252484234797,15__mutated,PertCortex_15_GGACAGATCGAGAGCA,3.7134183805909777
25370,0.0909709983178525,15__mutated,PertCortex_15_GGACATTCATCTACGA,4.187719737749282
25371,0.2679013039143915,15__mutated,PertCortex_15_GGACATTGTCGGGTCT,2.535770913595176
25372,0.1687793179061865,15__mutated,PertCortex_15_GGACATTTCAAGAAGT,4.007629068036798
25373,0.11490907030118065,15__mutated,PertCortex_15_GGACATTTCACATGCA,2.3011097993214644
25374,0.15532019497759364,15__mutated,PertCortex_15_GGACATTTCGGCTTGG,3.744126772394018
25375,0.11289758209699519,15__mutated,PertCortex_15_GGACGTCAGGTAGCTG,3.3701411657491165
25376,0.43253462496501394,15__mutated,PertCortex_15_GGACGTCCACTACAGT,0.9699953623322634
25377,0.24898028297857006,15__mutated,PertCortex_15_GGAGCAAAGAAGGGTA,2.553563542110008
25378,0.09461847286349383,15__mutated,PertCortex_15_GGAGCAAAGGAACTGC,4.061445803325167
25379,0.2592023349346857,15__mutated,PertCortex_15_GGAGCAAAGGTTCCTA,2.6191924763197165
25380,0.11600792775692129,15__mutated,PertCortex_15_GGAGCAACACCTCGGA,3.3395727162849016
25381,0.21127642526383403,15__mutated,PertCortex_15_GGAGCAAGTGGGTCAA,2.870499709058928
25382,0.15137446072445357,15__mutated,PertCortex_15_GGAGCAATCCAATGGT,2.854841009952609
25383,0.13144962519091996,15__mutated,PertCortex_15_GGAGCAATCTGACCTC,4.737543716786071
25384,0.027835165044297523,15__mutated,PertCortex_15_GGATGTTAGGATGGAA,4.035517761855607
25385,0.1931513822016377,15__mutated,PertCortex_15_GGATGTTAGGGCTTGA,3.089403026837718
25386,0.17927316230576357,15__mutated,PertCortex_15_GGATGTTCACAGATTC,4.832820073006383
25387,0.0859449245351712,15__mutated,PertCortex_15_GGATGTTCAGGCGATA,3.1115088389486396
25388,0.19323224501168124,15__mutated,PertCortex_15_GGATGTTCAGTGGGAT,4.1817472206685835
25389,0.192813278811521,15__mutated,PertCortex_15_GGATGTTGTCCGAGTC,3.7039025340593583
25390,0.12279793467722065,15__mutated,PertCortex_15_GGATGTTGTTAGAACA,3.3759450169560816
25391,0.2747824635144821,15__mutated,PertCortex_15_GGATGTTTCTCTGAGA,3.2973783091756523
25392,0.2765815441376076,15__mutated,PertCortex_15_GGATTACAGAAGAAGC,2.7368183141605376
25393,0.2011844643019215,15__mutated,PertCortex_15_GGATTACGTATCACCA,3.1126324819319517
25394,0.2510244828753678,15__mutated,PertCortex_15_GGATTACGTCAGAATA,3.5210200635253006
25395,0.5587951231566273,15__mutated,PertCortex_15_GGATTACTCAACGAAA,1.5575242667608449
25396,0.45156528673731444,15__mutated,PertCortex_15_GGATTACTCAAGATCC,1.6096940121758547
25397,0.1269808758485719,15__mutated,PertCortex_15_GGATTACTCCGTTGCT,3.898944042059787
25398,0.3903543743433132,15__mutated,PertCortex_15_GGCAATTAGCTGGAAC,2.489563712066079
25399,0.167232582086541,15__mutated,PertCortex_15_GGCAATTCATCACGAT,3.8102407333041506
25400,0.24487280226385838,15__mutated,PertCortex_15_GGCAATTGTAAGGATT,4.435151978551583
25401,0.14085404307909263,15__mutated,PertCortex_15_GGCAATTGTCTTCAAG,4.45450417010776
25402,0.30924830439385803,15__mutated,PertCortex_15_GGCAATTGTGATGTCT,1.6451606828578405
25403,0.07806116094828464,15__mutated,PertCortex_15_GGCAATTGTTCCCTTG,3.6275679560295595
25404,0.07097579127419729,15__mutated,PertCortex_15_GGCAATTGTTGCGCAC,4.380645584976212
25405,0.254203043865463,15__mutated,PertCortex_15_GGCAATTTCCATTCTA,3.530769407355283
25406,0.143378116910256,15__mutated,PertCortex_15_GGCCGATAGAAGGTGA,4.26295089751215
25407,0.05935358161117815,15__mutated,PertCortex_15_GGCCGATAGGCTACGA,4.029874976027198
25408,0.10380164715616239,15__mutated,PertCortex_15_GGCCGATAGTTCGATC,4.041342364873167
25409,0.3175422283933455,15__mutated,PertCortex_15_GGCCGATGTAAGGGAA,1.8173307617244994
25410,0.07781037354644355,15__mutated,PertCortex_15_GGCCGATGTGAAATCA,3.068350553438079
25411,0.08193747320643627,15__mutated,PertCortex_15_GGCCGATTCTGCGACG,2.9336942015965546
25412,0.41388903506262525,15__mutated,PertCortex_15_GGCGACTAGGACAGCT,1.967419331433876
25413,0.04633710595903282,15__mutated,PertCortex_15_GGCGACTAGTTCCACA,4.677909200951375
25414,0.3215886363610359,15__mutated,PertCortex_15_GGCGACTCAATAGCAA,1.9976004254181803
25415,0.21948218312342607,15__mutated,PertCortex_15_GGCGACTCAGGGTATG,1.9540446975938348
25416,0.269062141642616,15__mutated,PertCortex_15_GGCGACTGTCAGCTAT,2.1691233563772148
25417,0.2447308469732879,15__mutated,PertCortex_15_GGCGACTTCAAACGGG,2.2907406935291394
25418,0.1319032507081269,15__mutated,PertCortex_15_GGCGTGTAGCACAGGT,2.4399872390000024
25419,0.26915750183297754,15__mutated,PertCortex_15_GGCGTGTCAGGTCTCG,2.9324798027408634
25420,0.01337160568781662,15__mutated,PertCortex_15_GGCGTGTCATCGATGT,3.417748023695638
25421,0.08762711363594644,15__mutated,PertCortex_15_GGCGTGTGTTGGGACA,3.7567172090353482
25422,0.14460226290236028,15__mutated,PertCortex_15_GGCGTGTTCAGCGATT,3.59209264750859
25423,0.24885868752095872,15__mutated,PertCortex_15_GGCTCGAAGTTGTAGA,3.146414148383712
25424,0.10472823632212705,15__mutated,PertCortex_15_GGCTCGACAAATACAG,4.038954149005527
25425,0.09658894186251654,15__mutated,PertCortex_15_GGCTCGACAACCGCCA,2.1745330931634292
25426,0.032000005997634945,15__mutated,PertCortex_15_GGCTCGATCAGTTGAC,4.053296961674223
25427,0.1903672890352223,15__mutated,PertCortex_15_GGCTGGTCAAGCCGTC,2.256895237870326
25428,0.10619232130372531,15__mutated,PertCortex_15_GGCTGGTCACAACGTT,2.258606370150639
25429,0.12017243146484922,15__mutated,PertCortex_15_GGCTGGTCATAGTAAG,3.41602375923631
25430,0.5125040276787505,15__mutated,PertCortex_15_GGCTGGTGTACGCTGC,1.538532833065687
25431,0.1205360752526549,15__mutated,PertCortex_15_GGCTGGTGTTCCACGG,4.307553640164811
25432,0.11108783828539474,15__mutated,PertCortex_15_GGCTGGTTCGGAGGTA,2.8989153649799837
25433,0.21692152249564234,15__mutated,PertCortex_15_GGGAATGAGGCGATAC,2.8444117283478363
25434,0.078999058037197,15__mutated,PertCortex_15_GGGAATGCAAGGACTG,3.9207017177271246
25435,0.03176330989960459,15__mutated,PertCortex_15_GGGAATGGTGCACTTA,4.593239725371313
25436,0.33678934093238544,15__mutated,PertCortex_15_GGGAATGGTTCAACCA,2.608785754842352
25437,0.1527972910119347,15__mutated,PertCortex_15_GGGAATGTCAGTCAGT,3.323064477959604
25438,0.1110549290432162,15__mutated,PertCortex_15_GGGACCTCAGTAAGCG,3.9544367567780827
25439,0.6397995070418657,15__mutated,PertCortex_15_GGGACCTCATTCTCAT,1.9935046586332548
25440,0.13524091508686478,15__mutated,PertCortex_15_GGGACCTGTAGCCTCG,3.2000618233558944
25441,0.06820623824266121,15__mutated,PertCortex_15_GGGACCTGTATTCGTG,2.710560436595146
25442,0.31338330353341004,15__mutated,PertCortex_15_GGGAGATAGCTAACTC,2.771565691578542
25443,0.4933222335586586,15__mutated,PertCortex_15_GGGAGATAGGTGCACA,3.236327264804765
25444,0.4024753838775084,15__mutated,PertCortex_15_GGGAGATAGTTCGCGC,2.1123397183818926
25445,0.19030900053480598,15__mutated,PertCortex_15_GGGAGATCACGCATCG,3.346224385264978
25446,0.1730891424283015,15__mutated,PertCortex_15_GGGAGATCACTACAGT,5.368590943798452
25447,0.055027504348052494,15__mutated,PertCortex_15_GGGAGATGTACCGGCT,4.824081422517257
25448,0.13804193661919698,15__mutated,PertCortex_15_GGGAGATGTCTCACCT,4.2857257718172495
25449,0.1946360002378136,15__mutated,PertCortex_15_GGGAGATGTGGGTATG,2.4234213550830654
25450,0.14828681228029866,15__mutated,PertCortex_15_GGGAGATTCCGAGCCA,2.919410638567957
25451,0.3051174737114587,15__mutated,PertCortex_15_GGGAGATTCCTCTAGC,4.199636426879095
25452,0.13227255644427724,15__mutated,PertCortex_15_GGGAGATTCTCTAAGG,3.838065177195368
25453,0.1737605867810671,15__mutated,PertCortex_15_GGGATGAGTGCTAGCC,2.378683338825749
25454,0.056005762858877664,15__mutated,PertCortex_15_GGGATGAGTTACGTCA,4.782532515317744
25455,0.270138343761203,15__mutated,PertCortex_15_GGGCACTAGCTAACAA,3.2498578691815885
25456,0.1616870401220598,15__mutated,PertCortex_15_GGGCACTAGTTCGCAT,2.6549427311012694
25457,0.13195225932482468,15__mutated,PertCortex_15_GGGCACTCAAGAAGAG,4.336082197823346
25458,0.4316900175998861,15__mutated,PertCortex_15_GGGCACTCACGACTCG,2.4565906804321176
25459,0.54602902557442,15__mutated,PertCortex_15_GGGCACTCATACGCTA,1.9987693047247677
25460,0.19153667282446937,15__mutated,PertCortex_15_GGGCACTCATGCAACT,3.3101574051848037
25461,0.549006535334168,15__mutated,PertCortex_15_GGGCACTGTCTGATCA,1.7078329953913411
25462,0.05166294665997411,15__mutated,PertCortex_15_GGGCACTTCACGACTA,3.358022503151441
25463,0.16983701814936764,15__mutated,PertCortex_15_GGGCACTTCCACGACG,3.187797104048299
25464,0.18431616151818342,15__mutated,PertCortex_15_GGGCACTTCCTGTACC,5.076306220599466
25465,0.5562097211094137,15__mutated,PertCortex_15_GGGCATCAGTGCCATT,1.4712722629616608
25466,0.09675464019993948,15__mutated,PertCortex_15_GGGCATCCAAGTTAAG,3.869713597111797
25467,0.33592140780606955,15__mutated,PertCortex_15_GGGCATCGTATAGTAG,1.9070797804694948
25468,0.07303491937134435,15__mutated,PertCortex_15_GGGCATCGTTGAGGTG,2.2339225559016374
25469,0.11775964972859204,15__mutated,PertCortex_15_GGGCATCTCGGAGGTA,4.671404629937273
25470,0.41256056946971154,15__mutated,PertCortex_15_GGGCATCTCTCTAGGA,2.610735768910441
25471,0.09639232673465,15__mutated,PertCortex_15_GGGTCTGAGAGTGAGA,3.7032293893479555
25472,0.10258748714347406,15__mutated,PertCortex_15_GGGTCTGCAATCCAAC,3.349498033423463
25473,0.13075625110878927,15__mutated,PertCortex_15_GGGTCTGCATCACGTA,2.7426824994247783
25474,0.5642464384226995,15__mutated,PertCortex_15_GGGTCTGTCCCTCAGT,1.6304480328804434
25475,0.20754302938940344,15__mutated,PertCortex_15_GGGTCTGTCTGGCGAC,3.063091066234358
25476,0.184125845686068,15__mutated,PertCortex_15_GGGTTGCAGACTAAGT,1.8632959786516596
25477,0.004127546323173292,15__mutated,PertCortex_15_GGGTTGCAGCCCGAAA,4.160205905730648
25478,0.14819572064711609,15__mutated,PertCortex_15_GGGTTGCCAACTGGCC,2.6877763814734017
25479,0.17396733208220438,15__mutated,PertCortex_15_GGGTTGCCACAGGAGT,3.31190626881115
25480,0.13001361360615443,15__mutated,PertCortex_15_GGGTTGCCATCCCATC,2.9667962895830025
25481,0.13561373684606667,15__mutated,PertCortex_15_GGGTTGCTCGTAGGAG,3.8495352878846907
25482,0.39169427787932487,15__mutated,PertCortex_15_GGGTTGCTCTGAAAGA,2.054511127984473
25483,0.10968532445782027,15__mutated,PertCortex_15_GGTATTGAGCCACCTG,4.899531427534459
25484,0.018773760500860732,15__mutated,PertCortex_15_GGTATTGAGGCTAGGT,4.838051923541418
25485,0.3798850950295016,15__mutated,PertCortex_15_GGTATTGAGTCACGCC,2.128631617028037
25486,0.1427469290818046,15__mutated,PertCortex_15_GGTGAAGAGATACACA,4.755519407829384
25487,0.4359606784530747,15__mutated,PertCortex_15_GGTGAAGAGCCCGAAA,1.8749171039803942
25488,0.06344788916809352,15__mutated,PertCortex_15_GGTGAAGAGCTGAACG,3.0316280347991276
25489,0.4283585784500222,15__mutated,PertCortex_15_GGTGAAGCAGTAACGG,1.9351174863185852
25490,0.5670086470593554,15__mutated,PertCortex_15_GGTGAAGTCAACACTG,2.619013425782247
25491,0.37168797472217563,15__mutated,PertCortex_15_GGTGAAGTCGGCGCAT,1.8712048940445012
25492,0.03454814648761886,15__mutated,PertCortex_15_GGTGAAGTCTACTCAT,4.007251258089798
25493,0.0831767020111463,15__mutated,PertCortex_15_GGTGCGTAGACATAAC,2.7636970033651327
25494,0.08126381999528623,15__mutated,PertCortex_15_GGTGCGTAGACTAGGC,3.6967892981255317
25495,0.028475174439726973,15__mutated,PertCortex_15_GGTGCGTCATCACGAT,4.260048136282968
25496,0.45576797876746067,15__mutated,PertCortex_15_GGTGCGTGTCCGTGAC,2.1494468569353637
25497,0.12557151307106995,15__mutated,PertCortex_15_GGTGCGTGTCGAAAGC,2.1631465843218236
25498,0.15106122553909873,15__mutated,PertCortex_15_GGTGCGTTCAATAAGG,2.0570763748187084
25499,0.1655670740960074,15__mutated,PertCortex_15_GGTGTTAAGACAATAC,3.5936502783657245
25500,0.15935429259782366,15__mutated,PertCortex_15_GGTGTTAAGCCACGCT,3.1654581272577937
25501,0.3640015325062041,15__mutated,PertCortex_15_GGTGTTAAGGTAGCCA,1.6224909095051268
25502,0.010558954585816096,15__mutated,PertCortex_15_GGTGTTAGTCAGAAGC,3.6988922171908296
25503,0.0882966267906432,15__mutated,PertCortex_15_GGTGTTAGTTCCACGG,4.075586056879128
25504,0.26433538779785865,15__mutated,PertCortex_15_GGTGTTATCACCCTCA,2.7644119870969743
25505,0.2381643562160135,15__mutated,PertCortex_15_GTAACGTAGCCGCCTA,2.3111825411438085
25506,0.07419530251391289,15__mutated,PertCortex_15_GTAACGTGTAGAGTGC,3.7157446538295633
25507,0.3042914344423416,15__mutated,PertCortex_15_GTAACGTGTCTAGGTT,2.31050659121688
25508,0.11318958682987554,15__mutated,PertCortex_15_GTAACGTGTCTGCGGT,3.5791496884212273
25509,0.06625384912677423,15__mutated,PertCortex_15_GTAACGTTCGCCTGAG,3.7978689776150945
25510,0.08115552810581889,15__mutated,PertCortex_15_GTAACGTTCTTTAGGG,4.882639220674787
25511,0.25016366678986124,15__mutated,PertCortex_15_GTAACTGAGAGATGAG,3.710062605685387
25512,0.24833997550409145,15__mutated,PertCortex_15_GTAACTGGTACATCCA,4.076995325509433
25513,0.10470330677539479,15__mutated,PertCortex_15_GTAACTGGTGGCTCCA,4.91207051383288
25514,0.42406791778471753,15__mutated,PertCortex_15_GTAACTGGTTCGGCAC,2.555581955057321
25515,0.3597907782827787,15__mutated,PertCortex_15_GTAACTGTCGATGAGG,4.032948859300446
25516,0.07346367575641821,15__mutated,PertCortex_15_GTACGTACAATCCGAT,3.5872632811919956
25517,0.2050561519238711,15__mutated,PertCortex_15_GTACGTACACCGGAAA,3.341759269424264
25518,0.08360829222048059,15__mutated,PertCortex_15_GTACGTAGTATAGTAG,3.9358556080953693
25519,0.3086866161680961,15__mutated,PertCortex_15_GTACTCCAGAACTCGG,3.014940595257005
25520,0.13842220748425443,15__mutated,PertCortex_15_GTACTCCAGAGGTAGA,3.4102878924039373
25521,0.0790171356944823,15__mutated,PertCortex_15_GTACTCCAGGACTGGT,3.37295728032541
25522,0.4701657138004764,15__mutated,PertCortex_15_GTACTCCAGTACGATA,2.2634606363307928
25523,0.09628503260887637,15__mutated,PertCortex_15_GTACTCCAGTACGCGA,5.021671826927144
25524,0.1431279250055901,15__mutated,PertCortex_15_GTACTCCCAGCCTGTG,3.6328934886214257
25525,0.15935414208115137,15__mutated,PertCortex_15_GTACTCCCATCACGAT,4.883734788599277
25526,0.22417962928849877,15__mutated,PertCortex_15_GTACTCCGTACAGTTC,3.19882380075324
25527,0.15110152434619717,15__mutated,PertCortex_15_GTACTCCGTATTACCG,2.6517728682946036
25528,0.31033793783573116,15__mutated,PertCortex_15_GTACTCCGTCGGCACT,1.5829606593148793
25529,0.36704467544857755,15__mutated,PertCortex_15_GTACTCCGTCTCCATC,1.810809350188507
25530,0.5005673120371132,15__mutated,PertCortex_15_GTACTCCTCATGTCTT,2.501513367262426
25531,0.4988375617552457,15__mutated,PertCortex_15_GTACTTTAGGAACTGC,2.7610250621650767
25532,0.0647347591392856,15__mutated,PertCortex_15_GTACTTTCATGCATGT,2.8773807867296464
25533,0.17219970318612904,15__mutated,PertCortex_15_GTACTTTGTACAGTGG,2.681618180615771
25534,0.22791443904700995,15__mutated,PertCortex_15_GTACTTTGTGTTGAGG,2.570199546824988
25535,0.12187932399004688,15__mutated,PertCortex_15_GTACTTTTCACAGTAC,3.029724989751778
25536,0.12021036878540103,15__mutated,PertCortex_15_GTACTTTTCCGTCATC,4.101601116855078
25537,0.10677245196522941,15__mutated,PertCortex_15_GTACTTTTCGTTTGCC,5.344919866465473
25538,0.0731470319006935,15__mutated,PertCortex_15_GTACTTTTCTGTCCGT,3.73795778011216
25539,0.26912347324661917,15__mutated,PertCortex_15_GTAGGCCAGACTAGAT,3.3876384995330837
25540,0.07658739330722422,15__mutated,PertCortex_15_GTAGGCCAGATATGGT,3.471570652059441
25541,0.10894935354386025,15__mutated,PertCortex_15_GTAGGCCCATTGAGCT,2.766786734048555
25542,0.11458744708610476,15__mutated,PertCortex_15_GTAGGCCGTTATCGGT,3.699479352319516
25543,0.1012211062039341,15__mutated,PertCortex_15_GTAGGCCGTTGTTTGG,4.000988585676924
25544,0.6382641838176433,15__mutated,PertCortex_15_GTAGGCCTCCGATATG,1.8813224060799858
25545,0.35776444266316165,15__mutated,PertCortex_15_GTAGGCCTCTGGGCCA,2.5402878025066102
25546,0.01981397163151015,15__mutated,PertCortex_15_GTAGGCCTCTTAACCT,3.5952625780516874
25547,0.13947277346152775,15__mutated,PertCortex_15_GTAGTCAGTAAGAGAG,5.40059902627669
25548,0.16443243656118298,15__mutated,PertCortex_15_GTATCTTCAGCTGCTG,4.185390279798367
25549,0.11397272358069037,15__mutated,PertCortex_15_GTATCTTCATCATCCC,3.320617609810302
25550,0.37288852848376397,15__mutated,PertCortex_15_GTATCTTCATTGCGGC,1.7091850868358502
25551,0.28037780074052415,15__mutated,PertCortex_15_GTATCTTTCGCAGGCT,2.410058987272906
25552,0.11890774928173904,15__mutated,PertCortex_15_GTATTCTAGGCCCTCA,5.099543058508788
25553,0.1004758169467139,15__mutated,PertCortex_15_GTATTCTCATCCTTGC,4.124332669089592
25554,0.11068227135968509,15__mutated,PertCortex_15_GTATTCTGTCACAAGG,4.135046454238584
25555,0.11104160059555072,15__mutated,PertCortex_15_GTATTCTTCCAGAAGG,2.8515186289418146
25556,0.1408678955950826,15__mutated,PertCortex_15_GTCAAGTAGAATAGGG,4.9606666970760305
25557,0.5971511735650156,15__mutated,PertCortex_15_GTCAAGTCAATTGCTG,2.096104867784549
25558,0.1407418275018695,15__mutated,PertCortex_15_GTCAAGTGTACCTACA,3.229721432919442
25559,0.395772799090921,15__mutated,PertCortex_15_GTCAAGTGTCGAAAGC,2.23108209833769
25560,0.13619291800385985,15__mutated,PertCortex_15_GTCAAGTTCGGATGGA,4.3119143572427365
25561,0.24269394717017362,15__mutated,PertCortex_15_GTCACAAAGAAGGTGA,1.4185573574230348
25562,0.044757407547393706,15__mutated,PertCortex_15_GTCACAAAGCTCCTTC,3.9914311256197847
25563,0.5498232821527828,15__mutated,PertCortex_15_GTCACAAAGGTAGCCA,1.5822811374505972
25564,0.25941927161609807,15__mutated,PertCortex_15_GTCACAATCCGCAGTG,4.69511707726259
25565,0.3610264909327749,15__mutated,PertCortex_15_GTCACGGAGCGATATA,1.817654209813852
25566,0.16366776559988072,15__mutated,PertCortex_15_GTCACGGAGTTATCGC,4.125995500622124
25567,0.22592186245320015,15__mutated,PertCortex_15_GTCACGGGTAGCCTAT,4.703439562879468
25568,0.10673609354950411,15__mutated,PertCortex_15_GTCACGGTCAGTTGAC,3.7326930600531605
25569,0.18656123709316375,15__mutated,PertCortex_15_GTCATTTAGCACCGCT,2.5084795035708347
25570,0.13539733561516745,15__mutated,PertCortex_15_GTCATTTAGGCTAGCA,2.758691649792796
25571,0.026033595907220517,15__mutated,PertCortex_15_GTCATTTCATCCTAGA,4.11915704411485
25572,0.24559034410023603,15__mutated,PertCortex_15_GTCATTTCATCGGAAG,2.091991054945996
25573,0.43146993336396133,15__mutated,PertCortex_15_GTCATTTGTGTCGCTG,2.1386952993337704
25574,0.16390702618260386,15__mutated,PertCortex_15_GTCATTTGTGTTCTTT,4.355108980045732
25575,0.10082505215440832,15__mutated,PertCortex_15_GTCATTTTCACTTACT,4.12038063956862
25576,0.19323997598696355,15__mutated,PertCortex_15_GTCATTTTCAGGTAAA,4.630115638843876
25577,0.07807054509730459,15__mutated,PertCortex_15_GTCATTTTCCCTCTTT,2.8559536191006556
25578,0.18173440808225905,15__mutated,PertCortex_15_GTCCTCAAGTGGAGTC,2.8197741431796857
25579,0.31459639762271546,15__mutated,PertCortex_15_GTCCTCACACGGCTAC,3.114655862433495
25580,0.21473186621454002,15__mutated,PertCortex_15_GTCCTCACATGCCCGA,2.566768769762407
25581,0.05947417782684063,15__mutated,PertCortex_15_GTCGGGTCATCTCGCT,3.9413330581353057
25582,0.6209204077624711,15__mutated,PertCortex_15_GTCGGGTGTGGCAAAC,1.9766435411829666
25583,0.09277769424919215,15__mutated,PertCortex_15_GTCGGGTTCCGTAGGC,3.9643465774619124
25584,0.1973131548610713,15__mutated,PertCortex_15_GTCGGGTTCCTCGCAT,4.745835161560052
25585,0.5797431557283154,15__mutated,PertCortex_15_GTCGGGTTCCTGCAGG,1.9024165328489566
25586,0.13878179278929711,15__mutated,PertCortex_15_GTCGTAAAGTCGTTTG,2.9992930036783285
25587,0.15426062889108705,15__mutated,PertCortex_15_GTCGTAACAGATTGCT,2.73033284399643
25588,0.11738337644025831,15__mutated,PertCortex_15_GTCGTAACAGCTATTG,4.462483655806511
25589,0.18358093525582583,15__mutated,PertCortex_15_GTCGTAAGTAGCGATG,4.667322365914978
25590,0.34144316839525113,15__mutated,PertCortex_15_GTCGTAATCCAAAGTC,2.1278812898402277
25591,0.1633966456668378,15__mutated,PertCortex_15_GTCTCGTTCCTCAATT,2.695699719606523
25592,0.13229786799653911,15__mutated,PertCortex_15_GTCTTCGCAGACACTT,2.0993463320272303
25593,0.22401365519689104,15__mutated,PertCortex_15_GTCTTCGGTCTTGCGG,3.640729990487709
25594,0.18993318051963928,15__mutated,PertCortex_15_GTCTTCGGTGGTTTCA,3.1858711129845307
25595,0.1931728645645212,15__mutated,PertCortex_15_GTCTTCGTCAACACGT,3.534850141317428
25596,0.30412804190163806,15__mutated,PertCortex_15_GTGAAGGAGCAGGTCA,2.176092220391956
25597,0.16634710021732826,15__mutated,PertCortex_15_GTGAAGGAGGCTCATT,5.429783521294722
25598,0.08781439267476186,15__mutated,PertCortex_15_GTGAAGGCACTAGTAC,4.681738742433726
25599,0.0962199826508622,15__mutated,PertCortex_15_GTGAAGGCATGGTAGG,4.2766951309863925
25600,0.41355772581160233,15__mutated,PertCortex_15_GTGAAGGCATTTGCTT,2.0034795009612245
25601,0.28478525369502766,15__mutated,PertCortex_15_GTGAAGGGTGTTTGGT,2.289855851122258
25602,0.1897770146780796,15__mutated,PertCortex_15_GTGAAGGGTTCCGGCA,4.388460389044925
25603,0.07806691200779128,15__mutated,PertCortex_15_GTGAAGGGTTCTGAAC,3.2638475878017412
25604,0.09832437573526878,15__mutated,PertCortex_15_GTGAAGGGTTTGCATG,4.538630399705264
25605,0.1581923084157251,15__mutated,PertCortex_15_GTGAAGGTCGTGGGAA,3.2158319888839633
25606,0.1832857387256535,15__mutated,PertCortex_15_GTGCAGCAGAACAACT,3.0797454550725
25607,0.43563538795867324,15__mutated,PertCortex_15_GTGCAGCAGTGTACTC,2.585041582311558
25608,0.06818603141789707,15__mutated,PertCortex_15_GTGCAGCCACATCCAA,3.2144298548841017
25609,0.10678056244335578,15__mutated,PertCortex_15_GTGCAGCCAGACGTAG,3.683297276552441
25610,0.2863650577388821,15__mutated,PertCortex_15_GTGCAGCGTGGTCTCG,1.8840910827540356
25611,0.16551029424035457,15__mutated,PertCortex_15_GTGCAGCGTTTACTCT,4.696849132778325
25612,0.17520558697189,15__mutated,PertCortex_15_GTGCATAAGAGACTAT,3.3973432414201663
25613,0.02335288680040381,15__mutated,PertCortex_15_GTGCATAAGCGAAGGG,3.0080529164459184
25614,0.046801855567108044,15__mutated,PertCortex_15_GTGCATACACACTGCG,5.113709961457761
25615,0.1749928807267595,15__mutated,PertCortex_15_GTGCATACACTTAAGC,4.363447406326049
25616,0.18881854930145175,15__mutated,PertCortex_15_GTGCATACATGGTTGT,2.81642301226815
25617,0.08642946165162789,15__mutated,PertCortex_15_GTGCATAGTCGCTTCT,2.5324108455211918
25618,0.23404953455378152,15__mutated,PertCortex_15_GTGCATAGTTACGTCA,4.270239611024664
25619,0.4553685277796125,15__mutated,PertCortex_15_GTGCATATCAGTTTGG,2.1663054550949887
25620,0.09002579147087295,15__mutated,PertCortex_15_GTGCGGTCAGCGTTCG,4.17464122204792
25621,0.3377921755855342,15__mutated,PertCortex_15_GTGCGGTTCACCCTCA,2.8167309851033577
25622,0.08674592669746627,15__mutated,PertCortex_15_GTGCGGTTCGCCATAA,3.466728509118043
25623,0.22808510489918055,15__mutated,PertCortex_15_GTGCTTCAGTATCGAA,2.6954526393364158
25624,0.07190957463634792,15__mutated,PertCortex_15_GTGCTTCGTCTTCAAG,3.802893749992878
25625,0.24968710717654938,15__mutated,PertCortex_15_GTGCTTCTCAACGGGA,1.7525557012706945
25626,0.08850854952081842,15__mutated,PertCortex_15_GTGCTTCTCGTAGGTT,3.7800835838502884
25627,0.36720086976184596,15__mutated,PertCortex_15_GTGGGTCAGGGTATCG,2.0233636466710587
25628,0.10834065140681443,15__mutated,PertCortex_15_GTGGGTCCAAGGTTCT,4.37684698070302
25629,0.07777520593120885,15__mutated,PertCortex_15_GTGGGTCGTGTAATGA,3.5316194716501688
25630,0.20475274739432475,15__mutated,PertCortex_15_GTGGGTCTCGTCACGG,2.6891855457349703
25631,0.2551677504379172,15__mutated,PertCortex_15_GTGTGCGAGAATAGGG,1.445695885489487
25632,0.04941413763301889,15__mutated,PertCortex_15_GTGTGCGAGAGGGCTT,3.4125374076678243
25633,0.5583011091633171,15__mutated,PertCortex_15_GTGTGCGGTACGCACC,1.9183643003630664
25634,0.21377797133596127,15__mutated,PertCortex_15_GTGTGCGTCCGTCAAA,2.7345057173163867
25635,0.30584126397523903,15__mutated,PertCortex_15_GTGTGCGTCTCATTCA,2.207680487981454
25636,0.0863933697463406,15__mutated,PertCortex_15_GTGTGCGTCTGCGTAA,3.4702221468323975
25637,0.1916724719457582,15__mutated,PertCortex_15_GTGTTAGCAGCTGTTA,2.3295471542547723
25638,0.056490571127016144,15__mutated,PertCortex_15_GTGTTAGGTGCATCTA,3.984630700559299
25639,0.18073539418861295,15__mutated,PertCortex_15_GTTAAGCAGCTAGGCA,2.817168047170093
25640,0.04163941213053938,15__mutated,PertCortex_15_GTTAAGCCAATTGCTG,3.9538978806207687
25641,0.18740520649624087,15__mutated,PertCortex_15_GTTAAGCGTCTCTTTA,2.0731087519887046
25642,0.5830888749437283,15__mutated,PertCortex_15_GTTAAGCTCCTTAATC,2.131709402278086
25643,0.09310065831787535,15__mutated,PertCortex_15_GTTACAGCAAGCGAGT,3.282465460054612
25644,0.49579433291233116,15__mutated,PertCortex_15_GTTACAGGTTCTGTTT,2.06229338335134
25645,0.21424421965328108,15__mutated,PertCortex_15_GTTACAGTCGTCTGAA,3.42172873223695
25646,0.4174049913232151,15__mutated,PertCortex_15_GTTACAGTCTCGCTTG,2.269566298540838
25647,0.11911338638229602,15__mutated,PertCortex_15_GTTCATTAGAGCTGCA,4.437052300444778
25648,0.24402880158002918,15__mutated,PertCortex_15_GTTCATTCATCCGTGG,2.4166922447484587
25649,0.11115891392948112,15__mutated,PertCortex_15_GTTCATTCATGGAATA,3.9287873503666555
25650,0.12773484530260446,15__mutated,PertCortex_15_GTTCATTTCATGTGGT,4.459087113731448
25651,0.184383526224843,15__mutated,PertCortex_15_GTTCATTTCTCGTTTA,3.4948957743518205
25652,0.27871102322807245,15__mutated,PertCortex_15_GTTCGGGAGAAGGCCT,2.6484797894761
25653,0.06291097443503577,15__mutated,PertCortex_15_GTTCGGGAGGAATCGC,1.5989440737208738
25654,0.17581269525190757,15__mutated,PertCortex_15_GTTCGGGCAGACGCTC,3.947690397158336
25655,0.370530221483583,15__mutated,PertCortex_15_GTTCGGGCATATGGTC,1.9945055898732529
25656,0.054038452828159375,15__mutated,PertCortex_15_GTTCGGGTCGTTACGA,4.073897725346655
25657,0.25456985556016015,15__mutated,PertCortex_15_GTTCGGGTCTAACGGT,2.811415458898223
25658,0.15402276524682962,15__mutated,PertCortex_15_GTTCTCGAGAGAACAG,2.16877940645283
25659,0.0641849793588234,15__mutated,PertCortex_15_GTTCTCGAGCCACCTG,2.715169053805137
25660,0.23627104973840923,15__mutated,PertCortex_15_GTTCTCGAGCCTATGT,2.401164029098822
25661,0.19257099917762024,15__mutated,PertCortex_15_GTTCTCGAGGGCATGT,2.711307518022629
25662,0.11806974297062284,15__mutated,PertCortex_15_GTTCTCGCAAACTGCT,4.344971442751002
25663,0.49833981087174134,15__mutated,PertCortex_15_GTTCTCGCAATGTTGC,2.0614849764391385
25664,0.07845463169745497,15__mutated,PertCortex_15_GTTCTCGCATTACCTT,4.0535529905731655
25665,0.13347620989191744,15__mutated,PertCortex_15_GTTCTCGGTTACGGAG,3.3406169565015387
25666,0.07748516120500973,15__mutated,PertCortex_15_GTTCTCGGTTGGTGGA,3.7324570009524836
25667,0.11591219977650968,15__mutated,PertCortex_15_GTTCTCGTCCGCGGTA,4.11051577865667
25668,0.1612142363521977,15__mutated,PertCortex_15_GTTTCTAGTGCCTTGG,2.9128605456319927
25669,0.3036059854784088,15__mutated,PertCortex_15_GTTTCTAGTTGTCGCG,2.6214167340952534
25670,0.48452068804376225,15__mutated,PertCortex_15_GTTTCTATCAGATAAG,1.980249367287595
25671,0.6290418233681239,15__mutated,PertCortex_15_GTTTCTATCTACTATC,1.3257421125746307
25672,0.6496779112787838,15__mutated,PertCortex_15_TAAACCGAGCGCCTCA,1.8530033270169766
25673,0.0724984790192056,15__mutated,PertCortex_15_TAAACCGGTAGGGTAC,2.5942699758669105
25674,0.3208400755269656,15__mutated,PertCortex_15_TAAACCGTCCCACTTG,2.047440959098451
25675,0.459716271153056,15__mutated,PertCortex_15_TAAGAGAAGAGCCCAA,1.8901285198782949
25676,0.16523055721768595,15__mutated,PertCortex_15_TAAGAGAAGCTCCTCT,3.0395661191193084
25677,0.08563088940635442,15__mutated,PertCortex_15_TAAGAGAAGTTAACGA,4.196100582744413
25678,0.334613129166257,15__mutated,PertCortex_15_TAAGAGACAATGACCT,2.112934382082239
25679,0.4989927509053567,15__mutated,PertCortex_15_TAAGAGACAGACGCCT,2.252654417592708
25680,0.323125242732648,15__mutated,PertCortex_15_TAAGAGACAGATCGGA,2.6345111455524157
25681,0.6219719082978563,15__mutated,PertCortex_15_TAAGAGATCGAATCCA,1.6138606331725982
25682,0.1525335969504908,15__mutated,PertCortex_15_TAAGCGTAGCGACGTA,3.260960602950615
25683,0.1632258790865863,15__mutated,PertCortex_15_TAAGCGTCATACTCTT,1.455554225570002
25684,0.29402154523771756,15__mutated,PertCortex_15_TAAGCGTCATGCATGT,3.0383903649717205
25685,0.19809898764234418,15__mutated,PertCortex_15_TAAGCGTGTGACGGTA,2.758966842186155
25686,0.14481031919469706,15__mutated,PertCortex_15_TAAGCGTTCGTACCGG,3.7854413103915356
25687,0.14812355671439723,15__mutated,PertCortex_15_TAAGCGTTCTTAGCCC,2.9501670257952957
25688,0.1197769498556,15__mutated,PertCortex_15_TAAGTGCCAGTATGCT,4.717132154044408
25689,0.2964079603311424,15__mutated,PertCortex_15_TAAGTGCGTAGAGTGC,2.6490165475966823
25690,0.22120910806884875,15__mutated,PertCortex_15_TAAGTGCGTAGCGTCC,4.877285805614322
25691,0.17985687396979252,15__mutated,PertCortex_15_TAAGTGCGTTATCACG,4.752075308428878
25692,0.45279980099341205,15__mutated,PertCortex_15_TAAGTGCGTTCGAATC,2.219333552548936
25693,0.3394319916471894,15__mutated,PertCortex_15_TAAGTGCGTTGTCTTT,3.4162443929730815
25694,0.22433949862039412,15__mutated,PertCortex_15_TAAGTGCTCCTTGACC,2.826626011634651
25695,0.22651160140356846,15__mutated,PertCortex_15_TAAGTGCTCGACCAGC,3.0950492061591324
25696,0.23047025136921995,15__mutated,PertCortex_15_TACACGAAGATCACGG,5.068942952922846
25697,0.1266648718690105,15__mutated,PertCortex_15_TACACGAAGGGTTCCC,2.494727431074405
25698,0.08298079892867985,15__mutated,PertCortex_15_TACACGAAGGTGTTAA,4.174027232600307
25699,0.33567327710211065,15__mutated,PertCortex_15_TACACGACAAACGTGG,1.8777947124465633
25700,0.1777354204958375,15__mutated,PertCortex_15_TACACGACAAAGGAAG,2.6664911218594023
25701,0.17599065300808073,15__mutated,PertCortex_15_TACACGACACGACTCG,3.1052744431453108
25702,0.1156745777475108,15__mutated,PertCortex_15_TACACGACAGGATCGA,4.994356777241234
25703,0.29505496110303514,15__mutated,PertCortex_15_TACACGAGTACCATCA,2.532398979367285
25704,0.038285733048630845,15__mutated,PertCortex_15_TACACGAGTAGCGTGA,3.5354428486177185
25705,0.13050297273983497,15__mutated,PertCortex_15_TACACGAGTGATAAAC,5.2283051332895685
25706,0.3161570653883652,15__mutated,PertCortex_15_TACACGATCACTCTTA,4.24471898923566
25707,0.0729684366215313,15__mutated,PertCortex_15_TACACGATCCAACCAA,4.247366495533772
25708,0.07036987327641987,15__mutated,PertCortex_15_TACACGATCTACTCAT,3.747436401928664
25709,0.2916185518751848,15__mutated,PertCortex_15_TACACGATCTTGCATT,2.096729661145155
25710,0.13350878147902526,15__mutated,PertCortex_15_TACAGTGGTATGGTTC,3.6296860800789577
25711,0.09328117582114887,15__mutated,PertCortex_15_TACCTATCATCAGTAC,3.4698072157662034
25712,0.07465769524130222,15__mutated,PertCortex_15_TACCTATGTCAGAAGC,3.9354094118682585
25713,0.1134750860127661,15__mutated,PertCortex_15_TACCTATGTCCTAGCG,3.7660285749323226
25714,0.5521436142002478,15__mutated,PertCortex_15_TACCTATGTGTGCGTC,2.2893670201659697
25715,0.5012094894386864,15__mutated,PertCortex_15_TACCTATTCGGTTAAC,2.248968872328477
25716,0.6229105244987976,15__mutated,PertCortex_15_TACCTTAAGAATGTGT,2.2648488785475784
25717,0.11486206978667866,15__mutated,PertCortex_15_TACCTTAAGAATTCCC,4.078118942956112
25718,0.44118159413564917,15__mutated,PertCortex_15_TACCTTAAGCGATCCC,2.119473358309594
25719,0.08975679183094981,15__mutated,PertCortex_15_TACCTTAAGGCATTGG,4.664925566233279
25720,0.10382525519120381,15__mutated,PertCortex_15_TACCTTAGTAGAGTGC,5.031357024567701
25721,0.13673937789973672,15__mutated,PertCortex_15_TACCTTAGTGCGGTAA,3.8343209627639108
25722,0.3501276366059844,15__mutated,PertCortex_15_TACCTTAGTTAAGGGC,1.9839939382145235
25723,0.06485627204303866,15__mutated,PertCortex_15_TACCTTAGTTCACGGC,3.2512766093840946
25724,0.21771169248485206,15__mutated,PertCortex_15_TACCTTATCCGGGTGT,2.7345081700691525
25725,0.3881047589431786,15__mutated,PertCortex_15_TACGGATAGCCAACAG,1.805881688219644
25726,0.2043643409734227,15__mutated,PertCortex_15_TACGGATAGTACGTAA,4.1981409375561896
25727,0.4644254485680075,15__mutated,PertCortex_15_TACGGATCATCGATGT,1.8811302770937064
25728,0.24789059162633703,15__mutated,PertCortex_15_TACGGATGTCCTAGCG,1.712345508311986
25729,0.04434307938722779,15__mutated,PertCortex_15_TACGGGCAGACTACAA,3.570941697590065
25730,0.13061571975206757,15__mutated,PertCortex_15_TACGGGCAGTGTCTCA,3.506025549097955
25731,0.03074470258626278,15__mutated,PertCortex_15_TACGGGCCATGTTCCC,3.2168133381563924
25732,0.13772846788791349,15__mutated,PertCortex_15_TACGGGCGTAGCTCCG,3.648689336469765
25733,0.1655746248218456,15__mutated,PertCortex_15_TACGGGCTCGACCAGC,3.6338755190959167
25734,0.09774298839477027,15__mutated,PertCortex_15_TACGGGCTCGGACAAG,4.454048630303327
25735,0.06616941821140238,15__mutated,PertCortex_15_TACGGTAAGCTGAACG,2.955498062024322
25736,0.2559019661837982,15__mutated,PertCortex_15_TACGGTAAGTCGATAA,3.61820421069188
25737,0.6663469711621106,15__mutated,PertCortex_15_TACGGTACAGCTGTGC,2.0194298226424814
25738,0.6228450205855072,15__mutated,PertCortex_15_TACGGTAGTCATTAGC,1.7306192631383932
25739,0.05946866639144902,15__mutated,PertCortex_15_TACGGTAGTCTTGATG,4.6806714714067965
25740,0.3712351225033547,15__mutated,PertCortex_15_TACGGTAGTTACGGAG,2.60176098932661
25741,0.07271416634883243,15__mutated,PertCortex_15_TACGGTATCGAGAGCA,4.389642608819293
25742,0.09406798815334487,15__mutated,PertCortex_15_TACTCATAGTGCCAGA,3.813689174406025
25743,0.41211543448326476,15__mutated,PertCortex_15_TACTCATCACCGGAAA,1.867576533662926
25744,0.12334062542562922,15__mutated,PertCortex_15_TACTCATGTACCGCTG,4.31713387177955
25745,0.18016537167843735,15__mutated,PertCortex_15_TACTCATGTACTCGCG,2.4318672018973357
25746,0.26432010984375576,15__mutated,PertCortex_15_TACTCATTCAGGATCT,3.398478140044397
25747,0.18778112136961952,15__mutated,PertCortex_15_TACTCATTCCAAACTG,3.1607917654736166
25748,0.10607210193287973,15__mutated,PertCortex_15_TACTCGCGTAATAGCA,2.5230099946450535
25749,0.12913687355556888,15__mutated,PertCortex_15_TACTCGCGTCTGATCA,2.891735073943951
25750,0.7125995255318641,15__mutated,PertCortex_15_TACTCGCGTGAGGCTA,1.4429045015821
25751,0.11262014393145126,15__mutated,PertCortex_15_TACTCGCTCAGGCCCA,4.053526750279986
25752,0.6048140143994447,15__mutated,PertCortex_15_TACTCGCTCTCGCATC,1.5851470728436516
25753,0.4934509124340457,15__mutated,PertCortex_15_TACTTACAGAGAACAG,1.9627983688113302
25754,0.48360874168945334,15__mutated,PertCortex_15_TACTTACAGTGGGATC,3.0305997186376943
25755,0.38855059839084627,15__mutated,PertCortex_15_TACTTACGTACTTGAC,1.7534156065531683
25756,0.12614689302511578,15__mutated,PertCortex_15_TACTTGTAGCGTTCCG,4.5040222357547455
25757,0.15988079840080224,15__mutated,PertCortex_15_TACTTGTGTAAACACA,2.693061728077342
25758,0.07308758750235861,15__mutated,PertCortex_15_TACTTGTGTACTCGCG,2.8399021476244384
25759,0.16005483850232244,15__mutated,PertCortex_15_TACTTGTTCACCACCT,4.2333156105423235
25760,0.4343050859908938,15__mutated,PertCortex_15_TACTTGTTCCTAGAAC,2.2858496563052784
25761,0.03907242244381808,15__mutated,PertCortex_15_TACTTGTTCGCCTGAG,4.815443964619038
25762,0.5268955486140584,15__mutated,PertCortex_15_TAGACCAAGAAGCCCA,2.5833008693388715
25763,0.07099731600146175,15__mutated,PertCortex_15_TAGACCAAGACATAAC,4.23069428062183
25764,0.26389186032848044,15__mutated,PertCortex_15_TAGACCACACACTGCG,2.567832155541748
25765,0.08829286828402114,15__mutated,PertCortex_15_TAGACCAGTCTCATCC,4.149095960706287
25766,0.6705225395442928,15__mutated,PertCortex_15_TAGACCAGTGGGTCAA,1.5024669589963315
25767,0.04901451171266976,15__mutated,PertCortex_15_TAGACCATCGGTGTCG,4.0381682316968135
25768,0.11129802130587385,15__mutated,PertCortex_15_TAGAGCTAGCTTTGGT,3.1141802565731607
25769,0.11446394626633,15__mutated,PertCortex_15_TAGAGCTAGGATGGTC,4.400948315245191
25770,0.5648532572606176,15__mutated,PertCortex_15_TAGAGCTGTACGACCC,0.9283773298107203
25771,0.5162020977518459,15__mutated,PertCortex_15_TAGAGCTGTCATTAGC,2.0204308860908538
25772,0.14320616564581848,15__mutated,PertCortex_15_TAGAGCTGTTCTCATT,4.67591694453703
25773,0.09565198300628351,15__mutated,PertCortex_15_TAGCCGGAGTTATCGC,3.490711879240513
25774,0.34817286643020395,15__mutated,PertCortex_15_TAGCCGGCATTACGAC,3.8583350430955394
25775,0.09475905094560204,15__mutated,PertCortex_15_TAGCCGGGTAGAGTGC,3.5113110701399566
25776,0.05158292021943112,15__mutated,PertCortex_15_TAGCCGGGTAGCGCAA,3.4300415218495246
25777,0.3761495592917067,15__mutated,PertCortex_15_TAGCCGGGTGCCTGTG,2.678245357271275
25778,0.38222736447585914,15__mutated,PertCortex_15_TAGCCGGGTGTCCTCT,1.9668708498096963
25779,0.22771837853007706,15__mutated,PertCortex_15_TAGCCGGGTTGGTAAA,3.29835788487574
25780,0.2135926257558829,15__mutated,PertCortex_15_TAGCCGGTCGGTCCGA,1.8902319126577873
25781,0.6157682439790846,15__mutated,PertCortex_15_TAGGCATAGCAGCGTA,1.8235956795146275
25782,0.3344163721254156,15__mutated,PertCortex_15_TAGGCATAGTACGATA,2.1347576374541273
25783,0.06015683564356535,15__mutated,PertCortex_15_TAGGCATCAACGCACC,4.10600325759414
25784,0.35056900157127124,15__mutated,PertCortex_15_TAGGCATCAATCACAC,1.3794115686211443
25785,0.27391383436039324,15__mutated,PertCortex_15_TAGTGGTAGGTGTTAA,4.061593811455474
25786,0.2883022027744255,15__mutated,PertCortex_15_TAGTGGTAGTTAGCGG,2.3086176448663163
25787,0.4029214002278423,15__mutated,PertCortex_15_TAGTGGTCAGGTCGTC,2.9853161239510655
25788,0.13057215409763528,15__mutated,PertCortex_15_TAGTGGTGTTAGAACA,2.9692947702868113
25789,0.6587845994383136,15__mutated,PertCortex_15_TAGTGGTGTTGGAGGT,1.6829686560237893
25790,0.5490299463788127,15__mutated,PertCortex_15_TAGTGGTTCATCTGTT,2.378827596085393
25791,0.6653192945658748,15__mutated,PertCortex_15_TAGTTGGTCATGTAGC,1.6933694119180336
25792,0.32010048683187065,15__mutated,PertCortex_15_TAGTTGGTCGCAGGCT,1.914921086350981
25793,0.10694624322365517,15__mutated,PertCortex_15_TAGTTGGTCTCTAAGG,4.803503522609886
25794,0.10665209546442493,15__mutated,PertCortex_15_TATCAGGAGTAATCCC,4.195614526653273
25795,0.1621494664457567,15__mutated,PertCortex_15_TATCAGGCACACTGCG,3.4008841487635872
25796,0.11754546720203073,15__mutated,PertCortex_15_TATCAGGCACGAAGCA,4.702339791476761
25797,0.2713051678265469,15__mutated,PertCortex_15_TATCTCAAGACTAAGT,2.644843048311122
25798,0.31629059157747563,15__mutated,PertCortex_15_TATCTCAAGGTGCAAC,2.231732541578185
25799,0.19679442105433775,15__mutated,PertCortex_15_TATCTCACAAGCCGCT,2.966873698242271
25800,0.12212173526927948,15__mutated,PertCortex_15_TATCTCATCTTACCGC,5.719035931021085
25801,0.14858069025878612,15__mutated,PertCortex_15_TATGCCCAGACAAAGG,4.299254010170176
25802,0.2807516503420026,15__mutated,PertCortex_15_TATGCCCAGATCCTGT,2.1417742349724405
25803,0.39764480393899637,15__mutated,PertCortex_15_TATGCCCCAGCATGAG,2.0271856355019127
25804,0.1543920222285311,15__mutated,PertCortex_15_TATGCCCCATCAGTAC,2.987370735008421
25805,0.26148157910631226,15__mutated,PertCortex_15_TATGCCCCATTAGCCA,3.0604541879658265
25806,0.5296445658044131,15__mutated,PertCortex_15_TATGCCCGTGTTTGTG,2.483857648260105
25807,0.10258865320291752,15__mutated,PertCortex_15_TATGCCCTCCTCAACC,5.205589426422502
25808,0.08024546272882707,15__mutated,PertCortex_15_TATGCCCTCTACTCAT,3.7602385303479595
25809,0.11426770384275237,15__mutated,PertCortex_15_TATTACCAGGCCCTTG,3.6607181766442465
25810,0.0349783709893162,15__mutated,PertCortex_15_TATTACCCACCGTTGG,4.162122313573368
25811,0.12651472195802804,15__mutated,PertCortex_15_TATTACCCAGTATAAG,4.250019663977102
25812,0.06766261707046453,15__mutated,PertCortex_15_TATTACCCATGGTCTA,3.494590656747567
25813,0.1607787284597022,15__mutated,PertCortex_15_TATTACCGTCTCTTTA,2.5132489924682413
25814,0.09882677882296952,15__mutated,PertCortex_15_TATTACCGTGAGTGAC,5.760341043374044
25815,0.24562624583823198,15__mutated,PertCortex_15_TATTACCTCTTGGGTA,2.8355758853679163
25816,0.07420740732876274,15__mutated,PertCortex_15_TCAACGAGTAAAGGAG,4.1977308917122285
25817,0.24739325861352177,15__mutated,PertCortex_15_TCAACGAGTATCAGTC,2.709643958054954
25818,0.2954273612236382,15__mutated,PertCortex_15_TCAACGAGTCGCGGTT,2.214598247844461
25819,0.49851310128478765,15__mutated,PertCortex_15_TCAACGATCCCATTTA,2.1867755251754697
25820,0.39992694801216017,15__mutated,PertCortex_15_TCAACGATCGCCTGAG,2.2250745390523363
25821,0.13537258586576856,15__mutated,PertCortex_15_TCAATCTAGTGTTGAA,4.04936189817119
25822,0.2521039325453778,15__mutated,PertCortex_15_TCAATCTCAGGCTGAA,3.474372225596306
25823,0.21072164779865568,15__mutated,PertCortex_15_TCAATCTCATGGATGG,2.9291741736589483
25824,0.27285440862334653,15__mutated,PertCortex_15_TCAATCTGTAAATGAC,3.0984031105312053
25825,0.17970330023417064,15__mutated,PertCortex_15_TCAATCTGTGCAGACA,4.8055124761895875
25826,0.4754622428008617,15__mutated,PertCortex_15_TCAATCTGTTCCACGG,2.008169160731694
25827,0.22196189950025558,15__mutated,PertCortex_15_TCAATCTTCACAGTAC,4.546589953879738
25828,0.389810888587694,15__mutated,PertCortex_15_TCACAAGCAAATCCGT,1.99276701840307
25829,0.21314998906118005,15__mutated,PertCortex_15_TCACAAGGTTCGTTGA,3.5747415694250932
25830,0.15390889095413518,15__mutated,PertCortex_15_TCACAAGTCGTAGATC,2.9004798594562353
25831,0.3054198397800293,15__mutated,PertCortex_15_TCACAAGTCTGGCGTG,2.036259546505065
25832,0.20665660286718848,15__mutated,PertCortex_15_TCACGAAAGAGCTGCA,4.517223568886391
25833,0.3338232867705816,15__mutated,PertCortex_15_TCACGAAAGCGTAATA,2.060128832652678
25834,0.2314524539843027,15__mutated,PertCortex_15_TCACGAACACCGCTAG,3.483364216697721
25835,0.2646224095177086,15__mutated,PertCortex_15_TCACGAACACGGCGTT,2.5785522997650006
25836,0.1297515769846992,15__mutated,PertCortex_15_TCACGAAGTAACGTTC,3.622660013902102
25837,0.4993437680272491,15__mutated,PertCortex_15_TCACGAAGTCTGCCAG,2.144462590009793
25838,0.20210209737460835,15__mutated,PertCortex_15_TCACGAAGTGGCCCTA,2.4318585843219163
25839,0.08239703961657434,15__mutated,PertCortex_15_TCACGAATCGGGAGTA,4.695502872508622
25840,0.4462685227876132,15__mutated,PertCortex_15_TCAGATGAGCCGGTAA,1.8092487960021428
25841,0.04372333963946127,15__mutated,PertCortex_15_TCAGATGCAATGGAAT,3.8422039925730807
25842,0.07405234240944815,15__mutated,PertCortex_15_TCAGATGCACAGGAGT,3.539074482224263
25843,0.2091969611086512,15__mutated,PertCortex_15_TCAGATGGTGTCAATC,4.907511698582718
25844,0.47795316443628555,15__mutated,PertCortex_15_TCAGATGTCACTCTTA,2.230926597250716
25845,0.1981662904199399,15__mutated,PertCortex_15_TCAGATGTCCCTTGTG,3.287803259761521
25846,0.26792990075035966,15__mutated,PertCortex_15_TCAGCAAAGTGGCACA,3.3990619794919703
25847,0.04935385877629657,15__mutated,PertCortex_15_TCAGCAAAGTTGCAGG,3.976000113951126
25848,0.20347056250255893,15__mutated,PertCortex_15_TCAGCAACAACAACCT,2.329967793340042
25849,0.27456928808420883,15__mutated,PertCortex_15_TCAGCAACACGGTAGA,2.1117889462065977
25850,0.1420740512019357,15__mutated,PertCortex_15_TCAGCAAGTACAGTGG,4.717861662791977
25851,0.07837760129414621,15__mutated,PertCortex_15_TCAGCAATCCACGAAT,3.2888369234506616
25852,0.10671493385419527,15__mutated,PertCortex_15_TCAGCTCAGTTATCGC,4.033027721944828
25853,0.1723413322820323,15__mutated,PertCortex_15_TCAGCTCGTAGCCTAT,2.8325619052555204
25854,0.3725420070234947,15__mutated,PertCortex_15_TCAGCTCGTAGTACCT,1.9030734052172011
25855,0.24059560864686924,15__mutated,PertCortex_15_TCAGGATAGAGGGCTT,2.458970344328256
25856,0.344738716057455,15__mutated,PertCortex_15_TCAGGATAGGTGACCA,2.3272376472402994
25857,0.19919144117088053,15__mutated,PertCortex_15_TCAGGATAGTCAAGGC,2.5304006046520184
25858,0.3481924742916598,15__mutated,PertCortex_15_TCAGGATCAGATCGGA,2.5096774557847956
25859,0.16672468628589246,15__mutated,PertCortex_15_TCAGGATTCCCAAGAT,4.103774387218105
25860,0.025293794336699142,15__mutated,PertCortex_15_TCAGGTACATTCGACA,4.0866465664598035
25861,0.267066962047419,15__mutated,PertCortex_15_TCAGGTAGTAATCACC,3.424110483138039
25862,0.08657891037946613,15__mutated,PertCortex_15_TCAGGTAGTCGACTGC,3.939682450771425
25863,0.23380746168338232,15__mutated,PertCortex_15_TCAGGTATCTAACTTC,3.655546325305699
25864,0.18811958839137344,15__mutated,PertCortex_15_TCATTACAGCGCTTAT,3.595106893381315
25865,0.1283932599368057,15__mutated,PertCortex_15_TCATTACAGGGCACTA,3.840664145441557
25866,0.03330778105167995,15__mutated,PertCortex_15_TCATTACCACCATGTA,4.22656125810179
25867,0.07312364210492149,15__mutated,PertCortex_15_TCATTACCAGTAAGCG,2.9536911167159934
25868,0.23132657446972554,15__mutated,PertCortex_15_TCATTACGTTGCGCAC,2.898690045554545
25869,0.07638257673529611,15__mutated,PertCortex_15_TCATTTGAGCGCTTAT,4.000861230017774
25870,0.49859476707979467,15__mutated,PertCortex_15_TCATTTGCAAGTAATG,1.9155305902829574
25871,0.30852036299721525,15__mutated,PertCortex_15_TCATTTGGTCCAACTA,1.8477716563046445
25872,0.2643915425085415,15__mutated,PertCortex_15_TCATTTGTCATATCGG,2.2306511687023476
25873,0.13025310925895517,15__mutated,PertCortex_15_TCATTTGTCCGTCATC,2.2268923732627344
25874,0.20576354726277188,15__mutated,PertCortex_15_TCATTTGTCGCCGTGA,4.216735988354143
25875,0.07521609525322004,15__mutated,PertCortex_15_TCATTTGTCTCTAGGA,3.8459357268061676
25876,0.24561854228883168,15__mutated,PertCortex_15_TCCACACAGCGATATA,4.378004640032684
25877,0.08085943654037298,15__mutated,PertCortex_15_TCCACACCACAAGACG,4.8663092149051606
25878,0.13425015170413576,15__mutated,PertCortex_15_TCCACACGTACCAGTT,1.9401782077707734
25879,0.11565374165225568,15__mutated,PertCortex_15_TCCACACGTACCGAGA,2.7912080489781386
25880,0.08375938221164925,15__mutated,PertCortex_15_TCCCGATAGCCAGTAG,4.281057911977333
25881,0.48901357069351087,15__mutated,PertCortex_15_TCCCGATAGCCATCGC,2.2840071306070793
25882,0.09460242843438757,15__mutated,PertCortex_15_TCCCGATAGGCCATAG,3.9768027663759566
25883,0.28109863741066377,15__mutated,PertCortex_15_TCCCGATCAGACACTT,3.0451263817422816
25884,0.13848230849949988,15__mutated,PertCortex_15_TCCCGATCATTATCTC,2.040320647306369
25885,0.48719741165102065,15__mutated,PertCortex_15_TCCCGATGTAAAGGAG,1.9575167464753134
25886,0.1452342575160472,15__mutated,PertCortex_15_TCGAGGCCAGCTGTTA,3.374248743692103
25887,0.5489467843762281,15__mutated,PertCortex_15_TCGAGGCGTAGCTGCC,2.0216307907601014
25888,0.5569099978786063,15__mutated,PertCortex_15_TCGAGGCGTCCAGTAT,2.2517253762260214
25889,0.07811006585284562,15__mutated,PertCortex_15_TCGAGGCGTGCCTTGG,4.629417115056456
25890,0.3394424334850928,15__mutated,PertCortex_15_TCGAGGCTCTCGGACG,2.1972947284905695
25891,0.18976733951722588,15__mutated,PertCortex_15_TCGCGAGAGGTGCACA,2.5069864347883857
25892,0.12539393545658553,15__mutated,PertCortex_15_TCGCGAGCACAGGAGT,2.549910244341261
25893,0.09157502442579026,15__mutated,PertCortex_15_TCGCGAGCACATAACC,4.265338901253975
25894,0.6173252737581401,15__mutated,PertCortex_15_TCGCGAGCACGAGAGT,1.7447763450452014
25895,0.12580795029618116,15__mutated,PertCortex_15_TCGCGAGCATACTACG,4.387701588241709
25896,0.05687923920282986,15__mutated,PertCortex_15_TCGCGAGCATGAGCGA,4.121875926803086
25897,0.0672214479091852,15__mutated,PertCortex_15_TCGCGAGTCTTGTATC,3.707523622204245
25898,0.21405831906480777,15__mutated,PertCortex_15_TCGCGAGTCTTGTTTG,1.2229885609903022
25899,0.2597847238142011,15__mutated,PertCortex_15_TCGCGTTAGAGTACCG,2.2924370938666607
25900,0.18813292026923542,15__mutated,PertCortex_15_TCGCGTTAGCAGGCTA,2.3090323710160203
25901,0.13878703059893543,15__mutated,PertCortex_15_TCGCGTTCAGCGATCC,3.5835740213384106
25902,0.2077667382156842,15__mutated,PertCortex_15_TCGCGTTCAGTACACT,2.3660011313635403
25903,0.13181933399238596,15__mutated,PertCortex_15_TCGCGTTGTAGCGTGA,2.738017441488303
25904,0.1182681425383216,15__mutated,PertCortex_15_TCGCGTTTCTCTAGGA,4.986172179143897
25905,0.07548897966919017,15__mutated,PertCortex_15_TCGGGACAGCTGCAAG,3.6326717197922043
25906,0.24730683395821204,15__mutated,PertCortex_15_TCGGGACAGGTGCACA,3.0290735938263698
25907,0.5233781689520746,15__mutated,PertCortex_15_TCGGGACGTTAAGATG,1.3771700127485151
25908,5.73593536474498e-05,15__mutated,PertCortex_15_TCGGTAAAGTACACCT,4.064074809318812
25909,0.103401108422356,15__mutated,PertCortex_15_TCGGTAAAGTGTTTGC,3.1844853442440515
25910,0.16068502390334077,15__mutated,PertCortex_15_TCGGTAACAAACTGCT,3.193087126046714
25911,0.25552068773140835,15__mutated,PertCortex_15_TCGGTAACACCAACCG,2.4100871238965516
25912,0.47869838448936286,15__mutated,PertCortex_15_TCGGTAACACGAAAGC,1.9438209379370575
25913,0.29661810205645045,15__mutated,PertCortex_15_TCGGTAACACGGTGTC,2.1499451899025446
25914,0.15217209278572993,15__mutated,PertCortex_15_TCGGTAACATAAAGGT,2.7100823774312386
25915,0.15410986951398906,15__mutated,PertCortex_15_TCGGTAACATAGAAAC,2.7806085775296125
25916,0.36514295462598095,15__mutated,PertCortex_15_TCGGTAAGTGTGAATA,2.1798947461266844
25917,0.5397307172303915,15__mutated,PertCortex_15_TCGGTAAGTTCCAACA,2.50561831417735
25918,0.11291879082486972,15__mutated,PertCortex_15_TCGGTAAGTTGCGTTA,2.1741316651980886
25919,0.1913732007175426,15__mutated,PertCortex_15_TCGGTAATCTGCGGCA,1.9880128910438812
25920,0.07608283557999206,15__mutated,PertCortex_15_TCGTACCAGATCCGAG,4.6518846920864005
25921,0.2424553634945188,15__mutated,PertCortex_15_TCGTACCCACGAAGCA,2.6176164021421573
25922,0.5078618373299996,15__mutated,PertCortex_15_TCGTACCGTTGGGACA,2.128411318018171
25923,0.1600828606641903,15__mutated,PertCortex_15_TCGTACCTCTCTAGGA,2.898307953479945
25924,0.2577524925466964,15__mutated,PertCortex_15_TCGTAGAAGGTGTTAA,4.5170654397957195
25925,0.3450022461329046,15__mutated,PertCortex_15_TCGTAGATCACGATGT,1.8560314648767249
25926,0.10748680727662403,15__mutated,PertCortex_15_TCTATTGAGACCTAGG,2.8046595535378156
25927,0.1683096342610326,15__mutated,PertCortex_15_TCTATTGAGATATGCA,3.5278566217832377
25928,0.5831973227029599,15__mutated,PertCortex_15_TCTATTGCACCCTATC,1.905377108761141
25929,0.1710216241570352,15__mutated,PertCortex_15_TCTATTGCAGCTTCGG,3.5876165521638694
25930,0.17131459959254358,15__mutated,PertCortex_15_TCTATTGCATTCCTCG,4.539718558631274
25931,0.46974213305686846,15__mutated,PertCortex_15_TCTATTGGTACATCCA,1.7427172588596014
25932,0.2639764769015071,15__mutated,PertCortex_15_TCTATTGGTATGAAAC,4.093873999532673
25933,0.08113145209418128,15__mutated,PertCortex_15_TCTATTGGTGAGTATA,2.7759293912154126
25934,0.6039989077356518,15__mutated,PertCortex_15_TCTATTGTCCTAGAAC,2.2538674074667764
25935,0.12688452340182363,15__mutated,PertCortex_15_TCTATTGTCTCACATT,2.1352939733069167
25936,0.22711658323207023,15__mutated,PertCortex_15_TCTCATAAGATCTGCT,2.8532119350730225
25937,0.10254269880031762,15__mutated,PertCortex_15_TCTCATACAACACCTA,2.0455857137560773
25938,0.13753966570639584,15__mutated,PertCortex_15_TCTCATACACCTATCC,4.415432694175421
25939,0.20938316201987622,15__mutated,PertCortex_15_TCTCATACACTGTCGG,3.807351797144766
25940,0.01680923310001052,15__mutated,PertCortex_15_TCTCATATCCTAGGGC,3.4233975179154723
25941,0.1875302151876318,15__mutated,PertCortex_15_TCTCTAAAGAAACGAG,3.217761458719582
25942,0.15481953591228248,15__mutated,PertCortex_15_TCTCTAAAGACGCTTT,3.9767582915212945
25943,0.17155088858054343,15__mutated,PertCortex_15_TCTCTAAAGGACCACA,4.187783493987174
25944,0.15104810248954018,15__mutated,PertCortex_15_TCTCTAACATAAGACA,5.396694306418787
25945,0.15186267486026198,15__mutated,PertCortex_15_TCTCTAATCGAATGGG,4.506722472854714
25946,0.016023018720310832,15__mutated,PertCortex_15_TCTGAGAAGATAGGAG,4.065358262586959
25947,0.45790043047477436,15__mutated,PertCortex_15_TCTGAGAAGTACGATA,3.4483288905063
25948,0.2911469183280873,15__mutated,PertCortex_15_TCTGAGAAGTGGTCCC,1.5754518913661668
25949,0.4078314204683106,15__mutated,PertCortex_15_TCTGAGACACGCATCG,2.0540664241353124
25950,0.25651895014649784,15__mutated,PertCortex_15_TCTGAGACAGAGTGTG,3.504177649408429
25951,0.18361002704534612,15__mutated,PertCortex_15_TCTGAGAGTAGCTTGT,4.50932840744296
25952,0.31102725534580494,15__mutated,PertCortex_15_TCTGAGAGTCGGATCC,2.9588574431736663
25953,0.4992872498018711,15__mutated,PertCortex_15_TCTGAGATCGATAGAA,1.794420143125334
25954,0.0751497906161204,15__mutated,PertCortex_15_TCTGAGATCGTGGACC,3.6794995221424833
25955,0.1041558491859092,15__mutated,PertCortex_15_TCTGAGATCTTTCCTC,3.651378635688036
25956,0.1528715492161809,15__mutated,PertCortex_15_TCTGGAAAGGAATTAC,4.759489051480741
25957,0.17811567823330712,15__mutated,PertCortex_15_TCTGGAAGTAAACCTC,3.8420411248406605
25958,0.19134656521924162,15__mutated,PertCortex_15_TCTGGAAGTACAAGTA,4.530813001492694
25959,0.2886707497628053,15__mutated,PertCortex_15_TCTGGAAGTGACGCCT,2.666604655459102
25960,0.2918748644512285,15__mutated,PertCortex_15_TCTGGAAGTGGTCTCG,2.49040436263245
25961,0.666590869804498,15__mutated,PertCortex_15_TCTTCGGAGACACGAC,1.64775863054684
25962,0.25273088457678555,15__mutated,PertCortex_15_TCTTCGGAGAGTCTGG,2.325996103466108
25963,0.118578306294317,15__mutated,PertCortex_15_TCTTCGGAGGGCTTGA,4.081737054657638
25964,0.17765368535897844,15__mutated,PertCortex_15_TCTTCGGCAAGTACCT,2.985875628689698
25965,0.49400773549811994,15__mutated,PertCortex_15_TCTTCGGCATGCCACG,1.7332107825974745
25966,0.15983999502676988,15__mutated,PertCortex_15_TCTTCGGGTCAGAATA,3.74677662949848
25967,0.44081113446153697,15__mutated,PertCortex_15_TCTTCGGGTCCGAAGA,2.1529805319792885
25968,0.13964102598671674,15__mutated,PertCortex_15_TCTTCGGGTCCGAATT,3.1026569194092155
25969,0.22521160237459362,15__mutated,PertCortex_15_TCTTCGGTCAGGTTCA,1.714332039213965
25970,0.10538530135712015,15__mutated,PertCortex_15_TCTTCGGTCCTCGCAT,3.6915302483700287
25971,0.12991780531316593,15__mutated,PertCortex_15_TCTTTCCAGAGGTAGA,3.8099971708447673
25972,0.16824275157986102,15__mutated,PertCortex_15_TCTTTCCAGCCACCTG,3.4357240380209886
25973,0.4398896179592813,15__mutated,PertCortex_15_TCTTTCCCAAGTAATG,3.500506355055063
25974,0.1569142732352986,15__mutated,PertCortex_15_TCTTTCCCATACGCTA,3.442862009457605
25975,0.3287406253574995,15__mutated,PertCortex_15_TCTTTCCCATGTTGAC,3.6314424448013325
25976,0.5504226035150486,15__mutated,PertCortex_15_TCTTTCCCATTTCACT,2.125137621321417
25977,0.2553708251146951,15__mutated,PertCortex_15_TGAAAGAAGAAACCGC,3.1192826432171605
25978,0.04134327989698452,15__mutated,PertCortex_15_TGAAAGAAGCGACGTA,4.602150522495334
25979,0.11288330040486984,15__mutated,PertCortex_15_TGAAAGACAATGGAGC,4.012732390692738
25980,0.1651156016618558,15__mutated,PertCortex_15_TGAAAGACACCCTATC,3.4284509458424886
25981,0.6088526612483875,15__mutated,PertCortex_15_TGAAAGACAGGGTTAG,2.312687577505397
25982,0.15117179099934172,15__mutated,PertCortex_15_TGAAAGATCTAACTGG,4.213952740487779
25983,0.16900630450291718,15__mutated,PertCortex_15_TGACAACAGAATAGGG,3.07485813382584
25984,0.5819845809810892,15__mutated,PertCortex_15_TGACAACAGACTGGGT,1.9515028966487489
25985,0.21875306945132547,15__mutated,PertCortex_15_TGACAACAGTACACCT,2.865983492630933
25986,0.02483159254952091,15__mutated,PertCortex_15_TGACAACCACTGTGTA,3.8050698898561355
25987,0.12092462017451924,15__mutated,PertCortex_15_TGACAACGTACCATCA,3.7912585090680513
25988,0.350518950660171,15__mutated,PertCortex_15_TGACAACTCACAACGT,1.299049996257913
25989,0.23142444613827803,15__mutated,PertCortex_15_TGACAACTCGGTGTTA,3.0466795226959498
25990,0.6123280339921371,15__mutated,PertCortex_15_TGACAACTCTTTAGTC,1.963433365898906
25991,0.2055541207000636,15__mutated,PertCortex_15_TGACGGCAGGGCATGT,3.7045521424992227
25992,0.14282946823096143,15__mutated,PertCortex_15_TGACGGCCAGCGTTCG,3.0648265703185116
25993,0.2979381108161676,15__mutated,PertCortex_15_TGACGGCCATCGGAAG,2.6792872824714586
25994,0.1638389306780227,15__mutated,PertCortex_15_TGACGGCTCAGTTTGG,3.9159967061282606
25995,0.08635834433073032,15__mutated,PertCortex_15_TGACTAGCACGGATAG,2.9076708504044912
25996,0.37598135485227724,15__mutated,PertCortex_15_TGACTAGCACGTCAGC,2.2836789503119723
25997,0.07586851134253832,15__mutated,PertCortex_15_TGACTAGCATCTCCCA,2.8368182201437904
25998,0.05060150761891969,15__mutated,PertCortex_15_TGACTAGGTCGGGTCT,2.1866456424897924
25999,0.22805540480236414,15__mutated,PertCortex_15_TGACTAGGTCGTTGTA,3.068654494925162
26000,0.18842031193236355,15__mutated,PertCortex_15_TGACTAGGTGTTCGAT,3.15564789417423
26001,0.14737541185006725,15__mutated,PertCortex_15_TGACTAGTCAACACTG,4.83110770095556
26002,0.16088329018477743,15__mutated,PertCortex_15_TGACTTTAGAGTACCG,3.927768669277821
26003,0.04993376499439463,15__mutated,PertCortex_15_TGACTTTAGCGATGAC,4.309327556840347
26004,0.6121558409572742,15__mutated,PertCortex_15_TGACTTTAGCGCTCCA,2.2013529492185535
26005,0.2291615563601631,15__mutated,PertCortex_15_TGACTTTAGCTCTCGG,3.5757444375302456
26006,0.18460176789021945,15__mutated,PertCortex_15_TGACTTTAGGCAGTCA,4.332649830902777
26007,0.06453663629578088,15__mutated,PertCortex_15_TGACTTTCAACACCTA,5.012482040235569
26008,0.1470735983022177,15__mutated,PertCortex_15_TGACTTTTCATCATTC,4.268926213749635
26009,0.2157020520901789,15__mutated,PertCortex_15_TGACTTTTCGCATGGC,2.591094257818533
26010,0.08591135602106303,15__mutated,PertCortex_15_TGACTTTTCTGGTGTA,4.618687265350112
26011,0.18793637429514523,15__mutated,PertCortex_15_TGAGAGGAGATCTGAA,3.6253245200439688
26012,0.04805450209619439,15__mutated,PertCortex_15_TGAGAGGAGCCATCGC,3.8145988722258837
26013,0.006581403561072409,15__mutated,PertCortex_15_TGAGAGGAGCGTGAAC,4.221513546227416
26014,0.15752235499365824,15__mutated,PertCortex_15_TGAGAGGAGTCTCGGC,3.622581790126701
26015,0.11535926668760962,15__mutated,PertCortex_15_TGAGAGGCAATCGAAA,4.414203779823247
26016,0.09640098206440144,15__mutated,PertCortex_15_TGAGAGGGTACTTGAC,2.7449926301440892
26017,0.5177888726370097,15__mutated,PertCortex_15_TGAGAGGGTCGCGGTT,2.1258274955141903
26018,0.1291685151188771,15__mutated,PertCortex_15_TGAGAGGTCAACACAC,2.3738534052811366
26019,0.4553271394693768,15__mutated,PertCortex_15_TGAGAGGTCCTGCTTG,2.0887970226533015
26020,0.4483164967597169,15__mutated,PertCortex_15_TGAGAGGTCGCCTGTT,1.9581401613973553
26021,0.22192423971517805,15__mutated,PertCortex_15_TGAGCATAGTGAACAT,3.14616832339122
26022,0.13440847618381438,15__mutated,PertCortex_15_TGAGCATCACCCTATC,1.9263430764351848
26023,0.3140611119824709,15__mutated,PertCortex_15_TGAGCATCACTACAGT,3.7535385005695194
26024,0.5719245634244259,15__mutated,PertCortex_15_TGAGCATGTCGGCACT,2.155418448038813
26025,0.20671501991335195,15__mutated,PertCortex_15_TGAGCATGTTAAGATG,2.581159001464904
26026,0.5326883737464941,15__mutated,PertCortex_15_TGAGCCGAGTATCTCG,1.7258755781705555
26027,0.1653697925419905,15__mutated,PertCortex_15_TGAGCCGAGTGCTGCC,1.7169449789532254
26028,0.3602096433391304,15__mutated,PertCortex_15_TGAGCCGAGTTACCCA,2.488162467988676
26029,0.08257810679593448,15__mutated,PertCortex_15_TGAGCCGCAGATCCAT,4.213695568703024
26030,0.11342313488735843,15__mutated,PertCortex_15_TGAGCCGCATACGCTA,3.056110245916314
26031,0.4951782946660356,15__mutated,PertCortex_15_TGAGCCGGTCATCGGC,2.2129299492331937
26032,0.447411699264736,15__mutated,PertCortex_15_TGAGCCGGTCTACCTC,2.1480450685444192
26033,0.20499423513714604,15__mutated,PertCortex_15_TGAGGGACACGGTAGA,3.0578907795990635
26034,0.23578406077635852,15__mutated,PertCortex_15_TGAGGGACAGTCAGCC,2.8728899287203236
26035,0.17576052967713027,15__mutated,PertCortex_15_TGAGGGAGTAGAGCTG,3.528512428434742
26036,0.07220933217436735,15__mutated,PertCortex_15_TGAGGGAGTAGCGCAA,2.8704990825739025
26037,0.18607965053417355,15__mutated,PertCortex_15_TGAGGGATCATCGATG,2.228311074679337
26038,0.17342301543476138,15__mutated,PertCortex_15_TGAGGGATCTAACTCT,2.209245298888467
26039,0.11317020049785374,15__mutated,PertCortex_15_TGAGGGATCTGACCTC,4.542452410013846
26040,0.15142257055299183,15__mutated,PertCortex_15_TGAGGGATCTTGAGAC,2.8321755501023134
26041,0.20592374586765808,15__mutated,PertCortex_15_TGATTTCAGCGCTCCA,3.7035962279962567
26042,0.12647094138907308,15__mutated,PertCortex_15_TGATTTCCACGGATAG,4.45328816585814
26043,0.14010040315206526,15__mutated,PertCortex_15_TGATTTCGTCTGCCAG,3.2289297224456885
26044,0.15094748752308293,15__mutated,PertCortex_15_TGCACCTAGCTTCGCG,2.796499129024588
26045,0.5934720392719756,15__mutated,PertCortex_15_TGCACCTCATGCTAGT,1.8008200143265984
26046,0.09852470081768269,15__mutated,PertCortex_15_TGCACCTGTTCCGTCT,5.359709546461852
26047,0.08148698430823997,15__mutated,PertCortex_15_TGCCAAAGTCTTGCGG,3.998425636834203
26048,0.09925065598625074,15__mutated,PertCortex_15_TGCCAAATCTACGAGT,4.07527780378069
26049,0.14776020371911772,15__mutated,PertCortex_15_TGCCAAATCTATCGCC,2.1662989167544473
26050,0.09375971563205848,15__mutated,PertCortex_15_TGCCCATAGAAACGCC,2.8772116176192672
26051,0.43463167858890017,15__mutated,PertCortex_15_TGCCCATAGGGTCGAT,2.022676738000958
26052,0.20264099641814287,15__mutated,PertCortex_15_TGCCCATCATCACAAC,2.46507096268412
26053,0.08034952617577049,15__mutated,PertCortex_15_TGCCCATGTAGGAGTC,4.263136428317493
26054,0.132137216445658,15__mutated,PertCortex_15_TGCCCATGTCCCTACT,2.899726863550065
26055,0.21407551218681897,15__mutated,PertCortex_15_TGCCCATTCCTATGTT,4.046225748954887
26056,0.1692378468490843,15__mutated,PertCortex_15_TGCCCATTCCTTGCCA,3.9109224333316424
26057,0.40396234177006834,15__mutated,PertCortex_15_TGCCCTACACACATGT,2.339822819056505
26058,0.49107994271061856,15__mutated,PertCortex_15_TGCCCTACACGAAAGC,2.5394956357800322
26059,0.3928620401552362,15__mutated,PertCortex_15_TGCCCTACAGCCACCA,2.1977838377224406
26060,0.20353153046780242,15__mutated,PertCortex_15_TGCCCTACATTGGGCC,2.536769435411321
26061,0.09245695794028523,15__mutated,PertCortex_15_TGCCCTAGTCTCAACA,3.7990753458391064
26062,0.08408710411312048,15__mutated,PertCortex_15_TGCCCTAGTGGGTATG,4.502353911732354
26063,0.19328756582429182,15__mutated,PertCortex_15_TGCCCTATCGCGATCG,3.4091852855460045
26064,0.20196160096046314,15__mutated,PertCortex_15_TGCGCAGAGATCCGAG,3.294112309064464
26065,0.049108669671713734,15__mutated,PertCortex_15_TGCGCAGCAGCGTTCG,3.673398986689749
26066,0.12640421871577648,15__mutated,PertCortex_15_TGCGCAGCATCCGGGT,3.661174156428976
26067,0.17784564518521814,15__mutated,PertCortex_15_TGCGCAGCATGACATC,3.8452632126143604
26068,0.20665469005850867,15__mutated,PertCortex_15_TGCGCAGGTATATCCG,2.7696980176433526
26069,0.24621277859613136,15__mutated,PertCortex_15_TGCGCAGGTTACAGAA,3.2824277882687243
26070,0.13715738765495877,15__mutated,PertCortex_15_TGCGGGTAGATCTGCT,4.377224321207521
26071,0.10858057948703029,15__mutated,PertCortex_15_TGCGGGTAGATGAGAG,4.712724355103548
26072,0.5771312282784303,15__mutated,PertCortex_15_TGCGGGTAGCCCAGCT,1.8294858958889613
26073,0.1658540199548921,15__mutated,PertCortex_15_TGCGGGTAGGAATGGA,5.070787032665322
26074,0.2651881037217457,15__mutated,PertCortex_15_TGCGGGTCAAGCTGGA,2.543215128948523
26075,0.21012887706304437,15__mutated,PertCortex_15_TGCGGGTCATATGAGA,3.6233505863302744
26076,0.08273915916020008,15__mutated,PertCortex_15_TGCGGGTCATGATCCA,3.6731862097700474
26077,0.16457861045941521,15__mutated,PertCortex_15_TGCGGGTGTCGCGGTT,2.866801278313129
26078,0.33088835382068144,15__mutated,PertCortex_15_TGCGGGTGTTGTTTGG,2.6885914321015885
26079,0.3212249838621242,15__mutated,PertCortex_15_TGCGGGTGTTTCCACC,3.611523145779117
26080,0.1894279794996567,15__mutated,PertCortex_15_TGCGGGTTCAGTTGAC,3.0182527854207524
26081,0.11496304343718461,15__mutated,PertCortex_15_TGCGGGTTCGAGCCCA,3.546505262854979
26082,0.19083198280600652,15__mutated,PertCortex_15_TGCGGGTTCGTATCAG,4.009383796465511
26083,0.13270199958638265,15__mutated,PertCortex_15_TGCGTGGGTCCAAGTT,4.766322409695542
26084,0.1606985249518316,15__mutated,PertCortex_15_TGCTACCAGATCCCAT,4.341542259766497
26085,0.10537899851937822,15__mutated,PertCortex_15_TGCTACCAGCAATCTC,4.380560981810971
26086,0.197678858364866,15__mutated,PertCortex_15_TGCTACCAGCGCCTTG,2.9758684585955617
26087,0.22089734977617864,15__mutated,PertCortex_15_TGCTACCAGTACTTGC,3.470395640347746
26088,0.14608214962916327,15__mutated,PertCortex_15_TGCTACCAGTGCGATG,3.912747674410628
26089,0.1505979791712392,15__mutated,PertCortex_15_TGCTACCGTAAGGGCT,4.439361279875575
26090,0.5930407242840816,15__mutated,PertCortex_15_TGCTACCGTAAGTTCC,2.123880513233122
26091,0.19903249451699065,15__mutated,PertCortex_15_TGCTACCTCCAAACTG,1.4649670462929634
26092,0.11295555784344742,15__mutated,PertCortex_15_TGCTGCTAGGACACCA,3.49522219926897
26093,0.5562530168307467,15__mutated,PertCortex_15_TGCTGCTAGGAGCGTT,1.8234697934465276
26094,0.2709200312002329,15__mutated,PertCortex_15_TGCTGCTAGGGTCTCC,1.901319573621689
26095,0.2522133105276134,15__mutated,PertCortex_15_TGCTGCTCAAGAGTCG,3.1321920622514017
26096,0.5642142554871568,15__mutated,PertCortex_15_TGCTGCTCACGGATAG,2.588136163279735
26097,0.13293730568521547,15__mutated,PertCortex_15_TGCTGCTCACTACAGT,2.3956436537122534
26098,0.1724970705922787,15__mutated,PertCortex_15_TGCTGCTTCAGGCCCA,2.1351028068466813
26099,0.09012082287784969,15__mutated,PertCortex_15_TGCTGCTTCGCGGATC,5.092429587472077
26100,0.11674837343186872,15__mutated,PertCortex_15_TGCTGCTTCTGCAAGT,2.773201341871362
26101,0.09752679529362812,15__mutated,PertCortex_15_TGGACGCAGTCGAGTG,4.5592971873986805
26102,0.051881046159872914,15__mutated,PertCortex_15_TGGACGCCAAATCCGT,4.2333544983093105
26103,0.11208520507697269,15__mutated,PertCortex_15_TGGACGCCATTCTTAC,3.2259053084499065
26104,0.20530357784363568,15__mutated,PertCortex_15_TGGCCAGAGAACAACT,3.4750737262185947
26105,0.40522611844235346,15__mutated,PertCortex_15_TGGCCAGAGATAGCAT,1.6467714213933617
26106,0.09244434502579273,15__mutated,PertCortex_15_TGGCCAGGTATGAAAC,3.5570188771493494
26107,0.3704503965514821,15__mutated,PertCortex_15_TGGCCAGGTCCTGCTT,2.145669212838673
26108,0.4682646206561394,15__mutated,PertCortex_15_TGGCCAGGTTCCTCCA,1.8896864101724995
26109,0.22575127331669206,15__mutated,PertCortex_15_TGGCCAGGTTGCGCAC,3.1418689721703554
26110,0.26704914264704616,15__mutated,PertCortex_15_TGGCCAGTCATTGCGA,3.4406831754693257
26111,0.19046832742715938,15__mutated,PertCortex_15_TGGCCAGTCCACTGGG,3.382996427726067
26112,0.04918152711272451,15__mutated,PertCortex_15_TGGCCAGTCCGGGTGT,4.372013238584044
26113,0.2822555440711538,15__mutated,PertCortex_15_TGGCGCAGTCATATCG,2.0663099682565864
26114,0.35907724877919006,15__mutated,PertCortex_15_TGGCTGGAGATCGATA,2.7948188736539943
26115,0.25633971109848364,15__mutated,PertCortex_15_TGGCTGGCAAGAAAGG,2.202615743927815
26116,0.16362244992691227,15__mutated,PertCortex_15_TGGCTGGCAGACGCCT,3.775241628112171
26117,0.09304025428834782,15__mutated,PertCortex_15_TGGCTGGCATAGAAAC,4.702763894469488
26118,0.23572669407456925,15__mutated,PertCortex_15_TGGCTGGGTCGCTTCT,4.449368847326767
26119,0.10160817859921613,15__mutated,PertCortex_15_TGGCTGGGTCGCTTTC,2.689897923758194
26120,0.07077421240345576,15__mutated,PertCortex_15_TGGCTGGTCAAGGCTT,4.011458446502788
26121,0.053167082255952264,15__mutated,PertCortex_15_TGGCTGGTCCTATTCA,2.4593421130467212
26122,0.06205831259198115,15__mutated,PertCortex_15_TGGGAAGCAGACGCCT,4.283451061737512
26123,0.15912546758461202,15__mutated,PertCortex_15_TGGGAAGGTACGACCC,2.432186320575966
26124,0.4277515764191131,15__mutated,PertCortex_15_TGGGAAGGTAGAGCTG,2.6728254295967706
26125,0.251598265256518,15__mutated,PertCortex_15_TGGGAAGGTATCGCAT,3.5385266623826737
26126,0.08793087012860207,15__mutated,PertCortex_15_TGGGAAGGTCCGAATT,2.9820603972322615
26127,0.052868945777052735,15__mutated,PertCortex_15_TGGGAAGGTGTGGTTT,2.810412642745914
26128,0.15361276658001785,15__mutated,PertCortex_15_TGGGAAGTCACTATTC,2.670108134917099
26129,0.09498868043879001,15__mutated,PertCortex_15_TGGGAAGTCTAGCACA,3.0068665407393236
26130,0.22991393861990264,15__mutated,PertCortex_15_TGGGCGTCAAATCCGT,2.690543785471241
26131,0.16975746186671742,15__mutated,PertCortex_15_TGGGCGTCAAGACGTG,2.8876140105007106
26132,0.08102893116517579,15__mutated,PertCortex_15_TGGGCGTCAAGCTGGA,3.9133207669468857
26133,0.3346440259831393,15__mutated,PertCortex_15_TGGGCGTGTCTAAACC,2.228297199077227
26134,0.22232235762198685,15__mutated,PertCortex_15_TGGGCGTTCCGCGTTT,2.5916882265224985
26135,0.1587786547336388,15__mutated,PertCortex_15_TGGGCGTTCGGCCGAT,3.217867139483892
26136,0.2879236006980436,15__mutated,PertCortex_15_TGGTTAGCAAGAAGAG,2.4657691820456122
26137,0.19263360790673603,15__mutated,PertCortex_15_TGGTTAGCATGGTCAT,2.186525923901978
26138,0.11048294030037688,15__mutated,PertCortex_15_TGGTTAGGTAACGCGA,3.827414602441052
26139,0.3576809841339899,15__mutated,PertCortex_15_TGGTTCCAGCCACTAT,2.010532235417212
26140,0.15196397475162246,15__mutated,PertCortex_15_TGGTTCCAGCTGAACG,2.5335330273826573
26141,0.4112442483998153,15__mutated,PertCortex_15_TGGTTCCAGTCTCCTC,1.5627602511443053
26142,0.03110378708913381,15__mutated,PertCortex_15_TGGTTCCTCAGTCCCT,3.4721890238036703
26143,0.5384096339008189,15__mutated,PertCortex_15_TGGTTCCTCCGCATAA,2.199784610221027
26144,0.1815598862792146,15__mutated,PertCortex_15_TGGTTCCTCGAACTGT,3.1395554373016017
26145,0.06613709564724257,15__mutated,PertCortex_15_TGTATTCAGAGGTTAT,5.030533036608584
26146,0.1059136488789446,15__mutated,PertCortex_15_TGTATTCAGATCCGAG,3.8582842937087456
26147,0.2282520755734269,15__mutated,PertCortex_15_TGTATTCAGATGTAAC,3.6116883101649164
26148,0.11894888041346921,15__mutated,PertCortex_15_TGTATTCCAAATACAG,4.533583526769231
26149,0.10047489399580849,15__mutated,PertCortex_15_TGTATTCCAAGACACG,4.878010185219704
26150,0.2615261848477613,15__mutated,PertCortex_15_TGTATTCCAGGGAGAG,2.117471265619992
26151,0.08260415133188734,15__mutated,PertCortex_15_TGTATTCGTCTCTTTA,3.717227902467748
26152,0.1543314900593142,15__mutated,PertCortex_15_TGTATTCGTGCCTGGT,3.8890915446480756
26153,0.12423538140087634,15__mutated,PertCortex_15_TGTATTCGTTCACGGC,3.7837244325361383
26154,0.14524094251336658,15__mutated,PertCortex_15_TGTATTCTCACCACCT,3.868201778518698
26155,0.14169987943926304,15__mutated,PertCortex_15_TGTCCCAAGACCACGA,3.004076533597967
26156,0.4934415010940202,15__mutated,PertCortex_15_TGTCCCAAGACGCAAC,1.9026669835735708
26157,0.08826523289409408,15__mutated,PertCortex_15_TGTCCCAAGCGATGAC,4.403658392223413
26158,0.6030977790649739,15__mutated,PertCortex_15_TGTCCCATCAAGGCTT,1.7587603256484607
26159,0.012560645170788474,15__mutated,PertCortex_15_TGTGGTAAGAACAATC,4.413328764465143
26160,0.5042793491978348,15__mutated,PertCortex_15_TGTGGTAAGCACGCCT,2.541144924566907
26161,0.34932118924000777,15__mutated,PertCortex_15_TGTGGTACACATCTTT,2.0978003497148383
26162,0.2485912055965848,15__mutated,PertCortex_15_TGTGGTACATAAAGGT,2.3679387846243998
26163,0.30307626617939126,15__mutated,PertCortex_15_TGTGGTATCCAACCAA,2.1794953656964027
26164,0.40027137429456,15__mutated,PertCortex_15_TGTGTTTCAGACAAGC,2.21755772976272
26165,0.12827172310705934,15__mutated,PertCortex_15_TGTGTTTCAGCTCGCA,2.615938662781935
26166,0.17617351811031007,15__mutated,PertCortex_15_TGTTCCGAGAGGGATA,3.3064725391263723
26167,0.6846483699607383,15__mutated,PertCortex_15_TGTTCCGAGATATACG,1.548739181740622
26168,0.2202960169056787,15__mutated,PertCortex_15_TGTTCCGAGCCAGTTT,3.2393256370848573
26169,0.0952732770951861,15__mutated,PertCortex_15_TGTTCCGAGTAATCCC,3.369979284813371
26170,0.14265520535093357,15__mutated,PertCortex_15_TGTTCCGCACTGTCGG,3.126043959031613
26171,0.06469444418250553,15__mutated,PertCortex_15_TGTTCCGGTAATTGGA,3.448286628174872
26172,0.15905225795747105,15__mutated,PertCortex_15_TGTTCCGGTCACCTAA,2.764989072421759
26173,0.3848610734613006,15__mutated,PertCortex_15_TGTTCCGTCTAACTGG,1.9600107971698146
26174,0.1438018065198748,15__mutated,PertCortex_15_TTAACTCAGGAGTTGC,3.340171971847347
26175,0.281463377182875,15__mutated,PertCortex_15_TTAACTCCACGAAACG,2.982842398309801
26176,0.10344046990206798,15__mutated,PertCortex_15_TTAACTCCACGTAAGG,4.063495224854389
26177,0.1519229597463825,15__mutated,PertCortex_15_TTAACTCCAGGAACGT,2.9983114799776915
26178,0.12145495448932093,15__mutated,PertCortex_15_TTAACTCGTAGGACAC,4.262266998204248
26179,0.18532049119946759,15__mutated,PertCortex_15_TTAACTCGTGCCTGGT,2.1694096339437583
26180,0.15049235820237483,15__mutated,PertCortex_15_TTAACTCTCGTGGGAA,3.812142127157365
26181,0.23727470619479019,15__mutated,PertCortex_15_TTAGGACAGAGTGACC,3.6387759875740864
26182,0.6426044376255402,15__mutated,PertCortex_15_TTAGGACCACTTAAGC,2.130785998288279
26183,0.28799159681344316,15__mutated,PertCortex_15_TTAGGACCATATACCG,1.8529016329992747
26184,0.28721202409242397,15__mutated,PertCortex_15_TTAGGACGTAAAGTCA,3.093841076056119
26185,0.5472845251547002,15__mutated,PertCortex_15_TTAGGACTCCAAGTAC,1.8442070001426114
26186,0.33283183470153377,15__mutated,PertCortex_15_TTAGGCAAGAAGAAGC,2.2428876405931106
26187,0.13459682848515703,15__mutated,PertCortex_15_TTAGGCAAGCGCCTTG,3.054767105562441
26188,0.1521394818960249,15__mutated,PertCortex_15_TTAGGCAAGGAGTAGA,3.107608868351987
26189,0.2136496551066379,15__mutated,PertCortex_15_TTAGGCAGTCATACTG,3.7377295572729454
26190,0.05009918374967359,15__mutated,PertCortex_15_TTAGGCAGTCCGTCAG,3.099837394942945
26191,0.09978028143868668,15__mutated,PertCortex_15_TTAGGCATCGAACTGT,2.436363499438519
26192,0.07870752552804859,15__mutated,PertCortex_15_TTAGGCATCGTTTAGG,4.7333620022388825
26193,0.17406273737023836,15__mutated,PertCortex_15_TTAGTTCAGAGGTACC,4.3504471897878725
26194,0.07685431286236734,15__mutated,PertCortex_15_TTAGTTCAGGTGATTA,4.281549830017326
26195,0.02848476848756771,15__mutated,PertCortex_15_TTAGTTCCACACCGCA,2.479133896006146
26196,0.1866950720950082,15__mutated,PertCortex_15_TTAGTTCCATTGGTAC,4.647500027912789
26197,0.24869984485538926,15__mutated,PertCortex_15_TTAGTTCGTGCAGGTA,1.8800851989374445
26198,0.18686283863102154,15__mutated,PertCortex_15_TTATGCTAGCCAGAAC,3.727397375904238
26199,0.249928583876729,15__mutated,PertCortex_15_TTATGCTAGCGATATA,2.150915770434805
26200,0.13443994961437641,15__mutated,PertCortex_15_TTATGCTAGGGAACGG,3.8120371079069537
26201,0.08055593573598163,15__mutated,PertCortex_15_TTATGCTCACAGATTC,1.9103020424079586
26202,0.2738042225320631,15__mutated,PertCortex_15_TTATGCTGTGAGTATA,2.6416917909221698
26203,0.02716562573313147,15__mutated,PertCortex_15_TTATGCTTCGGAGGTA,4.031938326938692
26204,0.14515753258338843,15__mutated,PertCortex_15_TTATGCTTCTGCTTGC,2.3762868000500177
26205,0.39118650508918673,15__mutated,PertCortex_15_TTATGCTTCTTCCTTC,2.037039096344887
26206,0.11725645850706821,15__mutated,PertCortex_15_TTCCCAGAGACAAAGG,2.354428891962346
26207,0.10037147687995586,15__mutated,PertCortex_15_TTCCCAGAGGTAGCCA,3.895039921833254
26208,0.10935513906449698,15__mutated,PertCortex_15_TTCCCAGAGTTATCGC,4.938237541766279
26209,0.38193464313283537,15__mutated,PertCortex_15_TTCCCAGCAGCTGGCT,1.354530962300865
26210,0.054346564005044756,15__mutated,PertCortex_15_TTCCCAGCATATGGTC,3.740200171400279
26211,0.2865353975295486,15__mutated,PertCortex_15_TTCCCAGCATCGGGTC,1.141233484498493
26212,0.47921761564405435,15__mutated,PertCortex_15_TTCCCAGGTCTTGTCC,2.072796334901194
26213,0.10121798558758979,15__mutated,PertCortex_15_TTCCCAGGTGTCAATC,4.022081072153996
26214,0.40322751587085304,15__mutated,PertCortex_15_TTCCCAGGTTCTGTTT,1.6604674047490025
26215,0.5430160459450848,15__mutated,PertCortex_15_TTCCCAGTCAACACAC,2.386075228790097
26216,0.549869199887392,15__mutated,PertCortex_15_TTCCCAGTCGCGTTTC,1.6812097849366145
26217,0.13000777703885172,15__mutated,PertCortex_15_TTCGAAGAGCAGCGTA,3.6043421733623604
26218,0.14376611714337031,15__mutated,PertCortex_15_TTCGAAGAGCGTTTAC,3.3549553327596535
26219,0.17152603819913884,15__mutated,PertCortex_15_TTCGAAGGTCCCTACT,4.720369694298601
26220,0.13037261289598087,15__mutated,PertCortex_15_TTCGAAGGTTCGTGAT,3.400347950995374
26221,0.13779817667478395,15__mutated,PertCortex_15_TTCGAAGGTTGGGACA,4.511302270588398
26222,0.13073191755814229,15__mutated,PertCortex_15_TTCGGTCAGTACGCGA,3.2545219899277136
26223,0.3262109587069874,15__mutated,PertCortex_15_TTCGGTCCACCATCCT,2.1714916511455735
26224,0.0694100869285403,15__mutated,PertCortex_15_TTCGGTCCACGGACAA,4.180314251857101
26225,0.14151135188505776,15__mutated,PertCortex_15_TTCGGTCCAGGACCCT,2.43523873174305
26226,0.13898837371593253,15__mutated,PertCortex_15_TTCGGTCCATGGAATA,3.4057960079805207
26227,0.09813835111178233,15__mutated,PertCortex_15_TTCGGTCTCCATTCTA,4.549376627539124
26228,0.414587065441188,15__mutated,PertCortex_15_TTCGGTCTCGCCGTGA,1.7876947674749961
26229,0.1051165656008784,15__mutated,PertCortex_15_TTCTACAAGGAACTGC,4.0629362013423265
26230,0.11080560204037704,15__mutated,PertCortex_15_TTCTACAAGTGGAGTC,3.553998530131725
26231,0.3168786868016353,15__mutated,PertCortex_15_TTCTACACACGGTTTA,3.249295844969907
26232,0.29285390828637503,15__mutated,PertCortex_15_TTCTACACATGGAATA,2.2810213974709614
26233,0.2146093578456673,15__mutated,PertCortex_15_TTCTACAGTACATCCA,3.3822925495422065
26234,0.10566832647165854,15__mutated,PertCortex_15_TTCTACAGTGTGTGCC,4.100578573943251
26235,0.04995557316574612,15__mutated,PertCortex_15_TTCTACATCACGGTTA,3.4073262651008935
26236,0.581279239883977,15__mutated,PertCortex_15_TTCTACATCGTCTGAA,1.5593350446279775
26237,0.40438530888350804,15__mutated,PertCortex_15_TTCTCAACAAACCTAC,1.270739621540533
26238,0.22870612204008375,15__mutated,PertCortex_15_TTCTCAACAGCTGTAT,3.704275168291625
26239,0.2784226700666298,15__mutated,PertCortex_15_TTCTCAAGTCACACGC,3.2349472540935995
26240,0.12845514426931692,15__mutated,PertCortex_15_TTCTCAAGTTCAGTAC,3.2141903603292707
26241,0.11044815163239624,15__mutated,PertCortex_15_TTCTCAATCCACGACG,4.634220791692592
26242,0.3053315069014102,15__mutated,PertCortex_15_TTCTCCTAGCAAATCA,2.316053214450557
26243,0.12250332566765619,15__mutated,PertCortex_15_TTCTCCTCAACGCACC,3.6042010131540225
26244,0.16212413496048694,15__mutated,PertCortex_15_TTCTCCTGTTCTGTTT,3.4291162390999457
26245,0.23904996758142028,15__mutated,PertCortex_15_TTCTCCTTCCATGAGT,3.629817722364079
26246,0.11485953866801353,15__mutated,PertCortex_15_TTCTTAGAGCGTAGTG,4.905972527036279
26247,0.21146973933631186,15__mutated,PertCortex_15_TTCTTAGCATCGTCGG,2.127415168407085
26248,0.1482038999650552,15__mutated,PertCortex_15_TTCTTAGGTCGACTGC,5.725262261080178
26249,0.06826492911251411,15__mutated,PertCortex_15_TTCTTAGTCCTTGCCA,3.5967063017395593
26250,0.2409453214244682,15__mutated,PertCortex_15_TTGAACGAGGGAGTAA,4.686981144127812
26251,0.3585759516148315,15__mutated,PertCortex_15_TTGAACGAGGTACTCT,2.172844237311995
26252,0.058585187555901946,15__mutated,PertCortex_15_TTGAACGCAGCGTTCG,4.900804811354702
26253,0.15931954612924884,15__mutated,PertCortex_15_TTGAACGCAGGTGGAT,3.015368820371598
26254,0.061220580052971374,15__mutated,PertCortex_15_TTGAACGGTCCAGTGC,2.5984155829462403
26255,0.15684025755390982,15__mutated,PertCortex_15_TTGAACGTCGCGGATC,4.281946131638677
26256,0.17312140654141045,15__mutated,PertCortex_15_TTGAACGTCGGCTTGG,2.9549030141516575
26257,0.05993481236101484,15__mutated,PertCortex_15_TTGACTTAGGGCTCTC,4.603986949044556
26258,0.3138651311628323,15__mutated,PertCortex_15_TTGACTTAGTATTGGA,2.332758455936533
26259,0.06958145870113173,15__mutated,PertCortex_15_TTGACTTCAGCAGTTT,4.0836745386070925
26260,0.1350747194672245,15__mutated,PertCortex_15_TTGACTTCAGGGCATA,3.541817353091836
26261,0.12801050373254438,15__mutated,PertCortex_15_TTGACTTGTGGTACAG,4.056676432620085
26262,0.5989885128957649,15__mutated,PertCortex_15_TTGACTTGTGTGAATA,2.2401618386889908
26263,0.14520000456604978,15__mutated,PertCortex_15_TTGACTTTCGTTACGA,5.005802219268308
26264,0.1750616733790761,15__mutated,PertCortex_15_TTGACTTTCTCACATT,4.338972753379631
26265,0.36955740101455875,15__mutated,PertCortex_15_TTGACTTTCTTTCCTC,2.2914616433325756
26266,0.27029729076127784,15__mutated,PertCortex_15_TTGCCGTCAGTTTACG,1.7058320882396925
26267,0.07635718483366521,15__mutated,PertCortex_15_TTGCCGTGTACATGTC,3.3835278186376434
26268,0.061875878187007884,15__mutated,PertCortex_15_TTGCGTCCACAAGACG,4.647079571295044
26269,0.12504617691371048,15__mutated,PertCortex_15_TTGCGTCCACCACGTG,3.509773500736169
26270,0.21026045285918665,15__mutated,PertCortex_15_TTGCGTCCACGCATCG,2.530325611529626
26271,0.11324972740756448,15__mutated,PertCortex_15_TTGCGTCCACGGCTAC,3.684073443145544
26272,0.1060456418602295,15__mutated,PertCortex_15_TTGCGTCCAGTAAGCG,3.562887242911259
26273,0.3267605630994597,15__mutated,PertCortex_15_TTGCGTCGTACGCACC,2.8935263708893753
26274,0.06919540756051687,15__mutated,PertCortex_15_TTGCGTCGTGTAAGTA,2.6901759275064743
26275,0.2493169753176936,15__mutated,PertCortex_15_TTGCGTCTCCTAAGTG,2.9449418303395865
26276,0.03427108227806009,15__mutated,PertCortex_15_TTGGAACAGTGGTAAT,4.277779879911675
26277,0.1526759605496464,15__mutated,PertCortex_15_TTGGAACCAAGGTTCT,3.077053368186877
26278,0.11880439686708509,15__mutated,PertCortex_15_TTGGAACCACTTAAGC,5.194919122388557
26279,0.178137157018051,15__mutated,PertCortex_15_TTGGAACCAGACAAGC,2.643831833078354
26280,0.45877428839723766,15__mutated,PertCortex_15_TTGGAACGTCCCTACT,2.150539927045245
26281,0.17530423342447382,15__mutated,PertCortex_15_TTGGAACGTCGGCTCA,2.6852753551848574
26282,0.21783190900398056,15__mutated,PertCortex_15_TTGGAACTCTAGCACA,3.780829285497096
26283,0.14610959284361935,15__mutated,PertCortex_15_TTGGCAACATAGTAAG,4.143590752106003
26284,0.26894495736060897,15__mutated,PertCortex_15_TTGGCAAGTACGCACC,4.419233827706349
26285,0.18692331636246814,15__mutated,PertCortex_15_TTGTAGGAGACCGGAT,4.350947541978403
26286,0.39484416270783024,15__mutated,PertCortex_15_TTGTAGGAGAGGTTAT,2.110710975530683
26287,0.33283658610610795,15__mutated,PertCortex_15_TTGTAGGAGGATGCGT,2.7844578156270092
26288,0.22760165786980144,15__mutated,PertCortex_15_TTGTAGGCAAGCGCTC,2.719913090530388
26289,0.11654823757736855,15__mutated,PertCortex_15_TTGTAGGCATACGCCG,2.198162750007132
26290,0.08741123975700668,15__mutated,PertCortex_15_TTGTAGGGTAGCTCCG,3.2129023279302293
26291,0.10283356416565213,15__mutated,PertCortex_15_TTGTAGGGTGTGAAAT,3.7016683405923563
26292,0.22262555517478752,15__mutated,PertCortex_15_TTGTAGGGTTCGTCTC,1.8729278294087257
26293,0.5982229067771575,15__mutated,PertCortex_15_TTTACTGAGACCACGA,1.8840125735862907
26294,0.07292109701685918,15__mutated,PertCortex_15_TTTACTGAGATGTGGC,3.1028703066677528
26295,0.11045885364754417,15__mutated,PertCortex_15_TTTACTGAGGAGTTGC,3.4269770073427988
26296,0.4798951189667966,15__mutated,PertCortex_15_TTTACTGAGTTTCCTT,2.767628241848722
26297,0.23266929303381867,15__mutated,PertCortex_15_TTTACTGCAGGACGTA,3.1043917692193355
26298,0.1060574008748473,15__mutated,PertCortex_15_TTTACTGGTTGGTAAA,4.120616793085385
26299,0.39574781444920626,15__mutated,PertCortex_15_TTTACTGTCCCTCTTT,2.2661707919015357
26300,0.41367343190338657,15__mutated,PertCortex_15_TTTACTGTCCGTACAA,3.1914860203042115
26301,0.07340981819721315,15__mutated,PertCortex_15_TTTACTGTCTACTCAT,2.659770275816278
26302,0.21222667217812016,15__mutated,PertCortex_15_TTTATGCAGGCTACGA,2.948262411007901
26303,0.3694386761711511,15__mutated,PertCortex_15_TTTATGCAGGGAGTAA,2.4907701725787463
26304,0.20539425686855614,15__mutated,PertCortex_15_TTTATGCCAGTTCATG,2.5932801095309586
26305,0.1675510349950187,15__mutated,PertCortex_15_TTTATGCGTCTTGATG,2.4966611551629176
26306,0.06505201762903734,15__mutated,PertCortex_15_TTTATGCGTTCCCTTG,4.14619480112766
26307,0.27185600397229487,15__mutated,PertCortex_15_TTTCCTCAGTGAACAT,3.2933496786663565
26308,0.2562054256615937,15__mutated,PertCortex_15_TTTCCTCGTACAGTGG,3.9626203842379293
26309,0.19653690657298012,15__mutated,PertCortex_15_TTTGCGCTCAGCTCGG,2.9311434354627792
26310,0.4631634095273312,15__mutated,PertCortex_15_TTTGCGCTCGTTGCCT,2.4158935673920925
26311,0.10654790009556368,15__mutated,PertCortex_15_TTTGCGCTCTGCGACG,3.6157847834314
26312,0.25984301292902456,15__mutated,PertCortex_15_TTTGGTTAGAATTCCC,2.4520302355646955
26313,0.07273617302163252,15__mutated,PertCortex_15_TTTGGTTAGGCAGTCA,3.863895928406157
26314,0.5875216566680689,15__mutated,PertCortex_15_TTTGGTTAGTTACGGG,2.019591257451166
26315,0.5299211626735525,15__mutated,PertCortex_15_TTTGGTTCATGTAAGA,2.631633762746604
26316,0.21572760060067148,15__mutated,PertCortex_15_TTTGGTTTCATTGCCC,2.874534159610987
26317,0.5675001054684985,15__mutated,PertCortex_15_TTTGTCAAGAGTCTGG,2.416478490999654
26318,0.2255374797868849,15__mutated,PertCortex_15_TTTGTCAAGCTGTTCA,3.63484215831603
26319,0.18826951141576528,15__mutated,PertCortex_15_TTTGTCACAAGCTGTT,4.100378124096935
26320,0.5860179662681464,15__mutated,PertCortex_15_TTTGTCACATAGTAAG,2.2164762098111694
26321,0.49171497499018585,15__mutated,PertCortex_15_TTTGTCAGTAAATGAC,2.204322043628722
26322,0.222781512671756,15__mutated,PertCortex_15_TTTGTCAGTCATCGGC,3.603349609868891
26323,0.2152531956091683,15__mutated,PertCortex_15_TTTGTCAGTGTCCTCT,3.5154806276606942
26324,0.28434271647168,16__mutated,PertCortex_16_AAACCTGAGTTGCAGG,3.6118335873760223
26325,0.15633573313786236,16__mutated,PertCortex_16_AAACCTGCATTTCACT,1.9444433823482543
26326,0.5282343281544444,16__mutated,PertCortex_16_AAACCTGGTCATTAGC,2.267248582626106
26327,0.21637523724419042,16__mutated,PertCortex_16_AAACGGGAGACCTAGG,4.364454824347869
26328,0.2908089165652921,16__mutated,PertCortex_16_AAACGGGCAGGATTGG,2.078942649379356
26329,0.19813262182665412,16__mutated,PertCortex_16_AAACGGGTCACGAAGG,4.114549958840908
26330,0.2340341794603322,16__mutated,PertCortex_16_AAAGATGAGGAGCGAG,4.048183501711883
26331,0.12591675673633773,16__mutated,PertCortex_16_AAAGATGAGTGGTCCC,3.3996814132954807
26332,0.20378607280472405,16__mutated,PertCortex_16_AAAGATGGTGGTGTAG,3.4190684440239147
26333,0.10870820410248644,16__mutated,PertCortex_16_AAAGCAAAGAATAGGG,3.7038067528463605
26334,0.2186548914907586,16__mutated,PertCortex_16_AAAGCAAAGGTAAACT,3.5676520017199262
26335,0.24128701204506167,16__mutated,PertCortex_16_AAAGCAACAGGGATTG,4.640290815129943
26336,0.115810988722988,16__mutated,PertCortex_16_AAAGCAACAGTTTACG,4.500076323623624
26337,0.663732151902545,16__mutated,PertCortex_16_AAAGCAAGTAGTGAAT,1.7423349783955442
26338,0.501802405263346,16__mutated,PertCortex_16_AAAGCAAGTATATCCG,3.405847762499422
26339,0.2571551564555441,16__mutated,PertCortex_16_AAAGTAGAGACAGAGA,4.204517898210989
26340,0.6227963179757229,16__mutated,PertCortex_16_AAAGTAGAGCCTCGTG,1.7958847961764954
26341,0.15136440010835964,16__mutated,PertCortex_16_AAAGTAGAGTGAACAT,4.081840081387238
26342,0.1294757102281065,16__mutated,PertCortex_16_AAAGTAGCAACTGCTA,4.350821992038722
26343,0.2869744470600511,16__mutated,PertCortex_16_AAATGCCAGAGTAATC,3.9502915751183107
26344,0.6131090210356217,16__mutated,PertCortex_16_AAATGCCAGCAATCTC,2.1357098966138484
26345,0.10152267503007367,16__mutated,PertCortex_16_AAATGCCAGGACCACA,3.931101753526328
26346,0.10779139187924047,16__mutated,PertCortex_16_AAATGCCCACCATCCT,4.231324642291762
26347,0.16256517246766444,16__mutated,PertCortex_16_AAATGCCCAGTTCCCT,4.162117057903734
26348,0.10432151820516161,16__mutated,PertCortex_16_AAATGCCTCTCTTATG,4.408440397316484
26349,0.19042462147010886,16__mutated,PertCortex_16_AACACGTCACACCGCA,5.213298480423331
26350,0.2617796459171839,16__mutated,PertCortex_16_AACACGTTCATACGGT,3.947251041207646
26351,0.5683843625827248,16__mutated,PertCortex_16_AACACGTTCCTCAACC,2.113524480091671
26352,0.23166600707034835,16__mutated,PertCortex_16_AACACGTTCTGAGGGA,5.297300574539533
26353,0.07223306188486743,16__mutated,PertCortex_16_AACACGTTCTGAGTGT,4.430807049963404
26354,0.16873498775718965,16__mutated,PertCortex_16_AACACGTTCTGGGCCA,4.432255691220991
26355,0.14686360134133636,16__mutated,PertCortex_16_AACCATGGTACCGTAT,4.492533654284865
26356,0.1086522730649991,16__mutated,PertCortex_16_AACCGCGAGTGGTAGC,3.8078354228993656
26357,0.14296652853010788,16__mutated,PertCortex_16_AACCGCGAGTTCGCGC,2.2336483307030073
26358,0.2726863408060837,16__mutated,PertCortex_16_AACCGCGCAGGTGGAT,3.157913114752046
26359,0.15181298067172336,16__mutated,PertCortex_16_AACCGCGCAGTATGCT,3.9665239331108366
26360,0.15454216640401458,16__mutated,PertCortex_16_AACCGCGCATCTCCCA,4.283283843794407
26361,0.25520490020256076,16__mutated,PertCortex_16_AACGTTGAGCTTATCG,2.684643896878584
26362,0.21543993742483167,16__mutated,PertCortex_16_AACGTTGAGCTTTGGT,3.4709832140573416
26363,0.2482734922662767,16__mutated,PertCortex_16_AACGTTGCAAGCGAGT,3.120804035711078
26364,0.12000464956044217,16__mutated,PertCortex_16_AACGTTGCAAGGTGTG,4.180488348107726
26365,0.1511084988661903,16__mutated,PertCortex_16_AACGTTGCACCATGTA,4.001956200864808
26366,0.3500779792788473,16__mutated,PertCortex_16_AACGTTGGTCAGAGGT,3.5534976068508044
26367,0.13475191486775592,16__mutated,PertCortex_16_AACGTTGTCCGTTGTC,4.066798936422718
26368,0.6344103126589736,16__mutated,PertCortex_16_AACGTTGTCTGTTGAG,2.006663271216652
26369,0.5557305346758907,16__mutated,PertCortex_16_AACTCAGAGACTAAGT,2.1453416857128267
26370,0.15895207554028795,16__mutated,PertCortex_16_AACTCAGAGGGCACTA,3.6104239185404086
26371,0.14263990496791046,16__mutated,PertCortex_16_AACTCAGGTAGAGGAA,2.5310844840955107
26372,0.0903869927352748,16__mutated,PertCortex_16_AACTCAGGTAGGACAC,4.650248629453463
26373,0.09752483611658638,16__mutated,PertCortex_16_AACTCAGGTGTTCGAT,4.12288386142478
26374,0.13735527747978876,16__mutated,PertCortex_16_AACTCAGTCCAAGTAC,3.3435333350461525
26375,0.17833357445907938,16__mutated,PertCortex_16_AACTCAGTCCAGTATG,3.0204081470878466
26376,0.42899583807016556,16__mutated,PertCortex_16_AACTCAGTCGGATGTT,2.2884099354888177
26377,0.08358115027790225,16__mutated,PertCortex_16_AACTCAGTCTTCAACT,3.8704818827870495
26378,0.2617326045268926,16__mutated,PertCortex_16_AACTCCCCACAGGAGT,2.8498882711779348
26379,0.10121486176356315,16__mutated,PertCortex_16_AACTCCCCAGCCTGTG,3.5853284990629155
26380,0.17146833363021755,16__mutated,PertCortex_16_AACTCCCCATACTACG,2.4702475308450276
26381,0.11582143241525078,16__mutated,PertCortex_16_AACTCCCCATTGTGCA,4.966461236538824
26382,0.14871709718324802,16__mutated,PertCortex_16_AACTCCCTCCAGGGCT,4.509788571091925
26383,0.3164003026281369,16__mutated,PertCortex_16_AACTCCCTCTGCTGCT,3.8770748580088084
26384,0.676436959138053,16__mutated,PertCortex_16_AACTCTTCACAGGTTT,1.5880760338989608
26385,0.08952034399562427,16__mutated,PertCortex_16_AACTCTTCACCTCGTT,4.133440867404671
26386,0.20594435930712635,16__mutated,PertCortex_16_AACTCTTGTTGACGTT,4.9858166097738845
26387,0.10620253070699534,16__mutated,PertCortex_16_AACTCTTTCAACACGT,3.701300557771667
26388,0.15882938775202363,16__mutated,PertCortex_16_AACTCTTTCGTAGATC,4.659785263715288
26389,0.1083947469082916,16__mutated,PertCortex_16_AACTCTTTCTCGTTTA,4.380126798358817
26390,0.2600769251244078,16__mutated,PertCortex_16_AACTGGTAGAGCCCAA,3.4647110926630607
26391,0.4347234420197841,16__mutated,PertCortex_16_AACTGGTAGAGCTATA,2.388757189420746
26392,0.11773317303850893,16__mutated,PertCortex_16_AACTGGTAGCGATCCC,3.771132801598149
26393,0.22417897523204702,16__mutated,PertCortex_16_AACTGGTAGGCTCATT,3.301403696761825
26394,0.12549686964480533,16__mutated,PertCortex_16_AACTGGTCAAGGTTCT,4.4129553239066945
26395,0.10283182969015768,16__mutated,PertCortex_16_AACTGGTCAGCTGGCT,3.5996310682356736
26396,0.13572366172836864,16__mutated,PertCortex_16_AACTGGTTCATTTGGG,4.7656328036445625
26397,0.19079895010435416,16__mutated,PertCortex_16_AACTGGTTCGTGGACC,3.3153174938148515
26398,0.2177354854635139,16__mutated,PertCortex_16_AACTTTCAGGTAGCCA,3.2255150826762398
26399,0.3213035621809904,16__mutated,PertCortex_16_AACTTTCCACCGGAAA,2.66883716509864
26400,0.24902896729141433,16__mutated,PertCortex_16_AACTTTCTCAGCATGT,3.6274201548090685
26401,0.23418351354219102,16__mutated,PertCortex_16_AAGACCTAGTTACGGG,2.8549676034369362
26402,0.09621781449876693,16__mutated,PertCortex_16_AAGACCTCAAAGGCGT,3.3934544602491323
26403,0.12203075708945282,16__mutated,PertCortex_16_AAGACCTCACAGGAGT,3.33446086964613
26404,0.10732931535740756,16__mutated,PertCortex_16_AAGACCTCATACCATG,4.06772836478752
26405,0.05534654575182858,16__mutated,PertCortex_16_AAGACCTGTAACGCGA,2.9825239199755695
26406,0.26636893178966037,16__mutated,PertCortex_16_AAGACCTGTCTAACGT,3.3762338100795186
26407,0.5523647591538906,16__mutated,PertCortex_16_AAGACCTGTTCGGGCT,2.2656551112427765
26408,0.11136437729682079,16__mutated,PertCortex_16_AAGACCTTCAAACAAG,4.798906339602898
26409,0.17377696775880716,16__mutated,PertCortex_16_AAGACCTTCACATAGC,3.125967815692381
26410,0.3143196006317405,16__mutated,PertCortex_16_AAGCCGCAGCAAATCA,3.324178908531538
26411,0.2305174665418564,16__mutated,PertCortex_16_AAGCCGCAGGGTTTCT,3.9497827405018233
26412,0.0438224770089243,16__mutated,PertCortex_16_AAGCCGCAGTACGTTC,3.98226336833654
26413,0.1086592812401059,16__mutated,PertCortex_16_AAGCCGCCAATGTTGC,3.4197969322818773
26414,0.6344109860921332,16__mutated,PertCortex_16_AAGCCGCGTACAGTTC,1.677065283172527
26415,0.48689946438854276,16__mutated,PertCortex_16_AAGCCGCTCAGTTGAC,2.572175468908895
26416,0.27749031064835755,16__mutated,PertCortex_16_AAGGAGCAGTGGAGAA,2.916612149394955
26417,0.36305231339385197,16__mutated,PertCortex_16_AAGGAGCCATTGCGGC,3.9985177030912684
26418,0.12517193310611124,16__mutated,PertCortex_16_AAGGAGCGTCATCGGC,3.9837204659862957
26419,0.5438731018557873,16__mutated,PertCortex_16_AAGGAGCGTTCCACGG,1.9321191158439583
26420,0.11366199018424103,16__mutated,PertCortex_16_AAGGCAGAGAGGTTGC,4.346205481579814
26421,0.24636002323548709,16__mutated,PertCortex_16_AAGGCAGAGCGAAGGG,2.5126844613850507
26422,0.10502175307246968,16__mutated,PertCortex_16_AAGGCAGAGGCTCAGA,4.964250131573248
26423,0.1728971159017059,16__mutated,PertCortex_16_AAGGCAGCAATGGAGC,3.7637182879766713
26424,0.11187589191077199,16__mutated,PertCortex_16_AAGGCAGCAGACAGGT,4.313593470006588
26425,0.10740542048081632,16__mutated,PertCortex_16_AAGGCAGGTGTTCTTT,3.780246544672511
26426,0.1783211518237001,16__mutated,PertCortex_16_AAGGCAGGTTACGTCA,3.18069738395442
26427,0.2428029462577567,16__mutated,PertCortex_16_AAGGCAGTCACCACCT,4.56388654467581
26428,0.11438584181684146,16__mutated,PertCortex_16_AAGGTTCAGGATGTAT,4.799650371547317
26429,0.25623901764886203,16__mutated,PertCortex_16_AAGGTTCAGTAGCCGA,2.952618082381309
26430,0.11014847205561126,16__mutated,PertCortex_16_AAGGTTCAGTCCGGTC,4.70050290760053
26431,0.15835928177110972,16__mutated,PertCortex_16_AAGGTTCCAACACGCC,4.002565728834163
26432,0.5802606238046992,16__mutated,PertCortex_16_AAGGTTCCAACTGCGC,2.1273715710683376
26433,0.07350163562216348,16__mutated,PertCortex_16_AAGGTTCGTATAGGGC,4.097733823535464
26434,0.4947380773326952,16__mutated,PertCortex_16_AAGGTTCGTGTTGGGA,2.580975908916652
26435,0.42968121478952853,16__mutated,PertCortex_16_AAGGTTCTCTACTTAC,3.97383942248582
26436,0.26009347175604314,16__mutated,PertCortex_16_AAGGTTCTCTGGTTCC,4.833049357075229
26437,0.2606780322545469,16__mutated,PertCortex_16_AAGTCTGCAAGAAGAG,4.184994721281415
26438,0.11890564975338257,16__mutated,PertCortex_16_AAGTCTGCAATAGCAA,3.965774079622597
26439,0.41761647867564,16__mutated,PertCortex_16_AAGTCTGCATTCCTCG,2.187634128622486
26440,0.12278670553836254,16__mutated,PertCortex_16_AAGTCTGGTAACGTTC,4.348149077806976
26441,0.5176124536449007,16__mutated,PertCortex_16_AAGTCTGGTACGCTGC,3.092833169759387
26442,0.5913935859618115,16__mutated,PertCortex_16_AAGTCTGGTTAAAGTG,1.5830911298695438
26443,0.16893373687993948,16__mutated,PertCortex_16_AAGTCTGTCTAAGCCA,4.099996897329484
26444,0.47472485342045173,16__mutated,PertCortex_16_AATCCAGAGCCAGGAT,2.404422426185747
26445,0.09440170804896186,16__mutated,PertCortex_16_AATCCAGCACATTAGC,4.440423415509807
26446,0.2581319388037891,16__mutated,PertCortex_16_AATCCAGCATTGGGCC,2.9032644908002756
26447,0.17077891468512815,16__mutated,PertCortex_16_AATCCAGTCACCCTCA,3.39959769970065
26448,0.481263822234404,16__mutated,PertCortex_16_AATCGGTAGTCGATAA,1.9239974172160068
26449,0.616026018502895,16__mutated,PertCortex_16_AATCGGTCACTGTCGG,2.0015083162703675
26450,0.14688697502482542,16__mutated,PertCortex_16_AATCGGTCATATGAGA,3.6862167085307234
26451,0.08223873504875016,16__mutated,PertCortex_16_AATCGGTGTAGAAAGG,3.3327676223802825
26452,0.08931654946254058,16__mutated,PertCortex_16_AATCGGTGTAGCGCAA,4.604923373949156
26453,0.18695245452668122,16__mutated,PertCortex_16_AATCGGTGTTAAGACA,4.086845084233854
26454,0.12307022683463989,16__mutated,PertCortex_16_AATCGGTGTTCAGCGC,4.180390354736859
26455,0.06173650029590923,16__mutated,PertCortex_16_AATCGGTGTTGTACAC,3.232604674466338
26456,0.1544817270340318,16__mutated,PertCortex_16_ACACCAAAGCCGTCGT,4.570044666689918
26457,0.20241364649757848,16__mutated,PertCortex_16_ACACCAAAGGGCTTCC,3.0229369377675415
26458,0.6378320553882626,16__mutated,PertCortex_16_ACACCAATCCAAATGC,2.117284990696697
26459,0.06237343066415341,16__mutated,PertCortex_16_ACACCAATCCACGTGG,4.322406788108565
26460,0.07387680966660631,16__mutated,PertCortex_16_ACACCCTCAGACGCTC,3.903624929964807
26461,0.5898109023211453,16__mutated,PertCortex_16_ACACCCTGTTCACGGC,2.09976929593535
26462,0.22283230590372996,16__mutated,PertCortex_16_ACACCCTTCAAAGTAG,4.333985618918937
26463,0.10562352320383209,16__mutated,PertCortex_16_ACACCCTTCACTCTTA,3.5364775911504847
26464,0.5041507156626625,16__mutated,PertCortex_16_ACACCCTTCAGTTTGG,3.088579028977244
26465,0.16214857475650907,16__mutated,PertCortex_16_ACACCCTTCATTGCGA,2.9821335771463313
26466,0.48812156913137356,16__mutated,PertCortex_16_ACACCCTTCTGTCTAT,2.289000666246222
26467,0.26295086305379045,16__mutated,PertCortex_16_ACACCGGAGAGGTTGC,3.4127053071233604
26468,0.6841474986766579,16__mutated,PertCortex_16_ACACCGGGTTGTGGCC,1.6670817815649344
26469,0.10228843913435011,16__mutated,PertCortex_16_ACACTGAAGAAGGACA,4.594542832070107
26470,0.08430109333557245,16__mutated,PertCortex_16_ACACTGAAGATATACG,4.3134996430106405
26471,0.2271040648783048,16__mutated,PertCortex_16_ACACTGAAGCTAACTC,4.503310169193041
26472,0.14683458031072744,16__mutated,PertCortex_16_ACACTGACAGCATACT,4.175336832068277
26473,0.610469792697486,16__mutated,PertCortex_16_ACACTGAGTGAGCGAT,1.7684343248337064
26474,0.18138743677196315,16__mutated,PertCortex_16_ACACTGAGTGCAACTT,2.936564664345591
26475,0.4528262478936397,16__mutated,PertCortex_16_ACAGCCGAGCACGCCT,2.5550409862453742
26476,0.2675519871838399,16__mutated,PertCortex_16_ACAGCCGGTAGTGAAT,2.1540536451745673
26477,0.4219965593396931,16__mutated,PertCortex_16_ACAGCCGGTTACGCGC,2.550306685823504
26478,0.3158512515484103,16__mutated,PertCortex_16_ACAGCCGTCCCTCAGT,2.455261051864334
26479,0.29174498568488744,16__mutated,PertCortex_16_ACAGCTACACTGTGTA,4.5187170086745905
26480,0.5358203871920633,16__mutated,PertCortex_16_ACAGCTATCCATGAAC,2.026452102267449
26481,0.5550495185523281,16__mutated,PertCortex_16_ACATACGAGATGCGAC,1.7168635369155683
26482,0.16131279337246338,16__mutated,PertCortex_16_ACATACGAGCTAGTTC,4.23005540267729
26483,0.11524562697085289,16__mutated,PertCortex_16_ACATACGAGGATGGAA,3.5886482115109284
26484,0.5795214902943533,16__mutated,PertCortex_16_ACATACGCAAACGCGA,2.19480299928683
26485,0.1897849747699307,16__mutated,PertCortex_16_ACATACGCACAACGTT,3.19144881618669
26486,0.06567128195563558,16__mutated,PertCortex_16_ACATACGGTCGCCATG,4.380010304961422
26487,0.13196591583351028,16__mutated,PertCortex_16_ACATACGGTTACGACT,3.9052190890388028
26488,0.038852974738115144,16__mutated,PertCortex_16_ACATCAGAGATGTAAC,4.540441557491417
26489,0.18337328559169228,16__mutated,PertCortex_16_ACATCAGAGCTGCCCA,4.5420998245183455
26490,0.10822736093614947,16__mutated,PertCortex_16_ACATCAGCACGGCGTT,4.489001277095609
26491,0.0806984016096645,16__mutated,PertCortex_16_ACATCAGGTGATGCCC,4.258761714070802
26492,0.1927215266467509,16__mutated,PertCortex_16_ACATCAGTCGTAGGAG,3.6143624903824256
26493,0.09703646673982091,16__mutated,PertCortex_16_ACATCAGTCTAACTGG,4.42523947018967
26494,0.5409023902862748,16__mutated,PertCortex_16_ACATCAGTCTGTCTAT,2.4565816998631567
26495,0.20078352552776668,16__mutated,PertCortex_16_ACATGGTCAGTCGATT,5.501932296186225
26496,0.3386567608400996,16__mutated,PertCortex_16_ACATGGTGTCAGCTAT,2.457253994405106
26497,0.21700805558630754,16__mutated,PertCortex_16_ACCAGTAAGACAATAC,2.5749454899650446
26498,0.281562639533685,16__mutated,PertCortex_16_ACCAGTAAGATAGCAT,1.7271315440493549
26499,0.21350737807723277,16__mutated,PertCortex_16_ACCAGTAAGCCGATTT,3.1708918252369043
26500,0.08727295658772646,16__mutated,PertCortex_16_ACCAGTACATCGGTTA,3.2194193316491466
26501,0.04824621658129031,16__mutated,PertCortex_16_ACCAGTACATCTCGCT,3.266215691299023
26502,0.14375125170966435,16__mutated,PertCortex_16_ACCAGTACATTGCGGC,3.3786220556112894
26503,0.29111003548304976,16__mutated,PertCortex_16_ACCAGTATCAAACAAG,2.0648464628444847
26504,0.50909775438104,16__mutated,PertCortex_16_ACCAGTATCATATCGG,1.643592616100937
26505,0.2393064981985456,16__mutated,PertCortex_16_ACCAGTATCCAGAAGG,3.541791857182714
26506,0.10263835147822346,16__mutated,PertCortex_16_ACCCACTAGATGTCGG,4.100402342991216
26507,0.1765385993668669,16__mutated,PertCortex_16_ACCCACTCACATGTGT,5.337959729224332
26508,0.027837486575720174,16__mutated,PertCortex_16_ACCCACTGTAGGACAC,3.1383340599396887
26509,0.5517463166674096,16__mutated,PertCortex_16_ACCCACTTCGCAAACT,2.4683735948376557
26510,0.24494988053507175,16__mutated,PertCortex_16_ACCGTAAAGGTAGCTG,2.3096049353622377
26511,0.496450416153227,16__mutated,PertCortex_16_ACCGTAAAGTGCAAGC,1.9148287572448066
26512,0.21967539117976548,16__mutated,PertCortex_16_ACCGTAACAGTCAGCC,4.316802026174262
26513,0.2268998740078302,16__mutated,PertCortex_16_ACCGTAACATCGATGT,1.9758532799148778
26514,0.17138716571378132,16__mutated,PertCortex_16_ACCGTAACATGTAGTC,3.9080595688625164
26515,0.10962831970793117,16__mutated,PertCortex_16_ACCGTAAGTTACGACT,4.399337634248761
26516,0.11422792465298039,16__mutated,PertCortex_16_ACCGTAATCACATACG,4.728814016468064
26517,0.23974395007799632,16__mutated,PertCortex_16_ACCGTAATCAGCATGT,3.7337579345899585
26518,0.145305996400053,16__mutated,PertCortex_16_ACCTTTAAGTCTCCTC,4.564121514007604
26519,0.1432101578726218,16__mutated,PertCortex_16_ACCTTTAAGTGTTAGA,4.543159593491737
26520,0.12417085357544329,16__mutated,PertCortex_16_ACCTTTAGTCATACTG,3.269519669525514
26521,0.509880261188016,16__mutated,PertCortex_16_ACCTTTATCCGCATAA,1.950910509899577
26522,0.5221320710550067,16__mutated,PertCortex_16_ACCTTTATCCGCGGTA,2.2889726418993677
26523,0.17109878448569182,16__mutated,PertCortex_16_ACGAGCCAGAGTTGGC,3.4450434830860748
26524,0.16000361729661786,16__mutated,PertCortex_16_ACGAGCCCAACAACCT,3.507063579562724
26525,0.04243636620499285,16__mutated,PertCortex_16_ACGAGCCCAATCCAAC,3.695469630208145
26526,0.5502104418811798,16__mutated,PertCortex_16_ACGAGCCCATGCTGGC,2.1894635584338102
26527,0.6409972075191608,16__mutated,PertCortex_16_ACGAGCCGTCTGGTCG,1.901521466490002
26528,0.21294608353629427,16__mutated,PertCortex_16_ACGAGCCGTTATGCGT,1.8529283786428365
26529,0.04864470015373367,16__mutated,PertCortex_16_ACGAGCCTCTATGTGG,3.449082831697577
26530,0.13445640056212257,16__mutated,PertCortex_16_ACGAGGAAGATAGTCA,5.39786715035905
26531,0.14827554472631377,16__mutated,PertCortex_16_ACGAGGACAAATTGCC,4.89098295905038
26532,0.17467426905322392,16__mutated,PertCortex_16_ACGAGGACATACTACG,4.930810472830405
26533,0.2525133851676717,16__mutated,PertCortex_16_ACGAGGACATGGAATA,5.11840134777886
26534,0.12427383343053887,16__mutated,PertCortex_16_ACGAGGAGTCGGCTCA,4.44245281251464
26535,0.10776117655158753,16__mutated,PertCortex_16_ACGAGGATCAGGCCCA,3.920336436558454
26536,0.2571733323606766,16__mutated,PertCortex_16_ACGAGGATCATTGCGA,2.5398873388506518
26537,0.2737969198028196,16__mutated,PertCortex_16_ACGATACAGGCTCAGA,4.713945979102316
26538,0.12116984353692638,16__mutated,PertCortex_16_ACGATACAGTGGTAAT,4.606552093059227
26539,0.09174870230025796,16__mutated,PertCortex_16_ACGATACCACGCATCG,3.6512982650074255
26540,0.07231976019174441,16__mutated,PertCortex_16_ACGATACCAGATGAGC,4.6417151459540875
26541,0.07251864885393744,16__mutated,PertCortex_16_ACGATACGTCGAGTTT,4.318301775945738
26542,0.1398090308933182,16__mutated,PertCortex_16_ACGATACGTGCAACGA,4.137799442824237
26543,0.1121765099178377,16__mutated,PertCortex_16_ACGATACTCGTACCGG,3.7587117594312276
26544,0.053128723990255595,16__mutated,PertCortex_16_ACGATGTAGCAATATG,3.792901589524063
26545,0.29700017942788187,16__mutated,PertCortex_16_ACGATGTAGCCTCGTG,3.2430497773340683
26546,0.08793888572888703,16__mutated,PertCortex_16_ACGATGTGTGGAAAGA,3.688137514827971
26547,0.174883116702142,16__mutated,PertCortex_16_ACGCAGCAGTTATCGC,2.7071786498065236
26548,0.10030829964287027,16__mutated,PertCortex_16_ACGCAGCCAAACTGTC,4.401042205627021
26549,0.16187019974705247,16__mutated,PertCortex_16_ACGCAGCGTAAACCTC,4.134709386155294
26550,0.20988059455010355,16__mutated,PertCortex_16_ACGCAGCGTGAAAGAG,5.188698479605679
26551,0.0943055446833749,16__mutated,PertCortex_16_ACGCAGCTCCACGTGG,3.40497694878507
26552,0.1326159798889109,16__mutated,PertCortex_16_ACGCAGCTCGTGACAT,4.7706563913743665
26553,0.2486625039890051,16__mutated,PertCortex_16_ACGCCAGAGACCGGAT,3.5101289342157416
26554,0.13847138154919325,16__mutated,PertCortex_16_ACGCCAGAGCTGAAAT,4.7788714151903315
26555,0.2052061771691709,16__mutated,PertCortex_16_ACGCCAGCAAGCCCAC,1.8412605936310538
26556,0.5142799771514193,16__mutated,PertCortex_16_ACGCCAGCAAGCCTAT,3.141614586664785
26557,0.3584966246645742,16__mutated,PertCortex_16_ACGCCAGCAATAGCAA,2.4859963400207548
26558,0.11319130967307067,16__mutated,PertCortex_16_ACGCCAGGTGTGAATA,4.441775987905418
26559,0.45832799688378945,16__mutated,PertCortex_16_ACGCCAGGTTCGCGAC,2.320054128690741
26560,0.15787360100511388,16__mutated,PertCortex_16_ACGCCAGTCACTCTTA,3.9559392768473582
26561,0.17177040829705037,16__mutated,PertCortex_16_ACGCCAGTCCCTCAGT,4.143218270802545
26562,0.22293500903574787,16__mutated,PertCortex_16_ACGCCAGTCGAATGGG,2.549651798579984
26563,0.6305904954948046,16__mutated,PertCortex_16_ACGCCAGTCGCCTGAG,1.9130084281876256
26564,0.6884526908151125,16__mutated,PertCortex_16_ACGCCAGTCTGTTTGT,1.7364984106715207
26565,0.2027324327024209,16__mutated,PertCortex_16_ACGCCAGTCTTCTGGC,2.9076768331731127
26566,0.15247139601363083,16__mutated,PertCortex_16_ACGCCGAAGACACGAC,4.73433515365481
26567,0.17399614857838508,16__mutated,PertCortex_16_ACGCCGAAGCCGATTT,4.6066772876136435
26568,0.45869874666990595,16__mutated,PertCortex_16_ACGCCGAAGTGTGAAT,2.2502105793947327
26569,0.18028416114105394,16__mutated,PertCortex_16_ACGCCGAAGTGTTGAA,4.163040258992246
26570,0.563285123974688,16__mutated,PertCortex_16_ACGCCGATCAAACGGG,2.819670669341034
26571,0.1474540740486152,16__mutated,PertCortex_16_ACGCCGATCATGTCCC,4.907514800568347
26572,0.20495062792191396,16__mutated,PertCortex_16_ACGCCGATCTCAAGTG,5.374462211499495
26573,0.2543243535370197,16__mutated,PertCortex_16_ACGGAGAAGGTTCCTA,3.0372438832436592
26574,0.13135597989338393,16__mutated,PertCortex_16_ACGGAGAAGTGTCCAT,4.395826724251773
26575,0.08198715694051016,16__mutated,PertCortex_16_ACGGAGAAGTTCGCGC,3.514041883987124
26576,0.25294926193629275,16__mutated,PertCortex_16_ACGGAGACAAGTCATC,3.3907070933485755
26577,0.3508973096275331,16__mutated,PertCortex_16_ACGGAGACACAGGAGT,4.075373623176523
26578,0.11311862125905732,16__mutated,PertCortex_16_ACGGCCAAGCAAATCA,3.6458249265345257
26579,0.21492762117624356,16__mutated,PertCortex_16_ACGGCCAGTGACAAAT,4.430818543101598
26580,0.12851976971973286,16__mutated,PertCortex_16_ACGGCCAGTTCCACAA,4.3787883728507495
26581,0.08892386003026782,16__mutated,PertCortex_16_ACGGCCATCAGTTAGC,4.329418798287884
26582,0.23085146812109747,16__mutated,PertCortex_16_ACGGCCATCGTGACAT,3.1156222418885697
26583,0.16359666701964357,16__mutated,PertCortex_16_ACGGCCATCTCTGTCG,3.4075904267048696
26584,0.14333463657123474,16__mutated,PertCortex_16_ACGGGCTAGCGACGTA,5.326041905252468
26585,0.29634931590106595,16__mutated,PertCortex_16_ACGGGCTAGGGAGTAA,1.6821171928328995
26586,0.6697957104231147,16__mutated,PertCortex_16_ACGGGCTAGTTGAGAT,1.6865469197205394
26587,0.059607762166401485,16__mutated,PertCortex_16_ACGGGCTCAGGCTGAA,2.4545177054085716
26588,0.07017920144178516,16__mutated,PertCortex_16_ACGGGCTGTCACTGGC,3.281497293017464
26589,0.2468845586555414,16__mutated,PertCortex_16_ACGGGCTTCAGAAATG,3.322398770048228
26590,0.3554934955621527,16__mutated,PertCortex_16_ACGGGCTTCAGATAAG,1.9860445789022159
26591,0.625164944005116,16__mutated,PertCortex_16_ACGGGTCAGAGTTGGC,1.755018856169269
26592,0.09634550350426342,16__mutated,PertCortex_16_ACGGGTCCACAAGTAA,3.498616417312206
26593,0.2035374343389906,16__mutated,PertCortex_16_ACGGGTCCAGGCGATA,3.4233368720676363
26594,0.036873149314259064,16__mutated,PertCortex_16_ACGGGTCTCATGCTCC,4.254897225252623
26595,0.20178880286340065,16__mutated,PertCortex_16_ACGGGTCTCTCGATGA,3.8924244983347767
26596,0.1879944446734717,16__mutated,PertCortex_16_ACGTCAAAGACACTAA,3.981188740775262
26597,0.5306180666826038,16__mutated,PertCortex_16_ACGTCAAAGGCACATG,2.5324914963619785
26598,0.6747458181233253,16__mutated,PertCortex_16_ACGTCAACAAGAAGAG,1.7158259992493672
26599,0.17191771907011688,16__mutated,PertCortex_16_ACGTCAAGTGGTAACG,3.310158967606028
26600,0.21091755853564648,16__mutated,PertCortex_16_ACGTCAATCTTACCGC,5.522042421009211
26601,0.31778380105221954,16__mutated,PertCortex_16_ACTATCTCACGGTAAG,3.2348020949536913
26602,0.13667811609268835,16__mutated,PertCortex_16_ACTGAACAGCAGGCTA,3.5839437862218038
26603,0.2141461919572468,16__mutated,PertCortex_16_ACTGAACCAAGAGTCG,2.5989007713553094
26604,0.449421404981852,16__mutated,PertCortex_16_ACTGAACCAGGACGTA,2.010648844822045
26605,0.17226794334392884,16__mutated,PertCortex_16_ACTGAACCATGGGACA,4.075322697661825
26606,0.13693887096678142,16__mutated,PertCortex_16_ACTGAACGTATGCTTG,2.9618600028990723
26607,0.23354665315881898,16__mutated,PertCortex_16_ACTGAACGTCTGCGGT,3.084893850830024
26608,0.08323560204465522,16__mutated,PertCortex_16_ACTGAACGTGCCTTGG,3.9381677127095314
26609,0.09759995389928809,16__mutated,PertCortex_16_ACTGAACGTTCCACGG,3.7771710372146945
26610,0.5734280418165788,16__mutated,PertCortex_16_ACTGAACGTTGCCTCT,2.8287672097978414
26611,0.06905511751234894,16__mutated,PertCortex_16_ACTGAACTCATTGCCC,2.2098398706120563
26612,0.07608824836881353,16__mutated,PertCortex_16_ACTGAACTCTCTAGGA,3.93906502415637
26613,0.0978966907462307,16__mutated,PertCortex_16_ACTGAGTAGAAACCTA,3.888961095785024
26614,0.3776937629470492,16__mutated,PertCortex_16_ACTGAGTCAATGGAAT,1.6420388143023912
26615,0.14509456054161832,16__mutated,PertCortex_16_ACTGAGTCATGGTCAT,3.8570060500498733
26616,0.12332181031870276,16__mutated,PertCortex_16_ACTGAGTGTCGCGGTT,3.730739788764008
26617,0.08106564245859617,16__mutated,PertCortex_16_ACTGAGTGTGCTCTTC,3.0830971621311467
26618,0.5084757515971929,16__mutated,PertCortex_16_ACTGATGCAAGCGTAG,2.152958621095212
26619,0.15002208982449244,16__mutated,PertCortex_16_ACTGATGCAAGTTAAG,3.24999642180462
26620,0.259345876277849,16__mutated,PertCortex_16_ACTGATGCATGGGACA,2.4810733330561097
26621,0.08197866108523491,16__mutated,PertCortex_16_ACTGATGGTACCGGCT,3.4529081328187505
26622,0.16872370294729017,16__mutated,PertCortex_16_ACTGATGGTTACGCGC,4.493552884747178
26623,0.1421997864350004,16__mutated,PertCortex_16_ACTGATGTCAATCACG,4.09549995412398
26624,0.6283016489842698,16__mutated,PertCortex_16_ACTGATGTCCGCATAA,1.8048295748102117
26625,0.20419090175167207,16__mutated,PertCortex_16_ACTGCTCAGATCCCAT,2.882021276589005
26626,0.14270173073469605,16__mutated,PertCortex_16_ACTGCTCCAGTGAGTG,3.624692943544275
26627,0.13972616791756937,16__mutated,PertCortex_16_ACTGCTCCATACTACG,4.691490963332663
26628,0.0394480477645887,16__mutated,PertCortex_16_ACTGCTCGTTCTCATT,4.566523451733407
26629,0.13881618807994126,16__mutated,PertCortex_16_ACTGTCCAGAACTGTA,4.953406846813681
26630,0.5089902418169889,16__mutated,PertCortex_16_ACTGTCCCATGGTAGG,2.6772387868231187
26631,0.08924277016602715,16__mutated,PertCortex_16_ACTGTCCCATTCCTCG,3.6179236980852743
26632,0.05464384117625674,16__mutated,PertCortex_16_ACTGTCCGTTCGGGCT,3.703351007566411
26633,0.4551879291503267,16__mutated,PertCortex_16_ACTGTCCGTTCGTGAT,2.23838946444855
26634,0.12030067150626873,16__mutated,PertCortex_16_ACTGTCCTCAGATAAG,4.2618061240499046
26635,0.20024903928091123,16__mutated,PertCortex_16_ACTTACTAGGCATTGG,4.098167791795498
26636,0.17553491876471403,16__mutated,PertCortex_16_ACTTACTCAAGCGATG,4.042230309833926
26637,0.07065404258565176,16__mutated,PertCortex_16_ACTTACTCACTTCTGC,3.3576415706746157
26638,0.11303450726328047,16__mutated,PertCortex_16_ACTTACTCATTGCGGC,4.895118491429938
26639,0.045083764141857496,16__mutated,PertCortex_16_ACTTACTGTTTACTCT,3.5245702262041636
26640,0.12346309860763016,16__mutated,PertCortex_16_ACTTGTTAGAGCCCAA,3.8547676993858078
26641,0.03788036644457353,16__mutated,PertCortex_16_ACTTGTTGTAGGACAC,3.86975069648164
26642,0.18318720691800305,16__mutated,PertCortex_16_ACTTGTTTCCCTAACC,3.7514060649233945
26643,0.18722036065346084,16__mutated,PertCortex_16_ACTTGTTTCTGAAAGA,2.997614152525242
26644,0.21212446427811066,16__mutated,PertCortex_16_ACTTGTTTCTGTGCAA,3.4714412876756167
26645,0.5628104211664593,16__mutated,PertCortex_16_ACTTTCAAGACAAGCC,2.2265593393433796
26646,0.08480395124933021,16__mutated,PertCortex_16_ACTTTCACAATCTACG,4.51995508956832
26647,0.11629741396063835,16__mutated,PertCortex_16_ACTTTCACAGGACGTA,4.657371899176631
26648,0.17015597231976784,16__mutated,PertCortex_16_ACTTTCACATTATCTC,4.653453409448026
26649,0.09621348913619511,16__mutated,PertCortex_16_ACTTTCAGTTGGTGGA,3.1265776977926967
26650,0.6441417818158762,16__mutated,PertCortex_16_ACTTTCATCCCAAGAT,1.9793793778791617
26651,0.43447863990179353,16__mutated,PertCortex_16_AGAATAGAGGGTGTTG,2.568084243919191
26652,0.19608544453951274,16__mutated,PertCortex_16_AGAATAGCAAGTACCT,3.7639294396079332
26653,0.06561065333937106,16__mutated,PertCortex_16_AGAATAGCACGAAACG,4.411553197645526
26654,0.5499418623094801,16__mutated,PertCortex_16_AGAATAGCAGTAACGG,1.8204744836311513
26655,0.6502831549539406,16__mutated,PertCortex_16_AGAATAGGTGCATCTA,1.6198891022111823
26656,0.2486151143872251,16__mutated,PertCortex_16_AGAATAGGTGGTCCGT,3.04926105414695
26657,0.1311818404883811,16__mutated,PertCortex_16_AGAATAGTCCAGATCA,3.108381972802543
26658,0.23533164554165933,16__mutated,PertCortex_16_AGAATAGTCGTGGGAA,2.955798340261093
26659,0.5240647773521017,16__mutated,PertCortex_16_AGACGTTAGTGACATA,1.9555710295962259
26660,0.2656004999806148,16__mutated,PertCortex_16_AGACGTTGTCCATCCT,2.29295220266112
26661,0.07729346906057213,16__mutated,PertCortex_16_AGACGTTTCTGACCTC,4.961674100485119
26662,0.07576311503753033,16__mutated,PertCortex_16_AGAGCGAAGCCAGAAC,4.631803194748193
26663,0.09608751142587851,16__mutated,PertCortex_16_AGAGCGAAGGGATACC,1.8892800639280896
26664,0.13643885518060594,16__mutated,PertCortex_16_AGAGCGACACGCATCG,4.318595197720655
26665,0.2706721354738434,16__mutated,PertCortex_16_AGAGCGAGTCGATTGT,2.821114476673341
26666,0.2386331021862781,16__mutated,PertCortex_16_AGAGCGATCGTTTAGG,2.069850299201588
26667,0.1731358190637446,16__mutated,PertCortex_16_AGAGCTTAGTGGAGTC,4.198365256405338
26668,0.6247404167805497,16__mutated,PertCortex_16_AGAGCTTAGTTAAGTG,1.9850670303544762
26669,0.3557062682862136,16__mutated,PertCortex_16_AGAGCTTCACAGAGGT,2.4873005035546942
26670,0.0446086153284214,16__mutated,PertCortex_16_AGAGCTTCAGCGATCC,3.289336767285034
26671,0.19287082285380802,16__mutated,PertCortex_16_AGAGCTTTCCCAAGAT,2.974694475806669
26672,0.1547941437729671,16__mutated,PertCortex_16_AGAGTGGAGTATCGAA,4.551521636507222
26673,0.13772451231443855,16__mutated,PertCortex_16_AGAGTGGCAGGATTGG,5.582071710054298
26674,0.24760363911681066,16__mutated,PertCortex_16_AGAGTGGGTCTGGAGA,2.9672132520133947
26675,0.2970794905219003,16__mutated,PertCortex_16_AGAGTGGGTTACTGAC,3.0656830016553003
26676,0.24346918636295573,16__mutated,PertCortex_16_AGAGTGGTCGCTTAGA,4.492360527270262
26677,0.2695339968916988,16__mutated,PertCortex_16_AGATCTGAGAGCTGCA,2.639216846090722
26678,0.11831924660340046,16__mutated,PertCortex_16_AGATCTGAGGCAGTCA,4.691278550477589
26679,0.09687696844259377,16__mutated,PertCortex_16_AGATCTGAGGCCCGTT,3.9795464224287325
26680,0.11664035733687252,16__mutated,PertCortex_16_AGATCTGAGTTGCAGG,4.637459908922458
26681,0.37119791553654463,16__mutated,PertCortex_16_AGATCTGGTAGAAAGG,2.081425917284796
26682,0.37382266912315476,16__mutated,PertCortex_16_AGATCTGGTTCGAATC,2.480897192859938
26683,0.10519455220942918,16__mutated,PertCortex_16_AGATCTGTCATGCAAC,3.8203982281455033
26684,0.09636669335066862,16__mutated,PertCortex_16_AGATCTGTCGGATGGA,4.954417531423058
26685,0.28481113967958355,16__mutated,PertCortex_16_AGATTGCAGGCATTGG,3.813235846596323
26686,0.19772651151680398,16__mutated,PertCortex_16_AGATTGCCAAGCGTAG,3.0740644372992807
26687,0.22854223838293639,16__mutated,PertCortex_16_AGATTGCGTCTGATTG,3.331753134920729
26688,0.5379518357833131,16__mutated,PertCortex_16_AGATTGCGTGTATGGG,2.4114319139209037
26689,0.1588113639970591,16__mutated,PertCortex_16_AGCAGCCAGCCTATGT,4.489680366301799
26690,0.13205858028018627,16__mutated,PertCortex_16_AGCAGCCGTCCAGTGC,4.6272795873600625
26691,0.10115553578955883,16__mutated,PertCortex_16_AGCAGCCGTCGCGAAA,4.609028638343104
26692,0.5810819401963825,16__mutated,PertCortex_16_AGCAGCCGTTACGTCA,2.1922619121424014
26693,0.05611101204738584,16__mutated,PertCortex_16_AGCAGCCTCACCGGGT,4.063399128653255
26694,0.20172798910884285,16__mutated,PertCortex_16_AGCAGCCTCATATCGG,4.573948021739002
26695,0.12568686757212924,16__mutated,PertCortex_16_AGCATACAGGCATGTG,3.771713618208112
26696,0.19646148785812373,16__mutated,PertCortex_16_AGCATACAGGTTCCTA,3.8959715112136846
26697,0.2658070680582841,16__mutated,PertCortex_16_AGCATACCAAGCCATT,4.3042542477941375
26698,0.14719194494161023,16__mutated,PertCortex_16_AGCATACCACCCTATC,4.36038791750253
26699,0.6116960735103674,16__mutated,PertCortex_16_AGCATACCAGTCGATT,2.0883007110390426
26700,0.35593140243740296,16__mutated,PertCortex_16_AGCATACCATGCTAGT,3.044079814978123
26701,0.17355283124358584,16__mutated,PertCortex_16_AGCATACGTAGCGTCC,3.243189117868845
26702,0.4820196418670536,16__mutated,PertCortex_16_AGCATACGTAGGCATG,2.40720485399299
26703,0.10434772373063836,16__mutated,PertCortex_16_AGCATACGTTACGCGC,4.249059263659697
26704,0.0860335728218864,16__mutated,PertCortex_16_AGCATACTCACCGTAA,3.8999071859723773
26705,0.2523575552340793,16__mutated,PertCortex_16_AGCATACTCTTGGGTA,2.93383357649965
26706,0.2445398412336573,16__mutated,PertCortex_16_AGCCTAAAGCTACCGC,4.10720731248685
26707,0.6408711988012916,16__mutated,PertCortex_16_AGCCTAACATGGTCTA,1.9410873450534998
26708,0.088325775488515,16__mutated,PertCortex_16_AGCCTAATCGTTTGCC,3.512861343738368
26709,0.13171818222730605,16__mutated,PertCortex_16_AGCGGTCAGTATCGAA,4.005397575129283
26710,0.5828939384144741,16__mutated,PertCortex_16_AGCGGTCCAATCACAC,2.057788586986898
26711,0.27013559813805393,16__mutated,PertCortex_16_AGCGGTCCAGGGTACA,2.479421423514237
26712,0.17217009990846793,16__mutated,PertCortex_16_AGCGGTCGTAAGCACG,3.639995583876741
26713,0.1406189819505688,16__mutated,PertCortex_16_AGCGGTCGTTAGTGGG,3.792383343397672
26714,0.07038242056700124,16__mutated,PertCortex_16_AGCGGTCGTTCCGTCT,3.8295974120599756
26715,0.14564797900635826,16__mutated,PertCortex_16_AGCGGTCTCAGAGCTT,4.263610035608977
26716,0.5878780206579052,16__mutated,PertCortex_16_AGCGGTCTCAGCGACC,1.9163699884802863
26717,0.31072418332138707,16__mutated,PertCortex_16_AGCGGTCTCATGCATG,3.300236931622127
26718,0.1442051510513855,16__mutated,PertCortex_16_AGCGTATCAAACGTGG,2.9516178055554807
26719,0.17529964702631326,16__mutated,PertCortex_16_AGCGTATCAGACGCCT,5.065940048421496
26720,0.16997751297981,16__mutated,PertCortex_16_AGCGTATGTAAGGGAA,3.7860540842336605
26721,0.1048310718974906,16__mutated,PertCortex_16_AGCGTATGTTCTGGTA,4.381948201504862
26722,0.18305798703331336,16__mutated,PertCortex_16_AGCGTCGCAAACGTGG,3.343821107995832
26723,0.09553476969501977,16__mutated,PertCortex_16_AGCGTCGCACACGCTG,3.9359067294856764
26724,0.17601343089992064,16__mutated,PertCortex_16_AGCTCCTAGAACTGTA,4.930540881156269
26725,0.2273832248316138,16__mutated,PertCortex_16_AGCTCCTAGAATCTCC,3.5607101163577197
26726,0.12323806831896664,16__mutated,PertCortex_16_AGCTCCTAGCTCCTCT,3.296835694749112
26727,0.11500775233166045,16__mutated,PertCortex_16_AGCTCCTAGGGATGGG,4.4806945244915415
26728,0.5707543067367652,16__mutated,PertCortex_16_AGCTCCTCAGATGGGT,2.69935917312541
26729,0.16062447849391878,16__mutated,PertCortex_16_AGCTCCTCAGGCTGAA,4.357283243602864
26730,0.029637697611475125,16__mutated,PertCortex_16_AGCTCCTGTATCACCA,4.075545790189446
26731,0.20468139226583298,16__mutated,PertCortex_16_AGCTCCTGTATTCTCT,2.443557297396651
26732,0.11437862530976305,16__mutated,PertCortex_16_AGCTCCTGTGCGAAAC,4.146153232102148
26733,0.30546173108542657,16__mutated,PertCortex_16_AGCTCCTGTTCGCGAC,3.804772897168691
26734,0.26768127762153526,16__mutated,PertCortex_16_AGCTCCTTCATGTAGC,2.580115665091802
26735,0.39741419200137906,16__mutated,PertCortex_16_AGCTCTCCACGGACAA,2.4781796780110636
26736,0.5820476896298157,16__mutated,PertCortex_16_AGCTCTCGTGCAGACA,1.5483959915674819
26737,0.20271860694871366,16__mutated,PertCortex_16_AGCTTGAAGAGTTGGC,3.682143946806583
26738,0.30451411635137376,16__mutated,PertCortex_16_AGCTTGACACATTAGC,3.0180355283290425
26739,0.1813615080909513,16__mutated,PertCortex_16_AGCTTGACATTCCTCG,4.713363744735971
26740,0.22991182108795305,16__mutated,PertCortex_16_AGGCCACAGATGGCGT,4.423000877876968
26741,0.5480620840654867,16__mutated,PertCortex_16_AGGCCACAGCCCTAAT,2.210345702104045
26742,0.11900509610165294,16__mutated,PertCortex_16_AGGCCACCAGACACTT,2.4979865090077813
26743,0.4969432509668393,16__mutated,PertCortex_16_AGGCCACCATCACGAT,1.8156808071351789
26744,0.15651344552794963,16__mutated,PertCortex_16_AGGCCACCATTCTCAT,5.109328382603328
26745,0.14837782005140734,16__mutated,PertCortex_16_AGGCCACGTCTAAACC,4.181825988759426
26746,0.10453247165197233,16__mutated,PertCortex_16_AGGCCACGTCTGATCA,3.977006501541474
26747,0.24624042474317837,16__mutated,PertCortex_16_AGGCCACTCATGTCCC,4.0522240415673085
26748,0.14697288021670082,16__mutated,PertCortex_16_AGGCCACTCGCGCCAA,4.175162255548128
26749,0.06883592267800487,16__mutated,PertCortex_16_AGGCCACTCTGCCAGG,4.063119838392789
26750,0.32360148436350555,16__mutated,PertCortex_16_AGGCCGTAGGCCCTCA,2.292416034963279
26751,0.12143109097356555,16__mutated,PertCortex_16_AGGCCGTAGTGAAGAG,2.952518659966716
26752,0.035551636756078246,16__mutated,PertCortex_16_AGGCCGTCACGACGAA,4.27725598542794
26753,0.14826482242766617,16__mutated,PertCortex_16_AGGCCGTGTACTTAGC,3.334869353849356
26754,0.1332508356009043,16__mutated,PertCortex_16_AGGCCGTGTCTCATCC,3.735530666154922
26755,0.21724649330699705,16__mutated,PertCortex_16_AGGCCGTGTCTCCACT,3.656912318025542
26756,0.16048060486190252,16__mutated,PertCortex_16_AGGCCGTTCACAAACC,4.344983876401773
26757,0.6707724883359711,16__mutated,PertCortex_16_AGGCCGTTCCTCTAGC,1.7224113661930787
26758,0.28301025583616735,16__mutated,PertCortex_16_AGGGAGTAGATCCCGC,5.242569724127536
26759,0.1469848319372486,16__mutated,PertCortex_16_AGGGAGTAGTCTCGGC,5.113766848786655
26760,0.34931051606976815,16__mutated,PertCortex_16_AGGGAGTGTTCAGACT,3.040457397551366
26761,0.12131788622617293,16__mutated,PertCortex_16_AGGGAGTTCCCGACTT,4.209872898151782
26762,0.418794192868589,16__mutated,PertCortex_16_AGGGAGTTCTTTACGT,2.676844980325824
26763,0.4919869419171009,16__mutated,PertCortex_16_AGGGATGAGACTGTAA,2.6678577757640825
26764,0.10089257821184058,16__mutated,PertCortex_16_AGGGATGAGATAGTCA,4.284083154416802
26765,0.13816286531365154,16__mutated,PertCortex_16_AGGGATGAGGCTCTTA,3.582684718047825
26766,0.11993158960197411,16__mutated,PertCortex_16_AGGGATGAGGGATCTG,5.08568620818743
26767,0.3147766799505797,16__mutated,PertCortex_16_AGGGATGCAGCTGCTG,3.5909685198366557
26768,0.20164842527537102,16__mutated,PertCortex_16_AGGGATGGTTATCACG,4.484389135444083
26769,0.1499414532679677,16__mutated,PertCortex_16_AGGGATGGTTCCATGA,4.135301562099267
26770,0.11022811390584089,16__mutated,PertCortex_16_AGGGATGGTTGCGCAC,4.14116645396051
26771,0.4740165577583278,16__mutated,PertCortex_16_AGGGATGTCTGCGTAA,2.9558950165230318
26772,0.44123390736513013,16__mutated,PertCortex_16_AGGGATGTCTGGTTCC,2.8694568359559494
26773,0.04578152005764629,16__mutated,PertCortex_16_AGGGTGAAGAGACTAT,3.908619538648809
26774,0.16559567967145905,16__mutated,PertCortex_16_AGGGTGAAGTGGCACA,3.341355057967361
26775,0.09318136919690269,16__mutated,PertCortex_16_AGGGTGACACGGATAG,4.22716795048659
26776,0.1480872319291766,16__mutated,PertCortex_16_AGGGTGACATTCGACA,2.329051691479254
26777,0.4827878547926587,16__mutated,PertCortex_16_AGGGTGACATTTGCTT,2.8408103923068055
26778,0.668325804561374,16__mutated,PertCortex_16_AGGGTGAGTATGAATG,1.8537615416730013
26779,0.08007357383404305,16__mutated,PertCortex_16_AGGGTGAGTGCTGTAT,4.281207909783764
26780,0.18488123459153993,16__mutated,PertCortex_16_AGGGTGAGTTCTCATT,4.6568325589237896
26781,0.23489381980960836,16__mutated,PertCortex_16_AGGGTGATCAGTGTTG,4.678304037429963
26782,0.07301847752267603,16__mutated,PertCortex_16_AGGGTGATCCAAGTAC,4.56726799826138
26783,0.22222274742736933,16__mutated,PertCortex_16_AGGGTGATCTTCAACT,3.0879079946373196
26784,0.15484019952872138,16__mutated,PertCortex_16_AGGTCATAGGAGTTTA,3.4574122696678096
26785,0.2669367212595367,16__mutated,PertCortex_16_AGGTCATCATCGATGT,3.6794233845586595
26786,0.06293051663154306,16__mutated,PertCortex_16_AGGTCATCATTACCTT,4.150193244271692
26787,0.18940703526240532,16__mutated,PertCortex_16_AGGTCATTCCGATATG,3.576237542487372
26788,0.18503387259331128,16__mutated,PertCortex_16_AGGTCATTCCGTTGCT,3.414956834227145
26789,0.0854009757066989,16__mutated,PertCortex_16_AGGTCATTCGGTGTCG,3.552283646661908
26790,0.07414441346002226,16__mutated,PertCortex_16_AGGTCATTCTGTTGAG,4.265753094864841
26791,0.1301714806915674,16__mutated,PertCortex_16_AGGTCCGAGAAACGCC,3.2932820705026917
26792,0.5040697908725507,16__mutated,PertCortex_16_AGGTCCGCAAGTTGTC,3.134452907868726
26793,0.03908492356485332,16__mutated,PertCortex_16_AGGTCCGGTGATGATA,3.40250645490647
26794,0.11402274577470488,16__mutated,PertCortex_16_AGGTCCGGTTCAGTAC,4.224277967432313
26795,0.13014764059903805,16__mutated,PertCortex_16_AGGTCCGGTTTGTTTC,3.583607485664599
26796,0.06877305100414127,16__mutated,PertCortex_16_AGGTCCGTCCGAACGC,3.203995989392984
26797,0.12463938941136289,16__mutated,PertCortex_16_AGTAGTCAGTCCATAC,1.5394091751190293
26798,0.5592236217937835,16__mutated,PertCortex_16_AGTAGTCCAAGCCTAT,2.407355483755892
26799,0.24309517743044334,16__mutated,PertCortex_16_AGTAGTCCAATGGTCT,4.635510744686009
26800,0.08213722574981368,16__mutated,PertCortex_16_AGTAGTCTCGGCTTGG,4.334001128648278
26801,0.2136973597982392,16__mutated,PertCortex_16_AGTCTTTAGAATTCCC,3.401123048104005
26802,0.16616455744298683,16__mutated,PertCortex_16_AGTCTTTCACAGAGGT,4.83318733088365
26803,0.1542523771385031,16__mutated,PertCortex_16_AGTCTTTCAGGCTCAC,3.4827422923699323
26804,0.15472193279617508,16__mutated,PertCortex_16_AGTCTTTGTAAACGCG,2.547099655217397
26805,0.5838642736051958,16__mutated,PertCortex_16_AGTCTTTGTCAGGACA,2.2346515541841816
26806,0.5358206050458809,16__mutated,PertCortex_16_AGTCTTTTCACGCGGT,2.5203722156075417
26807,0.18347667335740916,16__mutated,PertCortex_16_AGTGAGGAGCGCCTCA,3.8964482291915856
26808,0.4569210466146035,16__mutated,PertCortex_16_AGTGAGGAGGATATAC,2.8807275567851476
26809,0.12131201335263907,16__mutated,PertCortex_16_AGTGAGGCAACGATGG,3.2438416573730584
26810,0.25490291731066794,16__mutated,PertCortex_16_AGTGAGGCATCCCACT,4.368933485680722
26811,0.12966044183478329,16__mutated,PertCortex_16_AGTGAGGGTCATGCAT,3.879018264491027
26812,0.09325593278771956,16__mutated,PertCortex_16_AGTGAGGGTCTAGGTT,5.1109496440082225
26813,0.30302955384915503,16__mutated,PertCortex_16_AGTGAGGTCCACTGGG,2.652908495902132
26814,0.13156450327042904,16__mutated,PertCortex_16_AGTGGGAAGATGTTAG,4.482712909822779
26815,0.5784311831024737,16__mutated,PertCortex_16_AGTGGGAAGCTGGAAC,2.557227045208267
26816,0.14128772039009044,16__mutated,PertCortex_16_AGTGGGAAGGTTCCTA,2.9007906659019516
26817,0.22306305156378195,16__mutated,PertCortex_16_AGTGGGAGTAAACGCG,2.8618823126176194
26818,0.21615088440229593,16__mutated,PertCortex_16_AGTGGGATCTGATTCT,3.66176446225823
26819,0.06909782384346651,16__mutated,PertCortex_16_AGTGTCAAGCGCCTTG,3.5793370331555385
26820,0.09896687902954243,16__mutated,PertCortex_16_AGTGTCAAGTGAATTG,4.405981763974569
26821,0.1919297822043145,16__mutated,PertCortex_16_AGTGTCACAAGCCATT,4.506257545932941
26822,0.5046645420288529,16__mutated,PertCortex_16_AGTGTCACAAGGACTG,1.8006339238819473
26823,0.47573501080291375,16__mutated,PertCortex_16_AGTGTCAGTAGAGGAA,2.3992469494559603
26824,0.14075228436802334,16__mutated,PertCortex_16_AGTGTCAGTCAGTGGA,3.027478911342872
26825,0.43036269784416925,16__mutated,PertCortex_16_AGTGTCAGTCCGTGAC,2.2952360600736785
26826,0.17296165943322733,16__mutated,PertCortex_16_AGTGTCAGTCTACCTC,2.75793268946048
26827,0.16013207851713124,16__mutated,PertCortex_16_AGTGTCAGTTGCCTCT,3.6967530332515173
26828,0.3062152612015056,16__mutated,PertCortex_16_AGTGTCATCTCTAGGA,3.4654797815795324
26829,0.18170544242455708,16__mutated,PertCortex_16_AGTTGGTCACGACGAA,2.999505985689414
26830,0.16174102648575162,16__mutated,PertCortex_16_AGTTGGTCATCACCCT,3.325394224234287
26831,0.2050472848457247,16__mutated,PertCortex_16_AGTTGGTGTACAGTTC,3.0163281871724736
26832,0.0873910040978277,16__mutated,PertCortex_16_AGTTGGTGTCTAAACC,4.658679247259015
26833,0.21013831200480781,16__mutated,PertCortex_16_AGTTGGTGTTAGATGA,4.374808363716034
26834,0.10018303303995794,16__mutated,PertCortex_16_ATAACGCAGCACCGTC,4.482794638785989
26835,0.21603419687430736,16__mutated,PertCortex_16_ATAACGCAGGAATGGA,3.136655577000205
26836,0.15404305206135602,16__mutated,PertCortex_16_ATAACGCAGTCATCCA,2.941313969155486
26837,0.3162866789252299,16__mutated,PertCortex_16_ATAACGCCAAATACAG,3.3687683603563356
26838,0.2618091396955327,16__mutated,PertCortex_16_ATAACGCCAGATCCAT,4.48425093630482
26839,0.05292405500967523,16__mutated,PertCortex_16_ATAACGCCAGCCACCA,3.810417804656016
26840,0.3358100462093142,16__mutated,PertCortex_16_ATAACGCCAGCTGTTA,4.355841337386194
26841,0.04870069858670577,16__mutated,PertCortex_16_ATAACGCGTAAGTTCC,3.7765741937254362
26842,0.5829607829795806,16__mutated,PertCortex_16_ATAACGCGTACGAAAT,2.0175716488402395
26843,0.19795218609314397,16__mutated,PertCortex_16_ATAACGCGTCTCTCTG,4.569801105372289
26844,0.2625089861947155,16__mutated,PertCortex_16_ATAACGCGTTACCGAT,2.9196514220426315
26845,0.1797708544690641,16__mutated,PertCortex_16_ATAACGCTCGACCAGC,3.399601690639136
26846,0.14254397681316697,16__mutated,PertCortex_16_ATAAGAGCATTTGCTT,4.2067505850484865
26847,0.10936115227876202,16__mutated,PertCortex_16_ATAGACCAGACAATAC,4.643845191696191
26848,0.2074535743244637,16__mutated,PertCortex_16_ATAGACCAGCAGGCTA,3.4842460637750357
26849,0.21839025826409952,16__mutated,PertCortex_16_ATAGACCCACGTCAGC,3.6501752285452396
26850,0.23082762374480942,16__mutated,PertCortex_16_ATAGACCGTCTGGAGA,3.5305979909354344
26851,0.23671127456699853,16__mutated,PertCortex_16_ATAGACCGTTCTCATT,2.765196325687225
26852,0.07022987896528655,16__mutated,PertCortex_16_ATCACGAGTGCGCTTG,4.096767030162758
26853,0.06566591045526285,16__mutated,PertCortex_16_ATCACGAGTTGGGACA,4.8862454025263125
26854,0.052885443337261306,16__mutated,PertCortex_16_ATCACGATCACCTCGT,4.195272659234796
26855,0.1979968045414084,16__mutated,PertCortex_16_ATCACGATCCCAAGTA,2.4179234606261515
26856,0.13600554631777298,16__mutated,PertCortex_16_ATCATCTAGAAGGACA,4.434438178894203
26857,0.13264989906315308,16__mutated,PertCortex_16_ATCATCTAGATGAGAG,3.29791299756297
26858,0.0878102979967576,16__mutated,PertCortex_16_ATCATCTCAAGGACTG,4.695210729132894
26859,0.33737170694154833,16__mutated,PertCortex_16_ATCATCTCAATGTAAG,4.284880518858458
26860,0.5123524624031587,16__mutated,PertCortex_16_ATCATCTGTAAGGATT,2.146870210472889
26861,0.15273930502322453,16__mutated,PertCortex_16_ATCATCTTCAGTCCCT,3.5583416307154314
26862,0.13677962838150176,16__mutated,PertCortex_16_ATCATCTTCTAACCGA,4.386184284112074
26863,0.12422400433693552,16__mutated,PertCortex_16_ATCATGGCATGCCACG,4.8196324894252625
26864,0.16569076784652662,16__mutated,PertCortex_16_ATCATGGGTAGATTAG,3.5544113550734386
26865,0.1593536197363985,16__mutated,PertCortex_16_ATCATGGGTCGGATCC,3.259073497360464
26866,0.08436775962363488,16__mutated,PertCortex_16_ATCATGGTCGCATGGC,4.369552358049079
26867,0.39935668234004035,16__mutated,PertCortex_16_ATCATGGTCTAACGGT,2.095639488231351
26868,0.3122516039612534,16__mutated,PertCortex_16_ATCCACCAGAGTGACC,3.855578918513451
26869,0.25970355412690543,16__mutated,PertCortex_16_ATCCACCAGTTAGGTA,3.4641661102961896
26870,0.14916935393484138,16__mutated,PertCortex_16_ATCCACCCACAGCGTC,3.7164770259852684
26871,0.29097270103523376,16__mutated,PertCortex_16_ATCCACCGTTAAAGTG,2.0141875249859216
26872,0.15147071627687764,16__mutated,PertCortex_16_ATCCACCTCTGAGGGA,4.675090411971521
26873,0.2281665042172499,16__mutated,PertCortex_16_ATCCGAAAGCAGCCTC,2.5000397434434074
26874,0.13439989457917662,16__mutated,PertCortex_16_ATCCGAACACGGCGTT,4.069667644031814
26875,0.401729301480223,16__mutated,PertCortex_16_ATCCGAAGTACAAGTA,2.1664434708758584
26876,0.18612130538339208,16__mutated,PertCortex_16_ATCCGAAGTTTACTCT,4.463975671367778
26877,0.17274893157646826,16__mutated,PertCortex_16_ATCCGAATCAGGCAAG,3.2136174395749952
26878,0.04045086946969926,16__mutated,PertCortex_16_ATCCGAATCGCAGGCT,4.227208396333387
26879,0.04883695540905744,16__mutated,PertCortex_16_ATCCGAATCGGATGGA,3.766509987984134
26880,0.18219082585989213,16__mutated,PertCortex_16_ATCGAGTAGAGGTTAT,3.511269356443603
26881,0.4184415155196526,16__mutated,PertCortex_16_ATCGAGTAGGACTGGT,2.670232692749107
26882,0.28372573233135884,16__mutated,PertCortex_16_ATCGAGTAGTCTCGGC,3.7293266950641746
26883,0.22005466501239862,16__mutated,PertCortex_16_ATCGAGTGTACTCTCC,4.792445571118271
26884,0.5200036711128018,16__mutated,PertCortex_16_ATCGAGTGTCAAAGCG,1.904850703619206
26885,0.21270812134035633,16__mutated,PertCortex_16_ATCGAGTGTCGAATCT,3.678838201549646
26886,0.3678399168802622,16__mutated,PertCortex_16_ATCGAGTTCCGAATGT,3.208721853525252
26887,0.13321446669441858,16__mutated,PertCortex_16_ATCTACTAGATATACG,4.393612981039115
26888,0.22495281912481835,16__mutated,PertCortex_16_ATCTACTCAAACCTAC,3.789025496191737
26889,0.040344820457314245,16__mutated,PertCortex_16_ATCTACTCAATAGCAA,4.593166346079639
26890,0.11342682193032184,16__mutated,PertCortex_16_ATCTACTGTACGCACC,3.2673727977568077
26891,0.5489582863736764,16__mutated,PertCortex_16_ATCTACTGTCAGAAGC,1.7486045102563217
26892,0.4239423707114976,16__mutated,PertCortex_16_ATCTACTGTGCCTGTG,2.344418454855621
26893,0.15764076754582462,16__mutated,PertCortex_16_ATCTACTTCCACGCAG,4.000933532539243
26894,0.13501199463565888,16__mutated,PertCortex_16_ATCTGCCAGAATCTCC,5.340582927794852
26895,0.09429511225035189,16__mutated,PertCortex_16_ATCTGCCAGACTAAGT,4.666467458788693
26896,0.6203788335856345,16__mutated,PertCortex_16_ATCTGCCCACACGCTG,2.2152479539216294
26897,0.10029671335941935,16__mutated,PertCortex_16_ATCTGCCCATGCTGGC,4.250913213398143
26898,0.22209172298005905,16__mutated,PertCortex_16_ATCTGCCGTCCGACGT,2.4618183842938572
26899,0.19840314923941976,16__mutated,PertCortex_16_ATCTGCCTCAAGGTAA,3.0595105157976197
26900,0.11747960777669088,16__mutated,PertCortex_16_ATCTGCCTCACTCTTA,4.598103369562113
26901,0.09601113792636394,16__mutated,PertCortex_16_ATCTGCCTCGGCATCG,5.562983353765574
26902,0.5183105982412596,16__mutated,PertCortex_16_ATCTGCCTCTCAAACG,2.2035098674879854
26903,0.25386330446429756,16__mutated,PertCortex_16_ATCTGCCTCTTATCTG,4.4155997736787045
26904,0.10630718171858718,16__mutated,PertCortex_16_ATGAGGGAGACCACGA,4.30660884244998
26905,0.29515112043757025,16__mutated,PertCortex_16_ATGAGGGCAAGTTAAG,3.8637120307119157
26906,0.45712780365503003,16__mutated,PertCortex_16_ATGAGGGCAATACGCT,2.0171664750963094
26907,0.06799288876109932,16__mutated,PertCortex_16_ATGCGATAGTACGTTC,3.6056002260233573
26908,0.027817183418484864,16__mutated,PertCortex_16_ATGCGATCAAGACACG,4.424352405352679
26909,0.1103315791690377,16__mutated,PertCortex_16_ATGCGATCATCTATGG,3.8912080998345115
26910,0.09125457338414726,16__mutated,PertCortex_16_ATGCGATGTCAAGCGA,3.7100547287876013
26911,0.24860990307797382,16__mutated,PertCortex_16_ATGCGATGTCATCGGC,3.824622020549276
26912,0.19660952202365056,16__mutated,PertCortex_16_ATGCGATGTTGGAGGT,3.744864509283585
26913,0.062030670289292204,16__mutated,PertCortex_16_ATGCGATGTTGGTGGA,3.272333268890835
26914,0.13592980703284788,16__mutated,PertCortex_16_ATGGGAGAGAATTCCC,4.302768665280544
26915,0.21084773899364945,16__mutated,PertCortex_16_ATGGGAGAGATGCCAG,3.7241496443748825
26916,0.1351134355459108,16__mutated,PertCortex_16_ATGGGAGGTTGGTTTG,3.9659083746230834
26917,0.2252409126361961,16__mutated,PertCortex_16_ATGGGAGTCGCATGGC,3.16983656629748
26918,0.05810638199710235,16__mutated,PertCortex_16_ATGGGAGTCGGCGCTA,4.337774877823131
26919,0.1420145976840846,16__mutated,PertCortex_16_ATGTGTGAGCACACAG,4.04085011329043
26920,0.1360992218807125,16__mutated,PertCortex_16_ATGTGTGCAAATACAG,4.58548565524564
26921,0.20591592391116273,16__mutated,PertCortex_16_ATGTGTGCACCGATAT,3.4877461755293337
26922,0.11526172427688307,16__mutated,PertCortex_16_ATGTGTGGTAGGAGTC,3.4891324473013565
26923,0.34050317016547427,16__mutated,PertCortex_16_ATGTGTGGTCAGAGGT,4.209129990195277
26924,0.3177014840867988,16__mutated,PertCortex_16_ATGTGTGGTCCCTTGT,1.717314044684411
26925,0.5447462865920036,16__mutated,PertCortex_16_ATGTGTGGTGTATGGG,2.5266279677299472
26926,0.044570726620328766,16__mutated,PertCortex_16_ATGTGTGTCCGAGCCA,4.013391920562467
26927,0.19848616840867225,16__mutated,PertCortex_16_ATGTGTGTCCTCAACC,5.0682284150412835
26928,0.5324645461365041,16__mutated,PertCortex_16_ATGTGTGTCGCCAAAT,2.2066244770664802
26929,0.1285265052373178,16__mutated,PertCortex_16_ATGTGTGTCTAAGCCA,3.415152736331206
26930,0.09158399397938,16__mutated,PertCortex_16_ATTACTCCACAACTGT,3.796384014396257
26931,0.19095295507601906,16__mutated,PertCortex_16_ATTACTCGTACAAGTA,3.2165568017716395
26932,0.3938341695666282,16__mutated,PertCortex_16_ATTACTCGTACCAGTT,2.38436559488508
26933,0.7103226474223782,16__mutated,PertCortex_16_ATTACTCGTTAAAGAC,1.678856717287193
26934,0.6262148916521493,16__mutated,PertCortex_16_ATTACTCGTTGACGTT,2.120092431434746
26935,0.6017136281092399,16__mutated,PertCortex_16_ATTACTCTCACCCGAG,2.2588173175994144
26936,0.10885765796215065,16__mutated,PertCortex_16_ATTATCCAGAGTCGGT,4.156726360998242
26937,0.4337353609137882,16__mutated,PertCortex_16_ATTATCCAGGTCGGAT,2.219160101341138
26938,0.12470553169646044,16__mutated,PertCortex_16_ATTATCCCAGATAATG,2.2316364477432105
26939,0.17323304556402042,16__mutated,PertCortex_16_ATTATCCCATTCCTCG,3.2208925763069085
26940,0.17807955807824757,16__mutated,PertCortex_16_ATTATCCGTAAGTGTA,3.178713047744944
26941,0.05168921793433308,16__mutated,PertCortex_16_ATTATCCGTCGGGTCT,3.3378693206389936
26942,0.5409628679270151,16__mutated,PertCortex_16_ATTATCCTCCCAAGAT,1.936745562792655
26943,0.12271529366885706,16__mutated,PertCortex_16_ATTATCCTCCTGTACC,4.3985739402940105
26944,0.0775499990372777,16__mutated,PertCortex_16_ATTATCCTCTTGGGTA,4.102057613021279
26945,0.2569374297270003,16__mutated,PertCortex_16_ATTCTACAGAAGGGTA,2.884702446025738
26946,0.06168079794572265,16__mutated,PertCortex_16_ATTCTACAGGTACTCT,4.5600656431352835
26947,0.20879764719199306,16__mutated,PertCortex_16_ATTCTACAGTCCATAC,5.148288744015232
26948,0.2165854870121959,16__mutated,PertCortex_16_ATTCTACCAAAGAATC,3.9516722444653225
26949,0.11937613794932583,16__mutated,PertCortex_16_ATTCTACGTGTTGGGA,3.6990033390013446
26950,0.18160269244143706,16__mutated,PertCortex_16_ATTCTACTCCAAGTAC,3.3257762667056867
26951,0.5353945107918348,16__mutated,PertCortex_16_ATTCTACTCGGTGTTA,2.190290117170498
26952,0.4622193827029709,16__mutated,PertCortex_16_ATTGGACCACCAGGTC,3.042346593058366
26953,0.15503972534371077,16__mutated,PertCortex_16_ATTGGACGTCGAATCT,3.8888205946570773
26954,0.08842898518188635,16__mutated,PertCortex_16_ATTGGACTCGGCGCAT,3.090391195610976
26955,0.07768492839282352,16__mutated,PertCortex_16_ATTGGTGCATGGTAGG,3.520635394158795
26956,0.12370056842237541,16__mutated,PertCortex_16_ATTGGTGGTCTAGCGC,4.590669494472011
26957,0.17433331334112245,16__mutated,PertCortex_16_ATTGGTGGTGTCGCTG,2.982718311292734
26958,0.11358765110679607,16__mutated,PertCortex_16_ATTGGTGTCACGAAGG,3.286193927724989
26959,0.25277172637751505,16__mutated,PertCortex_16_ATTGGTGTCAGCTTAG,4.2636848148358855
26960,0.15380946037327387,16__mutated,PertCortex_16_ATTGGTGTCTGGAGCC,4.607476690840097
26961,0.35997618192000674,16__mutated,PertCortex_16_ATTTCTGAGAATTGTG,3.483230597372437
26962,0.6449661185600629,16__mutated,PertCortex_16_ATTTCTGAGATCGATA,1.8629973829562387
26963,0.1335936087688366,16__mutated,PertCortex_16_ATTTCTGAGTTTGCGT,3.814493350465702
26964,0.07962458690630772,16__mutated,PertCortex_16_ATTTCTGCAGGTTTCA,4.093783682625419
26965,0.15193022027243977,16__mutated,PertCortex_16_ATTTCTGGTATAATGG,4.5329290519684875
26966,0.5864091638835154,16__mutated,PertCortex_16_ATTTCTGGTCTAAAGA,1.9661987563720627
26967,0.12173498441345236,16__mutated,PertCortex_16_ATTTCTGTCAACACTG,4.353960215354067
26968,0.09419182881288074,16__mutated,PertCortex_16_ATTTCTGTCTGAGTGT,3.5030246095179844
26969,0.41377426016196145,16__mutated,PertCortex_16_CAACCAAAGCCAGTAG,2.3744727574915094
26970,0.5577800818372214,16__mutated,PertCortex_16_CAACCAACACGTGAGA,2.3100573034793643
26971,0.2675498374921489,16__mutated,PertCortex_16_CAACCAACATTGGTAC,4.078000430058938
26972,0.16246678920844457,16__mutated,PertCortex_16_CAACCAATCTGACCTC,5.26247927904901
26973,0.31469818827569396,16__mutated,PertCortex_16_CAACCTCAGTCACGCC,2.2465131305981423
26974,0.5073044521525969,16__mutated,PertCortex_16_CAACCTCGTCTCACCT,2.635848431174657
26975,0.5288397376932042,16__mutated,PertCortex_16_CAACCTCTCACAGGCC,2.3463935493626145
26976,0.13553288417134524,16__mutated,PertCortex_16_CAACTAGAGTAGGCCA,5.613747655028982
26977,0.1393854008454172,16__mutated,PertCortex_16_CAACTAGAGTATCGAA,3.836352954378932
26978,0.13577684063391648,16__mutated,PertCortex_16_CAACTAGCACACAGAG,4.735000057553121
26979,0.5095758007693163,16__mutated,PertCortex_16_CAACTAGCACGTCTCT,2.178950232301507
26980,0.19626461298684178,16__mutated,PertCortex_16_CAACTAGTCAATAAGG,4.414694928306027
26981,0.11748486537337514,16__mutated,PertCortex_16_CAACTAGTCATCATTC,5.257753488105214
26982,0.20766724131948325,16__mutated,PertCortex_16_CAAGAAAAGACTTTCG,5.029383173339008
26983,0.24899044335921292,16__mutated,PertCortex_16_CAAGAAAAGCCACCTG,4.907866619990561
26984,0.05782136352335532,16__mutated,PertCortex_16_CAAGAAACACGAAATA,4.190366464483
26985,0.22537064708486415,16__mutated,PertCortex_16_CAAGAAACACTCTGTC,2.509315768471808
26986,0.08764466653677905,16__mutated,PertCortex_16_CAAGAAACAGTAACGG,3.858847924675826
26987,0.529761539035817,16__mutated,PertCortex_16_CAAGAAAGTCTTCTCG,2.726323212479432
26988,0.20347072492625298,16__mutated,PertCortex_16_CAAGATCCAGTCACTA,2.9977287724672097
26989,0.13265606999143706,16__mutated,PertCortex_16_CAAGATCGTAGTAGTA,3.83588982853664
26990,0.13331187177820658,16__mutated,PertCortex_16_CAAGATCGTGCAGACA,1.7167402246557921
26991,0.18980578965730424,16__mutated,PertCortex_16_CAAGATCTCAAACCAC,4.52177738070395
26992,0.20154795394307437,16__mutated,PertCortex_16_CAAGATCTCATCGGAT,3.3437782459535885
26993,0.34749863503726786,16__mutated,PertCortex_16_CAAGATCTCCATGAGT,2.3493507284961677
26994,0.11143701552769028,16__mutated,PertCortex_16_CAAGATCTCTTTACGT,4.148248121304857
26995,0.2998945432571247,16__mutated,PertCortex_16_CAAGGCCAGTTGTCGT,2.100507430552745
26996,0.0922502457653085,16__mutated,PertCortex_16_CAAGGCCCACAACTGT,3.4066208902604647
26997,0.15791800914110837,16__mutated,PertCortex_16_CAAGGCCGTATTACCG,2.673522735696631
26998,0.13657427011242776,16__mutated,PertCortex_16_CAAGGCCGTCGACTAT,2.9443641470086
26999,0.13765639848301903,16__mutated,PertCortex_16_CAAGGCCGTCGACTGC,3.9568802282987194
27000,0.21487805691857137,16__mutated,PertCortex_16_CAAGGCCTCGACGGAA,2.441784070917691
27001,0.14866375050762898,16__mutated,PertCortex_16_CAAGTTGAGATATACG,4.394387029409476
27002,0.16647199738292864,16__mutated,PertCortex_16_CAAGTTGAGCAATATG,3.393288633521708
27003,0.24903654732125494,16__mutated,PertCortex_16_CAAGTTGCACTTAAGC,3.340160847572999
27004,0.03569867465650874,16__mutated,PertCortex_16_CAAGTTGCACTTACGA,4.42756038687932
27005,0.6988047208370919,16__mutated,PertCortex_16_CAAGTTGCAGCATGAG,1.582821025026417
27006,0.3146069338191531,16__mutated,PertCortex_16_CAAGTTGGTCGATTGT,2.0588690081192493
27007,0.10204425157013416,16__mutated,PertCortex_16_CAAGTTGGTCTAACGT,3.868032940121343
27008,0.09248069402681701,16__mutated,PertCortex_16_CAAGTTGGTTCCGTCT,3.882858771247924
27009,0.4531004115392284,16__mutated,PertCortex_16_CAAGTTGTCAGAAATG,2.3894825893028497
27010,0.5848604067478863,16__mutated,PertCortex_16_CAAGTTGTCAGCAACT,2.0574990749063518
27011,0.2106974439043164,16__mutated,PertCortex_16_CAAGTTGTCCATGCTC,3.0502283716953507
27012,0.4390666146209033,16__mutated,PertCortex_16_CAAGTTGTCCGATATG,3.080505901449278
27013,0.2579203157112965,16__mutated,PertCortex_16_CACAAACAGAAGCCCA,3.0766272178910414
27014,0.11657222671302735,16__mutated,PertCortex_16_CACAAACAGTCCAGGA,4.298267724926016
27015,0.16984867628932085,16__mutated,PertCortex_16_CACAAACCACAGCCCA,3.511795300941849
27016,0.5631596454361892,16__mutated,PertCortex_16_CACAAACGTACTCGCG,2.3375440723438343
27017,0.7115843030356123,16__mutated,PertCortex_16_CACAAACGTGGACGAT,1.4784253665640354
27018,0.31713457856429733,16__mutated,PertCortex_16_CACAAACGTTACGCGC,3.886156866944288
27019,0.292929574533562,16__mutated,PertCortex_16_CACAAACTCAGTCCCT,3.7951193376764807
27020,0.25048481541638584,16__mutated,PertCortex_16_CACAAACTCCAAGCCG,3.3736449104073376
27021,0.09002037145953379,16__mutated,PertCortex_16_CACAAACTCCAATGGT,3.6476992806068256
27022,0.19723777182020935,16__mutated,PertCortex_16_CACAAACTCTGTTGAG,3.500618783399216
27023,0.14007272343838584,16__mutated,PertCortex_16_CACACAACACATCCAA,3.3156261573132633
27024,0.22390337839902522,16__mutated,PertCortex_16_CACACAAGTTTACTCT,3.172274723719995
27025,0.17081817219303913,16__mutated,PertCortex_16_CACACAATCTCTGCTG,4.322176351121684
27026,0.11166320607867924,16__mutated,PertCortex_16_CACACCTCAGACAAAT,2.257254144039907
27027,0.18102261138707254,16__mutated,PertCortex_16_CACACCTCAGATCGGA,3.697833351852639
27028,0.109737259599387,16__mutated,PertCortex_16_CACACCTCAGTATAAG,4.531838670117608
27029,0.18406570465449035,16__mutated,PertCortex_16_CACACCTTCGTCTGCT,3.1074919040026194
27030,0.2974938382118185,16__mutated,PertCortex_16_CACACTCAGAGATGAG,3.1746659379458024
27031,0.2783342279587004,16__mutated,PertCortex_16_CACACTCAGAGCCCAA,1.989712621664502
27032,0.23433386673510748,16__mutated,PertCortex_16_CACACTCCAGTCTTCC,3.5201895111511807
27033,0.156737059778516,16__mutated,PertCortex_16_CACACTCGTCTAGCCG,4.110480447423428
27034,0.05530193267859952,16__mutated,PertCortex_16_CACAGGCAGGGTTCCC,5.018124816508136
27035,0.4682910723773814,16__mutated,PertCortex_16_CACAGGCCAGCATACT,3.3372171762231417
27036,0.25346311039237884,16__mutated,PertCortex_16_CACAGGCGTTGAGTTC,3.409566715361205
27037,0.15379120315385214,16__mutated,PertCortex_16_CACAGTAAGATCCCGC,5.311345515331996
27038,0.09104395004807068,16__mutated,PertCortex_16_CACAGTAAGCACACAG,5.544004446782362
27039,0.1440222249554465,16__mutated,PertCortex_16_CACAGTAAGCTGGAAC,4.574580208431779
27040,0.11572729699065272,16__mutated,PertCortex_16_CACAGTAAGTCGTACT,4.355385700258847
27041,0.15285094548932088,16__mutated,PertCortex_16_CACAGTACAGCTGTTA,5.955795165295624
27042,0.13694287913821956,16__mutated,PertCortex_16_CACAGTAGTACCGGCT,4.039401771945354
27043,0.1375587484988669,16__mutated,PertCortex_16_CACAGTAGTGTGAAAT,4.090319110709059
27044,0.2056663973849787,16__mutated,PertCortex_16_CACAGTATCTCTTATG,5.030033021778625
27045,0.49863853057693464,16__mutated,PertCortex_16_CACATAGAGGGCACTA,3.404794325044988
27046,0.26817014351954854,16__mutated,PertCortex_16_CACATAGGTAGAGGAA,3.4601033456365387
27047,0.10656710748960356,16__mutated,PertCortex_16_CACATAGTCCAACCAA,3.9140639036831475
27048,0.09318762253305642,16__mutated,PertCortex_16_CACATAGTCGATCCCT,3.200214388691581
27049,0.05798407686768451,16__mutated,PertCortex_16_CACATAGTCTTATCTG,4.212432013772631
27050,0.172331229007995,16__mutated,PertCortex_16_CACATTTAGAACTCGG,4.902798627496077
27051,0.1326006477979901,16__mutated,PertCortex_16_CACATTTAGCGATATA,4.7565699531635435
27052,0.18457084071970956,16__mutated,PertCortex_16_CACATTTAGTGCTGCC,2.539115057109109
27053,0.26994613898418773,16__mutated,PertCortex_16_CACATTTCAGCATACT,2.5771398947290094
27054,0.3343807587962663,16__mutated,PertCortex_16_CACATTTGTCTCATCC,2.241872563704517
27055,0.0805873369335442,16__mutated,PertCortex_16_CACCACTAGTCTCGGC,4.474186287767925
27056,0.434505948737721,16__mutated,PertCortex_16_CACCACTCACCGAAAG,2.078080650159071
27057,0.21688400565878455,16__mutated,PertCortex_16_CACCACTCATGCCTTC,4.4997814162972505
27058,0.22132077155419483,16__mutated,PertCortex_16_CACCACTGTTAAGAAC,4.858259435718559
27059,0.14908520402465697,16__mutated,PertCortex_16_CACCACTTCTTCGGTC,3.2384614629659096
27060,0.1900575736561756,16__mutated,PertCortex_16_CACCAGGAGAGTAATC,4.31901330745208
27061,0.6891182789614997,16__mutated,PertCortex_16_CACCAGGCAAGCGCTC,1.6709139079070618
27062,0.1319818687662189,16__mutated,PertCortex_16_CACCAGGCACATCCAA,5.489876423742476
27063,0.1789327649351102,16__mutated,PertCortex_16_CACCAGGCAGTCAGAG,4.552656728557098
27064,0.4943750133696941,16__mutated,PertCortex_16_CACCAGGCATAGAAAC,2.079145599685362
27065,0.2548388781317336,16__mutated,PertCortex_16_CACCAGGGTCCAACTA,3.378581354998367
27066,0.16747103802791066,16__mutated,PertCortex_16_CACCAGGTCAGGCCCA,3.2877821244304433
27067,0.12190850431840324,16__mutated,PertCortex_16_CACCAGGTCCTCCTAG,4.037759167110988
27068,0.2647929964794169,16__mutated,PertCortex_16_CACCAGGTCTGCAGTA,1.9405365718878371
27069,0.2145501422541528,16__mutated,PertCortex_16_CACCTTGAGCAACGGT,2.9151457894770227
27070,0.06414807716410327,16__mutated,PertCortex_16_CACCTTGCACTCAGGC,4.422275005268975
27071,0.058601255274955584,16__mutated,PertCortex_16_CACCTTGTCGATCCCT,3.6196035080400906
27072,0.1650965969176139,16__mutated,PertCortex_16_CACTCCAAGACATAAC,4.549325022488052
27073,0.1742597526350111,16__mutated,PertCortex_16_CACTCCAAGCCGGTAA,5.2484392642122915
27074,0.30404906435521484,16__mutated,PertCortex_16_CACTCCAAGGTAGCTG,3.284856406566739
27075,0.19705280773735495,16__mutated,PertCortex_16_CACTCCACAATAGCGG,4.725203696385593
27076,0.1539718449529952,16__mutated,PertCortex_16_CACTCCACAGGTGCCT,2.8720696308602314
27077,0.12372445684137812,16__mutated,PertCortex_16_CACTCCAGTCAGATAA,4.932242215428984
27078,0.08696639787750178,16__mutated,PertCortex_16_CACTCCAGTTACAGAA,4.230636511404102
27079,0.14831346951556454,16__mutated,PertCortex_16_CACTCCATCGCTAGCG,4.655823556630203
27080,0.09110400872540936,16__mutated,PertCortex_16_CACTCCATCTAACGGT,3.5509534909681624
27081,0.09059711794836141,16__mutated,PertCortex_16_CACTCCATCTCCAACC,4.0405720738949285
27082,0.09727154005018901,16__mutated,PertCortex_16_CAGAATCGTGAAAGAG,4.583291620046798
27083,0.09799344050651403,16__mutated,PertCortex_16_CAGAGAGAGTAGATGT,4.513207044797282
27084,0.20516474158694284,16__mutated,PertCortex_16_CAGAGAGCACTTAACG,2.842237534962334
27085,0.20084841640847903,16__mutated,PertCortex_16_CAGAGAGCAGATTGCT,2.8426830936435183
27086,0.17532612101450631,16__mutated,PertCortex_16_CAGAGAGCAGTTCCCT,1.8455549003110314
27087,0.14097166260340158,16__mutated,PertCortex_16_CAGAGAGTCATGCTCC,4.331686072849336
27088,0.6625236388719263,16__mutated,PertCortex_16_CAGAGAGTCTCAACTT,1.799964099939079
27089,0.4735703137593397,16__mutated,PertCortex_16_CAGATCAAGATGAGAG,2.626367033717035
27090,0.144759883469975,16__mutated,PertCortex_16_CAGATCAAGGATGTAT,3.8286164077769906
27091,0.15810380048629932,16__mutated,PertCortex_16_CAGATCACATGGATGG,4.414679447255292
27092,0.0466285768934756,16__mutated,PertCortex_16_CAGATCAGTCACTGGC,3.979336808873966
27093,0.11712869651663167,16__mutated,PertCortex_16_CAGATCAGTCCTGCTT,4.045085178907868
27094,0.08305326650264311,16__mutated,PertCortex_16_CAGATCATCACATAGC,4.127050732805664
27095,0.26692033831022877,16__mutated,PertCortex_16_CAGATCATCAGGCGAA,3.157150305020994
27096,0.06708629539898868,16__mutated,PertCortex_16_CAGATCATCCCTCAGT,3.824114962702059
27097,0.18782352499544766,16__mutated,PertCortex_16_CAGATCATCGAGAGCA,3.0629967401197256
27098,0.2968444751753698,16__mutated,PertCortex_16_CAGATCATCGAGGTAG,3.016366451269236
27099,0.12042127853105253,16__mutated,PertCortex_16_CAGCAGCAGACCGGAT,4.820905340191039
27100,0.12298674155848852,16__mutated,PertCortex_16_CAGCAGCCAAGCGTAG,4.731856052490335
27101,0.16490917546843614,16__mutated,PertCortex_16_CAGCAGCCACGGTGTC,4.556095891834853
27102,0.09393348072531221,16__mutated,PertCortex_16_CAGCAGCTCAAGAAGT,3.945463119157612
27103,0.39439666109168564,16__mutated,PertCortex_16_CAGCAGCTCCCTCTTT,2.935995349676866
27104,0.4392867896226171,16__mutated,PertCortex_16_CAGCAGCTCGATGAGG,3.7883803270839818
27105,0.319842819038476,16__mutated,PertCortex_16_CAGCATAAGACTGGGT,2.4079952924197228
27106,0.10700730167196298,16__mutated,PertCortex_16_CAGCATAAGACTTTCG,4.473368277748392
27107,0.17406535927035582,16__mutated,PertCortex_16_CAGCATATCGTTTGCC,3.001061830959
27108,0.14792982731894838,16__mutated,PertCortex_16_CAGCCGAAGATCTGCT,4.06608095539707
27109,0.17527973564224605,16__mutated,PertCortex_16_CAGCCGAAGCAGCCTC,4.567149105554173
27110,0.13482914631902615,16__mutated,PertCortex_16_CAGCCGACAACACGCC,4.686025751756688
27111,0.5308215184635434,16__mutated,PertCortex_16_CAGCCGAGTATCTGCA,2.4290372280865653
27112,0.08523559993990773,16__mutated,PertCortex_16_CAGCCGAGTTCACCTC,2.8041325594292594
27113,0.2508509395248032,16__mutated,PertCortex_16_CAGCCGATCACTTATC,3.3253558330348665
27114,0.1341736842368492,16__mutated,PertCortex_16_CAGCGACAGACTTGAA,4.0501616494085715
27115,0.141971404234782,16__mutated,PertCortex_16_CAGCGACCACTTGGAT,5.110098038045378
27116,0.11325189005785555,16__mutated,PertCortex_16_CAGCGACGTAGTGAAT,3.5789992967507285
27117,0.05200352925348135,16__mutated,PertCortex_16_CAGCGACGTGATGATA,3.8947700896874853
27118,0.14864670732658175,16__mutated,PertCortex_16_CAGCTAAAGTGTTTGC,1.6934996872560577
27119,0.5899089242247532,16__mutated,PertCortex_16_CAGCTAAGTAGCACGA,2.0588559273594056
27120,0.11408270665452487,16__mutated,PertCortex_16_CAGCTAAGTTGATTGC,4.474373266820401
27121,0.12188363407226795,16__mutated,PertCortex_16_CAGCTGGAGGCGCTCT,4.4368203527924885
27122,0.1139535785368556,16__mutated,PertCortex_16_CAGCTGGAGTAGGCCA,4.614400560709433
27123,0.148088507674149,16__mutated,PertCortex_16_CAGCTGGCATCTACGA,4.26622198372561
27124,0.2941938983943032,16__mutated,PertCortex_16_CAGCTGGGTAGCTCCG,2.1641048953472977
27125,0.13459941824323035,16__mutated,PertCortex_16_CAGCTGGGTCCGAAGA,4.143490055032136
27126,0.1280955276741455,16__mutated,PertCortex_16_CAGCTGGGTGGCCCTA,4.303106378847753
27127,0.16498531214325193,16__mutated,PertCortex_16_CAGCTGGGTTAAGTAG,3.865630034499257
27128,0.3009029493475894,16__mutated,PertCortex_16_CAGCTGGGTTAGTGGG,2.859706146806024
27129,0.46831644389478577,16__mutated,PertCortex_16_CAGCTGGGTTTAGGAA,2.26834681944396
27130,0.48045512103135113,16__mutated,PertCortex_16_CAGGTGCAGTTAAGTG,3.0009416444070243
27131,0.11186764986821263,16__mutated,PertCortex_16_CAGGTGCCAATCTACG,4.348380516523482
27132,0.004230173877040341,16__mutated,PertCortex_16_CAGGTGCGTAGCGTCC,3.788340356752616
27133,0.22942418946338988,16__mutated,PertCortex_16_CAGGTGCGTTCCCTTG,2.9280244009362595
27134,0.19853267141813166,16__mutated,PertCortex_16_CAGGTGCGTTGGACCC,3.1514263436272234
27135,0.14309527302044556,16__mutated,PertCortex_16_CAGTAACAGGACAGCT,2.3609126910011686
27136,0.14268588363608728,16__mutated,PertCortex_16_CAGTAACAGGTACTCT,4.244994396091304
27137,0.3477402446070159,16__mutated,PertCortex_16_CAGTAACAGTCCGTAT,4.7191902933208265
27138,0.11494495170105921,16__mutated,PertCortex_16_CAGTAACCAAGTTAAG,3.333844457977193
27139,0.142826434894286,16__mutated,PertCortex_16_CAGTAACCAGCGTAAG,3.553012434889997
27140,0.3901016504925463,16__mutated,PertCortex_16_CAGTAACGTCAGATAA,2.067390498474924
27141,0.1733370070337506,16__mutated,PertCortex_16_CAGTCCTAGCAGATCG,3.6202106160683933
27142,0.24642507088152724,16__mutated,PertCortex_16_CAGTCCTCATATGAGA,5.149245006338918
27143,0.07811403050803171,16__mutated,PertCortex_16_CAGTCCTCATTGTGCA,4.129920930658804
27144,0.10462472532707467,16__mutated,PertCortex_16_CAGTCCTGTATTCGTG,2.694556566031074
27145,0.19614017127084535,16__mutated,PertCortex_16_CAGTCCTGTGAAATCA,4.535719300491453
27146,0.15518132311154256,16__mutated,PertCortex_16_CAGTCCTTCAGGTTCA,4.20444905870009
27147,0.11409012915402518,16__mutated,PertCortex_16_CAGTCCTTCCCTGACT,4.481642762411385
27148,0.1405848875328249,16__mutated,PertCortex_16_CAGTCCTTCGAGAGCA,3.8005818875448285
27149,0.18543219434865094,16__mutated,PertCortex_16_CATATGGAGTTCGCAT,3.275082497632714
27150,0.12246602501461605,16__mutated,PertCortex_16_CATATTCAGTACGTTC,5.030313655395019
27151,0.4263549980277924,16__mutated,PertCortex_16_CATATTCCAGTAACGG,2.293926694186212
27152,0.16102844436618366,16__mutated,PertCortex_16_CATATTCTCCATGAGT,4.786503978915025
27153,0.14622740938010284,16__mutated,PertCortex_16_CATATTCTCTGCAGTA,3.1041891995780078
27154,0.06299040683643121,16__mutated,PertCortex_16_CATCAAGAGACCTTTG,3.981818854177417
27155,0.12164255160886905,16__mutated,PertCortex_16_CATCAAGAGCTAACAA,4.961729074013475
27156,0.11900336006712889,16__mutated,PertCortex_16_CATCAAGCAGATCGGA,3.225674364553875
27157,0.17786062944438275,16__mutated,PertCortex_16_CATCAAGCAGCTCGAC,3.7912933989644726
27158,0.2664581882171702,16__mutated,PertCortex_16_CATCAAGGTAGCGCTC,3.2507242486307595
27159,0.6083898808822531,16__mutated,PertCortex_16_CATCAAGGTCTGCGGT,1.9573860551420639
27160,0.601310126528388,16__mutated,PertCortex_16_CATCAGAAGTGGACGT,1.855216794362033
27161,0.3947114661760101,16__mutated,PertCortex_16_CATCAGACATATGGTC,3.6284344270698146
27162,0.16467928938635146,16__mutated,PertCortex_16_CATCAGAGTCACCTAA,3.6500813409740287
27163,0.16665725600444736,16__mutated,PertCortex_16_CATCAGATCGGCATCG,3.609601470451539
27164,0.05476996744355329,16__mutated,PertCortex_16_CATCAGATCTTCGGTC,4.3476467018465845
27165,0.10614922143952835,16__mutated,PertCortex_16_CATCCACAGACGCTTT,3.4853971431457103
27166,0.09672148748810239,16__mutated,PertCortex_16_CATCCACAGATACACA,4.844162548451037
27167,0.14422364172153176,16__mutated,PertCortex_16_CATCCACAGTGTGAAT,4.46061121077767
27168,0.225302409753218,16__mutated,PertCortex_16_CATCCACCACGACTCG,2.8384887040161364
27169,0.17223731566925862,16__mutated,PertCortex_16_CATCCACCAGCTGCTG,4.157380411763335
27170,0.10379916206615539,16__mutated,PertCortex_16_CATCCACGTTTAGGAA,3.584934068933474
27171,0.5680290761053605,16__mutated,PertCortex_16_CATCCACTCTATGTGG,2.1590170272574514
27172,0.07545385451147883,16__mutated,PertCortex_16_CATCGAAAGAATGTTG,4.340190576238849
27173,0.22983686880540033,16__mutated,PertCortex_16_CATCGAAAGAGGACGG,4.1945665842859166
27174,0.29122799023461776,16__mutated,PertCortex_16_CATCGAAAGGATGGAA,2.8909447802215844
27175,0.4710791462142254,16__mutated,PertCortex_16_CATCGAACATAAGACA,2.809638695024508
27176,0.08164696524933196,16__mutated,PertCortex_16_CATCGAAGTACTTAGC,4.472435252076039
27177,0.13809016439799982,16__mutated,PertCortex_16_CATCGAAGTGAGGGTT,4.689927607276212
27178,0.06355773212377497,16__mutated,PertCortex_16_CATCGAATCTCTGTCG,2.6618112848695734
27179,0.12626338853830088,16__mutated,PertCortex_16_CATCGGGAGAGATGAG,3.3015263119789116
27180,0.18706744052564986,16__mutated,PertCortex_16_CATCGGGCATGCAACT,4.126625187411235
27181,0.5542152651426626,16__mutated,PertCortex_16_CATCGGGGTCCTAGCG,2.2874694696140505
27182,0.589445109305467,16__mutated,PertCortex_16_CATCGGGGTCGCGAAA,1.898778522548873
27183,0.29666648217222025,16__mutated,PertCortex_16_CATGACAAGGATATAC,3.3077394996797125
27184,0.06517768985201342,16__mutated,PertCortex_16_CATGACACACATAACC,3.9085722299384007
27185,0.1859505961232653,16__mutated,PertCortex_16_CATGACACAGGATTGG,3.545721977658617
27186,0.13704832826535274,16__mutated,PertCortex_16_CATGACAGTTCAGACT,4.060455995169079
27187,0.017017135373207298,16__mutated,PertCortex_16_CATGACATCGGAGCAA,3.826176083940368
27188,0.09887851597765643,16__mutated,PertCortex_16_CATGACATCGTAGGAG,3.3482781600957043
27189,0.08295670336866753,16__mutated,PertCortex_16_CATGCCTCACATCTTT,3.8762491847308795
27190,0.04134847148439457,16__mutated,PertCortex_16_CATGCCTCATCTCGCT,5.537974144062008
27191,0.1458823089904172,16__mutated,PertCortex_16_CATGCCTCATTCTCAT,4.477368684977657
27192,0.20654667703459764,16__mutated,PertCortex_16_CATGCCTGTGTCGCTG,4.279476124925284
27193,0.2689051888323648,16__mutated,PertCortex_16_CATGGCGAGCCTTGAT,2.395137817074389
27194,0.13980797431296804,16__mutated,PertCortex_16_CATGGCGAGGATGTAT,3.766769286334175
27195,0.08512399561646584,16__mutated,PertCortex_16_CATGGCGAGTAGCCGA,4.186059652680604
27196,0.3760940793395355,16__mutated,PertCortex_16_CATGGCGCAACACGCC,2.796497288739853
27197,0.5623289912757449,16__mutated,PertCortex_16_CATGGCGCACTTAACG,2.419520638692257
27198,0.17489522951702377,16__mutated,PertCortex_16_CATGGCGCAGCATACT,2.6211350832091376
27199,0.1521700078542727,16__mutated,PertCortex_16_CATGGCGGTGAACCTT,3.379266414518482
27200,0.11390238338927341,16__mutated,PertCortex_16_CATTATCAGGCGATAC,4.42044073403346
27201,0.2553206890703796,16__mutated,PertCortex_16_CATTATCCACAAGTAA,2.520421854441397
27202,0.07679973596025814,16__mutated,PertCortex_16_CATTATCTCTCTAAGG,4.377075558458358
27203,0.35814148924922706,16__mutated,PertCortex_16_CATTCGCAGGCGACAT,3.051416056895192
27204,0.08298502952046748,16__mutated,PertCortex_16_CATTCGCCAGGGTATG,3.5042850859297663
27205,0.34140178838895957,16__mutated,PertCortex_16_CATTCGCCATCCGTGG,2.7375905918113848
27206,0.32913807784752624,16__mutated,PertCortex_16_CATTCGCCATCGATTG,3.0797168993794477
27207,0.07796818063174181,16__mutated,PertCortex_16_CATTCGCTCATGTCTT,3.9088844851367917
27208,0.08995169468542513,16__mutated,PertCortex_16_CATTCGCTCCGAGCCA,4.832281859566339
27209,0.2347132385657725,16__mutated,PertCortex_16_CCAATCCAGGCTACGA,2.790745222458536
27210,0.26004010578230224,16__mutated,PertCortex_16_CCAATCCAGGGTTCCC,2.1650779570946384
27211,0.6172208421894588,16__mutated,PertCortex_16_CCAATCCCACTGTGTA,1.8406867940604976
27212,0.2648718212892314,16__mutated,PertCortex_16_CCAATCCCAGATAATG,4.045421381056366
27213,0.30437522068147077,16__mutated,PertCortex_16_CCAATCCGTCATCCCT,2.5615457466828397
27214,0.7073190689767729,16__mutated,PertCortex_16_CCAATCCGTGTGACGA,1.605083452360997
27215,0.05532346473814063,16__mutated,PertCortex_16_CCACCTAAGGGAAACA,3.922199143407619
27216,0.04703407139668552,16__mutated,PertCortex_16_CCACCTAAGTGTGAAT,3.4340499852446453
27217,0.18416763826532354,16__mutated,PertCortex_16_CCACCTACACAAGTAA,3.729474258672678
27218,0.17996007815387619,16__mutated,PertCortex_16_CCACCTAGTGTCGCTG,3.390676800094956
27219,0.08023927511294746,16__mutated,PertCortex_16_CCACGGACACGAAAGC,4.1643291925306265
27220,0.122617543446103,16__mutated,PertCortex_16_CCACGGACATGCTGGC,4.409928118970678
27221,0.18041834781632818,16__mutated,PertCortex_16_CCACGGATCTTGGGTA,3.7032982016592406
27222,0.15115200773151877,16__mutated,PertCortex_16_CCACTACAGCCACGCT,2.7343738326865363
27223,0.21762972742798936,16__mutated,PertCortex_16_CCACTACCAATTCCTT,3.998104581557493
27224,0.44316861423642934,16__mutated,PertCortex_16_CCACTACGTAATAGCA,2.758308002179235
27225,0.09933384448314826,16__mutated,PertCortex_16_CCACTACTCATGGTCA,4.4206790516680465
27226,0.2356145562913647,16__mutated,PertCortex_16_CCACTACTCGAGGTAG,3.080233765665138
27227,0.24793593160014993,16__mutated,PertCortex_16_CCACTACTCTTTACGT,4.1547034569335235
27228,0.2581415135844391,16__mutated,PertCortex_16_CCAGCGAAGCAACGGT,3.857126246908241
27229,0.22508708749419118,16__mutated,PertCortex_16_CCAGCGACACGGCTAC,3.7733228524282767
27230,0.07401131489389984,16__mutated,PertCortex_16_CCAGCGACACTGTGTA,3.9127452055525325
27231,0.3078284025083984,16__mutated,PertCortex_16_CCAGCGAGTCAGCTAT,2.474062430410208
27232,0.39873963282010116,16__mutated,PertCortex_16_CCAGCGAGTGCATCTA,2.8520297412221916
27233,0.27825383554948924,16__mutated,PertCortex_16_CCAGCGATCTCTGCTG,3.672537931165927
27234,0.07581572919187862,16__mutated,PertCortex_16_CCATTCGAGCTAGTTC,3.918454053848839
27235,0.1454195688020462,16__mutated,PertCortex_16_CCATTCGCACTAAGTC,3.78321428130828
27236,0.24667289086196725,16__mutated,PertCortex_16_CCATTCGGTACCGTTA,2.643751825999102
27237,0.11243740460782373,16__mutated,PertCortex_16_CCATTCGTCAGTTCGA,4.628895877815905
27238,0.13546483053399339,16__mutated,PertCortex_16_CCATTCGTCCCTTGTG,1.9144117344958163
27239,0.39247413979853973,16__mutated,PertCortex_16_CCCAATCAGATCCCAT,2.249350470106896
27240,0.6222392336997424,16__mutated,PertCortex_16_CCCAATCCAGATCTGT,1.927367482479781
27241,0.12431046814537308,16__mutated,PertCortex_16_CCCAGTTAGAGGTTAT,4.592712236181649
27242,0.3893817989079065,16__mutated,PertCortex_16_CCCAGTTAGGCCCGTT,1.9803885760741364
27243,0.616045263769481,16__mutated,PertCortex_16_CCCAGTTAGTATTGGA,1.9346290580236287
27244,0.06987701300799187,16__mutated,PertCortex_16_CCCAGTTCAGCATACT,4.001971709960009
27245,0.21778768087329858,16__mutated,PertCortex_16_CCCAGTTCATGGTCAT,2.941590399961351
27246,0.15322597673736996,16__mutated,PertCortex_16_CCCAGTTGTAGCTTGT,3.854283527917575
27247,0.12509537605852997,16__mutated,PertCortex_16_CCCAGTTTCAACACTG,3.799370589276705
27248,0.11389283002702738,16__mutated,PertCortex_16_CCCAGTTTCCCAAGTA,4.061683507218314
27249,0.0788738325082062,16__mutated,PertCortex_16_CCCATACGTAGTGAAT,3.366277377821283
27250,0.4580299015724596,16__mutated,PertCortex_16_CCCATACGTGTCAATC,2.1836896089967897
27251,0.0959572092298346,16__mutated,PertCortex_16_CCCATACTCATTGCCC,3.5922791607060556
27252,0.14226568354127941,16__mutated,PertCortex_16_CCCTCCTAGAGGTTAT,4.62520146873515
27253,0.20387143953714823,16__mutated,PertCortex_16_CCCTCCTCATTGGCGC,2.1161981648573063
27254,0.5451984574256544,16__mutated,PertCortex_16_CCCTCCTGTAGCTCCG,1.9605344674766083
27255,0.19111344665081398,16__mutated,PertCortex_16_CCCTCCTGTCTGCAAT,2.9006855892431376
27256,0.0691343824037401,16__mutated,PertCortex_16_CCCTCCTGTGGTTTCA,3.0143633192916366
27257,0.4721694129955634,16__mutated,PertCortex_16_CCCTCCTGTGTGGCTC,2.1912593324187855
27258,0.47637512369576074,16__mutated,PertCortex_16_CCCTCCTGTTGACGTT,2.551463453508194
27259,0.17610808869356168,16__mutated,PertCortex_16_CCCTCCTGTTTGACTG,4.593058409653318
27260,0.20326256293474934,16__mutated,PertCortex_16_CCCTCCTTCACATAGC,4.439582800188467
27261,0.23455148064564846,16__mutated,PertCortex_16_CCCTCCTTCAGGCAAG,4.267867621681607
27262,0.098497873577398,16__mutated,PertCortex_16_CCCTCCTTCTCCGGTT,4.447385333184335
27263,0.24545823524202906,16__mutated,PertCortex_16_CCGGGATAGGAGTTTA,1.61020093417001
27264,0.1021694305083259,16__mutated,PertCortex_16_CCGGGATCATGCGCAC,3.5121589168555616
27265,0.36809053331794256,16__mutated,PertCortex_16_CCGGGATGTCGATTGT,2.0971324333369905
27266,0.19029147821886908,16__mutated,PertCortex_16_CCGGGATGTGGTGTAG,3.393631753411249
27267,0.33958321937410907,16__mutated,PertCortex_16_CCGGGATGTGTCGCTG,3.9823037969481874
27268,0.27578610692260996,16__mutated,PertCortex_16_CCGGGATTCGCAAGCC,3.516220427581052
27269,0.5219772033588128,16__mutated,PertCortex_16_CCGGGATTCTCGCATC,1.7475713830697528
27270,0.17245846984979413,16__mutated,PertCortex_16_CCGGTAGAGACGCACA,3.770008614912885
27271,0.06286484037027555,16__mutated,PertCortex_16_CCGGTAGAGCAAATCA,5.156915967783616
27272,0.1859418439249996,16__mutated,PertCortex_16_CCGGTAGAGCAATATG,2.711789251263356
27273,0.26726154160898574,16__mutated,PertCortex_16_CCGGTAGAGCCCGAAA,4.155962239896844
27274,0.48472468078366654,16__mutated,PertCortex_16_CCGGTAGAGTACGTTC,2.3939997136285833
27275,0.23529766244557537,16__mutated,PertCortex_16_CCGGTAGCAGCCTATA,3.6469143171259657
27276,0.5043668875510539,16__mutated,PertCortex_16_CCGGTAGCATAGTAAG,2.3152529227950374
27277,0.3027589406664732,16__mutated,PertCortex_16_CCGGTAGTCAGTTAGC,3.943930186651166
27278,0.46161857220414665,16__mutated,PertCortex_16_CCGGTAGTCCGATATG,2.2446093327828365
27279,0.06584564482634855,16__mutated,PertCortex_16_CCGTACTAGTGTTGAA,2.88217421281752
27280,0.45319154104428017,16__mutated,PertCortex_16_CCGTACTAGTGTTTGC,2.8355121209789487
27281,0.22754832113608767,16__mutated,PertCortex_16_CCGTACTGTAGCGTGA,3.0202016231153177
27282,0.5802734569220624,16__mutated,PertCortex_16_CCGTACTGTCCCTTGT,2.220557858349266
27283,0.23084837328489866,16__mutated,PertCortex_16_CCGTACTTCAATAAGG,4.249250846238927
27284,0.09928442798565619,16__mutated,PertCortex_16_CCGTACTTCACCCGAG,4.714100510815731
27285,0.46050970365020555,16__mutated,PertCortex_16_CCGTGGAAGAGTTGGC,2.040207808211661
27286,0.486701160007237,16__mutated,PertCortex_16_CCGTGGAAGGACATTA,2.230100708007141
27287,0.12714724707534975,16__mutated,PertCortex_16_CCGTGGACACATAACC,4.469890918485771
27288,0.24641551540273018,16__mutated,PertCortex_16_CCGTGGACATACGCTA,3.523697822477473
27289,0.5580631955542648,16__mutated,PertCortex_16_CCGTGGATCGAACTGT,2.1921974646383005
27290,0.10972677170378115,16__mutated,PertCortex_16_CCGTTCATCCAAACTG,4.297732473353493
27291,0.18940474175557434,16__mutated,PertCortex_16_CCGTTCATCCTGCTTG,3.9999609164830114
27292,0.29330985124266706,16__mutated,PertCortex_16_CCTAAAGCAAGAGGCT,2.4749961112147503
27293,0.16355627500913306,16__mutated,PertCortex_16_CCTAAAGCATAAAGGT,1.5645340702848476
27294,0.06817345150284179,16__mutated,PertCortex_16_CCTAAAGGTTGTTTGG,4.155669383171287
27295,0.28844325346499256,16__mutated,PertCortex_16_CCTAAAGTCAGTTTGG,3.5577091662878435
27296,0.20179605005729884,16__mutated,PertCortex_16_CCTAAAGTCCTGTAGA,3.2324327625798293
27297,0.11484866226348796,16__mutated,PertCortex_16_CCTACACAGGCTATCT,3.126222320609887
27298,0.14493694208735722,16__mutated,PertCortex_16_CCTACACCACTCAGGC,4.3206670283488675
27299,0.5114622759182522,16__mutated,PertCortex_16_CCTACACGTAGCCTAT,2.2592489453628324
27300,0.10114494171547898,16__mutated,PertCortex_16_CCTACACGTCCTCTTG,3.6184515136924844
27301,0.12216086830584452,16__mutated,PertCortex_16_CCTACACTCATAGCAC,4.9658041301778395
27302,0.21757715119297807,16__mutated,PertCortex_16_CCTACCAAGACACGAC,4.879542143886008
27303,0.11900465961628351,16__mutated,PertCortex_16_CCTACCAAGTGTCCCG,4.522712328081924
27304,0.27316352303711583,16__mutated,PertCortex_16_CCTACCATCATCTGTT,3.2422968459002433
27305,0.11324092280316918,16__mutated,PertCortex_16_CCTACCATCGGAAACG,4.202134193745322
27306,0.2360196788253865,16__mutated,PertCortex_16_CCTACCATCGTGACAT,3.3163793326454334
27307,0.17693660240749623,16__mutated,PertCortex_16_CCTACCATCTCATTCA,2.512530604386082
27308,0.2623508009899113,16__mutated,PertCortex_16_CCTAGCTAGCGAAGGG,2.4184603187987066
27309,0.21786935506625604,16__mutated,PertCortex_16_CCTAGCTAGGATGGTC,3.8411598068404684
27310,0.3927658351241724,16__mutated,PertCortex_16_CCTAGCTCACATAACC,3.589478452883663
27311,0.19916697094678215,16__mutated,PertCortex_16_CCTAGCTGTCTCCCTA,2.300433245235082
27312,0.29128139542919135,16__mutated,PertCortex_16_CCTAGCTGTCTCGTTC,2.431950817819717
27313,0.47020849855239355,16__mutated,PertCortex_16_CCTAGCTTCGTTGCCT,2.718380250261749
27314,0.175059031964717,16__mutated,PertCortex_16_CCTAGCTTCTTTACAC,4.707677523738788
27315,0.30117116948648814,16__mutated,PertCortex_16_CCTATTAAGGACCACA,4.456382958572656
27316,0.009211290533018002,16__mutated,PertCortex_16_CCTATTACAATAAGCA,3.6164822665152525
27317,0.2112034622065001,16__mutated,PertCortex_16_CCTCAGTAGTACTTGC,2.4528281287501805
27318,0.1101470229089349,16__mutated,PertCortex_16_CCTCAGTCACACCGCA,4.804816963811411
27319,0.2195557487965253,16__mutated,PertCortex_16_CCTCAGTCAGCGAACA,3.5196174075559594
27320,0.1645612995211323,16__mutated,PertCortex_16_CCTCAGTCAGGTCCAC,4.665580004593321
27321,0.18182045144431447,16__mutated,PertCortex_16_CCTCAGTGTTACGTCA,3.015290445103641
27322,0.3405218024104381,16__mutated,PertCortex_16_CCTCAGTTCCTTAATC,2.647948194655137
27323,0.09130884813990243,16__mutated,PertCortex_16_CCTCAGTTCCTTTCTC,4.645304595128303
27324,0.23918017642750633,16__mutated,PertCortex_16_CCTCTGAAGACTGTAA,4.735090243114988
27325,0.1416369356739536,16__mutated,PertCortex_16_CCTCTGAAGCCAGTTT,4.3493077571235
27326,0.08181213022260095,16__mutated,PertCortex_16_CCTCTGAAGTTGAGAT,3.283823904861192
27327,0.10591655566132525,16__mutated,PertCortex_16_CCTCTGACAATCTGCA,4.308352348147857
27328,0.06971533037750485,16__mutated,PertCortex_16_CCTCTGACACCTGGTG,4.976152607214293
27329,0.20316422790954838,16__mutated,PertCortex_16_CCTCTGACAGATCGGA,4.322408399981985
27330,0.09870231912821992,16__mutated,PertCortex_16_CCTCTGAGTGCGCTTG,3.757763837249073
27331,0.49874844882930064,16__mutated,PertCortex_16_CCTCTGATCCGTTGCT,2.53726790961563
27332,0.220164322168804,16__mutated,PertCortex_16_CCTTACGCAGGCTCAC,2.9762231962903805
27333,0.2752271938580771,16__mutated,PertCortex_16_CCTTACGGTAGCCTAT,3.183776308296208
27334,0.22152461553875682,16__mutated,PertCortex_16_CCTTACGGTATTCTCT,2.994051357131285
27335,0.15044416356350432,16__mutated,PertCortex_16_CCTTACGGTTCTGAAC,3.4404274957989225
27336,0.050686287821084065,16__mutated,PertCortex_16_CCTTACGTCACAGTAC,5.296588104081984
27337,0.07854377018826111,16__mutated,PertCortex_16_CCTTACGTCCTCGCAT,2.671368142913431
27338,0.22998000528350418,16__mutated,PertCortex_16_CCTTACGTCGATCCCT,2.6362844329594695
27339,0.3319742522068638,16__mutated,PertCortex_16_CCTTCCCAGCGTTGCC,2.9957415540704884
27340,0.6265747923481374,16__mutated,PertCortex_16_CCTTCCCAGTCTTGCA,1.9084794656859008
27341,0.08103272068680599,16__mutated,PertCortex_16_CCTTCCCAGTGAAGAG,4.490126928777455
27342,0.5690571392018385,16__mutated,PertCortex_16_CCTTCCCCAACACGCC,2.208210932776061
27343,0.1556421329781484,16__mutated,PertCortex_16_CCTTCCCCAGGGTATG,3.760095298546087
27344,0.23210444637111333,16__mutated,PertCortex_16_CCTTCCCCATCGTCGG,3.7978547357376793
27345,0.16770897295332823,16__mutated,PertCortex_16_CCTTCCCGTGCAACTT,4.440753617974144
27346,0.1408868873554668,16__mutated,PertCortex_16_CCTTCCCTCTCTGTCG,4.753648727891615
27347,0.22834727436406793,16__mutated,PertCortex_16_CCTTCCCTCTTTAGGG,4.7496938429916264
27348,0.13473435129801942,16__mutated,PertCortex_16_CCTTCGAGTAATCACC,5.216500104733504
27349,0.18500585183589255,16__mutated,PertCortex_16_CCTTCGAGTGACCAAG,4.543436816110283
27350,0.11905351322711245,16__mutated,PertCortex_16_CCTTCGAGTTCCGTCT,4.3182789924336005
27351,0.11349722082892852,16__mutated,PertCortex_16_CCTTCGATCATGTCTT,4.262603647258177
27352,0.19426700549566445,16__mutated,PertCortex_16_CCTTCGATCCAAGCCG,3.1146676521243415
27353,0.22074445344740395,16__mutated,PertCortex_16_CCTTCGATCCTTGACC,2.9770433366310587
27354,0.10832088326120798,16__mutated,PertCortex_16_CCTTCGATCGGCGGTT,4.060569708615913
27355,0.20404798048247466,16__mutated,PertCortex_16_CCTTCGATCTGGAGCC,4.49919104392392
27356,0.5046062924632897,16__mutated,PertCortex_16_CCTTTCTAGAAACGCC,2.2522023846090753
27357,0.440061474815646,16__mutated,PertCortex_16_CCTTTCTAGAGACTTA,2.547444263214512
27358,0.0994171805191731,16__mutated,PertCortex_16_CCTTTCTAGAGGTTGC,5.153202107828152
27359,0.06809874804167748,16__mutated,PertCortex_16_CCTTTCTAGGCATGTG,3.8342421827486195
27360,0.11249178691504172,16__mutated,PertCortex_16_CCTTTCTCAAGACGTG,4.034183874920368
27361,0.1606168766596903,16__mutated,PertCortex_16_CCTTTCTGTTCGTCTC,4.844766777642666
27362,0.3418089961999061,16__mutated,PertCortex_16_CGAACATCACGTGAGA,1.9080484009636967
27363,0.262889130177745,16__mutated,PertCortex_16_CGAACATGTGACTCAT,4.789327082919704
27364,0.18612085214043067,16__mutated,PertCortex_16_CGAACATGTTAGAACA,4.50813033133128
27365,0.11711796320688979,16__mutated,PertCortex_16_CGAACATGTTCTGTTT,4.41685891194844
27366,0.6283640414842435,16__mutated,PertCortex_16_CGAATGTAGAGTGACC,1.8272554927544253
27367,0.2917137296114343,16__mutated,PertCortex_16_CGAATGTAGTTCGCAT,3.936991372049128
27368,0.15152128141173424,16__mutated,PertCortex_16_CGAATGTCACTTAAGC,4.222276102420025
27369,0.26355282564254734,16__mutated,PertCortex_16_CGAATGTCATCAGTAC,3.0520663494787805
27370,0.18632624491114552,16__mutated,PertCortex_16_CGAATGTGTCTTCTCG,3.276184986558551
27371,0.20127359126238567,16__mutated,PertCortex_16_CGAATGTTCGAACTGT,2.7383084556166324
27372,0.1137609676168671,16__mutated,PertCortex_16_CGAATGTTCTGATTCT,4.238866825542295
27373,0.06252828998826615,16__mutated,PertCortex_16_CGAATGTTCTGTCCGT,3.5273342592527097
27374,0.1553070203670274,16__mutated,PertCortex_16_CGACCTTAGAGACTAT,4.417140856608541
27375,0.08819907803725834,16__mutated,PertCortex_16_CGACCTTAGATAGGAG,5.279697967163461
27376,0.1362700676892305,16__mutated,PertCortex_16_CGACCTTAGCAGACTG,3.0762769452724354
27377,0.10401135415589598,16__mutated,PertCortex_16_CGACCTTCAAGCCGCT,3.4196437570953533
27378,0.1276744658907802,16__mutated,PertCortex_16_CGACCTTGTGAGTGAC,3.9810790302565895
27379,0.5421231218972364,16__mutated,PertCortex_16_CGACCTTGTGTGGCTC,1.6365191649875033
27380,0.5326849847024068,16__mutated,PertCortex_16_CGACCTTTCAACGAAA,2.580438720482979
27381,0.4694176906257313,16__mutated,PertCortex_16_CGACCTTTCACCGTAA,2.480970934400515
27382,0.15611757741861654,16__mutated,PertCortex_16_CGACCTTTCAGATAAG,5.403201840033144
27383,0.2690679597965109,16__mutated,PertCortex_16_CGACCTTTCATCGATG,3.17129578468873
27384,0.08303302912327613,16__mutated,PertCortex_16_CGACTTCAGACGCAAC,2.797440297985566
27385,0.5073409110405482,16__mutated,PertCortex_16_CGACTTCAGGGTATCG,2.490734824793263
27386,0.055281061691767594,16__mutated,PertCortex_16_CGACTTCAGTATTGGA,3.1653586238931313
27387,0.09601313610873685,16__mutated,PertCortex_16_CGACTTCCAGCATACT,4.849478698465287
27388,0.11242146162200829,16__mutated,PertCortex_16_CGACTTCCAGCCTGTG,3.475442798744266
27389,0.13633844048665011,16__mutated,PertCortex_16_CGACTTCGTAGCTCCG,3.499420936214873
27390,0.29085734252302314,16__mutated,PertCortex_16_CGACTTCGTGTAACGG,3.189698757983876
27391,0.052368256211163776,16__mutated,PertCortex_16_CGACTTCTCTCAAACG,2.2259208388209286
27392,0.19734676532414464,16__mutated,PertCortex_16_CGAGAAGAGACTGGGT,3.5665481261987115
27393,0.3597696587716936,16__mutated,PertCortex_16_CGAGAAGAGCGACGTA,2.691864919588024
27394,0.10666801460690342,16__mutated,PertCortex_16_CGAGAAGAGCTAGGCA,4.262633956527373
27395,0.11922514354833659,16__mutated,PertCortex_16_CGAGAAGCACAGGTTT,3.8119489226075993
27396,0.18551212781540075,16__mutated,PertCortex_16_CGAGAAGCACTTCTGC,4.088993682895282
27397,0.06108105857278102,16__mutated,PertCortex_16_CGAGAAGGTCGAACAG,3.566361855249177
27398,0.5682498376466406,16__mutated,PertCortex_16_CGAGAAGGTCGGGTCT,1.7529648730684362
27399,0.09090341846622334,16__mutated,PertCortex_16_CGAGAAGGTGTGAAAT,3.9827825203955856
27400,0.4345576741148068,16__mutated,PertCortex_16_CGAGCACAGACCCACC,2.8454090688420255
27401,0.15657635377490434,16__mutated,PertCortex_16_CGAGCACAGGCAATTA,5.3315157168157326
27402,0.6092310118308982,16__mutated,PertCortex_16_CGAGCACGTCGTCTTC,1.94802142701123
27403,0.5507724246875532,16__mutated,PertCortex_16_CGAGCCAAGAAGAAGC,1.7200775188847457
27404,0.05608338130017787,16__mutated,PertCortex_16_CGAGCCAAGGGTCGAT,3.6030720980973023
27405,0.2347506033685462,16__mutated,PertCortex_16_CGAGCCACAACGATCT,3.1318238255950464
27406,0.3741234868814139,16__mutated,PertCortex_16_CGAGCCACAACTGCGC,2.000868597070798
27407,0.050487339089550706,16__mutated,PertCortex_16_CGAGCCAGTCATACTG,4.143275373498531
27408,0.5562954117330952,16__mutated,PertCortex_16_CGAGCCAGTGCAGACA,2.0049822404538498
27409,0.17434948853961446,16__mutated,PertCortex_16_CGAGCCAGTTTGACTG,4.924016372100117
27410,0.26195510875021794,16__mutated,PertCortex_16_CGAGCCATCCATGAAC,3.103293054815631
27411,0.11101720202767619,16__mutated,PertCortex_16_CGAGCCATCCCACTTG,3.7363299430666297
27412,0.13963190506497164,16__mutated,PertCortex_16_CGAGCCATCTTGTACT,4.984362961901868
27413,0.37017076251544695,16__mutated,PertCortex_16_CGATCGGCAAGACACG,2.4845762316277695
27414,0.6353207815145723,16__mutated,PertCortex_16_CGATCGGCAGGTCCAC,2.0882677651079424
27415,0.20076709105450882,16__mutated,PertCortex_16_CGATCGGGTTGGTTTG,3.147771579676517
27416,0.20562023167237414,16__mutated,PertCortex_16_CGATCGGTCAGGCGAA,2.8897169497727146
27417,0.06243845582101234,16__mutated,PertCortex_16_CGATCGGTCAGTCAGT,4.150297111662367
27418,0.09758570958768863,16__mutated,PertCortex_16_CGATGGCCATTTCAGG,3.798158152097788
27419,0.0626539112667775,16__mutated,PertCortex_16_CGATGGCGTAAATGAC,3.844631443642544
27420,0.5043364357083058,16__mutated,PertCortex_16_CGATGTAAGGCATTGG,2.299279852736184
27421,0.15527277415162669,16__mutated,PertCortex_16_CGATGTACACGCCAGT,5.8167327609127275
27422,0.1212349999929939,16__mutated,PertCortex_16_CGATGTACATATACCG,4.622172447243879
27423,0.20549845826802202,16__mutated,PertCortex_16_CGATGTAGTCATGCCG,1.3506671862259112
27424,0.11565745942861719,16__mutated,PertCortex_16_CGATGTAGTGATGATA,4.2631513124752125
27425,0.047538726501773626,16__mutated,PertCortex_16_CGATGTATCCAATGGT,3.424833586408353
27426,0.195511694828465,16__mutated,PertCortex_16_CGATGTATCCGCTGTT,3.3976642353666513
27427,0.23475448001570343,16__mutated,PertCortex_16_CGATGTATCTAACTCT,4.928132096521008
27428,0.20150260791236618,16__mutated,PertCortex_16_CGATTGACAGTGAGTG,3.2635459531493836
27429,0.082009641396002,16__mutated,PertCortex_16_CGATTGAGTCCGAAGA,4.417190781647059
27430,0.5960951331395528,16__mutated,PertCortex_16_CGATTGAGTTCCACTC,1.725951390391126
27431,0.11051665971218651,16__mutated,PertCortex_16_CGATTGATCACGAAGG,4.582385867711653
27432,0.12478246737989152,16__mutated,PertCortex_16_CGATTGATCTTCATGT,4.538349637929392
27433,0.09237895925854547,16__mutated,PertCortex_16_CGCCAAGGTAGGGACT,3.9173082881963572
27434,0.08718393541937071,16__mutated,PertCortex_16_CGCCAAGGTCAATGTC,4.06224788399293
27435,0.5675087204955872,16__mutated,PertCortex_16_CGCCAAGGTCTCACCT,2.150084550083987
27436,0.19602858239748425,16__mutated,PertCortex_16_CGCCAAGGTGTGACGA,2.912601746379207
27437,0.27524444632011796,16__mutated,PertCortex_16_CGCCAAGTCATTGCGA,2.99035453190573
27438,0.14526946777822347,16__mutated,PertCortex_16_CGCGGTAAGTACGATA,4.562877727081435
27439,0.15751276344718715,16__mutated,PertCortex_16_CGCGGTAGTACATCCA,3.4325561838692553
27440,0.22135464066446522,16__mutated,PertCortex_16_CGCGGTAGTTTCGCTC,3.238041513826212
27441,0.11378389835541705,16__mutated,PertCortex_16_CGCGGTAGTTTGTTTC,3.9288290862548965
27442,0.14919333957985445,16__mutated,PertCortex_16_CGCGGTATCGAATCCA,4.141339144580091
27443,0.11109774794285256,16__mutated,PertCortex_16_CGCGTTTAGGAGTTGC,2.9142807232761125
27444,0.2524249119035557,16__mutated,PertCortex_16_CGCGTTTCAACTGGCC,4.943536359226607
27445,0.15129630938392405,16__mutated,PertCortex_16_CGCGTTTTCACCTCGT,3.598522471108535
27446,0.1782032928439593,16__mutated,PertCortex_16_CGCGTTTTCAGCATGT,3.244222098120565
27447,0.13922156946631556,16__mutated,PertCortex_16_CGCTATCCAGCTCCGA,4.23574558535289
27448,0.2126512066496868,16__mutated,PertCortex_16_CGCTATCGTAACGTTC,3.620213310404648
27449,0.13201382033137943,16__mutated,PertCortex_16_CGCTATCGTCTCATCC,4.855770128362367
27450,0.1538552076115431,16__mutated,PertCortex_16_CGCTGGAAGCGCTCCA,2.874710758780458
27451,0.11904794462637079,16__mutated,PertCortex_16_CGCTGGAGTATAGGGC,3.785041165811068
27452,0.10878244410565963,16__mutated,PertCortex_16_CGCTGGAGTCGACTGC,3.400011977985027
27453,0.4317070076280205,16__mutated,PertCortex_16_CGCTGGAGTGCATCTA,2.489516567955103
27454,0.05636146680042744,16__mutated,PertCortex_16_CGCTGGAGTTGGGACA,4.505715264828083
27455,0.16104010984560493,16__mutated,PertCortex_16_CGCTGGATCACCACCT,4.846592119011265
27456,0.178540957497057,16__mutated,PertCortex_16_CGCTTCAAGACGCTTT,4.867326912576169
27457,0.18976419212140608,16__mutated,PertCortex_16_CGCTTCAAGCGATTCT,4.1844405388328765
27458,0.4781672641647991,16__mutated,PertCortex_16_CGCTTCACACCTTGTC,3.0977786977935873
27459,0.04609726857730603,16__mutated,PertCortex_16_CGCTTCACATCCGTGG,4.625459240331607
27460,0.14463718265495557,16__mutated,PertCortex_16_CGCTTCAGTCCAGTAT,4.183925227937957
27461,0.13312959725700843,16__mutated,PertCortex_16_CGCTTCAGTCTGGAGA,3.903938464651589
27462,0.08682914848982982,16__mutated,PertCortex_16_CGCTTCAGTTGAGGTG,4.224396572989473
27463,0.03840997671022897,16__mutated,PertCortex_16_CGCTTCATCGATCCCT,4.671215500799392
27464,0.45649504263632246,16__mutated,PertCortex_16_CGCTTCATCTTGTACT,2.529774580163489
27465,0.19968253918584303,16__mutated,PertCortex_16_CGGACACCAGTGACAG,5.103111287670509
27466,0.11157397064438375,16__mutated,PertCortex_16_CGGACACTCACAACGT,4.523309709199738
27467,0.5147906549750468,16__mutated,PertCortex_16_CGGACGTAGAACTCGG,2.183411158378317
27468,0.19817911619155282,16__mutated,PertCortex_16_CGGACGTAGCGTCAAG,3.441140630612794
27469,0.22058073596566918,16__mutated,PertCortex_16_CGGACGTCATGGTCAT,4.010455046681055
27470,0.10151435642837987,16__mutated,PertCortex_16_CGGACGTCATTCTCAT,4.479143727439092
27471,0.12884528322345085,16__mutated,PertCortex_16_CGGACGTGTTTCGCTC,4.005054838348431
27472,0.1399772166719199,16__mutated,PertCortex_16_CGGACGTTCCTCATTA,3.742447593953731
27473,0.07840922083897156,16__mutated,PertCortex_16_CGGACTGAGACTGGGT,3.5877559951174436
27474,0.6033861682599669,16__mutated,PertCortex_16_CGGACTGAGTACACCT,2.4056346655041625
27475,0.17288435740782815,16__mutated,PertCortex_16_CGGACTGAGTGGTCCC,2.9755428965930575
27476,0.21839344596646088,16__mutated,PertCortex_16_CGGACTGCAAACCCAT,2.6927476349894794
27477,0.11178412872089874,16__mutated,PertCortex_16_CGGACTGCAAGCCTAT,2.1406988334647616
27478,0.10937033711324785,16__mutated,PertCortex_16_CGGACTGCACCATCCT,3.563130763556013
27479,0.5685430137137064,16__mutated,PertCortex_16_CGGACTGCACTATCTT,2.0843049491962913
27480,0.17104944947418257,16__mutated,PertCortex_16_CGGACTGCATGTAAGA,3.443569970828089
27481,0.09330920920190211,16__mutated,PertCortex_16_CGGACTGGTCGGATCC,3.506515375347595
27482,0.15071478214164855,16__mutated,PertCortex_16_CGGAGCTAGATGTAAC,4.24709029674
27483,0.19332878268867829,16__mutated,PertCortex_16_CGGAGCTCAATGGACG,2.58382267022425
27484,0.155204567366708,16__mutated,PertCortex_16_CGGAGCTCATACGCTA,1.804280684836821
27485,0.2672906209930285,16__mutated,PertCortex_16_CGGAGCTGTACAGACG,3.3602999070382693
27486,0.1600920324896222,16__mutated,PertCortex_16_CGGAGCTGTGTAAGTA,4.121482597893197
27487,0.15662859413065872,16__mutated,PertCortex_16_CGGAGCTGTGTGAAAT,3.6176632967252744
27488,0.7037791622208684,16__mutated,PertCortex_16_CGGAGTCAGAGCTTCT,1.3936377720585953
27489,0.10816604282971412,16__mutated,PertCortex_16_CGGAGTCAGCCACTAT,3.777946976350071
27490,0.13262301239723212,16__mutated,PertCortex_16_CGGAGTCCAAAGTCAA,4.153609907018094
27491,0.13405453296958963,16__mutated,PertCortex_16_CGGAGTCCAAGAAGAG,4.001979611107189
27492,0.5806780738919529,16__mutated,PertCortex_16_CGGAGTCCAAGAGTCG,2.0631661990501144
27493,0.2062823659193184,16__mutated,PertCortex_16_CGGAGTCCACACCGAC,3.601719946493541
27494,0.19799227875040507,16__mutated,PertCortex_16_CGGAGTCCATGCAATC,5.242518422282067
27495,0.2088375009457337,16__mutated,PertCortex_16_CGGAGTCGTCTTTCAT,4.559637123492661
27496,0.5156417825182316,16__mutated,PertCortex_16_CGGAGTCTCCAAGTAC,2.646007198006029
27497,0.1556299301738594,16__mutated,PertCortex_16_CGGAGTCTCCTTCAAT,3.7365191162306126
27498,0.18779234571312992,16__mutated,PertCortex_16_CGGAGTCTCTCTGTCG,4.780945763995047
27499,0.5563779264208749,16__mutated,PertCortex_16_CGGAGTCTCTTCTGGC,1.6971634746759086
27500,0.1952396883990264,16__mutated,PertCortex_16_CGGCTAGCAGACGTAG,2.0319598366027023
27501,0.1321492153094595,16__mutated,PertCortex_16_CGGCTAGCATCGGACC,4.02310979272491
27502,0.2072522253726119,16__mutated,PertCortex_16_CGGCTAGCATTAGGCT,3.4604907526709727
27503,0.10848708468130391,16__mutated,PertCortex_16_CGGCTAGGTAAGTGGC,4.13126277076732
27504,0.23746204743022456,16__mutated,PertCortex_16_CGGCTAGTCCGTTGTC,4.324759971036681
27505,0.13877633452169447,16__mutated,PertCortex_16_CGGGTCAAGCTTCGCG,4.04141691479543
27506,0.6288969075039991,16__mutated,PertCortex_16_CGGGTCACACCGAAAG,1.7360252929536997
27507,0.22527538112102014,16__mutated,PertCortex_16_CGGGTCACACGGCGTT,5.070845902988047
27508,0.2039344662446541,16__mutated,PertCortex_16_CGGGTCAGTATAGGGC,3.350600567174347
27509,0.28373379886756817,16__mutated,PertCortex_16_CGGTTAAGTCATCGGC,2.1008697688543676
27510,0.2266535078601238,16__mutated,PertCortex_16_CGGTTAATCAATACCG,4.9604612082652375
27511,0.11676715922548256,16__mutated,PertCortex_16_CGGTTAATCCTAGTGA,4.158205948780395
27512,0.6246230908938127,16__mutated,PertCortex_16_CGTAGCGAGGCGATAC,2.2641002405997477
27513,0.12599508766664097,16__mutated,PertCortex_16_CGTAGCGAGTAGCGGT,4.269424458156743
27514,0.12962923062764042,16__mutated,PertCortex_16_CGTAGCGCAAGCGATG,4.383200314244574
27515,0.24441500559324447,16__mutated,PertCortex_16_CGTAGCGCACAGATTC,3.0644002826508494
27516,0.5195818511982937,16__mutated,PertCortex_16_CGTAGCGGTGCCTTGG,2.052650291544934
27517,0.08452901048953367,16__mutated,PertCortex_16_CGTAGCGTCCTTAATC,3.366576750257598
27518,0.10752253922369057,16__mutated,PertCortex_16_CGTAGCGTCGCCATAA,3.981096981881506
27519,0.12040263959909216,16__mutated,PertCortex_16_CGTAGGCGTAAGTTCC,3.7943897499083534
27520,0.4556433168762163,16__mutated,PertCortex_16_CGTAGGCTCGTAGGTT,1.8982445160932158
27521,0.04835779016904842,16__mutated,PertCortex_16_CGTAGGCTCTGCTGCT,3.7098838864124346
27522,0.352327763277287,16__mutated,PertCortex_16_CGTCACTAGTGCGATG,2.8867026764605637
27523,0.687297875423146,16__mutated,PertCortex_16_CGTCAGGAGCGTTTAC,1.768398300557371
27524,0.4961073157087161,16__mutated,PertCortex_16_CGTCCATAGTAACCCT,2.1091808280207034
27525,0.10767862586290586,16__mutated,PertCortex_16_CGTCCATCACGGCGTT,3.900750200880491
27526,0.4589017480390294,16__mutated,PertCortex_16_CGTCCATCAGATCGGA,2.438269519866301
27527,0.06592108328724795,16__mutated,PertCortex_16_CGTCCATGTAGAAAGG,4.9980361735493615
27528,0.40867728321732394,16__mutated,PertCortex_16_CGTCTACCACAGCGTC,2.767003389972555
27529,0.19962287660139752,16__mutated,PertCortex_16_CGTCTACCACTAAGTC,3.9577627357737146
27530,0.18046552680114059,16__mutated,PertCortex_16_CGTCTACCACTGAAGG,4.692565687727089
27531,0.15662328003196957,16__mutated,PertCortex_16_CGTCTACCATATACGC,3.2858364673783207
27532,0.12286634524021314,16__mutated,PertCortex_16_CGTCTACTCGCACTCT,4.1898134075173505
27533,0.1381990958312264,16__mutated,PertCortex_16_CGTCTACTCTCGCTTG,4.512717506553219
27534,0.12642723542375603,16__mutated,PertCortex_16_CGTGAGCAGCCAGGAT,3.3040674349436854
27535,0.133617538351237,16__mutated,PertCortex_16_CGTGAGCAGGCTAGCA,4.069152561532036
27536,0.053723335773231046,16__mutated,PertCortex_16_CGTGAGCGTCATATCG,3.0205532945449467
27537,0.11779955890235806,16__mutated,PertCortex_16_CGTGAGCTCCTTGCCA,4.950343152668174
27538,0.11565972195023003,16__mutated,PertCortex_16_CGTGAGCTCGTAGGTT,4.766945694662318
27539,0.5210886679152903,16__mutated,PertCortex_16_CGTGTAACAGCGTTCG,1.9722019652094094
27540,0.3357744695793359,16__mutated,PertCortex_16_CGTGTAACATGAAGTA,3.267874480477839
27541,0.049165981177099555,16__mutated,PertCortex_16_CGTGTAAGTCCCTTGT,4.42395880224678
27542,0.08688771003961165,16__mutated,PertCortex_16_CGTGTAATCAAACGGG,3.9586886823104526
27543,0.10438307825192168,16__mutated,PertCortex_16_CGTGTCTAGATGTTAG,3.9592451831258044
27544,0.03404069452074766,16__mutated,PertCortex_16_CGTGTCTCAGGGCATA,3.6986635901379468
27545,0.31476399315803244,16__mutated,PertCortex_16_CGTGTCTCAGTAAGCG,3.0366923954797094
27546,0.07252218574239364,16__mutated,PertCortex_16_CGTTAGAAGAATTCCC,3.4948683975936103
27547,0.09164472725567031,16__mutated,PertCortex_16_CGTTAGAAGTACGATA,3.5744238828892283
27548,0.1638888849093093,16__mutated,PertCortex_16_CGTTAGACAGTTTACG,3.1369076052160656
27549,0.2912343288466721,16__mutated,PertCortex_16_CGTTAGAGTACGAAAT,2.7222606505610156
27550,0.5094001351331577,16__mutated,PertCortex_16_CGTTAGAGTATCTGCA,2.1100867932697147
27551,0.31628327280876806,16__mutated,PertCortex_16_CGTTAGAGTGTAAGTA,2.597106746210079
27552,0.2304543204740913,16__mutated,PertCortex_16_CGTTAGATCATCTGCC,4.540822552618332
27553,0.2661992319461065,16__mutated,PertCortex_16_CGTTAGATCTGCGGCA,3.4109265189990454
27554,0.5249412054846517,16__mutated,PertCortex_16_CGTTCTGCATTGAGCT,2.4758162775548054
27555,0.11964607084594309,16__mutated,PertCortex_16_CGTTCTGGTACCGTAT,3.7527950060827355
27556,0.22399850960651896,16__mutated,PertCortex_16_CGTTCTGTCCCATTTA,2.8422059710707037
27557,0.12829804333673242,16__mutated,PertCortex_16_CGTTCTGTCGGCTTGG,3.9028725457179156
27558,0.4330111211033753,16__mutated,PertCortex_16_CGTTGGGAGAGAACAG,3.391516070231856
27559,0.1186594996216772,16__mutated,PertCortex_16_CGTTGGGAGCTGAAAT,4.526906482734337
27560,0.5031334215698965,16__mutated,PertCortex_16_CGTTGGGCAAGGACAC,1.9486513840338402
27561,0.23421169832618152,16__mutated,PertCortex_16_CGTTGGGCATGCCCGA,4.016119103043219
27562,0.10593839404231449,16__mutated,PertCortex_16_CGTTGGGCATTCCTGC,3.3226886044401813
27563,0.17454519710077543,16__mutated,PertCortex_16_CGTTGGGCATTTCACT,3.5822440349866445
27564,0.5227626550275912,16__mutated,PertCortex_16_CGTTGGGGTCAGATAA,2.6744943297002672
27565,0.24430962197683065,16__mutated,PertCortex_16_CGTTGGGTCAGTACGT,2.139100885545597
27566,0.17707340995650694,16__mutated,PertCortex_16_CTAACTTAGTCATGCT,3.8955356185199728
27567,0.1633016737207261,16__mutated,PertCortex_16_CTAACTTGTCGAGTTT,4.624245338059942
27568,0.6285570542886931,16__mutated,PertCortex_16_CTAAGACAGCTAGTGG,2.1182601726606793
27569,0.10966839488331853,16__mutated,PertCortex_16_CTAAGACCACCTGGTG,4.5614229158082935
27570,0.4497652176243713,16__mutated,PertCortex_16_CTAAGACCATTCCTGC,2.3981180907847857
27571,0.07869351165981373,16__mutated,PertCortex_16_CTAAGACGTGCCTGGT,3.831254765359289
27572,0.11060850421733455,16__mutated,PertCortex_16_CTAATGGCACTGTTAG,2.662162585093386
27573,0.13102754053597618,16__mutated,PertCortex_16_CTAATGGCATATACCG,5.308554752650159
27574,0.13924598059067922,16__mutated,PertCortex_16_CTAATGGGTTGGAGGT,3.5757973864314665
27575,0.22316912257411975,16__mutated,PertCortex_16_CTAATGGGTTGTTTGG,5.050343298465499
27576,0.26380415924076756,16__mutated,PertCortex_16_CTACACCCATGAACCT,2.760849750872871
27577,0.7238842541491542,16__mutated,PertCortex_16_CTACACCGTTTGACAC,1.6338223152625182
27578,0.12383791152899883,16__mutated,PertCortex_16_CTACACCTCACATGCA,3.3002294516672523
27579,0.6494888650303258,16__mutated,PertCortex_16_CTACACCTCTTCCTTC,2.0508628586666293
27580,0.2073674528974382,16__mutated,PertCortex_16_CTACATTAGAACTGTA,3.181484526197104
27581,0.06383513411595047,16__mutated,PertCortex_16_CTACATTCATCCGTGG,5.645957045646593
27582,0.1580853204977796,16__mutated,PertCortex_16_CTACATTGTCTCATCC,3.887030960844322
27583,0.15164113063454482,16__mutated,PertCortex_16_CTACATTTCCACTCCA,3.650570211718974
27584,0.1652341468238946,16__mutated,PertCortex_16_CTACATTTCGGAAATA,5.031394823399426
27585,0.25452838639168324,16__mutated,PertCortex_16_CTACATTTCGTTGCCT,3.0806130523010826
27586,0.47860493670135784,16__mutated,PertCortex_16_CTACATTTCTGTTTGT,1.6022568381359152
27587,0.10975335531417564,16__mutated,PertCortex_16_CTACCCAAGGCCATAG,3.958088829283029
27588,0.11024754101280204,16__mutated,PertCortex_16_CTACCCAAGGGAGTAA,5.022651316424235
27589,0.5377487673477546,16__mutated,PertCortex_16_CTACCCAAGTCATGCT,2.5739456094127164
27590,0.11486434981167831,16__mutated,PertCortex_16_CTACCCACAAGCGCTC,3.712138003308255
27591,0.6587705252523435,16__mutated,PertCortex_16_CTACCCACAGCTCGCA,2.0978337875364077
27592,0.6614312219281452,16__mutated,PertCortex_16_CTACCCACAGGGAGAG,1.835624166898374
27593,0.13195373665253543,16__mutated,PertCortex_16_CTACCCAGTCTAGCCG,3.7549130700463103
27594,0.1456448668649199,16__mutated,PertCortex_16_CTACCCAGTCTTCTCG,3.3533581435159605
27595,0.17246546335070911,16__mutated,PertCortex_16_CTACCCAGTGATGATA,2.8847547645631995
27596,0.13642277508116515,16__mutated,PertCortex_16_CTACCCAGTTCCACAA,5.32261153089063
27597,0.33300438764600204,16__mutated,PertCortex_16_CTACCCAGTTGCTCCT,3.2976926898255217
27598,0.5417483284506682,16__mutated,PertCortex_16_CTACCCATCACTTCAT,2.289430431202715
27599,0.21908528315303455,16__mutated,PertCortex_16_CTACCCATCAGTTAGC,3.2657355611744845
27600,0.2878734224086491,16__mutated,PertCortex_16_CTACCCATCGTGGTCG,2.5231371061893784
27601,0.1806741487256671,16__mutated,PertCortex_16_CTACGTCAGGAGTTTA,3.503844877605614
27602,0.13240076388426733,16__mutated,PertCortex_16_CTACGTCGTATATCCG,2.312797462520437
27603,0.1486965868880072,16__mutated,PertCortex_16_CTACGTCTCAACTCTT,5.071943461774126
27604,0.40402808452223443,16__mutated,PertCortex_16_CTACGTCTCATGGTCA,2.2545549141545753
27605,0.12524246634097497,16__mutated,PertCortex_16_CTAGAGTAGCCAGAAC,2.13044578751338
27606,0.37976799126277794,16__mutated,PertCortex_16_CTAGAGTAGGTGCACA,3.079741773099191
27607,0.5299830516644328,16__mutated,PertCortex_16_CTAGAGTAGTGCCAGA,1.5728627340219907
27608,0.12270226729323692,16__mutated,PertCortex_16_CTAGAGTCACCTCGGA,5.344167458965554
27609,0.06687710624496668,16__mutated,PertCortex_16_CTAGAGTCATTGTGCA,4.718110138449674
27610,0.33218337635062173,16__mutated,PertCortex_16_CTAGAGTGTGAAAGAG,2.9992978605201697
27611,0.13495748524798318,16__mutated,PertCortex_16_CTAGAGTGTGCCTGGT,4.928363283279288
27612,0.19379824567415757,16__mutated,PertCortex_16_CTAGAGTTCACAGTAC,4.1986959655615355
27613,0.08695422494330791,16__mutated,PertCortex_16_CTAGAGTTCACTCCTG,5.0184248114353505
27614,0.06033565889360457,16__mutated,PertCortex_16_CTAGAGTTCTCTGAGA,3.9468697204616636
27615,0.4313575730930257,16__mutated,PertCortex_16_CTAGCCTAGACTAGGC,3.1946748653916677
27616,0.13499952451205438,16__mutated,PertCortex_16_CTAGCCTCAAACTGCT,4.404814615405951
27617,0.10747613523489918,16__mutated,PertCortex_16_CTAGCCTTCAGCCTAA,3.0607219445235385
27618,0.17485418052005858,16__mutated,PertCortex_16_CTAGCCTTCGACGGAA,3.405088734184333
27619,0.07817015904105136,16__mutated,PertCortex_16_CTAGCCTTCTGTTGAG,2.201989201966539
27620,0.1467827054913891,16__mutated,PertCortex_16_CTAGTGAAGCTCCCAG,2.692767103758595
27621,0.2197997552670425,16__mutated,PertCortex_16_CTAGTGAAGCTTATCG,3.7721870419012182
27622,0.19350480135538506,16__mutated,PertCortex_16_CTAGTGAAGGATGCGT,4.318694775234631
27623,0.26961250083775307,16__mutated,PertCortex_16_CTAGTGACAATCGAAA,3.4757964002426753
27624,0.11614442479691284,16__mutated,PertCortex_16_CTAGTGACAGTCGATT,5.036593457674531
27625,0.12425759769040616,16__mutated,PertCortex_16_CTAGTGAGTACCAGTT,4.577220420948351
27626,0.15865678345382583,16__mutated,PertCortex_16_CTAGTGAGTTACTGAC,3.6543741417698574
27627,0.18633860617104148,16__mutated,PertCortex_16_CTCACACAGAGCTGGT,4.871695280871408
27628,0.11780803546745626,16__mutated,PertCortex_16_CTCACACAGCATCATC,4.056267571507306
27629,0.23916240637409297,16__mutated,PertCortex_16_CTCACACAGTGTACTC,1.8073077836413984
27630,0.1135895722375506,16__mutated,PertCortex_16_CTCACACTCAATCTCT,4.9911998882780235
27631,0.2247465816814933,16__mutated,PertCortex_16_CTCACACTCTGAGTGT,3.0931212665494803
27632,0.5990695568569466,16__mutated,PertCortex_16_CTCACACTCTGTTGAG,2.1200896432123253
27633,0.08288817443254388,16__mutated,PertCortex_16_CTCAGAAAGACCTAGG,4.064414569471473
27634,0.24127903181047486,16__mutated,PertCortex_16_CTCAGAAGTCTCATCC,3.8934589106985324
27635,0.29909289558101737,16__mutated,PertCortex_16_CTCAGAAGTGTTCTTT,2.736947898267564
27636,0.098213079372203,16__mutated,PertCortex_16_CTCAGAATCACCCGAG,3.986463172013192
27637,0.3496897195070936,16__mutated,PertCortex_16_CTCAGAATCACGGTTA,2.0781404579829252
27638,0.1535035727106776,16__mutated,PertCortex_16_CTCAGAATCGTTTGCC,2.944238624939057
27639,0.18787244339630035,16__mutated,PertCortex_16_CTCATTAAGATGTGGC,2.8472705630370565
27640,0.2339495695239749,16__mutated,PertCortex_16_CTCATTACAGCCAATT,5.471258555667521
27641,0.12265032480797,16__mutated,PertCortex_16_CTCATTACATAGAAAC,2.3013246052078378
27642,0.09759590952347624,16__mutated,PertCortex_16_CTCATTAGTTAAGGGC,2.939442885744209
27643,0.24941944900508184,16__mutated,PertCortex_16_CTCATTATCCGAATGT,1.722906376845105
27644,0.10343193485188389,16__mutated,PertCortex_16_CTCATTATCTAACCGA,5.249582089810126
27645,0.3067330524876509,16__mutated,PertCortex_16_CTCCTAGAGAGGTTAT,4.599974871742702
27646,0.5285918734843319,16__mutated,PertCortex_16_CTCCTAGAGGCACATG,1.9312793123237446
27647,0.20231945918875338,16__mutated,PertCortex_16_CTCCTAGAGTGCGTGA,2.2132284722046545
27648,0.16033634040662287,16__mutated,PertCortex_16_CTCCTAGAGTGTCTCA,3.484021811497556
27649,0.49209107083828224,16__mutated,PertCortex_16_CTCCTAGCACCACCAG,2.2560661384463354
27650,0.15106422127940333,16__mutated,PertCortex_16_CTCCTAGGTTTGGCGC,4.2836123416805965
27651,0.33376235385445796,16__mutated,PertCortex_16_CTCGAAAAGAAACGCC,2.1631295552138137
27652,0.2828603438935354,16__mutated,PertCortex_16_CTCGAAAAGTATTGGA,2.761675938361584
27653,0.21445584534480655,16__mutated,PertCortex_16_CTCGAAAAGTGTCCAT,3.8114028140505525
27654,0.22547949024773345,16__mutated,PertCortex_16_CTCGAAACACTTAACG,3.399572030455204
27655,0.24596092198309205,16__mutated,PertCortex_16_CTCGAAACAGCCTATA,2.937213509768266
27656,0.29231889846419207,16__mutated,PertCortex_16_CTCGAAACAGGGATTG,3.717260749965467
27657,0.17015414545193497,16__mutated,PertCortex_16_CTCGAAAGTCGCTTCT,3.2944479542029232
27658,0.18112673405967475,16__mutated,PertCortex_16_CTCGAAAGTTTAAGCC,3.2048575015543372
27659,0.18731959043528426,16__mutated,PertCortex_16_CTCGAAATCCTTCAAT,3.097648780363721
27660,0.08586913664383512,16__mutated,PertCortex_16_CTCGAAATCGTACGGC,4.004208491922812
27661,0.299568410020947,16__mutated,PertCortex_16_CTCGAGGAGGTTACCT,3.5798024660234993
27662,0.12421069193459135,16__mutated,PertCortex_16_CTCGAGGAGTGCGATG,2.9193575055654954
27663,0.6892019032245796,16__mutated,PertCortex_16_CTCGAGGCAGTATGCT,1.4995283417472598
27664,0.19476277938744022,16__mutated,PertCortex_16_CTCGAGGCATTGGTAC,4.103147979294575
27665,0.08468477949882566,16__mutated,PertCortex_16_CTCGGAGAGAAGGACA,3.9575252421886815
27666,0.5013292354996415,16__mutated,PertCortex_16_CTCGGAGCAAGGACTG,2.6731515069583294
27667,0.1794307393329441,16__mutated,PertCortex_16_CTCGGAGGTACCAGTT,3.155618965624908
27668,0.34073634634862676,16__mutated,PertCortex_16_CTCGGAGTCGAGGTAG,2.072523746896059
27669,0.337392245456625,16__mutated,PertCortex_16_CTCGGAGTCGCCAGCA,3.167345703517688
27670,0.24262174204284337,16__mutated,PertCortex_16_CTCGGGAAGACTAAGT,2.643427059746413
27671,0.13772258526576492,16__mutated,PertCortex_16_CTCGGGAAGAGCAATT,4.663627481040386
27672,0.06557782684834405,16__mutated,PertCortex_16_CTCGGGAAGCCGGTAA,4.1846152785915836
27673,0.21883151349554364,16__mutated,PertCortex_16_CTCGGGAAGCGTGTCC,3.200603828963973
27674,0.2682129783110409,16__mutated,PertCortex_16_CTCGGGACAAGCCGCT,2.0581935881940634
27675,0.2803521804138947,16__mutated,PertCortex_16_CTCGGGAGTCTTTCAT,3.199685221548687
27676,0.1719716440823277,16__mutated,PertCortex_16_CTCGGGAGTGATGTGG,3.3156258393417253
27677,0.03357881337576639,16__mutated,PertCortex_16_CTCGGGATCGATAGAA,3.797682041140752
27678,0.2289573417203142,16__mutated,PertCortex_16_CTCGTACAGAGCTGCA,2.4557090353076934
27679,0.15512815268487873,16__mutated,PertCortex_16_CTCGTACCAACTGCTA,2.0447734349616167
27680,0.16130519483553737,16__mutated,PertCortex_16_CTCGTACCACTATCTT,2.8078084169630464
27681,0.3208197522650334,16__mutated,PertCortex_16_CTCGTACCAGTATCTG,2.9645851965994425
27682,0.06578606662427755,16__mutated,PertCortex_16_CTCGTACCATCACGTA,4.183434364542543
27683,0.21650846019977268,16__mutated,PertCortex_16_CTCGTACGTCAATGTC,4.653227864161525
27684,0.2266829321891648,16__mutated,PertCortex_16_CTCGTCAAGAAGCCCA,2.880864030384543
27685,0.34532920905055564,16__mutated,PertCortex_16_CTCGTCAAGTCAATAG,2.948425360915609
27686,0.3304052580037082,16__mutated,PertCortex_16_CTCGTCAAGTGAACAT,3.658932330666113
27687,0.4147891491767569,16__mutated,PertCortex_16_CTCGTCAAGTGAATTG,1.7369539104188734
27688,0.12152001443665444,16__mutated,PertCortex_16_CTCGTCACAGACTCGC,4.40777282490471
27689,0.10926926740360127,16__mutated,PertCortex_16_CTCGTCATCGAATGCT,4.620394167827339
27690,0.41622729152926463,16__mutated,PertCortex_16_CTCGTCATCGGAGGTA,1.8584557648049473
27691,0.19256969889518052,16__mutated,PertCortex_16_CTCGTCATCGTGGACC,3.8197291243880644
27692,0.18240660457024543,16__mutated,PertCortex_16_CTCGTCATCTTACCTA,3.9366684298542958
27693,0.17971483912316552,16__mutated,PertCortex_16_CTCTAATAGTGGGTTG,2.6576588817461544
27694,0.422851307863108,16__mutated,PertCortex_16_CTCTAATGTCCTCCAT,1.47744291716759
27695,0.05047142719315636,16__mutated,PertCortex_16_CTCTAATTCGTTACGA,4.099873144973415
27696,0.12720765709854207,16__mutated,PertCortex_16_CTCTACGGTATCAGTC,5.440217391284013
27697,0.13793547042093976,16__mutated,PertCortex_16_CTCTACGGTTCAGCGC,3.7035813324283473
27698,0.41264505321790956,16__mutated,PertCortex_16_CTCTACGTCTAACGGT,2.847123057744605
27699,0.16074061600652076,16__mutated,PertCortex_16_CTCTACGTCTGCAGTA,3.7076379159433572
27700,0.28317053976805306,16__mutated,PertCortex_16_CTCTGGTAGAAACGAG,2.3855268916007106
27701,0.30670404426153564,16__mutated,PertCortex_16_CTCTGGTCAACACGCC,2.396263309547611
27702,0.5079964041699386,16__mutated,PertCortex_16_CTCTGGTGTCGGCATC,1.8620329528326727
27703,0.19734272036533893,16__mutated,PertCortex_16_CTCTGGTTCTCTTGAT,2.6745822864240574
27704,0.3208431078808657,16__mutated,PertCortex_16_CTGAAACAGTGAAGTT,2.7515571689068485
27705,0.28288777569367074,16__mutated,PertCortex_16_CTGAAACCAAGGTGTG,3.258890723794975
27706,0.30714771150124975,16__mutated,PertCortex_16_CTGAAACCACAACTGT,2.236379446312685
27707,0.38936357226071816,16__mutated,PertCortex_16_CTGAAACCATCACGAT,2.204042321631064
27708,0.6409788732245248,16__mutated,PertCortex_16_CTGAAACTCAAACGGG,2.140774677184261
27709,0.10925748814751324,16__mutated,PertCortex_16_CTGAAACTCACCGTAA,4.509347099699488
27710,0.17451757846158086,16__mutated,PertCortex_16_CTGAAACTCGCGCCAA,2.8858134299206624
27711,0.35716839563750447,16__mutated,PertCortex_16_CTGAAGTAGAAGGTTT,2.7253490858948557
27712,0.23859576936378651,16__mutated,PertCortex_16_CTGAAGTAGAATGTTG,3.6311172517725434
27713,0.13881859340109168,16__mutated,PertCortex_16_CTGAAGTAGTCCAGGA,4.022592658964011
27714,0.23693910292013912,16__mutated,PertCortex_16_CTGAAGTCATTCTCAT,3.387299425522394
27715,0.17717356618673766,16__mutated,PertCortex_16_CTGAAGTGTTCCGTCT,4.011768329088314
27716,0.1859301866672785,16__mutated,PertCortex_16_CTGAAGTTCCAGTAGT,3.101038389230077
27717,0.22739164831426453,16__mutated,PertCortex_16_CTGATAGAGATCCCAT,3.1500949374929634
27718,0.34062042675610127,16__mutated,PertCortex_16_CTGATAGCAGGGTTAG,2.988939511931372
27719,0.4108852064770848,16__mutated,PertCortex_16_CTGATAGTCAGTTGAC,2.707676543002153
27720,0.3263182044078568,16__mutated,PertCortex_16_CTGATAGTCTGGCGAC,2.9358258054654454
27721,0.24818267618007692,16__mutated,PertCortex_16_CTGATCCCAGTCGTGC,3.0606913439491383
27722,0.16658767439454827,16__mutated,PertCortex_16_CTGATCCGTACAGTGG,2.6651155268939073
27723,0.5016605313768163,16__mutated,PertCortex_16_CTGATCCGTCGCATCG,2.1578506974919653
27724,0.22325247962271658,16__mutated,PertCortex_16_CTGATCCGTTGCTCCT,2.509547572131809
27725,0.2780451475378756,16__mutated,PertCortex_16_CTGATCCTCAAGATCC,1.8892164869299435
27726,0.08744430004897617,16__mutated,PertCortex_16_CTGATCCTCGCGGATC,4.1967672496674036
27727,0.21281105203652778,16__mutated,PertCortex_16_CTGATCCTCGCTGATA,5.67399861384954
27728,0.25554147867274646,16__mutated,PertCortex_16_CTGATCCTCTGTTGAG,2.6887228970106323
27729,0.07463164430958724,16__mutated,PertCortex_16_CTGCCTAAGCGTTTAC,2.2213835355622025
27730,0.32265628146295255,16__mutated,PertCortex_16_CTGCCTAAGTCCTCCT,2.3072961082904277
27731,0.17302711258210274,16__mutated,PertCortex_16_CTGCCTAAGTGGTAAT,4.182278752034501
27732,0.0460946625665871,16__mutated,PertCortex_16_CTGCCTACAATAGCGG,2.1659914579298016
27733,0.2119059307604957,16__mutated,PertCortex_16_CTGCCTACATACGCCG,3.6528921368445326
27734,0.21050312269338006,16__mutated,PertCortex_16_CTGCCTAGTAAGTGTA,4.4566621903521435
27735,0.1452228854997679,16__mutated,PertCortex_16_CTGCGGACATCGATTG,2.7653231005889074
27736,0.24036939628016302,16__mutated,PertCortex_16_CTGCGGAGTATAGGTA,2.230268949878312
27737,0.12906458037202342,16__mutated,PertCortex_16_CTGCGGAGTGTTGAGG,4.837532442081677
27738,0.35299241058021996,16__mutated,PertCortex_16_CTGCGGAGTTCCACTC,2.1028672873577308
27739,0.08486457234114643,16__mutated,PertCortex_16_CTGCGGATCACAAACC,3.6896064633518018
27740,0.3780162018592328,16__mutated,PertCortex_16_CTGCGGATCAGATAAG,2.042692631267988
27741,0.0634527956153747,16__mutated,PertCortex_16_CTGCGGATCATCTGCC,3.5342963184860317
27742,0.1779899447025376,16__mutated,PertCortex_16_CTGCTGTCAAGCCGTC,3.6207924461207712
27743,0.2504076839842086,16__mutated,PertCortex_16_CTGCTGTGTCATGCCG,4.258149749964905
27744,0.452914305029307,16__mutated,PertCortex_16_CTGCTGTGTGTGCGTC,2.2728867341413066
27745,0.17509400347639145,16__mutated,PertCortex_16_CTGGTCTAGCTAGGCA,3.8616224270988755
27746,0.457787476954361,16__mutated,PertCortex_16_CTGGTCTAGGTGCACA,1.9154881630133551
27747,0.5105535311516626,16__mutated,PertCortex_16_CTGGTCTCAATCGGTT,1.7465428123891735
27748,0.6472528838969587,16__mutated,PertCortex_16_CTGGTCTCACCCTATC,1.7539826673514345
27749,0.2964838026275021,16__mutated,PertCortex_16_CTGTGCTAGAGTTGGC,3.5743640232167757
27750,0.2954255721046204,16__mutated,PertCortex_16_CTGTGCTCACGCGAAA,2.2181050179845894
27751,0.22021070302205303,16__mutated,PertCortex_16_CTGTGCTGTAGCGTGA,4.314455943461205
27752,0.3090060902626306,16__mutated,PertCortex_16_CTGTGCTGTCCAGTAT,2.165679658983823
27753,0.04971267431613451,16__mutated,PertCortex_16_CTGTGCTGTGGTCCGT,3.5529990759093426
27754,0.10778107668643179,16__mutated,PertCortex_16_CTGTGCTGTGTTCTTT,5.130630013929617
27755,0.24859749010784277,16__mutated,PertCortex_16_CTGTGCTGTTCCACTC,2.8547827628705007
27756,0.15715291671274476,16__mutated,PertCortex_16_CTGTGCTTCGATCCCT,4.4654358591957894
27757,0.23869398545847528,16__mutated,PertCortex_16_CTGTTTAAGTCTCAAC,3.8645832021197646
27758,0.006989571924422901,16__mutated,PertCortex_16_CTGTTTACACGAAAGC,2.941720873147472
27759,0.08648785370240678,16__mutated,PertCortex_16_CTGTTTACATACTCTT,3.996540271290079
27760,0.5840304943190049,16__mutated,PertCortex_16_CTGTTTAGTACTTGAC,2.355562148323932
27761,0.21605690036965128,16__mutated,PertCortex_16_CTGTTTAGTATTAGCC,2.455021152082789
27762,0.09364114350097036,16__mutated,PertCortex_16_CTGTTTAGTCACCCAG,4.084821094558953
27763,0.09961900066210055,16__mutated,PertCortex_16_CTGTTTAGTCCGAGTC,3.1573607120613216
27764,0.4496218917643682,16__mutated,PertCortex_16_CTGTTTAGTGCAGGTA,2.768330141651551
27765,0.3256264497494504,16__mutated,PertCortex_16_CTGTTTAGTGTTTGGT,2.4106602152920824
27766,0.533695945234978,16__mutated,PertCortex_16_CTTAACTAGCCAGAAC,1.6380438441784417
27767,0.10218156159459951,16__mutated,PertCortex_16_CTTAACTAGGCTACGA,3.96982136870886
27768,0.5083509445773186,16__mutated,PertCortex_16_CTTAACTCAAGGTTTC,2.768381530880329
27769,0.2571369637507903,16__mutated,PertCortex_16_CTTAACTCACGCTTTC,3.3005639407994836
27770,0.021614088060483858,16__mutated,PertCortex_16_CTTAACTCAGGACGTA,3.4022917674194333
27771,0.30909127455295105,16__mutated,PertCortex_16_CTTAACTCATAGACTC,3.2194715651540715
27772,0.1332616211808889,16__mutated,PertCortex_16_CTTAACTGTCTTTCAT,4.602941746844188
27773,0.518697065452529,16__mutated,PertCortex_16_CTTACCGAGATGTCGG,1.939971722222668
27774,0.13945028732962142,16__mutated,PertCortex_16_CTTACCGCAATGACCT,2.613827547620402
27775,0.2852801889261782,16__mutated,PertCortex_16_CTTACCGGTAATCACC,2.455978387054935
27776,0.18545286023053015,16__mutated,PertCortex_16_CTTACCGGTACCGCTG,4.588153002244222
27777,0.42539667323916636,16__mutated,PertCortex_16_CTTACCGGTACTCGCG,2.259322604536792
27778,0.11328798611349178,16__mutated,PertCortex_16_CTTACCGGTGCGCTTG,4.21283339197781
27779,0.27144497414001356,16__mutated,PertCortex_16_CTTACCGGTGTTTGTG,3.3449492922150474
27780,0.09647531813411325,16__mutated,PertCortex_16_CTTACCGTCAATCACG,3.318683293693325
27781,0.21326007711580836,16__mutated,PertCortex_16_CTTACCGTCGCAAGCC,3.493422295285827
27782,0.4611993461593846,16__mutated,PertCortex_16_CTTAGGACAAGACGTG,2.7703521091732797
27783,0.17069567005124595,16__mutated,PertCortex_16_CTTAGGACACGGTTTA,3.768128876376695
27784,0.14018009896297332,16__mutated,PertCortex_16_CTTAGGACAGTCCTTC,2.853114998001858
27785,0.15087101418612558,16__mutated,PertCortex_16_CTTAGGACATGGATGG,3.93955888145115
27786,0.11589371588351671,16__mutated,PertCortex_16_CTTAGGATCACTTCAT,4.878986306268962
27787,0.21142401678857112,16__mutated,PertCortex_16_CTTAGGATCAGTTCGA,2.2353484082012223
27788,0.08407492547820715,16__mutated,PertCortex_16_CTTAGGATCTATCCTA,3.205236951649351
27789,0.1154319345297684,16__mutated,PertCortex_16_CTTCTCTAGCAGCGTA,4.22922600212529
27790,0.18839348705892586,16__mutated,PertCortex_16_CTTCTCTGTCAGTGGA,3.946392413589987
27791,0.10983505746028434,16__mutated,PertCortex_16_CTTCTCTGTCCTAGCG,2.6102942617238085
27792,0.2369345640004212,16__mutated,PertCortex_16_CTTCTCTGTGTGACCC,3.1386554696728246
27793,0.17955802271395616,16__mutated,PertCortex_16_CTTCTCTTCTGATTCT,4.882896124311896
27794,0.11634333703367439,16__mutated,PertCortex_16_CTTGGCTCAAGACACG,2.5850622556808664
27795,0.2763076454713314,16__mutated,PertCortex_16_CTTGGCTCACCTCGTT,3.2605817791491645
27796,0.058856356721525754,16__mutated,PertCortex_16_CTTGGCTCACTACAGT,5.046552194485737
27797,0.37209041318683617,16__mutated,PertCortex_16_CTTGGCTGTGGTTTCA,2.4387002530927866
27798,0.32913690725301853,16__mutated,PertCortex_16_CTTTGCGAGGAGCGAG,2.335376877639369
27799,0.0743034136218393,16__mutated,PertCortex_16_CTTTGCGCAAGCTGAG,2.8753916852230232
27800,0.1672531313212407,16__mutated,PertCortex_16_CTTTGCGCAGGCTCAC,3.5313921378264923
27801,0.242176655064231,16__mutated,PertCortex_16_CTTTGCGTCGGCCGAT,3.581792373741383
27802,0.0732074485725421,16__mutated,PertCortex_16_CTTTGCGTCTACTTAC,4.349724720241485
27803,0.299102109573214,16__mutated,PertCortex_16_GAAACTCAGCCATCGC,1.7798478052910895
27804,0.2727914238887979,16__mutated,PertCortex_16_GAAACTCCACTCTGTC,3.0069475645216115
27805,0.17830739762909115,16__mutated,PertCortex_16_GAAACTCGTACCGCTG,2.9685770441228767
27806,0.1217982085427196,16__mutated,PertCortex_16_GAAACTCGTGAGTGAC,3.881674358970902
27807,0.1133482975175322,16__mutated,PertCortex_16_GAAACTCTCAATCTCT,3.6213517680408867
27808,0.2104753864946338,16__mutated,PertCortex_16_GAAACTCTCTGGCGAC,3.9073393840516544
27809,0.5362046005225752,16__mutated,PertCortex_16_GAAATGAAGAGGTAGA,1.6844189970868793
27810,0.16199412178904474,16__mutated,PertCortex_16_GAAATGAAGCGTTCCG,4.855585012379219
27811,0.13366334179086098,16__mutated,PertCortex_16_GAAATGAAGCTAGGCA,3.049609813520002
27812,0.15901830180563795,16__mutated,PertCortex_16_GAAATGACACGAAATA,4.852824022430566
27813,0.25376373740383235,16__mutated,PertCortex_16_GAAATGAGTACAGACG,3.968677944555666
27814,0.5956043274910456,16__mutated,PertCortex_16_GAAATGAGTACGCTGC,2.152320447399856
27815,0.20945095606321737,16__mutated,PertCortex_16_GAAATGATCAACCATG,3.1270878676523406
27816,0.21636926613869506,16__mutated,PertCortex_16_GAAATGATCCCTAACC,2.4529374163457036
27817,0.288947968612703,16__mutated,PertCortex_16_GAAATGATCGGGAGTA,2.862236542292685
27818,0.4747138460256702,16__mutated,PertCortex_16_GAACATCAGCAAATCA,2.6645836496852224
27819,0.15622426276320855,16__mutated,PertCortex_16_GAACATCAGCTGCAAG,3.974914091441821
27820,0.09985242421879942,16__mutated,PertCortex_16_GAACATCCAAGCGAGT,4.541589310023462
27821,0.22123146028754223,16__mutated,PertCortex_16_GAACATCCAAGCTGGA,3.8397697428616584
27822,0.2399157202059848,16__mutated,PertCortex_16_GAACATCCAATCACAC,3.238178283143038
27823,0.36979911856154357,16__mutated,PertCortex_16_GAACATCGTAAAGGAG,2.7245058445232426
27824,0.1398599850554374,16__mutated,PertCortex_16_GAACATCGTAGTAGTA,3.8870720022893552
27825,0.17557145645754,16__mutated,PertCortex_16_GAACATCGTCGAATCT,2.8027075467088993
27826,0.11291138288579997,16__mutated,PertCortex_16_GAACCTAAGCCCAATT,3.9007198517427764
27827,0.1604740395990515,16__mutated,PertCortex_16_GAACCTAAGTGTACTC,3.5480741935397537
27828,0.160893859032662,16__mutated,PertCortex_16_GAACCTAGTCTAGTCA,2.6758138968136964
27829,0.221010229099852,16__mutated,PertCortex_16_GAACCTAGTGCTCTTC,3.993253766921445
27830,0.19163979784925678,16__mutated,PertCortex_16_GAACCTATCAGTCCCT,2.632901206546507
27831,0.1675728649227108,16__mutated,PertCortex_16_GAACCTATCTTGACGA,3.8124520026780226
27832,0.4198763811673138,16__mutated,PertCortex_16_GAACGGAAGGAGTAGA,1.7146667800167235
27833,0.07824623941392125,16__mutated,PertCortex_16_GAACGGAGTCTGGTCG,3.9484164354861684
27834,0.24241636860375004,16__mutated,PertCortex_16_GAACGGATCGCTTAGA,3.018517530229552
27835,0.18637880138149254,16__mutated,PertCortex_16_GAAGCAGCAACGATGG,2.8168683569227735
27836,0.11370314862480586,16__mutated,PertCortex_16_GAAGCAGCAAGAGTCG,3.8106678577118505
27837,0.5849080760019106,16__mutated,PertCortex_16_GAATAAGAGAGCTGCA,2.043025494630493
27838,0.24598177762642942,16__mutated,PertCortex_16_GAATAAGAGCGTAGTG,3.3978491160455286
27839,0.21402079964107096,16__mutated,PertCortex_16_GAATAAGAGGCTAGAC,3.263215364355131
27840,0.15453050065862364,16__mutated,PertCortex_16_GAATAAGCAATGAAAC,4.607881519658459
27841,0.3521119322596392,16__mutated,PertCortex_16_GAATAAGCACCGGAAA,2.7417828612573643
27842,0.2316995724812194,16__mutated,PertCortex_16_GAATAAGCACGAAACG,3.621859438976042
27843,0.2569109806748731,16__mutated,PertCortex_16_GAATAAGCACTTAACG,3.053168571511296
27844,0.6390455638958557,16__mutated,PertCortex_16_GAATAAGCATATGGTC,1.8058363309607874
27845,0.07784605951792585,16__mutated,PertCortex_16_GAATAAGCATGGTAGG,4.754850154211528
27846,0.1319526398223131,16__mutated,PertCortex_16_GAATAAGGTGAGGCTA,4.273793478191084
27847,0.17417859486443132,16__mutated,PertCortex_16_GAATAAGGTTATCACG,2.8584284818844603
27848,0.2278386466905075,16__mutated,PertCortex_16_GAATAAGGTTCGTCTC,4.716762302443876
27849,0.23759150007738586,16__mutated,PertCortex_16_GAATGAAAGATATGCA,2.6880413344472003
27850,0.1937931321352371,16__mutated,PertCortex_16_GAATGAACACGGTTTA,4.10240247537336
27851,0.10464101432673521,16__mutated,PertCortex_16_GAATGAACAGACTCGC,4.299560077268212
27852,0.34110959110333294,16__mutated,PertCortex_16_GAATGAACATAACCTG,3.131956610710395
27853,0.3610945252007284,16__mutated,PertCortex_16_GAATGAAGTAACGCGA,1.8769521563681892
27854,0.143659909951574,16__mutated,PertCortex_16_GAATGAAGTAATCACC,3.498120232700333
27855,0.13766051742158564,16__mutated,PertCortex_16_GAATGAAGTCCATGAT,2.7747918101671596
27856,0.09385581256831016,16__mutated,PertCortex_16_GACACGCAGGATGTAT,2.977840177605969
27857,0.11269767329666597,16__mutated,PertCortex_16_GACACGCAGTAGCGGT,3.352479825373006
27858,0.5783948218378273,16__mutated,PertCortex_16_GACACGCCAACACCCG,2.145372306079098
27859,0.1916526038517826,16__mutated,PertCortex_16_GACACGCCACATTTCT,3.751479323449497
27860,0.09352183926688461,16__mutated,PertCortex_16_GACACGCCAGGCTCAC,4.501885744043033
27861,0.5106833058178153,16__mutated,PertCortex_16_GACACGCCAGTATCTG,1.6567926361718357
27862,0.13972714217511661,16__mutated,PertCortex_16_GACACGCCATCACCCT,3.2790164532407755
27863,0.2493749321833001,16__mutated,PertCortex_16_GACACGCGTGTATGGG,2.3047944057404366
27864,0.21777828502332466,16__mutated,PertCortex_16_GACACGCTCTGCCCTA,3.5449448066590805
27865,0.3559935309800143,16__mutated,PertCortex_16_GACAGAGCAATAGCAA,1.8892453821437218
27866,0.3299281907470185,16__mutated,PertCortex_16_GACAGAGCAGATGGGT,4.397883973531347
27867,0.125326894493313,16__mutated,PertCortex_16_GACAGAGCAGCTCCGA,3.4332540374492546
27868,0.5572462977997297,16__mutated,PertCortex_16_GACAGAGGTCAAAGAT,1.6781529583998904
27869,0.17447499651616807,16__mutated,PertCortex_16_GACAGAGGTGGTCCGT,3.116943323179106
27870,0.23092932464936564,16__mutated,PertCortex_16_GACCAATAGCCCAACC,4.402052711740584
27871,0.27857895349058226,16__mutated,PertCortex_16_GACCAATAGTTCCACA,3.360332192621209
27872,0.1718377278768677,16__mutated,PertCortex_16_GACCAATCATTCCTCG,3.9869994430837385
27873,0.5047162142369391,16__mutated,PertCortex_16_GACCAATGTACACCGC,2.6074535662319382
27874,0.28830959869961953,16__mutated,PertCortex_16_GACCAATGTGAAATCA,2.395332733384612
27875,0.07998281412710895,16__mutated,PertCortex_16_GACCTGGAGAACTGTA,2.4707609155428374
27876,0.15998069882553068,16__mutated,PertCortex_16_GACCTGGAGAAGGGTA,3.3476135498966597
27877,0.3803673030799094,16__mutated,PertCortex_16_GACCTGGCAAGCTGTT,2.0481105689649937
27878,0.05837528391854535,16__mutated,PertCortex_16_GACCTGGCATGCTGGC,4.0577174673127905
27879,0.22511879120481143,16__mutated,PertCortex_16_GACCTGGGTCACTGGC,1.435106964642026
27880,0.16418084213867676,16__mutated,PertCortex_16_GACGCGTAGACGCTTT,3.0797159233925813
27881,0.12026290642111823,16__mutated,PertCortex_16_GACGCGTAGTGCGATG,4.2868175423803505
27882,0.11674075085181265,16__mutated,PertCortex_16_GACGCGTAGTGGGATC,4.857143612940778
27883,0.07585263673495381,16__mutated,PertCortex_16_GACGCGTCATCATCCC,4.8837990403920974
27884,0.1470707048438082,16__mutated,PertCortex_16_GACGCGTCATGAACCT,3.5217349436957974
27885,0.3665042231164156,16__mutated,PertCortex_16_GACGCGTTCGCTGATA,2.2189613219610163
27886,0.6720507352341745,16__mutated,PertCortex_16_GACGCGTTCTTAACCT,1.430240404506287
27887,0.23557247021794683,16__mutated,PertCortex_16_GACGGCTAGCGATGAC,3.315234021437079
27888,0.22083509953055527,16__mutated,PertCortex_16_GACGGCTCAGCGAACA,3.656219119441207
27889,0.09704534369609094,16__mutated,PertCortex_16_GACGGCTCATGCAACT,3.6701989626409346
27890,0.15279438644020546,16__mutated,PertCortex_16_GACGGCTTCGGCTACG,3.33604312912602
27891,0.1029666095077589,16__mutated,PertCortex_16_GACGTGCAGGTACTCT,2.3911123954584594
27892,0.20801231711231666,16__mutated,PertCortex_16_GACGTGCAGTGGCACA,3.8326544978987123
27893,0.6016271427228422,16__mutated,PertCortex_16_GACGTGCCAGGTCCAC,1.8819863559816257
27894,0.047309622252221246,16__mutated,PertCortex_16_GACGTGCGTTGTGGAG,4.522316728718086
27895,0.20672806695684617,16__mutated,PertCortex_16_GACGTGCTCAACGAAA,2.469879608002524
27896,0.20208136053878248,16__mutated,PertCortex_16_GACGTTACAAGCCCAC,4.240396737006684
27897,0.25145715720683204,16__mutated,PertCortex_16_GACGTTACACGGCGTT,1.0951207999069734
27898,0.11755402422433488,16__mutated,PertCortex_16_GACGTTAGTTGGTAAA,3.2040035930380273
27899,0.17514546168470607,16__mutated,PertCortex_16_GACGTTATCTTACCGC,3.837969626077476
27900,0.17924635411752016,16__mutated,PertCortex_16_GACTAACAGAAGGCCT,4.08444175834077
27901,0.11071238115868284,16__mutated,PertCortex_16_GACTAACAGCGTTGCC,5.0396019854739835
27902,0.3622057287605814,16__mutated,PertCortex_16_GACTAACCATTGTGCA,1.6744477473790562
27903,0.17376521762832955,16__mutated,PertCortex_16_GACTAACGTAACGTTC,4.420141199493666
27904,0.2462159899411287,16__mutated,PertCortex_16_GACTAACGTCCCTACT,2.7362216370405545
27905,0.07540966654295769,16__mutated,PertCortex_16_GACTAACTCACAATGC,4.756410519868768
27906,0.09322977246914045,16__mutated,PertCortex_16_GACTACAAGCTGCCCA,3.600291873793915
27907,0.1722828697445169,16__mutated,PertCortex_16_GACTACAGTCTAGTCA,4.054512000722908
27908,0.1558570556717504,16__mutated,PertCortex_16_GACTACAGTCTCCCTA,3.975271758580598
27909,0.24188379383830524,16__mutated,PertCortex_16_GACTACATCATATCGG,3.7113935059512766
27910,0.4242503381222242,16__mutated,PertCortex_16_GACTACATCGGTGTCG,2.107495036080215
27911,0.13899343817302323,16__mutated,PertCortex_16_GACTACATCTACTCAT,2.9023847965862832
27912,0.2315431537948708,16__mutated,PertCortex_16_GACTGCGCAACACGCC,3.2850851101815897
27913,0.2008576919072021,16__mutated,PertCortex_16_GACTGCGCATTTCACT,3.4130193251276553
27914,0.592234063458473,16__mutated,PertCortex_16_GACTGCGCATTTGCTT,2.4318704546204573
27915,0.2548428014207663,16__mutated,PertCortex_16_GACTGCGGTCGAGATG,2.460052270448685
27916,0.2528907321868215,16__mutated,PertCortex_16_GACTGCGTCAGTTCGA,3.1607970819461353
27917,0.568770229347556,16__mutated,PertCortex_16_GAGCAGAAGAATAGGG,2.3125471987434874
27918,0.0974436578054813,16__mutated,PertCortex_16_GAGCAGAAGAGCAATT,3.4332952111650084
27919,0.11702193661820333,16__mutated,PertCortex_16_GAGCAGACAATCTGCA,3.9510490331448356
27920,0.3205927399904474,16__mutated,PertCortex_16_GAGCAGAGTAGCCTAT,3.151741146237693
27921,0.12504576040029158,16__mutated,PertCortex_16_GAGCAGATCATAGCAC,2.3477447829879177
27922,0.17787611071948475,16__mutated,PertCortex_16_GAGGTGAAGCGTAGTG,4.112332921687701
27923,0.09697255780615088,16__mutated,PertCortex_16_GAGGTGAAGTGGGTTG,4.2065042224559965
27924,0.18891043082357595,16__mutated,PertCortex_16_GAGGTGACACCCATTC,1.8863561159089877
27925,0.3325921947281605,16__mutated,PertCortex_16_GAGGTGACAGTACACT,1.050640995349673
27926,0.19583819866564972,16__mutated,PertCortex_16_GAGGTGATCGTACGGC,2.508076616018021
27927,0.0660019704073857,16__mutated,PertCortex_16_GAGGTGATCGTCTGAA,4.514607064055648
27928,0.20683087759937208,16__mutated,PertCortex_16_GAGTCCGAGATACACA,3.2596633818370027
27929,0.15293563609611485,16__mutated,PertCortex_16_GAGTCCGAGCGACGTA,3.3764634535275118
27930,0.13025303077656644,16__mutated,PertCortex_16_GAGTCCGCAATAAGCA,4.017566577206506
27931,0.14897535662858394,16__mutated,PertCortex_16_GAGTCCGGTAGCTCCG,2.28324565156461
27932,0.18156110098309966,16__mutated,PertCortex_16_GAGTCCGGTTCCCTTG,3.154879314802323
27933,0.17543275302334427,16__mutated,PertCortex_16_GAGTCCGTCCCAGGTG,3.975700822855141
27934,0.12397227418203295,16__mutated,PertCortex_16_GAGTCCGTCGTTTATC,3.203184111792238
27935,0.08970130269021459,16__mutated,PertCortex_16_GATCAGTAGCACCGTC,1.8849830013164104
27936,0.576866185948387,16__mutated,PertCortex_16_GATCAGTAGGACAGCT,2.375976442867283
27937,0.5449117230734837,16__mutated,PertCortex_16_GATCAGTAGGTGCACA,1.966592896636042
27938,0.08731704670193918,16__mutated,PertCortex_16_GATCAGTCACCGATAT,4.313823929301987
27939,0.09706249230247127,16__mutated,PertCortex_16_GATCAGTGTGTCGCTG,4.026626328230592
27940,0.48722387291458863,16__mutated,PertCortex_16_GATCAGTTCACAGGCC,3.2437307288317827
27941,0.22062608758532437,16__mutated,PertCortex_16_GATCGATAGATCTGAA,2.4580433264245314
27942,0.08169086458279948,16__mutated,PertCortex_16_GATCGATAGCGATATA,2.285058372457805
27943,0.10330009071614758,16__mutated,PertCortex_16_GATCGATAGCGTAGTG,5.3826212814409935
27944,0.20263893333361413,16__mutated,PertCortex_16_GATCGATAGTCGCCGT,4.120285969609062
27945,0.18014074880904274,16__mutated,PertCortex_16_GATCGATCATATACGC,3.8270508511418133
27946,0.6483582623335709,16__mutated,PertCortex_16_GATCGATGTGCAGGTA,1.4127403055417196
27947,0.24110405264470564,16__mutated,PertCortex_16_GATCGATGTTCGAATC,3.569804056869897
27948,0.47660617971878944,16__mutated,PertCortex_16_GATCGATTCCCGGATG,1.1692793137308581
27949,0.26291067280827185,16__mutated,PertCortex_16_GATCGATTCTCAAACG,3.3099483921817736
27950,0.4930574610823175,16__mutated,PertCortex_16_GATCGCGGTATGCTTG,2.132256182421645
27951,0.31380426546334433,16__mutated,PertCortex_16_GATCGCGGTGCGATAG,3.170457532193381
27952,0.20143962123277423,16__mutated,PertCortex_16_GATCGTACAATGTTGC,4.584138736927996
27953,0.051658135118264344,16__mutated,PertCortex_16_GATCGTACACGAAACG,4.262726111308734
27954,0.15164311692110152,16__mutated,PertCortex_16_GATCGTACAGCGATCC,4.470149345858886
27955,0.5974559582733373,16__mutated,PertCortex_16_GATCGTACAGTCGATT,1.9184352157232172
27956,0.17860395908029764,16__mutated,PertCortex_16_GATCGTACATTTCACT,3.1040711982400073
27957,0.08546497465921686,16__mutated,PertCortex_16_GATCGTAGTGAGGGAG,3.8766739861601156
27958,0.3665429538398241,16__mutated,PertCortex_16_GATCGTAGTTCGGCAC,1.6775749537596825
27959,0.11196058200242753,16__mutated,PertCortex_16_GATCGTATCATGTCTT,4.412590579019208
27960,0.11003124307283549,16__mutated,PertCortex_16_GATCTAGAGCAGACTG,3.3975867383706304
27961,0.10668871906644196,16__mutated,PertCortex_16_GATCTAGCACACTGCG,4.03060781394629
27962,0.11390098896007404,16__mutated,PertCortex_16_GATCTAGCATTGGGCC,4.539147139236893
27963,0.1980222830247335,16__mutated,PertCortex_16_GATCTAGGTAAACCTC,2.9949824498981026
27964,0.052461867074975896,16__mutated,PertCortex_16_GATCTAGGTTACCGAT,4.00427935855405
27965,0.31168155468413417,16__mutated,PertCortex_16_GATCTAGTCAACTCTT,3.514232553767797
27966,0.05616357389718637,16__mutated,PertCortex_16_GATCTAGTCAGGCCCA,3.6132150618396173
27967,0.2960196384924287,16__mutated,PertCortex_16_GATCTAGTCCCTGACT,3.886066282155338
27968,0.09735808346641465,16__mutated,PertCortex_16_GATCTAGTCGCATGAT,4.718259250327029
27969,0.22206941371080685,16__mutated,PertCortex_16_GATCTAGTCTGTACGA,2.8006241935803824
27970,0.1377566306082443,16__mutated,PertCortex_16_GATGAAAAGCTGCGAA,4.2971998720749465
27971,0.5235881819203823,16__mutated,PertCortex_16_GATGAAACATCGACGC,1.748284899129344
27972,0.17496136118451833,16__mutated,PertCortex_16_GATGAAAGTACGCACC,3.9944060314598677
27973,0.5674423104821825,16__mutated,PertCortex_16_GATGAAATCACCGGGT,1.6763042974957034
27974,0.17838477120799479,16__mutated,PertCortex_16_GATGAAATCGCGATCG,4.242519474448458
27975,0.13552447115067423,16__mutated,PertCortex_16_GATGAAATCTGGAGCC,4.289672758253804
27976,0.11385358697672557,16__mutated,PertCortex_16_GATGAGGAGATCCCAT,2.837496286552413
27977,0.21437717524656885,16__mutated,PertCortex_16_GATGAGGAGCATCATC,4.854808185861763
27978,0.1875630253142569,16__mutated,PertCortex_16_GATGAGGAGCTAGTGG,3.59837964196102
27979,0.2621804963588253,16__mutated,PertCortex_16_GATGAGGCAATGACCT,2.5075068585520595
27980,0.21863200538551142,16__mutated,PertCortex_16_GATGAGGCACAACGTT,2.379350410822031
27981,0.16127478279845597,16__mutated,PertCortex_16_GATGAGGGTAGAGTGC,4.09505991383045
27982,0.06128445457180685,16__mutated,PertCortex_16_GATGAGGGTAGCTTGT,3.881946268089123
27983,0.013889779972128343,16__mutated,PertCortex_16_GATGAGGTCAGGCGAA,3.062081427824949
27984,0.12288006159123781,16__mutated,PertCortex_16_GATGCTAAGATGGCGT,2.9630237570529134
27985,0.2416497606686203,16__mutated,PertCortex_16_GATGCTACATATGCTG,2.6895479504185067
27986,0.2769466805687773,16__mutated,PertCortex_16_GATGCTACATTGTGCA,1.71853644983762
27987,0.14205820913785583,16__mutated,PertCortex_16_GATGCTATCCAGGGCT,3.6481336184105366
27988,0.5021132095233835,16__mutated,PertCortex_16_GATTCAGCAACTTGAC,1.6787539804825824
27989,0.12821565110745842,16__mutated,PertCortex_16_GATTCAGGTAGGCATG,4.506222244005594
27990,0.2848290181404575,16__mutated,PertCortex_16_GCAAACTCAGACGCCT,2.0956092217087163
27991,0.5826149633011315,16__mutated,PertCortex_16_GCAAACTGTCTAGGTT,2.2228753859919546
27992,0.291537103985147,16__mutated,PertCortex_16_GCAAACTGTGCAACTT,3.5425902594550918
27993,0.46859872761732674,16__mutated,PertCortex_16_GCAAACTTCACGGTTA,2.556948807588159
27994,0.4139958043020382,16__mutated,PertCortex_16_GCAAACTTCATTCACT,2.0208122087667046
27995,0.2857400482359916,16__mutated,PertCortex_16_GCAAACTTCTTGTTTG,1.5395973174218869
27996,0.23039431623236659,16__mutated,PertCortex_16_GCAATCAAGTAGGTGC,2.2164249903084117
27997,0.29997869556260304,16__mutated,PertCortex_16_GCACATAAGTCCTCCT,3.4981138104174447
27998,0.18300184231651115,16__mutated,PertCortex_16_GCACATACAGCCTTTC,3.3227122365059993
27999,0.3041762515219065,16__mutated,PertCortex_16_GCACATATCAGCTCGG,2.9273338893042644
28000,0.3968136804172741,16__mutated,PertCortex_16_GCACTCTAGGAATTAC,2.6784374458980973
28001,0.25668319092938013,16__mutated,PertCortex_16_GCACTCTGTATATGAG,3.049288311606219
28002,0.17403492379603663,16__mutated,PertCortex_16_GCACTCTTCAGCCTAA,2.675238508274907
28003,0.22238408569292684,16__mutated,PertCortex_16_GCACTCTTCAGCTTAG,3.3683796861344155
28004,0.31222853868553946,16__mutated,PertCortex_16_GCAGCCAAGGCGACAT,2.0827035359242294
28005,0.09065188538041415,16__mutated,PertCortex_16_GCAGCCAAGGGCTCTC,3.595086572293332
28006,0.5212866304104905,16__mutated,PertCortex_16_GCAGCCAAGTGGTCCC,2.043239568691277
28007,0.09321186433507707,16__mutated,PertCortex_16_GCAGCCAGTCAAAGAT,5.12532566052523
28008,0.17647890835186006,16__mutated,PertCortex_16_GCAGCCAGTGATAAAC,2.94997949985
28009,0.07821244564749465,16__mutated,PertCortex_16_GCAGCCATCACATGCA,4.386732264138247
28010,0.14677050746057202,16__mutated,PertCortex_16_GCAGCCATCCTATGTT,4.079975183954576
28011,0.17970501647027087,16__mutated,PertCortex_16_GCAGCCATCGCTGATA,2.903329188780827
28012,0.3292210056040023,16__mutated,PertCortex_16_GCAGTTAAGACGCAAC,1.9384252040617884
28013,0.25578606392157954,16__mutated,PertCortex_16_GCAGTTAGTCCATGAT,3.025827575388186
28014,0.264559945776948,16__mutated,PertCortex_16_GCATACAAGAGATGAG,1.4901813023959338
28015,0.2579021775993724,16__mutated,PertCortex_16_GCATACAAGAGGGCTT,2.809318795047445
28016,0.5977533703502472,16__mutated,PertCortex_16_GCATACACACCAGGTC,2.2709435737396477
28017,0.10966171383810334,16__mutated,PertCortex_16_GCATACACACGTGAGA,4.5430408827764115
28018,0.07383016713351394,16__mutated,PertCortex_16_GCATACACATCCGCGA,3.616846802215182
28019,0.07420925284021147,16__mutated,PertCortex_16_GCATACAGTAGGAGTC,3.5864292717924537
28020,0.09237952296618093,16__mutated,PertCortex_16_GCATACATCCAAATGC,3.5712519211951688
28021,0.3003632172282001,16__mutated,PertCortex_16_GCATACATCCTGCAGG,3.715751202320467
28022,0.578772362593994,16__mutated,PertCortex_16_GCATACATCGTCGTTC,2.0118073142502078
28023,0.1138888548915476,16__mutated,PertCortex_16_GCATGATCACCTCGTT,3.568548667398075
28024,0.06015347865359392,16__mutated,PertCortex_16_GCATGATTCAACCAAC,2.344059358123058
28025,0.1470802932857114,16__mutated,PertCortex_16_GCATGATTCAGCACAT,3.054632578463219
28026,0.4705664453679198,16__mutated,PertCortex_16_GCATGATTCAGCATGT,2.476675831083355
28027,0.2845890673835031,16__mutated,PertCortex_16_GCATGATTCGACAGCC,2.4888934788290853
28028,0.18738674019334167,16__mutated,PertCortex_16_GCATGATTCGTTACGA,3.7726585298618667
28029,0.5179989034736855,16__mutated,PertCortex_16_GCATGCGCACAGACAG,2.5974251642287816
28030,0.09105342969685176,16__mutated,PertCortex_16_GCATGCGCATACGCCG,3.6425341623937264
28031,0.27619444571425983,16__mutated,PertCortex_16_GCATGCGGTCTAGAGG,2.555794637797049
28032,0.22111789575786328,16__mutated,PertCortex_16_GCATGCGGTTAAAGTG,2.1158258188124326
28033,0.2574112625108653,16__mutated,PertCortex_16_GCATGTAGTTAGGGTG,3.3195685717432695
28034,0.2525871771193866,16__mutated,PertCortex_16_GCCAAATCAAGGTTTC,4.289618820788826
28035,0.19677310186431252,16__mutated,PertCortex_16_GCCAAATCAAGTAATG,3.870005602732051
28036,0.1696675408653417,16__mutated,PertCortex_16_GCCAAATCACTGTGTA,3.5107553540590786
28037,0.5628831370991398,16__mutated,PertCortex_16_GCCAAATGTACAGTTC,2.318265544300466
28038,0.34727000997599033,16__mutated,PertCortex_16_GCCAAATTCTACTCAT,3.591069421719238
28039,0.07823539273432661,16__mutated,PertCortex_16_GCCTCTAAGCAGGCTA,4.017334528793637
28040,0.2433646131674132,16__mutated,PertCortex_16_GCCTCTATCAGCTGGC,2.8793979859402534
28041,0.11804706664555008,16__mutated,PertCortex_16_GCCTCTATCCGTTGTC,2.658411492691544
28042,0.6071113766252875,16__mutated,PertCortex_16_GCCTCTATCGGAAACG,1.7205908588955754
28043,0.5133463606717136,16__mutated,PertCortex_16_GCGACCACAAGGTTCT,2.2074813203492303
28044,0.1729533587883549,16__mutated,PertCortex_16_GCGACCACAGATCGGA,4.221951641452194
28045,0.2588580817786506,16__mutated,PertCortex_16_GCGACCACAGTATAAG,4.009867323832546
28046,0.14692416089855653,16__mutated,PertCortex_16_GCGACCACATGTAGTC,3.271595155598541
28047,0.20771930864272845,16__mutated,PertCortex_16_GCGACCAGTCATATGC,3.652292515902862
28048,0.03155291877330513,16__mutated,PertCortex_16_GCGACCAGTCTGGAGA,3.3212039138144607
28049,0.436137219299289,16__mutated,PertCortex_16_GCGACCAGTCTTGATG,2.5948056883278827
28050,0.18202372032633618,16__mutated,PertCortex_16_GCGACCAGTGCAACGA,3.097026408506766
28051,0.19415455845820845,16__mutated,PertCortex_16_GCGACCATCACCACCT,5.162293649898036
28052,0.581946609258204,16__mutated,PertCortex_16_GCGACCATCTCCAACC,1.9166199515226463
28053,0.5819672317577418,16__mutated,PertCortex_16_GCGAGAACAATGAAAC,2.2701477513436776
28054,0.17924014007564829,16__mutated,PertCortex_16_GCGAGAACACTCTGTC,2.287698360912251
28055,0.1967825817942536,16__mutated,PertCortex_16_GCGAGAAGTGCGCTTG,3.2280715526490287
28056,0.12807863872660613,16__mutated,PertCortex_16_GCGAGAATCAGCTCGG,3.6825919912759435
28057,0.4218704436950104,16__mutated,PertCortex_16_GCGCAACAGACAAAGG,2.658526145043307
28058,0.18870570640888648,16__mutated,PertCortex_16_GCGCAACAGCCATCGC,3.793716257221574
28059,0.1738982907302001,16__mutated,PertCortex_16_GCGCAACCATCTCCCA,2.546110465298406
28060,0.09195849486159534,16__mutated,PertCortex_16_GCGCAACCATTACGAC,3.419613941943078
28061,0.09073574723847497,16__mutated,PertCortex_16_GCGCAGTAGGCCCGTT,4.233675939507045
28062,0.11068620653456439,16__mutated,PertCortex_16_GCGCAGTAGGGTCGAT,2.476837534512276
28063,0.14136313307033088,16__mutated,PertCortex_16_GCGCAGTCACCCATGG,4.399354007375636
28064,0.4760945473864083,16__mutated,PertCortex_16_GCGCAGTCAGATGGCA,2.0464764534851945
28065,0.34113588892256475,16__mutated,PertCortex_16_GCGCAGTCATACCATG,2.996124783187712
28066,0.19345430338094394,16__mutated,PertCortex_16_GCGCAGTCATCGGACC,3.7564163838498006
28067,0.10490535622376751,16__mutated,PertCortex_16_GCGCAGTGTAGCTGCC,4.410480911424093
28068,0.1714433472840862,16__mutated,PertCortex_16_GCGCAGTGTGACGGTA,3.0012742740846092
28069,0.3139946027797119,16__mutated,PertCortex_16_GCGCAGTGTGTCAATC,4.809563994782203
28070,0.07591374965517537,16__mutated,PertCortex_16_GCGCAGTTCATAACCG,3.5632473623603556
28071,0.1189833134198354,16__mutated,PertCortex_16_GCGCAGTTCTTCGAGA,2.463055303784722
28072,0.17579965779094295,16__mutated,PertCortex_16_GCGCCAAAGCCCTAAT,3.166332318234576
28073,0.27507066667836894,16__mutated,PertCortex_16_GCGCCAACAATGAAAC,2.0152276345427405
28074,0.18478870438744824,16__mutated,PertCortex_16_GCGCCAACAATGTAAG,3.0990029899832514
28075,0.24844374074170408,16__mutated,PertCortex_16_GCGCCAACACGGCTAC,2.5720070175205714
28076,0.24421540375340095,16__mutated,PertCortex_16_GCGCCAATCGTACGGC,2.294044099070871
28077,0.05895901324254047,16__mutated,PertCortex_16_GCGCCAATCTAGAGTC,3.827084118332548
28078,0.20405133926878066,16__mutated,PertCortex_16_GCGCCAATCTTCATGT,3.262545321774117
28079,0.20342245497226835,16__mutated,PertCortex_16_GCGCGATAGGGTCGAT,3.4720207706179775
28080,0.5072280896725178,16__mutated,PertCortex_16_GCGCGATCAATCCAAC,2.234744853550226
28081,0.06154140199011664,16__mutated,PertCortex_16_GCGCGATCACCGGAAA,4.052873828319882
28082,0.15012252186182848,16__mutated,PertCortex_16_GCGCGATGTACCATCA,3.3205423939466576
28083,0.16901936481085492,16__mutated,PertCortex_16_GCGCGATGTACTCTCC,4.301449590098615
28084,0.26618938319656615,16__mutated,PertCortex_16_GCGCGATTCCGTTGCT,3.1742412129814013
28085,0.038392825543168314,16__mutated,PertCortex_16_GCGGGTTCAAATACAG,4.254181589902602
28086,0.053230506012320815,16__mutated,PertCortex_16_GCGGGTTGTGAGGCTA,3.661236178838692
28087,0.2454122018990281,16__mutated,PertCortex_16_GCGGGTTTCACCACCT,3.5416745918461263
28088,0.07354900927186848,16__mutated,PertCortex_16_GCGGGTTTCGGTCCGA,3.642222457108898
28089,0.3993564755048781,16__mutated,PertCortex_16_GCTCCTAAGGCCCTTG,2.4281622791008783
28090,0.16570938442660063,16__mutated,PertCortex_16_GCTCCTACACATCCAA,4.74771384570772
28091,0.1541732325857574,16__mutated,PertCortex_16_GCTCCTACACGTAAGG,4.597483904139813
28092,0.35464318612572376,16__mutated,PertCortex_16_GCTCCTACAGATTGCT,3.525662661587885
28093,0.46322021885975634,16__mutated,PertCortex_16_GCTCCTAGTTCAACCA,2.5321035817873363
28094,0.18393575631869388,16__mutated,PertCortex_16_GCTCCTAGTTTGTGTG,3.7600731463919095
28095,0.29897282977818884,16__mutated,PertCortex_16_GCTCCTATCATGCATG,2.9319257942941372
28096,0.1612502328513698,16__mutated,PertCortex_16_GCTCTGTAGAGACTAT,2.7111352549501277
28097,0.23999670664414577,16__mutated,PertCortex_16_GCTCTGTAGTACACCT,3.1172928805860045
28098,0.18166162989871504,16__mutated,PertCortex_16_GCTCTGTAGTAGTGCG,4.221604085411493
28099,0.43428822294483477,16__mutated,PertCortex_16_GCTCTGTCACAACTGT,2.317584960061447
28100,0.1665917269482736,16__mutated,PertCortex_16_GCTCTGTCACAGAGGT,3.598725066740927
28101,0.08042239468439381,16__mutated,PertCortex_16_GCTCTGTGTGAGGGAG,3.5398948460265975
28102,0.3455368976414955,16__mutated,PertCortex_16_GCTCTGTGTTCGCTAA,3.1743775239413834
28103,0.11949577691135875,16__mutated,PertCortex_16_GCTCTGTTCGAGAGCA,3.3837628325643263
28104,0.1474247022834934,16__mutated,PertCortex_16_GCTGCAGAGCGCCTCA,5.344196813839988
28105,0.051464480499970655,16__mutated,PertCortex_16_GCTGCAGCAAAGGCGT,3.918425387496859
28106,0.2523170612625335,16__mutated,PertCortex_16_GCTGCAGCATTAGGCT,4.195885582111242
28107,0.33751079057287753,16__mutated,PertCortex_16_GCTGCAGTCTAGAGTC,2.994721562988968
28108,0.29838439654942,16__mutated,PertCortex_16_GCTGCAGTCTTCTGGC,2.239073151131037
28109,0.2511226323932221,16__mutated,PertCortex_16_GCTGCGAAGAGTACCG,3.443474365437745
28110,0.20230688756887302,16__mutated,PertCortex_16_GCTGCGAAGATGCCTT,3.587553544786646
28111,0.6192766850255851,16__mutated,PertCortex_16_GCTGCGAAGTTAGGTA,1.5885869529640504
28112,0.2681115155938126,16__mutated,PertCortex_16_GCTGCGACACGAGAGT,2.9692343002802093
28113,0.18870476352868978,16__mutated,PertCortex_16_GCTGCGACATCACGAT,4.436215746857648
28114,0.04706986479249962,16__mutated,PertCortex_16_GCTGCGACATCCGTGG,5.069939365420995
28115,0.18134251091384698,16__mutated,PertCortex_16_GCTGCGACATGCCTAA,4.031474912826419
28116,0.05946291127508298,16__mutated,PertCortex_16_GCTGCGAGTACAGTTC,2.875578968645722
28117,0.39950484451739293,16__mutated,PertCortex_16_GCTGCGAGTCTTGATG,1.574334682288074
28118,0.08687688113339471,16__mutated,PertCortex_16_GCTGCGAGTGTAATGA,3.0336647010757853
28119,0.10336891936708646,16__mutated,PertCortex_16_GCTGCGAGTTATCACG,3.0210688385911304
28120,0.08069984847249907,16__mutated,PertCortex_16_GCTGCGATCTGGCGAC,2.3655297502627497
28121,0.03037536573668685,16__mutated,PertCortex_16_GCTGCTTCACGGATAG,3.3037469494654434
28122,0.0434493483630012,16__mutated,PertCortex_16_GCTGCTTCAGACTCGC,3.6860330629659157
28123,0.2790984571665384,16__mutated,PertCortex_16_GCTGCTTTCACCGTAA,3.724153807989439
28124,0.12831633847667057,16__mutated,PertCortex_16_GCTGGGTAGAGTGAGA,4.62967288972094
28125,0.6054533789837145,16__mutated,PertCortex_16_GCTGGGTAGGTGGGTT,1.9752072584856322
28126,0.0670748658960348,16__mutated,PertCortex_16_GCTGGGTAGTAGGTGC,3.516911381495377
28127,0.5099655725216805,16__mutated,PertCortex_16_GCTGGGTCATCCGGGT,2.275599289769384
28128,0.5337438789720782,16__mutated,PertCortex_16_GCTGGGTCATCGTCGG,1.992318181006332
28129,0.1321672649811789,16__mutated,PertCortex_16_GCTGGGTTCGGAGGTA,4.92204358883311
28130,0.3433564364957704,16__mutated,PertCortex_16_GCTGGGTTCTTTAGTC,1.9657949160678854
28131,0.12646341498632743,16__mutated,PertCortex_16_GCTTCCAAGACCCACC,4.6648170233667114
28132,0.33454149671398276,16__mutated,PertCortex_16_GCTTCCAAGAGACGAA,2.000711358059117
28133,0.15814985699854694,16__mutated,PertCortex_16_GCTTCCAAGGTCATCT,2.6517476439861944
28134,0.09316047397424133,16__mutated,PertCortex_16_GCTTCCACACCACCAG,2.276316566658479
28135,0.07885819696817696,16__mutated,PertCortex_16_GCTTCCAGTCGGCTCA,4.063977546712849
28136,0.3507937671200064,16__mutated,PertCortex_16_GCTTCCATCTGCAAGT,1.7740907172020857
28137,0.21747498557855963,16__mutated,PertCortex_16_GCTTGAAAGAATAGGG,2.7672744759496664
28138,0.32699497152936924,16__mutated,PertCortex_16_GCTTGAACAATGAATG,3.2677702902705184
28139,0.10569006310141442,16__mutated,PertCortex_16_GCTTGAACACGGCGTT,4.625087490211671
28140,0.5328905913587689,16__mutated,PertCortex_16_GCTTGAAGTGAGGCTA,2.1959242268867873
28141,0.5157647735084413,16__mutated,PertCortex_16_GGAAAGCAGAAGGTTT,1.7509502373889032
28142,0.12463262042469445,16__mutated,PertCortex_16_GGAAAGCCAGGTCGTC,3.241894626431346
28143,0.5120853000372965,16__mutated,PertCortex_16_GGAAAGCCATTCTCAT,2.9744968484161873
28144,0.38749990923054195,16__mutated,PertCortex_16_GGAAAGCGTGACCAAG,2.3397976652172767
28145,0.12572755369200095,16__mutated,PertCortex_16_GGAAAGCTCACTCCTG,2.951705565770773
28146,0.55749488868054,16__mutated,PertCortex_16_GGAAAGCTCAGCGACC,2.4518474702382806
28147,0.18010496676196786,16__mutated,PertCortex_16_GGAACTTAGACAAGCC,4.468074804899616
28148,0.19885539583577844,16__mutated,PertCortex_16_GGAACTTAGTGACATA,2.7333898029624346
28149,0.5833693242591445,16__mutated,PertCortex_16_GGAACTTCACTCAGGC,1.5072128792461439
28150,0.17543220611340485,16__mutated,PertCortex_16_GGAACTTCAGCGTTCG,4.041742578469652
28151,0.19234548006294216,16__mutated,PertCortex_16_GGAACTTCATACTACG,2.6255491305732495
28152,0.11768824127587867,16__mutated,PertCortex_16_GGAACTTGTCAACATC,2.302390526125062
28153,0.19602367387016578,16__mutated,PertCortex_16_GGAACTTGTTCACCTC,4.166795689302206
28154,0.1088726812252483,16__mutated,PertCortex_16_GGAATAAAGATAGTCA,4.016497163413605
28155,0.35609358882860487,16__mutated,PertCortex_16_GGAATAAAGCCAGTAG,2.8390133198414933
28156,0.2120898705192546,16__mutated,PertCortex_16_GGAATAAGTTCCGTCT,3.0624122875664046
28157,0.1348854310311711,16__mutated,PertCortex_16_GGACAAGAGCGTTCCG,4.776723992797209
28158,0.2897973315538502,16__mutated,PertCortex_16_GGACAAGCAACGATGG,1.5750419400442295
28159,0.10977783382114928,16__mutated,PertCortex_16_GGACAAGCAGGCTCAC,2.0332915538494114
28160,0.22050069086121712,16__mutated,PertCortex_16_GGACAAGGTCTTCTCG,3.7727030819954015
28161,0.3513486922238482,16__mutated,PertCortex_16_GGACAAGGTGTGCGTC,2.8765598712950893
28162,0.10588839748073395,16__mutated,PertCortex_16_GGACAAGTCTCATTCA,3.003834532889353
28163,0.22946514437591287,16__mutated,PertCortex_16_GGACAGACAATGACCT,3.1810229005401354
28164,0.2107803822136719,16__mutated,PertCortex_16_GGACAGACACCGATAT,2.4590502733674047
28165,0.08545169751213133,16__mutated,PertCortex_16_GGACAGAGTGATGTGG,4.957866811254355
28166,0.279324670156009,16__mutated,PertCortex_16_GGACATTAGAAGATTC,3.3886356459856612
28167,0.6413445518124167,16__mutated,PertCortex_16_GGACATTAGGCACATG,1.7008155381095085
28168,0.3002036068270509,16__mutated,PertCortex_16_GGACATTCAATGTAAG,2.5731997563662254
28169,0.20872694194579744,16__mutated,PertCortex_16_GGACATTGTCCCGACA,3.3580952842632703
28170,0.1801892869073061,16__mutated,PertCortex_16_GGACATTTCGCCGTGA,5.375915698191593
28171,0.33998157868054957,16__mutated,PertCortex_16_GGACATTTCGTATCAG,2.213486701122573
28172,0.19895127176745045,16__mutated,PertCortex_16_GGACGTCAGAAGGGTA,2.9508294731679854
28173,0.17083017053626018,16__mutated,PertCortex_16_GGACGTCAGAGTAATC,2.7531380951278233
28174,0.07618485164276885,16__mutated,PertCortex_16_GGACGTCAGCGGATCA,4.701792053986216
28175,0.337055295594225,16__mutated,PertCortex_16_GGACGTCAGCTAGTCT,1.3305060220549607
28176,0.2066300989732267,16__mutated,PertCortex_16_GGACGTCCAGGACGTA,5.09155903714268
28177,0.1756450560983041,16__mutated,PertCortex_16_GGACGTCGTAAGAGAG,4.001469122047821
28178,0.10263645803986571,16__mutated,PertCortex_16_GGACGTCGTTCCATGA,3.64298921292907
28179,0.14763492673209536,16__mutated,PertCortex_16_GGACGTCTCACCATAG,3.8155976229993698
28180,0.5892685493723644,16__mutated,PertCortex_16_GGACGTCTCCAGATCA,2.2470308008314372
28181,0.17355108120054077,16__mutated,PertCortex_16_GGAGCAAAGTGACTCT,3.593758465640667
28182,0.20749391532166267,16__mutated,PertCortex_16_GGAGCAACATGGGACA,3.2818631148330186
28183,0.14052540691348792,16__mutated,PertCortex_16_GGAGCAAGTCAGGACA,3.2207984321535497
28184,0.12978821167438484,16__mutated,PertCortex_16_GGAGCAAGTCTAACGT,2.286289656846952
28185,0.10296429316317156,16__mutated,PertCortex_16_GGAGCAATCAACTCTT,1.5573436984538673
28186,0.17472696092653014,16__mutated,PertCortex_16_GGAGCAATCCAGAGGA,3.0678450802788833
28187,0.024506341953287505,16__mutated,PertCortex_16_GGAGCAATCTGTCTCG,4.300439246312632
28188,0.1017251941784313,16__mutated,PertCortex_16_GGATGTTAGAACTGTA,4.646032561743545
28189,0.2683370800861467,16__mutated,PertCortex_16_GGATGTTAGCCCAATT,3.056515667518265
28190,0.0639178923360246,16__mutated,PertCortex_16_GGATGTTCAGCTGTAT,4.765009165233034
28191,0.14354546401418866,16__mutated,PertCortex_16_GGATGTTGTCGACTAT,3.39786657116647
28192,0.12554256179453402,16__mutated,PertCortex_16_GGATGTTTCAACCATG,2.2105252982185046
28193,0.17123388219660346,16__mutated,PertCortex_16_GGATGTTTCTTGAGGT,4.5482418822320625
28194,0.5610632100291669,16__mutated,PertCortex_16_GGATTACAGCGCTTAT,1.4531097836607414
28195,0.07089517521066761,16__mutated,PertCortex_16_GGATTACCAGGAATGC,3.7434278692023053
28196,0.18863575775048902,16__mutated,PertCortex_16_GGATTACGTTATCGGT,2.440229972280761
28197,0.18999728123334403,16__mutated,PertCortex_16_GGCAATTAGAAGGCCT,1.5058891745834517
28198,0.11242496711326229,16__mutated,PertCortex_16_GGCAATTAGTACGTTC,4.221024427533035
28199,0.10365392204453472,16__mutated,PertCortex_16_GGCAATTAGTGGTAAT,3.838901594840969
28200,0.10641020792591413,16__mutated,PertCortex_16_GGCAATTCAGGGCATA,3.8269123038969846
28201,0.2227967013884195,16__mutated,PertCortex_16_GGCAATTCATCCAACA,3.0997200326440977
28202,0.6713111198671116,16__mutated,PertCortex_16_GGCAATTGTAGGCTGA,1.798624705049407
28203,0.153919201379982,16__mutated,PertCortex_16_GGCAATTGTCTGATCA,3.545064645776047
28204,0.20320022969590834,16__mutated,PertCortex_16_GGCAATTTCAATAAGG,2.1252338046951125
28205,0.3646254324242089,16__mutated,PertCortex_16_GGCAATTTCACTGGGC,1.7715890398501164
28206,0.2344244184134868,16__mutated,PertCortex_16_GGCCGATAGTTCGATC,2.8879268679544357
28207,0.5535430455646131,16__mutated,PertCortex_16_GGCCGATCACCGAATT,2.2840985749373806
28208,0.09871621753442508,16__mutated,PertCortex_16_GGCCGATTCCATTCTA,4.847544580325637
28209,0.09485995262597008,16__mutated,PertCortex_16_GGCCGATTCCCATTTA,4.32321301646639
28210,0.18856459532871658,16__mutated,PertCortex_16_GGCCGATTCCGGCACA,3.361477251873106
28211,0.07085685792818867,16__mutated,PertCortex_16_GGCCGATTCGCCATAA,4.571203120104301
28212,0.1063957211807045,16__mutated,PertCortex_16_GGCGACTAGGTCGGAT,4.101305367279858
28213,0.11973355391307101,16__mutated,PertCortex_16_GGCGACTTCGCCCTTA,4.1076166970748735
28214,0.05350435008739525,16__mutated,PertCortex_16_GGCGACTTCTGAGTGT,3.4017633618039262
28215,0.275164630679006,16__mutated,PertCortex_16_GGCGTGTAGGCATGTG,1.8634484617478644
28216,0.48466416690331804,16__mutated,PertCortex_16_GGCGTGTAGTGGTAGC,2.1820655764380925
28217,0.2443552478191899,16__mutated,PertCortex_16_GGCGTGTCAATACGCT,3.683718108098772
28218,0.09138225207759873,16__mutated,PertCortex_16_GGCGTGTCAATGAAAC,3.4677113494938676
28219,0.2796660017575667,16__mutated,PertCortex_16_GGCGTGTCAATGCCAT,2.2100937817680415
28220,0.19608665631304498,16__mutated,PertCortex_16_GGCGTGTGTCTGCAAT,4.464966244914064
28221,0.18403163083544027,16__mutated,PertCortex_16_GGCGTGTTCCGTTGTC,3.482672252302472
28222,0.05586529719578052,16__mutated,PertCortex_16_GGCTCGAAGAGTCGGT,2.82599393266444
28223,0.09745200225487988,16__mutated,PertCortex_16_GGCTCGAAGTGAAGTT,4.710382987380234
28224,0.12082336758356471,16__mutated,PertCortex_16_GGCTCGACAAACGTGG,4.4837862888070035
28225,0.2439785851848676,16__mutated,PertCortex_16_GGCTCGACAGGTCCAC,1.7852598505165298
28226,0.18933618811977215,16__mutated,PertCortex_16_GGCTCGACAGGTCTCG,1.5739084283015665
28227,0.07024523521022824,16__mutated,PertCortex_16_GGCTCGACATCACCCT,2.667082235948098
28228,0.4093955760098226,16__mutated,PertCortex_16_GGCTCGACATCGGTTA,1.685789559699564
28229,0.5889995217395227,16__mutated,PertCortex_16_GGCTCGAGTCTCGTTC,1.8785484067460698
28230,0.11587254310895916,16__mutated,PertCortex_16_GGCTCGATCTAACTTC,3.24688801387248
28231,0.3831467043853187,16__mutated,PertCortex_16_GGCTGGTAGGAATTAC,4.202044102576306
28232,0.2576671223915146,16__mutated,PertCortex_16_GGCTGGTAGTGTACGG,3.1141048337715502
28233,0.2375344499430448,16__mutated,PertCortex_16_GGCTGGTCACAGCCCA,2.2226705122209354
28234,0.35527193453842404,16__mutated,PertCortex_16_GGCTGGTCACGTCAGC,2.1760579757049325
28235,0.062384864335342634,16__mutated,PertCortex_16_GGCTGGTTCCTCGCAT,4.4538372312128525
28236,0.47871878498191434,16__mutated,PertCortex_16_GGCTGGTTCTAACGGT,1.7617249613170833
28237,0.2972801027433337,16__mutated,PertCortex_16_GGGAATGCAATGTTGC,2.407415435478406
28238,0.18719691917468745,16__mutated,PertCortex_16_GGGAATGGTAAGCACG,2.3450731916233964
28239,0.25528773404823074,16__mutated,PertCortex_16_GGGAATGGTGGTAACG,3.5951929043159527
28240,0.2786524654638147,16__mutated,PertCortex_16_GGGAATGTCATTTGGG,3.0709512826668868
28241,0.364271980657077,16__mutated,PertCortex_16_GGGAATGTCTGCCAGG,2.3174545456133475
28242,0.6015885400080385,16__mutated,PertCortex_16_GGGAATGTCTTTACGT,2.05124595366103
28243,0.20573265185413178,16__mutated,PertCortex_16_GGGACCTAGCGATATA,3.2668332901981505
28244,0.12692381999382912,16__mutated,PertCortex_16_GGGACCTAGGTGGGTT,3.460383473163544
28245,0.47411154395119437,16__mutated,PertCortex_16_GGGACCTAGTGTCCCG,2.5219805583130017
28246,0.0688375894383223,16__mutated,PertCortex_16_GGGACCTCATCCCACT,4.416698779289861
28247,0.43821099296814986,16__mutated,PertCortex_16_GGGACCTGTCATGCCG,3.4555099718493913
28248,0.09815227879254164,16__mutated,PertCortex_16_GGGACCTGTTGTCTTT,4.096291437644948
28249,0.19556411203108967,16__mutated,PertCortex_16_GGGACCTTCCACGAAT,4.092201315320283
28250,0.17384849966728186,16__mutated,PertCortex_16_GGGACCTTCCTCATTA,2.6763450710373418
28251,0.16458254559314214,16__mutated,PertCortex_16_GGGAGATAGATAGTCA,3.607079923257808
28252,0.12450550353025179,16__mutated,PertCortex_16_GGGAGATAGCTAGTGG,3.7008803890515694
28253,0.16411366419985124,16__mutated,PertCortex_16_GGGAGATAGGTAGCTG,3.550561945512677
28254,0.3154486384520933,16__mutated,PertCortex_16_GGGAGATGTCGCATCG,2.917637576506415
28255,0.616667305236145,16__mutated,PertCortex_16_GGGAGATGTGGCAAAC,1.8547189637660686
28256,0.16154617311015432,16__mutated,PertCortex_16_GGGAGATTCCTCGCAT,3.892636364643793
28257,0.12554129739227463,16__mutated,PertCortex_16_GGGATGACACGGTAGA,3.7715622129524746
28258,0.09933879526268746,16__mutated,PertCortex_16_GGGATGAGTCCCTTGT,4.215284123702587
28259,0.10412640295226439,16__mutated,PertCortex_16_GGGATGAGTTCCGGCA,3.944547191245866
28260,0.4825404357121075,16__mutated,PertCortex_16_GGGCACTCAAGCCCAC,1.978491344389231
28261,0.05835301686095274,16__mutated,PertCortex_16_GGGCACTGTACCCAAT,2.1553454640611123
28262,0.21057959405027615,16__mutated,PertCortex_16_GGGCACTGTCCAACTA,2.104066341128605
28263,0.0808451631941758,16__mutated,PertCortex_16_GGGCATCAGGGTTCCC,3.2728520450492478
28264,0.35795443560046325,16__mutated,PertCortex_16_GGGCATCAGTACGATA,1.9847002139149477
28265,0.08582668104416229,16__mutated,PertCortex_16_GGGCATCAGTGTACGG,3.5458637865956444
28266,0.06306908848223991,16__mutated,PertCortex_16_GGGCATCCAGACACTT,3.4067936500112532
28267,0.0912157073839276,16__mutated,PertCortex_16_GGGCATCCAGACGCTC,3.906805287011957
28268,0.10150516263785013,16__mutated,PertCortex_16_GGGCATCCAGGGCATA,2.6272921191005
28269,0.23357279316322416,16__mutated,PertCortex_16_GGGCATCCATACAGCT,3.3973935361763066
28270,0.08020739229316066,16__mutated,PertCortex_16_GGGCATCCATCCTAGA,3.520300520123921
28271,0.14485462278109026,16__mutated,PertCortex_16_GGGCATCCATTCCTCG,2.6707989812245736
28272,0.3354445486463909,16__mutated,PertCortex_16_GGGCATCGTGTTAAGA,1.7133667299784627
28273,0.646251368028515,16__mutated,PertCortex_16_GGGCATCTCCAAATGC,1.6588232092770305
28274,0.12254291561340229,16__mutated,PertCortex_16_GGGCATCTCCTGCTTG,3.4805905039775444
28275,0.0584119525135722,16__mutated,PertCortex_16_GGGCATCTCGGCATCG,4.389153634921586
28276,0.12934157106462282,16__mutated,PertCortex_16_GGGCATCTCTTCTGGC,3.508440279905049
28277,0.22429726605193034,16__mutated,PertCortex_16_GGGTCTGAGAGTGAGA,2.6065550092742766
28278,0.30540260075065057,16__mutated,PertCortex_16_GGGTCTGGTACAGACG,3.1960858756641115
28279,0.006489822398353364,16__mutated,PertCortex_16_GGGTCTGGTCGAAAGC,3.823408163976711
28280,0.4847999076232505,16__mutated,PertCortex_16_GGGTCTGGTGGTACAG,3.229543545587123
28281,0.07398414869241485,16__mutated,PertCortex_16_GGGTTGCCAAGTTGTC,3.634533247745586
28282,0.11793922011117104,16__mutated,PertCortex_16_GGGTTGCGTGCGCTTG,3.4604419643586217
28283,0.09851035675570254,16__mutated,PertCortex_16_GGGTTGCTCGCGTAGC,3.371551257759628
28284,0.17337645465736498,16__mutated,PertCortex_16_GGTATTGAGGGAACGG,3.6959891202529507
28285,0.09953399492524463,16__mutated,PertCortex_16_GGTATTGCAGATTGCT,3.7651931487741064
28286,0.1352386447009572,16__mutated,PertCortex_16_GGTATTGTCAACCAAC,2.991119695056662
28287,0.1151671860225434,16__mutated,PertCortex_16_GGTGAAGAGATGCCAG,3.9882859716621306
28288,0.5111270598911495,16__mutated,PertCortex_16_GGTGAAGAGCGAAGGG,2.0356687493561973
28289,0.1846440764387496,16__mutated,PertCortex_16_GGTGAAGCAAACTGCT,2.8109721799658702
28290,0.22933232503561096,16__mutated,PertCortex_16_GGTGAAGCAATGGTCT,2.262472963842066
28291,0.06723910887540434,16__mutated,PertCortex_16_GGTGAAGCATGGTAGG,3.90386286548067
28292,0.15351714638286426,16__mutated,PertCortex_16_GGTGAAGGTAAGTTCC,3.2071419146593745
28293,0.2114530154202324,16__mutated,PertCortex_16_GGTGAAGGTCCGTCAG,4.007508473575334
28294,0.393654990046747,16__mutated,PertCortex_16_GGTGAAGGTTGAGGTG,3.122755848729184
28295,0.31350700053376945,16__mutated,PertCortex_16_GGTGAAGTCGTCCGTT,3.043234831035804
28296,0.5269283746377086,16__mutated,PertCortex_16_GGTGAAGTCTCGCATC,1.338234226905122
28297,0.18737701516376606,16__mutated,PertCortex_16_GGTGCGTCAAGCGTAG,4.667157211805514
28298,0.37992595128305207,16__mutated,PertCortex_16_GGTGCGTCACCACCAG,2.2315903369458354
28299,0.06416184918657329,16__mutated,PertCortex_16_GGTGCGTGTCCCTACT,3.860805234211478
28300,0.16479199199931216,16__mutated,PertCortex_16_GGTGTTACATGCTAGT,5.193527999168133
28301,0.27401225052726824,16__mutated,PertCortex_16_GGTGTTACATTAGCCA,3.512533566099959
28302,0.5820808736749685,16__mutated,PertCortex_16_GGTGTTAGTAATCACC,2.000674662887305
28303,0.12667691872177456,16__mutated,PertCortex_16_GGTGTTAGTTAAGATG,2.4103710616214684
28304,0.06692435084379328,16__mutated,PertCortex_16_GTAACGTAGACACGAC,4.08354959170693
28305,0.1701399139433552,16__mutated,PertCortex_16_GTAACGTGTAATAGCA,3.8608237720113974
28306,0.1812147817046856,16__mutated,PertCortex_16_GTAACGTGTTAGAACA,1.9061653174857736
28307,0.17976822301675519,16__mutated,PertCortex_16_GTAACGTTCTCGTTTA,3.8405027079338114
28308,0.0424483053935444,16__mutated,PertCortex_16_GTAACTGAGACTAAGT,3.7376478056214264
28309,0.07529273739233733,16__mutated,PertCortex_16_GTAACTGAGTACGTAA,3.0783132440421594
28310,0.044189999039301334,16__mutated,PertCortex_16_GTAACTGAGTTACCCA,4.21546513749852
28311,0.10595660780220542,16__mutated,PertCortex_16_GTAACTGCAAAGAATC,4.5426388669673265
28312,0.07219413419227869,16__mutated,PertCortex_16_GTAACTGGTGTTTGGT,4.388567523035636
28313,0.25332878984984025,16__mutated,PertCortex_16_GTAACTGTCGGAATCT,2.8816208535152805
28314,0.08743443062608691,16__mutated,PertCortex_16_GTACGTAAGAAGCCCA,4.653546654735237
28315,0.1693210149070763,16__mutated,PertCortex_16_GTACGTACACACAGAG,2.698545184684901
28316,0.12753573043545077,16__mutated,PertCortex_16_GTACGTACAGTGGGAT,3.3472542653491146
28317,0.09839145983105167,16__mutated,PertCortex_16_GTACGTAGTACCATCA,3.844517978608691
28318,0.28613323556277237,16__mutated,PertCortex_16_GTACGTATCCAAAGTC,2.7392724717043957
28319,0.27566949873061775,16__mutated,PertCortex_16_GTACGTATCCTGCCAT,2.3537406832135375
28320,0.12016001065800325,16__mutated,PertCortex_16_GTACGTATCGCTTGTC,2.4089725773670376
28321,0.15898795227610368,16__mutated,PertCortex_16_GTACTCCAGCGCCTTG,4.648832571634734
28322,0.5146475841662658,16__mutated,PertCortex_16_GTACTCCCACCAGGTC,3.0927371289199983
28323,0.1482854425619758,16__mutated,PertCortex_16_GTACTCCCACTCGACG,2.99449511207859
28324,0.15550418080185266,16__mutated,PertCortex_16_GTACTCCGTGAGTATA,3.662357187526355
28325,0.37807390508618816,16__mutated,PertCortex_16_GTACTCCGTGCGCTTG,1.8654007528343814
28326,0.20891760120137232,16__mutated,PertCortex_16_GTACTCCGTGTGGTTT,4.438450582968858
28327,0.15382194190139067,16__mutated,PertCortex_16_GTACTTTAGATCGGGT,2.989414309902989
28328,0.43897658789460386,16__mutated,PertCortex_16_GTACTTTCACCATCCT,2.9092752406801874
28329,0.48645704909736553,16__mutated,PertCortex_16_GTACTTTGTAAAGTCA,2.885216038584181
28330,0.08298525060421617,16__mutated,PertCortex_16_GTACTTTGTAAGTAGT,4.3821190064101865
28331,0.625331593053392,16__mutated,PertCortex_16_GTACTTTGTCATCCCT,1.811932709980152
28332,0.04779021492243609,16__mutated,PertCortex_16_GTACTTTGTCGCATCG,4.490291460228148
28333,0.4620031332198172,16__mutated,PertCortex_16_GTAGGCCAGCAGGCTA,1.653436110496071
28334,0.17498161205861645,16__mutated,PertCortex_16_GTAGGCCGTTACCAGT,3.639730813614725
28335,0.16056748076962557,16__mutated,PertCortex_16_GTAGGCCGTTGCTCCT,4.161334689577988
28336,0.23493129913233382,16__mutated,PertCortex_16_GTAGTCAAGAGAGCTC,4.180509044150333
28337,0.07174705205350174,16__mutated,PertCortex_16_GTAGTCAAGTATTGGA,4.508838901799907
28338,0.1509312704963805,16__mutated,PertCortex_16_GTAGTCACAAACGTGG,3.8814728080929197
28339,0.2567966423384732,16__mutated,PertCortex_16_GTAGTCACAGCTCCGA,2.418657616722323
28340,0.19152894964301911,16__mutated,PertCortex_16_GTAGTCAGTTGTTTGG,2.670586703092197
28341,0.10261905123123993,16__mutated,PertCortex_16_GTAGTCATCTGGCGAC,5.033562047258822
28342,0.09655160453597043,16__mutated,PertCortex_16_GTAGTCATCTGGTTCC,3.90048014340451
28343,0.36773347954647106,16__mutated,PertCortex_16_GTAGTCATCTGTGCAA,2.939367439442894
28344,0.2798883106091429,16__mutated,PertCortex_16_GTATCTTAGAACTGTA,2.260257807781899
28345,0.3039446084887256,16__mutated,PertCortex_16_GTATCTTAGAGACGAA,3.4615887065382576
28346,0.560976447410423,16__mutated,PertCortex_16_GTATCTTAGATCCTGT,2.3608463261984354
28347,0.16286724338979558,16__mutated,PertCortex_16_GTATCTTCAGATCTGT,2.5572318441723647
28348,0.27174814547100096,16__mutated,PertCortex_16_GTATCTTCAGTGGGAT,2.947205106769291
28349,0.16283013238934646,16__mutated,PertCortex_16_GTATCTTGTGTGTGCC,2.220131220017064
28350,0.29417380496738943,16__mutated,PertCortex_16_GTATCTTTCGAGGTAG,4.105527576973106
28351,0.3153604086900168,16__mutated,PertCortex_16_GTATCTTTCGCTTGTC,2.9569752835191694
28352,0.4835958212356359,16__mutated,PertCortex_16_GTATCTTTCGTCTGCT,2.4977284545171488
28353,0.5874273914928578,16__mutated,PertCortex_16_GTATCTTTCTTAACCT,1.6487814073164284
28354,0.10188169140621073,16__mutated,PertCortex_16_GTATTCTAGGGAGTAA,3.801685799780516
28355,0.2113124113760873,16__mutated,PertCortex_16_GTATTCTAGTTGTAGA,4.132487386584548
28356,0.13079965625224052,16__mutated,PertCortex_16_GTATTCTGTTCCACAA,4.564146168645955
28357,0.35073406044444405,16__mutated,PertCortex_16_GTATTCTGTTTGTTTC,2.2555836708718435
28358,0.08532875235573943,16__mutated,PertCortex_16_GTATTCTTCAACGGGA,3.840109611657275
28359,0.1906497342625325,16__mutated,PertCortex_16_GTATTCTTCGATCCCT,1.5727927277758988
28360,0.08168519827178265,16__mutated,PertCortex_16_GTCAAGTAGAAGAAGC,3.6896726519260947
28361,0.13820106274718025,16__mutated,PertCortex_16_GTCAAGTCACGGACAA,2.7573487871135285
28362,0.20667647846002013,16__mutated,PertCortex_16_GTCAAGTCATGGATGG,2.2868398076023975
28363,0.08453105689162077,16__mutated,PertCortex_16_GTCAAGTGTAACGTTC,4.666408849996569
28364,0.31184543458257996,16__mutated,PertCortex_16_GTCAAGTGTAGCGTCC,2.4172186909077107
28365,0.2552132706991085,16__mutated,PertCortex_16_GTCAAGTGTCAAAGAT,2.496717113807814
28366,0.14043430895760217,16__mutated,PertCortex_16_GTCAAGTGTGTCAATC,3.3456800464851386
28367,0.08187148834960058,16__mutated,PertCortex_16_GTCACAAAGGGCTCTC,3.938210454056833
28368,0.1092328692740677,16__mutated,PertCortex_16_GTCACAAAGTACGACG,2.571562246766176
28369,0.23535115573109106,16__mutated,PertCortex_16_GTCACAAAGTACGATA,2.2379039253148756
28370,0.356830031422613,16__mutated,PertCortex_16_GTCACAACAGACAGGT,2.2792802931647924
28371,0.20931017880227457,16__mutated,PertCortex_16_GTCACAACAGAGCCAA,3.2691070268196403
28372,0.23011116580612062,16__mutated,PertCortex_16_GTCACAACATGCATGT,2.373928787036381
28373,0.3010985717710659,16__mutated,PertCortex_16_GTCACAACATGCTAGT,2.4713736427398127
28374,0.07141789302145715,16__mutated,PertCortex_16_GTCACAAGTCACCTAA,4.08315953631554
28375,0.652817712284528,16__mutated,PertCortex_16_GTCACAATCTACTCAT,1.7752165114870186
28376,0.36702522477602545,16__mutated,PertCortex_16_GTCACGGCAACGATCT,1.8886817989430806
28377,0.2228293397470493,16__mutated,PertCortex_16_GTCACGGTCGGTCCGA,4.573220494864507
28378,0.166329832243013,16__mutated,PertCortex_16_GTCATTTAGGAGTTGC,1.5429119642033389
28379,0.37370949926559127,16__mutated,PertCortex_16_GTCATTTCAGGGCATA,3.6871509038174564
28380,0.3282425212650702,16__mutated,PertCortex_16_GTCATTTCATGGGACA,5.120571336178884
28381,0.2910291635074563,16__mutated,PertCortex_16_GTCATTTGTATGGTTC,4.040987381108904
28382,0.21320878054385325,16__mutated,PertCortex_16_GTCCTCAAGGAGTACC,2.5620519907693926
28383,0.25953243479735644,16__mutated,PertCortex_16_GTCCTCAAGTCCAGGA,2.6165207876629557
28384,0.10844144663421068,16__mutated,PertCortex_16_GTCCTCAAGTTGAGTA,3.9516323333749996
28385,0.1685115242260436,16__mutated,PertCortex_16_GTCCTCACATTGAGCT,4.669712765159822
28386,0.14071187680379185,16__mutated,PertCortex_16_GTCCTCAGTGCACGAA,5.831758809345713
28387,0.10243251474417153,16__mutated,PertCortex_16_GTCCTCAGTGTGACGA,2.6342091631380624
28388,0.38406796731011783,16__mutated,PertCortex_16_GTCCTCATCGCATGGC,2.318580514031271
28389,0.3057972566538539,16__mutated,PertCortex_16_GTCGGGTAGGTGGGTT,2.0969517012971632
28390,0.1586465124854073,16__mutated,PertCortex_16_GTCGGGTAGTAGATGT,3.5530924478456134
28391,0.08282628581708626,16__mutated,PertCortex_16_GTCGGGTCAAACAACA,4.737847486264327
28392,0.4103143890076558,16__mutated,PertCortex_16_GTCGGGTCATCGGGTC,2.1456237623321863
28393,0.44996940188960266,16__mutated,PertCortex_16_GTCGGGTCATGAACCT,1.925855247124863
28394,0.43813229322168457,16__mutated,PertCortex_16_GTCGGGTCATTGCGGC,1.7389935083215682
28395,0.2064733800605163,16__mutated,PertCortex_16_GTCGGGTGTTCCGGCA,2.769651316789706
28396,0.08285773000470947,16__mutated,PertCortex_16_GTCGGGTTCTCGAGTA,3.5414368240519285
28397,0.11900001426596322,16__mutated,PertCortex_16_GTCGTAAAGTGTTGAA,3.4646390404112735
28398,0.10317597511225812,16__mutated,PertCortex_16_GTCGTAACACCAGTTA,4.057919059510204
28399,0.5099522031459008,16__mutated,PertCortex_16_GTCGTAACACTCTGTC,1.7409332008779117
28400,0.24083156370934786,16__mutated,PertCortex_16_GTCGTAACACTTCTGC,2.511706525852927
28401,0.3456943843838541,16__mutated,PertCortex_16_GTCGTAACAGACAAAT,2.151973021645657
28402,0.4750623422293033,16__mutated,PertCortex_16_GTCGTAAGTAGGGTAC,2.0632780016669168
28403,0.10365577859930519,16__mutated,PertCortex_16_GTCGTAAGTCTCTTAT,4.2377009820899705
28404,0.3559576983131426,16__mutated,PertCortex_16_GTCGTAAGTGTCTGAT,2.5547619119290443
28405,0.11043096699647185,16__mutated,PertCortex_16_GTCGTAATCCAAAGTC,4.466107450097323
28406,0.6127576724092813,16__mutated,PertCortex_16_GTCGTAATCCACGCAG,1.8164470162274478
28407,0.4705778665680342,16__mutated,PertCortex_16_GTCTCGTAGCCACGTC,2.0721433793471844
28408,0.13918111478905312,16__mutated,PertCortex_16_GTCTCGTGTGGACGAT,3.267067923436894
28409,0.03544125343946505,16__mutated,PertCortex_16_GTCTCGTTCAGCGACC,2.0333854382518735
28410,0.12635505771079542,16__mutated,PertCortex_16_GTCTTCGAGACAGAGA,3.2566493824743366
28411,0.3239754619531226,16__mutated,PertCortex_16_GTCTTCGAGGAATCGC,2.8191877473719416
28412,0.08368708313543878,16__mutated,PertCortex_16_GTCTTCGCAAACGCGA,4.3182797607109435
28413,0.13884206614952516,16__mutated,PertCortex_16_GTCTTCGGTATCACCA,4.4808782661499675
28414,0.12451221488146773,16__mutated,PertCortex_16_GTGAAGGAGAAGAAGC,4.177209093739646
28415,0.17402032207745058,16__mutated,PertCortex_16_GTGCAGCAGTACGCCC,2.622434051721459
28416,0.1296425109109119,16__mutated,PertCortex_16_GTGCAGCGTCACCCAG,3.7304087722569657
28417,0.05232344163207474,16__mutated,PertCortex_16_GTGCAGCTCCGCTGTT,2.761307500478897
28418,0.3255222181436312,16__mutated,PertCortex_16_GTGCAGCTCTGCAAGT,3.4246586338952545
28419,0.07153786879255676,16__mutated,PertCortex_16_GTGCATAAGACGCAAC,3.535631610015917
28420,0.16706665649155808,16__mutated,PertCortex_16_GTGCATAGTAAGGATT,3.277292044481981
28421,0.23930688404928518,16__mutated,PertCortex_16_GTGCATAGTAGAAGGA,3.284023231659453
28422,0.17952351786855836,16__mutated,PertCortex_16_GTGCGGTCACCAGTTA,2.8907207988341095
28423,0.17401056381823762,16__mutated,PertCortex_16_GTGCGGTCATCGGTTA,2.7944561573028133
28424,0.18454812390377245,16__mutated,PertCortex_16_GTGCGGTGTACCGTAT,2.999833606416601
28425,0.1896267991987999,16__mutated,PertCortex_16_GTGCTTCAGCTCCTTC,3.074963764995039
28426,0.5466267989026227,16__mutated,PertCortex_16_GTGCTTCCACGAAGCA,1.5581148583588225
28427,0.5268499461775585,16__mutated,PertCortex_16_GTGCTTCCATACCATG,2.18984062029969
28428,0.2517907588759856,16__mutated,PertCortex_16_GTGCTTCCATCAGTAC,2.765389238238886
28429,0.04502512535941039,16__mutated,PertCortex_16_GTGCTTCGTCCAGTTA,2.760872433801258
28430,0.5118132650764963,16__mutated,PertCortex_16_GTGCTTCGTTATGTGC,2.11177850669072
28431,0.11932182405076627,16__mutated,PertCortex_16_GTGCTTCTCAAGAAGT,3.1645739230329
28432,0.10273826348993886,16__mutated,PertCortex_16_GTGCTTCTCAGCACAT,4.409732367599654
28433,0.1356950740944657,16__mutated,PertCortex_16_GTGGGTCAGTGGAGAA,3.770745671640226
28434,0.09232981105424666,16__mutated,PertCortex_16_GTGGGTCCAAACCTAC,2.773812441311614
28435,0.22850692421847785,16__mutated,PertCortex_16_GTGGGTCCAACGCACC,3.7905638896845386
28436,0.1608741451805311,16__mutated,PertCortex_16_GTGGGTCCATGACGGA,2.8919743340748054
28437,0.31024193355283425,16__mutated,PertCortex_16_GTGGGTCGTCGCGAAA,2.6122583894293094
28438,0.44887075878932814,16__mutated,PertCortex_16_GTGGGTCGTCTTCGTC,1.9841239324810076
28439,0.08647491508179787,16__mutated,PertCortex_16_GTGGGTCTCTTTCCTC,4.040438124864348
28440,0.18918895141659137,16__mutated,PertCortex_16_GTGTGCGTCAGCAACT,3.518261085721364
28441,0.15869360275259017,16__mutated,PertCortex_16_GTGTGCGTCAGTGCAT,3.6900149170515215
28442,0.2652190556666956,16__mutated,PertCortex_16_GTGTGCGTCTGCTTGC,2.8423232605694895
28443,0.04775396918224667,16__mutated,PertCortex_16_GTGTTAGAGAATTCCC,3.749794374879828
28444,0.22198346257248686,16__mutated,PertCortex_16_GTGTTAGAGATCCCGC,4.279213529320646
28445,0.19052481760713305,16__mutated,PertCortex_16_GTGTTAGGTTGTCTTT,3.706881596082679
28446,0.07319913229509814,16__mutated,PertCortex_16_GTGTTAGTCCGCGCAA,4.018950935537813
28447,0.1914873587559696,16__mutated,PertCortex_16_GTGTTAGTCGGCGGTT,3.0406534476624327
28448,0.16392400597865192,16__mutated,PertCortex_16_GTGTTAGTCGTGGACC,3.4550958045548614
28449,0.08640051573795211,16__mutated,PertCortex_16_GTTAAGCAGAGACTTA,2.7133034547327606
28450,0.12178172170590774,16__mutated,PertCortex_16_GTTAAGCCAATCACAC,3.0604159050625523
28451,0.24077092508813921,16__mutated,PertCortex_16_GTTAAGCCAGACTCGC,3.410429195003321
28452,0.19268438077220926,16__mutated,PertCortex_16_GTTAAGCCATTCCTGC,2.9660250652128877
28453,0.10754670658186148,16__mutated,PertCortex_16_GTTAAGCGTCGTCTTC,4.111083656698118
28454,0.15996344398447956,16__mutated,PertCortex_16_GTTAAGCTCGAACGGA,3.637942947353664
28455,0.5472565951795964,16__mutated,PertCortex_16_GTTAAGCTCGTTTAGG,2.3057193373003697
28456,0.06465107617870211,16__mutated,PertCortex_16_GTTACAGAGCGCCTCA,2.2759150844786875
28457,0.21215104596114648,16__mutated,PertCortex_16_GTTACAGAGTTTGCGT,3.409808807121687
28458,0.6218921990890208,16__mutated,PertCortex_16_GTTACAGCAGGTCGTC,1.9327295725152875
28459,0.16424391519237744,16__mutated,PertCortex_16_GTTACAGCATGCCTAA,3.3506530298326322
28460,0.6101398766842218,16__mutated,PertCortex_16_GTTACAGTCCCTCAGT,2.048055139678518
28461,0.23407268184190655,16__mutated,PertCortex_16_GTTCATTCAACACCTA,5.13686652515894
28462,0.13546628690311097,16__mutated,PertCortex_16_GTTCATTGTCTGATTG,4.24595037131058
28463,0.2973262760028847,16__mutated,PertCortex_16_GTTCATTGTGCCTGTG,2.562538265651623
28464,0.6448503141855638,16__mutated,PertCortex_16_GTTCATTGTGCGATAG,1.7168935270778638
28465,0.08071599754643946,16__mutated,PertCortex_16_GTTCGGGGTACAGTTC,4.019309235456828
28466,0.23912894489209474,16__mutated,PertCortex_16_GTTCGGGGTGACTACT,3.418581260028302
28467,0.09082173334177115,16__mutated,PertCortex_16_GTTCGGGGTTCAGGCC,3.482220415821157
28468,0.1823284231610162,16__mutated,PertCortex_16_GTTCGGGTCCTGCCAT,3.6185700598521433
28469,0.13607968203515433,16__mutated,PertCortex_16_GTTCTCGCACATCCGG,2.7938116469344396
28470,0.35788753150631986,16__mutated,PertCortex_16_GTTCTCGCAGCAGTTT,1.9779848948509835
28471,0.09284536942420409,16__mutated,PertCortex_16_GTTCTCGGTGTAACGG,4.491532923787257
28472,0.12628039567483684,16__mutated,PertCortex_16_GTTCTCGTCAAGGTAA,4.350663663504622
28473,0.07990466883608603,16__mutated,PertCortex_16_GTTTCTAAGCCCAATT,2.4103308438794375
28474,0.39699947828122417,16__mutated,PertCortex_16_GTTTCTAAGTCCATAC,2.49734701761764
28475,0.2595385485756671,16__mutated,PertCortex_16_GTTTCTACACGAAATA,3.384217276306453
28476,0.03747620580108067,16__mutated,PertCortex_16_GTTTCTACACTGAAGG,3.4188546829397466
28477,0.35872535953505824,16__mutated,PertCortex_16_GTTTCTAGTGGGTCAA,1.820961832552406
28478,0.3835627949975933,16__mutated,PertCortex_16_GTTTCTAGTTGCCTCT,1.7685626297408912
28479,0.07402256894128709,16__mutated,PertCortex_16_GTTTCTATCGATGAGG,4.1333528741560475
28480,0.5367271767596234,16__mutated,PertCortex_16_TAAACCGAGCGATATA,2.2838671952675424
28481,0.1716372842795704,16__mutated,PertCortex_16_TAAACCGCAGTGGGAT,2.073244577228744
28482,0.12417934573677711,16__mutated,PertCortex_16_TAAACCGCATGCATGT,2.526870591279867
28483,0.2076282043657006,16__mutated,PertCortex_16_TAAACCGCATTGGGCC,3.106328337086773
28484,0.4616793853470226,16__mutated,PertCortex_16_TAAACCGGTGCTGTAT,2.6007095107964946
28485,0.06922275622638145,16__mutated,PertCortex_16_TAAACCGTCTTGCAAG,3.461647140972218
28486,0.19637587123240718,16__mutated,PertCortex_16_TAAGAGAAGTACGATA,5.252268533286483
28487,0.15153569826953142,16__mutated,PertCortex_16_TAAGAGATCTACGAGT,2.778692616757964
28488,0.2543093347819968,16__mutated,PertCortex_16_TAAGAGATCTTGTTTG,3.2069432703718532
28489,0.2412027481123251,16__mutated,PertCortex_16_TAAGCGTAGAGTACAT,4.572735880639906
28490,0.13843902588544815,16__mutated,PertCortex_16_TAAGCGTAGGGCTCTC,4.120225891840172
28491,0.32917822210365555,16__mutated,PertCortex_16_TAAGCGTGTCGAAAGC,2.3621923509854734
28492,0.2604740134631671,16__mutated,PertCortex_16_TAAGCGTGTCGCGAAA,3.7630628083009525
28493,0.12295428195804059,16__mutated,PertCortex_16_TAAGCGTGTGAGTATA,4.213838160005168
28494,0.2329535632286934,16__mutated,PertCortex_16_TAAGCGTGTTCGTGAT,4.5036604695767615
28495,0.5600243186949716,16__mutated,PertCortex_16_TAAGCGTTCATTATCC,2.364938917459723
28496,0.15005140742722223,16__mutated,PertCortex_16_TAAGTGCAGGTGGGTT,2.5385436275564452
28497,0.2207617735962576,16__mutated,PertCortex_16_TAAGTGCGTGCGAAAC,2.994411051503074
28498,0.3005313214929425,16__mutated,PertCortex_16_TAAGTGCGTTAAGATG,2.8151191480541593
28499,0.13838385857815924,16__mutated,PertCortex_16_TAAGTGCTCGCCAGCA,4.7482898796849184
28500,0.10154967023153157,16__mutated,PertCortex_16_TAAGTGCTCTAACTTC,4.294423554271192
28501,0.2860572538736363,16__mutated,PertCortex_16_TAAGTGCTCTTACCTA,2.427869657589159
28502,0.36637513319996096,16__mutated,PertCortex_16_TACACGACAGACGCCT,3.1634366687859234
28503,0.2647036214303028,16__mutated,PertCortex_16_TACACGATCCGGGTGT,4.334294761110202
28504,0.08460809403141219,16__mutated,PertCortex_16_TACAGTGAGACCGGAT,3.335048889114638
28505,0.541359907681253,16__mutated,PertCortex_16_TACAGTGAGACGCAAC,2.313389836687509
28506,0.6054428552327272,16__mutated,PertCortex_16_TACAGTGAGCACGCCT,1.4619230827134548
28507,0.45845296876670216,16__mutated,PertCortex_16_TACAGTGAGCCACGTC,2.827336059134457
28508,0.11357800558914204,16__mutated,PertCortex_16_TACAGTGAGGCACATG,5.0000950596330815
28509,0.11635940036610685,16__mutated,PertCortex_16_TACAGTGAGTGTACTC,4.5224824973810875
28510,0.09741175689956527,16__mutated,PertCortex_16_TACAGTGCAAAGTGCG,2.5442888788811353
28511,0.05507575522713671,16__mutated,PertCortex_16_TACAGTGTCACTGGGC,3.737939103216442
28512,0.08804335133796333,16__mutated,PertCortex_16_TACAGTGTCTGTCCGT,3.8184135705229205
28513,0.2664619825161865,16__mutated,PertCortex_16_TACCTATAGGCTATCT,3.4833627345181575
28514,0.08544747276537816,16__mutated,PertCortex_16_TACCTATCAACTGCGC,4.208574183608402
28515,0.06351264106558356,16__mutated,PertCortex_16_TACCTATCACATTCGA,3.590056707583924
28516,0.4812643558460796,16__mutated,PertCortex_16_TACCTATCAGACAGGT,2.541601772175561
28517,0.164790933718952,16__mutated,PertCortex_16_TACCTATCAGATTGCT,3.8924625709233225
28518,0.515176510184242,16__mutated,PertCortex_16_TACCTATCATCGGACC,1.7967841379108644
28519,0.5366793748814563,16__mutated,PertCortex_16_TACCTATTCAGTTGAC,2.3570402020544057
28520,0.0677169225086954,16__mutated,PertCortex_16_TACCTTACACAGACTT,3.32055728465865
28521,0.3601872288410633,16__mutated,PertCortex_16_TACCTTACAGCATACT,3.0912938671170815
28522,0.08640790576414173,16__mutated,PertCortex_16_TACCTTACATGCAACT,4.182757664698821
28523,0.31679764182385306,16__mutated,PertCortex_16_TACCTTAGTCTCTTAT,2.365007523397915
28524,0.05446092694653628,16__mutated,PertCortex_16_TACCTTATCTCTTGAT,3.9189698264402826
28525,0.12342468384800694,16__mutated,PertCortex_16_TACCTTATCTTACCGC,4.38256530990055
28526,0.32350775021913014,16__mutated,PertCortex_16_TACGGATAGCGGCTTC,2.3192439386745702
28527,0.18138758839640276,16__mutated,PertCortex_16_TACGGATAGTAGGTGC,1.5782195095365912
28528,0.244287103598862,16__mutated,PertCortex_16_TACGGATAGTTAGGTA,2.2627526363583197
28529,0.5748978270966105,16__mutated,PertCortex_16_TACGGATCAAGTTGTC,2.3778791978672835
28530,0.2596730867918271,16__mutated,PertCortex_16_TACGGATCACGACGAA,2.007960529440422
28531,0.15937727391524867,16__mutated,PertCortex_16_TACGGATTCAAACGGG,4.286846333891905
28532,0.21481799239768298,16__mutated,PertCortex_16_TACGGATTCGTTTGCC,2.0129870018597487
28533,0.6128086714634324,16__mutated,PertCortex_16_TACGGGCAGGAGTAGA,1.9717158337404495
28534,0.15537345525795113,16__mutated,PertCortex_16_TACGGGCCATGTTCCC,3.1765717918019023
28535,0.049068810070107875,16__mutated,PertCortex_16_TACGGGCTCACAGTAC,3.7708461110846265
28536,0.36670519187722045,16__mutated,PertCortex_16_TACGGGCTCCGGCACA,1.832627057301252
28537,0.07629593796639342,16__mutated,PertCortex_16_TACGGTAAGAAGATTC,2.4895405753642743
28538,0.15293219350973675,16__mutated,PertCortex_16_TACGGTAAGATACACA,3.854203395383648
28539,0.08681774843219682,16__mutated,PertCortex_16_TACGGTAAGATAGGAG,4.133515336727645
28540,0.13811728761216255,16__mutated,PertCortex_16_TACGGTAAGATCTGCT,4.4397480598457095
28541,0.13592019845432926,16__mutated,PertCortex_16_TACGGTACAAGGACTG,4.958331161257433
28542,0.18709432896197103,16__mutated,PertCortex_16_TACGGTAGTGCGGTAA,2.0484521554819546
28543,0.24692845319734028,16__mutated,PertCortex_16_TACGGTATCATGCAAC,2.668157758160809
28544,0.08150696655872244,16__mutated,PertCortex_16_TACGGTATCTACGAGT,3.0294549426009487
28545,0.21733243027781138,16__mutated,PertCortex_16_TACTCATCAAAGGAAG,3.978297410879305
28546,0.20743174084879804,16__mutated,PertCortex_16_TACTCATGTCTTGTCC,4.107615207785104
28547,0.2560148735739433,16__mutated,PertCortex_16_TACTCATGTGTGTGCC,3.4656487300552836
28548,0.21059578989949007,16__mutated,PertCortex_16_TACTCATTCTTCGGTC,3.3730114800065234
28549,0.17000735867420994,16__mutated,PertCortex_16_TACTCGCAGCGTGAAC,3.774632500863161
28550,0.035924051834276736,16__mutated,PertCortex_16_TACTCGCAGGAGTTTA,3.0196921043745615
28551,0.2300582255557463,16__mutated,PertCortex_16_TACTCGCCAAGGACTG,3.1953439919069724
28552,0.14486052868163457,16__mutated,PertCortex_16_TACTCGCCAGACAGGT,4.42090011676245
28553,0.12893838023564835,16__mutated,PertCortex_16_TACTCGCGTTGGGACA,2.909311287977574
28554,0.562338962163101,16__mutated,PertCortex_16_TACTCGCTCCTCATTA,2.098389984485646
28555,0.06217242472887031,16__mutated,PertCortex_16_TACTCGCTCCTGTACC,3.9638186866031475
28556,0.49267029320008177,16__mutated,PertCortex_16_TACTTACAGTTGAGTA,2.1658956490124814
28557,0.5825721618591053,16__mutated,PertCortex_16_TACTTACCAAAGGAAG,2.2261787329149785
28558,0.1166533341550359,16__mutated,PertCortex_16_TACTTACCACTGTTAG,4.791891683216853
28559,0.10757197826927424,16__mutated,PertCortex_16_TACTTACGTGACAAAT,3.6917445871125074
28560,0.2155778887620475,16__mutated,PertCortex_16_TACTTGTAGTCCGTAT,2.361147271306952
28561,0.08671824736581532,16__mutated,PertCortex_16_TACTTGTCAATCACAC,3.9884149671995397
28562,0.17659241985348578,16__mutated,PertCortex_16_TACTTGTCAATGGAAT,4.330240470667714
28563,0.024011337751873654,16__mutated,PertCortex_16_TACTTGTCACCGAATT,2.6489630567011737
28564,0.10358896548396883,16__mutated,PertCortex_16_TACTTGTCACCGCTAG,3.21059547943001
28565,0.11465308581076175,16__mutated,PertCortex_16_TACTTGTTCTGAGGGA,3.5843437520244397
28566,0.19989092446908593,16__mutated,PertCortex_16_TACTTGTTCTTTCCTC,3.7131396177776987
28567,0.10926591831034436,16__mutated,PertCortex_16_TAGACCACAAGTAGTA,5.1017436134625225
28568,0.26936832682601985,16__mutated,PertCortex_16_TAGACCAGTAGCTTGT,1.7065983881026696
28569,0.24026553667914266,16__mutated,PertCortex_16_TAGACCAGTCATCGGC,4.569668598193981
28570,0.08747841925654606,16__mutated,PertCortex_16_TAGACCAGTGGTCTCG,4.141377502441944
28571,0.5542735751754222,16__mutated,PertCortex_16_TAGACCAGTGTTTGTG,2.251523030254982
28572,0.11918488207033516,16__mutated,PertCortex_16_TAGACCATCAGGCAAG,4.20348788319352
28573,0.5060229841429453,16__mutated,PertCortex_16_TAGAGCTAGCCTCGTG,2.356345610195411
28574,0.10582380339878632,16__mutated,PertCortex_16_TAGAGCTAGTTTCCTT,3.538005684417735
28575,0.07582091629614482,16__mutated,PertCortex_16_TAGAGCTCAGATGGGT,2.999574388438461
28576,0.09136712746991277,16__mutated,PertCortex_16_TAGAGCTGTTTACTCT,4.354599920164901
28577,0.3034048255627502,16__mutated,PertCortex_16_TAGAGCTTCAAAGACA,3.2046210132277517
28578,0.27098680197474423,16__mutated,PertCortex_16_TAGAGCTTCCAAACTG,2.8607726929205928
28579,0.5753193123967744,16__mutated,PertCortex_16_TAGAGCTTCTCCCTGA,2.4713119999425515
28580,0.1894467585274158,16__mutated,PertCortex_16_TAGCCGGAGACGACGT,2.9351293836774457
28581,0.11361180504480073,16__mutated,PertCortex_16_TAGCCGGAGCTAGTCT,3.0707122845719192
28582,0.3376152919794028,16__mutated,PertCortex_16_TAGCCGGAGGTGATTA,2.9902717109832713
28583,0.19205258828086583,16__mutated,PertCortex_16_TAGCCGGAGTGAAGTT,2.865966399539275
28584,0.12083792834468769,16__mutated,PertCortex_16_TAGCCGGCACTGCCAG,4.618086460007167
28585,0.09472937716875475,16__mutated,PertCortex_16_TAGCCGGCATCCAACA,3.779926138944876
28586,0.16396082112367252,16__mutated,PertCortex_16_TAGCCGGGTATGCTTG,1.905923492480224
28587,0.13738535461715248,16__mutated,PertCortex_16_TAGCCGGGTGCACGAA,4.2170604436368775
28588,0.291731872360328,16__mutated,PertCortex_16_TAGGCATAGCTTCGCG,2.6321512227726642
28589,0.2445303764810309,16__mutated,PertCortex_16_TAGGCATCAAGGCTCC,3.2744585317707204
28590,0.5048989168189612,16__mutated,PertCortex_16_TAGGCATTCGGCTTGG,2.5524989083484972
28591,0.18587046841644436,16__mutated,PertCortex_16_TAGTGGTAGGCTATCT,1.945783232007707
28592,0.19986840111145188,16__mutated,PertCortex_16_TAGTGGTGTAAAGGAG,5.167627134228043
28593,0.09188873212084225,16__mutated,PertCortex_16_TAGTGGTGTACAAGTA,3.8451774007587503
28594,0.14938368349523037,16__mutated,PertCortex_16_TAGTGGTTCTCGTATT,2.2041671445921374
28595,0.11779969336782882,16__mutated,PertCortex_16_TAGTGGTTCTTTAGGG,2.224795494334051
28596,0.0527372822558699,16__mutated,PertCortex_16_TAGTTGGAGAATTCCC,3.375982849655903
28597,0.5995262783553504,16__mutated,PertCortex_16_TAGTTGGAGATGAGAG,1.5753982937755744
28598,0.1317488787570618,16__mutated,PertCortex_16_TAGTTGGCAGTGGAGT,2.742823579745227
28599,0.2752390900734167,16__mutated,PertCortex_16_TAGTTGGGTACATGTC,2.3003523096557688
28600,0.07084391345947322,16__mutated,PertCortex_16_TAGTTGGGTTTGCATG,3.2996242860095486
28601,0.4853018805326761,16__mutated,PertCortex_16_TAGTTGGTCAGGCCCA,2.3470282202724913
28602,0.08583622553454331,16__mutated,PertCortex_16_TAGTTGGTCGTCCGTT,1.944560371138248
28603,0.127137290844997,16__mutated,PertCortex_16_TATCAGGAGGCATTGG,3.74278372723119
28604,0.08999979637054806,16__mutated,PertCortex_16_TATCAGGAGGTGCTTT,2.929842626747955
28605,0.09532748928268686,16__mutated,PertCortex_16_TATCAGGCATAGTAAG,3.601424249433713
28606,0.1392594645708691,16__mutated,PertCortex_16_TATCAGGGTCAATGTC,3.0311348131349267
28607,0.0809853405763081,16__mutated,PertCortex_16_TATCAGGTCAATAAGG,4.203119855733232
28608,0.5185106106901002,16__mutated,PertCortex_16_TATCAGGTCAGTCAGT,1.9389131903471242
28609,0.03541870622879461,16__mutated,PertCortex_16_TATCTCAAGCCGGTAA,2.7871656903743944
28610,0.30740231594015704,16__mutated,PertCortex_16_TATCTCAAGTACTTGC,2.791513892926543
28611,0.18517228049673395,16__mutated,PertCortex_16_TATCTCAAGTTGTCGT,4.140997281625389
28612,0.25269721796121114,16__mutated,PertCortex_16_TATCTCACACGCGAAA,4.664829810393252
28613,0.2568232089380758,16__mutated,PertCortex_16_TATCTCACACTTAAGC,3.5309986635373587
28614,0.12412282754170129,16__mutated,PertCortex_16_TATCTCACATACTCTT,2.1360811544940908
28615,0.14250249693340475,16__mutated,PertCortex_16_TATCTCACATTGGCGC,4.807164645528085
28616,0.15515469601937257,16__mutated,PertCortex_16_TATCTCATCACCAGGC,3.046886700816911
28617,0.14222762868656583,16__mutated,PertCortex_16_TATGCCCAGATCTGAA,3.2491337643333247
28618,0.2177228853443175,16__mutated,PertCortex_16_TATGCCCAGTACGCCC,5.066234824887932
28619,0.4472405715739974,16__mutated,PertCortex_16_TATGCCCCATATACGC,2.1703594921934983
28620,0.16432902766682683,16__mutated,PertCortex_16_TATGCCCCATTGCGGC,4.050209946855998
28621,0.061794671297843426,16__mutated,PertCortex_16_TATGCCCTCTTGAGAC,3.734676440942213
28622,0.144191026506499,16__mutated,PertCortex_16_TATTACCAGACCTTTG,2.4911260467591383
28623,0.07462844062337641,16__mutated,PertCortex_16_TATTACCAGACTGTAA,3.2347007604039772
28624,0.06981413617550898,16__mutated,PertCortex_16_TATTACCAGATATGCA,3.9220221969227524
28625,0.2362027024434118,16__mutated,PertCortex_16_TATTACCAGCGATAGC,2.7452479401910557
28626,0.13830152021882247,16__mutated,PertCortex_16_TATTACCAGTAACCCT,3.248213241548876
28627,0.15330625746494067,16__mutated,PertCortex_16_TATTACCAGTACACCT,5.100694432723122
28628,0.31998230455243404,16__mutated,PertCortex_16_TATTACCAGTCTCCTC,2.321387364487018
28629,0.244853019892533,16__mutated,PertCortex_16_TATTACCGTAGCGCAA,4.765409195242222
28630,0.532585682738326,16__mutated,PertCortex_16_TATTACCGTCAGTGGA,2.339141044696175
28631,0.2485227173305666,16__mutated,PertCortex_16_TATTACCTCCTTGGTC,2.9134760758077154
28632,0.3987504446744418,16__mutated,PertCortex_16_TATTACCTCTTGCCGT,2.109017383544405
28633,0.12184546446828663,16__mutated,PertCortex_16_TCAACGAAGTGAAGAG,4.837723474099798
28634,0.19821857898370854,16__mutated,PertCortex_16_TCAACGAAGTTACCCA,2.782357176550087
28635,0.2930295231423635,16__mutated,PertCortex_16_TCAACGATCGGAGCAA,2.35302348672717
28636,0.20265397196524865,16__mutated,PertCortex_16_TCAACGATCGTCCAGG,3.2376139288830985
28637,0.12129676049758117,16__mutated,PertCortex_16_TCAACGATCTTGTATC,3.2552902581075225
28638,0.54311627730333,16__mutated,PertCortex_16_TCAATCTAGAGTGAGA,2.527601702542689
28639,0.33310250593733326,16__mutated,PertCortex_16_TCAATCTAGATCTGAA,2.9268484254416927
28640,0.08476591214650107,16__mutated,PertCortex_16_TCAATCTAGGTGACCA,3.919636047965093
28641,0.1546393629693021,16__mutated,PertCortex_16_TCAATCTCAAATTGCC,3.319944547571423
28642,0.09089613702410698,16__mutated,PertCortex_16_TCAATCTCAGGGAGAG,4.779451753607128
28643,0.15383202287972253,16__mutated,PertCortex_16_TCAATCTCATATGGTC,4.273233138974547
28644,0.0302102196965848,16__mutated,PertCortex_16_TCAATCTGTAAATGAC,2.423598004913128
28645,0.2541328859715625,16__mutated,PertCortex_16_TCAATCTGTAACGTTC,2.1145080825649645
28646,0.11537101713091387,16__mutated,PertCortex_16_TCAATCTGTCGAGTTT,3.078072323814539
28647,0.08639830619232626,16__mutated,PertCortex_16_TCAATCTGTTCTGTTT,2.8866901481568337
28648,0.40783667822455477,16__mutated,PertCortex_16_TCAATCTTCCGAACGC,1.997667753700817
28649,0.15278640689471487,16__mutated,PertCortex_16_TCAATCTTCGCGCCAA,5.056040408341186
28650,0.29722082492864854,16__mutated,PertCortex_16_TCACAAGCAAGCGCTC,2.416367428534504
28651,0.12303766498884919,16__mutated,PertCortex_16_TCACAAGCATGGTCAT,1.9028027348546215
28652,0.45890015536448603,16__mutated,PertCortex_16_TCACAAGCATTCCTCG,2.268521030998413
28653,0.11629095557014951,16__mutated,PertCortex_16_TCACAAGGTACCTACA,3.0204378187676557
28654,0.21152364895977696,16__mutated,PertCortex_16_TCACAAGGTGACGGTA,2.8692543182817882
28655,0.03977391768377388,16__mutated,PertCortex_16_TCACAAGGTTTAGGAA,3.8673029679134703
28656,0.32492035909337136,16__mutated,PertCortex_16_TCACAAGTCACTTCAT,3.1452038502487305
28657,0.06863692716227854,16__mutated,PertCortex_16_TCACAAGTCAGGCCCA,3.95532232039026
28658,0.0919139081557989,16__mutated,PertCortex_16_TCACAAGTCGGACAAG,2.4696606673916826
28659,0.08707810403449984,16__mutated,PertCortex_16_TCACGAAAGTCCTCCT,2.9682618787837947
28660,0.22207280788162193,16__mutated,PertCortex_16_TCACGAACAATGCCAT,4.7507568604094885
28661,0.5930360372918447,16__mutated,PertCortex_16_TCACGAACACTGCCAG,1.8882857959026615
28662,0.07868355087738911,16__mutated,PertCortex_16_TCACGAACACTTCGAA,4.8668139455388895
28663,0.1043953039756771,16__mutated,PertCortex_16_TCACGAAGTCCGAAGA,3.985174242710255
28664,0.13482524952600716,16__mutated,PertCortex_16_TCACGAAGTGAAAGAG,2.9946591738997026
28665,0.1696693540567922,16__mutated,PertCortex_16_TCACGAAGTTGCGTTA,3.2456262654081502
28666,0.18369762241076878,16__mutated,PertCortex_16_TCACGAATCCCTGACT,2.9771231489292913
28667,0.059830424077527616,16__mutated,PertCortex_16_TCACGAATCTTGACGA,2.8639561579598425
28668,0.5260980264571524,16__mutated,PertCortex_16_TCACGAATCTTTACAC,1.5015863594398706
28669,0.14122325516828083,16__mutated,PertCortex_16_TCAGATGAGATATACG,2.9839576901795146
28670,0.23947347298821836,16__mutated,PertCortex_16_TCAGATGGTTATCACG,1.8516887425506197
28671,0.05370652182106653,16__mutated,PertCortex_16_TCAGATGGTTTGCATG,3.5685215680242734
28672,0.22380371331446097,16__mutated,PertCortex_16_TCAGATGTCCCTCAGT,3.5759661410787555
28673,0.26516929414361334,16__mutated,PertCortex_16_TCAGCAAAGCCTTGAT,1.1486398076382287
28674,0.09915434937331441,16__mutated,PertCortex_16_TCAGCAAAGCGCCTTG,2.459811227739693
28675,0.18942538148252402,16__mutated,PertCortex_16_TCAGCAACATGGTCAT,2.355262872834611
28676,0.16055053716553802,16__mutated,PertCortex_16_TCAGCAATCCTTCAAT,3.1524536538363583
28677,0.529929771901631,16__mutated,PertCortex_16_TCAGCAATCTCTAAGG,1.9153303874358232
28678,0.13559550585946062,16__mutated,PertCortex_16_TCAGCTCAGATGCCAG,2.3886491503573417
28679,0.15576195823616196,16__mutated,PertCortex_16_TCAGCTCCACAGTCGC,4.031485178068505
28680,0.07675147490812716,16__mutated,PertCortex_16_TCAGCTCCACATCCAA,5.159072989062859
28681,0.452138038559317,16__mutated,PertCortex_16_TCAGCTCCATTTCACT,1.691324327863482
28682,0.17538835181396314,16__mutated,PertCortex_16_TCAGCTCGTGGTTTCA,3.441629530653861
28683,0.14896974229381993,16__mutated,PertCortex_16_TCAGCTCGTTGAGGTG,5.712602225558573
28684,-0.0013358473942676904,16__mutated,PertCortex_16_TCAGCTCTCACGAAGG,3.8188632357870365
28685,0.06214271162673831,16__mutated,PertCortex_16_TCAGCTCTCGCTTGTC,3.3305760296969384
28686,0.27567195958403357,16__mutated,PertCortex_16_TCAGCTCTCGTCTGAA,1.7736874483313012
28687,0.10949202921429595,16__mutated,PertCortex_16_TCAGCTCTCTGCTGTC,1.685988787748879
28688,0.07467498616676391,16__mutated,PertCortex_16_TCAGCTCTCTTGCAAG,3.6714337278390805
28689,0.4346985855858996,16__mutated,PertCortex_16_TCAGGATAGACTTGAA,1.3155775628734714
28690,0.05361694925960978,16__mutated,PertCortex_16_TCAGGATAGCCGGTAA,4.856536074291572
28691,0.59116374609573,16__mutated,PertCortex_16_TCAGGATCAATGGACG,2.003287964884204
28692,0.5548747000120648,16__mutated,PertCortex_16_TCAGGATGTACGACCC,1.6642982117101075
28693,0.08742618294378679,16__mutated,PertCortex_16_TCAGGATGTACTCTCC,2.0374093695206765
28694,0.2749399485769607,16__mutated,PertCortex_16_TCAGGATGTTCCATGA,3.948550468310751
28695,0.15052270471975288,16__mutated,PertCortex_16_TCAGGATTCAGAGCTT,3.1827094054923193
28696,0.07944178749912532,16__mutated,PertCortex_16_TCAGGATTCTGCGGCA,2.6349869448325336
28697,0.131393413702013,16__mutated,PertCortex_16_TCAGGTACAAGTAATG,3.877091705398815
28698,0.6679562924332284,16__mutated,PertCortex_16_TCAGGTACAGATGAGC,1.6906602801291721
28699,0.1402993105345588,16__mutated,PertCortex_16_TCAGGTATCATCACCC,4.023218632491348
28700,0.027080193935661752,16__mutated,PertCortex_16_TCATTACAGACTACAA,3.802438274048757
28701,0.1170541385356869,16__mutated,PertCortex_16_TCATTACAGATGAGAG,2.0908989071019635
28702,0.24574448299760307,16__mutated,PertCortex_16_TCATTACAGCCCAGCT,2.102029186914626
28703,0.2658795362945032,16__mutated,PertCortex_16_TCATTACAGGGATGGG,2.6152595478323546
28704,0.15669901589899518,16__mutated,PertCortex_16_TCATTACCAAGCCATT,4.088549505219046
28705,0.34996551496988193,16__mutated,PertCortex_16_TCATTACCATCATCCC,2.2208735801393638
28706,0.27215057440777113,16__mutated,PertCortex_16_TCATTACGTCAATACC,1.9838418122696488
28707,0.09190770692846796,16__mutated,PertCortex_16_TCATTACGTCTCTTAT,2.3090488114379033
28708,0.3597198301189802,16__mutated,PertCortex_16_TCATTTGAGTACGTAA,2.010385781932137
28709,0.3174689955098686,16__mutated,PertCortex_16_TCATTTGCATACCATG,2.8369573612654384
28710,0.07762227425792065,16__mutated,PertCortex_16_TCATTTGGTATATGAG,4.587472961085523
28711,0.33781744346492076,16__mutated,PertCortex_16_TCATTTGTCTCCCTGA,2.249363378962174
28712,0.1231471645343087,16__mutated,PertCortex_16_TCATTTGTCTGCGTAA,2.699883483179709
28713,0.07719923161350269,16__mutated,PertCortex_16_TCCACACAGAAACCTA,4.303034910486183
28714,0.4892488645642219,16__mutated,PertCortex_16_TCCACACAGTGGAGAA,2.8552878160434796
28715,0.045859239654919656,16__mutated,PertCortex_16_TCCACACAGTGGGATC,4.392952814150823
28716,0.1550598522561769,16__mutated,PertCortex_16_TCCACACCATACGCCG,3.61530590071883
28717,0.07530833452984842,16__mutated,PertCortex_16_TCCACACGTACGAAAT,3.6817544698191598
28718,0.2094633366352916,16__mutated,PertCortex_16_TCCACACGTTACCGAT,1.7283136361106421
28719,0.0011553424699793965,16__mutated,PertCortex_16_TCCACACTCCAAGCCG,3.486702154689334
28720,0.05553363311941159,16__mutated,PertCortex_16_TCCACACTCGTTACGA,4.790030128075829
28721,0.10009488292440044,16__mutated,PertCortex_16_TCCACACTCTACTATC,3.659628379737426
28722,0.15084894519087286,16__mutated,PertCortex_16_TCCCGATAGAAGGGTA,3.02751736186225
28723,0.46951868029937943,16__mutated,PertCortex_16_TCCCGATAGCGCTCCA,1.9296798580910395
28724,0.2334842380586435,16__mutated,PertCortex_16_TCCCGATAGCTTCGCG,3.6720986375433387
28725,0.06242847110258352,16__mutated,PertCortex_16_TCCCGATCAAGCGATG,4.508319076696624
28726,0.12681787964934596,16__mutated,PertCortex_16_TCCCGATCACCGATAT,4.216917463092328
28727,0.08847120849364427,16__mutated,PertCortex_16_TCCCGATCAGTGAGTG,3.96487940792411
28728,0.16796931717415714,16__mutated,PertCortex_16_TCCCGATGTAGAGTGC,2.592546199819105
28729,0.2154069226589612,16__mutated,PertCortex_16_TCCCGATGTGCGCTTG,2.831902267400744
28730,0.18401118272509195,16__mutated,PertCortex_16_TCCCGATTCCTAGAAC,4.96377256222804
28731,0.14187469769819672,16__mutated,PertCortex_16_TCGAGGCAGAGATGAG,3.626677395668483
28732,0.11116687059277232,16__mutated,PertCortex_16_TCGAGGCAGCCGGTAA,3.4264682466411798
28733,0.07639176731965465,16__mutated,PertCortex_16_TCGAGGCCATGGTTGT,3.7593054917690516
28734,0.11058859253198282,16__mutated,PertCortex_16_TCGAGGCTCAGCTTAG,4.312409030769945
28735,0.05458833828280043,16__mutated,PertCortex_16_TCGCGAGAGGTCGGAT,3.5315227283797515
28736,0.03351617257023436,16__mutated,PertCortex_16_TCGCGAGGTCCGAGTC,2.0921509429842415
28737,0.08115655072572053,16__mutated,PertCortex_16_TCGCGAGGTTTGTTTC,2.6515750159451335
28738,0.2627338452281083,16__mutated,PertCortex_16_TCGCGTTCACTTAAGC,1.6314587840990802
28739,0.1244385237996598,16__mutated,PertCortex_16_TCGCGTTCATGAACCT,3.5100474081732274
28740,0.052437103412479154,16__mutated,PertCortex_16_TCGCGTTGTGTAACGG,4.908550736562189
28741,0.2548338611874233,16__mutated,PertCortex_16_TCGGGACAGAATCTCC,1.8466919487998188
28742,0.11603532137045208,16__mutated,PertCortex_16_TCGGGACAGCGTAATA,3.185537622778752
28743,0.1558271318032221,16__mutated,PertCortex_16_TCGGGACAGTTTCCTT,3.371843863421779
28744,0.09164447656465474,16__mutated,PertCortex_16_TCGGGACCAGCTTAAC,2.725460960031255
28745,0.49665047986278027,16__mutated,PertCortex_16_TCGGTAAAGTCTCGGC,1.5602055309552096
28746,0.40985650541152613,16__mutated,PertCortex_16_TCGGTAAGTAAAGTCA,2.47651515435814
28747,0.09442514571489564,16__mutated,PertCortex_16_TCGGTAATCGTCCGTT,2.9989388525946543
28748,0.6164950148669099,16__mutated,PertCortex_16_TCGTACCAGCGGATCA,1.6796470509019996
28749,0.12143708664103244,16__mutated,PertCortex_16_TCGTACCCACATGTGT,6.045726413100005
28750,0.0398233694943822,16__mutated,PertCortex_16_TCGTACCGTAGAGGAA,3.713392664290232
28751,0.1752781142387285,16__mutated,PertCortex_16_TCGTACCGTCCAGTTA,2.863223509245971
28752,0.20047435967541813,16__mutated,PertCortex_16_TCGTACCGTCGTTGTA,4.437580182279358
28753,0.2838835985908033,16__mutated,PertCortex_16_TCGTACCGTGAGGGAG,3.2174479563276743
28754,0.48936998360060974,16__mutated,PertCortex_16_TCGTACCTCAGTTGAC,2.7314423352653083
28755,0.1437093891321536,16__mutated,PertCortex_16_TCGTACCTCGCCAGCA,4.580750907352921
28756,0.15559977081845922,16__mutated,PertCortex_16_TCGTAGAAGTTACGGG,4.338813866963081
28757,0.11591531826328522,16__mutated,PertCortex_16_TCGTAGACAAGTTCTG,4.189037594562121
28758,0.1274441439225744,16__mutated,PertCortex_16_TCGTAGACACGGATAG,4.694790531342984
28759,0.119045131383857,16__mutated,PertCortex_16_TCGTAGAGTCCAGTGC,2.802413684189498
28760,0.24578847525485592,16__mutated,PertCortex_16_TCGTAGAGTTCGCTAA,3.276259513587437
28761,0.33811353872495087,16__mutated,PertCortex_16_TCGTAGATCCAGAGGA,1.891549670533259
28762,0.06789403147263257,16__mutated,PertCortex_16_TCGTAGATCTGTCCGT,4.74434811541295
28763,0.2198298334266014,16__mutated,PertCortex_16_TCTATTGAGACGCAAC,2.6064100509493664
28764,0.19836327759265443,16__mutated,PertCortex_16_TCTATTGCATGAACCT,2.0804457466631776
28765,0.3470235596624511,16__mutated,PertCortex_16_TCTATTGGTGCCTTGG,3.4554732210180963
28766,0.15452390582768327,16__mutated,PertCortex_16_TCTATTGGTTCATGGT,3.533048249220115
28767,0.1579422155842531,16__mutated,PertCortex_16_TCTATTGGTTGCTCCT,3.6119660976908228
28768,0.12095660239407353,16__mutated,PertCortex_16_TCTCATAAGTTGAGAT,3.498576727851385
28769,0.2574220136725615,16__mutated,PertCortex_16_TCTCATACAGTTCCCT,2.3924298712580256
28770,0.09137255113908177,16__mutated,PertCortex_16_TCTCATACATAGTAAG,3.555915511108501
28771,0.09759652387918294,16__mutated,PertCortex_16_TCTCATAGTAGCACGA,1.5634401613315962
28772,0.15024589459820417,16__mutated,PertCortex_16_TCTCATAGTCGCTTCT,4.911842924177919
28773,0.2086070628843478,16__mutated,PertCortex_16_TCTCATAGTGCAGGTA,2.682741596847256
28774,0.32116478650936503,16__mutated,PertCortex_16_TCTCATAGTGGTACAG,3.3129535554401515
28775,0.4834400252718169,16__mutated,PertCortex_16_TCTCATAGTGTTTGGT,1.9670356843113976
28776,0.24706145788982828,16__mutated,PertCortex_16_TCTCATATCTAACCGA,4.113390929671642
28777,0.4506786044106875,16__mutated,PertCortex_16_TCTCATATCTGTCTAT,2.4369635605747644
28778,0.11924419919431471,16__mutated,PertCortex_16_TCTCTAAAGGTGATAT,4.947540487459417
28779,0.2176162298353321,16__mutated,PertCortex_16_TCTCTAAAGTAGCCGA,4.3301290918527195
28780,0.017805808708487983,16__mutated,PertCortex_16_TCTCTAACAGGATCGA,5.123637909340804
28781,0.3369096069028119,16__mutated,PertCortex_16_TCTCTAACAGGGTACA,2.586581229778612
28782,0.15931665287660735,16__mutated,PertCortex_16_TCTCTAAGTCTCCACT,4.558517749214485
28783,0.44862997239561914,16__mutated,PertCortex_16_TCTCTAATCAACCATG,2.1434599171574815
28784,0.13738570122777227,16__mutated,PertCortex_16_TCTGAGAAGAAACCAT,3.1104434726632517
28785,0.0852512130563579,16__mutated,PertCortex_16_TCTGAGAAGTGTACCT,3.9792796229668603
28786,0.3015546868792553,16__mutated,PertCortex_16_TCTGAGACAACCGCCA,1.687646548860299
28787,0.08243805575920425,16__mutated,PertCortex_16_TCTGAGACACCCATTC,3.857201973545239
28788,0.24671393537193795,16__mutated,PertCortex_16_TCTGAGAGTTTAGCTG,2.7531192061818865
28789,0.20125059160221903,16__mutated,PertCortex_16_TCTGAGATCATCTGTT,3.882358451298993
28790,0.12385024068504322,16__mutated,PertCortex_16_TCTGGAAAGGTGATAT,1.9824358413178307
28791,0.4360146438987868,16__mutated,PertCortex_16_TCTGGAACACCCATTC,2.7360497269823663
28792,0.4867867802786834,16__mutated,PertCortex_16_TCTGGAACAGCCTTTC,1.4514741840292202
28793,0.2139075380562474,16__mutated,PertCortex_16_TCTGGAAGTATATGAG,3.7080503894572083
28794,0.10594371645267361,16__mutated,PertCortex_16_TCTTCGGAGAGTCTGG,3.871519827007401
28795,0.06298488467279807,16__mutated,PertCortex_16_TCTTCGGAGGATATAC,3.515191452251915
28796,0.545175546890848,16__mutated,PertCortex_16_TCTTCGGAGTCCATAC,1.784234401972596
28797,0.05105113247160624,16__mutated,PertCortex_16_TCTTCGGCATCCAACA,4.080299613928363
28798,0.09071242451145868,16__mutated,PertCortex_16_TCTTCGGGTCGCCATG,2.4490088432489583
28799,0.47152469937402886,16__mutated,PertCortex_16_TCTTTCCAGACCGGAT,1.7548797865814292
28800,0.19560579596174743,16__mutated,PertCortex_16_TCTTTCCAGCGTGAGT,2.635784217076498
28801,0.10441054990842014,16__mutated,PertCortex_16_TCTTTCCAGGTGATAT,3.7015408856720304
28802,0.054472543188999537,16__mutated,PertCortex_16_TCTTTCCCAATTCCTT,4.080804761842236
28803,0.01340125410679894,16__mutated,PertCortex_16_TCTTTCCCATGACGGA,3.4229414775340867
28804,0.13716894202010202,16__mutated,PertCortex_16_TCTTTCCGTCGGCATC,3.9041839058361876
28805,0.1534535267010837,16__mutated,PertCortex_16_TCTTTCCGTCTCACCT,2.8623464901782367
28806,0.15327463635488378,16__mutated,PertCortex_16_TCTTTCCGTGATAAAC,3.0397778158748685
28807,0.11809044246234769,16__mutated,PertCortex_16_TCTTTCCGTGATGTCT,2.6190973901002477
28808,0.09197381315728755,16__mutated,PertCortex_16_TCTTTCCTCACGCGGT,2.9975357095908732
28809,0.09307455675619275,16__mutated,PertCortex_16_TCTTTCCTCCTCTAGC,3.689473154654824
28810,0.1255901281276033,16__mutated,PertCortex_16_TCTTTCCTCTATCGCC,3.2084016700384828
28811,0.5554219630102653,16__mutated,PertCortex_16_TCTTTCCTCTTGCATT,2.2312761197960502
28812,0.13643213654067432,16__mutated,PertCortex_16_TGAAAGAAGCCAGAAC,3.2052825847356625
28813,0.17975707834563978,16__mutated,PertCortex_16_TGAAAGAAGCCCGAAA,3.4727861215914224
28814,0.22452987875774572,16__mutated,PertCortex_16_TGAAAGAAGCCTATGT,3.123883376244456
28815,0.15193679590194187,16__mutated,PertCortex_16_TGAAAGAAGCGATAGC,2.5158342030046916
28816,0.32549341021557565,16__mutated,PertCortex_16_TGAAAGACAGATCGGA,2.962484569556954
28817,0.07116721813285533,16__mutated,PertCortex_16_TGAAAGAGTAATCGTC,4.043367960005967
28818,0.12821741376068227,16__mutated,PertCortex_16_TGAAAGAGTTCACCTC,4.501273048266463
28819,0.22221740414724278,16__mutated,PertCortex_16_TGAAAGATCACCTTAT,2.7723549548158255
28820,0.21744565070476923,16__mutated,PertCortex_16_TGAAAGATCAGCAACT,3.4447346985622826
28821,0.6280552961655885,16__mutated,PertCortex_16_TGAAAGATCAGTCAGT,2.041954091022283
28822,0.4806502107439761,16__mutated,PertCortex_16_TGAAAGATCTTGAGAC,2.2433626914956832
28823,0.19107927511904887,16__mutated,PertCortex_16_TGACAACAGCACGCCT,2.5338546901963874
28824,0.25291038880121564,16__mutated,PertCortex_16_TGACAACCAGACAGGT,2.6731324175855242
28825,0.13573685244871697,16__mutated,PertCortex_16_TGACAACGTCTGCGGT,3.9403648442601926
28826,0.46612703142247275,16__mutated,PertCortex_16_TGACGGCAGAATTCCC,2.6734998967073618
28827,0.2704874156120645,16__mutated,PertCortex_16_TGACGGCCAATGGAAT,1.5702712298334927
28828,0.40706811271307597,16__mutated,PertCortex_16_TGACGGCCAGACGCCT,1.3579945840184282
28829,0.1041484524135965,16__mutated,PertCortex_16_TGACGGCCAGTCCTTC,4.620606757772734
28830,0.31360858248077145,16__mutated,PertCortex_16_TGACGGCGTAAGCACG,3.3257682085156826
28831,0.09369523819710765,16__mutated,PertCortex_16_TGACGGCGTTCCGGCA,3.9691653565682357
28832,0.44569857914710054,16__mutated,PertCortex_16_TGACGGCTCAAGGCTT,2.0147847250711597
28833,0.46366166363764544,16__mutated,PertCortex_16_TGACGGCTCCACTCCA,1.0784993279375936
28834,0.11818878019047331,16__mutated,PertCortex_16_TGACGGCTCCTACAGA,3.503175790203367
28835,0.0192336494813458,16__mutated,PertCortex_16_TGACTAGAGAGGACGG,4.348681405325283
28836,0.10077301652368074,16__mutated,PertCortex_16_TGACTAGAGGACTGGT,2.630857612515479
28837,0.07254782956195796,16__mutated,PertCortex_16_TGACTAGCACGGTTTA,4.461622356178325
28838,0.35914002925908284,16__mutated,PertCortex_16_TGACTAGCATCGGTTA,2.3363322507669664
28839,0.13332624412036637,16__mutated,PertCortex_16_TGACTAGGTCAGAGGT,2.6114579538603944
28840,0.39914544258625717,16__mutated,PertCortex_16_TGACTAGGTCCAGTAT,1.7317295319887267
28841,0.1722181744032119,16__mutated,PertCortex_16_TGACTAGTCGGCATCG,1.889574630393807
28842,0.07257835264590629,16__mutated,PertCortex_16_TGACTAGTCTTCGGTC,3.6844546695945337
28843,0.10541536109559974,16__mutated,PertCortex_16_TGACTAGTCTTGACGA,3.918897695259085
28844,0.12864507040110265,16__mutated,PertCortex_16_TGACTTTAGGCAATTA,3.8346510102882827
28845,0.10957097507986163,16__mutated,PertCortex_16_TGACTTTAGTAGATGT,2.826356225548449
28846,0.08639181875334637,16__mutated,PertCortex_16_TGACTTTCACTTAAGC,4.0917268100796536
28847,0.18573368728864229,16__mutated,PertCortex_16_TGACTTTGTACAGACG,2.663674902849096
28848,0.03477424781847288,16__mutated,PertCortex_16_TGACTTTGTAGTAGTA,4.334181290846154
28849,0.08593008028382386,16__mutated,PertCortex_16_TGACTTTGTCAGAATA,3.068422362160459
28850,0.4890967521980618,16__mutated,PertCortex_16_TGACTTTGTCGGATCC,2.688010512635267
28851,0.42834662107144755,16__mutated,PertCortex_16_TGACTTTTCATTGCCC,0.790922635732724
28852,0.0014490580286589476,16__mutated,PertCortex_16_TGACTTTTCTGAGGGA,2.6952072738306274
28853,0.17002560754408344,16__mutated,PertCortex_16_TGAGAGGAGCGATATA,4.4309926222308675
28854,0.21189100284700968,16__mutated,PertCortex_16_TGAGAGGCACATGACT,3.496065303227807
28855,0.09447708864726921,16__mutated,PertCortex_16_TGAGAGGGTACCGGCT,3.2436931849107618
28856,0.1377844287253976,16__mutated,PertCortex_16_TGAGAGGGTCATATCG,4.673396778243026
28857,0.20735115401367274,16__mutated,PertCortex_16_TGAGCATAGTACGTAA,2.3996283475298945
28858,0.0939145667091267,16__mutated,PertCortex_16_TGAGCATCAAAGAATC,3.62904250225099
28859,0.07979317159588743,16__mutated,PertCortex_16_TGAGCATGTAAACACA,4.640315776225129
28860,0.015983832305578635,16__mutated,PertCortex_16_TGAGCATGTTGAACTC,3.784873154004047
28861,0.003396335232598914,16__mutated,PertCortex_16_TGAGCATTCAGCAACT,3.1203170959094666
28862,0.41961180608146453,16__mutated,PertCortex_16_TGAGCATTCGCAGGCT,2.126855282104543
28863,0.1624548925386419,16__mutated,PertCortex_16_TGAGCCGCACATCCGG,3.211684322856013
28864,0.0874290748992038,16__mutated,PertCortex_16_TGAGCCGCACGCTTTC,4.483636658703167
28865,0.459258214070791,16__mutated,PertCortex_16_TGAGCCGGTCTCCATC,2.5809779624693117
28866,0.14791272332301167,16__mutated,PertCortex_16_TGAGCCGTCTTATCTG,4.210090259018262
28867,0.22924801605255174,16__mutated,PertCortex_16_TGAGGGAAGCTAAGAT,3.236635712973199
28868,0.1245451842777313,16__mutated,PertCortex_16_TGAGGGAAGTGTTGAA,4.261209185178108
28869,0.09832267668312135,16__mutated,PertCortex_16_TGAGGGACAAGGTTTC,3.3063015008644108
28870,0.14480844497145517,16__mutated,PertCortex_16_TGAGGGACAATCTACG,3.7913373638887284
28871,0.16368768986834306,16__mutated,PertCortex_16_TGAGGGAGTTAGGGTG,3.01012013105648
28872,0.08294096676405222,16__mutated,PertCortex_16_TGAGGGATCGTACCGG,4.818959178179125
28873,0.18456991583356264,16__mutated,PertCortex_16_TGATTTCAGGGCTTCC,3.602484769669606
28874,0.20445113659255718,16__mutated,PertCortex_16_TGATTTCAGTCGTACT,2.9545888165026573
28875,0.10404999541636313,16__mutated,PertCortex_16_TGATTTCCACATAACC,3.389838203799835
28876,0.4051024021981523,16__mutated,PertCortex_16_TGATTTCCACCAGGTC,2.1773831988265857
28877,0.38736009271621263,16__mutated,PertCortex_16_TGATTTCCACCTTGTC,2.217341235639376
28878,0.3217113720586913,16__mutated,PertCortex_16_TGATTTCCACGGCCAT,2.2403846318863403
28879,0.15800188825698777,16__mutated,PertCortex_16_TGATTTCCAGTATGCT,2.4412000573362356
28880,0.09498250304022943,16__mutated,PertCortex_16_TGATTTCCAGTCAGCC,4.260994768849814
28881,0.4851773505406182,16__mutated,PertCortex_16_TGATTTCGTCCAACTA,2.842704052663358
28882,0.14400470823267225,16__mutated,PertCortex_16_TGATTTCGTGCTTCTC,4.032434557700038
28883,0.17087385539247105,16__mutated,PertCortex_16_TGATTTCGTGTTCGAT,4.02205228215781
28884,0.15184879787835914,16__mutated,PertCortex_16_TGATTTCGTTTAAGCC,4.67274652310523
28885,0.12111163339715976,16__mutated,PertCortex_16_TGATTTCTCTGCAGTA,4.538403055066533
28886,0.14162312111378084,16__mutated,PertCortex_16_TGCACCTAGCTGGAAC,2.4599568427578173
28887,0.2481790515658074,16__mutated,PertCortex_16_TGCACCTAGTACGCCC,2.7534725465949386
28888,0.11740680191433549,16__mutated,PertCortex_16_TGCACCTCAAGGTTTC,2.209190320831889
28889,0.05605560372718451,16__mutated,PertCortex_16_TGCACCTGTGAGCGAT,2.979634687974016
28890,0.3623607716292527,16__mutated,PertCortex_16_TGCACCTTCAACGGCC,1.9165727135361161
28891,0.14479968239081237,16__mutated,PertCortex_16_TGCACCTTCCAAACAC,4.815039635618246
28892,0.11179884757994232,16__mutated,PertCortex_16_TGCCAAAAGATGTCGG,3.5869959587938656
28893,0.1311675491652408,16__mutated,PertCortex_16_TGCCAAAAGGCTCATT,2.0248304126735275
28894,0.037072418433142615,16__mutated,PertCortex_16_TGCCAAAAGGTGACCA,3.0821128876527126
28895,0.16548128095234824,16__mutated,PertCortex_16_TGCCAAACACCTCGTT,4.074833977536383
28896,0.23225516158222656,16__mutated,PertCortex_16_TGCCAAATCAAACAAG,2.6357219847919513
28897,0.08780418703346375,16__mutated,PertCortex_16_TGCCAAATCGGACAAG,3.6679267110352227
28898,0.18324247104943955,16__mutated,PertCortex_16_TGCCCATAGCATCATC,2.21286342871928
28899,0.07217854924409088,16__mutated,PertCortex_16_TGCCCATAGGGAGTAA,3.5037756916389964
28900,0.13485886392145832,16__mutated,PertCortex_16_TGCCCATCATTTCACT,3.1319045794746607
28901,0.08317521541969111,16__mutated,PertCortex_16_TGCCCATTCTTGTCAT,3.4882737915027455
28902,0.1664707038739654,16__mutated,PertCortex_16_TGCCCTAAGAGTTGGC,4.585366272156988
28903,0.05723812433501303,16__mutated,PertCortex_16_TGCCCTAAGGAATTAC,3.256189537812858
28904,0.08478742889495279,16__mutated,PertCortex_16_TGCCCTACAGGGATTG,4.757383953839639
28905,0.05337531994094861,16__mutated,PertCortex_16_TGCCCTAGTACAGACG,3.798541224680391
28906,0.1907063693673294,16__mutated,PertCortex_16_TGCCCTAGTTATGTGC,1.7201279810407515
28907,0.0710197499862185,16__mutated,PertCortex_16_TGCCCTATCCCATTAT,2.8867282505301595
28908,0.18032376249611393,16__mutated,PertCortex_16_TGCCCTATCTTCAACT,2.831292902967454
28909,0.3110616695196572,16__mutated,PertCortex_16_TGCGCAGAGACGCTTT,1.525318184049456
28910,0.654490658493472,16__mutated,PertCortex_16_TGCGCAGAGTCGATAA,1.9680821061604765
28911,0.37830682378010844,16__mutated,PertCortex_16_TGCGCAGCAAACCCAT,1.7444778278431436
28912,0.11666513468271782,16__mutated,PertCortex_16_TGCGCAGCACGCCAGT,4.312414113607484
28913,0.311526451619771,16__mutated,PertCortex_16_TGCGCAGCATTCCTGC,3.0479022764683275
28914,0.09041079498576109,16__mutated,PertCortex_16_TGCGCAGGTTCGCGAC,2.91825606472859
28915,0.2391057632140552,16__mutated,PertCortex_16_TGCGGGTCATGTCCTC,4.656987688674961
28916,0.38228266452647575,16__mutated,PertCortex_16_TGCGGGTGTGTTAAGA,4.080741149463355
28917,0.08821373471721593,16__mutated,PertCortex_16_TGCGGGTTCACTATTC,3.5744077784573816
28918,0.4606273913161415,16__mutated,PertCortex_16_TGCGGGTTCCCAACGG,1.8237175540496409
28919,0.35315832625525734,16__mutated,PertCortex_16_TGCGTGGTCGTGGACC,1.824229522234928
28920,0.14985935526607147,16__mutated,PertCortex_16_TGCTACCAGGTGCAAC,3.1749001294857093
28921,0.06573387982422715,16__mutated,PertCortex_16_TGCTACCCATATGAGA,2.5259606326090815
28922,0.017259302340032773,16__mutated,PertCortex_16_TGCTACCTCACAACGT,3.3928100761716906
28923,0.1731882738735065,16__mutated,PertCortex_16_TGCTACCTCCCTCAGT,4.092702715691185
28924,0.10533548161704287,16__mutated,PertCortex_16_TGCTACCTCGTCCGTT,2.959530770754145
28925,0.5991225717866616,16__mutated,PertCortex_16_TGCTGCTTCTGTGCAA,2.108665851365822
28926,0.07409973505708682,16__mutated,PertCortex_16_TGGACGCTCAAGATCC,3.591867935976029
28927,0.1931819943392219,16__mutated,PertCortex_16_TGGACGCTCACGCATA,3.385781324362237
28928,0.5199908450274964,16__mutated,PertCortex_16_TGGCCAGAGTACGATA,1.6836539322950248
28929,0.11822620990868371,16__mutated,PertCortex_16_TGGCCAGCACGACTCG,3.71206147253772
28930,0.1704444887296677,16__mutated,PertCortex_16_TGGCCAGCACTCAGGC,3.731720465002222
28931,0.23694578887804832,16__mutated,PertCortex_16_TGGCCAGCACTTAACG,3.041500274913499
28932,0.19227861310919145,16__mutated,PertCortex_16_TGGCCAGGTCCTCCAT,1.9734696915454069
28933,0.5196945912741329,16__mutated,PertCortex_16_TGGCCAGGTGTGACCC,1.6235301667157318
28934,0.3128570561336712,16__mutated,PertCortex_16_TGGCCAGTCCGGGTGT,1.9508038014144076
28935,0.1502568445284943,16__mutated,PertCortex_16_TGGCGCAAGACCTTTG,4.321468484027809
28936,0.03462390216181316,16__mutated,PertCortex_16_TGGCGCAGTTTCCACC,3.6218576732914385
28937,0.18719176931527087,16__mutated,PertCortex_16_TGGCGCATCAAACCGT,2.4823951990075876
28938,0.1537662190510226,16__mutated,PertCortex_16_TGGCTGGAGATGGCGT,3.4016954165472333
28939,0.05279946745966614,16__mutated,PertCortex_16_TGGCTGGAGTTCGCGC,3.2361135892607362
28940,0.37264812318983204,16__mutated,PertCortex_16_TGGCTGGCACCATCCT,2.28841925384749
28941,0.49324592262175043,16__mutated,PertCortex_16_TGGCTGGGTATTAGCC,2.067601142430437
28942,0.301207538369132,16__mutated,PertCortex_16_TGGCTGGGTCTCGTTC,3.327323814307206
28943,0.0789930702514252,16__mutated,PertCortex_16_TGGCTGGTCGCACTCT,3.354670567741005
28944,0.11092930090931515,16__mutated,PertCortex_16_TGGCTGGTCTGTCTCG,4.610013186530302
28945,0.13071489845047274,16__mutated,PertCortex_16_TGGGAAGAGCCAACAG,3.132762152891197
28946,0.29045091294796244,16__mutated,PertCortex_16_TGGGAAGGTCCCTTGT,2.087423144778257
28947,0.1437568906415182,16__mutated,PertCortex_16_TGGGAAGGTTAAGAAC,3.61689392779802
28948,0.40161470045355474,16__mutated,PertCortex_16_TGGGAAGTCGAATGCT,2.167440473666222
28949,0.20453382760997066,16__mutated,PertCortex_16_TGGGCGTAGACTTTCG,3.384641931330847
28950,0.24291069752204628,16__mutated,PertCortex_16_TGGGCGTCAACTGCTA,3.645370989125386
28951,0.14388308900457375,16__mutated,PertCortex_16_TGGGCGTCACACATGT,4.004735316742166
28952,0.4223531398457986,16__mutated,PertCortex_16_TGGGCGTCAGTTTACG,2.6195923538531316
28953,0.40340626683847597,16__mutated,PertCortex_16_TGGGCGTGTAACGTTC,2.1851847986991646
28954,0.05280612810951018,16__mutated,PertCortex_16_TGGGCGTGTAAGAGAG,3.0708112747565086
28955,0.5104150117718672,16__mutated,PertCortex_16_TGGGCGTGTCAAGCGA,1.5811697480844822
28956,0.16226443141928604,16__mutated,PertCortex_16_TGGGCGTGTCAGATAA,2.900212803596637
28957,0.5226354711496044,16__mutated,PertCortex_16_TGGGCGTGTGTTGAGG,1.0512116459355538
28958,0.18270592964065618,16__mutated,PertCortex_16_TGGGCGTGTTGTGGCC,2.394302546780811
28959,0.43272767053829664,16__mutated,PertCortex_16_TGGTTAGCAATAACGA,1.987303317695768
28960,0.11711762732998184,16__mutated,PertCortex_16_TGGTTAGCAGCTATTG,3.942902740007009
28961,0.31049873322524746,16__mutated,PertCortex_16_TGGTTAGCATTTGCTT,2.601681712241958
28962,0.1073812239231156,16__mutated,PertCortex_16_TGGTTAGTCGGCGGTT,2.6453915010723836
28963,0.13102406089358692,16__mutated,PertCortex_16_TGGTTCCAGCGACGTA,3.0011716518032205
28964,0.10844860801171806,16__mutated,PertCortex_16_TGGTTCCCATCACGAT,3.80285360152898
28965,0.11259967033257226,16__mutated,PertCortex_16_TGGTTCCGTCACTTCC,3.5620145151953047
28966,0.20682152596021233,16__mutated,PertCortex_16_TGGTTCCGTCAGAATA,5.022972798619233
28967,0.4731883040451723,16__mutated,PertCortex_16_TGGTTCCGTGATGATA,1.5800894283600664
28968,0.1959756169627163,16__mutated,PertCortex_16_TGGTTCCTCCCTTGCA,2.2853968702601444
28969,0.5481509700222755,16__mutated,PertCortex_16_TGTATTCAGAGATGAG,2.629853624866991
28970,0.12440316483578022,16__mutated,PertCortex_16_TGTATTCCACTGCCAG,4.170133519121367
28971,0.3524509576335742,16__mutated,PertCortex_16_TGTATTCCAGTTCCCT,2.3127867932286934
28972,0.09216635724529279,16__mutated,PertCortex_16_TGTATTCGTGATGTGG,3.237571482897963
28973,0.12511836754201386,16__mutated,PertCortex_16_TGTATTCGTTGTACAC,4.48618717999345
28974,0.11677181671437152,16__mutated,PertCortex_16_TGTATTCTCCTTTACA,2.707598483390505
28975,0.04474299139522466,16__mutated,PertCortex_16_TGTATTCTCGTTACGA,3.839870831236089
28976,0.05330565969735347,16__mutated,PertCortex_16_TGTCCCACATAAGACA,3.5758517561292327
28977,0.5777269494351398,16__mutated,PertCortex_16_TGTCCCAGTTTAGCTG,1.659416421767266
28978,0.06346888580283355,16__mutated,PertCortex_16_TGTCCCATCACCGTAA,4.696628084704698
28979,0.05213712594150663,16__mutated,PertCortex_16_TGTGGTAAGATCCTGT,4.256955339078897
28980,0.07626288154382918,16__mutated,PertCortex_16_TGTGGTAAGTAAGTAC,3.158235714409784
28981,0.08003966186571487,16__mutated,PertCortex_16_TGTGGTACATGACGGA,3.391749378022225
28982,0.12820377605014305,16__mutated,PertCortex_16_TGTGGTATCTAGAGTC,3.2051908241635285
28983,0.11310364872028013,16__mutated,PertCortex_16_TGTGTTTAGGGCTCTC,2.894717410342808
28984,0.5174258285622426,16__mutated,PertCortex_16_TGTGTTTCAGGGTACA,1.952464938944834
28985,0.24343439685955023,16__mutated,PertCortex_16_TGTGTTTCAGGTGCCT,2.448989701413447
28986,0.11009021496732599,16__mutated,PertCortex_16_TGTGTTTGTCACACGC,3.682086290544554
28987,0.12107845264775903,16__mutated,PertCortex_16_TGTGTTTTCCATGAAC,4.246531235944925
28988,0.11707993654266957,16__mutated,PertCortex_16_TGTTCCGCAAGTTCTG,2.684805527306201
28989,0.11227949074421471,16__mutated,PertCortex_16_TGTTCCGCATTTCACT,2.786846048228618
28990,0.0658395357233134,16__mutated,PertCortex_16_TGTTCCGTCCAAATGC,4.446877479198388
28991,0.13337941600258602,16__mutated,PertCortex_16_TGTTCCGTCGGACAAG,4.514079703404508
28992,0.21794358226400706,16__mutated,PertCortex_16_TGTTCCGTCTTCAACT,2.832544031946909
28993,0.6549374946038429,16__mutated,PertCortex_16_TTAACTCAGTCCCACG,1.507819209957023
28994,0.12635549851178535,16__mutated,PertCortex_16_TTAACTCCAGCCTATA,3.5270479496609703
28995,0.09801039591042397,16__mutated,PertCortex_16_TTAACTCCATACTCTT,3.3694056625512863
28996,0.051812532500341825,16__mutated,PertCortex_16_TTAACTCGTAACGTTC,3.6341492094366488
28997,0.17892491213373024,16__mutated,PertCortex_16_TTAACTCGTTGCGTTA,1.318460659033948
28998,0.2344583676821274,16__mutated,PertCortex_16_TTAACTCTCAAACCAC,2.994200792452181
28999,0.1844751646683221,16__mutated,PertCortex_16_TTAACTCTCACTTACT,3.2444519099375757
29000,0.15221429038422066,16__mutated,PertCortex_16_TTAACTCTCCATGCTC,4.850387537803335
29001,0.13487291282410652,16__mutated,PertCortex_16_TTAACTCTCGCGATCG,3.963155554515315
29002,0.10697885180318908,16__mutated,PertCortex_16_TTAGGACAGCGATCCC,3.269413272106026
29003,0.1609753495739316,16__mutated,PertCortex_16_TTAGGACAGGTGTGGT,2.6541420639073445
29004,0.11623532467367022,16__mutated,PertCortex_16_TTAGGACAGTGAACGC,2.9362298180216557
29005,0.5816577480703676,16__mutated,PertCortex_16_TTAGGCAAGGGCTTGA,1.875282623168049
29006,0.2619608528967287,16__mutated,PertCortex_16_TTAGGCATCGAATGCT,2.3013341202342263
29007,0.01399789072583578,16__mutated,PertCortex_16_TTAGTTCAGACACGAC,4.25159623170514
29008,0.2793581295121292,16__mutated,PertCortex_16_TTAGTTCAGCCAGTTT,3.7810249952322073
29009,0.41999610758129546,16__mutated,PertCortex_16_TTAGTTCAGCTGATAA,2.7713146053171256
29010,0.12662214648002948,16__mutated,PertCortex_16_TTAGTTCCACAACTGT,3.803059000384975
29011,0.1435364522572862,16__mutated,PertCortex_16_TTAGTTCCACATGGGA,2.7267428167253676
29012,0.22400711180938074,16__mutated,PertCortex_16_TTAGTTCCACCAGTTA,3.3931963357696544
29013,0.051473466010289036,16__mutated,PertCortex_16_TTAGTTCCATGGTCTA,3.7803581099343524
29014,0.5817470179253723,16__mutated,PertCortex_16_TTAGTTCGTTTGACAC,1.9242555764454152
29015,0.19070317408476908,16__mutated,PertCortex_16_TTATGCTAGCAAATCA,3.161283448922155
29016,0.09007645311364253,16__mutated,PertCortex_16_TTATGCTAGGAGTTGC,3.0408393875491946
29017,0.11311065537128218,16__mutated,PertCortex_16_TTATGCTCAGTAAGCG,2.281790009110395
29018,0.7111607327568293,16__mutated,PertCortex_16_TTATGCTTCACTTCAT,1.8524799521577975
29019,0.06771593816398348,16__mutated,PertCortex_16_TTCCCAGAGACAAAGG,3.7329811760995826
29020,0.19617649738421183,16__mutated,PertCortex_16_TTCCCAGAGTATGACA,3.2589200632093127
29021,0.18876746089157379,16__mutated,PertCortex_16_TTCCCAGCAGGAACGT,3.957200618494629
29022,0.01499701016614672,16__mutated,PertCortex_16_TTCCCAGGTCACTTCC,2.801182722730369
29023,0.032157739307958705,16__mutated,PertCortex_16_TTCCCAGGTTGTCTTT,3.5096988450124917
29024,0.21039710126384736,16__mutated,PertCortex_16_TTCCCAGTCAACCAAC,2.5623317698284276
29025,0.12569512032752925,16__mutated,PertCortex_16_TTCCCAGTCATAAAGG,3.6176576235929305
29026,0.0844238886258154,16__mutated,PertCortex_16_TTCCCAGTCCGAACGC,3.428261060867239
29027,-0.01794502709676315,16__mutated,PertCortex_16_TTCCCAGTCCTCGCAT,4.54912264023625
29028,0.16609809925194727,16__mutated,PertCortex_16_TTCGAAGAGTGTTAGA,2.3296496909472606
29029,0.5015920019705311,16__mutated,PertCortex_16_TTCGAAGCAAAGCAAT,2.1778321112807815
29030,0.07815293062861187,16__mutated,PertCortex_16_TTCGAAGGTAGGACAC,3.433722427227769
29031,0.1251878214902006,16__mutated,PertCortex_16_TTCGAAGGTTGAACTC,3.649799445450979
29032,0.25137429822144364,16__mutated,PertCortex_16_TTCGAAGTCTGGTATG,2.976943113028123
29033,0.5088831950628039,16__mutated,PertCortex_16_TTCGGTCAGGACTGGT,2.613843827920477
29034,0.11049024991194775,16__mutated,PertCortex_16_TTCGGTCAGGATCGCA,3.650494144138545
29035,0.0768591873191507,16__mutated,PertCortex_16_TTCGGTCAGGTTCCTA,3.942263132483176
29036,0.2838034056838793,16__mutated,PertCortex_16_TTCGGTCCAAGTACCT,2.7215614196253965
29037,0.1508261897159961,16__mutated,PertCortex_16_TTCGGTCGTGTTTGGT,4.4903156793212124
29038,0.085808605400273,16__mutated,PertCortex_16_TTCGGTCTCACTCTTA,4.2328204179397195
29039,0.039268500881157006,16__mutated,PertCortex_16_TTCGGTCTCTACGAGT,2.7844825110625835
29040,0.4345196513505635,16__mutated,PertCortex_16_TTCTACACACAAGACG,2.577567133260911
29041,0.1490864054884285,16__mutated,PertCortex_16_TTCTACACAGGAATCG,3.8911207253757736
29042,0.13972695987216568,16__mutated,PertCortex_16_TTCTACACAGTAGAGC,2.871950320983666
29043,0.11558768053578142,16__mutated,PertCortex_16_TTCTACACATCTACGA,3.8221138704085993
29044,0.13755608086685212,16__mutated,PertCortex_16_TTCTACACATGGTAGG,4.231613496079693
29045,0.1422833020718339,16__mutated,PertCortex_16_TTCTACAGTAAGTTCC,3.0886230888575064
29046,0.1897151441339175,16__mutated,PertCortex_16_TTCTACATCACCTTAT,3.244990205964226
29047,0.13157805914178017,16__mutated,PertCortex_16_TTCTACATCTGAAAGA,2.5140575602796615
29048,0.09602476183498672,16__mutated,PertCortex_16_TTCTCAAAGCTAGTTC,4.263902747539834
29049,0.10465962635297492,16__mutated,PertCortex_16_TTCTCAACAACACGCC,4.497137530343638
29050,0.22950704697287905,16__mutated,PertCortex_16_TTCTCAACAGCTGCTG,2.5163404169941312
29051,0.17491863417737757,16__mutated,PertCortex_16_TTCTCAACATAAAGGT,2.6882179322100557
29052,0.17568123371371744,16__mutated,PertCortex_16_TTCTCAAGTCGACTAT,2.5707842406251418
29053,0.0733436430963182,16__mutated,PertCortex_16_TTCTCAAGTGGTACAG,2.8257478230335673
29054,0.12980709924407494,16__mutated,PertCortex_16_TTCTCAATCACTTCAT,4.921568193302699
29055,0.08983760579686852,16__mutated,PertCortex_16_TTCTCAATCTGGTATG,4.475283867584647
29056,0.16914218346638676,16__mutated,PertCortex_16_TTCTCCTAGCGACGTA,4.448857894079847
29057,0.47377480578157793,16__mutated,PertCortex_16_TTCTCCTAGGGATACC,2.428591677249834
29058,0.10629459837963554,16__mutated,PertCortex_16_TTCTCCTCATCCGCGA,2.7449893312251716
29059,0.10646961125062768,16__mutated,PertCortex_16_TTCTCCTCATCCGTGG,1.8981391814804738
29060,0.03752101246772613,16__mutated,PertCortex_16_TTCTCCTCATCTCGCT,3.2487617977802
29061,0.2444041545940615,16__mutated,PertCortex_16_TTCTCCTCATGGTCAT,1.783435412368493
29062,0.12308519985956794,16__mutated,PertCortex_16_TTCTCCTCATTGGCGC,2.8804046578131604
29063,0.3743761289872582,16__mutated,PertCortex_16_TTCTCCTGTCCATCCT,2.1289984429800626
29064,0.24791555279013644,16__mutated,PertCortex_16_TTCTCCTGTCTAGAGG,2.196461619154047
29065,0.15782106761924844,16__mutated,PertCortex_16_TTCTCCTGTTCGGCAC,3.493906336551395
29066,0.071404158419119,16__mutated,PertCortex_16_TTCTCCTTCAACACCA,4.525889766373436
29067,0.22022335030573686,16__mutated,PertCortex_16_TTCTTAGCAGCCTTTC,3.309182037612453
29068,0.17989798716972613,16__mutated,PertCortex_16_TTCTTAGGTTCTCATT,4.436818092688798
29069,0.17238352430139542,16__mutated,PertCortex_16_TTCTTAGTCGTGGACC,2.7869174172245765
29070,0.15142338791350912,16__mutated,PertCortex_16_TTGAACGAGCGTAATA,3.891642616398884
29071,0.4880817723542962,16__mutated,PertCortex_16_TTGAACGAGGCGTACA,1.8694856610622048
29072,0.24007435109205072,16__mutated,PertCortex_16_TTGAACGAGTAAGTAC,2.2690233176786454
29073,0.44561066319142245,16__mutated,PertCortex_16_TTGAACGGTCCCTTGT,1.6123082263560244
29074,0.07728905133936559,16__mutated,PertCortex_16_TTGAACGGTGTGACGA,3.031492471777036
29075,0.09087528499798429,16__mutated,PertCortex_16_TTGAACGTCCGCGTTT,3.665877858093918
29076,0.219230800335334,16__mutated,PertCortex_16_TTGAACGTCGGAGCAA,2.9604580119482833
29077,0.11215273579197335,16__mutated,PertCortex_16_TTGAACGTCGTAGATC,3.101540204211762
29078,0.08927251551374189,16__mutated,PertCortex_16_TTGACTTAGCCAACAG,5.536078726214834
29079,0.17522884654487073,16__mutated,PertCortex_16_TTGACTTAGCTGAAAT,2.3132634875290554
29080,0.10595824479567452,16__mutated,PertCortex_16_TTGACTTAGGGAACGG,3.400197345213099
29081,0.16194189415946714,16__mutated,PertCortex_16_TTGACTTCAGACAAGC,4.759562779699563
29082,0.0397932925643177,16__mutated,PertCortex_16_TTGACTTGTCGGGTCT,3.9457742631272277
29083,0.037097113214367504,16__mutated,PertCortex_16_TTGACTTGTGCACCAC,3.604332961903662
29084,0.05397342973357057,16__mutated,PertCortex_16_TTGACTTGTTCACGGC,3.583624167760638
29085,0.04635641075594591,16__mutated,PertCortex_16_TTGACTTTCACTCTTA,2.780537201524674
29086,0.2675993063671717,16__mutated,PertCortex_16_TTGCCGTTCACCATAG,2.9676746267055623
29087,0.39720658510209,16__mutated,PertCortex_16_TTGCGTCTCTTTACGT,3.560939101733591
29088,0.21258572371693243,16__mutated,PertCortex_16_TTGGAACAGAGTTGGC,2.5791413347325505
29089,0.46351802529416314,16__mutated,PertCortex_16_TTGGAACAGCTGCGAA,2.4967362956542956
29090,0.3941985203545174,16__mutated,PertCortex_16_TTGGAACAGGCGTACA,2.4692510557862426
29091,0.17746472104286115,16__mutated,PertCortex_16_TTGGAACAGTACCGGA,2.966876436025321
29092,0.21014204134668715,16__mutated,PertCortex_16_TTGGAACAGTCCAGGA,2.751192487964429
29093,0.10887298933070418,16__mutated,PertCortex_16_TTGGAACAGTTCGATC,2.3661773393687326
29094,0.1227022051713319,16__mutated,PertCortex_16_TTGGAACAGTTCGCAT,3.4601999766476874
29095,0.17936108725227717,16__mutated,PertCortex_16_TTGGAACGTACGCACC,2.5246026049971273
29096,0.11539021170860128,16__mutated,PertCortex_16_TTGGAACTCCGCATCT,3.035574218228804
29097,0.11740975754344204,16__mutated,PertCortex_16_TTGGAACTCCGTACAA,3.4980146402175816
29098,0.09666287961212601,16__mutated,PertCortex_16_TTGGCAAAGGTGCAAC,3.3021908154842374
29099,0.027952739445535925,16__mutated,PertCortex_16_TTGGCAAAGTACATGA,3.6937782030708717
29100,0.3558989142082453,16__mutated,PertCortex_16_TTGGCAAAGTCCAGGA,1.3702376561559786
29101,0.08208129596141867,16__mutated,PertCortex_16_TTGGCAACACGTCTCT,2.97545888467087
29102,0.43877455492225786,16__mutated,PertCortex_16_TTGGCAACAGCCAATT,2.0676913701917417
29103,0.10129603444869159,16__mutated,PertCortex_16_TTGGCAAGTCCTGCTT,3.2261020048554783
29104,0.12968910282253826,16__mutated,PertCortex_16_TTGGCAAGTCTAACGT,2.9844885102264924
29105,0.15482253152951375,16__mutated,PertCortex_16_TTGGCAAGTTCGCGAC,4.18882463031451
29106,0.14384419185776398,16__mutated,PertCortex_16_TTGTAGGCAGCTCGAC,3.6864348363110993
29107,0.2266253992519127,16__mutated,PertCortex_16_TTGTAGGGTCTAGCCG,2.442623500072614
29108,0.15243691097044884,16__mutated,PertCortex_16_TTGTAGGTCAGTGCAT,2.4429469039859906
29109,0.22330520866403925,16__mutated,PertCortex_16_TTTACTGAGCGTGAGT,3.0240164273402113
29110,0.2880642217284609,16__mutated,PertCortex_16_TTTACTGAGGATGCGT,2.224315345048873
29111,0.13112902155288567,16__mutated,PertCortex_16_TTTACTGGTAGCCTCG,3.639038243408056
29112,0.08592412165886296,16__mutated,PertCortex_16_TTTACTGGTCCTAGCG,4.468705036981401
29113,0.31830475368050043,16__mutated,PertCortex_16_TTTACTGGTGCATCTA,1.8698411193139213
29114,0.040112081037223454,16__mutated,PertCortex_16_TTTACTGTCAGGTAAA,3.103160960012185
29115,0.07846372575960282,16__mutated,PertCortex_16_TTTACTGTCATCTGCC,2.463199314682363
29116,0.6934562493670626,16__mutated,PertCortex_16_TTTACTGTCGCAGGCT,1.3856545883523919
29117,0.12788422030683014,16__mutated,PertCortex_16_TTTACTGTCGGTCTAA,3.316919276601163
29118,0.1437592244269947,16__mutated,PertCortex_16_TTTATGCAGAGTAAGG,4.251076379269641
29119,0.18486608421761255,16__mutated,PertCortex_16_TTTATGCAGCTGTTCA,3.4678059699372783
29120,0.16056535052336182,16__mutated,PertCortex_16_TTTATGCCACATTAGC,4.11099473487259
29121,0.15488696189579987,16__mutated,PertCortex_16_TTTATGCCAGCTGTGC,4.840761602700372
29122,0.05044914070699095,16__mutated,PertCortex_16_TTTATGCGTCTACCTC,2.9032057651325167
29123,0.09857311260016181,16__mutated,PertCortex_16_TTTATGCTCCACGAAT,4.777556482373015
29124,0.20959031480918086,16__mutated,PertCortex_16_TTTCCTCAGCCTCGTG,2.482845179155667
29125,0.06404810448135305,16__mutated,PertCortex_16_TTTCCTCGTCATACTG,2.1414971544312573
29126,0.1331300404135187,16__mutated,PertCortex_16_TTTGCGCAGAGCTATA,2.880280874913517
29127,0.11546573714599637,16__mutated,PertCortex_16_TTTGCGCAGAGCTTCT,3.444490085155845
29128,0.13302024854262007,16__mutated,PertCortex_16_TTTGCGCAGAGGTTGC,3.5261279110942714
29129,0.21243803657998214,16__mutated,PertCortex_16_TTTGCGCAGCCAGAAC,2.078433260910242
29130,0.0953331609372115,16__mutated,PertCortex_16_TTTGCGCCATGATCCA,5.168595860159668
29131,0.17026901842764067,16__mutated,PertCortex_16_TTTGCGCGTAGCACGA,2.8467523497093215
29132,0.08587521137883544,16__mutated,PertCortex_16_TTTGCGCGTCTAGTGT,3.167453224805057
29133,0.18752113072663007,16__mutated,PertCortex_16_TTTGCGCTCCACGTTC,2.8813590162607463
29134,0.06811997110890824,16__mutated,PertCortex_16_TTTGCGCTCGCATGAT,4.0311018159494525
29135,0.15921492571022852,16__mutated,PertCortex_16_TTTGCGCTCGCCTGAG,3.54550297923968
29136,0.38417589027572907,16__mutated,PertCortex_16_TTTGGTTAGAGGTAGA,2.2750031835642166
29137,0.06520921526935547,16__mutated,PertCortex_16_TTTGGTTGTAGCTAAA,3.996867830100293
29138,0.44371411369596,16__mutated,PertCortex_16_TTTGGTTGTCCGTTAA,1.7059874724576765
29139,0.201406411621045,16__mutated,PertCortex_16_TTTGGTTGTGCTCTTC,3.1125937649202786
29140,0.07071971716848785,16__mutated,PertCortex_16_TTTGGTTTCTCACATT,2.9530285755520627
29141,0.058547917874119816,16__mutated,PertCortex_16_TTTGTCAAGCATGGCA,3.5393322496400623
29142,0.18635540055645233,16__mutated,PertCortex_16_TTTGTCAAGGTGGGTT,1.5409320706021625
29143,0.01890251202061198,16__mutated,PertCortex_16_TTTGTCACAACACCTA,4.05013749789176
29144,0.3043901681833571,16__mutated,PertCortex_16_TTTGTCACAGAGCCAA,2.4629520250024326
29145,0.1274113322475016,16__mutated,PertCortex_16_TTTGTCAGTAGCCTCG,2.15926168303855
29146,0.28822756202229793,16__mutated,PertCortex_16_TTTGTCAGTCATCCCT,2.075051090235235
29147,0.18532305831151163,16__mutated,PertCortex_16_TTTGTCAGTCCAAGTT,4.389669928329991
29148,0.6590844612274656,16__mutated,PertCortex_16_TTTGTCAGTCTTGTCC,1.713276428624873
29149,0.5000754901000999,16__mutated,PertCortex_16_TTTGTCATCCAGGGCT,1.7739560414118714
29150,0.13768720211708244,17__mutated,PertCortex_17_AAACCTGCAGTAAGAT,3.6230843451821664
29151,0.050312872598565324,17__mutated,PertCortex_17_AAACGGGAGCCAGAAC,3.130241942350183
29152,0.09782230750429981,17__mutated,PertCortex_17_AAAGATGCAGCTGCAC,3.0669929668871094
29153,0.12972006248998977,17__mutated,PertCortex_17_AAAGCAACACCTTGTC,2.8514853545309617
29154,0.06834971087345748,17__mutated,PertCortex_17_AAAGCAACAGATGGCA,2.9384093378974647
29155,0.053956475609566776,17__mutated,PertCortex_17_AAAGTAGGTGCAGGTA,3.6400076905425207
29156,0.08875889588686284,17__mutated,PertCortex_17_AAAGTAGGTGTAAGTA,2.33221718115156
29157,0.12894545097185187,17__mutated,PertCortex_17_AAAGTAGTCACTTCAT,2.4840044027434707
29158,0.06614853392361028,17__mutated,PertCortex_17_AAAGTAGTCCAGTAGT,2.907225596034434
29159,0.1502294365034185,17__mutated,PertCortex_17_AACCATGCAAAGCGGT,2.9837564831894814
29160,0.08252640073615083,17__mutated,PertCortex_17_AACCATGTCAGAGGTG,2.279907677602927
29161,0.0837531762177359,17__mutated,PertCortex_17_AACCGCGTCGTCCGTT,1.8229187341761706
29162,0.1988233643759916,17__mutated,PertCortex_17_AACCGCGTCTGCGACG,1.411833356772247
29163,0.04994330312921948,17__mutated,PertCortex_17_AACTCAGGTAAATGAC,3.09170492234567
29164,0.05933288852987865,17__mutated,PertCortex_17_AACTCAGTCTCGTTTA,3.1648882827232057
29165,0.4092302624297376,17__mutated,PertCortex_17_AACTCAGTCTGCGACG,2.044161429221929
29166,0.18388046270602734,17__mutated,PertCortex_17_AACTCCCGTTACGCGC,2.8674351676067698
29167,0.08981833914081039,17__mutated,PertCortex_17_AACTCTTCAATCTGCA,3.055289443767484
29168,0.1550326768919822,17__mutated,PertCortex_17_AACTCTTGTGTAACGG,4.188686318110575
29169,0.20434295956941742,17__mutated,PertCortex_17_AACTGGTGTCGTCTTC,2.584713163008293
29170,0.11134897271606323,17__mutated,PertCortex_17_AACTGGTTCATAGCAC,3.7257342609254382
29171,-0.019366934402424485,17__mutated,PertCortex_17_AACTTTCAGGCTCATT,2.493899048164397
29172,0.08895980029331216,17__mutated,PertCortex_17_AACTTTCCAACAACCT,2.495211936306782
29173,0.11247399388898983,17__mutated,PertCortex_17_AACTTTCCATTGAGCT,3.61740759879149
29174,0.39505036448296815,17__mutated,PertCortex_17_AACTTTCTCAGGCAAG,1.8907722433752454
29175,0.12567369897312336,17__mutated,PertCortex_17_AAGACCTAGTGGCACA,3.4899133949865218
29176,0.3472320301711151,17__mutated,PertCortex_17_AAGACCTTCATATCGG,2.106419688541299
29177,0.4522204811009766,17__mutated,PertCortex_17_AAGACCTTCATCTGCC,2.1223548839547313
29178,0.39892391420762197,17__mutated,PertCortex_17_AAGACCTTCGGAAACG,2.4813785144619946
29179,0.15572567598730228,17__mutated,PertCortex_17_AAGCCGCAGTGGGTTG,4.218072416940624
29180,0.3475838649480856,17__mutated,PertCortex_17_AAGCCGCGTTTGTGTG,2.10318638995047
29181,0.051837413591475666,17__mutated,PertCortex_17_AAGGAGCAGTAATCCC,3.324856111154679
29182,0.17287953782943685,17__mutated,PertCortex_17_AAGGCAGGTTCAGACT,3.3460634795973694
29183,0.08115487391543794,17__mutated,PertCortex_17_AAGGTTCAGTGTACGG,2.6449125777391607
29184,0.16088716694249772,17__mutated,PertCortex_17_AAGTCTGAGACTTGAA,3.5604854057063933
29185,0.38205444699528573,17__mutated,PertCortex_17_AAGTCTGGTCGATTGT,2.2382525347666413
29186,0.0975080330116545,17__mutated,PertCortex_17_AATCCAGAGCGTGTCC,3.5748785473800373
29187,0.23058805152316805,17__mutated,PertCortex_17_AATCCAGCAATTGCTG,3.2662740189152117
29188,0.08933529370232376,17__mutated,PertCortex_17_AATCCAGGTTACCAGT,3.4469206421244634
29189,0.04130686717655503,17__mutated,PertCortex_17_AATCCAGTCATTTGGG,3.6497042306365834
29190,0.4432648614518537,17__mutated,PertCortex_17_AATCGGTGTCAGCTAT,1.8608777486636563
29191,0.12993108593595587,17__mutated,PertCortex_17_AATCGGTGTGTGCGTC,3.477957524596133
29192,0.08692340755472312,17__mutated,PertCortex_17_ACACCAAAGCTTTGGT,2.5109905638558003
29193,0.08268308496003467,17__mutated,PertCortex_17_ACACCAAAGTTAGGTA,3.187347405738461
29194,0.31866986784942936,17__mutated,PertCortex_17_ACACCAAGTAAGCACG,2.0034763620803577
29195,0.13742938440407362,17__mutated,PertCortex_17_ACACCAATCCACGACG,2.2232581658184456
29196,0.3856845998090385,17__mutated,PertCortex_17_ACACCGGGTTATCCGA,1.7140751229387285
29197,0.11446880427943461,17__mutated,PertCortex_17_ACACTGATCTGTTGAG,3.2453566508456277
29198,0.17099786483445806,17__mutated,PertCortex_17_ACAGCCGGTAAGTTCC,3.0560649942413285
29199,0.2153407899394647,17__mutated,PertCortex_17_ACAGCTACAACTGGCC,3.6150069858053584
29200,0.023540374975163664,17__mutated,PertCortex_17_ACAGCTATCGCTAGCG,2.5276501818192765
29201,0.10053853315092615,17__mutated,PertCortex_17_ACATACGAGCGTGTCC,2.687261765038543
29202,0.19206051350156647,17__mutated,PertCortex_17_ACATACGCAGCTGTAT,3.223435060119709
29203,0.0962357429894038,17__mutated,PertCortex_17_ACATCAGCAAAGCGGT,1.5717999459361267
29204,0.2335270633522168,17__mutated,PertCortex_17_ACATCAGTCCGTACAA,2.9473588564063604
29205,0.10325939397960289,17__mutated,PertCortex_17_ACCCACTTCTTGTACT,2.6095486684496163
29206,0.07555616232258484,17__mutated,PertCortex_17_ACCCACTTCTTGTTTG,2.8909822762438955
29207,0.12836112198535582,17__mutated,PertCortex_17_ACCGTAACAAAGTGCG,5.3918977162711705
29208,0.4367631456265471,17__mutated,PertCortex_17_ACCGTAAGTACCGTTA,2.6347074281331704
29209,0.10312488781374347,17__mutated,PertCortex_17_ACCGTAATCCCATTTA,3.914427150088699
29210,0.0955422857539287,17__mutated,PertCortex_17_ACCTTTACACCTCGTT,3.203012117447414
29211,0.23830006610966922,17__mutated,PertCortex_17_ACCTTTACATACCATG,2.670038168108599
29212,0.060641452050395304,17__mutated,PertCortex_17_ACCTTTAGTTCCATGA,3.3125353529918407
29213,0.05040054435606848,17__mutated,PertCortex_17_ACCTTTATCAGCATGT,3.754191088100134
29214,0.059896931978797786,17__mutated,PertCortex_17_ACCTTTATCGGAGGTA,3.359075293257337
29215,0.10261655186172144,17__mutated,PertCortex_17_ACGAGGACACTCAGGC,2.9985279354297245
29216,0.36559192330832957,17__mutated,PertCortex_17_ACGAGGACATTCTCAT,1.6726744163432403
29217,0.3968566710883261,17__mutated,PertCortex_17_ACGAGGAGTCATATGC,1.7562631311668042
29218,0.049241762521044466,17__mutated,PertCortex_17_ACGAGGATCAGTCCCT,3.1768585060948755
29219,0.11297411611733021,17__mutated,PertCortex_17_ACGATACGTTAAAGTG,3.1166796735401463
29220,0.09381383923772564,17__mutated,PertCortex_17_ACGATACTCATACGGT,3.4846714568154202
29221,0.10746676591198094,17__mutated,PertCortex_17_ACGATACTCCACGTGG,3.1307827199042495
29222,0.12716708840765562,17__mutated,PertCortex_17_ACGATGTGTACCGGCT,2.237736920235793
29223,0.22822833982979907,17__mutated,PertCortex_17_ACGCAGCAGAGCCCAA,2.1596550838186257
29224,0.09223680374636811,17__mutated,PertCortex_17_ACGCCAGGTTGCCTCT,3.6088719057251892
29225,0.09232234773925316,17__mutated,PertCortex_17_ACGCCAGTCTTCAACT,4.579592840449656
29226,0.1679661594800822,17__mutated,PertCortex_17_ACGCCGAAGAATGTGT,3.5232810754875725
29227,0.4620117319892818,17__mutated,PertCortex_17_ACGCCGAGTCAGGACA,1.7245486360124251
29228,0.10035707071133083,17__mutated,PertCortex_17_ACGGAGAAGTGCTGCC,2.9846603818070188
29229,0.07110871165526307,17__mutated,PertCortex_17_ACGGAGACATCTCGCT,2.7214504414079754
29230,0.06357113878520897,17__mutated,PertCortex_17_ACGGCCAAGTACTTGC,3.3898736855396083
29231,0.11220978899762303,17__mutated,PertCortex_17_ACGGCCATCACAATGC,2.8880097876062627
29232,0.1043416657650426,17__mutated,PertCortex_17_ACGGGCTTCTACTCAT,4.283798410862453
29233,0.1515359577216885,17__mutated,PertCortex_17_ACGGGCTTCTGCCCTA,3.0536750206831362
29234,0.09596403818175439,17__mutated,PertCortex_17_ACGGGTCCAGCTCGCA,3.2222673002859428
29235,0.13479383508826226,17__mutated,PertCortex_17_ACGGGTCCAGTCTTCC,2.616316095556754
29236,0.14691133774560977,17__mutated,PertCortex_17_ACGGGTCCATTCGACA,3.210566768145085
29237,0.008139144212680718,17__mutated,PertCortex_17_ACGGGTCGTCAATGTC,4.101257334268295
29238,0.2612105035480918,17__mutated,PertCortex_17_ACGGGTCTCAATCACG,2.4032129839749587
29239,0.0014492752392348837,17__mutated,PertCortex_17_ACGTCAAGTCAGATAA,3.8943636623864304
29240,0.21220768759798825,17__mutated,PertCortex_17_ACTATCTAGACACGAC,2.114788837764459
29241,0.09467588451852829,17__mutated,PertCortex_17_ACTATCTCACAAGCCC,3.9237275774059293
29242,0.04212349849713284,17__mutated,PertCortex_17_ACTATCTTCGGCGCTA,3.4731669973826307
29243,0.2102752396884916,17__mutated,PertCortex_17_ACTGAGTAGACCTAGG,3.4597525459238443
29244,0.09202560009067122,17__mutated,PertCortex_17_ACTGAGTAGTGAAGAG,3.222051446938267
29245,0.044138866799098654,17__mutated,PertCortex_17_ACTGAGTCAAATTGCC,3.7217309335089217
29246,0.1421938704184115,17__mutated,PertCortex_17_ACTGAGTGTCACTGGC,3.3626643106775735
29247,0.1203939009075436,17__mutated,PertCortex_17_ACTGCTCAGTGTTTGC,3.221974425551482
29248,0.13737863019650107,17__mutated,PertCortex_17_ACTGCTCAGTTGAGTA,2.5963602210745047
29249,0.16023758054988807,17__mutated,PertCortex_17_ACTGCTCCACCTGGTG,2.650329734414302
29250,0.1163303806819885,17__mutated,PertCortex_17_ACTGCTCCATTCGACA,2.5242254720252584
29251,0.20640570079588003,17__mutated,PertCortex_17_ACTGCTCGTCAACATC,1.9538381403805631
29252,0.14357175722150167,17__mutated,PertCortex_17_ACTGCTCGTCACTGGC,3.0982320760015924
29253,0.1056388009627298,17__mutated,PertCortex_17_ACTGTCCGTAAATACG,2.789510247193781
29254,0.05632735551812633,17__mutated,PertCortex_17_ACTTACTTCAAGCCTA,3.849545606585074
29255,0.14385374202586723,17__mutated,PertCortex_17_ACTTACTTCTTATCTG,4.080823310910032
29256,0.04623886407456992,17__mutated,PertCortex_17_ACTTACTTCTTGCATT,3.126600789224934
29257,0.07319246436584635,17__mutated,PertCortex_17_ACTTGTTCACACGCTG,2.5787461265677325
29258,0.25081635484537346,17__mutated,PertCortex_17_ACTTGTTGTTTGACTG,2.050484383431748
29259,0.09276997837417292,17__mutated,PertCortex_17_ACTTTCACAATGTTGC,4.055062409218377
29260,0.1683245766173487,17__mutated,PertCortex_17_AGAATAGAGAGCAATT,3.1463418578948157
29261,0.2887162874205967,17__mutated,PertCortex_17_AGAATAGAGTCAATAG,2.145120075956654
29262,0.16724484676734,17__mutated,PertCortex_17_AGAATAGGTGGTTTCA,1.6979906463512975
29263,0.055294423174339524,17__mutated,PertCortex_17_AGACGTTAGAGAACAG,3.1194523388391806
29264,0.12581237229133393,17__mutated,PertCortex_17_AGACGTTCAGTAACGG,2.9431819182682797
29265,0.407590386668556,17__mutated,PertCortex_17_AGACGTTCAGTCCTTC,1.8536056050907324
29266,0.054838889226011704,17__mutated,PertCortex_17_AGACGTTCATCCGGGT,3.240910710202602
29267,0.2849704263889232,17__mutated,PertCortex_17_AGACGTTTCAAGAAGT,2.362568412714619
29268,0.415682493779472,17__mutated,PertCortex_17_AGAGCGACAATAGAGT,2.9426999425946025
29269,0.07169122307243617,17__mutated,PertCortex_17_AGAGTGGAGTTAGGTA,4.002597538201999
29270,0.37360157567932106,17__mutated,PertCortex_17_AGAGTGGGTACGACCC,1.926236805322429
29271,0.1899630319606753,17__mutated,PertCortex_17_AGAGTGGTCCTAGGGC,2.4570322620709755
29272,0.04518084140050009,17__mutated,PertCortex_17_AGATCTGAGACAGACC,2.3669313970646595
29273,0.05772194339248879,17__mutated,PertCortex_17_AGATCTGCATGGTCAT,3.4847888774646396
29274,0.10234162889687608,17__mutated,PertCortex_17_AGATTGCCAAAGGCGT,4.553145270940511
29275,0.08542395731597752,17__mutated,PertCortex_17_AGATTGCTCCTCAATT,3.851208149879746
29276,0.05715196616275995,17__mutated,PertCortex_17_AGATTGCTCGAGAACG,3.7300713472023186
29277,0.10246884959897096,17__mutated,PertCortex_17_AGCAGCCAGCAGGTCA,3.131138809103795
29278,0.10164904464837232,17__mutated,PertCortex_17_AGCAGCCAGCTGCAAG,3.4814640013765987
29279,0.2850093082228336,17__mutated,PertCortex_17_AGCAGCCAGGGCACTA,2.307562702881189
29280,0.1179614437609394,17__mutated,PertCortex_17_AGCATACCAAAGGAAG,4.78077927850989
29281,0.14513357853335535,17__mutated,PertCortex_17_AGCATACGTAGGAGTC,3.748182036562369
29282,0.1349257518950658,17__mutated,PertCortex_17_AGCCTAAAGACCTAGG,2.4454579825701104
29283,0.11121818231515707,17__mutated,PertCortex_17_AGCCTAAAGTGACTCT,3.349751491067302
29284,0.23848778176400542,17__mutated,PertCortex_17_AGCGGTCAGTACATGA,2.3062890845746398
29285,0.07377940702146624,17__mutated,PertCortex_17_AGCGGTCTCCGTTGCT,2.2468415692736556
29286,0.23840018397046264,17__mutated,PertCortex_17_AGCGGTCTCTCTGAGA,1.5030458011949095
29287,0.05561065099897176,17__mutated,PertCortex_17_AGCGTCGAGCGCCTCA,3.246570815595465
29288,0.008093101305218542,17__mutated,PertCortex_17_AGCGTCGCACTTCGAA,2.721004229969614
29289,0.07308023268528388,17__mutated,PertCortex_17_AGCGTCGGTACAGTGG,3.4531881727361298
29290,0.01853277519988859,17__mutated,PertCortex_17_AGCGTCGGTCAGATAA,2.5425933647323644
29291,0.1358411745757941,17__mutated,PertCortex_17_AGCGTCGGTTTAGGAA,2.5906600277214844
29292,0.35571728049512125,17__mutated,PertCortex_17_AGCGTCGTCGGAGCAA,1.5823230115156504
29293,0.390124284572809,17__mutated,PertCortex_17_AGCTCCTGTCGTGGCT,2.766557498331536
29294,0.0374460322030246,17__mutated,PertCortex_17_AGCTCCTGTCTAGTCA,3.901632420574837
29295,0.10248502837364529,17__mutated,PertCortex_17_AGCTCTCCAAATCCGT,2.5024840251093594
29296,0.17987990360822903,17__mutated,PertCortex_17_AGGCCACAGTAGGCCA,3.0740609529984706
29297,0.26579915144419314,17__mutated,PertCortex_17_AGGCCACAGTCATCCA,1.5526438342008673
29298,0.0621842832215906,17__mutated,PertCortex_17_AGGCCACCACGAGAGT,3.2526094485371515
29299,0.07740363268441301,17__mutated,PertCortex_17_AGGCCACTCGTTACAG,3.1068953324692195
29300,0.3150165382449389,17__mutated,PertCortex_17_AGGCCGTAGTGACTCT,2.235930573255841
29301,0.26036663544789285,17__mutated,PertCortex_17_AGGGAGTGTAAGTGTA,3.8157211049533744
29302,0.3188047617405189,17__mutated,PertCortex_17_AGGGAGTGTCAACATC,2.078066053372838
29303,0.4502532499780584,17__mutated,PertCortex_17_AGGGAGTTCGTTGCCT,2.0027552584174497
29304,0.12245965283230126,17__mutated,PertCortex_17_AGGGATGCACACCGAC,4.193814708558283
29305,0.16612019624329225,17__mutated,PertCortex_17_AGGTCATAGGATGGTC,3.4678765757003407
29306,0.021933603116532998,17__mutated,PertCortex_17_AGGTCATAGTGGAGTC,2.234779633299919
29307,0.4760994769053902,17__mutated,PertCortex_17_AGGTCATAGTGGGCTA,1.7610080385694218
29308,0.1803776323411789,17__mutated,PertCortex_17_AGGTCATGTCGGCTCA,1.7796234793692374
29309,-0.0025389360823348025,17__mutated,PertCortex_17_AGGTCCGAGTGCAAGC,2.2735221037448072
29310,0.12271926860606744,17__mutated,PertCortex_17_AGTAGTCAGATATGCA,2.9983023499006487
29311,0.10344543743245366,17__mutated,PertCortex_17_AGTCTTTAGAAGGCCT,3.2555084464917896
29312,0.14124487134423466,17__mutated,PertCortex_17_AGTCTTTAGCCGGTAA,3.1782573480286183
29313,0.23956843802959532,17__mutated,PertCortex_17_AGTCTTTCAGTACACT,1.8915714367950593
29314,0.0347075594445415,17__mutated,PertCortex_17_AGTCTTTGTACAGTGG,3.0025012592682496
29315,0.4797568750450146,17__mutated,PertCortex_17_AGTCTTTTCCTATGTT,2.1277823690894926
29316,0.3860302576381373,17__mutated,PertCortex_17_AGTCTTTTCTTGTATC,3.9639519203981073
29317,0.03952276426246618,17__mutated,PertCortex_17_AGTGAGGCATCGTCGG,3.1590440312272623
29318,0.051245154178513386,17__mutated,PertCortex_17_AGTGGGAAGAAGGGTA,3.670219942767037
29319,0.10174338755748988,17__mutated,PertCortex_17_AGTGGGACACACCGAC,3.4533244758419843
29320,0.11694861867099993,17__mutated,PertCortex_17_AGTGGGAGTGCCTGCA,3.358942236053596
29321,0.08677450274745584,17__mutated,PertCortex_17_AGTGTCAAGACCGGAT,3.327446596864392
29322,0.24296609237959793,17__mutated,PertCortex_17_AGTGTCATCTGCTGCT,1.6045745405484544
29323,0.32320635720754654,17__mutated,PertCortex_17_AGTGTCATCTTGACGA,1.6744142506395714
29324,0.06945952104175632,17__mutated,PertCortex_17_AGTTGGTAGATATGCA,3.9590957465614203
29325,0.19733054233298378,17__mutated,PertCortex_17_AGTTGGTAGGACAGAA,3.120396195626896
29326,0.184363966872713,17__mutated,PertCortex_17_AGTTGGTAGTATTGGA,2.8285933301122888
29327,0.08408856950100167,17__mutated,PertCortex_17_AGTTGGTTCTATCCCG,3.4480362737158305
29328,0.4086862493594288,17__mutated,PertCortex_17_AGTTGGTTCTCCGGTT,1.9575605935937221
29329,0.3698394409619831,17__mutated,PertCortex_17_ATAACGCTCATAAAGG,1.9978441529402649
29330,0.08751471179424629,17__mutated,PertCortex_17_ATAAGAGAGTATCTCG,3.7931958253964897
29331,0.1425805096826435,17__mutated,PertCortex_17_ATAAGAGAGTGCGTGA,3.7506496081125027
29332,0.42182733960828916,17__mutated,PertCortex_17_ATCACGACACGACTCG,2.013471162015804
29333,0.10331829704533761,17__mutated,PertCortex_17_ATCACGATCATGCTCC,2.676679421570845
29334,0.029472010283384233,17__mutated,PertCortex_17_ATCATCTAGAGGGATA,4.224264610220792
29335,0.15630285613726397,17__mutated,PertCortex_17_ATCATCTGTAAATGAC,3.1232276459919683
29336,0.04154579839044789,17__mutated,PertCortex_17_ATCATGGAGTTAGGTA,3.220806090447105
29337,0.38099378693086366,17__mutated,PertCortex_17_ATCATGGGTAGCTTGT,1.8311920177752186
29338,0.09651572716974449,17__mutated,PertCortex_17_ATCCACCCAGTCGTGC,2.971500593635943
29339,0.031735469182851965,17__mutated,PertCortex_17_ATCCACCCATAGGATA,3.1991778095183867
29340,0.45151656380708405,17__mutated,PertCortex_17_ATCCACCGTCAATACC,2.0589549929489097
29341,0.27175754707321254,17__mutated,PertCortex_17_ATCCACCGTCCAGTAT,1.4371769159324819
29342,0.09594606227431535,17__mutated,PertCortex_17_ATCCACCGTTAAGGGC,2.8033210621004017
29343,0.3355666686008187,17__mutated,PertCortex_17_ATCCGAAAGCGTAGTG,1.7105352639164233
29344,0.3269878225195583,17__mutated,PertCortex_17_ATCCGAAGTACCGGCT,2.177486144275267
29345,0.12935029217295577,17__mutated,PertCortex_17_ATCTACTAGAGTAATC,3.0397783219683325
29346,0.23372988678130785,17__mutated,PertCortex_17_ATCTACTGTGTTCTTT,2.8193651929280645
29347,0.08083272517158227,17__mutated,PertCortex_17_ATCTGCCCAGCTGTTA,2.7018374298235166
29348,0.08562101984622089,17__mutated,PertCortex_17_ATCTGCCCAGTCACTA,4.537612659559244
29349,-0.012336493452342953,17__mutated,PertCortex_17_ATGAGGGAGAATGTGT,4.1908311993843075
29350,0.42185324370518706,17__mutated,PertCortex_17_ATGAGGGAGTCAAGGC,2.006615631747251
29351,0.1738884526309914,17__mutated,PertCortex_17_ATGAGGGCATGTTGAC,2.654041349312276
29352,0.16341695821365512,17__mutated,PertCortex_17_ATGAGGGTCTCTTGAT,2.498928070584585
29353,0.4762480635501548,17__mutated,PertCortex_17_ATGCGATAGGTGATAT,1.7683658199887322
29354,0.17303119884526327,17__mutated,PertCortex_17_ATGCGATCATTGTGCA,2.7997886620456924
29355,0.1824364310515204,17__mutated,PertCortex_17_ATGGGAGGTATAATGG,3.1300330104759158
29356,0.45988737491985543,17__mutated,PertCortex_17_ATGTGTGAGAAACCTA,1.7568784198374827
29357,0.200934839217667,17__mutated,PertCortex_17_ATGTGTGAGGTGCTTT,2.844313582503874
29358,0.049440292378237743,17__mutated,PertCortex_17_ATGTGTGCATTGGCGC,4.4668492282956125
29359,0.13262241920808288,17__mutated,PertCortex_17_ATTACTCAGAGGGCTT,4.462100164041559
29360,0.1389053200752216,17__mutated,PertCortex_17_ATTACTCCAATACGCT,4.472795825127503
29361,0.11246481093817584,17__mutated,PertCortex_17_ATTATCCAGCACCGCT,3.285310564379647
29362,0.14496435402784089,17__mutated,PertCortex_17_ATTATCCAGGACACCA,4.5866760376969395
29363,0.1899315587570683,17__mutated,PertCortex_17_ATTATCCCAGCATACT,1.8843917525783365
29364,0.08693419618504093,17__mutated,PertCortex_17_ATTATCCCAGGTCGTC,3.565019099538924
29365,0.13199162571398446,17__mutated,PertCortex_17_ATTATCCTCGACCAGC,2.7771315662451563
29366,0.20983087567534742,17__mutated,PertCortex_17_ATTCTACAGCCTATGT,3.4979053474607276
29367,0.06671268089991526,17__mutated,PertCortex_17_ATTCTACTCCGTAGTA,3.502019957295651
29368,0.38533754385924923,17__mutated,PertCortex_17_ATTGGACAGCAGCCTC,3.3350096566875522
29369,0.20075788611205075,17__mutated,PertCortex_17_ATTGGACCATCTACGA,3.2581978167951435
29370,0.10051051523341044,17__mutated,PertCortex_17_ATTGGACGTCAAACTC,2.5454564584497983
29371,0.2697373266766375,17__mutated,PertCortex_17_ATTGGTGTCTTGAGAC,2.343559292740305
29372,0.24622602461573803,17__mutated,PertCortex_17_ATTTCTGCATGACATC,1.939270184466769
29373,0.15799518125309336,17__mutated,PertCortex_17_ATTTCTGGTAAGGATT,3.772792629023879
29374,0.0904345198081881,17__mutated,PertCortex_17_CAACCAAAGGATTCGG,2.2809697022972513
29375,0.27458572916587326,17__mutated,PertCortex_17_CAACCAACAGGCTGAA,2.171968165144844
29376,0.1054288233760659,17__mutated,PertCortex_17_CAACCAAGTCGAACAG,2.986461891806687
29377,0.09984488386628372,17__mutated,PertCortex_17_CAACCAAGTCGCTTTC,3.104636018559745
29378,0.03158015331686518,17__mutated,PertCortex_17_CAACCTCGTGCATCTA,3.7720697983906804
29379,0.120809651879809,17__mutated,PertCortex_17_CAACTAGAGGATGGTC,2.9393754529066305
29380,0.16222831204558102,17__mutated,PertCortex_17_CAACTAGAGGGCTTCC,3.0534562761166177
29381,0.1241354384343783,17__mutated,PertCortex_17_CAAGAAAAGCTGCCCA,3.200594633601974
29382,0.2608101851429957,17__mutated,PertCortex_17_CAAGAAAAGTACGATA,2.2133553621406135
29383,0.1695672665518093,17__mutated,PertCortex_17_CAAGAAACATATACCG,2.909392576241558
29384,0.10688008009632793,17__mutated,PertCortex_17_CAAGAAAGTTGGTGGA,3.192500827144947
29385,0.07675690086248518,17__mutated,PertCortex_17_CAAGATCCAGGGTTAG,3.4898420474370058
29386,0.10599879156500576,17__mutated,PertCortex_17_CAAGGCCGTCGCATAT,2.438187893385487
29387,0.32397550725378554,17__mutated,PertCortex_17_CAAGTTGAGCCAGTTT,2.186779028333237
29388,0.13482898118146058,17__mutated,PertCortex_17_CAAGTTGCACCAACCG,2.762717491462775
29389,0.39275092687980784,17__mutated,PertCortex_17_CAAGTTGCAGACAAAT,1.8276957418298203
29390,0.3557602644608166,17__mutated,PertCortex_17_CACAAACGTTGGTAAA,1.8020396192943344
29391,0.13783057356914893,17__mutated,PertCortex_17_CACAAACTCAACACGT,3.71340924976044
29392,0.1489501311690767,17__mutated,PertCortex_17_CACACAAAGTGACTCT,2.0565364003120803
29393,0.44360922068310416,17__mutated,PertCortex_17_CACACAACAGGTGCCT,1.9169037762693344
29394,0.07785749783834502,17__mutated,PertCortex_17_CACACCTAGGCCCTCA,4.559407107792312
29395,0.13845871137741317,17__mutated,PertCortex_17_CACACCTCAGGCGATA,4.036853354648704
29396,0.17484136192404298,17__mutated,PertCortex_17_CACACCTGTATTCTCT,3.893185957537029
29397,0.025587975604485145,17__mutated,PertCortex_17_CACACCTGTCACCCAG,2.6177761839816904
29398,0.08568890165885777,17__mutated,PertCortex_17_CACACTCAGAGCAATT,3.5073444830433895
29399,0.12906485489604386,17__mutated,PertCortex_17_CACACTCCACAGATTC,3.6814267741166664
29400,0.42182606480492874,17__mutated,PertCortex_17_CACACTCGTTCACGGC,1.7544040854109104
29401,0.11444978701864529,17__mutated,PertCortex_17_CACACTCTCACAGTAC,3.207365465860122
29402,0.05871504756672159,17__mutated,PertCortex_17_CACAGGCGTTCATGGT,3.02198484987715
29403,0.36475265735333195,17__mutated,PertCortex_17_CACAGGCTCAGCTCGG,1.8855287167373902
29404,0.12638814252150643,17__mutated,PertCortex_17_CACATAGAGCACCGCT,4.669652716682466
29405,0.36150777008389795,17__mutated,PertCortex_17_CACATAGCAAGCCGCT,3.0286552421640125
29406,0.0423230899763819,17__mutated,PertCortex_17_CACATAGGTCCAGTAT,2.9620871500382053
29407,0.1594343436943313,17__mutated,PertCortex_17_CACATAGTCGAATGCT,2.5105188342642792
29408,0.2732344210653286,17__mutated,PertCortex_17_CACATTTCAATGGAAT,3.107391949914969
29409,0.15805458959039667,17__mutated,PertCortex_17_CACCACTCACAGCGTC,2.0866952784221002
29410,0.11304092761384395,17__mutated,PertCortex_17_CACCACTGTATATGAG,3.2647066965017153
29411,0.44494058018645205,17__mutated,PertCortex_17_CACCAGGAGGGATACC,2.35811333121872
29412,0.09088122911287934,17__mutated,PertCortex_17_CACCAGGGTTCTGGTA,1.7815311393156852
29413,0.039746522030855276,17__mutated,PertCortex_17_CACCAGGTCATGTGGT,2.9610459507623923
29414,0.1025278045117043,17__mutated,PertCortex_17_CACCAGGTCGCACTCT,2.5627154500730795
29415,0.09668836661131443,17__mutated,PertCortex_17_CACCTTGAGTGTACGG,2.274242022088624
29416,0.3727590501269277,17__mutated,PertCortex_17_CACCTTGCAGGTTTCA,1.7164825206555472
29417,0.06135899911459593,17__mutated,PertCortex_17_CACCTTGCATCCTTGC,3.571928993584209
29418,0.06646522818884194,17__mutated,PertCortex_17_CACCTTGGTCTCTCGT,2.1093580093251005
29419,0.03994492739111525,17__mutated,PertCortex_17_CACCTTGTCTGCTGTC,2.465342996962784
29420,0.08249142060093036,17__mutated,PertCortex_17_CACTCCACAGTGAGTG,2.8160220376552725
29421,0.15048264951991666,17__mutated,PertCortex_17_CAGAATCAGACTCGGA,4.3735755074298455
29422,0.14193259534693164,17__mutated,PertCortex_17_CAGAGAGAGCGTAATA,3.5237539105125317
29423,0.12157447578299395,17__mutated,PertCortex_17_CAGAGAGCACGTTGGC,2.3904862553462984
29424,0.207390485338591,17__mutated,PertCortex_17_CAGAGAGGTCCTGCTT,2.4847345849210494
29425,0.0721747514930256,17__mutated,PertCortex_17_CAGAGAGGTGAAAGAG,3.6492960486996995
29426,0.052805182997807974,17__mutated,PertCortex_17_CAGAGAGTCAGTTGAC,3.741076162361309
29427,0.12493457063224937,17__mutated,PertCortex_17_CAGATCAAGCTGAACG,3.0319888021390615
29428,0.18435906937002053,17__mutated,PertCortex_17_CAGATCAGTCTCACCT,2.8783316671585926
29429,0.05054436614256018,17__mutated,PertCortex_17_CAGCAGCTCCTGTACC,2.5717620813292292
29430,0.06451352654064613,17__mutated,PertCortex_17_CAGCATAAGAGGACGG,2.401817139416097
29431,0.09143649976366093,17__mutated,PertCortex_17_CAGCATATCTTTCCTC,2.7635997875725344
29432,0.33679440208934275,17__mutated,PertCortex_17_CAGCCGACAAGCTGGA,3.5685934567990754
29433,0.2481662018787266,17__mutated,PertCortex_17_CAGCCGACATCTATGG,2.9221205929424876
29434,0.13576752622230578,17__mutated,PertCortex_17_CAGCCGAGTCCAACTA,3.013773896033901
29435,0.35963382187298354,17__mutated,PertCortex_17_CAGCGACCAGGAACGT,1.8774907747349998
29436,0.08817011844495676,17__mutated,PertCortex_17_CAGCTAAAGAGCCTAG,2.576446871396869
29437,0.17833005404080168,17__mutated,PertCortex_17_CAGCTGGCACAGAGGT,2.5476418326300245
29438,0.1437002133324956,17__mutated,PertCortex_17_CAGCTGGTCCACGACG,1.9170836033275207
29439,0.16271545834465836,17__mutated,PertCortex_17_CAGCTGGTCCGCGCAA,2.7680993286702544
29440,0.08794900312293143,17__mutated,PertCortex_17_CAGGTGCAGAAGGTTT,3.454039127740003
29441,0.1862386254561087,17__mutated,PertCortex_17_CAGGTGCCAGACGCTC,2.8690039550561797
29442,0.1693252516469497,17__mutated,PertCortex_17_CAGGTGCCATCACCCT,3.063185330231042
29443,0.07213675288637199,17__mutated,PertCortex_17_CAGTAACAGGTGTGGT,2.4216551322055313
29444,0.42200024291479876,17__mutated,PertCortex_17_CAGTCCTAGAACAACT,1.798085979496836
29445,0.0838085748191696,17__mutated,PertCortex_17_CAGTCCTAGTCCATAC,4.023603663056717
29446,0.12662371530393934,17__mutated,PertCortex_17_CAGTCCTCATTCTTAC,3.958770135683114
29447,0.1657313266480557,17__mutated,PertCortex_17_CAGTCCTTCCGAGCCA,4.570388115089992
29448,0.1678034518330636,17__mutated,PertCortex_17_CATATGGGTGTGCGTC,2.693144215037829
29449,0.07348097867067321,17__mutated,PertCortex_17_CATATTCCACGGCCAT,2.3321553723727693
29450,0.036965339804027275,17__mutated,PertCortex_17_CATCAAGAGCGTTGCC,3.5681613856177
29451,0.049963162304906585,17__mutated,PertCortex_17_CATCAAGCAGTATCTG,3.0100324758442083
29452,0.11226799451292958,17__mutated,PertCortex_17_CATCAGACAATCAGAA,2.6824005253584593
29453,0.3393569946598168,17__mutated,PertCortex_17_CATCAGATCACCGGGT,1.7958648685114444
29454,0.03448150116635684,17__mutated,PertCortex_17_CATCCACCATCACAAC,4.177607048286327
29455,0.07559718816155454,17__mutated,PertCortex_17_CATCGAAAGAATCTCC,3.4989633165652347
29456,0.13633911717830643,17__mutated,PertCortex_17_CATCGAACACTGCCAG,3.0894045836077004
29457,0.0797595834380624,17__mutated,PertCortex_17_CATCGAAGTGCACGAA,3.364146868691082
29458,0.12017488892787352,17__mutated,PertCortex_17_CATCGGGGTCATGCAT,2.70385713689215
29459,0.1843658884107802,17__mutated,PertCortex_17_CATCGGGTCGATAGAA,2.4927824821268767
29460,0.36587258057042504,17__mutated,PertCortex_17_CATGACAAGGTAGCTG,2.305335938130148
29461,0.14131925306701731,17__mutated,PertCortex_17_CATGACAGTCAGAATA,2.7377017162579804
29462,0.09911524754866845,17__mutated,PertCortex_17_CATGACAGTCTTCAAG,3.3905801683609726
29463,0.2017708918888251,17__mutated,PertCortex_17_CATGACAGTTCGGGCT,2.6458102969657276
29464,0.2269615141799505,17__mutated,PertCortex_17_CATGCCTCACACTGCG,2.123346690926615
29465,0.26860557061670576,17__mutated,PertCortex_17_CATGCCTCATTCTTAC,2.3932152239582547
29466,0.19048946923304572,17__mutated,PertCortex_17_CATGCCTTCGCAGGCT,2.052154356793192
29467,0.41274745414193004,17__mutated,PertCortex_17_CATTATCCATGGTTGT,3.002508743895666
29468,0.01331629734705632,17__mutated,PertCortex_17_CATTATCGTCTAGCGC,3.0193857361446517
29469,0.07070395934302935,17__mutated,PertCortex_17_CATTATCTCTACTTAC,3.465937684076026
29470,0.07315756732879536,17__mutated,PertCortex_17_CATTCGCAGATTACCC,3.160391139879887
29471,0.1242523669549664,17__mutated,PertCortex_17_CATTCGCAGCGTCTAT,3.2596417386359415
29472,0.12201124486847521,17__mutated,PertCortex_17_CATTCGCGTACTTGAC,2.0938510680889357
29473,0.11036477758959273,17__mutated,PertCortex_17_CCAATCCAGATCACGG,3.2188800943331453
29474,0.10850768446914552,17__mutated,PertCortex_17_CCAATCCCAAATACAG,3.8113623199928095
29475,0.1800045801325997,17__mutated,PertCortex_17_CCAATCCGTCCCTTGT,2.3649717526475134
29476,0.05554024122551267,17__mutated,PertCortex_17_CCAATCCTCTTGAGGT,2.4526135736179393
29477,0.1545867801907751,17__mutated,PertCortex_17_CCACCTACACTGCCAG,2.733411691746774
29478,0.2598909380907839,17__mutated,PertCortex_17_CCACGGAAGCTGCAAG,3.2588076268760893
29479,0.2259990083843518,17__mutated,PertCortex_17_CCACTACAGTCATGCT,3.5848547526820718
29480,0.10357595570259846,17__mutated,PertCortex_17_CCACTACCATCCTTGC,3.3369266052021507
29481,0.12252857508923846,17__mutated,PertCortex_17_CCAGCGATCTGTTGAG,2.4942505391659897
29482,0.06987328146637141,17__mutated,PertCortex_17_CCATGTCAGTGTCTCA,4.1753930344419
29483,0.04346396451383322,17__mutated,PertCortex_17_CCATGTCCAATCACAC,3.1908743365302517
29484,0.05448985731063124,17__mutated,PertCortex_17_CCATGTCGTTGACGTT,3.784705304415127
29485,0.0849747699729942,17__mutated,PertCortex_17_CCATTCGAGTGTTAGA,3.299444465392331
29486,0.12965579901024138,17__mutated,PertCortex_17_CCATTCGCACATTAGC,2.525492608302986
29487,0.270052514556667,17__mutated,PertCortex_17_CCATTCGGTATTAGCC,2.433881015300141
29488,0.10155735261590186,17__mutated,PertCortex_17_CCCAATCCATGAAGTA,3.0275643712039058
29489,0.027537781620570658,17__mutated,PertCortex_17_CCCAATCGTCAAAGAT,2.8144882433910787
29490,0.06477396171752714,17__mutated,PertCortex_17_CCCAATCGTCGTCTTC,4.028113603091149
29491,0.13167225045239508,17__mutated,PertCortex_17_CCCAATCTCCTGTACC,3.9783515473189643
29492,0.07949203129021816,17__mutated,PertCortex_17_CCCAGTTCATTAACCG,3.957798299224035
29493,0.012126578521894851,17__mutated,PertCortex_17_CCCATACTCTCTAAGG,3.491994577868395
29494,0.14068859147774426,17__mutated,PertCortex_17_CCCTCCTAGTTCCACA,4.215889360309195
29495,0.07490870615081105,17__mutated,PertCortex_17_CCGGGATGTCAGTGGA,4.087305199878031
29496,0.06847834995135615,17__mutated,PertCortex_17_CCGGTAGAGCCCAATT,2.975486112772382
29497,0.12818272765566044,17__mutated,PertCortex_17_CCGGTAGGTCAGGACA,3.810035330970916
29498,0.16154337273137903,17__mutated,PertCortex_17_CCGTGGACAGATTGCT,2.6854323385831105
29499,0.10938928943710001,17__mutated,PertCortex_17_CCGTGGATCACGCGGT,2.463469494970514
29500,0.10724290611200882,17__mutated,PertCortex_17_CCGTTCAAGAGTAAGG,3.826979165694541
29501,0.15818837170961483,17__mutated,PertCortex_17_CCGTTCAGTCCGTGAC,2.3030457695916615
29502,0.11807449869071002,17__mutated,PertCortex_17_CCTAAAGGTTAAGATG,2.8809671857151806
29503,0.022895970882964974,17__mutated,PertCortex_17_CCTACACAGAGAGCTC,3.1897441945513383
29504,0.12681398245457762,17__mutated,PertCortex_17_CCTACACGTCCCGACA,3.4402020485061
29505,0.05213563092495044,17__mutated,PertCortex_17_CCTACACTCGTCCAGG,3.4410602046466154
29506,0.16997362203587263,17__mutated,PertCortex_17_CCTACCACAATCGGTT,2.9980501763185563
29507,0.4720476027035668,17__mutated,PertCortex_17_CCTACCAGTTCCGTCT,3.0740875693172085
29508,0.10121786434264958,17__mutated,PertCortex_17_CCTACCATCGCGCCAA,2.759173210745491
29509,0.13967876395939996,17__mutated,PertCortex_17_CCTACCATCGGAGGTA,3.2361967876727267
29510,0.053722504049759666,17__mutated,PertCortex_17_CCTAGCTCAGTCAGAG,3.8407810117201007
29511,0.12599982786825473,17__mutated,PertCortex_17_CCTAGCTCAGTGACAG,2.3046567698735885
29512,0.12104606764147062,17__mutated,PertCortex_17_CCTAGCTCATTCGACA,2.2089300987481164
29513,0.3427529243594655,17__mutated,PertCortex_17_CCTAGCTTCAACACGT,1.7716516305444634
29514,0.15335371945020274,17__mutated,PertCortex_17_CCTAGCTTCGCTTAGA,2.10085689073776
29515,0.058034882655207266,17__mutated,PertCortex_17_CCTATTAAGACACGAC,2.733236297944527
29516,0.15123814741596925,17__mutated,PertCortex_17_CCTATTAAGGAGCGAG,3.0901514094057285
29517,0.19114406737999395,17__mutated,PertCortex_17_CCTATTAAGGTGGGTT,3.1592295153681222
29518,0.14124533351322452,17__mutated,PertCortex_17_CCTATTACACATCCAA,2.74855318969103
29519,0.06505030764154592,17__mutated,PertCortex_17_CCTATTACATCCTTGC,3.528499032889011
29520,0.07713222829841261,17__mutated,PertCortex_17_CCTATTATCGAATGGG,3.339814235931609
29521,0.08112754041767031,17__mutated,PertCortex_17_CCTATTATCGCTGATA,3.6378122556980763
29522,0.09549877304384817,17__mutated,PertCortex_17_CCTCAGTAGCGAAGGG,3.9591152557814913
29523,0.040583136198795215,17__mutated,PertCortex_17_CCTCAGTAGTACGTTC,4.15921150246668
29524,0.2080413401284754,17__mutated,PertCortex_17_CCTCAGTAGTATCTCG,4.214307806396455
29525,0.10143224635128241,17__mutated,PertCortex_17_CCTCAGTGTTCGCGAC,3.2991470617112766
29526,0.02655049103434812,17__mutated,PertCortex_17_CCTCAGTTCCCAACGG,3.9661568262454403
29527,0.06460610510952869,17__mutated,PertCortex_17_CCTCTGAGTAACGTTC,3.3819646593336103
29528,0.09279601132624929,17__mutated,PertCortex_17_CCTCTGATCACCTTAT,3.736700171011752
29529,0.0451011808905339,17__mutated,PertCortex_17_CCTTACGCATCGGAAG,2.8339020357833
29530,0.1946338441092134,17__mutated,PertCortex_17_CCTTCCCAGTGTACTC,2.586926192292883
29531,0.42890130726134257,17__mutated,PertCortex_17_CCTTCCCGTTGATTCG,1.906216346822509
29532,0.4992806677256854,17__mutated,PertCortex_17_CCTTCCCTCCCAGGTG,2.9384046596141182
29533,0.10062918711560033,17__mutated,PertCortex_17_CCTTCCCTCTGTCCGT,1.693027563248722
29534,0.27831811910291426,17__mutated,PertCortex_17_CCTTCGAAGACAAGCC,1.5903054415511162
29535,0.08787413317026889,17__mutated,PertCortex_17_CCTTCGACAGTAAGCG,2.3890546597971962
29536,0.4530097531957179,17__mutated,PertCortex_17_CCTTCGATCTGAGGGA,1.7481749399400488
29537,0.08708597613589016,17__mutated,PertCortex_17_CCTTTCTTCATCATTC,3.8111854149564306
29538,0.10504431459311976,17__mutated,PertCortex_17_CGAACATCACTTACGA,3.631108449743275
29539,0.10751253251430458,17__mutated,PertCortex_17_CGAATGTTCGGTGTCG,4.383952670167317
29540,0.23813995061854246,17__mutated,PertCortex_17_CGACCTTCAGGTCTCG,3.173368325597875
29541,0.13101504971892233,17__mutated,PertCortex_17_CGACCTTCATCTATGG,3.8759134203703995
29542,0.3516692571724956,17__mutated,PertCortex_17_CGAGCACCAGTAACGG,1.9023960034699319
29543,0.10231824732370325,17__mutated,PertCortex_17_CGAGCACCATGGTCAT,2.4789598887324646
29544,0.12065607591440854,17__mutated,PertCortex_17_CGAGCCACAATAGCAA,2.023040350914156
29545,0.007288137668481298,17__mutated,PertCortex_17_CGAGCCATCTTATCTG,2.7963890162701808
29546,0.08025399357240012,17__mutated,PertCortex_17_CGATCGGAGTCCTCCT,4.275160152236633
29547,0.11469429571568339,17__mutated,PertCortex_17_CGATCGGAGTGGTCCC,2.9074384902926496
29548,0.06608163204376855,17__mutated,PertCortex_17_CGATCGGGTACATCCA,3.0982112703491502
29549,-0.0070007677982049845,17__mutated,PertCortex_17_CGATGGCCATCACGAT,2.651938672068486
29550,0.0363827038543583,17__mutated,PertCortex_17_CGATGTAGTTTAGGAA,4.260318045061226
29551,0.16048630818925028,17__mutated,PertCortex_17_CGATTGAAGGACACCA,2.467259252517605
29552,0.1492833254520792,17__mutated,PertCortex_17_CGATTGAGTTGAGTTC,3.966444610648547
29553,0.1753633216683162,17__mutated,PertCortex_17_CGATTGATCACTCTTA,2.7174772276818757
29554,0.38024760449206807,17__mutated,PertCortex_17_CGCGGTAAGTGGACGT,1.8551503801642826
29555,0.5531313384622053,17__mutated,PertCortex_17_CGCGGTACATGCGCAC,1.343889984840855
29556,0.21369776280576835,17__mutated,PertCortex_17_CGCGGTAGTGCCTGTG,1.8680294228632512
29557,0.3959008255190463,17__mutated,PertCortex_17_CGCGTTTCAGCCTTTC,2.3221257708180385
29558,0.15982112606272353,17__mutated,PertCortex_17_CGCGTTTGTACCTACA,2.987120700448265
29559,0.13067864097585327,17__mutated,PertCortex_17_CGCGTTTTCGTGGACC,2.2102221143000746
29560,0.060456589667414344,17__mutated,PertCortex_17_CGCTATCTCGGAAACG,2.2178185559818604
29561,0.1619001703480476,17__mutated,PertCortex_17_CGCTGGACAAATACAG,2.3348019108056195
29562,0.15840631914585226,17__mutated,PertCortex_17_CGCTGGAGTCTGGTCG,2.9124109351726055
29563,0.12925300300962714,17__mutated,PertCortex_17_CGCTTCAGTTCGTTGA,4.603750383851007
29564,0.150007896192934,17__mutated,PertCortex_17_CGGACACTCCAAAGTC,3.4723794674397057
29565,0.12504464730465126,17__mutated,PertCortex_17_CGGACGTAGTTCGCAT,2.3989095738365123
29566,0.030662845051673954,17__mutated,PertCortex_17_CGGACGTCAGGCAGTA,2.036278676902421
29567,0.23924705029739732,17__mutated,PertCortex_17_CGGACGTGTTTACTCT,2.1584888337843604
29568,0.09254483943721119,17__mutated,PertCortex_17_CGGACTGGTATAATGG,3.701611220992697
29569,0.08019050586893463,17__mutated,PertCortex_17_CGGAGTCGTAGCCTAT,3.336228020948867
29570,0.09355863577268458,17__mutated,PertCortex_17_CGGAGTCTCTGTCCGT,2.556609098450178
29571,0.19285550619671107,17__mutated,PertCortex_17_CGGCTAGGTCGAACAG,2.0447500900969873
29572,0.3808494848220065,17__mutated,PertCortex_17_CGGCTAGTCACTGGGC,1.6238020981965067
29573,0.09618319419530605,17__mutated,PertCortex_17_CGGCTAGTCATCTGCC,2.64955207161824
29574,0.050440370722964756,17__mutated,PertCortex_17_CGGCTAGTCCTCAATT,3.5582532467178534
29575,0.16228505873349489,17__mutated,PertCortex_17_CGGGTCAAGTAACCCT,2.5757348564519034
29576,0.29358808264865766,17__mutated,PertCortex_17_CGGGTCATCCCAGGTG,2.452615238693076
29577,0.014605065121307331,17__mutated,PertCortex_17_CGTAGCGAGGGTTCCC,3.1789116349321347
29578,0.06705384197707998,17__mutated,PertCortex_17_CGTAGCGGTGCTAGCC,4.274545495228378
29579,0.1331381080084263,17__mutated,PertCortex_17_CGTAGCGGTGTAAGTA,2.9187921126588074
29580,0.09140166837851849,17__mutated,PertCortex_17_CGTAGGCAGCGTGAGT,3.0899500920864282
29581,0.11374032030999477,17__mutated,PertCortex_17_CGTAGGCAGTAGCCGA,2.1409384581802944
29582,0.07621928831360904,17__mutated,PertCortex_17_CGTAGGCTCCCTCTTT,2.354614675293375
29583,0.12923495598471363,17__mutated,PertCortex_17_CGTCCATAGAAGGTGA,4.646838221442098
29584,0.036537115270664326,17__mutated,PertCortex_17_CGTGAGCAGAAGGACA,4.031017285571778
29585,0.04869527277636581,17__mutated,PertCortex_17_CGTGAGCAGACGCTTT,3.4364285576275306
29586,0.3910674097982894,17__mutated,PertCortex_17_CGTGAGCCACCTATCC,1.547140458138957
29587,0.1691309652934143,17__mutated,PertCortex_17_CGTGTAAAGAATAGGG,2.6136652348195124
29588,0.37414145874461063,17__mutated,PertCortex_17_CGTGTAATCTAGAGTC,1.9157312024188828
29589,0.08538861802572281,17__mutated,PertCortex_17_CGTGTCTAGACCCACC,3.138060715607773
29590,0.10427634633711283,17__mutated,PertCortex_17_CGTGTCTCATCGTCGG,2.2427551061456876
29591,0.1946499577295728,17__mutated,PertCortex_17_CGTGTCTGTTGGACCC,2.1706583873155325
29592,0.1565759774800215,17__mutated,PertCortex_17_CGTGTCTTCTCGTATT,2.2939969500989745
29593,0.053229853543134996,17__mutated,PertCortex_17_CGTTCTGAGTGAAGTT,3.451061615463094
29594,0.08363773953179202,17__mutated,PertCortex_17_CGTTCTGGTCCAGTTA,2.275809625090642
29595,0.038865441448596216,17__mutated,PertCortex_17_CGTTCTGTCCTTTCTC,2.851856613997527
29596,0.33851685792289704,17__mutated,PertCortex_17_CGTTGGGTCGTGGGAA,3.245602207203288
29597,0.21312984510021518,17__mutated,PertCortex_17_CTAACTTGTGCCTGTG,2.4454298308727758
29598,0.11897118130085306,17__mutated,PertCortex_17_CTAACTTTCATAACCG,3.4245624587324897
29599,0.20852060790845403,17__mutated,PertCortex_17_CTAACTTTCCGTACAA,2.111065828682544
29600,0.12008230487918842,17__mutated,PertCortex_17_CTAAGACAGAAGGACA,2.550849702849986
29601,0.10791195351421784,17__mutated,PertCortex_17_CTAAGACCAAAGGTGC,2.374655047676072
29602,0.07366277664072986,17__mutated,PertCortex_17_CTAAGACCAGATCCAT,4.499812640309871
29603,0.05633263902266719,17__mutated,PertCortex_17_CTAAGACGTTTGACAC,3.1282723341464544
29604,0.1535465308477119,17__mutated,PertCortex_17_CTAATGGCAAGAAGAG,3.2932913210581827
29605,0.5280009734435741,17__mutated,PertCortex_17_CTACACCCAAAGCGGT,2.353110150550593
29606,0.13300544669976483,17__mutated,PertCortex_17_CTACATTGTTTGTGTG,2.704718907379125
29607,0.13004798738148476,17__mutated,PertCortex_17_CTACCCAAGGATTCGG,2.9208109222867478
29608,0.082414683414191,17__mutated,PertCortex_17_CTACGTCGTATAGGTA,3.609451148878579
29609,0.13769243954164467,17__mutated,PertCortex_17_CTACGTCGTTGCGCAC,2.623796918870068
29610,0.1342971215217537,17__mutated,PertCortex_17_CTACGTCTCGCTAGCG,2.3293061384974845
29611,0.07877903230667156,17__mutated,PertCortex_17_CTAGAGTAGTGCAAGC,3.2965419590399025
29612,0.023684079984812832,17__mutated,PertCortex_17_CTAGAGTCAGCCTTTC,3.6050401723366337
29613,0.022005102814506763,17__mutated,PertCortex_17_CTAGCCTAGCGTAATA,3.5433996629420625
29614,0.16775286515920285,17__mutated,PertCortex_17_CTAGCCTCAGGATCGA,1.9950150036499013
29615,0.13007672899409345,17__mutated,PertCortex_17_CTAGCCTCATGGATGG,2.7619770941269874
29616,0.16399328985397862,17__mutated,PertCortex_17_CTCACACGTCAATGTC,2.583529067056883
29617,0.1410381277790387,17__mutated,PertCortex_17_CTCACACGTTCCAACA,1.4033063668581376
29618,0.08972641276363241,17__mutated,PertCortex_17_CTCACACTCACCTTAT,4.20861630169008
29619,0.5736441466055326,17__mutated,PertCortex_17_CTCAGAAAGACTAGGC,1.9282910890724811
29620,0.08474169666325673,17__mutated,PertCortex_17_CTCATTAAGACATAAC,3.6431003236423174
29621,0.33518239201211486,17__mutated,PertCortex_17_CTCATTAAGATATGGT,1.6160988946104275
29622,0.11217566296495997,17__mutated,PertCortex_17_CTCATTACACTGCCAG,3.471866911266145
29623,0.10994009329922858,17__mutated,PertCortex_17_CTCATTACATCACGTA,3.4430225241283043
29624,0.07584441036853205,17__mutated,PertCortex_17_CTCATTAGTGAGGGTT,2.834474422936126
29625,0.1969536890711056,17__mutated,PertCortex_17_CTCCTAGGTCGGGTCT,2.194990273869669
29626,0.1456064560867441,17__mutated,PertCortex_17_CTCCTAGTCTCAACTT,2.66457145700565
29627,0.09556057135026473,17__mutated,PertCortex_17_CTCGAAATCCCTCAGT,2.8120107109040484
29628,0.30706955291254273,17__mutated,PertCortex_17_CTCGAGGCAGGATTGG,1.982158647268324
29629,0.359031879031036,17__mutated,PertCortex_17_CTCGAGGTCGCAAGCC,1.6857626520592726
29630,0.1444703056757498,17__mutated,PertCortex_17_CTCGGAGAGGGAACGG,3.1238044928361686
29631,0.10376206037711334,17__mutated,PertCortex_17_CTCGGAGCACCTATCC,4.099116006776243
29632,0.031407593798265285,17__mutated,PertCortex_17_CTCGGAGGTACACCGC,2.947103139164213
29633,0.3697886237029473,17__mutated,PertCortex_17_CTCGGAGGTTACCGAT,1.8156505826628786
29634,0.022481611262746535,17__mutated,PertCortex_17_CTCGGGAAGTACTTGC,3.5892747474475475
29635,0.09653771780933552,17__mutated,PertCortex_17_CTCGGGACAGCCTGTG,3.5769878912744972
29636,0.11446865366678742,17__mutated,PertCortex_17_CTCGTACAGCTTATCG,2.3330735444514
29637,0.10318941469515043,17__mutated,PertCortex_17_CTCGTACCAGCTGGCT,3.376601811400869
29638,0.10668241699667058,17__mutated,PertCortex_17_CTCGTACGTAACGACG,2.931400800833319
29639,0.09413352810729231,17__mutated,PertCortex_17_CTCGTACTCAGCTGGC,3.548419004222678
29640,0.046626258857415934,17__mutated,PertCortex_17_CTCGTCAAGATGTGTA,3.41945404419217
29641,0.11962105293024239,17__mutated,PertCortex_17_CTCGTCACATCGGTTA,4.0661619208724575
29642,0.07774282416177036,17__mutated,PertCortex_17_CTCGTCATCCGCAAGC,4.31398574538424
29643,0.12753059886513723,17__mutated,PertCortex_17_CTCTAATAGGGAAACA,5.099008125755234
29644,0.07410309846875537,17__mutated,PertCortex_17_CTCTAATAGTCGTTTG,3.133266556825034
29645,0.22123030098440674,17__mutated,PertCortex_17_CTCTAATCAGACAAAT,2.6821042443905045
29646,0.09790746245449485,17__mutated,PertCortex_17_CTCTACGCAAGAGGCT,2.8159755171538894
29647,0.12034856907775678,17__mutated,PertCortex_17_CTCTGGTAGAGTACAT,3.155556844231292
29648,0.08413043985077781,17__mutated,PertCortex_17_CTCTGGTGTGCACTTA,4.688268033208433
29649,0.12877167331721953,17__mutated,PertCortex_17_CTGAAACAGGTACTCT,2.4554455904167423
29650,0.4791424061682605,17__mutated,PertCortex_17_CTGATAGAGGACAGCT,1.662064716607964
29651,0.09749530814699654,17__mutated,PertCortex_17_CTGATAGTCTGCGTAA,4.0394806984974645
29652,0.17202161980605168,17__mutated,PertCortex_17_CTGATAGTCTGGCGAC,2.6686453273111646
29653,0.10764209444818315,17__mutated,PertCortex_17_CTGATCCAGAAGATTC,2.934170547144276
29654,0.18885634408403523,17__mutated,PertCortex_17_CTGCCTAAGGGTCTCC,4.143188850933691
29655,0.20411500304133987,17__mutated,PertCortex_17_CTGCCTACACAACGCC,2.2525593500919956
29656,0.148044758687109,17__mutated,PertCortex_17_CTGCCTATCGGCGCTA,2.7989600597442634
29657,0.08090956691863734,17__mutated,PertCortex_17_CTGCGGAGTCCAGTGC,2.814248740635985
29658,0.25379992345751695,17__mutated,PertCortex_17_CTGCTGTGTAGCTAAA,2.8941673154244
29659,0.08240914597137299,17__mutated,PertCortex_17_CTGGTCTGTCGTGGCT,4.118211180736262
29660,0.08301154997330257,17__mutated,PertCortex_17_CTGGTCTGTTCGGCAC,3.0908382900294034
29661,0.03228813361865522,17__mutated,PertCortex_17_CTGGTCTTCATACGGT,3.1607168238676913
29662,0.10820205563069034,17__mutated,PertCortex_17_CTGGTCTTCCATGAGT,4.203729953465107
29663,0.12727634245884115,17__mutated,PertCortex_17_CTGTGCTGTTGTCGCG,4.375534963928101
29664,0.08791611552652788,17__mutated,PertCortex_17_CTGTTTAAGGAGTCTG,3.0112826174408593
29665,0.22964676291781136,17__mutated,PertCortex_17_CTGTTTAGTCGATTGT,2.5986837702625754
29666,0.1224738311682588,17__mutated,PertCortex_17_CTTACCGCATGTTGAC,3.4391891270384565
29667,0.06540935210479332,17__mutated,PertCortex_17_CTTACCGTCTGCTTGC,3.3006137975782757
29668,0.03743397233779035,17__mutated,PertCortex_17_CTTAGGATCATGCAAC,2.374507538304877
29669,0.09208678892144469,17__mutated,PertCortex_17_CTTAGGATCTATGTGG,3.062849566381439
29670,0.26740398577762625,17__mutated,PertCortex_17_CTTAGGATCTTAGCCC,1.9250274095508397
29671,0.10026288075837794,17__mutated,PertCortex_17_CTTCTCTAGACTAGGC,2.6312169361241042
29672,0.052197687374982316,17__mutated,PertCortex_17_CTTCTCTAGCTTCGCG,2.220904289273788
29673,0.14640406923730048,17__mutated,PertCortex_17_CTTCTCTAGGTGACCA,3.4020480777822457
29674,0.2293856927576108,17__mutated,PertCortex_17_CTTGGCTCAATGCCAT,2.2766346106862048
29675,0.09355214969419454,17__mutated,PertCortex_17_CTTTGCGTCGCATGAT,3.841371546090765
29676,0.07810382145704901,17__mutated,PertCortex_17_GAAACTCGTGATAAGT,3.4402408167008063
29677,0.02765292292281467,17__mutated,PertCortex_17_GAAACTCGTTCAGCGC,2.853892492624753
29678,0.17183086652217996,17__mutated,PertCortex_17_GAAATGACAACACGCC,2.6835124428391115
29679,0.31729437960989554,17__mutated,PertCortex_17_GAACATCCAGTATAAG,2.1294109106957206
29680,0.06133043442202043,17__mutated,PertCortex_17_GAAGCAGCACTTCTGC,3.7139537958798208
29681,0.14121721934301748,17__mutated,PertCortex_17_GAAGCAGTCGATGAGG,4.336645683254538
29682,0.050242386628516225,17__mutated,PertCortex_17_GAATAAGAGCTTCGCG,2.8839135260443927
29683,0.22867511059540918,17__mutated,PertCortex_17_GAATAAGAGGAGTTTA,1.6740955141093445
29684,0.08482891151120125,17__mutated,PertCortex_17_GAATAAGCACGCTTTC,3.0939908527967295
29685,0.30458946632283185,17__mutated,PertCortex_17_GAATAAGTCCCAACGG,2.282261385248402
29686,0.14151276089124148,17__mutated,PertCortex_17_GAATGAAGTCAACATC,3.959877444612982
29687,0.4081663428261958,17__mutated,PertCortex_17_GAATGAAGTCATCCCT,1.8698273670286425
29688,0.09939167404930227,17__mutated,PertCortex_17_GAATGAATCCCACTTG,3.919052751224728
29689,0.17613614316869858,17__mutated,PertCortex_17_GAATGAATCTAACTGG,2.188974254044971
29690,0.08929946495604897,17__mutated,PertCortex_17_GACACGCCACCATGTA,4.236459117021685
29691,0.09099536383759908,17__mutated,PertCortex_17_GACACGCCATTGCGGC,3.313584253042239
29692,0.05490437987807622,17__mutated,PertCortex_17_GACACGCGTACCGGCT,3.217099082782544
29693,0.11680546940744803,17__mutated,PertCortex_17_GACACGCGTAGAAGGA,2.398523695544724
29694,0.11204380513638666,17__mutated,PertCortex_17_GACACGCGTTCTGAAC,2.2182347258566124
29695,0.1356257034513659,17__mutated,PertCortex_17_GACCAATCACAGGCCT,2.0829963001746683
29696,0.12132918155451067,17__mutated,PertCortex_17_GACCAATGTCGGCATC,2.96932608820105
29697,0.13459351481261972,17__mutated,PertCortex_17_GACCAATTCGGTCTAA,2.5363432260709713
29698,0.30883431438463466,17__mutated,PertCortex_17_GACCTGGCAGGTCGTC,1.9210956360733626
29699,0.21192463870021144,17__mutated,PertCortex_17_GACCTGGTCACAACGT,2.6176028612816316
29700,0.01792182426631076,17__mutated,PertCortex_17_GACGCGTGTGGTAACG,3.728312832177173
29701,0.14594363649316716,17__mutated,PertCortex_17_GACGGCTCAATGGAGC,4.715200544744721
29702,0.23481340543655507,17__mutated,PertCortex_17_GACGGCTCATTGGTAC,2.943905307104337
29703,0.18503982578810532,17__mutated,PertCortex_17_GACGTTATCAAGCCTA,3.8691762096587805
29704,0.06841626817117986,17__mutated,PertCortex_17_GACTAACTCACTTACT,3.3187407131682454
29705,0.06288742726375371,17__mutated,PertCortex_17_GACTAACTCCAGTAGT,3.1932630461465443
29706,0.17767939417138512,17__mutated,PertCortex_17_GACTACAGTGGCAAAC,2.989024003166757
29707,0.1649773261092549,17__mutated,PertCortex_17_GACTACATCACATGCA,4.152117864883081
29708,0.08245087232096888,17__mutated,PertCortex_17_GACTGCGAGAGCTGGT,2.125820165309221
29709,0.3520904963586657,17__mutated,PertCortex_17_GACTGCGGTCGAATCT,2.1367778647882236
29710,0.11447260399610189,17__mutated,PertCortex_17_GAGCAGAGTCCATGAT,3.853425770562242
29711,0.0301536208971585,17__mutated,PertCortex_17_GAGGTGAAGCCAGTTT,4.237164294780678
29712,0.22730776120430368,17__mutated,PertCortex_17_GAGTCCGAGTGGAGAA,2.449298117800863
29713,0.12041047604373561,17__mutated,PertCortex_17_GAGTCCGCATACCATG,2.650434460693882
29714,0.19756764909999378,17__mutated,PertCortex_17_GAGTCCGGTAAGTGGC,2.3543955359318525
29715,0.04229732796850776,17__mutated,PertCortex_17_GAGTCCGTCCTTCAAT,3.150438107688995
29716,0.12456578349878994,17__mutated,PertCortex_17_GATCAGTTCTTACCGC,3.0263183254554624
29717,0.06334362801127079,17__mutated,PertCortex_17_GATCGATCAGATCCAT,3.3568721151141863
29718,0.31228005572685774,17__mutated,PertCortex_17_GATCGATCATATACGC,2.3516637517456727
29719,0.10276298997713892,17__mutated,PertCortex_17_GATCGATCATCACGAT,2.1656263356950234
29720,0.12371820224380015,17__mutated,PertCortex_17_GATCGCGAGTTTAGGA,3.2595718551486006
29721,0.11618321675526963,17__mutated,PertCortex_17_GATCGCGCAAATACAG,3.135920381286758
29722,0.059845913642464305,17__mutated,PertCortex_17_GATCGCGGTTATCGGT,2.6010766145578716
29723,0.04224501263577254,17__mutated,PertCortex_17_GATCGCGTCTGAGTGT,3.2528290857857214
29724,0.247569133724982,17__mutated,PertCortex_17_GATCGTAGTCCGAATT,2.305988015291804
29725,0.36519567201429015,17__mutated,PertCortex_17_GATCTAGCACTTCGAA,2.1994803753421914
29726,0.16154610965048155,17__mutated,PertCortex_17_GATCTAGGTGATGATA,3.828760114808212
29727,0.09142009270881239,17__mutated,PertCortex_17_GATCTAGTCGGACAAG,2.3818656377280254
29728,0.19217753696345632,17__mutated,PertCortex_17_GATGAAAAGAGTACAT,2.4763266345673776
29729,0.16712841975953976,17__mutated,PertCortex_17_GATGAAACACGGCTAC,2.216958865082364
29730,0.047463812355758674,17__mutated,PertCortex_17_GATGAAATCGAATGCT,3.447286413056385
29731,0.11970856301836963,17__mutated,PertCortex_17_GATGAAATCGCCTGAG,2.8189217316311104
29732,0.16321648294255953,17__mutated,PertCortex_17_GATGAGGGTATAGTAG,2.964331917907861
29733,0.09120908972356248,17__mutated,PertCortex_17_GATGAGGTCGGTGTCG,3.544418483351481
29734,0.177867696642304,17__mutated,PertCortex_17_GATTCAGCAATGGATA,4.016469345576664
29735,0.09133846187440199,17__mutated,PertCortex_17_GATTCAGGTCTCTTAT,2.961085640821126
29736,0.4241998273809582,17__mutated,PertCortex_17_GATTCAGGTGATGTGG,1.857230327254228
29737,0.0697054230970835,17__mutated,PertCortex_17_GCAAACTCAAGAGTCG,2.6032891900744755
29738,0.06403175309740577,17__mutated,PertCortex_17_GCAAACTGTAAGTTCC,3.5510233672269798
29739,0.10538303440704995,17__mutated,PertCortex_17_GCAAACTGTGACTACT,2.8282610229397958
29740,0.07404862944841967,17__mutated,PertCortex_17_GCAAACTTCAACTCTT,2.798796525887232
29741,0.08643365095169071,17__mutated,PertCortex_17_GCAAACTTCCGCAGTG,3.0409752951924394
29742,0.00841156847261964,17__mutated,PertCortex_17_GCAATCAAGAAACGAG,2.4845376340348513
29743,0.1994185233058288,17__mutated,PertCortex_17_GCAATCAAGTAATCCC,2.8825478401271942
29744,0.10010980914253065,17__mutated,PertCortex_17_GCAATCAAGTACGCCC,2.6101514945727997
29745,0.08882587554225499,17__mutated,PertCortex_17_GCAATCACAAGCTGTT,2.8144707026280016
29746,0.1530502063208721,17__mutated,PertCortex_17_GCAATCAGTCAGTGGA,2.4395032820110023
29747,0.3512150779739178,17__mutated,PertCortex_17_GCACATAAGCAGGTCA,1.9061809520504296
29748,0.05721881483722722,17__mutated,PertCortex_17_GCACTCTAGATCACGG,3.1006486098383474
29749,0.26719536165497654,17__mutated,PertCortex_17_GCACTCTAGCGGATCA,1.8644774474103298
29750,0.22397930207910366,17__mutated,PertCortex_17_GCACTCTGTTAAAGTG,4.352676566919247
29751,0.13835585298500047,17__mutated,PertCortex_17_GCACTCTTCTCAAGTG,2.332222262018154
29752,0.2721461422553429,17__mutated,PertCortex_17_GCAGCCACACCGAAAG,2.1004367219303806
29753,0.3898751771386528,17__mutated,PertCortex_17_GCAGCCACAGGTCGTC,1.5777133020689391
29754,0.10106945156762394,17__mutated,PertCortex_17_GCAGCCAGTAGGAGTC,2.1097245036767873
29755,0.2281188377304802,17__mutated,PertCortex_17_GCATACACAGCCAGAA,1.9332971773019363
29756,0.48624382915136116,17__mutated,PertCortex_17_GCATACATCACCGTAA,1.8906395406925562
29757,0.07087028908832059,17__mutated,PertCortex_17_GCATACATCAGGTTCA,3.7194342121938364
29758,0.1511466485613489,17__mutated,PertCortex_17_GCATACATCGGAGCAA,2.5669427259724107
29759,0.028376568895033157,17__mutated,PertCortex_17_GCATGATCATCGGGTC,3.2594959680021107
29760,0.2706658738966363,17__mutated,PertCortex_17_GCATGATGTTGGTGGA,1.838125842699166
29761,0.1856087409302695,17__mutated,PertCortex_17_GCATGATTCCCGACTT,1.8971545409149961
29762,0.07045980545584384,17__mutated,PertCortex_17_GCATGCGCAAGTAGTA,3.93180717384993
29763,0.12011116192146727,17__mutated,PertCortex_17_GCATGCGGTTCAGGCC,2.2575178931741595
29764,0.02609128553879163,17__mutated,PertCortex_17_GCATGCGTCAACACCA,3.5857552513966082
29765,0.42409280673266414,17__mutated,PertCortex_17_GCATGCGTCCCAACGG,1.8271868895101138
29766,0.37185435308212217,17__mutated,PertCortex_17_GCATGTAAGACAGACC,1.848853313929898
29767,0.03013117075215044,17__mutated,PertCortex_17_GCATGTAGTTCTGTTT,3.441689774524921
29768,0.10851149761466772,17__mutated,PertCortex_17_GCCAAATCACCCTATC,4.567542980834602
29769,0.04904960917131649,17__mutated,PertCortex_17_GCCAAATTCATGCATG,4.166106115149916
29770,0.08059661401060522,17__mutated,PertCortex_17_GCCTCTAAGGATGGTC,3.6359131859161833
29771,0.0852580875018053,17__mutated,PertCortex_17_GCCTCTAGTTCGAATC,2.615860301709274
29772,0.055022360700712175,17__mutated,PertCortex_17_GCGAGAAAGGATATAC,4.172886045183464
29773,0.09167800173534033,17__mutated,PertCortex_17_GCGCAGTCAATTCCTT,3.9244160119383085
29774,0.24032117386263604,17__mutated,PertCortex_17_GCGCAGTCATTAGGCT,1.8727745247480452
29775,0.20674484913162647,17__mutated,PertCortex_17_GCGCCAAGTAAGTGGC,3.293650917111774
29776,0.13816235388858988,17__mutated,PertCortex_17_GCGCCAAGTAGAGGAA,3.0007710949088797
29777,-0.022549604781582168,17__mutated,PertCortex_17_GCGCGATCATCCAACA,2.584807483668039
29778,0.010879200643135696,17__mutated,PertCortex_17_GCGCGATGTAGCGCTC,3.0518850353895925
29779,0.0414244693797396,17__mutated,PertCortex_17_GCGCGATTCCTTTACA,2.4101430737227427
29780,0.015836287479401644,17__mutated,PertCortex_17_GCGGGTTCAAGCCGCT,2.598336038261905
29781,0.2399363464500815,17__mutated,PertCortex_17_GCGGGTTCAATGAATG,2.030623819451614
29782,0.040190678328526123,17__mutated,PertCortex_17_GCGGGTTTCTTAGAGC,3.4803193003487434
29783,0.09714761270440142,17__mutated,PertCortex_17_GCTCCTACACACAGAG,3.869703936092161
29784,0.26193218419323244,17__mutated,PertCortex_17_GCTCCTAGTCATGCAT,3.0481346800986815
29785,0.3949537130515574,17__mutated,PertCortex_17_GCTCCTATCCTTGCCA,1.9617443404279027
29786,0.15170298411080274,17__mutated,PertCortex_17_GCTCTGTGTCACCCAG,2.816777342433801
29787,0.20494348957526784,17__mutated,PertCortex_17_GCTCTGTTCGAACTGT,2.1973529829392
29788,0.15330984373358864,17__mutated,PertCortex_17_GCTGCAGAGACTTGAA,3.764758283019036
29789,0.14411732772205935,17__mutated,PertCortex_17_GCTGCAGCAAATTGCC,3.194047860001304
29790,0.09368963222489038,17__mutated,PertCortex_17_GCTGCGATCACTATTC,2.9781244573179557
29791,0.304324748365558,17__mutated,PertCortex_17_GCTGCTTAGAAGCCCA,1.908290038122003
29792,0.04332566266307322,17__mutated,PertCortex_17_GCTGCTTAGACTAAGT,3.488103308759592
29793,0.0360068415250088,17__mutated,PertCortex_17_GCTGCTTAGGACACCA,2.8686958595189154
29794,0.07479917405412098,17__mutated,PertCortex_17_GCTGGGTGTTCGTGAT,4.668579322699267
29795,0.40587809329919,17__mutated,PertCortex_17_GCTGGGTTCGTTTGCC,1.6613706601331673
29796,0.14750474904522953,17__mutated,PertCortex_17_GCTTCCAAGGCGTACA,4.586570951270545
29797,0.1295947663190006,17__mutated,PertCortex_17_GCTTCCAGTCGCTTTC,2.3831301005342462
29798,0.05795790823279054,17__mutated,PertCortex_17_GCTTCCAGTCTTCAAG,3.418856807977266
29799,0.14371516379164498,17__mutated,PertCortex_17_GCTTGAATCTATGTGG,4.247658990440867
29800,0.10143808615735267,17__mutated,PertCortex_17_GGAAAGCAGCCAGGAT,3.0136507258600114
29801,0.06518304394859345,17__mutated,PertCortex_17_GGAAAGCAGGATGTAT,2.9539949937279433
29802,0.09917173673001595,17__mutated,PertCortex_17_GGAAAGCCATGCCTTC,2.834353947493795
29803,0.16909832719945853,17__mutated,PertCortex_17_GGAAAGCCATTTGCCC,2.1406199154365866
29804,0.11901884605575688,17__mutated,PertCortex_17_GGAAAGCTCAGTTGAC,3.6674940349022225
29805,0.12328784653965247,17__mutated,PertCortex_17_GGAACTTCAATAGAGT,4.7019265727203345
29806,0.06336639911063663,17__mutated,PertCortex_17_GGAACTTTCACCAGGC,2.5670271648204337
29807,0.15740248353190778,17__mutated,PertCortex_17_GGAACTTTCACGAAGG,4.686966054636314
29808,0.3828184187839167,17__mutated,PertCortex_17_GGAATAAAGGCGTACA,2.469291358454275
29809,0.36569284114809997,17__mutated,PertCortex_17_GGAATAAAGTGTCCAT,1.9602901949105358
29810,0.12704205005250527,17__mutated,PertCortex_17_GGAATAATCAGCGATT,2.4425334111382173
29811,0.1962023719359686,17__mutated,PertCortex_17_GGAATAATCAGGTAAA,4.216081521397053
29812,0.0536462954980315,17__mutated,PertCortex_17_GGACAAGCACCAGATT,2.8889981035305
29813,0.4117610307703289,17__mutated,PertCortex_17_GGACAAGCATCGATTG,3.516805539989319
29814,0.13004317295239684,17__mutated,PertCortex_17_GGACAGACAGTCGTGC,2.9804421514922406
29815,0.0914131698603708,17__mutated,PertCortex_17_GGACAGATCAGCTTAG,1.9246161423644998
29816,0.05812438392840422,17__mutated,PertCortex_17_GGACATTCAGATCTGT,2.8943621061476144
29817,0.21090480339074089,17__mutated,PertCortex_17_GGACATTCATGGGAAC,4.872552313929059
29818,0.11770687363118924,17__mutated,PertCortex_17_GGACATTTCCGCATAA,2.0401893096498824
29819,0.28504483708323786,17__mutated,PertCortex_17_GGACGTCAGACACTAA,2.2458635767670594
29820,0.4129056913121209,17__mutated,PertCortex_17_GGACGTCTCCCTGACT,1.689407481171149
29821,0.1201419110722947,17__mutated,PertCortex_17_GGAGCAATCAGCAACT,1.9798964907498204
29822,0.21672141608752224,17__mutated,PertCortex_17_GGATGTTAGTAAGTAC,3.710172900507323
29823,0.12431095634916363,17__mutated,PertCortex_17_GGATGTTCATGTCTCC,4.452798690990167
29824,0.07587100992946118,17__mutated,PertCortex_17_GGATTACCAACAACCT,2.7982226659917195
29825,0.1117945798502586,17__mutated,PertCortex_17_GGATTACCAGTCGATT,3.453318970819165
29826,0.1717710884438964,17__mutated,PertCortex_17_GGATTACGTAAGTAGT,2.7419704986852866
29827,0.08640356620171372,17__mutated,PertCortex_17_GGATTACGTGAGCGAT,3.19284368348212
29828,0.4510392149911878,17__mutated,PertCortex_17_GGCAATTCAATCAGAA,1.7977772534676837
29829,0.16343919997877032,17__mutated,PertCortex_17_GGCAATTCAGTAAGCG,2.2471059464920766
29830,0.17656689165038073,17__mutated,PertCortex_17_GGCAATTCATTTGCTT,2.724566220927526
29831,0.20716101611542265,17__mutated,PertCortex_17_GGCAATTTCCCTAACC,3.0099898805512844
29832,0.1640655218354562,17__mutated,PertCortex_17_GGCAATTTCTCTGAGA,3.0114736047456816
29833,0.2513651515216511,17__mutated,PertCortex_17_GGCCGATCATAGAAAC,2.078128185505596
29834,0.4395310439116296,17__mutated,PertCortex_17_GGCCGATCATGTTCCC,2.2287880990465965
29835,0.09053687349042573,17__mutated,PertCortex_17_GGCCGATTCAGTGTTG,3.018927677545477
29836,0.2211003756825889,17__mutated,PertCortex_17_GGCGACTAGGGAGTAA,2.692697912477728
29837,0.01972407010566132,17__mutated,PertCortex_17_GGCGACTCAGGAATCG,3.2499841103824774
29838,0.22119675105801842,17__mutated,PertCortex_17_GGCGACTGTAGGAGTC,2.274747031993258
29839,0.05316561422003688,17__mutated,PertCortex_17_GGCGACTTCCTTGACC,3.106353321658806
29840,0.11475258447374813,17__mutated,PertCortex_17_GGCGTGTAGGCCCTTG,2.88611038247579
29841,0.23928977770754023,17__mutated,PertCortex_17_GGCGTGTTCAGTTTGG,2.0634671601003127
29842,0.14840826803092433,17__mutated,PertCortex_17_GGCGTGTTCCTGTACC,2.6138885196934885
29843,0.10611996390786267,17__mutated,PertCortex_17_GGCTCGACAAGAAAGG,3.4199180534185434
29844,0.11342516481929411,17__mutated,PertCortex_17_GGCTCGATCAGTCAGT,4.577271718875886
29845,0.1527284082282314,17__mutated,PertCortex_17_GGCTGGTCATACTCTT,3.0341007919697733
29846,0.09081855924938624,17__mutated,PertCortex_17_GGCTGGTTCGCATGAT,2.467279062294647
29847,0.1866561333735712,17__mutated,PertCortex_17_GGCTGGTTCTGTCAAG,1.9441305225235286
29848,0.04380227949398586,17__mutated,PertCortex_17_GGGAATGAGCGAAGGG,3.085135892743722
29849,0.2879766378199918,17__mutated,PertCortex_17_GGGAATGCAGGCTGAA,2.4222724650603804
29850,0.455515432853583,17__mutated,PertCortex_17_GGGAATGGTGATGTCT,1.2092988845894874
29851,0.12168611337639994,17__mutated,PertCortex_17_GGGAATGTCATCGCTC,3.189522081308542
29852,0.11219627072401078,17__mutated,PertCortex_17_GGGAATGTCCCTAATT,3.5310380296408272
29853,0.04949622912027542,17__mutated,PertCortex_17_GGGACCTTCTGCCCTA,2.525256550797427
29854,0.04242145876053442,17__mutated,PertCortex_17_GGGAGATTCGAGAACG,3.7699712680844777
29855,0.42779610301303483,17__mutated,PertCortex_17_GGGATGAAGAGACGAA,1.8986255278079998
29856,0.3676656676687649,17__mutated,PertCortex_17_GGGATGACACATGGGA,1.9859381599811043
29857,0.1323071875479852,17__mutated,PertCortex_17_GGGATGAGTCTGATCA,2.8603433345535803
29858,0.15562749244194354,17__mutated,PertCortex_17_GGGATGATCATCATTC,2.542088790234922
29859,0.05786544724524728,17__mutated,PertCortex_17_GGGCACTGTACCAGTT,3.670229105706797
29860,0.16364287325597648,17__mutated,PertCortex_17_GGGCACTTCTAACCGA,4.125366920270222
29861,0.41168095047194153,17__mutated,PertCortex_17_GGGTCTGAGCTGAAAT,2.6172153680877326
29862,0.26062598260975717,17__mutated,PertCortex_17_GGGTTGCCACTCAGGC,2.0974296631106486
29863,0.13672175958010124,17__mutated,PertCortex_17_GGGTTGCCAGGGTACA,2.658941036316557
29864,0.03529159518264728,17__mutated,PertCortex_17_GGGTTGCTCAAGATCC,3.2905484752935736
29865,0.15153457185184463,17__mutated,PertCortex_17_GGTATTGCAAGCCCAC,2.7542571924152006
29866,0.4013718230455945,17__mutated,PertCortex_17_GGTATTGGTTCCACGG,2.0554585771749347
29867,0.04796948318331598,17__mutated,PertCortex_17_GGTGAAGAGGATGGAA,3.4045155326931913
29868,0.12028190161450171,17__mutated,PertCortex_17_GGTGAAGAGTACGATA,3.894615767283755
29869,0.27827793488038194,17__mutated,PertCortex_17_GGTGAAGGTGCGGTAA,1.9977015331404182
29870,0.07284731314586294,17__mutated,PertCortex_17_GGTGAAGTCCCTCAGT,3.0551574086196425
29871,0.3721414230000125,17__mutated,PertCortex_17_GGTGCGTAGTAGGTGC,1.9649485342722282
29872,0.0874523401576769,17__mutated,PertCortex_17_GGTGCGTGTTTAGCTG,2.5040396182883202
29873,0.15489865767939845,17__mutated,PertCortex_17_GGTGCGTGTTTGACAC,2.5347119098573816
29874,0.2989832509667898,17__mutated,PertCortex_17_GGTGCGTTCTGGCGTG,1.3298027142813154
29875,0.11255937740575286,17__mutated,PertCortex_17_GGTGTTAAGCTAACTC,3.0607284208063494
29876,0.02456021155850859,17__mutated,PertCortex_17_GGTGTTACACTTGGAT,3.675392789152071
29877,0.06851376434634061,17__mutated,PertCortex_17_GGTGTTACAGGTGGAT,4.144275324453505
29878,0.10959277474449726,17__mutated,PertCortex_17_GGTGTTAGTTGGTGGA,4.521470703933082
29879,0.2643455674676495,17__mutated,PertCortex_17_GTAACGTTCATCTGTT,1.5816077584080168
29880,0.17780025754095416,17__mutated,PertCortex_17_GTAACTGAGCCTATGT,2.88702413735117
29881,0.21893501644400729,17__mutated,PertCortex_17_GTAACTGCAAACCCAT,1.7819939803761127
29882,0.2055740160484159,17__mutated,PertCortex_17_GTAACTGCAAGCCATT,1.6747930533380642
29883,0.1748654118993891,17__mutated,PertCortex_17_GTAACTGGTAAGTGGC,3.2669014088062243
29884,0.40289532348196705,17__mutated,PertCortex_17_GTAACTGTCCCTTGCA,2.9049784935349674
29885,0.1363740035766233,17__mutated,PertCortex_17_GTACGTAAGAGTCTGG,3.4344020285284604
29886,0.04529453223973655,17__mutated,PertCortex_17_GTACGTAAGCAGATCG,3.318354083425227
29887,0.36484100894132754,17__mutated,PertCortex_17_GTACGTACACGAAACG,2.6682348523179478
29888,0.07093090581503139,17__mutated,PertCortex_17_GTACTCCAGCCATCGC,3.7094228581744457
29889,0.05280232763667574,17__mutated,PertCortex_17_GTACTCCCACAACGTT,2.5553074573750725
29890,0.19728452142709968,17__mutated,PertCortex_17_GTACTCCTCCAAAGTC,3.429097583072494
29891,0.06472106760763438,17__mutated,PertCortex_17_GTACTTTAGTCTCGGC,3.1241310517376473
29892,0.03798101608993707,17__mutated,PertCortex_17_GTACTTTCACAGCGTC,2.4325250188363605
29893,-0.0074257095799465074,17__mutated,PertCortex_17_GTACTTTTCGGTCCGA,2.8616976308303435
29894,0.060008762266461464,17__mutated,PertCortex_17_GTAGGCCAGAAGCCCA,2.9989058616302438
29895,0.3616390033609028,17__mutated,PertCortex_17_GTAGGCCTCATACGGT,1.7373728692438382
29896,0.13810941622978776,17__mutated,PertCortex_17_GTAGTCAAGACTGGGT,3.5942928143841337
29897,0.07544352963237394,17__mutated,PertCortex_17_GTAGTCACATGGTTGT,3.419452411786986
29898,0.09147757890996913,17__mutated,PertCortex_17_GTAGTCAGTCTGGTCG,3.1880494934039163
29899,0.33236843465608445,17__mutated,PertCortex_17_GTAGTCATCACAAACC,2.843915961984045
29900,0.10389254676151195,17__mutated,PertCortex_17_GTCACAAAGCCGTCGT,2.3853652922407536
29901,0.18680381295453596,17__mutated,PertCortex_17_GTCACAACATGCAACT,3.842567601137406
29902,0.13009430960457335,17__mutated,PertCortex_17_GTCACGGAGCCCGAAA,3.95338668610683
29903,0.12529480834703768,17__mutated,PertCortex_17_GTCATTTAGCTAGTCT,3.3733853100079045
29904,0.38649050965233805,17__mutated,PertCortex_17_GTCATTTGTCGATTGT,1.7949093732650265
29905,0.026262133427161685,17__mutated,PertCortex_17_GTCATTTTCCGTTGCT,3.691991476618018
29906,0.08289143569306391,17__mutated,PertCortex_17_GTCATTTTCCTTTACA,3.0787237487337333
29907,-0.03209745417880811,17__mutated,PertCortex_17_GTCCTCAAGTTAACGA,3.196196972135905
29908,0.11416632101419237,17__mutated,PertCortex_17_GTCCTCAGTGGCAAAC,2.5666454030927373
29909,0.0846076838177179,17__mutated,PertCortex_17_GTCGGGTAGCTATGCT,2.2532317220636355
29910,0.07540159777444816,17__mutated,PertCortex_17_GTCGGGTCACATGGGA,2.5896092792857828
29911,0.3355478507096398,17__mutated,PertCortex_17_GTCGGGTCATGCAACT,1.8815889843754519
29912,0.1478690917838222,17__mutated,PertCortex_17_GTCGGGTGTCAACATC,3.312957847006428
29913,0.12548912826113487,17__mutated,PertCortex_17_GTCGGGTTCATGCTCC,2.729970002817815
29914,0.17281760906107035,17__mutated,PertCortex_17_GTCGGGTTCCATGAGT,2.136973309156792
29915,0.08468069440955871,17__mutated,PertCortex_17_GTCGTAAAGCCACGCT,2.533718986943397
29916,0.029428363518707156,17__mutated,PertCortex_17_GTCGTAACAGAAGCAC,2.6458102139002757
29917,0.20502011425929967,17__mutated,PertCortex_17_GTCTCGTGTTCCCTTG,2.7716481283627306
29918,0.21936265721746562,17__mutated,PertCortex_17_GTCTTCGTCCGTCATC,4.732135984766719
29919,0.15309590289698113,17__mutated,PertCortex_17_GTGAAGGCAAGGCTCC,2.564974770273572
29920,0.3589671753868282,17__mutated,PertCortex_17_GTGCAGCAGCGAAGGG,1.8056289276399249
29921,0.08497926213793952,17__mutated,PertCortex_17_GTGCATACATCCCATC,3.180480697908688
29922,0.08765126108446633,17__mutated,PertCortex_17_GTGCATACATCGGACC,3.576199670211567
29923,0.09146667988669364,17__mutated,PertCortex_17_GTGGGTCAGACATAAC,3.171410007645261
29924,0.250287115454233,17__mutated,PertCortex_17_GTGGGTCAGCTCCTTC,3.234757337528713
29925,0.05115055527284112,17__mutated,PertCortex_17_GTGGGTCAGTGGTCCC,4.821745780195803
29926,0.06963367573851287,17__mutated,PertCortex_17_GTGGGTCGTTCCAACA,3.7293863829115974
29927,0.06177344241708047,17__mutated,PertCortex_17_GTGGGTCGTTGGACCC,2.8638086342632683
29928,0.08565619849015844,17__mutated,PertCortex_17_GTGTGCGAGTAGGTGC,3.225501601227387
29929,0.3627062024483534,17__mutated,PertCortex_17_GTGTGCGCACAGACAG,2.2180622187847723
29930,0.11789524200850514,17__mutated,PertCortex_17_GTGTGCGGTCCGTTAA,2.577679910910712
29931,0.09340034578358525,17__mutated,PertCortex_17_GTGTGCGTCAGAAATG,3.5324845979951167
29932,0.19022372824244702,17__mutated,PertCortex_17_GTGTTAGGTAGCGTCC,4.111942433346616
29933,0.06740150523103637,17__mutated,PertCortex_17_GTTAAGCAGTCTTGCA,2.8982287108817713
29934,0.16831190993185655,17__mutated,PertCortex_17_GTTACAGCAATAACGA,4.968362356368554
29935,0.29653268202369126,17__mutated,PertCortex_17_GTTCGGGGTCTTGTCC,1.8783823516391775
29936,0.12144477152868371,17__mutated,PertCortex_17_GTTTCTAAGTAGGTGC,3.060788269327131
29937,0.058769271817660174,17__mutated,PertCortex_17_GTTTCTACACCAGCAC,3.297568772101451
29938,0.10707967433916558,17__mutated,PertCortex_17_GTTTCTACACCTCGGA,2.7108864714537386
29939,0.16157044868996998,17__mutated,PertCortex_17_GTTTCTAGTGAGTGAC,2.664797640820839
29940,0.08491512339184935,17__mutated,PertCortex_17_TAAACCGCAGCCTTTC,3.3510217918635328
29941,0.17872249236044477,17__mutated,PertCortex_17_TAAACCGCAGGCTGAA,2.3230965098749303
29942,0.18235760014226637,17__mutated,PertCortex_17_TAAGCGTCAATCCAAC,1.9616464776257712
29943,0.4311222671227513,17__mutated,PertCortex_17_TAAGCGTTCTGTTGAG,2.2523420549954336
29944,0.16609936133626102,17__mutated,PertCortex_17_TAAGTGCAGCAAATCA,2.3530486209652435
29945,0.11217453112287422,17__mutated,PertCortex_17_TAAGTGCTCCAGAGGA,2.9934425662972868
29946,0.4616372106085284,17__mutated,PertCortex_17_TACACGAAGATCTGCT,2.264840903306255
29947,0.4126326909976644,17__mutated,PertCortex_17_TACACGAGTTAAGACA,2.0025987153081966
29948,0.1530881936869681,17__mutated,PertCortex_17_TACACGATCATTGCCC,2.6879816759341786
29949,0.07753850208263188,17__mutated,PertCortex_17_TACACGATCTTGAGAC,3.633364020358872
29950,0.16484543181550435,17__mutated,PertCortex_17_TACAGTGCACCTTGTC,1.885622492355965
29951,0.12599328171352037,17__mutated,PertCortex_17_TACCTATGTCATCCCT,2.7536085441867297
29952,0.09610427041568384,17__mutated,PertCortex_17_TACCTATTCTAGCACA,2.992885898638481
29953,0.3098665945273338,17__mutated,PertCortex_17_TACCTTACACAACGTT,2.0695146547879006
29954,0.08780360135688643,17__mutated,PertCortex_17_TACCTTAGTACGACCC,3.402509151879084
29955,0.12858503499531165,17__mutated,PertCortex_17_TACCTTAGTCTGCCAG,2.5780250668547016
29956,0.4601351581108255,17__mutated,PertCortex_17_TACGGATCAGCGAACA,1.8789920622336445
29957,0.3805898356310869,17__mutated,PertCortex_17_TACGGATGTTAAGATG,2.098597498737267
29958,0.10489120645795838,17__mutated,PertCortex_17_TACGGGCAGTAGCCGA,2.6115649815213535
29959,0.3238912696619171,17__mutated,PertCortex_17_TACGGGCGTATATCCG,2.156566344371798
29960,0.026202012352025884,17__mutated,PertCortex_17_TACGGGCTCGCACTCT,2.977748157081203
29961,0.09584001960820558,17__mutated,PertCortex_17_TACGGTAAGAATCTCC,4.535277158008491
29962,0.287779544708731,17__mutated,PertCortex_17_TACGGTAAGGCCCTCA,1.7406408270585878
29963,0.22602095398364733,17__mutated,PertCortex_17_TACGGTAAGTGGGCTA,2.142728017326615
29964,0.06689588231495429,17__mutated,PertCortex_17_TACGGTATCCCATTTA,3.9628677251588678
29965,0.13078302747488688,17__mutated,PertCortex_17_TACTCATGTCGCATAT,4.162546561958101
29966,0.11501299013892347,17__mutated,PertCortex_17_TACTCGCAGACTAGGC,2.5140851685128456
29967,0.19048310760470993,17__mutated,PertCortex_17_TACTCGCAGGCTAGGT,3.3132105821183324
29968,0.09817353755785155,17__mutated,PertCortex_17_TACTTACTCGATAGAA,3.8535050149901164
29969,0.055948764395746885,17__mutated,PertCortex_17_TACTTACTCGGTGTCG,2.820696913602202
29970,0.18869741266659767,17__mutated,PertCortex_17_TACTTGTCAGCTCGCA,1.819253756693986
29971,0.10897184201081853,17__mutated,PertCortex_17_TACTTGTGTGAGGGAG,4.08583952838894
29972,0.13886278059626492,17__mutated,PertCortex_17_TAGCCGGAGTGTGAAT,2.848256304764577
29973,0.16471754154032076,17__mutated,PertCortex_17_TAGTGGTCAAACAACA,3.803411655535363
29974,0.2207886681494745,17__mutated,PertCortex_17_TAGTGGTCACTTAACG,1.9423105729295562
29975,0.3711710199994434,17__mutated,PertCortex_17_TAGTGGTGTCACCTAA,2.0396471175548143
29976,0.17480838744529179,17__mutated,PertCortex_17_TAGTTGGCAGATGAGC,2.658910193349446
29977,0.06756021092178989,17__mutated,PertCortex_17_TAGTTGGGTGTGAAAT,3.057964278805268
29978,0.37701441624821064,17__mutated,PertCortex_17_TAGTTGGGTTGGGACA,1.6023655917915947
29979,0.05700373924697477,17__mutated,PertCortex_17_TAGTTGGTCAGAAATG,3.8960489513611245
29980,0.1845049762740163,17__mutated,PertCortex_17_TATCAGGAGGCATGGT,3.092093244029724
29981,0.0910664169827831,17__mutated,PertCortex_17_TATCAGGGTTAAAGAC,4.08312796334712
29982,0.12860259245177727,17__mutated,PertCortex_17_TATCTCAAGGTAGCCA,2.3659788591161486
29983,0.11103920395629752,17__mutated,PertCortex_17_TATGCCCCACGAAAGC,2.7663128545912974
29984,0.18922448589491273,17__mutated,PertCortex_17_TATGCCCGTCCTAGCG,3.0521764468155452
29985,0.15809512190886463,17__mutated,PertCortex_17_TATGCCCTCTGGCGAC,3.1879149639515774
29986,0.17464816585345988,17__mutated,PertCortex_17_TATTACCAGAGCTGGT,2.3362872726597192
29987,0.11457255476988172,17__mutated,PertCortex_17_TATTACCCACATCCAA,3.176982408023007
29988,0.06309839496682162,17__mutated,PertCortex_17_TCAATCTCAATAAGCA,4.100249979288042
29989,0.2066298333470447,17__mutated,PertCortex_17_TCAATCTCACGGTTTA,2.375738990395633
29990,0.06248101728094451,17__mutated,PertCortex_17_TCAATCTCACGTAAGG,2.296798644656432
29991,0.12698042870952467,17__mutated,PertCortex_17_TCAATCTGTCGGCATC,2.0989865059333064
29992,0.036264060136971484,17__mutated,PertCortex_17_TCACAAGAGCTGCCCA,4.815605058282599
29993,0.12420300819671788,17__mutated,PertCortex_17_TCACGAAAGCCAACAG,2.28256712799409
29994,0.0890885756753295,17__mutated,PertCortex_17_TCAGCAATCAGAGACG,3.6216212123870344
29995,0.12905828989662013,17__mutated,PertCortex_17_TCAGCAATCTTAACCT,2.758411914975017
29996,0.10809359233611204,17__mutated,PertCortex_17_TCAGGATCAGGATTGG,3.835976840682088
29997,0.28575218735955316,17__mutated,PertCortex_17_TCAGGTAAGAATAGGG,2.06332277151031
29998,0.05231650220507122,17__mutated,PertCortex_17_TCAGGTACACGCTTTC,3.1665434636514127
29999,0.04569729733883727,17__mutated,PertCortex_17_TCAGGTAGTCCTCCAT,3.7642569884628565
30000,0.17232363577690835,17__mutated,PertCortex_17_TCATTACAGCGTTTAC,4.026669337180758
30001,0.13145286120292018,17__mutated,PertCortex_17_TCATTACGTCCGCTGA,4.154788710876857
30002,0.05348178430697774,17__mutated,PertCortex_17_TCATTACGTTGTACAC,3.5177217193872
30003,0.1054505970691295,17__mutated,PertCortex_17_TCCACACGTGCACGAA,2.472644182966712
30004,0.44317359814089746,17__mutated,PertCortex_17_TCCCGATCATTAACCG,2.0078382957430336
30005,0.04078152974995165,17__mutated,PertCortex_17_TCGCGAGAGTTAAGTG,3.5790474318243968
30006,0.11505017897258661,17__mutated,PertCortex_17_TCGCGAGCAGACAAGC,3.122397948218869
30007,0.018558860326417473,17__mutated,PertCortex_17_TCGCGTTGTCGCCATG,3.3041244553178264
30008,0.04388337064856317,17__mutated,PertCortex_17_TCGGGACGTCATGCAT,1.9616492660868226
30009,0.030083191499676594,17__mutated,PertCortex_17_TCGGGACGTGGCGAAT,3.0154830206088494
30010,0.13205125001567905,17__mutated,PertCortex_17_TCGGTAAAGATCCGAG,1.9512447111211748
30011,0.20827212854128105,17__mutated,PertCortex_17_TCGTACCGTTATGTGC,2.4971013109288602
30012,0.48251482299091797,17__mutated,PertCortex_17_TCGTAGACAGTTAACC,1.8884438018816132
30013,0.13409735981163634,17__mutated,PertCortex_17_TCTATTGGTCTTCTCG,3.2540618765248412
30014,0.10851367919548546,17__mutated,PertCortex_17_TCTATTGTCTGGCGAC,2.6402955658028953
30015,0.08354508946892583,17__mutated,PertCortex_17_TCTCTAACATCGGAAG,2.826319704726938
30016,0.042762585736156426,17__mutated,PertCortex_17_TCTCTAACATTTCACT,3.1369669819441843
30017,0.22793506412928954,17__mutated,PertCortex_17_TCTCTAAGTGGTTTCA,1.7346447573534665
30018,0.3000496856285095,17__mutated,PertCortex_17_TCTCTAATCTGTGCAA,4.448039936151381
30019,0.08336973714157461,17__mutated,PertCortex_17_TCTGAGAAGAGGTTGC,3.1721250442558775
30020,0.11476649389774916,17__mutated,PertCortex_17_TCTGAGACATGCCACG,3.025073704388912
30021,0.10511562775304109,17__mutated,PertCortex_17_TCTGAGAGTACTCGCG,3.3697351328505247
30022,0.1661570618804324,17__mutated,PertCortex_17_TCTTCGGGTCTAACGT,2.868106008483287
30023,0.21263825966678845,17__mutated,PertCortex_17_TCTTTCCAGAGCTGCA,2.0072156016250955
30024,0.08634318773489036,17__mutated,PertCortex_17_TCTTTCCAGAGTACAT,5.242631693843735
30025,0.07380148058928238,17__mutated,PertCortex_17_TCTTTCCTCAGTTTGG,3.2622981946649734
30026,0.09031227293170212,17__mutated,PertCortex_17_TGAAAGAAGCCTCGTG,3.71731405338638
30027,0.32864611708745495,17__mutated,PertCortex_17_TGAAAGAAGGACATTA,2.419924032371775
30028,0.15136261314478633,17__mutated,PertCortex_17_TGAAAGAGTGTTGGGA,3.111493650339667
30029,0.13467631191463952,17__mutated,PertCortex_17_TGAAAGAGTTCGGGCT,2.24521138457709
30030,0.10570752489586807,17__mutated,PertCortex_17_TGACAACAGCTTCGCG,1.7921377228200717
30031,0.0970289106765953,17__mutated,PertCortex_17_TGACAACAGTGAAGTT,3.2059654051213653
30032,0.1979545603725061,17__mutated,PertCortex_17_TGACAACGTCTTGCGG,1.9839331972499166
30033,0.09731533646970275,17__mutated,PertCortex_17_TGACGGCAGCTCCTTC,3.351763855068298
30034,0.06325130705408503,17__mutated,PertCortex_17_TGACTAGCACAAGACG,3.476116655573934
30035,0.15417201142089174,17__mutated,PertCortex_17_TGACTAGTCCGAATGT,2.7325648748507563
30036,0.3960474520378348,17__mutated,PertCortex_17_TGACTTTAGACCGGAT,1.9181571920371325
30037,0.4174462217102615,17__mutated,PertCortex_17_TGACTTTGTTCAACCA,2.3421282385527755
30038,0.39762793479819286,17__mutated,PertCortex_17_TGAGCCGCACCCATTC,3.265324362188139
30039,0.09372574169741156,17__mutated,PertCortex_17_TGAGCCGGTGCAGACA,4.32667550286039
30040,0.11367896178655917,17__mutated,PertCortex_17_TGAGCCGGTTACCAGT,2.733081580877638
30041,0.10628015603502584,17__mutated,PertCortex_17_TGAGGGAAGGATGGTC,3.9722664086644595
30042,0.04191957942566299,17__mutated,PertCortex_17_TGAGGGATCTGCAGTA,4.174576954837849
30043,0.10773630459283934,17__mutated,PertCortex_17_TGATTTCCATCACAAC,3.984097543543052
30044,0.006456413299819476,17__mutated,PertCortex_17_TGATTTCGTAGCGTAG,3.2213982066349356
30045,0.12579959133937252,17__mutated,PertCortex_17_TGATTTCTCGACCAGC,2.0658394720861883
30046,0.05815323204297261,17__mutated,PertCortex_17_TGCACCTGTCATGCCG,2.2429787226827167
30047,0.08229169617280635,17__mutated,PertCortex_17_TGCACCTTCTCACATT,3.469103423537451
30048,0.03552397593661418,17__mutated,PertCortex_17_TGCCAAACACTCTGTC,3.700294758243189
30049,0.4753594003284918,17__mutated,PertCortex_17_TGCCAAAGTTCGCTAA,1.8641721633474764
30050,0.4356892475095373,17__mutated,PertCortex_17_TGCCAAATCAACACCA,2.641284457334279
30051,0.12708226610270776,17__mutated,PertCortex_17_TGCCCTAGTCCCGACA,3.4823567532075255
30052,0.08436794832304315,17__mutated,PertCortex_17_TGCGCAGGTCGCGAAA,2.5529392719951356
30053,0.11181547949151671,17__mutated,PertCortex_17_TGCGGGTCAATGGACG,2.705750955532737
30054,0.13375311397809123,17__mutated,PertCortex_17_TGCGGGTCACCAACCG,2.419077939527689
30055,0.16194357126503248,17__mutated,PertCortex_17_TGCGTGGGTCAGTGGA,1.3780930573229697
30056,0.02834669965772128,17__mutated,PertCortex_17_TGCTGCTAGCCAACAG,4.0234205929895
30057,0.2102907690301401,17__mutated,PertCortex_17_TGGACGCAGCGTGAGT,2.5528631468812755
30058,0.10698335523414895,17__mutated,PertCortex_17_TGGACGCAGTATCTCG,3.205982441810266
30059,0.4186144295778091,17__mutated,PertCortex_17_TGGCCAGCAGCTGTAT,2.3449586568852845
30060,0.3682829235798272,17__mutated,PertCortex_17_TGGCCAGTCGCCGTGA,2.845699996899073
30061,0.040932578632133,17__mutated,PertCortex_17_TGGCGCAAGCGTTTAC,3.6445960067512018
30062,0.0025982414646238978,17__mutated,PertCortex_17_TGGCGCAGTCCATCCT,3.3831736210283534
30063,0.07933439930712095,17__mutated,PertCortex_17_TGGCGCATCGGTCCGA,3.9991663274722837
30064,0.4502642513335475,17__mutated,PertCortex_17_TGGCTGGCAGGTCTCG,1.9067231771076243
30065,0.1271173700523738,17__mutated,PertCortex_17_TGGCTGGGTTGACGTT,3.112553656211935
30066,0.36451183056544567,17__mutated,PertCortex_17_TGGGAAGAGACAGACC,2.2480937575411146
30067,0.20285002533159943,17__mutated,PertCortex_17_TGGGAAGCAAGCGATG,1.8945407828671155
30068,0.09263042429443254,17__mutated,PertCortex_17_TGGGAAGGTGTAAGTA,4.249796173331018
30069,0.1856991474236267,17__mutated,PertCortex_17_TGGGAAGTCGAATGGG,2.908107769487613
30070,0.12866237438954758,17__mutated,PertCortex_17_TGGGCGTTCACCATAG,2.2882218745856346
30071,0.1607982077635713,17__mutated,PertCortex_17_TGGTTCCTCGCAAGCC,2.1944220337848885
30072,0.11068135339615334,17__mutated,PertCortex_17_TGTATTCCAATACGCT,2.002623183147642
30073,0.1809462347892864,17__mutated,PertCortex_17_TGTATTCGTTAGGGTG,3.427355329568063
30074,0.27247102047814964,17__mutated,PertCortex_17_TGTGTTTAGAGAACAG,1.815833160920095
30075,0.012815079223293304,17__mutated,PertCortex_17_TGTGTTTCATAGGATA,3.70041446908128
30076,0.1836268289784343,17__mutated,PertCortex_17_TGTTCCGGTATAGTAG,3.4755339388144018
30077,0.08646664531020176,17__mutated,PertCortex_17_TTAGGACAGACGCTTT,3.4329440892690672
30078,0.1784663312102005,17__mutated,PertCortex_17_TTAGGACCAAAGGCGT,2.8909129620586738
30079,0.142905125962929,17__mutated,PertCortex_17_TTAGGACGTTAAGATG,2.5630080931002386
30080,0.11944910790797852,17__mutated,PertCortex_17_TTAGGACTCTGCCAGG,2.670684196686093
30081,0.15678687848790127,17__mutated,PertCortex_17_TTAGGCAAGCGCCTTG,3.8544843326401073
30082,0.1579426843330327,17__mutated,PertCortex_17_TTAGGCACATAAGACA,4.75328671733034
30083,0.23010422640916836,17__mutated,PertCortex_17_TTAGGCAGTCCGCTGA,2.6855611332324707
30084,0.06604540426371075,17__mutated,PertCortex_17_TTAGTTCAGCCAACAG,2.003785182145166
30085,0.14624770876148124,17__mutated,PertCortex_17_TTAGTTCGTCTAGCCG,2.242826016981194
30086,0.1425380163056984,17__mutated,PertCortex_17_TTAGTTCTCTACTATC,3.004159667505421
30087,0.157511469307781,17__mutated,PertCortex_17_TTATGCTGTCCTCTTG,3.243318565532184
30088,0.2616133296972685,17__mutated,PertCortex_17_TTCCCAGAGAGCCCAA,1.9919894837992367
30089,0.053327488099431976,17__mutated,PertCortex_17_TTCCCAGGTAAGGGCT,3.0030754954399352
30090,0.017528824393606583,17__mutated,PertCortex_17_TTCGAAGGTCTTCTCG,3.3885376588119387
30091,0.3890762434098158,17__mutated,PertCortex_17_TTCGAAGGTGATAAAC,2.431792776677913
30092,0.33154684051221334,17__mutated,PertCortex_17_TTCGGTCCAACTGGCC,1.7573997551540315
30093,0.04182855429050182,17__mutated,PertCortex_17_TTCGGTCGTGAGGGAG,3.5046205058256583
30094,0.07754895190729232,17__mutated,PertCortex_17_TTCGGTCTCAAACAAG,2.5080985600307093
30095,0.13473989739356224,17__mutated,PertCortex_17_TTCTACAAGCTATGCT,2.99308661069476
30096,0.0789177942553842,17__mutated,PertCortex_17_TTCTACAAGGCTACGA,3.1339468171962226
30097,0.4113146897948829,17__mutated,PertCortex_17_TTCTCAACACTATCTT,1.7786284236920402
30098,0.08238675988180069,17__mutated,PertCortex_17_TTCTCCTCAGACGCTC,2.9440185519321256
30099,0.06286302408587943,17__mutated,PertCortex_17_TTCTCCTGTCAAGCGA,3.226450794399683
30100,0.12562257144075098,17__mutated,PertCortex_17_TTCTCCTTCTCAACTT,2.7684509442978404
30101,0.018053924256974715,17__mutated,PertCortex_17_TTGAACGGTAAAGGAG,2.9730606053819884
30102,0.09432491956255135,17__mutated,PertCortex_17_TTGAACGTCGTGGACC,3.7419715639077564
30103,0.23886991535518792,17__mutated,PertCortex_17_TTGCCGTCAAGCTGTT,2.2578063313131893
30104,0.4617910619481645,17__mutated,PertCortex_17_TTGCCGTCAGAGTGTG,3.3756270446976235
30105,0.23580430559365734,17__mutated,PertCortex_17_TTGCCGTTCTCTAAGG,1.7390486453972156
30106,0.4769182457672666,17__mutated,PertCortex_17_TTGCCGTTCTCTTGAT,1.5316958854642808
30107,0.11440928739700261,17__mutated,PertCortex_17_TTGCGTCAGGCGACAT,2.6741792918334797
30108,0.06638808877303584,17__mutated,PertCortex_17_TTGCGTCTCTAGCACA,2.702029858388629
30109,0.08048700229316322,17__mutated,PertCortex_17_TTGGAACCAAAGGAAG,3.9540114740383614
30110,0.11919622339147609,17__mutated,PertCortex_17_TTGGAACGTCATATGC,3.4164295369906803
30111,0.09000554900719124,17__mutated,PertCortex_17_TTGTAGGCAGGATTGG,4.002681075120284
30112,0.15742310826907172,17__mutated,PertCortex_17_TTGTAGGGTGTTGGGA,3.438764368512072
30113,0.1513873013078523,17__mutated,PertCortex_17_TTGTAGGGTGTTTGGT,3.495753826372168
30114,0.07662169064809164,17__mutated,PertCortex_17_TTTACTGAGCAGCGTA,3.7508375100027513
30115,0.04340130058456878,17__mutated,PertCortex_17_TTTACTGCAGGGCATA,3.0212675492107293
30116,0.04559397502566888,17__mutated,PertCortex_17_TTTACTGGTTCGGCAC,3.1175363951979125
30117,0.04970484599691941,17__mutated,PertCortex_17_TTTACTGTCCAAACTG,3.1935438499834174
30118,0.1457088592541576,17__mutated,PertCortex_17_TTTCCTCGTCGAGATG,3.1729225815987325
30119,0.10919060080266604,17__mutated,PertCortex_17_TTTGCGCCACGAAGCA,3.3259451875606225
30120,0.43352021087888876,17__mutated,PertCortex_17_TTTGCGCGTAGCCTCG,1.7450998541451965
30121,0.07235339091032568,17__mutated,PertCortex_17_TTTGCGCTCGTAGGTT,2.7979155906412374
30122,0.10865269973126225,17__mutated,PertCortex_17_TTTGGTTGTGTGAATA,3.5609434849171375
30123,0.060658552337116665,17__mutated,PertCortex_17_TTTGTCAAGAGGTAGA,3.5512131189354363
30124,0.3213585685865106,17__mutated,PertCortex_17_TTTGTCAGTGATGTCT,1.6541485258122428
30125,0.21709643102138246,17__mutated,PertCortex_17_TTTGTCAGTTAAAGAC,2.8163179668516634
30126,0.019078543538533155,17__mutated,PertCortex_17_TTTGTCATCATTCACT,3.9629972640885596
30127,0.5481684751201499,18__mutated,PertCortex_18_AAACCTGGTGAACCTT,1.9842838822469118
30128,0.05205735861019905,18__mutated,PertCortex_18_AAACCTGGTTTGGGCC,2.534647995451197
30129,0.12330119872318816,18__mutated,PertCortex_18_AAACGGGAGAGTACAT,3.585963282193414
30130,0.4344373808955776,18__mutated,PertCortex_18_AAACGGGAGGCTCAGA,2.5336962320287353
30131,0.17709725093098716,18__mutated,PertCortex_18_AAAGATGAGTTCGCAT,3.400337735458108
30132,0.2856681436309856,18__mutated,PertCortex_18_AAAGATGGTCTAGCCG,1.7979955352726957
30133,0.14527445750406487,18__mutated,PertCortex_18_AAAGATGTCGGTTCGG,2.045597659394122
30134,0.23752343497177766,18__mutated,PertCortex_18_AAAGCAATCTGGTTCC,2.3520069445291534
30135,0.3063900201506247,18__mutated,PertCortex_18_AAAGTAGAGCGACGTA,3.9745647792328973
30136,0.02667192440705673,18__mutated,PertCortex_18_AAAGTAGAGTGTACCT,3.973059005137039
30137,0.12271515523896931,18__mutated,PertCortex_18_AAAGTAGGTTTGTTTC,3.526327968476353
30138,0.09194491458250743,18__mutated,PertCortex_18_AAATGCCAGTTTGCGT,4.579336201870775
30139,0.2910814004463402,18__mutated,PertCortex_18_AAATGCCCATCTATGG,1.7223904557439447
30140,0.5843543596892493,18__mutated,PertCortex_18_AAATGCCTCAAGGCTT,1.4392133083883314
30141,0.22953095279610422,18__mutated,PertCortex_18_AACACGTAGATGTAAC,5.120776926715251
30142,0.26718208656175596,18__mutated,PertCortex_18_AACACGTCAATGCCAT,2.2263014100728307
30143,0.08133204838646248,18__mutated,PertCortex_18_AACACGTGTTGTGGCC,2.4083402004335617
30144,0.1850131866656238,18__mutated,PertCortex_18_AACACGTTCAGTCAGT,2.0842677233295874
30145,0.050646966253001635,18__mutated,PertCortex_18_AACACGTTCATCTGTT,3.090454845224905
30146,0.17898036916362953,18__mutated,PertCortex_18_AACCATGAGAAGATTC,3.348364095691185
30147,0.24795580141636703,18__mutated,PertCortex_18_AACCGCGCAATCCGAT,1.5744678426911332
30148,0.07795613620308478,18__mutated,PertCortex_18_AACCGCGCAGGTGGAT,3.293967577702635
30149,0.14297998625767375,18__mutated,PertCortex_18_AACTCAGCACCGATAT,2.4217448943004145
30150,0.4619802325579595,18__mutated,PertCortex_18_AACTCAGGTGCTCTTC,2.01123749550095
30151,0.5029267974360503,18__mutated,PertCortex_18_AACTCCCAGAACAACT,1.7185240014417855
30152,0.08949278143898495,18__mutated,PertCortex_18_AACTCCCAGACGCACA,4.5984289716548465
30153,0.07390395196142976,18__mutated,PertCortex_18_AACTCCCAGCGACGTA,3.713595433858314
30154,0.02004953010866551,18__mutated,PertCortex_18_AACTCCCTCGATAGAA,4.273084181857037
30155,0.07199490308419565,18__mutated,PertCortex_18_AACTCTTCAATGTTGC,3.3164403704922196
30156,0.13236695436202578,18__mutated,PertCortex_18_AACTCTTCACAGACAG,1.7971702981663622
30157,0.005048596250036915,18__mutated,PertCortex_18_AACTCTTCACGAAATA,3.2224397220678864
30158,0.4488913633904965,18__mutated,PertCortex_18_AACTCTTCAGGACCCT,1.7849380646970283
30159,0.07085667170994939,18__mutated,PertCortex_18_AACTGGTAGCCAACAG,2.8173715821861443
30160,0.2414026654004161,18__mutated,PertCortex_18_AACTGGTAGCTCCTCT,1.9369365768717577
30161,0.4649427199370648,18__mutated,PertCortex_18_AACTGGTCATCGTCGG,2.7986367314873797
30162,0.1448789287952692,18__mutated,PertCortex_18_AACTTTCCACAGACAG,3.3099547406838994
30163,0.10688794854729207,18__mutated,PertCortex_18_AACTTTCCATGGATGG,4.115961226106504
30164,0.2433419034477901,18__mutated,PertCortex_18_AAGACCTTCTCGTTTA,2.6891487907689524
30165,0.4294005835331318,18__mutated,PertCortex_18_AAGCCGCCAATCTGCA,1.7254785460729973
30166,0.13229482460634043,18__mutated,PertCortex_18_AAGGAGCGTCAGAAGC,2.089217190652555
30167,0.41836719956975343,18__mutated,PertCortex_18_AAGGAGCGTGTGCGTC,1.951450499755608
30168,0.4600794535970722,18__mutated,PertCortex_18_AAGGCAGCAGTAACGG,1.7969164289340855
30169,0.0914253521113332,18__mutated,PertCortex_18_AAGGCAGTCCGAATGT,3.0965447191422193
30170,0.09430906674407247,18__mutated,PertCortex_18_AAGGTTCGTGCTTCTC,4.6897701221542665
30171,0.16313845649062367,18__mutated,PertCortex_18_AAGTCTGGTTAAAGTG,3.6707854351611964
30172,0.2064985772059715,18__mutated,PertCortex_18_AAGTCTGTCCTGTAGA,2.050658875640694
30173,0.22667303638221994,18__mutated,PertCortex_18_AATCCAGAGGCAGGTT,2.8368196390284433
30174,0.042736375873932975,18__mutated,PertCortex_18_AATCCAGCAAATACAG,2.8914088587538687
30175,0.09859390633638618,18__mutated,PertCortex_18_AATCCAGCAGTCAGCC,3.669869773388458
30176,0.0855655492581751,18__mutated,PertCortex_18_AATCCAGGTAGATTAG,3.0463127242248187
30177,0.04874529013649598,18__mutated,PertCortex_18_AATCCAGTCAATCACG,3.1283724974223412
30178,0.07464332939042613,18__mutated,PertCortex_18_AATCGGTAGGTGCAAC,3.36037949321367
30179,0.3114427401347369,18__mutated,PertCortex_18_AATCGGTTCCTAGGGC,2.2708872350049942
30180,0.4967554172113011,18__mutated,PertCortex_18_ACACCAAGTCAAGCGA,1.6838413937859067
30181,0.3825411254494919,18__mutated,PertCortex_18_ACACCAATCCTTTACA,1.9933139458494213
30182,0.06128638493219029,18__mutated,PertCortex_18_ACACCCTAGCCGTCGT,3.7953278476403125
30183,0.0554355278045583,18__mutated,PertCortex_18_ACACCCTGTACTTGAC,3.241682726580491
30184,0.20131666288665648,18__mutated,PertCortex_18_ACACCCTTCGGAATCT,2.986289116944515
30185,0.4190571911515866,18__mutated,PertCortex_18_ACACCGGCAATCTGCA,1.6267850964195318
30186,0.12439848382398679,18__mutated,PertCortex_18_ACACCGGCATTTCACT,3.8332268500689177
30187,0.05626585025306524,18__mutated,PertCortex_18_ACACCGGTCGTCCGTT,4.298401666963286
30188,0.39024870101142234,18__mutated,PertCortex_18_ACACCGGTCTTCATGT,2.2799764917813006
30189,0.37749217882689967,18__mutated,PertCortex_18_ACACTGAAGTAGCGGT,2.2798463955463637
30190,0.3552339553651312,18__mutated,PertCortex_18_ACAGCCGGTAAACGCG,2.5846012760120236
30191,0.25011638108929424,18__mutated,PertCortex_18_ACAGCCGTCATCGGAT,1.9890692739776037
30192,0.34401417628724495,18__mutated,PertCortex_18_ACAGCCGTCTCAACTT,2.339554519458742
30193,0.13107560547514333,18__mutated,PertCortex_18_ACAGCTACATTGAGCT,3.5232151159040312
30194,0.18700011684079124,18__mutated,PertCortex_18_ACATACGCACAGCGTC,1.1884733487366774
30195,0.20918652173820468,18__mutated,PertCortex_18_ACATCAGCAATGGATA,1.5661197249834367
30196,0.19772635938611038,18__mutated,PertCortex_18_ACATGGTTCAGTGCAT,3.1652014017538788
30197,0.5656917125269377,18__mutated,PertCortex_18_ACATGGTTCGTTACGA,1.8962552191357172
30198,0.05786437044075573,18__mutated,PertCortex_18_ACCCACTAGTACACCT,2.9575360554331387
30199,0.3051746521944302,18__mutated,PertCortex_18_ACCCACTCACATGACT,3.036713599756355
30200,0.48119581633333036,18__mutated,PertCortex_18_ACCCACTGTTGCTCCT,1.962115724156968
30201,0.02578906577443777,18__mutated,PertCortex_18_ACCGTAAAGCGAGAAA,3.9344436313112787
30202,0.12295179444937758,18__mutated,PertCortex_18_ACCGTAAGTAGTAGTA,2.908638262982333
30203,0.024302786752802445,18__mutated,PertCortex_18_ACCGTAAGTATGGTTC,3.356417702901763
30204,0.12274406984856258,18__mutated,PertCortex_18_ACCGTAATCAACCAAC,4.215067591787896
30205,0.19465710386310137,18__mutated,PertCortex_18_ACCGTAATCTGAGTGT,2.611263572038027
30206,0.2574720009402763,18__mutated,PertCortex_18_ACGAGCCTCGATAGAA,2.095973592683814
30207,0.21885563077607356,18__mutated,PertCortex_18_ACGAGCCTCTCAAGTG,3.0325066440116846
30208,0.0942627327787197,18__mutated,PertCortex_18_ACGAGGAGTAGTACCT,2.9366441387318214
30209,0.15910454190741785,18__mutated,PertCortex_18_ACGAGGATCTGCAAGT,3.535763585208011
30210,0.06769760383296965,18__mutated,PertCortex_18_ACGATACAGATGAGAG,3.5756239203517417
30211,0.1949098278777476,18__mutated,PertCortex_18_ACGATACCATGTAGTC,3.234292549386204
30212,0.13531406022208944,18__mutated,PertCortex_18_ACGATACCATTTGCTT,4.739074178325163
30213,0.340985735953088,18__mutated,PertCortex_18_ACGATACGTCCAGTAT,2.123048186303987
30214,0.1308454765420441,18__mutated,PertCortex_18_ACGATACGTTCGTCTC,3.606056362124339
30215,0.12323149961276332,18__mutated,PertCortex_18_ACGATGTCAGTTAACC,3.3716426282772014
30216,0.25702623580075556,18__mutated,PertCortex_18_ACGCAGCAGGAGCGAG,2.2922623613812596
30217,0.3936004568658576,18__mutated,PertCortex_18_ACGCAGCAGGCCCGTT,2.011752108218513
30218,0.04447785553990395,18__mutated,PertCortex_18_ACGCCAGAGGAGTACC,4.1290200253760805
30219,0.09225259837470386,18__mutated,PertCortex_18_ACGCCAGGTACAAGTA,3.5900239841119155
30220,0.0966477918322969,18__mutated,PertCortex_18_ACGCCAGTCTGCAAGT,3.0868489903879723
30221,0.15388674331572327,18__mutated,PertCortex_18_ACGCCGAGTGTAATGA,2.6948368439006676
30222,0.17196823484844045,18__mutated,PertCortex_18_ACGCCGAGTTAGAACA,3.089450876252523
30223,0.0645797361908526,18__mutated,PertCortex_18_ACGGAGAAGGCATGGT,3.4400280990838628
30224,0.2138995321420735,18__mutated,PertCortex_18_ACGGAGACACTGAAGG,2.5928095227462555
30225,0.0414655394737098,18__mutated,PertCortex_18_ACGGAGAGTTGGACCC,3.4388500807665467
30226,0.13788953429437692,18__mutated,PertCortex_18_ACGGAGATCATCGATG,4.7232789009123985
30227,0.5968555007081049,18__mutated,PertCortex_18_ACGGCCAAGATGTTAG,1.7847403377654223
30228,0.10389202946374217,18__mutated,PertCortex_18_ACGGCCAAGGGCACTA,3.2200934264057244
30229,0.18848755165472156,18__mutated,PertCortex_18_ACGGCCACAATGTTGC,2.888513916142248
30230,0.1121724513599155,18__mutated,PertCortex_18_ACGGCCACATGAAGTA,3.592384603255153
30231,0.15575924876630917,18__mutated,PertCortex_18_ACGGCCAGTCCAACTA,3.4207134447899934
30232,0.07602914520638267,18__mutated,PertCortex_18_ACGGCCATCTGAGGGA,3.6839966892855918
30233,0.13752194437662218,18__mutated,PertCortex_18_ACGGGCTAGAGGGATA,1.6579274411893397
30234,0.09191169353373449,18__mutated,PertCortex_18_ACGGGCTAGTAAGTAC,3.0650761684115686
30235,0.06548109924540223,18__mutated,PertCortex_18_ACGGGCTCAGCTCCGA,3.9899538246204913
30236,0.07269325584121568,18__mutated,PertCortex_18_ACGGGCTGTCACACGC,4.024470237900776
30237,0.11227402806177889,18__mutated,PertCortex_18_ACGGGCTGTGTGGCTC,2.367653540801804
30238,0.024749201320408316,18__mutated,PertCortex_18_ACGGGTCCAAAGCAAT,2.9182064455894716
30239,0.08535888639691619,18__mutated,PertCortex_18_ACGGGTCGTCCGACGT,4.326437404145107
30240,0.07125904212879752,18__mutated,PertCortex_18_ACGGGTCTCTCTTATG,2.962524284732432
30241,0.12778207581715395,18__mutated,PertCortex_18_ACGTCAAAGATGTGTA,3.043665122354031
30242,0.06432751683685657,18__mutated,PertCortex_18_ACTATCTGTTTGACTG,2.7950072747437313
30243,0.06733134971057002,18__mutated,PertCortex_18_ACTATCTTCGCCAGCA,2.777789217673817
30244,0.0638972965202825,18__mutated,PertCortex_18_ACTGAACGTGAAGGCT,4.7251398423974935
30245,0.1379967243416004,18__mutated,PertCortex_18_ACTGAACGTTACCAGT,3.2221101848426352
30246,0.5615965988922296,18__mutated,PertCortex_18_ACTGAACTCACTTATC,1.7947292691305639
30247,0.12359755761302911,18__mutated,PertCortex_18_ACTGATGCAAACTGCT,4.610967451072233
30248,0.12726661389823077,18__mutated,PertCortex_18_ACTGATGTCACCACCT,3.483328173544416
30249,0.08138458513371033,18__mutated,PertCortex_18_ACTGCTCAGTTTCCTT,4.1352325406783255
30250,0.3566687652060961,18__mutated,PertCortex_18_ACTGCTCGTGAGGGTT,2.6005942317341795
30251,0.16039577121969767,18__mutated,PertCortex_18_ACTGCTCTCATGTGGT,2.784043216497248
30252,0.10899295049960135,18__mutated,PertCortex_18_ACTGCTCTCGCATGAT,2.1722940503801986
30253,0.3326363863821664,18__mutated,PertCortex_18_ACTGTCCGTCATACTG,1.9662340018706659
30254,0.17678948460655344,18__mutated,PertCortex_18_ACTGTCCGTTTGCATG,3.1623270918771103
30255,0.22355338919061732,18__mutated,PertCortex_18_ACTTACTAGCACCGCT,3.080803396199225
30256,0.18319209667652933,18__mutated,PertCortex_18_ACTTACTCAGCTGCAC,3.3379849050402464
30257,0.09350195075072165,18__mutated,PertCortex_18_ACTTACTGTACAGCAG,4.896243405847311
30258,0.13845178692678448,18__mutated,PertCortex_18_ACTTACTTCACTCTTA,2.850597860524832
30259,0.1233768793624256,18__mutated,PertCortex_18_ACTTGTTAGCTTCGCG,3.618502377642723
30260,0.3748682553244107,18__mutated,PertCortex_18_ACTTGTTCAGTCAGCC,1.1409256449092593
30261,0.08292922077815504,18__mutated,PertCortex_18_ACTTGTTGTGTCTGAT,2.4923292260066336
30262,0.10928063706548045,18__mutated,PertCortex_18_ACTTTCAAGCGCCTCA,3.853165393967075
30263,0.09156904294083629,18__mutated,PertCortex_18_ACTTTCAAGGTTACCT,3.531942024511355
30264,0.12129787076517654,18__mutated,PertCortex_18_ACTTTCAAGTGGTAGC,3.785967258843619
30265,0.06591545962393984,18__mutated,PertCortex_18_ACTTTCAGTAAGAGGA,3.2495200139176377
30266,0.11541013309056533,18__mutated,PertCortex_18_AGAATAGGTCTCTCTG,2.7429651774726325
30267,0.1379747847237187,18__mutated,PertCortex_18_AGAATAGGTGTGAAAT,4.146270300824835
30268,0.09607380030909213,18__mutated,PertCortex_18_AGAATAGTCCTTGCCA,3.3061040249232114
30269,0.2514635010930533,18__mutated,PertCortex_18_AGACGTTAGGCAGGTT,4.157210719235598
30270,0.14896765317076277,18__mutated,PertCortex_18_AGACGTTAGGTGGGTT,4.279454592507383
30271,0.11540348576038358,18__mutated,PertCortex_18_AGAGCGAGTTATCACG,4.6194824567252954
30272,0.13005981201730796,18__mutated,PertCortex_18_AGAGCTTAGTACACCT,3.6352542745061536
30273,0.13277741922100766,18__mutated,PertCortex_18_AGAGTGGTCTTTAGTC,2.5327157406950738
30274,0.11621250605034217,18__mutated,PertCortex_18_AGATCTGAGACCTAGG,2.2946613941791707
30275,0.063632642845498,18__mutated,PertCortex_18_AGATCTGCAGACGCCT,3.5274209419085545
30276,0.5915205183381358,18__mutated,PertCortex_18_AGATCTGGTACTTAGC,2.0495148761587507
30277,0.37644637661660685,18__mutated,PertCortex_18_AGATCTGTCTCGATGA,1.9846923865109012
30278,0.09599502862066894,18__mutated,PertCortex_18_AGATTGCAGCGTGTCC,2.7231850866173097
30279,0.10745876628702891,18__mutated,PertCortex_18_AGATTGCTCGGTTAAC,2.8436304268598165
30280,0.1425131425751962,18__mutated,PertCortex_18_AGCAGCCAGTCACGCC,2.7475234736535046
30281,0.5037131837571949,18__mutated,PertCortex_18_AGCAGCCGTATGGTTC,2.4381815222649137
30282,0.25673668248317855,18__mutated,PertCortex_18_AGCAGCCGTTGGTGGA,2.015043258769336
30283,0.13226974381780887,18__mutated,PertCortex_18_AGCATACCAGCAGTTT,3.58366998420816
30284,0.11737974320316757,18__mutated,PertCortex_18_AGCATACTCAGGCAAG,3.302781072255102
30285,0.16452559412685525,18__mutated,PertCortex_18_AGCCTAAAGCTCCTTC,2.6072843320844306
30286,0.2533514030203059,18__mutated,PertCortex_18_AGCGGTCAGAAACCTA,1.8778980138832881
30287,0.12103772376017441,18__mutated,PertCortex_18_AGCGGTCAGCCGGTAA,4.763100724880998
30288,0.14986263251555426,18__mutated,PertCortex_18_AGCGGTCAGGGTATCG,3.8233016784812532
30289,0.05466068796259098,18__mutated,PertCortex_18_AGCGTATAGTCATGCT,4.0217367303250064
30290,0.25672347743396207,18__mutated,PertCortex_18_AGCGTATCATTAGGCT,2.314277657491179
30291,0.08495981670574229,18__mutated,PertCortex_18_AGCGTATGTATATCCG,3.454868269606713
30292,0.15526135113094816,18__mutated,PertCortex_18_AGCGTATGTCTGCCAG,2.9891470295143336
30293,0.09679750560763696,18__mutated,PertCortex_18_AGCGTCGTCTGGTGTA,2.407087401588941
30294,0.20813617591642555,18__mutated,PertCortex_18_AGCTCCTCAGGGTATG,2.7827232584199275
30295,0.25866017069965386,18__mutated,PertCortex_18_AGCTCCTGTCGGATCC,2.8153253290911935
30296,0.0569967374038742,18__mutated,PertCortex_18_AGCTCTCTCCAGGGCT,4.014731561570269
30297,0.12328752240586302,18__mutated,PertCortex_18_AGCTCTCTCCGTCAAA,3.687014589188564
30298,0.2202207637687149,18__mutated,PertCortex_18_AGCTTGAGTAGCGCTC,2.2898820325148264
30299,0.24509820730990128,18__mutated,PertCortex_18_AGGCCGTAGCCAACAG,1.9734918245451227
30300,0.06493328764821815,18__mutated,PertCortex_18_AGGCCGTAGTCATGCT,2.793214497620794
30301,0.13074685483744078,18__mutated,PertCortex_18_AGGCCGTCAGCTTCGG,3.3603045658260196
30302,0.28543870178583214,18__mutated,PertCortex_18_AGGCCGTCATCCCATC,1.6705363128596595
30303,0.32098192722836266,18__mutated,PertCortex_18_AGGGAGTGTCGCGTGT,2.922593230954528
30304,0.13897193862464097,18__mutated,PertCortex_18_AGGGTGACAGTGGGAT,2.6596623606852137
30305,0.058845463485274536,18__mutated,PertCortex_18_AGGGTGAGTTATCGGT,3.614064796843133
30306,0.14350375424523315,18__mutated,PertCortex_18_AGGTCATAGAGAGCTC,2.8609495593461354
30307,0.3350580712411224,18__mutated,PertCortex_18_AGGTCATCACACTGCG,1.9374832538428637
30308,0.2680397240526658,18__mutated,PertCortex_18_AGGTCATCACTTGGAT,2.359577838703452
30309,0.13658023145354778,18__mutated,PertCortex_18_AGGTCATCATCCAACA,2.9389366208768006
30310,0.148221743334956,18__mutated,PertCortex_18_AGGTCATGTCAACTGT,2.6022503024345096
30311,0.13843547433810985,18__mutated,PertCortex_18_AGGTCCGAGACACTAA,2.426276311454848
30312,0.1796068664197891,18__mutated,PertCortex_18_AGGTCCGAGGTGATTA,2.593654917786439
30313,0.26222237174205126,18__mutated,PertCortex_18_AGGTCCGCATCAGTCA,2.371795202450753
30314,0.2633305366428893,18__mutated,PertCortex_18_AGGTCCGTCTTCGGTC,3.088208189215958
30315,0.12895259272689744,18__mutated,PertCortex_18_AGTAGTCCATCGACGC,2.9405030081857237
30316,0.23367117226734682,18__mutated,PertCortex_18_AGTCTTTCACGTAAGG,2.407737473397557
30317,0.13232078125912644,18__mutated,PertCortex_18_AGTCTTTCATCAGTCA,3.2419205641071747
30318,0.1248885568531663,18__mutated,PertCortex_18_AGTCTTTGTACCGCTG,3.0402149602634156
30319,0.3179085498117059,18__mutated,PertCortex_18_AGTGAGGCATTCACTT,2.220613807811903
30320,0.035748527694264266,18__mutated,PertCortex_18_AGTGAGGGTGCAACTT,3.8240757214544345
30321,0.10129658539961842,18__mutated,PertCortex_18_AGTGGGAAGGTGCTTT,3.639100207623195
30322,0.05737151406141391,18__mutated,PertCortex_18_AGTGGGAGTTTGACAC,2.9806722950106823
30323,0.12459963275845264,18__mutated,PertCortex_18_AGTGTCAAGTGTCTCA,2.414191932544609
30324,0.19617749581223107,18__mutated,PertCortex_18_AGTGTCAAGTTCGCGC,3.1827844874604314
30325,0.1152189961203512,18__mutated,PertCortex_18_AGTGTCAGTGCAACGA,4.812843647200074
30326,0.4992508009539328,18__mutated,PertCortex_18_AGTGTCATCAGCGATT,1.9466257905943212
30327,0.42283789875444056,18__mutated,PertCortex_18_AGTTGGTCATAACCTG,1.0929627207562749
30328,0.2085108770222932,18__mutated,PertCortex_18_AGTTGGTTCTGTCTCG,1.7630032350994982
30329,0.11374784196866121,18__mutated,PertCortex_18_ATAACGCTCGGGAGTA,2.678030431486781
30330,0.2908374762589941,18__mutated,PertCortex_18_ATAAGAGAGCTAGTGG,2.157820832687499
30331,0.17163348888371727,18__mutated,PertCortex_18_ATAAGAGAGTTAGGTA,2.951200777837463
30332,0.05061860227236395,18__mutated,PertCortex_18_ATAGACCAGGAGTAGA,2.836637138547684
30333,0.02505455554544381,18__mutated,PertCortex_18_ATAGACCAGTCTCCTC,3.3612373006469145
30334,0.12876047581976255,18__mutated,PertCortex_18_ATAGACCGTCCAGTGC,4.005659383852581
30335,0.12722295983569942,18__mutated,PertCortex_18_ATAGACCTCAGGCAAG,2.7668783217360216
30336,0.13096897959089332,18__mutated,PertCortex_18_ATAGACCTCCAAACTG,2.176597127200863
30337,0.05112960854506452,18__mutated,PertCortex_18_ATAGACCTCGGTTAAC,3.393084137176078
30338,0.1360336772807883,18__mutated,PertCortex_18_ATCACGAAGTGAATTG,2.7742776460362437
30339,0.07007822108394743,18__mutated,PertCortex_18_ATCACGATCCGAATGT,3.997825079893849
30340,0.07923665740182083,18__mutated,PertCortex_18_ATCACGATCTCTTATG,3.9116080033434
30341,0.4008061350740623,18__mutated,PertCortex_18_ATCATCTAGTCATCCA,1.7193651993314625
30342,0.19985162568153153,18__mutated,PertCortex_18_ATCATCTCAGCCTTTC,1.8250548866539977
30343,0.09376729858681988,18__mutated,PertCortex_18_ATCATCTTCGACCAGC,1.864196390689175
30344,0.26631202017704825,18__mutated,PertCortex_18_ATCATGGCAGTCAGCC,1.502442309381007
30345,0.09035357777517206,18__mutated,PertCortex_18_ATCATGGGTCAGTGGA,3.4005699946876295
30346,0.059828480697955794,18__mutated,PertCortex_18_ATCATGGGTTCCACGG,3.6306841068457683
30347,0.13891068355172725,18__mutated,PertCortex_18_ATCCACCCAGTCCTTC,2.619421099016141
30348,0.09368516133451862,18__mutated,PertCortex_18_ATCCACCGTGTTCTTT,4.019112052218567
30349,0.17395386440710278,18__mutated,PertCortex_18_ATCCACCTCATGTCCC,1.7245301134181323
30350,0.18415734233465508,18__mutated,PertCortex_18_ATCCACCTCCAGATCA,2.7733541562769544
30351,0.12060856036212543,18__mutated,PertCortex_18_ATCCGAAAGAGGACGG,4.532962732413103
30352,0.38387884425565827,18__mutated,PertCortex_18_ATCCGAACAGACGCCT,1.5889952033836485
30353,0.05659423561500794,18__mutated,PertCortex_18_ATCGAGTGTCGCTTTC,3.366872314978611
30354,0.43064332617727624,18__mutated,PertCortex_18_ATCTACTAGATGTGTA,2.2105145055898947
30355,0.057571865255122,18__mutated,PertCortex_18_ATCTACTTCTCCGGTT,2.1301094606480664
30356,0.17476291559201204,18__mutated,PertCortex_18_ATCTGCCAGTCTTGCA,3.2592178650799943
30357,0.0501350756268577,18__mutated,PertCortex_18_ATGAGGGAGATCGGGT,3.8316428223464234
30358,0.14482423491393154,18__mutated,PertCortex_18_ATGCGATCACGTTGGC,4.870641373935191
30359,0.19339209950554878,18__mutated,PertCortex_18_ATGCGATTCCATGCTC,3.300273290634943
30360,0.5446125921238072,18__mutated,PertCortex_18_ATGGGAGAGTAATCCC,2.3305586517617747
30361,0.11316523663524937,18__mutated,PertCortex_18_ATGGGAGAGTGTTGAA,3.77039286830361
30362,0.13796243274409678,18__mutated,PertCortex_18_ATGGGAGTCCGTAGGC,2.220925935110767
30363,0.24095480425215604,18__mutated,PertCortex_18_ATGTGTGAGTCTCGGC,2.3013059503263404
30364,0.41080799539242474,18__mutated,PertCortex_18_ATGTGTGCACGCCAGT,2.1832232799472995
30365,0.1263807853059879,18__mutated,PertCortex_18_ATGTGTGGTCATATGC,2.9296871174166528
30366,0.20581323638530458,18__mutated,PertCortex_18_ATTACTCAGTATCTCG,2.510885957433823
30367,0.2622728974660757,18__mutated,PertCortex_18_ATTACTCCATAAAGGT,2.672990103529787
30368,0.056310875024319564,18__mutated,PertCortex_18_ATTACTCTCGCCTGAG,3.473888790518232
30369,0.04615732082081414,18__mutated,PertCortex_18_ATTCTACCAACAACCT,3.507028916508456
30370,0.4341313055891381,18__mutated,PertCortex_18_ATTCTACTCCCAAGAT,2.326072491933662
30371,0.05653304444477004,18__mutated,PertCortex_18_ATTGGACTCGTCCGTT,3.165316119307879
30372,0.2699665585940454,18__mutated,PertCortex_18_ATTGGTGGTGACTACT,2.4332023266468723
30373,0.08472165957895496,18__mutated,PertCortex_18_ATTTCTGCAGCTCGCA,3.0406723184191122
30374,0.1427957214336764,18__mutated,PertCortex_18_ATTTCTGCATCTACGA,2.9898463645009534
30375,0.22134316547066576,18__mutated,PertCortex_18_ATTTCTGTCTCTAAGG,3.301143229550342
30376,0.06769307280504361,18__mutated,PertCortex_18_ATTTCTGTCTGTGCAA,3.233876942013769
30377,0.14362040771612064,18__mutated,PertCortex_18_CAACCTCTCCAACCAA,2.8495311867839
30378,0.08601150619745473,18__mutated,PertCortex_18_CAACCTCTCTGGTTCC,3.754849119857594
30379,0.33773785724644007,18__mutated,PertCortex_18_CAACTAGCATAGTAAG,1.1817323741736852
30380,0.08529937047032056,18__mutated,PertCortex_18_CAACTAGGTATATCCG,3.869370062396123
30381,0.13412578133797676,18__mutated,PertCortex_18_CAAGAAAAGCTATGCT,2.3801251082329697
30382,0.12674779633315736,18__mutated,PertCortex_18_CAAGAAAAGGATGTAT,3.661392550691839
30383,0.06707737264044082,18__mutated,PertCortex_18_CAAGAAAAGGCAATTA,3.3852164457036653
30384,0.20411655225425052,18__mutated,PertCortex_18_CAAGAAAGTATGAATG,3.511325622629275
30385,0.211443970140906,18__mutated,PertCortex_18_CAAGATCTCAAGCCTA,2.9764900043912275
30386,0.023216210082976578,18__mutated,PertCortex_18_CAAGGCCAGTGATCGG,3.315501986868682
30387,0.4167997524951717,18__mutated,PertCortex_18_CAAGTTGAGTAGCGGT,2.0343900915928343
30388,0.10125874062723171,18__mutated,PertCortex_18_CAAGTTGCAGGACCCT,3.7693926357411773
30389,0.12195577255640912,18__mutated,PertCortex_18_CAAGTTGGTATTCTCT,3.3920491668405055
30390,0.07185065490364642,18__mutated,PertCortex_18_CAAGTTGTCATGTCCC,3.000640488772434
30391,0.5335979109615543,18__mutated,PertCortex_18_CAAGTTGTCGGAGCAA,2.0742925014589937
30392,0.2027887060080652,18__mutated,PertCortex_18_CAAGTTGTCTTGCCGT,2.889583860210009
30393,0.22032441104299036,18__mutated,PertCortex_18_CACAAACAGTCCCACG,2.2364932156193347
30394,0.11932938163508064,18__mutated,PertCortex_18_CACAAACCAGCTGTTA,3.529349261075954
30395,0.05623753261347639,18__mutated,PertCortex_18_CACACAAAGAGTAATC,5.263704678543937
30396,0.21183002053007272,18__mutated,PertCortex_18_CACACAACATCTCGCT,2.695648062889674
30397,0.1639966869928834,18__mutated,PertCortex_18_CACACAAGTAAATGTG,2.9456229555102635
30398,0.38837986491518306,18__mutated,PertCortex_18_CACACAAGTTGAACTC,2.0125074618357615
30399,0.07869288182088129,18__mutated,PertCortex_18_CACACCTTCCATTCTA,3.7512260888419
30400,0.10146705976038295,18__mutated,PertCortex_18_CACACTCCACGTTGGC,2.1761988958870724
30401,0.16589367208958714,18__mutated,PertCortex_18_CACACTCTCGTATCAG,2.2264047075654907
30402,0.023420309761092446,18__mutated,PertCortex_18_CACAGGCAGATCCCAT,3.422913227009466
30403,0.174439033511271,18__mutated,PertCortex_18_CACAGTAAGCGATGAC,3.3331616438668843
30404,0.08530634662933514,18__mutated,PertCortex_18_CACAGTATCATCTGTT,4.559108462608373
30405,0.13976180523435294,18__mutated,PertCortex_18_CACAGTATCGAGCCCA,2.2954987816348886
30406,0.17119559971392465,18__mutated,PertCortex_18_CACAGTATCTAGAGTC,3.092404682923825
30407,0.13231383636820032,18__mutated,PertCortex_18_CACATAGAGCCAGTAG,2.9775736558875687
30408,0.08602888836159427,18__mutated,PertCortex_18_CACATAGCAGACAAGC,5.007319200663975
30409,0.12218705266380529,18__mutated,PertCortex_18_CACATAGGTACTCAAC,2.874973921424912
30410,0.14442624496095877,18__mutated,PertCortex_18_CACATAGGTTCCCTTG,2.918188399244022
30411,0.3241913458273538,18__mutated,PertCortex_18_CACATTTTCAGGCGAA,1.868164141779358
30412,0.14183254557671648,18__mutated,PertCortex_18_CACCACTCACAACTGT,2.869823535105916
30413,0.48172348361913025,18__mutated,PertCortex_18_CACCACTTCAGCTCGG,2.3199363302105884
30414,0.15603409495999512,18__mutated,PertCortex_18_CACCAGGCAAGTACCT,2.9855119571582627
30415,0.28902170026064106,18__mutated,PertCortex_18_CACCAGGTCAACGAAA,3.5437822250739885
30416,0.44615468786884416,18__mutated,PertCortex_18_CACTCCAAGTACGTTC,1.906009807959011
30417,0.09832216499679583,18__mutated,PertCortex_18_CACTCCAAGTGCAAGC,2.334828510302869
30418,0.16688555784232437,18__mutated,PertCortex_18_CACTCCATCAGCTCTC,2.4375744646123874
30419,0.10274899583065794,18__mutated,PertCortex_18_CACTCCATCCTCAATT,3.6064708405581754
30420,0.09770677224498547,18__mutated,PertCortex_18_CAGAATCAGCTAACAA,3.5208997324081572
30421,0.10955604374336478,18__mutated,PertCortex_18_CAGAATCCACGGTGTC,3.4004161268218915
30422,0.05210389987773696,18__mutated,PertCortex_18_CAGAATCGTCACCCAG,2.126607570824259
30423,0.15365069384406077,18__mutated,PertCortex_18_CAGAATCTCAACGCTA,2.970912120335672
30424,0.14085172574063565,18__mutated,PertCortex_18_CAGAATCTCAGTCCCT,2.404809837814664
30425,0.15347238533490032,18__mutated,PertCortex_18_CAGAATCTCAGTTAGC,2.7437478814943197
30426,0.27162614049860806,18__mutated,PertCortex_18_CAGAATCTCCACGCAG,2.430712453466609
30427,0.1273125250591038,18__mutated,PertCortex_18_CAGAATCTCCTGTAGA,3.1299817463340998
30428,0.30453440352964106,18__mutated,PertCortex_18_CAGAATCTCGGCGCAT,3.7380407018837607
30429,0.20459968749547136,18__mutated,PertCortex_18_CAGAGAGAGCTGAAAT,2.4558947018151716
30430,0.15340414352363915,18__mutated,PertCortex_18_CAGATCACACATTAGC,2.319162518005295
30431,0.11987180165069129,18__mutated,PertCortex_18_CAGATCACAGGAACGT,2.9669916079050807
30432,0.13608144925002533,18__mutated,PertCortex_18_CAGATCAGTGCCTTGG,3.3831404618434537
30433,0.23440821115590302,18__mutated,PertCortex_18_CAGATCATCACGCATA,2.554449206379445
30434,0.05504890089599807,18__mutated,PertCortex_18_CAGCAGCAGTCCCACG,3.0836283124375905
30435,0.36596481475452286,18__mutated,PertCortex_18_CAGCAGCAGTCTCCTC,1.7719322017183725
30436,0.11190118433038948,18__mutated,PertCortex_18_CAGCAGCCAGCGTAAG,2.5832733600379862
30437,0.466526220569277,18__mutated,PertCortex_18_CAGCAGCTCAATCTCT,2.654128512764046
30438,0.3061352954329071,18__mutated,PertCortex_18_CAGCAGCTCACAACGT,1.5111704403372965
30439,0.18145831882232225,18__mutated,PertCortex_18_CAGCAGCTCTTGTACT,3.169206692350868
30440,0.3448180941241745,18__mutated,PertCortex_18_CAGCATACAGCTTCGG,2.089295539669522
30441,0.1175633507667969,18__mutated,PertCortex_18_CAGCCGAGTTCAACCA,3.640079522266917
30442,0.1959368196159114,18__mutated,PertCortex_18_CAGCGACTCCGTTGCT,2.2891895190416736
30443,0.2361671563103357,18__mutated,PertCortex_18_CAGCGACTCGTCTGCT,2.2830001545689456
30444,0.1335597956133502,18__mutated,PertCortex_18_CAGCGACTCTGCGTAA,3.5940345937104428
30445,0.17533123932992448,18__mutated,PertCortex_18_CAGCTAACAAGCCTAT,1.8382366966902965
30446,0.29653834930608547,18__mutated,PertCortex_18_CAGCTAACACATCTTT,2.5692769112093226
30447,0.13900105479578165,18__mutated,PertCortex_18_CAGCTGGAGGTGTTAA,2.5924509585414226
30448,0.1285367142811008,18__mutated,PertCortex_18_CAGCTGGCAGGATTGG,2.638006081836461
30449,0.09075234170135027,18__mutated,PertCortex_18_CAGCTGGCAGTACACT,3.3684751785891627
30450,0.17427938478726543,18__mutated,PertCortex_18_CAGGTGCAGTAGGCCA,1.764349281305344
30451,0.25438205834315003,18__mutated,PertCortex_18_CAGGTGCCAATGGTCT,1.93442958738361
30452,0.26250536977628847,18__mutated,PertCortex_18_CAGGTGCCACCATGTA,2.4699732396383616
30453,0.19465507538186205,18__mutated,PertCortex_18_CAGGTGCCACGGACAA,2.5344371047934713
30454,0.1354324084495364,18__mutated,PertCortex_18_CAGTAACCAATCAGAA,2.609849784278773
30455,0.16014774211913527,18__mutated,PertCortex_18_CAGTAACGTTTGACTG,2.233088086257777
30456,0.09634049090055657,18__mutated,PertCortex_18_CAGTAACTCATTATCC,3.031270178642517
30457,0.07888328156682484,18__mutated,PertCortex_18_CAGTCCTAGCTAGTTC,2.594777820922822
30458,0.1140966787404928,18__mutated,PertCortex_18_CAGTCCTCACAAGACG,2.575669739296288
30459,0.09383953499016505,18__mutated,PertCortex_18_CAGTCCTGTCTAGGTT,4.231869365080579
30460,0.1540533121604254,18__mutated,PertCortex_18_CAGTCCTTCTCTGCTG,2.789894749778432
30461,0.10576285931320763,18__mutated,PertCortex_18_CATATGGTCCGAATGT,3.835759121407936
30462,0.13890980569195022,18__mutated,PertCortex_18_CATATGGTCGTCTGCT,2.5868780743165285
30463,0.17451929091391757,18__mutated,PertCortex_18_CATATTCCAGCGTTCG,4.576198483903644
30464,0.10963479334778765,18__mutated,PertCortex_18_CATATTCCATCACGTA,4.361200239955797
30465,0.21113981993496594,18__mutated,PertCortex_18_CATATTCCATGTCGAT,2.237642565750722
30466,0.14771936112851178,18__mutated,PertCortex_18_CATATTCGTTCTGTTT,3.5344630723154085
30467,0.05764391522945212,18__mutated,PertCortex_18_CATATTCGTTGAACTC,2.3225079459474256
30468,0.008130743975735119,18__mutated,PertCortex_18_CATATTCTCAGGTAAA,4.213686645842203
30469,0.1449052526000225,18__mutated,PertCortex_18_CATCAAGCAAGGACTG,2.8837481620505168
30470,0.07123100160349101,18__mutated,PertCortex_18_CATCAAGCATGCTGGC,3.980632984467695
30471,0.2280662552574841,18__mutated,PertCortex_18_CATCAAGTCACTTATC,3.3707036732469624
30472,0.18793261706423467,18__mutated,PertCortex_18_CATCAGACAGTAACGG,2.9006363696210715
30473,0.09128708770880783,18__mutated,PertCortex_18_CATCCACAGACCTTTG,2.803980716266262
30474,0.12653411999036204,18__mutated,PertCortex_18_CATCCACAGGGATCTG,3.5682691454203956
30475,0.11254702368158093,18__mutated,PertCortex_18_CATCCACCAGTAAGAT,5.653107831752688
30476,0.16598474384590128,18__mutated,PertCortex_18_CATCCACGTATAATGG,3.0985602257960974
30477,0.4437521816363835,18__mutated,PertCortex_18_CATCCACGTGTGAATA,1.798073848440797
30478,0.06746600704922089,18__mutated,PertCortex_18_CATCGAAGTCCCTACT,4.374357098147557
30479,0.012167271153229131,18__mutated,PertCortex_18_CATCGAATCAGCGACC,2.554226996667653
30480,0.17279503818828332,18__mutated,PertCortex_18_CATCGGGCACCAGATT,2.911569333858285
30481,0.3175934032629284,18__mutated,PertCortex_18_CATCGGGGTTGAGTTC,2.01653413132566
30482,0.5181502724720526,18__mutated,PertCortex_18_CATGACATCTCGCTTG,1.7858190018480373
30483,0.2631446820028487,18__mutated,PertCortex_18_CATGCCTGTATGCTTG,2.057239318099731
30484,0.07701654728387734,18__mutated,PertCortex_18_CATGGCGCACATGACT,3.9330878741892192
30485,0.14080732512017768,18__mutated,PertCortex_18_CATTATCCAAGAGTCG,4.935229933953679
30486,0.2247508854238573,18__mutated,PertCortex_18_CATTATCGTGTGACGA,3.8199398539725897
30487,0.15626085256018088,18__mutated,PertCortex_18_CATTATCTCGCGCCAA,2.2359208896747496
30488,0.28902957097707926,18__mutated,PertCortex_18_CATTCGCGTATAAACG,2.804226650331591
30489,0.5577651067438778,18__mutated,PertCortex_18_CATTCGCGTCCCTTGT,1.5187197749618553
30490,0.15413919294837614,18__mutated,PertCortex_18_CATTCGCGTTCAGACT,3.4836294995682855
30491,0.0779106483923068,18__mutated,PertCortex_18_CATTCGCTCAGCCTAA,4.513331056985553
30492,0.05762983349988048,18__mutated,PertCortex_18_CCAATCCTCTACTCAT,4.389662475326318
30493,0.10557266683983496,18__mutated,PertCortex_18_CCACCTAAGAGCAATT,4.752733924139639
30494,0.010788678318966377,18__mutated,PertCortex_18_CCACCTAAGGAGTAGA,2.949359050960185
30495,0.28053608033352506,18__mutated,PertCortex_18_CCACGGATCATGTCCC,2.1168457286198734
30496,0.10423906977065238,18__mutated,PertCortex_18_CCACTACAGGCACATG,2.830719902966633
30497,0.16163854107994607,18__mutated,PertCortex_18_CCACTACCACCAGGTC,1.9615880365668845
30498,0.16064262774028754,18__mutated,PertCortex_18_CCACTACCAGCTATTG,3.331315491033968
30499,0.08678223315221326,18__mutated,PertCortex_18_CCACTACCATAACCTG,3.120215459437894
30500,0.136860422792281,18__mutated,PertCortex_18_CCACTACTCACTCCTG,2.868468814258658
30501,0.31791497293468457,18__mutated,PertCortex_18_CCAGCGAAGTGTTGAA,2.0412692522223637
30502,0.4545377163613732,18__mutated,PertCortex_18_CCAGCGAGTACTCGCG,2.6965994603817025
30503,0.4424951658886582,18__mutated,PertCortex_18_CCAGCGAGTATGAAAC,1.7990118763389447
30504,0.09623228857348316,18__mutated,PertCortex_18_CCATGTCGTATGAATG,1.90289679923921
30505,0.39270686043311365,18__mutated,PertCortex_18_CCATGTCTCACCGTAA,2.054051642537499
30506,0.11688547337991526,18__mutated,PertCortex_18_CCATTCGAGTTCGCAT,3.167568071564591
30507,0.15716870258212612,18__mutated,PertCortex_18_CCCAGTTCAAGGCTCC,2.6468808939274715
30508,0.268825243840364,18__mutated,PertCortex_18_CCCAGTTTCGCCTGAG,2.4227359161355415
30509,0.13639414493803526,18__mutated,PertCortex_18_CCCATACCAATAACGA,1.997311955706081
30510,0.2648647787070986,18__mutated,PertCortex_18_CCCATACGTGTTCGAT,2.927476940598646
30511,0.053991626124243935,18__mutated,PertCortex_18_CCCTCCTAGCACCGCT,4.021217021596901
30512,0.43330437888659706,18__mutated,PertCortex_18_CCGGGATCACCAGTTA,1.9930998936822757
30513,0.15848475602939227,18__mutated,PertCortex_18_CCGGTAGTCACATGCA,2.957933803354158
30514,0.17102581966889857,18__mutated,PertCortex_18_CCGTACTAGAAGAAGC,3.032248253586472
30515,0.3555050622139457,18__mutated,PertCortex_18_CCGTACTAGCCGGTAA,2.2771461874013683
30516,0.10967792252455259,18__mutated,PertCortex_18_CCGTACTGTCTTCAAG,3.22749289846789
30517,0.2863924671465201,18__mutated,PertCortex_18_CCGTGGATCCGTAGGC,1.6423195827192871
30518,0.13743639443697428,18__mutated,PertCortex_18_CCGTGGATCTCCGGTT,2.7819857271297073
30519,0.22410719485621627,18__mutated,PertCortex_18_CCGTGGATCTTATCTG,2.1822560867165666
30520,0.11265491189592308,18__mutated,PertCortex_18_CCGTTCAAGTGAAGTT,3.7168795489138504
30521,0.09152210320213636,18__mutated,PertCortex_18_CCGTTCAGTTTGGCGC,3.684029690368557
30522,0.13552495620872165,18__mutated,PertCortex_18_CCGTTCATCATCGGAT,3.233127395912975
30523,0.08946713114471516,18__mutated,PertCortex_18_CCTAAAGAGTCACGCC,3.3438756112578942
30524,0.0958519451176947,18__mutated,PertCortex_18_CCTAAAGCAGTATAAG,3.5306489843857216
30525,0.20437142444934556,18__mutated,PertCortex_18_CCTAAAGCATTACGAC,2.940599610569753
30526,0.12454686932648842,18__mutated,PertCortex_18_CCTAAAGCATTATCTC,1.7756861029391802
30527,0.09299157216230214,18__mutated,PertCortex_18_CCTAAAGGTAACGCGA,3.1652158519494757
30528,0.2169866809383597,18__mutated,PertCortex_18_CCTACACGTTGCGTTA,2.653875672629319
30529,0.11009694619192525,18__mutated,PertCortex_18_CCTACACTCAAGCCTA,2.755115130401869
30530,0.12481927324688162,18__mutated,PertCortex_18_CCTACCAGTAAACCTC,2.284406766422546
30531,0.21952420615597032,18__mutated,PertCortex_18_CCTACCAGTACATCCA,2.2309172037439113
30532,0.30999456948433324,18__mutated,PertCortex_18_CCTACCATCGTACGGC,1.8649735731108357
30533,0.060326132666950756,18__mutated,PertCortex_18_CCTAGCTAGATGTAAC,2.3976113795684397
30534,0.09698784062232443,18__mutated,PertCortex_18_CCTAGCTCAAGCGAGT,3.4707194188041104
30535,0.3316770088297101,18__mutated,PertCortex_18_CCTAGCTGTCCCGACA,2.592467312707261
30536,0.1545950311494353,18__mutated,PertCortex_18_CCTAGCTGTTCCTCCA,2.3439058780235875
30537,0.05815907977575411,18__mutated,PertCortex_18_CCTATTACAGTTTACG,3.3499399538375765
30538,0.1401674174079947,18__mutated,PertCortex_18_CCTCAGTCATACCATG,3.530156821820439
30539,0.34211929777814315,18__mutated,PertCortex_18_CCTCTGAAGTACCGGA,1.8926209213868355
30540,0.5635707709452412,18__mutated,PertCortex_18_CCTCTGACACCAGGCT,2.1013006409012993
30541,0.08201186465946503,18__mutated,PertCortex_18_CCTCTGAGTGGTGTAG,3.776386912731061
30542,0.11365691895452504,18__mutated,PertCortex_18_CCTCTGAGTTCGCGAC,3.6603277675248553
30543,0.15706599494534473,18__mutated,PertCortex_18_CCTTCCCAGATCGGGT,1.9909299188731866
30544,0.13096177456683494,18__mutated,PertCortex_18_CCTTCCCCAGCGATCC,4.985755527255455
30545,0.19032698794077327,18__mutated,PertCortex_18_CCTTCCCTCAGGTTCA,2.7662562229246106
30546,0.09447225174912274,18__mutated,PertCortex_18_CCTTCGAAGATGCCTT,3.77854913001157
30547,0.15200410002438527,18__mutated,PertCortex_18_CCTTCGAAGGAGCGAG,2.1499740224250607
30548,0.32073394985116965,18__mutated,PertCortex_18_CCTTCGACACGACGAA,2.1188343931637537
30549,0.22593357690696134,18__mutated,PertCortex_18_CCTTCGAGTGGCAAAC,2.454643246795974
30550,0.10232355695656377,18__mutated,PertCortex_18_CCTTTCTAGTGTACCT,3.7652315881467295
30551,0.6172396087996551,18__mutated,PertCortex_18_CCTTTCTCACTTAAGC,1.6083409877950892
30552,0.2085736933240955,18__mutated,PertCortex_18_CGAACATGTATTCGTG,3.2967464828951347
30553,0.06518410348027463,18__mutated,PertCortex_18_CGAACATGTCCTGCTT,2.4991589867284456
30554,0.12387295192881292,18__mutated,PertCortex_18_CGAACATGTCTCTCTG,3.5722462688742853
30555,0.4810660837889236,18__mutated,PertCortex_18_CGAACATTCCAGTAGT,1.9963789086186736
30556,0.13236354646128487,18__mutated,PertCortex_18_CGAATGTAGAGCAATT,2.274895386244875
30557,0.19727436816162475,18__mutated,PertCortex_18_CGAATGTCAATGGAAT,2.7924169801032295
30558,0.04512039616307361,18__mutated,PertCortex_18_CGAATGTCACGACTCG,3.298840550033452
30559,0.10847437798577529,18__mutated,PertCortex_18_CGAATGTCATGCGCAC,3.0270608672528088
30560,0.5305637350423398,18__mutated,PertCortex_18_CGAATGTTCACGGTTA,1.6635222144769573
30561,0.13718453483457455,18__mutated,PertCortex_18_CGACCTTGTCGCCATG,4.029467424831385
30562,0.47299226656571997,18__mutated,PertCortex_18_CGACTTCAGAAGGGTA,1.7070445879448075
30563,0.10010915993953104,18__mutated,PertCortex_18_CGACTTCAGATCCGAG,4.074327806175984
30564,0.08832555525627514,18__mutated,PertCortex_18_CGACTTCAGCACGCCT,2.9670917508952486
30565,0.2110863930408438,18__mutated,PertCortex_18_CGACTTCGTAAACGCG,2.8048668096699956
30566,0.10521230883668398,18__mutated,PertCortex_18_CGAGAAGAGGAATGGA,2.6800885663278664
30567,0.16231733108887034,18__mutated,PertCortex_18_CGAGAAGGTGTGGCTC,2.754159266657094
30568,0.3041131989520368,18__mutated,PertCortex_18_CGAGAAGTCAAACCGT,1.852708103871541
30569,0.12477059255903439,18__mutated,PertCortex_18_CGAGCACAGAGACTAT,3.1620220211667607
30570,0.20630552585982934,18__mutated,PertCortex_18_CGAGCACCATTTCACT,2.7838317200448244
30571,0.025408095638896868,18__mutated,PertCortex_18_CGAGCACGTCGCGTGT,3.1520280609571656
30572,0.18162810829409243,18__mutated,PertCortex_18_CGAGCACTCATAACCG,2.3126179864648666
30573,0.11101130860066885,18__mutated,PertCortex_18_CGAGCACTCCTTTCTC,3.38484368084399
30574,0.13879332629774116,18__mutated,PertCortex_18_CGAGCCAAGTCGAGTG,3.1693265414318583
30575,0.4036069009022815,18__mutated,PertCortex_18_CGAGCCACATTTCAGG,1.559848516186461
30576,0.23956474998121718,18__mutated,PertCortex_18_CGAGCCAGTCGACTAT,2.534219700428581
30577,0.0880682042288838,18__mutated,PertCortex_18_CGAGCCAGTTCGCGAC,1.748482509967193
30578,0.2788244791861407,18__mutated,PertCortex_18_CGAGCCATCAGCCTAA,2.2156091534555626
30579,0.219797953334599,18__mutated,PertCortex_18_CGATCGGAGCGTTTAC,2.962509895531607
30580,0.19480456483135905,18__mutated,PertCortex_18_CGATCGGGTAGATTAG,1.382206221379953
30581,0.06198373416488332,18__mutated,PertCortex_18_CGATCGGGTGGCTCCA,3.9217095263916772
30582,0.1260942185991607,18__mutated,PertCortex_18_CGATCGGGTGTTTGGT,3.845850300440482
30583,0.04376970943223887,18__mutated,PertCortex_18_CGATGGCAGACTTGAA,2.53735015708578
30584,0.5107376716332445,18__mutated,PertCortex_18_CGATGGCCAGCAGTTT,1.714427994866735
30585,0.49938222309599767,18__mutated,PertCortex_18_CGATGGCGTAAAGTCA,1.6956862597056543
30586,0.10743782577886903,18__mutated,PertCortex_18_CGATGGCGTTCCATGA,3.2531743964082853
30587,0.106164511784701,18__mutated,PertCortex_18_CGATGTAGTCGAGTTT,4.111083559610758
30588,0.08543415473754513,18__mutated,PertCortex_18_CGATGTAGTCTTGTCC,3.653410380321183
30589,0.11265088356635546,18__mutated,PertCortex_18_CGATGTAGTGAGGGAG,3.268442311672478
30590,0.4290691295216526,18__mutated,PertCortex_18_CGATGTAGTGCTCTTC,1.1552324339083209
30591,0.15462343070360807,18__mutated,PertCortex_18_CGATTGACAACTGCGC,4.8020097549206735
30592,0.12515495970879162,18__mutated,PertCortex_18_CGATTGAGTTCTGGTA,3.561614192824426
30593,0.12865125302365066,18__mutated,PertCortex_18_CGCCAAGCACACCGAC,4.120017641713785
30594,0.15553266920641176,18__mutated,PertCortex_18_CGCCAAGGTAAGCACG,2.897034154372569
30595,0.18510383990062812,18__mutated,PertCortex_18_CGCCAAGGTACTTCTT,2.7982197334518557
30596,0.1633400123072634,18__mutated,PertCortex_18_CGCGGTAAGCGCTTAT,3.3755583221203898
30597,0.4000651668574054,18__mutated,PertCortex_18_CGCGGTATCTGATACG,1.5928382375924113
30598,0.14954355867205116,18__mutated,PertCortex_18_CGCGTTTGTCGCGTGT,2.7966443310393774
30599,0.3502918927904438,18__mutated,PertCortex_18_CGCTATCCATACGCCG,1.3931740065285854
30600,0.6312514059223914,18__mutated,PertCortex_18_CGCTATCCATGACGGA,1.8706872604319846
30601,0.096829046894902,18__mutated,PertCortex_18_CGCTGGACAAACTGTC,3.8687725263083
30602,0.33058423584207003,18__mutated,PertCortex_18_CGCTGGAGTCGAATCT,2.9593787931666373
30603,0.14864959387534304,18__mutated,PertCortex_18_CGCTGGATCCAAAGTC,3.141902866885407
30604,0.5912720902006886,18__mutated,PertCortex_18_CGCTTCAGTTCAGTAC,1.478768651261499
30605,0.07240237555482056,18__mutated,PertCortex_18_CGGACACAGTCGCCGT,3.1405538777043556
30606,0.16651811812023826,18__mutated,PertCortex_18_CGGACACGTAGCGTAG,3.4635543492517002
30607,0.4760505343120867,18__mutated,PertCortex_18_CGGACGTAGGCCATAG,1.597731736924918
30608,0.1837115332027064,18__mutated,PertCortex_18_CGGACGTCACAGACTT,2.2317273791118724
30609,0.1534583412052057,18__mutated,PertCortex_18_CGGACTGCAACACGCC,2.6031818668856204
30610,0.4844115260747709,18__mutated,PertCortex_18_CGGACTGCACTTAACG,1.794332048941488
30611,0.5534198499834025,18__mutated,PertCortex_18_CGGACTGCAGCATACT,2.049021487865101
30612,0.30519129256120087,18__mutated,PertCortex_18_CGGACTGGTCCGTGAC,3.944978200437148
30613,0.1711276708766466,18__mutated,PertCortex_18_CGGACTGGTGCCTGCA,3.3722957531191007
30614,0.25270399553641854,18__mutated,PertCortex_18_CGGACTGTCACAACGT,1.6714111123481472
30615,0.1298928295310467,18__mutated,PertCortex_18_CGGAGCTGTAAATGAC,2.624794223927548
30616,0.13846094022330446,18__mutated,PertCortex_18_CGGAGCTTCTGCAAGT,2.911905592886683
30617,0.09781182202938529,18__mutated,PertCortex_18_CGGAGTCAGCCAGAAC,3.1282451694665414
30618,0.11710178187709556,18__mutated,PertCortex_18_CGGAGTCAGCGTCAAG,3.0106792124856407
30619,0.17255827330587684,18__mutated,PertCortex_18_CGGAGTCGTTCGGGCT,3.157717480094916
30620,0.2142562076213142,18__mutated,PertCortex_18_CGGCTAGCACCGAAAG,1.9994045033130092
30621,0.08452077616069259,18__mutated,PertCortex_18_CGGCTAGGTAAAGGAG,3.8519116525500015
30622,0.3702022735778959,18__mutated,PertCortex_18_CGGCTAGTCATTTGGG,1.3554901181349956
30623,0.028072444899161487,18__mutated,PertCortex_18_CGGGTCAAGAGTAATC,2.094842509790736
30624,0.2442968743157992,18__mutated,PertCortex_18_CGGGTCATCACGGTTA,1.9787494163160608
30625,0.3806855508666111,18__mutated,PertCortex_18_CGGTTAAAGCTAGTTC,2.7084325853201907
30626,0.08085597385687432,18__mutated,PertCortex_18_CGGTTAACAAACTGCT,4.60257643209189
30627,0.21975841506129798,18__mutated,PertCortex_18_CGGTTAAGTCTGCCAG,2.456170001982638
30628,0.137146783123346,18__mutated,PertCortex_18_CGTAGCGAGCGTGTCC,2.3707281148814134
30629,0.0014287296910940248,18__mutated,PertCortex_18_CGTCACTAGACAGGCT,3.1767205862250414
30630,0.33619734790620737,18__mutated,PertCortex_18_CGTCACTGTAACGTTC,2.0685718309594585
30631,0.02443617439935266,18__mutated,PertCortex_18_CGTCACTGTCATATGC,3.210499278027123
30632,0.10033420056636415,18__mutated,PertCortex_18_CGTCACTTCCAAGCCG,4.033144845150968
30633,0.17862820183982103,18__mutated,PertCortex_18_CGTCACTTCTTCGGTC,2.84877478108301
30634,0.03492190449387472,18__mutated,PertCortex_18_CGTCAGGAGTCAAGCG,3.316576335245387
30635,0.07954640736689836,18__mutated,PertCortex_18_CGTCAGGCATTAGCCA,3.9881635451869206
30636,0.0640925853125864,18__mutated,PertCortex_18_CGTCAGGTCAACGGCC,3.3591908227647935
30637,0.4737653416685448,18__mutated,PertCortex_18_CGTCAGGTCGTCCAGG,1.7643742459732925
30638,0.4020914500104722,18__mutated,PertCortex_18_CGTCCATGTAGCTGCC,1.9147869235390067
30639,0.061033448268395574,18__mutated,PertCortex_18_CGTCCATGTCGCGTGT,3.206291137654609
30640,0.09830789174046699,18__mutated,PertCortex_18_CGTCTACGTACCTACA,2.889213899693728
30641,0.24910322501019014,18__mutated,PertCortex_18_CGTCTACGTGACGGTA,1.8642912884139253
30642,0.2775892282833094,18__mutated,PertCortex_18_CGTCTACTCGTCTGAA,1.9128051753786326
30643,0.18082131285764594,18__mutated,PertCortex_18_CGTGAGCGTAAGTAGT,2.8286130923774433
30644,0.45863405833038606,18__mutated,PertCortex_18_CGTGAGCTCGTTTAGG,2.2914891477178223
30645,0.3127650301999231,18__mutated,PertCortex_18_CGTGTCTAGCGATTCT,2.7676639524944866
30646,0.09713219498135361,18__mutated,PertCortex_18_CGTGTCTTCTAAGCCA,3.2845907879163616
30647,0.3472378213949411,18__mutated,PertCortex_18_CGTTCTGCAAGAAGAG,2.138633137422481
30648,0.28268901147250486,18__mutated,PertCortex_18_CGTTCTGCAAGAGTCG,2.1945115492984333
30649,0.17988359287883657,18__mutated,PertCortex_18_CGTTGGGGTCCGTGAC,2.5947672813610843
30650,0.042825944054738004,18__mutated,PertCortex_18_CTAACTTAGACTTTCG,3.9605541476154795
30651,0.038314546016543834,18__mutated,PertCortex_18_CTAACTTCAAACGCGA,4.566975253295099
30652,0.37310854550948513,18__mutated,PertCortex_18_CTAACTTCAGCATACT,1.6946463687965916
30653,0.18222906210871698,18__mutated,PertCortex_18_CTAACTTTCCATGCTC,3.2437628544505164
30654,0.19969524209209105,18__mutated,PertCortex_18_CTAACTTTCTGCTTGC,3.3333783316079786
30655,0.4730637912196346,18__mutated,PertCortex_18_CTAACTTTCTTGCAAG,1.2435803996251003
30656,0.04876057755418001,18__mutated,PertCortex_18_CTAAGACAGCACGCCT,3.457337435046366
30657,0.07361435105878507,18__mutated,PertCortex_18_CTACACCCATGTTGAC,4.180690825202608
30658,0.08076432197768821,18__mutated,PertCortex_18_CTACATTAGAAGCCCA,4.65700804319757
30659,0.35427910181407524,18__mutated,PertCortex_18_CTACATTAGACTTTCG,2.1092330084840256
30660,0.2777923506535912,18__mutated,PertCortex_18_CTACCCATCTGTCAAG,2.9672457883779617
30661,0.07416417209455735,18__mutated,PertCortex_18_CTAGAGTCAGCTCGAC,3.786656242744893
30662,0.4472591749673105,18__mutated,PertCortex_18_CTAGAGTCATGTAAGA,2.042502421304401
30663,0.09323344495478618,18__mutated,PertCortex_18_CTAGAGTTCCCTAACC,4.627472126588034
30664,0.248005519145633,18__mutated,PertCortex_18_CTAGCCTAGGGATGGG,2.4867499639257375
30665,0.0711452109049235,18__mutated,PertCortex_18_CTCACACAGGAGTAGA,3.219907947620573
30666,0.1884653797209027,18__mutated,PertCortex_18_CTCACACCAGTCTTCC,3.395552383389425
30667,0.09984852804377733,18__mutated,PertCortex_18_CTCACACCAGTGGGAT,3.3496172132543993
30668,0.1309189305008075,18__mutated,PertCortex_18_CTCAGAAAGCGTTCCG,4.189117587694811
30669,0.11154945133710505,18__mutated,PertCortex_18_CTCAGAAAGTCCGTAT,2.6036202092476377
30670,0.03937379752607067,18__mutated,PertCortex_18_CTCAGAACAGTCTTCC,3.661426864664555
30671,0.48391551045487224,18__mutated,PertCortex_18_CTCAGAATCGTTACGA,2.026413005257099
30672,0.13832182875012616,18__mutated,PertCortex_18_CTCATTAAGGACTGGT,3.5740048199005083
30673,0.5966422089743963,18__mutated,PertCortex_18_CTCATTAGTCTGCCAG,2.2144423471205945
30674,0.28757101011489594,18__mutated,PertCortex_18_CTCATTATCACGGTTA,2.136657656370246
30675,0.17913856680583506,18__mutated,PertCortex_18_CTCCTAGAGCGCTTAT,1.1900889843884936
30676,0.24781816356004951,18__mutated,PertCortex_18_CTCCTAGGTCCGAATT,2.6311003944983207
30677,0.15605968821907656,18__mutated,PertCortex_18_CTCCTAGTCCACGTGG,2.7391683075036175
30678,0.0527881902287122,18__mutated,PertCortex_18_CTCGAAACAGGCGATA,3.4736231274963494
30679,0.04894193940703838,18__mutated,PertCortex_18_CTCGAAATCCAAGCCG,3.013034225110875
30680,0.19652310712614432,18__mutated,PertCortex_18_CTCGAGGAGATGGGTC,3.1320142003385847
30681,0.047100410531639256,18__mutated,PertCortex_18_CTCGAGGAGCTAGCCC,3.5692093394740327
30682,0.1567768938770569,18__mutated,PertCortex_18_CTCGGAGAGTATCTCG,2.9935176846996283
30683,0.07060189509905407,18__mutated,PertCortex_18_CTCGGAGAGTTGTCGT,2.974523552278155
30684,0.16907218604345248,18__mutated,PertCortex_18_CTCGGAGCATGAAGTA,2.638698108210123
30685,0.14739753400091282,18__mutated,PertCortex_18_CTCGGGAAGGACCACA,2.9678513880768214
30686,0.09744065275261057,18__mutated,PertCortex_18_CTCGGGATCTGTACGA,4.120841021492676
30687,0.11682164015881194,18__mutated,PertCortex_18_CTCGTACCACATCCAA,4.168877915921448
30688,0.11145063158587655,18__mutated,PertCortex_18_CTCGTCAGTATCTGCA,3.059230453581102
30689,0.1592698104827067,18__mutated,PertCortex_18_CTCTACGAGACTAGGC,4.362869827609014
30690,0.15130577596294134,18__mutated,PertCortex_18_CTCTACGAGCACAGGT,2.9607511108291202
30691,0.3265350445536997,18__mutated,PertCortex_18_CTCTACGAGGTGATTA,1.6047538429224455
30692,0.12920394652756576,18__mutated,PertCortex_18_CTCTACGCAACACCCG,2.465293533099861
30693,0.07822847846917759,18__mutated,PertCortex_18_CTCTACGTCGCCTGTT,3.5480493174170085
30694,0.17214435764697583,18__mutated,PertCortex_18_CTCTGGTAGAGGTTAT,2.98943070158092
30695,0.19483652369332516,18__mutated,PertCortex_18_CTCTGGTAGTGAACGC,3.461057115765681
30696,0.18066132692772424,18__mutated,PertCortex_18_CTCTGGTGTAAGTGGC,2.753731992990936
30697,0.1755001509119527,18__mutated,PertCortex_18_CTCTGGTTCAACGCTA,2.5898797872492776
30698,0.08136514867884995,18__mutated,PertCortex_18_CTGAAACAGGATCGCA,3.4880875055638105
30699,0.10646811230512802,18__mutated,PertCortex_18_CTGAAACAGGCACATG,3.7660120491448765
30700,0.472634249832581,18__mutated,PertCortex_18_CTGAAACCAAGCCCAC,1.8408119176249593
30701,0.17710094232954982,18__mutated,PertCortex_18_CTGAAACGTCGATTGT,2.807763309603516
30702,0.31747927199432535,18__mutated,PertCortex_18_CTGAAACTCCAGGGCT,1.7747139455485152
30703,0.03338872852822838,18__mutated,PertCortex_18_CTGAAACTCTAACGGT,3.7514043707237033
30704,0.5505459726068817,18__mutated,PertCortex_18_CTGAAGTCAACGCACC,1.9318173874552325
30705,0.20763184144263927,18__mutated,PertCortex_18_CTGAAGTCATCACGAT,2.104373738829785
30706,0.05162885443420671,18__mutated,PertCortex_18_CTGAAGTTCCACGTGG,3.7686618007428305
30707,0.09957185097529908,18__mutated,PertCortex_18_CTGATAGGTCTTCAAG,4.827539487313888
30708,0.11466172238376489,18__mutated,PertCortex_18_CTGATAGTCATGTGGT,3.6723162834182186
30709,0.4048574466684637,18__mutated,PertCortex_18_CTGATCCAGCGACGTA,1.930004409776945
30710,0.2530237008280689,18__mutated,PertCortex_18_CTGATCCAGTAATCCC,2.536430740071809
30711,0.05797810710535808,18__mutated,PertCortex_18_CTGATCCCAAAGGAAG,4.001509615123645
30712,0.1459646009863202,18__mutated,PertCortex_18_CTGCCTAAGCACCGCT,2.814357823416629
30713,0.14209590737915476,18__mutated,PertCortex_18_CTGCCTACAGCCAATT,3.2593577182139386
30714,0.20156972513355076,18__mutated,PertCortex_18_CTGCCTACATGGGACA,3.4236300565664104
30715,0.5719313815102148,18__mutated,PertCortex_18_CTGCCTAGTAAACACA,2.059593025114402
30716,0.16127010689373097,18__mutated,PertCortex_18_CTGCCTAGTGCGGTAA,2.5148241603325987
30717,0.31821233833938045,18__mutated,PertCortex_18_CTGCGGACAGAGTGTG,4.5264902366025925
30718,0.1595845466948796,18__mutated,PertCortex_18_CTGCTGTAGCGGCTTC,2.7421211473029103
30719,0.1284165099620501,18__mutated,PertCortex_18_CTGCTGTTCGCTGATA,2.167472342888348
30720,0.20188683380156472,18__mutated,PertCortex_18_CTGGTCTGTTTAAGCC,2.698012663058721
30721,0.2457826162146214,18__mutated,PertCortex_18_CTGTGCTCACAGATTC,1.9244407985432235
30722,0.03317006036462832,18__mutated,PertCortex_18_CTGTGCTTCAATAAGG,3.8525196438549343
30723,0.02070068560706089,18__mutated,PertCortex_18_CTGTTTAAGTAGCCGA,2.5967392944061016
30724,0.10797800554438992,18__mutated,PertCortex_18_CTTAGGAGTATAAACG,2.7691602877114416
30725,0.13425909586853685,18__mutated,PertCortex_18_CTTAGGAGTCTCGTTC,5.1725025544177115
30726,0.0546098194149161,18__mutated,PertCortex_18_CTTAGGATCCTACAGA,2.541260365312728
30727,0.14429567593331008,18__mutated,PertCortex_18_CTTCTCTCAGACAGGT,2.8908356045582027
30728,0.11938468295447169,18__mutated,PertCortex_18_CTTGGCTAGCCAGAAC,2.6048230470934985
30729,0.22063153129383706,18__mutated,PertCortex_18_CTTGGCTCAGACAAGC,2.2785861212294494
30730,0.05528419641417891,18__mutated,PertCortex_18_CTTGGCTCAGACAGGT,4.763082082886958
30731,0.11132936683280778,18__mutated,PertCortex_18_CTTGGCTCATGATCCA,4.539943370165997
30732,0.09724174806423495,18__mutated,PertCortex_18_CTTTGCGAGTCTCCTC,2.912278719460453
30733,0.024171409166836518,18__mutated,PertCortex_18_CTTTGCGCATCCCATC,4.0651270248434495
30734,0.12851283755389642,18__mutated,PertCortex_18_GAAACTCAGACTAGAT,3.0667938252318634
30735,0.023505464243597698,18__mutated,PertCortex_18_GAAACTCCACGTCAGC,4.172867236560027
30736,0.15624447412448214,18__mutated,PertCortex_18_GAAATGAAGCACGCCT,2.669538294959952
30737,0.03376374595899705,18__mutated,PertCortex_18_GAAATGAAGCATCATC,4.812699664570645
30738,0.17574592839881514,18__mutated,PertCortex_18_GAAATGAGTAAAGGAG,2.8565268570427254
30739,0.44747861975851966,18__mutated,PertCortex_18_GAAATGAGTCTCCACT,2.0138375458739035
30740,0.5313682923619545,18__mutated,PertCortex_18_GAACATCCAAATTGCC,2.0373086584381968
30741,0.07877559304821463,18__mutated,PertCortex_18_GAACATCCAAGAAAGG,3.7320686794406406
30742,0.14182989545627836,18__mutated,PertCortex_18_GAACATCCACTAAGTC,2.6021749683500652
30743,0.1712783770483204,18__mutated,PertCortex_18_GAACATCCAGATGAGC,3.486637664667097
30744,0.5010969444158906,18__mutated,PertCortex_18_GAACATCGTACAGTTC,1.623309179874751
30745,0.18396572837284175,18__mutated,PertCortex_18_GAACGGAGTAACGACG,2.6980383675469257
30746,0.17537512084939633,18__mutated,PertCortex_18_GAACGGAGTCCCTTGT,3.430335954571269
30747,0.16022083681410001,18__mutated,PertCortex_18_GAACGGAGTGGCCCTA,2.3180156690281173
30748,0.10342334428554245,18__mutated,PertCortex_18_GAAGCAGGTATCTGCA,3.3201697654527442
30749,0.08814490787125281,18__mutated,PertCortex_18_GAATAAGAGCCAGAAC,4.105746879383532
30750,0.08394276652499721,18__mutated,PertCortex_18_GAATAAGGTACCCAAT,4.504713149950535
30751,0.19405000226531952,18__mutated,PertCortex_18_GAATAAGTCACAATGC,2.864164062723358
30752,0.03591567782124461,18__mutated,PertCortex_18_GAATGAACATGTTGAC,3.5940495950464584
30753,0.15552920631686337,18__mutated,PertCortex_18_GAATGAAGTCCTGCTT,2.7608308402448394
30754,0.4715740292976468,18__mutated,PertCortex_18_GACACGCTCACTATTC,1.798030757289189
30755,0.12283152441894443,18__mutated,PertCortex_18_GACAGAGAGTGTGGCA,3.449973101107752
30756,0.2950481631586465,18__mutated,PertCortex_18_GACAGAGTCCCTAATT,2.16653421409371
30757,0.1396785458924906,18__mutated,PertCortex_18_GACCAATAGATGTTAG,3.25729602557618
30758,0.49674247300156105,18__mutated,PertCortex_18_GACCAATAGCATGGCA,1.8694082959083727
30759,0.18963854317821538,18__mutated,PertCortex_18_GACCAATCATTTGCCC,3.5122864448984528
30760,0.150585183751138,18__mutated,PertCortex_18_GACCAATTCTCCGGTT,4.705876808240549
30761,0.22596235665888684,18__mutated,PertCortex_18_GACCTGGAGTGTCTCA,2.359577540290521
30762,0.36837363448586125,18__mutated,PertCortex_18_GACCTGGCACATGTGT,1.7270009132480277
30763,0.12799103107644472,18__mutated,PertCortex_18_GACCTGGCATGCCCGA,3.2812795621289435
30764,0.18826481945476092,18__mutated,PertCortex_18_GACGCGTAGCGGCTTC,1.9047734265686376
30765,0.1842434505320643,18__mutated,PertCortex_18_GACGCGTGTTCCTCCA,2.985502080545
30766,0.19927901680534207,18__mutated,PertCortex_18_GACGGCTTCTTGCATT,2.1616798806086734
30767,0.07282163968843781,18__mutated,PertCortex_18_GACGTGCAGCGAAGGG,2.4438535044691236
30768,0.3339107102730317,18__mutated,PertCortex_18_GACGTGCAGTCCATAC,2.1549971112468507
30769,0.5085574685044449,18__mutated,PertCortex_18_GACGTGCAGTTCCACA,1.8052127551175423
30770,0.022879213183300662,18__mutated,PertCortex_18_GACGTTAAGCGATAGC,4.329259748981987
30771,0.08460139934515425,18__mutated,PertCortex_18_GACGTTAGTACCTACA,3.5808945983957474
30772,0.08806271949219692,18__mutated,PertCortex_18_GACGTTAGTCGGCACT,2.978523066368278
30773,0.46310907979322946,18__mutated,PertCortex_18_GACGTTAGTGTTTGTG,1.9035702526079994
30774,0.03755354529176361,18__mutated,PertCortex_18_GACTAACAGGGTGTGT,3.6432537443770254
30775,0.06233568599803583,18__mutated,PertCortex_18_GACTAACGTTGAGTTC,4.438339443894773
30776,0.09169987035678952,18__mutated,PertCortex_18_GACTACATCAACGAAA,4.484979009361472
30777,0.05305342084940859,18__mutated,PertCortex_18_GACTACATCAGTCAGT,4.446767258616221
30778,0.30605082498055686,18__mutated,PertCortex_18_GACTGCGAGTTTAGGA,1.932729187297753
30779,0.10400604456469752,18__mutated,PertCortex_18_GACTGCGCAATAGCGG,3.794385558219224
30780,0.3703538626535558,18__mutated,PertCortex_18_GACTGCGTCTGCGTAA,1.1584228500037275
30781,0.17107924576366146,18__mutated,PertCortex_18_GAGGTGAAGAGCCTAG,3.459764695562422
30782,0.004477785040535345,18__mutated,PertCortex_18_GAGGTGAAGGTAAACT,3.234939520599826
30783,0.15111157952563378,18__mutated,PertCortex_18_GAGGTGAGTATATGAG,3.302505401396434
30784,0.24264011364085275,18__mutated,PertCortex_18_GAGGTGAGTGTGGTTT,2.0831720777510356
30785,0.097915247093741,18__mutated,PertCortex_18_GAGGTGATCGTTGCCT,3.4686308261448415
30786,0.15148028065907757,18__mutated,PertCortex_18_GAGTCCGAGGAGTAGA,3.757194100535451
30787,0.07689064848103538,18__mutated,PertCortex_18_GAGTCCGCAGATCCAT,2.9029786013064367
30788,0.14364805024351135,18__mutated,PertCortex_18_GAGTCCGCATCCGTGG,4.360151976685342
30789,0.16317888067950065,18__mutated,PertCortex_18_GAGTCCGGTGTGAATA,3.3560287819422028
30790,0.1683170636692693,18__mutated,PertCortex_18_GATCAGTCAACTGCGC,2.2847668835263093
30791,0.16402750610216782,18__mutated,PertCortex_18_GATCAGTCAGTTCATG,3.8736492606346875
30792,0.11823993576665653,18__mutated,PertCortex_18_GATCAGTGTACCGTTA,4.830018435308634
30793,0.24776180315965649,18__mutated,PertCortex_18_GATCAGTGTCAATGTC,2.133659395112876
30794,0.11483885620634783,18__mutated,PertCortex_18_GATCGATAGCAGCCTC,3.8733453868862435
30795,0.10214929018096894,18__mutated,PertCortex_18_GATCGATAGCCAGGAT,3.1010721261027228
30796,0.33754668747989014,18__mutated,PertCortex_18_GATCGATCAATGGAAT,2.4996107100721203
30797,0.09625336390066662,18__mutated,PertCortex_18_GATCGATTCAACGGCC,3.3745342417989606
30798,0.009096781113861134,18__mutated,PertCortex_18_GATCGATTCGGAAACG,4.436519735410314
30799,0.3150993246896426,18__mutated,PertCortex_18_GATCGCGAGGTCATCT,1.8692660423639935
30800,0.3976964246302122,18__mutated,PertCortex_18_GATCGCGCAGGGTACA,2.3352916928447396
30801,0.15104314352805667,18__mutated,PertCortex_18_GATCGTAAGAGCTATA,2.7945010810887707
30802,0.06256469853258202,18__mutated,PertCortex_18_GATCGTACATCTATGG,3.88790560262076
30803,0.493232332751722,18__mutated,PertCortex_18_GATCGTATCCCTTGCA,1.687264265474236
30804,0.08480809733791288,18__mutated,PertCortex_18_GATCTAGAGTTACGGG,3.349130982904372
30805,0.08602611963829354,18__mutated,PertCortex_18_GATCTAGTCCCATTTA,4.0945870235182635
30806,0.21659697924699517,18__mutated,PertCortex_18_GATGAGGAGTGACTCT,1.8654275393549915
30807,0.02783367477579488,18__mutated,PertCortex_18_GATGAGGCAGGATTGG,3.736920991138663
30808,0.11525668902095472,18__mutated,PertCortex_18_GATGAGGGTTGGTTTG,2.4661951648522606
30809,0.1497468400830732,18__mutated,PertCortex_18_GATGAGGTCCTAGAAC,3.1192772855043414
30810,0.41073786547314406,18__mutated,PertCortex_18_GATGCTACATGGTCTA,1.587719663758413
30811,0.4802111668103752,18__mutated,PertCortex_18_GATTCAGAGGTAAACT,1.678460495703663
30812,0.183260368520197,18__mutated,PertCortex_18_GATTCAGCATCTCGCT,2.403108964696774
30813,0.09284408435332017,18__mutated,PertCortex_18_GATTCAGGTCTGCCAG,2.6016708020483557
30814,0.1059662096394929,18__mutated,PertCortex_18_GATTCAGTCATAAAGG,3.999635807988398
30815,0.13082434486205446,18__mutated,PertCortex_18_GCAAACTGTATAATGG,3.3437933457054267
30816,0.44284466318238985,18__mutated,PertCortex_18_GCAAACTTCATGTCCC,2.1324458547197525
30817,0.04901924999816089,18__mutated,PertCortex_18_GCAAACTTCCTTTCTC,4.068537157158826
30818,0.25714242278346183,18__mutated,PertCortex_18_GCAAACTTCTGGCGAC,2.042261808688063
30819,0.09607019227372413,18__mutated,PertCortex_18_GCAATCACACACATGT,3.21837861716131
30820,0.2602777361494424,18__mutated,PertCortex_18_GCAATCACATGGTTGT,2.0314573180689695
30821,0.041141058491239856,18__mutated,PertCortex_18_GCACTCTCACTAAGTC,3.4219457936094977
30822,0.24422129745929566,18__mutated,PertCortex_18_GCACTCTCATCTGGTA,2.637854078036292
30823,0.12806032455627242,18__mutated,PertCortex_18_GCACTCTGTGATAAAC,4.339436125669665
30824,0.4228688017537814,18__mutated,PertCortex_18_GCAGCCAAGCCACGTC,1.7264849085787337
30825,0.13088928865770225,18__mutated,PertCortex_18_GCAGCCAAGGTGTTAA,2.7929266258483714
30826,0.021967757164680315,18__mutated,PertCortex_18_GCAGCCATCCAGATCA,3.927798349036625
30827,0.05320709341028278,18__mutated,PertCortex_18_GCAGTTATCAGATAAG,3.0152502380054242
30828,0.02350392171531136,18__mutated,PertCortex_18_GCATACAAGGCAATTA,3.789738527969498
30829,0.13320201132515658,18__mutated,PertCortex_18_GCATGATAGTATCGAA,2.547987336989775
30830,0.07167498308632893,18__mutated,PertCortex_18_GCATGATCATGAAGTA,4.070097727792106
30831,0.16445085031524023,18__mutated,PertCortex_18_GCATGATTCACATAGC,3.233128793696189
30832,0.011582724125058397,18__mutated,PertCortex_18_GCATGATTCTGACCTC,4.002819256638373
30833,0.4169342440740856,18__mutated,PertCortex_18_GCATGATTCTTGTTTG,1.699903640292316
30834,0.15809810164270424,18__mutated,PertCortex_18_GCATGCGCAGCAGTTT,2.520478042804283
30835,0.10109117768730959,18__mutated,PertCortex_18_GCATGCGGTCTCTTAT,3.0913415090462957
30836,0.22778753946391905,18__mutated,PertCortex_18_GCATGCGTCTGCTGCT,2.4279482108946207
30837,0.08354213928197667,18__mutated,PertCortex_18_GCATGTAGTACCATCA,3.3410150594110792
30838,0.4183729670664899,18__mutated,PertCortex_18_GCATGTAGTTGGTTTG,2.7297902580413287
30839,0.07219891270053255,18__mutated,PertCortex_18_GCATGTATCATTTGGG,3.4192093440498112
30840,0.2537373841419119,18__mutated,PertCortex_18_GCATGTATCTCTTGAT,1.7206892648942647
30841,0.5189146067549115,18__mutated,PertCortex_18_GCCAAATAGTGAACGC,1.707957428535231
30842,0.11259402782620834,18__mutated,PertCortex_18_GCCAAATCAGGTTTCA,4.524142706221592
30843,0.2857721319905444,18__mutated,PertCortex_18_GCCAAATCATAGGATA,2.0432314060887786
30844,0.21919906042885132,18__mutated,PertCortex_18_GCCAAATCATCCGGGT,4.582166389010391
30845,0.14832302903712727,18__mutated,PertCortex_18_GCCAAATTCGGTGTTA,2.8474701776039106
30846,0.07738752676032032,18__mutated,PertCortex_18_GCCTCTACACGGTGTC,4.312259384764505
30847,0.06334144734337804,18__mutated,PertCortex_18_GCCTCTAGTTCGTGAT,3.2521093494155675
30848,0.06017790975059089,18__mutated,PertCortex_18_GCCTCTATCACAGGCC,3.5536553379249836
30849,0.07551255550642726,18__mutated,PertCortex_18_GCGACCACAGGTCGTC,3.446322662657877
30850,0.17377088204531912,18__mutated,PertCortex_18_GCGAGAAAGCTACCGC,3.3496054637753647
30851,0.2876950592825074,18__mutated,PertCortex_18_GCGAGAACAGTAGAGC,1.6734967564148073
30852,0.1032610091742972,18__mutated,PertCortex_18_GCGCAACGTCCTCCAT,2.5293663665116575
30853,0.10823430146211531,18__mutated,PertCortex_18_GCGCAACTCTGGTTCC,4.335498292138043
30854,0.3546359833591555,18__mutated,PertCortex_18_GCGCAGTGTGTTTGTG,2.408412065585765
30855,0.13510106415257567,18__mutated,PertCortex_18_GCGCCAACATCTCGCT,2.3842424222983
30856,0.46818319937676106,18__mutated,PertCortex_18_GCGCCAAGTCTGGAGA,1.5088760563270953
30857,0.19004968092702687,18__mutated,PertCortex_18_GCGCCAATCGATAGAA,2.1739089760549892
30858,0.06814956166585225,18__mutated,PertCortex_18_GCGCGATTCTCGCTTG,3.2365951433796574
30859,0.1507931296125533,18__mutated,PertCortex_18_GCGGGTTAGTACGCGA,3.1446546433609863
30860,0.13801856486921307,18__mutated,PertCortex_18_GCTCCTATCATGTGGT,5.1201640166116675
30861,0.1724685588194706,18__mutated,PertCortex_18_GCTCTGTAGGAGTCTG,2.7385970869194827
30862,0.16833328471621506,18__mutated,PertCortex_18_GCTCTGTAGGCACATG,2.688442726117024
30863,0.3467588247378375,18__mutated,PertCortex_18_GCTCTGTCAAATACAG,2.629302509631748
30864,0.21335847261278992,18__mutated,PertCortex_18_GCTCTGTCACAGCCCA,2.7531115808786897
30865,0.02231201403915659,18__mutated,PertCortex_18_GCTCTGTCAGCTGGCT,2.3284524683941057
30866,0.21690047314504218,18__mutated,PertCortex_18_GCTCTGTCAGCTGTAT,2.7289420109015383
30867,0.06314734799025049,18__mutated,PertCortex_18_GCTGCAGAGTGCAAGC,2.236872605903072
30868,0.34068616034352056,18__mutated,PertCortex_18_GCTGCAGCATGAGCGA,1.7634188234081356
30869,0.1158046981938061,18__mutated,PertCortex_18_GCTGCAGTCACTTATC,3.3654099820764434
30870,0.2143044762043022,18__mutated,PertCortex_18_GCTGCGACATCTATGG,2.3288738784324425
30871,0.19870946973868403,18__mutated,PertCortex_18_GCTGCGAGTAAGTAGT,2.158945123418714
30872,0.10159955347140617,18__mutated,PertCortex_18_GCTGCGAGTCCTGCTT,5.154108333383874
30873,0.01677984840305917,18__mutated,PertCortex_18_GCTGCTTCACACCGAC,4.150842462390331
30874,0.17170389852897866,18__mutated,PertCortex_18_GCTGCTTCAGTCAGAG,2.4868680662849516
30875,0.09193768374717835,18__mutated,PertCortex_18_GCTGCTTTCTGAGTGT,3.6153170835273096
30876,0.11763413308611477,18__mutated,PertCortex_18_GCTGGGTAGATAGTCA,2.353060347003593
30877,0.14506645169653187,18__mutated,PertCortex_18_GCTGGGTAGTACGCCC,2.59221422824063
30878,0.1157344898389301,18__mutated,PertCortex_18_GCTGGGTCAAGTCTGT,2.709447577917652
30879,0.06372836444636883,18__mutated,PertCortex_18_GCTTGAAAGATCCCGC,4.2598486590213085
30880,0.27845984795045,18__mutated,PertCortex_18_GCTTGAATCGCACTCT,2.1039808595289013
30881,0.23538389441937393,18__mutated,PertCortex_18_GCTTGAATCTGCCCTA,2.1138771254541844
30882,0.3404162704427993,18__mutated,PertCortex_18_GGAAAGCAGGCTAGGT,2.16732625062533
30883,0.3556369556976115,18__mutated,PertCortex_18_GGAAAGCCACATTTCT,1.6807349878769064
30884,0.07088863497601454,18__mutated,PertCortex_18_GGAACTTAGATCCTGT,3.0871520818175564
30885,0.0550549212038606,18__mutated,PertCortex_18_GGAACTTTCGTCGTTC,5.145793752090754
30886,0.19798486075415522,18__mutated,PertCortex_18_GGAATAATCAACTCTT,1.6844201632166922
30887,0.10695467755134597,18__mutated,PertCortex_18_GGACAAGGTTCCGTCT,4.424216713622688
30888,0.5733231094115121,18__mutated,PertCortex_18_GGACAAGGTTCGTGAT,1.4544719622945381
30889,0.12888226636840472,18__mutated,PertCortex_18_GGACAAGTCGGAAACG,3.1011062280051562
30890,0.03400076296084725,18__mutated,PertCortex_18_GGACAGAGTACATCCA,4.524377295316936
30891,0.5362090295488637,18__mutated,PertCortex_18_GGACATTAGACCACGA,1.8097561629465726
30892,0.46058501056949425,18__mutated,PertCortex_18_GGACATTAGATCCCGC,3.194697814383275
30893,0.22744331962621014,18__mutated,PertCortex_18_GGACGTCCAATCACAC,2.563709512277776
30894,0.12159085452847121,18__mutated,PertCortex_18_GGACGTCGTATCTGCA,2.787111438225571
30895,0.34001628973582404,18__mutated,PertCortex_18_GGACGTCTCGAGGTAG,2.832951109567838
30896,0.25074669878927247,18__mutated,PertCortex_18_GGAGCAAAGCCCGAAA,2.0668444693521177
30897,0.09909898103646105,18__mutated,PertCortex_18_GGAGCAACAGGCTCAC,2.5491847666723997
30898,0.14113283016178094,18__mutated,PertCortex_18_GGATGTTAGTGAACGC,2.626006346929552
30899,0.05484955913400711,18__mutated,PertCortex_18_GGATGTTCATTGGTAC,3.184191182331085
30900,0.16960839179649934,18__mutated,PertCortex_18_GGATGTTTCTGCTGCT,2.918219785180905
30901,0.0899689530694781,18__mutated,PertCortex_18_GGATGTTTCTTGAGAC,3.7739796440218285
30902,0.0758144030533619,18__mutated,PertCortex_18_GGATTACTCGTTACAG,3.6159949559839926
30903,0.08017175689476355,18__mutated,PertCortex_18_GGCAATTCATATGGTC,2.8861455737024344
30904,0.20850823599517213,18__mutated,PertCortex_18_GGCAATTGTCGAATCT,1.7730631513000439
30905,0.009638795302601507,18__mutated,PertCortex_18_GGCGACTTCTGATTCT,2.0999484587272907
30906,0.09572700549599769,18__mutated,PertCortex_18_GGCTCGAAGAGGGATA,2.7812089719775397
30907,0.10267276455220371,18__mutated,PertCortex_18_GGCTGGTCAAAGGAAG,4.962881118833044
30908,0.13684638179473851,18__mutated,PertCortex_18_GGCTGGTCAGATTGCT,2.740129450071469
30909,0.28913919028775475,18__mutated,PertCortex_18_GGGACCTCACAGACAG,2.239610234737922
30910,0.07845868132035626,18__mutated,PertCortex_18_GGGACCTTCACGACTA,3.4393220439264076
30911,0.1528867834702658,18__mutated,PertCortex_18_GGGATGAGTCCGACGT,2.226313422744092
30912,0.037728118382090024,18__mutated,PertCortex_18_GGGATGATCCACGTTC,3.45770869303522
30913,0.18185004573846614,18__mutated,PertCortex_18_GGGATGATCTACTCAT,3.757793769981517
30914,0.17248206819698933,18__mutated,PertCortex_18_GGGCACTAGCGACGTA,2.7412516782306477
30915,0.1914174212411279,18__mutated,PertCortex_18_GGGCACTGTTCCATGA,2.727722946914091
30916,0.20237625235066295,18__mutated,PertCortex_18_GGGCATCAGCTATGCT,2.3558392317497403
30917,0.11369939782207414,18__mutated,PertCortex_18_GGGCATCCAGCGTTCG,3.0007624243387556
30918,0.034511903182179844,18__mutated,PertCortex_18_GGGCATCGTCCGAAGA,3.7458615189445137
30919,0.5287706769220325,18__mutated,PertCortex_18_GGGCATCTCCACGACG,2.4944706349322834
30920,0.20494561692745591,18__mutated,PertCortex_18_GGGCATCTCTGTTGAG,2.043315122388757
30921,0.47743430951688237,18__mutated,PertCortex_18_GGGTCTGAGTTGTCGT,1.6789892988015263
30922,0.4354409489693783,18__mutated,PertCortex_18_GGGTCTGGTGATGTCT,1.0040491373109448
30923,0.13944686653546415,18__mutated,PertCortex_18_GGGTCTGTCCACGTGG,2.888168604051295
30924,0.5632779936933088,18__mutated,PertCortex_18_GGGTTGCAGAACAATC,1.996840689717093
30925,0.49816313141135987,18__mutated,PertCortex_18_GGGTTGCAGCCTCGTG,1.7726948163276952
30926,0.08912997383088861,18__mutated,PertCortex_18_GGGTTGCTCCTGTACC,3.3285911148566645
30927,0.08702746734285419,18__mutated,PertCortex_18_GGTATTGCACCTCGTT,3.522734391568158
30928,0.10986088082736224,18__mutated,PertCortex_18_GGTGAAGGTCCGTTAA,4.011338712549121
30929,0.14307850527594956,18__mutated,PertCortex_18_GGTGAAGGTTCCGTCT,3.0914448055552497
30930,0.10941580468691171,18__mutated,PertCortex_18_GGTGAAGTCGGAAACG,3.202650207381067
30931,0.33551576428636287,18__mutated,PertCortex_18_GGTGAAGTCGTCTGAA,2.405308603519626
30932,0.2827743685328068,18__mutated,PertCortex_18_GGTGCGTAGCGTAGTG,2.685338563233143
30933,0.053899985307145376,18__mutated,PertCortex_18_GGTGCGTTCCTAAGTG,2.186589873951393
30934,0.1662013561065068,18__mutated,PertCortex_18_GGTGTTACACATCTTT,4.576082287758987
30935,0.23497784055284784,18__mutated,PertCortex_18_GGTGTTATCAGGCGAA,2.3802292411020636
30936,0.0945709348226456,18__mutated,PertCortex_18_GTAACTGAGCAATCTC,4.409285814018493
30937,0.12170916734413857,18__mutated,PertCortex_18_GTAACTGAGCGTAGTG,5.051080061630308
30938,0.07543562473813073,18__mutated,PertCortex_18_GTACGTAAGCCCTAAT,4.1971011537175125
30939,0.06177081177350471,18__mutated,PertCortex_18_GTACGTACACCTATCC,3.5031969985710267
30940,0.19990354804559637,18__mutated,PertCortex_18_GTACGTAGTAGATTAG,2.1410633410099007
30941,0.24642695863663253,18__mutated,PertCortex_18_GTACTCCAGCCTATGT,2.3587254873627033
30942,0.07860418130256878,18__mutated,PertCortex_18_GTACTCCCACAAGACG,3.4204451637477726
30943,0.27497837829937083,18__mutated,PertCortex_18_GTACTCCGTCAACATC,3.1690193231142767
30944,0.08206160509289094,18__mutated,PertCortex_18_GTACTTTCAATGGAGC,3.243738141222314
30945,0.16622481056277857,18__mutated,PertCortex_18_GTACTTTGTCGCGGTT,4.068796123301801
30946,0.2784397418649707,18__mutated,PertCortex_18_GTACTTTTCAGAGCTT,1.7071567024905367
30947,0.16068144181082206,18__mutated,PertCortex_18_GTACTTTTCCGAGCCA,2.853679589813101
30948,0.43743135333219557,18__mutated,PertCortex_18_GTAGGCCGTATTAGCC,1.9476455467744975
30949,0.05498977743779701,18__mutated,PertCortex_18_GTAGGCCTCGGAAACG,2.913595926721628
30950,0.03754392105287808,18__mutated,PertCortex_18_GTAGTCAAGGCAGTCA,3.907247348224935
30951,0.1244953756924568,18__mutated,PertCortex_18_GTAGTCACACCTATCC,3.2004295642887457
30952,0.22359705187256015,18__mutated,PertCortex_18_GTAGTCAGTATTCTCT,2.2404866631861315
30953,0.18570846043951944,18__mutated,PertCortex_18_GTAGTCATCTCCAGGG,2.9441466724223972
30954,0.4031920547197627,18__mutated,PertCortex_18_GTATCTTCACAAGCCC,3.1407138952524747
30955,0.37779462901196464,18__mutated,PertCortex_18_GTATCTTTCCAAGCCG,1.9159005977356494
30956,0.3969583871577465,18__mutated,PertCortex_18_GTATTCTAGCCCAGCT,2.078245096986192
30957,0.4202798787655355,18__mutated,PertCortex_18_GTATTCTTCGGATGTT,2.274174796175792
30958,0.10657368405295153,18__mutated,PertCortex_18_GTCAAGTCATTGGTAC,3.4984388727699907
30959,0.257684073127086,18__mutated,PertCortex_18_GTCACAAAGATCGGGT,3.013366460953257
30960,0.14921087138193245,18__mutated,PertCortex_18_GTCACAAAGTGGTCCC,3.033682762723961
30961,0.11828200120263295,18__mutated,PertCortex_18_GTCACAACAATTCCTT,4.925315571169599
30962,0.11707194034863895,18__mutated,PertCortex_18_GTCACAATCCGCAAGC,3.4527707893333446
30963,0.09953216078051894,18__mutated,PertCortex_18_GTCACAATCCTATTCA,3.3159056199362835
30964,0.38689799034968686,18__mutated,PertCortex_18_GTCACGGCAGGTCCAC,1.9311646017556927
30965,0.13582979113839508,18__mutated,PertCortex_18_GTCATTTGTCATATGC,3.0076494361457105
30966,0.07984024711544029,18__mutated,PertCortex_18_GTCATTTGTTTACTCT,3.0336883315530647
30967,0.11707741196490279,18__mutated,PertCortex_18_GTCGGGTCACTCGACG,3.3579708196932554
30968,0.457126887704559,18__mutated,PertCortex_18_GTCGGGTGTCGGCTCA,1.7881120607441277
30969,0.516063720501678,18__mutated,PertCortex_18_GTCGGGTTCTTTAGTC,2.591079586702265
30970,0.028745775662264477,18__mutated,PertCortex_18_GTCGTAACAGTCGATT,5.02487529538157
30971,0.11335801397262346,18__mutated,PertCortex_18_GTCTCGTAGACAGAGA,3.2616442500776768
30972,0.11340444779833063,18__mutated,PertCortex_18_GTCTCGTGTCGCTTTC,3.63676101966078
30973,0.23920069990202802,18__mutated,PertCortex_18_GTCTCGTTCTGTCTAT,2.3785590739831557
30974,0.21766372096878078,18__mutated,PertCortex_18_GTCTTCGGTCATCGGC,2.2381887851954825
30975,0.21272016029863547,18__mutated,PertCortex_18_GTCTTCGGTCATGCCG,2.1797224032285807
30976,0.07182646602472514,18__mutated,PertCortex_18_GTGAAGGGTAAGTAGT,3.8498021336451376
30977,0.5844989935219029,18__mutated,PertCortex_18_GTGCAGCCAATGGTCT,2.086896640128857
30978,0.09069235488039055,18__mutated,PertCortex_18_GTGCAGCCACGAAGCA,3.844681593738278
30979,0.2902751654017393,18__mutated,PertCortex_18_GTGCAGCTCGAACGGA,1.8001420859745383
30980,0.11697757470971541,18__mutated,PertCortex_18_GTGCTTCTCCACGCAG,2.4961430036725996
30981,0.11700463434179495,18__mutated,PertCortex_18_GTGCTTCTCCGAAGAG,2.1706769394309813
30982,0.22271505432743458,18__mutated,PertCortex_18_GTGGGTCCATCGATTG,2.92898918074126
30983,0.16121071732951417,18__mutated,PertCortex_18_GTGTGCGGTACAGTGG,1.9747581059436699
30984,0.45473270675893124,18__mutated,PertCortex_18_GTGTGCGTCATTGCGA,1.8461520548296053
30985,0.03491094672356017,18__mutated,PertCortex_18_GTGTGCGTCCGTCAAA,4.283011815839503
30986,0.22701249807094115,18__mutated,PertCortex_18_GTGTTAGAGTAGCGGT,2.4447511560266193
30987,0.18395420186156083,18__mutated,PertCortex_18_GTGTTAGGTTGCTCCT,2.594039763814682
30988,0.2514520636213643,18__mutated,PertCortex_18_GTTAAGCCAATGGAGC,2.0251887167404488
30989,0.11381836362061577,18__mutated,PertCortex_18_GTTACAGGTCGTCTTC,3.1641516513072236
30990,0.11876081963628028,18__mutated,PertCortex_18_GTTACAGGTTTGCATG,2.7911668234543368
30991,0.1371778243176916,18__mutated,PertCortex_18_GTTACAGTCTATCCTA,4.17225776892309
30992,0.18312488326110374,18__mutated,PertCortex_18_GTTCATTAGTGCCATT,2.0709985952624765
30993,0.06985740303632429,18__mutated,PertCortex_18_GTTCATTGTCGTGGCT,3.9627539110027943
30994,0.09145006685851619,18__mutated,PertCortex_18_GTTCATTTCAGCTGGC,3.632558928539755
30995,0.06582219812733214,18__mutated,PertCortex_18_GTTCATTTCATCTGTT,3.586000433436576
30996,0.43246802566327636,18__mutated,PertCortex_18_GTTCGGGAGCGTCTAT,1.7897669387266375
30997,0.040739015048309575,18__mutated,PertCortex_18_GTTCGGGCATGGTAGG,3.2498913154154145
30998,0.2119469496956429,18__mutated,PertCortex_18_GTTCGGGGTGTAATGA,2.3345272088565006
30999,0.19894956348281412,18__mutated,PertCortex_18_GTTCTCGAGCAGCGTA,2.1002393928389136
31000,0.3340248249346552,18__mutated,PertCortex_18_GTTTCTACATCACCCT,2.3633890510505133
31001,0.1290760676711771,18__mutated,PertCortex_18_TAAACCGAGCTGTTCA,1.759934462662443
31002,0.08054253413011109,18__mutated,PertCortex_18_TAAACCGAGGGCTTGA,3.9641043545264094
31003,0.18917505102213325,18__mutated,PertCortex_18_TAAACCGTCTACGAGT,2.898831388938777
31004,0.07142009564090665,18__mutated,PertCortex_18_TAAGAGAGTCTCCACT,3.475723795888699
31005,0.28304086773000076,18__mutated,PertCortex_18_TAAGCGTTCCCTTGCA,1.748420795173622
31006,0.10962099554212304,18__mutated,PertCortex_18_TAAGCGTTCGCAAGCC,3.157799103118476
31007,0.07478544685464798,18__mutated,PertCortex_18_TAAGTGCTCGTCTGAA,3.7055943943483447
31008,0.08789478680700494,18__mutated,PertCortex_18_TACACGAAGGAGCGTT,3.1984393025866926
31009,0.42497798885495025,18__mutated,PertCortex_18_TACACGACAGTATCTG,2.0181633115857602
31010,0.08136394522397024,18__mutated,PertCortex_18_TACACGAGTCTTCAAG,3.2298296589030744
31011,0.03409747980899016,18__mutated,PertCortex_18_TACACGAGTGATGATA,4.23405982011877
31012,0.1125752355559204,18__mutated,PertCortex_18_TACACGATCCAAACTG,2.7931856009316394
31013,0.12010282743356157,18__mutated,PertCortex_18_TACAGTGCATCGACGC,3.245050977206268
31014,0.17021049349932493,18__mutated,PertCortex_18_TACAGTGGTTCCCTTG,3.0764203710306064
31015,0.5250022353808417,18__mutated,PertCortex_18_TACAGTGTCGCCTGAG,1.6958646988538364
31016,0.27059472794291173,18__mutated,PertCortex_18_TACCTATAGGGATGGG,1.5614764926265412
31017,0.10302527261541135,18__mutated,PertCortex_18_TACCTATAGTTAGCGG,2.8073760151144627
31018,0.12703680598678446,18__mutated,PertCortex_18_TACCTATCATACTACG,2.5613193271032917
31019,0.22936560130239378,18__mutated,PertCortex_18_TACCTATGTCAACTGT,2.3156678609401014
31020,0.12966158603055225,18__mutated,PertCortex_18_TACCTATGTGACCAAG,4.071627224108683
31021,0.12742070520523405,18__mutated,PertCortex_18_TACCTATTCCAAATGC,3.8315484780164035
31022,0.15257190405614568,18__mutated,PertCortex_18_TACCTTAAGCCGATTT,2.730047328607161
31023,0.015154787350452559,18__mutated,PertCortex_18_TACCTTATCGAACTGT,2.54787995604174
31024,0.3424324334664101,18__mutated,PertCortex_18_TACGGATAGAGTAATC,1.551881782623149
31025,0.1156776462683077,18__mutated,PertCortex_18_TACGGATAGTACACCT,2.964581317430084
31026,0.2996991270944756,18__mutated,PertCortex_18_TACGGATTCGAATCCA,2.9788415500796313
31027,0.10609634541205103,18__mutated,PertCortex_18_TACGGATTCTGCCCTA,3.8908024569882937
31028,0.11273178122526963,18__mutated,PertCortex_18_TACGGGCCAATGACCT,3.7357861626457054
31029,0.42252031376439164,18__mutated,PertCortex_18_TACGGGCCAGGGTATG,1.9562293012057275
31030,0.18072445868532402,18__mutated,PertCortex_18_TACGGGCCATCGGTTA,2.2624682110384593
31031,0.14635119256563245,18__mutated,PertCortex_18_TACGGGCGTGATGTGG,4.086089189064567
31032,0.23562011649384287,18__mutated,PertCortex_18_TACGGTAAGACCGGAT,2.073577638831981
31033,0.08160440045719869,18__mutated,PertCortex_18_TACGGTAGTAGCGATG,3.9772241683456024
31034,0.435798105625681,18__mutated,PertCortex_18_TACGGTATCCTTTCTC,2.6014648102093845
31035,0.13944433400416067,18__mutated,PertCortex_18_TACTCGCAGGTTCCTA,3.398934780259766
31036,0.24136112925385664,18__mutated,PertCortex_18_TACTCGCTCGCGTAGC,2.168512773113135
31037,0.18089828091384116,18__mutated,PertCortex_18_TACTCGCTCTGCTGTC,2.1606017403546223
31038,0.5370987747358932,18__mutated,PertCortex_18_TACTTACCAGAGTGTG,1.6827431381749856
31039,0.5624546304885852,18__mutated,PertCortex_18_TAGACCAAGCGATGAC,2.265083131557303
31040,0.12497665333863141,18__mutated,PertCortex_18_TAGACCAAGGCATGGT,3.7797051462898126
31041,0.5169220941537896,18__mutated,PertCortex_18_TAGACCATCTTCATGT,1.6984776629549065
31042,0.16763016099044012,18__mutated,PertCortex_18_TAGAGCTCACTCGACG,3.734841539457746
31043,0.2523404017592386,18__mutated,PertCortex_18_TAGAGCTGTTCCAACA,2.4921013238064558
31044,0.13005986951561235,18__mutated,PertCortex_18_TAGAGCTTCCTTTACA,3.640640233167786
31045,0.03576803581436465,18__mutated,PertCortex_18_TAGCCGGTCATTGCGA,2.9461447969178347
31046,0.3415004701984868,18__mutated,PertCortex_18_TAGCCGGTCGAGCCCA,1.7449208423974125
31047,0.45459811723701427,18__mutated,PertCortex_18_TAGCCGGTCTTCATGT,1.9703398196205701
31048,0.1612742371586771,18__mutated,PertCortex_18_TAGGCATGTAGAGCTG,3.0067086131442675
31049,0.3477520209659587,18__mutated,PertCortex_18_TAGTTGGAGTTATCGC,1.8352263752625626
31050,0.05780295708014693,18__mutated,PertCortex_18_TAGTTGGCAAACCTAC,3.7910616551132073
31051,0.28850309056702783,18__mutated,PertCortex_18_TAGTTGGGTCACCCAG,1.8127855729894904
31052,0.4708494216767368,18__mutated,PertCortex_18_TAGTTGGTCCGTCAAA,1.8102272306490004
31053,0.07882204673417878,18__mutated,PertCortex_18_TATCAGGCATAACCTG,3.761749049953278
31054,0.16274143766658833,18__mutated,PertCortex_18_TATCAGGGTACAGTTC,2.641762171196787
31055,0.08238756466544579,18__mutated,PertCortex_18_TATCTCAGTCCTCCAT,4.2903637066331575
31056,0.07888605115326051,18__mutated,PertCortex_18_TATCTCAGTGGTTTCA,5.2187492612976145
31057,0.15742414641878746,18__mutated,PertCortex_18_TATGCCCAGATGAGAG,2.867956689104109
31058,0.5354494844365978,18__mutated,PertCortex_18_TATGCCCCATCACAAC,1.8110980208945975
31059,0.2994660364873564,18__mutated,PertCortex_18_TATGCCCGTAGCGTGA,1.2230456285056475
31060,0.10126761261431978,18__mutated,PertCortex_18_TATTACCAGAATAGGG,4.255972953888971
31061,0.3140776382147447,18__mutated,PertCortex_18_TATTACCCAGTCTTCC,1.6830958212003884
31062,0.015857767281533614,18__mutated,PertCortex_18_TCAACGAAGTGGAGTC,4.477912244906634
31063,0.49815656263895586,18__mutated,PertCortex_18_TCAATCTCATAGTAAG,2.1928737696874245
31064,0.007932959420980585,18__mutated,PertCortex_18_TCAATCTGTTCCCGAG,3.7303247267574
31065,0.3221215148905212,18__mutated,PertCortex_18_TCAATCTTCGCTTGTC,1.6920349040626792
31066,0.2013512665305753,18__mutated,PertCortex_18_TCACAAGCATTCTTAC,2.3865308580967795
31067,0.051668565478769225,18__mutated,PertCortex_18_TCACAAGTCTTGCCGT,3.4925464750120763
31068,0.16020962192812194,18__mutated,PertCortex_18_TCACGAAAGGAGTTGC,3.6413756354240294
31069,0.12790290157757334,18__mutated,PertCortex_18_TCACGAAAGTATCGAA,3.9925311355057573
31070,0.04912735231144041,18__mutated,PertCortex_18_TCAGATGAGAGCCCAA,2.5714332219504996
31071,0.2990562879141327,18__mutated,PertCortex_18_TCAGATGGTAGTACCT,2.6559562374874814
31072,0.4601335840538077,18__mutated,PertCortex_18_TCAGATGGTCCAGTAT,1.227649680463862
31073,0.08669401529019895,18__mutated,PertCortex_18_TCAGCAACATGCATGT,3.2625944201320953
31074,0.3306599989970171,18__mutated,PertCortex_18_TCAGCAAGTTTGCATG,2.3420049462110284
31075,0.25348120134617513,18__mutated,PertCortex_18_TCAGCAATCGACGGAA,2.2921428148088046
31076,0.1782736202474849,18__mutated,PertCortex_18_TCAGCTCCACTTGGAT,3.5042736647586716
31077,0.14242894470466747,18__mutated,PertCortex_18_TCAGCTCGTATAATGG,2.0107113263589405
31078,0.0731493552510827,18__mutated,PertCortex_18_TCAGGATGTAAGAGGA,3.815475447696483
31079,0.44680110648243454,18__mutated,PertCortex_18_TCAGGATGTTAAGTAG,2.452734368941887
31080,0.24722262060884542,18__mutated,PertCortex_18_TCAGGTATCATTTGGG,2.146057743546305
31081,0.2720114733910958,18__mutated,PertCortex_18_TCAGGTATCGGAAACG,2.2006598107175455
31082,0.09398916039776717,18__mutated,PertCortex_18_TCATTACAGTCGTACT,3.491191564373553
31083,0.13647373832427145,18__mutated,PertCortex_18_TCATTACCAATTGCTG,2.353718976629336
31084,0.13797025192071807,18__mutated,PertCortex_18_TCATTACGTCGCATCG,3.0396887119680454
31085,0.12748040339800668,18__mutated,PertCortex_18_TCATTACTCGAGCCCA,4.223358146334999
31086,0.4123066176224309,18__mutated,PertCortex_18_TCATTTGCAGGGTTAG,1.9616207079136447
31087,0.2668560119344082,18__mutated,PertCortex_18_TCATTTGGTGTAATGA,2.447656237802188
31088,0.0656268510112524,18__mutated,PertCortex_18_TCATTTGTCAGTGCAT,3.6934714396136585
31089,0.1605436376664984,18__mutated,PertCortex_18_TCCACACTCCACGCAG,2.6526786497850336
31090,0.4789151807593647,18__mutated,PertCortex_18_TCCCGATGTAGCTAAA,1.941028240216288
31091,0.12598595346080907,18__mutated,PertCortex_18_TCGAGGCAGCCATCGC,4.4296009554642914
31092,0.49800464210725176,18__mutated,PertCortex_18_TCGAGGCCAAGGGTCA,1.6679240739877146
31093,0.08952060594803801,18__mutated,PertCortex_18_TCGAGGCGTAAATACG,4.096619483622997
31094,0.5144727816881017,18__mutated,PertCortex_18_TCGCGAGAGCAACGGT,1.8297833285691554
31095,0.4752178151331462,18__mutated,PertCortex_18_TCGCGAGGTGATAAGT,2.0103287369384635
31096,0.07809550850060845,18__mutated,PertCortex_18_TCGCGTTGTCGACTGC,3.2593032334136214
31097,0.03878349024173016,18__mutated,PertCortex_18_TCGCGTTTCAAGGCTT,3.9434605255770756
31098,0.2313306436119371,18__mutated,PertCortex_18_TCGCGTTTCGTTACGA,2.5034260947813647
31099,0.4602163327411341,18__mutated,PertCortex_18_TCGGGACGTATGAATG,1.8723403202178437
31100,0.06589474628179073,18__mutated,PertCortex_18_TCGGGACTCACCAGGC,2.5227202848271175
31101,0.12908862116328335,18__mutated,PertCortex_18_TCGGGACTCCTTTACA,4.303998589126499
31102,0.17275829887500874,18__mutated,PertCortex_18_TCGGTAAAGCGATCCC,4.155295580096395
31103,0.1954421456990044,18__mutated,PertCortex_18_TCGGTAACACCACGTG,3.6909850082694518
31104,0.12129573362008789,18__mutated,PertCortex_18_TCGGTAACAGCTTCGG,2.6379854697294305
31105,0.2265380189714349,18__mutated,PertCortex_18_TCGTACCAGCTTTGGT,3.526559102700662
31106,0.2291856610265372,18__mutated,PertCortex_18_TCGTACCTCTGTCCGT,2.015919320195993
31107,0.4903236907651799,18__mutated,PertCortex_18_TCTATTGAGCTAGGCA,1.763634991577278
31108,0.4040028025502833,18__mutated,PertCortex_18_TCTATTGCAGTCGTGC,1.3208749439944347
31109,0.4060084777254092,18__mutated,PertCortex_18_TCTATTGGTGCACGAA,1.73021378674219
31110,0.6129184791019461,18__mutated,PertCortex_18_TCTCATAGTGCATCTA,2.146043711621487
31111,0.1135358435377059,18__mutated,PertCortex_18_TCTCATATCTGTCAAG,4.097168152607938
31112,0.09780872762077322,18__mutated,PertCortex_18_TCTCTAAGTGTCAATC,4.370196542078533
31113,0.07961656316039815,18__mutated,PertCortex_18_TCTGAGATCAGGCAAG,4.827616675409798
31114,0.09233660027698623,18__mutated,PertCortex_18_TCTGAGATCATTTGGG,3.9550024888283124
31115,0.10566633036830858,18__mutated,PertCortex_18_TCTGAGATCTGGCGTG,4.230454633237406
31116,0.08416877710705307,18__mutated,PertCortex_18_TCTGGAACACAAGCCC,4.049824931001827
31117,0.5193731657376306,18__mutated,PertCortex_18_TCTGGAAGTGTTGGGA,1.6192446570318688
31118,0.05939604399944237,18__mutated,PertCortex_18_TCTTCGGCAGCCTGTG,3.4974286388585267
31119,0.37022328806809235,18__mutated,PertCortex_18_TCTTTCCTCGGAGCAA,1.9295536130737492
31120,0.12722485636318603,18__mutated,PertCortex_18_TGAAAGACATCGATGT,2.8763643932928926
31121,0.24844261848254295,18__mutated,PertCortex_18_TGAAAGAGTCTAGCCG,3.2502900899601035
31122,0.25090594407766736,18__mutated,PertCortex_18_TGAAAGAGTCTAGTGT,1.4722091862376965
31123,0.13861145873847042,18__mutated,PertCortex_18_TGACAACAGAAAGTGG,3.678887222078801
31124,0.42311477864141134,18__mutated,PertCortex_18_TGACAACAGATAGCAT,2.1068743752478083
31125,0.471806578202921,18__mutated,PertCortex_18_TGACAACCACATGACT,1.8068896441363345
31126,0.0937170716229316,18__mutated,PertCortex_18_TGACAACCATCGGGTC,1.6148292312203472
31127,0.13901908090562218,18__mutated,PertCortex_18_TGACGGCAGCTGTTCA,5.0713966694179105
31128,0.17733442807738023,18__mutated,PertCortex_18_TGACTAGCAAGCCGCT,4.0505906905850075
31129,0.18095322329194571,18__mutated,PertCortex_18_TGACTAGGTCGCATAT,3.3648553809382067
31130,0.5327869619666961,18__mutated,PertCortex_18_TGACTTTAGGCTAGAC,1.625838162211508
31131,0.465797388288056,18__mutated,PertCortex_18_TGAGAGGAGTGGAGAA,2.609230711862422
31132,0.10413757216106324,18__mutated,PertCortex_18_TGAGAGGCACTTACGA,4.334266454661596
31133,0.24325664519697954,18__mutated,PertCortex_18_TGAGAGGTCCCTTGTG,1.7304844106994475
31134,0.05331675780023266,18__mutated,PertCortex_18_TGAGAGGTCCGCGCAA,3.564059536705792
31135,0.1564642472666355,18__mutated,PertCortex_18_TGAGAGGTCGAGAGCA,2.7216176176078744
31136,0.3199454152138621,18__mutated,PertCortex_18_TGAGCATAGATGCCAG,2.2490406390130784
31137,0.10674076938082545,18__mutated,PertCortex_18_TGAGCATAGCGTTCCG,3.5506884290648464
31138,0.12155174746988606,18__mutated,PertCortex_18_TGAGCATCATGAGCGA,4.642411069484332
31139,0.11043691360618055,18__mutated,PertCortex_18_TGAGCATTCGTCGTTC,3.7425378057019927
31140,0.41694565999224203,18__mutated,PertCortex_18_TGAGCCGAGGGAAACA,2.128238688755181
31141,0.19177796562476673,18__mutated,PertCortex_18_TGAGGGATCTTCGGTC,3.3462307310970183
31142,0.2934154143333149,18__mutated,PertCortex_18_TGATTTCGTACTTCTT,2.213749710863873
31143,0.17911367460214692,18__mutated,PertCortex_18_TGATTTCGTTTAGGAA,3.5011844275002426
31144,0.44737391907359997,18__mutated,PertCortex_18_TGATTTCTCGTAGATC,1.7863609865397243
31145,0.3167856421071259,18__mutated,PertCortex_18_TGCACCTAGACCACGA,1.9565913606919658
31146,0.37995334244564744,18__mutated,PertCortex_18_TGCACCTAGCTTTGGT,2.323163622681395
31147,0.06471212979538789,18__mutated,PertCortex_18_TGCACCTTCAGAGGTG,4.361980317708431
31148,0.14437900600710338,18__mutated,PertCortex_18_TGCCAAATCTGAAAGA,3.066295035544321
31149,0.2001344116462556,18__mutated,PertCortex_18_TGCCCATGTAGCAAAT,2.527672630499554
31150,0.34718467231950134,18__mutated,PertCortex_18_TGCCCATTCCAAACTG,2.231772917355193
31151,0.24599926612705017,18__mutated,PertCortex_18_TGCCCATTCTCCAACC,2.40881996495813
31152,0.14056416551262402,18__mutated,PertCortex_18_TGCCCTAAGACGCACA,2.3403481533334545
31153,0.20852814644655746,18__mutated,PertCortex_18_TGCGCAGAGAAGGACA,3.6942880603023176
31154,0.26283694962060894,18__mutated,PertCortex_18_TGCGCAGAGCTAGTTC,2.3899813106175847
31155,0.17209551848873708,18__mutated,PertCortex_18_TGCGGGTGTAACGTTC,3.4097418544658913
31156,0.3767962509650563,18__mutated,PertCortex_18_TGCGGGTGTACAGCAG,1.9975226895340603
31157,0.10716988121642,18__mutated,PertCortex_18_TGCGGGTGTACCGGCT,4.560793616726717
31158,0.30152288603184524,18__mutated,PertCortex_18_TGCGTGGCACGGTGTC,1.8932066309399993
31159,0.23844968299140004,18__mutated,PertCortex_18_TGCGTGGGTCTACCTC,3.216569474285045
31160,0.2730285136463588,18__mutated,PertCortex_18_TGCGTGGTCCCATTTA,1.1554116740789495
31161,0.1852093293105436,18__mutated,PertCortex_18_TGCTACCAGTGTACTC,3.1745806662025142
31162,0.3097582102314474,18__mutated,PertCortex_18_TGCTACCTCATCGCTC,1.9992651523992935
31163,0.154077420206215,18__mutated,PertCortex_18_TGCTGCTGTTTGACTG,3.690979317755928
31164,0.29107683105266824,18__mutated,PertCortex_18_TGCTGCTTCAACTCTT,2.279760967587028
31165,0.07334893583794237,18__mutated,PertCortex_18_TGCTGCTTCTCCCTGA,3.70599331070066
31166,0.5994431213663368,18__mutated,PertCortex_18_TGGACGCAGATATACG,1.8696489917087171
31167,0.2985022255094767,18__mutated,PertCortex_18_TGGACGCAGGAGCGAG,1.9818834191518313
31168,0.31306976036312906,18__mutated,PertCortex_18_TGGACGCCATATGAGA,1.8553555204422632
31169,0.11990295258759565,18__mutated,PertCortex_18_TGGACGCGTGCCTGTG,2.544332507283016
31170,0.2160207828195043,18__mutated,PertCortex_18_TGGCCAGAGCTGGAAC,3.7718455860831948
31171,0.2643190871673221,18__mutated,PertCortex_18_TGGCCAGGTTGGTGGA,3.035001794916805
31172,0.15987929807009518,18__mutated,PertCortex_18_TGGCCAGTCCACTCCA,3.7836266960647444
31173,0.24165158711702703,18__mutated,PertCortex_18_TGGCGCACACAGCCCA,1.869907223109998
31174,0.44053107900557525,18__mutated,PertCortex_18_TGGCGCAGTAGAGGAA,1.6432650205657187
31175,0.09892195833275771,18__mutated,PertCortex_18_TGGCGCATCAGCACAT,3.6610098403008395
31176,0.2208972018887846,18__mutated,PertCortex_18_TGGCTGGAGCTAGTCT,2.586608622099543
31177,0.08457233699963644,18__mutated,PertCortex_18_TGGCTGGCAATGACCT,3.293676658847733
31178,0.09162380427776966,18__mutated,PertCortex_18_TGGCTGGGTCTACCTC,4.155888772665004
31179,0.13104296756405392,18__mutated,PertCortex_18_TGGCTGGTCTAACTCT,3.7788235517529425
31180,0.21755299372925585,18__mutated,PertCortex_18_TGGGCGTAGCACGCCT,2.520695504962022
31181,0.5577320945389618,18__mutated,PertCortex_18_TGGTTAGAGGCTAGAC,1.9634001471989386
31182,0.16137618581654437,18__mutated,PertCortex_18_TGGTTAGCAAGCGAGT,2.472677414682553
31183,0.456090968116211,18__mutated,PertCortex_18_TGGTTAGCACTATCTT,1.9363855051316854
31184,0.09662873946867341,18__mutated,PertCortex_18_TGGTTAGCATTACGAC,3.995552470222326
31185,0.0911236122497475,18__mutated,PertCortex_18_TGGTTAGGTATTAGCC,3.2542538498742495
31186,0.3898119209259486,18__mutated,PertCortex_18_TGGTTAGGTTCCGTCT,2.541263451851119
31187,0.06272727298065342,18__mutated,PertCortex_18_TGGTTAGTCACGACTA,3.460158991599823
31188,0.11403905923817839,18__mutated,PertCortex_18_TGTATTCAGGAGTTTA,3.286565720226884
31189,0.16489701106085516,18__mutated,PertCortex_18_TGTATTCAGTCATCCA,3.2403406096477867
31190,0.307460950030444,18__mutated,PertCortex_18_TGTATTCGTCGAACAG,2.0196937906727315
31191,0.11971538341660808,18__mutated,PertCortex_18_TGTCCCACACACGCTG,1.730594750009738
31192,0.3722670851811144,18__mutated,PertCortex_18_TGTGGTACACCATGTA,1.5744091917313028
31193,0.47777942353269987,18__mutated,PertCortex_18_TGTGTTTCAACTTGAC,1.9087311460828882
31194,0.05319200100604826,18__mutated,PertCortex_18_TGTGTTTCACGGCTAC,3.278908490964142
31195,0.1111290310411852,18__mutated,PertCortex_18_TGTTCCGCACCACGTG,3.5491544883128565
31196,0.17171478036020252,18__mutated,PertCortex_18_TGTTCCGTCAGAGCTT,3.459326023899437
31197,0.22996942176259327,18__mutated,PertCortex_18_TTAACTCAGTAATCCC,2.672269509769232
31198,0.4882730367764067,18__mutated,PertCortex_18_TTAACTCGTTGTCTTT,1.6693019549074428
31199,0.1149769458860909,18__mutated,PertCortex_18_TTAGGACTCCGCAAGC,3.5744613249676553
31200,0.06999868194653787,18__mutated,PertCortex_18_TTAGGACTCTGCCAGG,3.668164863783495
31201,0.12327744783779591,18__mutated,PertCortex_18_TTAGGCATCGCCCTTA,4.036828821463397
31202,0.11735293010085013,18__mutated,PertCortex_18_TTAGTTCAGGAATTAC,3.1251071950053766
31203,0.4977774979450638,18__mutated,PertCortex_18_TTAGTTCGTTCGCGAC,2.4749796464446217
31204,0.07692200362270679,18__mutated,PertCortex_18_TTAGTTCTCCTGTACC,3.791193028172141
31205,0.344030321531904,18__mutated,PertCortex_18_TTAGTTCTCTCCCTGA,3.327816811082122
31206,0.25144653336751316,18__mutated,PertCortex_18_TTATGCTGTAGCACGA,2.2461074713685103
31207,0.5165207273892485,18__mutated,PertCortex_18_TTATGCTGTGGCTCCA,1.7332698236811137
31208,0.20961739111155797,18__mutated,PertCortex_18_TTATGCTTCGGTCTAA,3.4959440285927847
31209,0.38614590163774015,18__mutated,PertCortex_18_TTCCCAGAGCTGAACG,2.1827590692537253
31210,0.5351627071696656,18__mutated,PertCortex_18_TTCCCAGCATGGTAGG,1.3524558588164508
31211,0.08857954299727669,18__mutated,PertCortex_18_TTCCCAGGTCGGCACT,3.5380225777959766
31212,0.06607170181082705,18__mutated,PertCortex_18_TTCGAAGGTGTGAAAT,3.118638922542097
31213,0.38025214346726366,18__mutated,PertCortex_18_TTCGAAGGTTCGGCAC,1.9882924371657267
31214,0.09892593543544241,18__mutated,PertCortex_18_TTCGAAGTCGGAAACG,4.447803702191747
31215,0.4912859938106355,18__mutated,PertCortex_18_TTCGGTCAGGCCGAAT,1.6333874492995697
31216,0.34929726760590935,18__mutated,PertCortex_18_TTCGGTCGTGGTTTCA,1.4340491393806825
31217,0.32212988577267626,18__mutated,PertCortex_18_TTCGGTCTCGATCCCT,3.7049299912788802
31218,0.15563880434362176,18__mutated,PertCortex_18_TTCTACAGTATCAGTC,3.3884945695149065
31219,0.06559697989660275,18__mutated,PertCortex_18_TTCTACAGTCATCCCT,4.264853141773387
31220,0.08393171683157345,18__mutated,PertCortex_18_TTCTCAAAGAGTTGGC,3.2700296889424347
31221,0.20978066234648227,18__mutated,PertCortex_18_TTCTCAAAGATAGCAT,4.549563568186609
31222,0.1130588867493892,18__mutated,PertCortex_18_TTCTCAAGTACATGTC,3.886400067251282
31223,0.5293092261250332,18__mutated,PertCortex_18_TTCTCAAGTTCATGGT,2.421166565881302
31224,0.1203636012718952,18__mutated,PertCortex_18_TTCTCAATCTTGACGA,3.627654862832596
31225,0.26934614486365543,18__mutated,PertCortex_18_TTCTCAATCTTGCCGT,2.009991390362442
31226,0.1177313525177224,18__mutated,PertCortex_18_TTCTCCTGTCGCGTGT,2.6911398622854548
31227,0.04007297099107426,18__mutated,PertCortex_18_TTCTCCTGTGAGTGAC,3.6903900509874386
31228,0.11412760848728301,18__mutated,PertCortex_18_TTCTCCTGTGGCTCCA,3.2392544217656005
31229,0.05951402751669232,18__mutated,PertCortex_18_TTCTTAGAGCCCAATT,3.929813451348812
31230,0.23966952558676105,18__mutated,PertCortex_18_TTCTTAGAGGTAGCCA,3.054952275122668
31231,0.5249419311055287,18__mutated,PertCortex_18_TTGCGTCAGGCAGGTT,1.6045438180685123
31232,0.1524461517975042,18__mutated,PertCortex_18_TTGCGTCGTGGACGAT,3.1354306192289103
31233,0.05602826434926343,18__mutated,PertCortex_18_TTGGAACCAAGTTAAG,5.46122411902014
31234,0.4296047708618202,18__mutated,PertCortex_18_TTGGAACCAGAAGCAC,2.1149012965183713
31235,0.09856863116365472,18__mutated,PertCortex_18_TTGGAACGTTAAGACA,4.65292777038712
31236,0.5989591590446955,18__mutated,PertCortex_18_TTGGAACTCTGGCGAC,2.021318091594192
31237,0.6624064470068839,18__mutated,PertCortex_18_TTGGCAAGTCCGACGT,1.8116208261419453
31238,0.4130056366287287,18__mutated,PertCortex_18_TTTACTGAGCATCATC,1.8373712040843029
31239,0.08589761970596856,18__mutated,PertCortex_18_TTTACTGAGCCCAATT,2.572322911274039
31240,0.12210230784815848,18__mutated,PertCortex_18_TTTATGCAGTGTACCT,3.445962457321253
31241,0.5443311553544617,18__mutated,PertCortex_18_TTTATGCCAACCGCCA,1.3719278803761819
31242,0.13620000226206416,18__mutated,PertCortex_18_TTTATGCCATCAGTCA,4.31681352073012
31243,0.10516311419953475,18__mutated,PertCortex_18_TTTATGCGTATCGCAT,3.6126465917114845
31244,0.14775409799601616,18__mutated,PertCortex_18_TTTATGCGTTATTCTC,3.1987638510823917
31245,0.23591875267063878,18__mutated,PertCortex_18_TTTCCTCCAGGTGGAT,1.9612160488109902
31246,0.2670756352904963,18__mutated,PertCortex_18_TTTGCGCAGCTAGCCC,2.0221448764658194
31247,0.04797577287910118,18__mutated,PertCortex_18_TTTGCGCTCATATCGG,3.325965968201392
31248,0.15785168362654364,18__mutated,PertCortex_18_TTTGGTTAGCTCTCGG,3.1816888078736207
31249,0.23098011693914056,18__mutated,PertCortex_18_TTTGGTTGTACTTAGC,2.3364071134332978
31250,0.30313224056939614,18__mutated,PertCortex_18_TTTGGTTGTTCAACCA,1.984228882774855
31251,0.47909196828557027,18__mutated,PertCortex_18_TTTGGTTGTTCTGTTT,1.1218348353159158
31252,0.4598759652512724,18__mutated,PertCortex_18_TTTGTCACAAGCGCTC,2.0058331853595908
31253,0.0474428436919636,18__mutated,PertCortex_18_TTTGTCAGTGAAGGCT,3.4740335100528235
31254,0.057304693206606375,1__nan,PertCortex_1_AAACCTGCAAAGCAAT,3.9449615008151806
31255,0.18442269129460842,1__nan,PertCortex_1_AAACCTGCAGTTCCCT,2.2061789888933845
31256,0.5281518305795315,1__nan,PertCortex_1_AAACCTGGTTACCGAT,1.8276662910827448
31257,0.5972350913085078,1__nan,PertCortex_1_AAACGGGGTAAGAGAG,1.858483924054933
31258,0.11946136965095437,1__nan,PertCortex_1_AAAGATGGTTGGTTTG,3.83629606191954
31259,0.2590678312171824,1__nan,PertCortex_1_AAAGCAATCACCCGAG,2.5218204204139396
31260,0.46916409856132446,1__nan,PertCortex_1_AAAGTAGAGTGATCGG,2.0915940404902784
31261,0.21577559575159244,1__nan,PertCortex_1_AAAGTAGCATGGAATA,3.1730173725094653
31262,0.07817248684852045,1__nan,PertCortex_1_AAAGTAGTCGCAGGCT,4.094777916715066
31263,0.06424579188490272,1__nan,PertCortex_1_AAAGTAGTCTTGCAAG,3.687204124057405
31264,0.2018886317958554,1__nan,PertCortex_1_AACACGTTCCGTCAAA,2.8819642497009146
31265,0.09871522606395386,1__nan,PertCortex_1_AACACGTTCCTGTAGA,3.924473212039334
31266,0.3352294920202465,1__nan,PertCortex_1_AACCATGAGCTCAACT,1.8783333953362236
31267,0.17487984039930746,1__nan,PertCortex_1_AACCATGAGGGCTTCC,2.9406241870446563
31268,0.19629309626990718,1__nan,PertCortex_1_AACCATGAGGTAAACT,3.8078680764722215
31269,0.3519976909955279,1__nan,PertCortex_1_AACCATGGTTACGTCA,2.452281603685152
31270,0.31785644525764595,1__nan,PertCortex_1_AACCATGTCAAAGTAG,2.0545124517324203
31271,0.06796969065303039,1__nan,PertCortex_1_AACCGCGAGGCGATAC,3.6562345304482604
31272,0.2725230671493944,1__nan,PertCortex_1_AACCGCGAGTACACCT,1.829259649317713
31273,0.17839244937791424,1__nan,PertCortex_1_AACCGCGGTATTAGCC,3.3886759974340452
31274,0.5392304988477747,1__nan,PertCortex_1_AACCGCGGTCACAAGG,1.3942842775287823
31275,0.17927614135067674,1__nan,PertCortex_1_AACGTTGAGGTGGGTT,2.792875442678981
31276,0.217837968639957,1__nan,PertCortex_1_AACGTTGAGTTAAGTG,3.67675879646726
31277,0.13027949386351936,1__nan,PertCortex_1_AACGTTGGTAGCTCCG,3.6364883379337947
31278,0.034543147883127484,1__nan,PertCortex_1_AACGTTGGTTTAAGCC,4.404253441151211
31279,0.40995510145875735,1__nan,PertCortex_1_AACTCAGAGATCACGG,1.8219691374864453
31280,0.24782938079268924,1__nan,PertCortex_1_AACTCCCGTCGCTTCT,2.484793152899725
31281,0.1637307907905293,1__nan,PertCortex_1_AACTCCCTCGATAGAA,3.904981268901244
31282,0.20125638769125187,1__nan,PertCortex_1_AACTCTTAGCTGCCCA,1.515316748240119
31283,0.174947110113463,1__nan,PertCortex_1_AACTCTTGTTCGTGAT,2.899360640842182
31284,0.10695460624126416,1__nan,PertCortex_1_AACTCTTTCGTTACGA,3.39829247825725
31285,0.1718105199978423,1__nan,PertCortex_1_AACTGGTAGGAATCGC,3.083703862258812
31286,0.11994496732776615,1__nan,PertCortex_1_AACTGGTAGGTAAACT,2.637285799236529
31287,0.09143497824059905,1__nan,PertCortex_1_AACTGGTAGTAGGCCA,4.124159117534633
31288,0.19064140025066184,1__nan,PertCortex_1_AACTGGTCACATTAGC,2.7901384598782353
31289,0.056062178575198525,1__nan,PertCortex_1_AACTGGTGTAGAAAGG,3.6933651355043793
31290,0.019989738712137963,1__nan,PertCortex_1_AACTGGTGTTGTTTGG,4.341798341539081
31291,0.13152847798224312,1__nan,PertCortex_1_AACTGGTTCACTATTC,3.733760819090393
31292,0.3991398333503369,1__nan,PertCortex_1_AACTTTCGTGCTTCTC,1.5896927500219726
31293,0.13022952813310093,1__nan,PertCortex_1_AACTTTCTCCACTCCA,2.9115131740180558
31294,0.08035697074305387,1__nan,PertCortex_1_AACTTTCTCGGTCCGA,3.9135854339590024
31295,0.26505754543003496,1__nan,PertCortex_1_AAGACCTTCGTCACGG,1.863670329842062
31296,0.20249042594147681,1__nan,PertCortex_1_AAGCCGCAGGTCATCT,2.840564869281731
31297,0.17610733032029147,1__nan,PertCortex_1_AAGCCGCGTCTCTCGT,2.9502027796291275
31298,0.1891447042264117,1__nan,PertCortex_1_AAGCCGCTCATGGTCA,3.922622352415421
31299,0.224502529386355,1__nan,PertCortex_1_AAGGAGCTCCTCGCAT,1.8574389955589514
31300,0.5201488859945214,1__nan,PertCortex_1_AAGGCAGGTGACAAAT,2.1690855777684774
31301,0.44660751183088787,1__nan,PertCortex_1_AAGGCAGGTTCCCTTG,1.607728691244522
31302,0.1655841983309829,1__nan,PertCortex_1_AAGGTTCCACTCGACG,3.183669274458235
31303,0.2640953185815936,1__nan,PertCortex_1_AAGGTTCCATCGGAAG,3.4458295185060197
31304,0.06021073014583265,1__nan,PertCortex_1_AAGGTTCTCTCGCTTG,5.029723530864403
31305,0.19774524610953337,1__nan,PertCortex_1_AAGTCTGTCCACGTGG,2.7054015696645073
31306,0.37495988338359965,1__nan,PertCortex_1_AAGTCTGTCTGAGTGT,1.9173408150426043
31307,0.2208054201914821,1__nan,PertCortex_1_AATCCAGCACCGAATT,3.499868563021837
31308,0.241878132728863,1__nan,PertCortex_1_AATCGGTAGGATGGAA,3.1812682248545014
31309,0.37727290640605404,1__nan,PertCortex_1_AATCGGTGTCAGGACA,2.4005761135576185
31310,0.5555785865830946,1__nan,PertCortex_1_ACACCAAAGTTCCACA,1.2323898129954198
31311,0.16354630839175893,1__nan,PertCortex_1_ACACCAACACCAGGCT,2.7361679716218417
31312,0.16769216570444762,1__nan,PertCortex_1_ACACCCTTCGGCTTGG,3.0630631261958596
31313,0.07500408336481361,1__nan,PertCortex_1_ACACCGGAGAATAGGG,2.2364350581798953
31314,0.6152413919685883,1__nan,PertCortex_1_ACACCGGAGTGGGATC,1.2037106941116675
31315,0.08042468617688922,1__nan,PertCortex_1_ACACCGGCAACACCCG,3.3301365158005978
31316,0.08382803315198352,1__nan,PertCortex_1_ACACCGGTCGTGGACC,4.508364185492582
31317,0.06642422201267009,1__nan,PertCortex_1_ACACTGAAGATGCGAC,4.7966200254872495
31318,0.24500490955451368,1__nan,PertCortex_1_ACACTGACAATGTTGC,3.431776392311944
31319,0.5314587325820126,1__nan,PertCortex_1_ACACTGACACGGTAAG,1.4471520444551667
31320,0.130011844206044,1__nan,PertCortex_1_ACACTGAGTTACTGAC,4.748458858226213
31321,0.12007360414369517,1__nan,PertCortex_1_ACAGCCGAGATGTAAC,2.31863117354747
31322,0.47742422217412883,1__nan,PertCortex_1_ACAGCCGCAGGCTCAC,1.7655172502685232
31323,0.23130142034340995,1__nan,PertCortex_1_ACAGCCGTCATAACCG,3.515487655573961
31324,0.16766675129760925,1__nan,PertCortex_1_ACAGCCGTCCGGGTGT,3.264499896464943
31325,0.5190807307488428,1__nan,PertCortex_1_ACAGCTAAGATCTGCT,2.326092134242609
31326,0.18489284163028039,1__nan,PertCortex_1_ACAGCTACACAGGAGT,2.908688787047436
31327,0.12142286667663232,1__nan,PertCortex_1_ACAGCTATCCGTTGTC,4.278167216548573
31328,0.12095980997623954,1__nan,PertCortex_1_ACAGCTATCGATAGAA,3.4543133509628507
31329,0.13526799236694503,1__nan,PertCortex_1_ACAGCTATCTGCTGTC,4.3534893044477405
31330,0.4114880327543655,1__nan,PertCortex_1_ACATACGGTAAGGGAA,1.635121494968153
31331,0.33539176980251517,1__nan,PertCortex_1_ACATACGGTCCAGTAT,1.8044392866868142
31332,0.45524882687568435,1__nan,PertCortex_1_ACATCAGAGTAGATGT,2.7826863318684674
31333,0.04021127410724122,1__nan,PertCortex_1_ACATCAGGTCTCCACT,4.1784939767769895
31334,0.5248473465840469,1__nan,PertCortex_1_ACATCAGTCCATGAGT,1.9383565105557161
31335,0.28573929565124406,1__nan,PertCortex_1_ACATGGTAGCTGCAAG,1.7112097930730732
31336,0.6240195307843648,1__nan,PertCortex_1_ACATGGTAGTTAAGTG,1.5487541251349486
31337,0.23343006640901454,1__nan,PertCortex_1_ACATGGTGTAAGCACG,2.3647278367068267
31338,0.13895542736549338,1__nan,PertCortex_1_ACATGGTGTTAAGAAC,4.727718244219085
31339,0.20688734395549382,1__nan,PertCortex_1_ACCAGTAAGATAGTCA,2.139570161537583
31340,0.13234625169595715,1__nan,PertCortex_1_ACCAGTAAGGCGTACA,3.612525592119956
31341,0.2585566986526833,1__nan,PertCortex_1_ACCAGTAAGTGTGGCA,2.656490611330767
31342,0.34108653266049166,1__nan,PertCortex_1_ACCAGTACAGCAGTTT,2.851913737567207
31343,0.11600296196973726,1__nan,PertCortex_1_ACCAGTACATAGAAAC,3.734126250757367
31344,0.18073397066523517,1__nan,PertCortex_1_ACCAGTATCGGTCTAA,3.5879221468261084
31345,0.19553630820752524,1__nan,PertCortex_1_ACCCACTCATCGGTTA,2.405554548634882
31346,0.1683734676706791,1__nan,PertCortex_1_ACCCACTTCCAAATGC,3.514218311228166
31347,0.22721013031525666,1__nan,PertCortex_1_ACCCACTTCTACCTGC,2.985136337375833
31348,0.18329407797268052,1__nan,PertCortex_1_ACCGTAAAGTCCATAC,3.273832525775877
31349,0.09913160176265068,1__nan,PertCortex_1_ACCGTAACAAAGGTGC,4.806885962660766
31350,0.1346243952109155,1__nan,PertCortex_1_ACCGTAACACTCGACG,3.7532858631344657
31351,0.0897877803378807,1__nan,PertCortex_1_ACCGTAATCCTGCCAT,4.078382711523547
31352,0.24795479520257516,1__nan,PertCortex_1_ACCTTTAAGAGGTAGA,2.2863993805574894
31353,0.47233276817432773,1__nan,PertCortex_1_ACCTTTACACACCGAC,2.384803095293141
31354,0.16875911561086335,1__nan,PertCortex_1_ACGAGCCCACATGGGA,4.146075709198786
31355,0.1978911545611887,1__nan,PertCortex_1_ACGAGCCCACCAGGCT,2.8613814331479963
31356,0.20374492623674856,1__nan,PertCortex_1_ACGAGCCCAGACGCAA,3.8704542841852776
31357,0.14398457800665873,1__nan,PertCortex_1_ACGAGCCGTTAGAACA,2.8612228505651944
31358,0.15968863400326688,1__nan,PertCortex_1_ACGAGGAGTACCAGTT,3.094252330717945
31359,0.4521681106000816,1__nan,PertCortex_1_ACGAGGAGTGAAAGAG,2.009391331676478
31360,0.7278822539452001,1__nan,PertCortex_1_ACGAGGATCCACGTTC,1.4095386871963091
31361,0.08358347901249139,1__nan,PertCortex_1_ACGAGGATCTGTACGA,3.9589632867684843
31362,0.4462406643939022,1__nan,PertCortex_1_ACGATGTGTTCAGCGC,2.370336890603794
31363,0.2078063070729742,1__nan,PertCortex_1_ACGATGTTCTTAGCCC,3.482940486904452
31364,0.07435770230946906,1__nan,PertCortex_1_ACGCCAGAGCCGCCTA,3.9017015114227735
31365,0.0973089879529249,1__nan,PertCortex_1_ACGCCAGCATGCTAGT,4.2735175154608935
31366,0.24243908886312218,1__nan,PertCortex_1_ACGCCAGCATTATCTC,2.6245933201088674
31367,0.11847572354091451,1__nan,PertCortex_1_ACGCCAGGTCAACATC,2.736993240240035
31368,0.17591618534229425,1__nan,PertCortex_1_ACGCCAGGTCGAATCT,2.694294916637251
31369,0.10432509934961283,1__nan,PertCortex_1_ACGCCGAGTAATAGCA,4.691196536185453
31370,0.444889073752237,1__nan,PertCortex_1_ACGGAGAGTGATGTGG,2.017248541884612
31371,0.12152497662709255,1__nan,PertCortex_1_ACGGCCACATGTAAGA,2.937759716516978
31372,0.1914256361637715,1__nan,PertCortex_1_ACGGGTCCATTTGCTT,2.2814612149770683
31373,0.07065416442776669,1__nan,PertCortex_1_ACGGGTCGTGCATCTA,4.141027119900848
31374,0.1778064102883512,1__nan,PertCortex_1_ACGTCAAGTCCCTTGT,1.485557205944835
31375,0.1882556708189403,1__nan,PertCortex_1_ACTATCTAGGAGTACC,2.0248711914081325
31376,0.1620873407173873,1__nan,PertCortex_1_ACTATCTGTGTTTGTG,3.0392840117157576
31377,0.17004896333337072,1__nan,PertCortex_1_ACTATCTTCATGCATG,3.360724063119902
31378,0.1656419320848092,1__nan,PertCortex_1_ACTGAACTCTATCGCC,3.834503266035479
31379,0.1936297472567616,1__nan,PertCortex_1_ACTGAGTTCGCTTAGA,2.141569797365232
31380,0.17454024946410107,1__nan,PertCortex_1_ACTGATGCACACTGCG,4.1518785941840815
31381,0.26428177473983827,1__nan,PertCortex_1_ACTGATGGTCAAAGAT,2.3252117138665116
31382,0.4871095330909654,1__nan,PertCortex_1_ACTGATGTCCCTTGCA,1.8201781919873936
31383,0.28177517044811834,1__nan,PertCortex_1_ACTGCTCCATTCTCAT,2.679496079684667
31384,0.1966919937667269,1__nan,PertCortex_1_ACTTACTAGCCCAACC,3.443296090456616
31385,0.5109361112563798,1__nan,PertCortex_1_ACTTACTAGTGTGGCA,1.9717702162725415
31386,0.2571382368344561,1__nan,PertCortex_1_ACTTGTTGTACGACCC,2.539038097159885
31387,0.15560980665649826,1__nan,PertCortex_1_ACTTGTTGTATCTGCA,2.6157032838480214
31388,0.0878480588134128,1__nan,PertCortex_1_ACTTGTTGTGTGAATA,3.105785270072967
31389,0.3803762716172594,1__nan,PertCortex_1_ACTTGTTTCAAGATCC,2.821325031180414
31390,0.14027217287432192,1__nan,PertCortex_1_AGAATAGGTAAGAGAG,3.61872339997349
31391,0.4528902780006822,1__nan,PertCortex_1_AGAATAGGTCACCCAG,1.6321545881490576
31392,0.4481707752021069,1__nan,PertCortex_1_AGACGTTTCTCAAACG,1.830725502047585
31393,0.24250008180719915,1__nan,PertCortex_1_AGAGCGAAGATAGCAT,2.5983464446535747
31394,0.09614069163119959,1__nan,PertCortex_1_AGAGCGAAGCCACTAT,3.7689553299394176
31395,0.09050592152456657,1__nan,PertCortex_1_AGAGCTTCAAGAAAGG,4.4616270803658225
31396,0.4619903269729108,1__nan,PertCortex_1_AGAGCTTTCGTTGCCT,1.6623853693251642
31397,0.10754023975410071,1__nan,PertCortex_1_AGAGTGGCACTTAAGC,3.60958566466496
31398,0.14473664321725613,1__nan,PertCortex_1_AGATCTGCAGCCTTGG,3.5150423790776477
31399,0.5352378917683291,1__nan,PertCortex_1_AGATCTGTCTACTCAT,1.933610097950334
31400,0.24295871652219247,1__nan,PertCortex_1_AGATCTGTCTTCGGTC,4.295806199751451
31401,0.12119433454828725,1__nan,PertCortex_1_AGATTGCCAAAGTGCG,4.469622394299535
31402,0.13894475694013006,1__nan,PertCortex_1_AGATTGCCAATCACAC,2.860336459446768
31403,0.5492845647016782,1__nan,PertCortex_1_AGATTGCGTAAGCACG,1.693629037348323
31404,0.44032584958075155,1__nan,PertCortex_1_AGATTGCGTCGGCTCA,1.4956812431468844
31405,0.17584410831795222,1__nan,PertCortex_1_AGCAGCCCACTTCTGC,2.9012289918186434
31406,0.28019033580731734,1__nan,PertCortex_1_AGCATACAGTGAAGAG,2.4915761666795584
31407,0.25535383819120266,1__nan,PertCortex_1_AGCATACCAACTTGAC,3.636227685734484
31408,0.2806328152799626,1__nan,PertCortex_1_AGCCTAATCACAGGCC,2.8208645980871245
31409,0.38522485916264987,1__nan,PertCortex_1_AGCGGTCCAAAGGAAG,2.824441293376182
31410,0.2053034684889787,1__nan,PertCortex_1_AGCGGTCCAACACGCC,3.564428265457353
31411,0.5104787854222642,1__nan,PertCortex_1_AGCGTCGCAGGAATGC,1.6097093397559634
31412,0.07401503691073004,1__nan,PertCortex_1_AGCGTCGGTGAGCGAT,3.7622022322230686
31413,0.3275868468573722,1__nan,PertCortex_1_AGCGTCGTCCCTAACC,2.3808218085644666
31414,0.18011541786622234,1__nan,PertCortex_1_AGCTCCTCAGCTCGAC,2.6498204694110785
31415,0.11177387292288134,1__nan,PertCortex_1_AGCTCCTGTGCCTGCA,2.6705478033715946
31416,0.0744056870404077,1__nan,PertCortex_1_AGCTCCTTCCTTGCCA,3.8758749396801266
31417,0.10240989159087986,1__nan,PertCortex_1_AGCTCCTTCGTTTGCC,3.4372042777347804
31418,0.5536050282804312,1__nan,PertCortex_1_AGCTCTCAGATGTCGG,1.4715214610773395
31419,0.2662087575472018,1__nan,PertCortex_1_AGCTCTCCAACGATGG,2.132119332051456
31420,0.5108313530588326,1__nan,PertCortex_1_AGCTCTCTCGTTGACA,2.1887216069777398
31421,0.4793616121746099,1__nan,PertCortex_1_AGCTTGAAGAACTGTA,1.8756643756569829
31422,0.20029891397837052,1__nan,PertCortex_1_AGCTTGAAGGAGTCTG,2.3003752486468274
31423,0.23240771178473846,1__nan,PertCortex_1_AGCTTGAGTAGTACCT,3.1646879889933457
31424,0.22042929707831158,1__nan,PertCortex_1_AGGCCACAGCTGCGAA,2.8887322630808945
31425,0.28489590540802273,1__nan,PertCortex_1_AGGCCACAGGACTGGT,2.1273736912201193
31426,0.14084901519529466,1__nan,PertCortex_1_AGGCCACGTCCGAAGA,3.0958374604625343
31427,0.19224533368384367,1__nan,PertCortex_1_AGGCCACTCAGTCCCT,3.5060010779534494
31428,0.5292283349307663,1__nan,PertCortex_1_AGGCCACTCGTCACGG,1.7503530641357257
31429,0.07544523742796862,1__nan,PertCortex_1_AGGCCGTGTTCCACAA,4.7874169791621375
31430,0.4974790074152156,1__nan,PertCortex_1_AGGGAGTAGCGATCCC,2.8920061968630884
31431,0.5265254233865202,1__nan,PertCortex_1_AGGGAGTTCACTCTTA,1.482763009022206
31432,0.497850124898115,1__nan,PertCortex_1_AGGGTGAGTCAACATC,1.4886549850566062
31433,0.22487406306460744,1__nan,PertCortex_1_AGGTCATAGAACAATC,3.145893138089981
31434,0.16114016029298805,1__nan,PertCortex_1_AGGTCCGTCGCCAAAT,3.3592341137904387
31435,0.08642828138320696,1__nan,PertCortex_1_AGTAGTCCAAGGGTCA,4.069874983144317
31436,0.28427498261411505,1__nan,PertCortex_1_AGTAGTCGTATATGGA,3.594229037263878
31437,0.2365733047269034,1__nan,PertCortex_1_AGTCTTTCAGCCAATT,3.859962949808006
31438,0.17370683099328138,1__nan,PertCortex_1_AGTGAGGTCGTTTAGG,3.672545920646639
31439,0.1723284111326421,1__nan,PertCortex_1_AGTGGGAAGACAATAC,3.1776460498928
31440,0.10889485242254374,1__nan,PertCortex_1_AGTGGGAAGTAGCGGT,4.56985165178962
31441,0.41429113882410096,1__nan,PertCortex_1_AGTGGGACAAGGGTCA,1.8656517355021092
31442,0.2616978877663786,1__nan,PertCortex_1_AGTGGGAGTATGAATG,3.39559303188855
31443,0.20526587721900424,1__nan,PertCortex_1_AGTGTCACATTCACTT,3.8651628349564144
31444,0.23297091286112548,1__nan,PertCortex_1_AGTGTCAGTGCAGTAG,2.5155035368407006
31445,0.1501395908990791,1__nan,PertCortex_1_AGTTGGTAGGAGTCTG,3.0345709395088454
31446,0.16778181475677093,1__nan,PertCortex_1_AGTTGGTCATCCGTGG,5.224083549123776
31447,0.19785563345248483,1__nan,PertCortex_1_AGTTGGTGTTAAGAAC,4.0373704981425735
31448,0.11052620684112732,1__nan,PertCortex_1_AGTTGGTTCTGAGGGA,4.024377524331352
31449,0.22985811037185308,1__nan,PertCortex_1_ATAACGCAGATGTGGC,2.6253282447118678
31450,0.17451554668421967,1__nan,PertCortex_1_ATAACGCAGTTGAGTA,3.17521636795658
31451,0.17140715960250882,1__nan,PertCortex_1_ATAACGCTCACTCTTA,4.359728057437475
31452,0.32652484994644587,1__nan,PertCortex_1_ATAAGAGCAGTTCATG,1.7844165968083903
31453,0.20257382701116175,1__nan,PertCortex_1_ATAAGAGGTTTCCACC,3.7810583043770856
31454,0.09252504947821559,1__nan,PertCortex_1_ATCACGACAAAGTGCG,3.8707660921250793
31455,0.05044103757880641,1__nan,PertCortex_1_ATCACGATCCCTAACC,3.210105173375452
31456,-0.0008476660562681904,1__nan,PertCortex_1_ATCACGATCTCTGCTG,3.3683747362933136
31457,0.722403710059124,1__nan,PertCortex_1_ATCATCTAGCACAGGT,1.4686459603697635
31458,0.11487011246695174,1__nan,PertCortex_1_ATCATCTAGCTGCGAA,3.2975664227990666
31459,0.16158642740672696,1__nan,PertCortex_1_ATCATCTCAGATCTGT,2.9614274410062476
31460,0.24508910452073562,1__nan,PertCortex_1_ATCATGGCACGTAAGG,4.0072342092685584
31461,0.13728145596657873,1__nan,PertCortex_1_ATCATGGTCGCTGATA,2.727805825795837
31462,0.2021112027198262,1__nan,PertCortex_1_ATCATGGTCTGAGGGA,3.089410180756999
31463,0.20639917981549563,1__nan,PertCortex_1_ATCCACCAGAGGTTAT,3.186759167448805
31464,0.24453287799651727,1__nan,PertCortex_1_ATCCGAACAAGACACG,3.5193046195709905
31465,0.12983271753296455,1__nan,PertCortex_1_ATCGAGTAGCAGACTG,3.2385951181526553
31466,0.1370908973867297,1__nan,PertCortex_1_ATCGAGTTCCAGTATG,4.0773193491663315
31467,0.2385558565460486,1__nan,PertCortex_1_ATCTACTCATCTCGCT,3.139913890372347
31468,0.05886617337389659,1__nan,PertCortex_1_ATCTGCCAGGCCCGTT,3.533356104967392
31469,0.5807012857832723,1__nan,PertCortex_1_ATCTGCCCAACCGCCA,1.9886960724970326
31470,0.5529765576848436,1__nan,PertCortex_1_ATGAGGGTCAAAGACA,1.4173289208584743
31471,0.06997522750676376,1__nan,PertCortex_1_ATGAGGGTCAATCACG,4.133622920024216
31472,0.26431238188936695,1__nan,PertCortex_1_ATGCGATAGAAACCAT,3.706415185096078
31473,0.2373462584750917,1__nan,PertCortex_1_ATGGGAGCAGCCTATA,2.8331943612157073
31474,0.1907159291204261,1__nan,PertCortex_1_ATGTGTGTCGTGACAT,3.2244136017803564
31475,0.48326494619174887,1__nan,PertCortex_1_ATTACTCCAAGGCTCC,1.1700622501154907
31476,0.1009765251787891,1__nan,PertCortex_1_ATTACTCGTATCTGCA,4.295917531458033
31477,0.19813813500648395,1__nan,PertCortex_1_ATTACTCGTTGAGGTG,2.321028723928717
31478,0.41318617687320774,1__nan,PertCortex_1_ATTATCCAGTTGAGTA,1.9337140515051938
31479,0.1379307822150805,1__nan,PertCortex_1_ATTATCCCAGACACTT,3.6883205452829824
31480,0.138839405304299,1__nan,PertCortex_1_ATTATCCGTAGGCTGA,3.2705937046613536
31481,0.042192013834724096,1__nan,PertCortex_1_ATTCTACAGGAGTTTA,5.058425244999087
31482,0.26585275049918156,1__nan,PertCortex_1_ATTGGACTCAGTGCAT,2.3553908431183843
31483,0.2050526100946539,1__nan,PertCortex_1_ATTGGTGAGACCCACC,3.0530030025943917
31484,0.32663499777388605,1__nan,PertCortex_1_ATTGGTGAGACTCGGA,2.176109784284608
31485,0.4118142732055796,1__nan,PertCortex_1_ATTGGTGAGTCTCCTC,1.7390981359273194
31486,0.3857386192434013,1__nan,PertCortex_1_ATTTCTGAGCTTATCG,2.2630747381471106
31487,0.09874980359243543,1__nan,PertCortex_1_ATTTCTGAGTGACTCT,3.2871642180432774
31488,0.09219519423245333,1__nan,PertCortex_1_ATTTCTGGTCGGCATC,3.8736093818587642
31489,0.24782395014476094,1__nan,PertCortex_1_CAACCTCCATCAGTCA,3.1325339040308107
31490,0.5050299014656195,1__nan,PertCortex_1_CAACCTCTCATGTGGT,1.50974519915331
31491,0.15287440771631208,1__nan,PertCortex_1_CAACCTCTCGGCTACG,2.8958707478874532
31492,0.05140287194593561,1__nan,PertCortex_1_CAACTAGAGAAGAAGC,3.149226765173244
31493,0.23825938689429702,1__nan,PertCortex_1_CAACTAGCAGTATAAG,3.242716090725448
31494,0.08708249778288182,1__nan,PertCortex_1_CAACTAGGTGAGTATA,3.626721530741341
31495,0.2370397561354566,1__nan,PertCortex_1_CAACTAGTCCTATTCA,3.700127334260359
31496,0.439315143528147,1__nan,PertCortex_1_CAAGAAACAATCTGCA,1.9610124291771827
31497,0.15997948259126554,1__nan,PertCortex_1_CAAGAAACACGAGAGT,2.0990244643917713
31498,0.04892632722225155,1__nan,PertCortex_1_CAAGAAATCACATAGC,2.4665135840519
31499,0.5712289639105305,1__nan,PertCortex_1_CAAGGCCTCAATCACG,2.301781452160567
31500,0.5141351865236464,1__nan,PertCortex_1_CAAGTTGAGCTTATCG,1.83465362620109
31501,0.20470113998230277,1__nan,PertCortex_1_CAAGTTGAGGTGTTAA,2.8008815411307997
31502,0.22315656120462735,1__nan,PertCortex_1_CAAGTTGGTTCAGCGC,2.215735236303253
31503,0.49464245637663784,1__nan,PertCortex_1_CACAAACAGCCGGTAA,1.042550669225901
31504,0.4101750434938927,1__nan,PertCortex_1_CACAAACAGTGAACAT,1.9856747026977095
31505,0.1004950522430593,1__nan,PertCortex_1_CACAAACCACGAGGTA,4.12415723758705
31506,0.15186605107992016,1__nan,PertCortex_1_CACACAACAGTAACGG,2.1809376212369673
31507,0.15715528231704548,1__nan,PertCortex_1_CACACCTAGGCCCGTT,5.120633708037263
31508,0.28491064070839084,1__nan,PertCortex_1_CACACCTCAATGGAAT,4.460989412612256
31509,0.054937767762326166,1__nan,PertCortex_1_CACACCTCACCAACCG,4.300926979370551
31510,0.24195837621831684,1__nan,PertCortex_1_CACACTCAGAGGTACC,3.062049912720788
31511,0.02572603977682619,1__nan,PertCortex_1_CACAGGCCACGAGAGT,2.9616034016331634
31512,0.22274184896263038,1__nan,PertCortex_1_CACAGGCTCGGAAACG,2.550502169828964
31513,0.17037147956175527,1__nan,PertCortex_1_CACAGTACATGGGACA,3.5997910058971985
31514,0.1735871189730137,1__nan,PertCortex_1_CACAGTATCAGTGCAT,4.7213858393414965
31515,0.1874822721824678,1__nan,PertCortex_1_CACATAGAGGGCTCTC,4.577997124786152
31516,0.4830699441272403,1__nan,PertCortex_1_CACATAGAGTAGGTGC,1.7062226693272438
31517,0.1354128142214727,1__nan,PertCortex_1_CACATTTCATTGGCGC,4.565595738088029
31518,0.4977487418004423,1__nan,PertCortex_1_CACCAGGCACCTCGTT,1.8669920077782345
31519,0.43723701408898974,1__nan,PertCortex_1_CACCAGGGTGCACGAA,1.6625724932416086
31520,0.3861891547303162,1__nan,PertCortex_1_CACCAGGGTTACGTCA,1.6675351745392963
31521,0.49614709376181665,1__nan,PertCortex_1_CACCAGGTCATTGCGA,1.6085255942627787
31522,0.2152140535762624,1__nan,PertCortex_1_CACCTTGAGACGCTTT,3.301668536356374
31523,0.2269453112376608,1__nan,PertCortex_1_CACCTTGGTGAAATCA,3.11355986912984
31524,0.08994659287731069,1__nan,PertCortex_1_CACTCCACAGCGAACA,3.9798478381761826
31525,0.29828338297311546,1__nan,PertCortex_1_CACTCCACATGGATGG,3.3614028557943882
31526,0.44249607029395893,1__nan,PertCortex_1_CACTCCAGTCGGCATC,2.3313429560472088
31527,0.11499187002916493,1__nan,PertCortex_1_CACTCCAGTGCACCAC,2.0163864150917745
31528,0.3588643209892347,1__nan,PertCortex_1_CAGAATCCATAGTAAG,2.181473983161446
31529,0.5611707261880884,1__nan,PertCortex_1_CAGATCAAGCAGCCTC,1.1830697994709347
31530,0.4675154768606477,1__nan,PertCortex_1_CAGATCACACCGATAT,1.7641393393776306
31531,0.4843983403291295,1__nan,PertCortex_1_CAGATCACAGCGATCC,1.7924095904336745
31532,0.21198153553573454,1__nan,PertCortex_1_CAGATCAGTTGTGGAG,2.2092970149314457
31533,0.5360800669253056,1__nan,PertCortex_1_CAGATCATCGCCAGCA,1.5999471740554982
31534,0.1236984474415831,1__nan,PertCortex_1_CAGATCATCTCAAACG,3.5345055926230042
31535,0.20785439927859012,1__nan,PertCortex_1_CAGCAGCGTTCGTTGA,3.1345548367788614
31536,0.15517442794104389,1__nan,PertCortex_1_CAGCATAAGATATGGT,3.7799183651715405
31537,0.06344000388572989,1__nan,PertCortex_1_CAGCATAGTCAATGTC,4.1221207125287505
31538,0.22644668341033242,1__nan,PertCortex_1_CAGCATAGTCTGCGGT,2.814945086472672
31539,0.19322730318574938,1__nan,PertCortex_1_CAGCATAGTTGTTTGG,4.357553966853553
31540,0.6036235787093726,1__nan,PertCortex_1_CAGCCGACACTGAAGG,1.9242453541146212
31541,0.15614969698359785,1__nan,PertCortex_1_CAGCCGAGTAAGTTCC,3.256250728125748
31542,0.5445588581758509,1__nan,PertCortex_1_CAGCCGAGTTGATTGC,1.2867799311285348
31543,0.13650750656217547,1__nan,PertCortex_1_CAGCCGATCTTGAGGT,2.6334041889813973
31544,0.14355706847090086,1__nan,PertCortex_1_CAGCGACAGTCAAGGC,2.677452787124518
31545,0.44161187046449807,1__nan,PertCortex_1_CAGCGACCAATTCCTT,1.814630918780661
31546,0.1723176041626732,1__nan,PertCortex_1_CAGCGACTCAAAGTAG,3.305843543744271
31547,0.1268174697392392,1__nan,PertCortex_1_CAGCTAAAGAAGGGTA,3.1108147688259167
31548,0.24983640775137822,1__nan,PertCortex_1_CAGCTAACAGTTTACG,2.7731110113452133
31549,0.6406491174433953,1__nan,PertCortex_1_CAGCTAAGTTGAGTTC,1.1703016326021798
31550,0.23958819387528377,1__nan,PertCortex_1_CAGCTGGAGTCTCAAC,2.208665737415945
31551,0.18788147853576032,1__nan,PertCortex_1_CAGCTGGCATGAAGTA,4.758326928213892
31552,0.41700030782675646,1__nan,PertCortex_1_CAGCTGGTCAGTCCCT,2.020569651708005
31553,0.42731900683661156,1__nan,PertCortex_1_CAGCTGGTCCCATTTA,1.7493298592845148
31554,0.0963922706438226,1__nan,PertCortex_1_CAGGTGCCAAGCTGTT,3.148854400157604
31555,0.3733385092960617,1__nan,PertCortex_1_CAGGTGCGTCATGCCG,2.7229834976445564
31556,0.565174868502328,1__nan,PertCortex_1_CAGGTGCGTTATCACG,1.4830586253906932
31557,0.19496580352728887,1__nan,PertCortex_1_CAGGTGCTCAGGCCCA,2.54906426729475
31558,0.12548638889629715,1__nan,PertCortex_1_CAGTAACCATTAGGCT,4.309333742867507
31559,0.2443453876793001,1__nan,PertCortex_1_CAGTCCTAGATATGCA,3.5539955995615657
31560,0.1940456111272868,1__nan,PertCortex_1_CAGTCCTGTACAAGTA,2.9619801628621927
31561,0.2700734152011411,1__nan,PertCortex_1_CAGTCCTTCAGCATGT,3.524130365397379
31562,0.08458390438807174,1__nan,PertCortex_1_CAGTCCTTCTCCAACC,3.497264735211307
31563,0.45834359223484916,1__nan,PertCortex_1_CATATGGAGACTAGAT,1.8220791236742202
31564,0.14445926221869446,1__nan,PertCortex_1_CATATGGGTCTAAAGA,3.1887404058519326
31565,0.20684983873144802,1__nan,PertCortex_1_CATATGGGTTGAACTC,3.6975543007545455
31566,0.13317668576090563,1__nan,PertCortex_1_CATATGGTCAGTCCCT,4.456505684676098
31567,0.2603593746705989,1__nan,PertCortex_1_CATATTCAGAGAGCTC,3.5334725796273725
31568,0.16184691510134744,1__nan,PertCortex_1_CATATTCGTACTTGAC,5.184933960401757
31569,0.10692848316583374,1__nan,PertCortex_1_CATATTCGTATCGCAT,3.754275605154009
31570,0.2591390658002238,1__nan,PertCortex_1_CATCAAGAGAGGTTGC,2.251242448211306
31571,0.0729130773842922,1__nan,PertCortex_1_CATCAAGGTATGAATG,3.643550956236959
31572,0.30042832171525846,1__nan,PertCortex_1_CATCAAGGTCGCTTCT,2.3446958377638984
31573,0.4159866527172854,1__nan,PertCortex_1_CATCAGAAGACCTAGG,2.091211618176556
31574,0.1401424925061032,1__nan,PertCortex_1_CATCAGAGTAGCTCCG,3.2950461918149236
31575,0.045044536678757956,1__nan,PertCortex_1_CATCAGATCCCAACGG,3.4410604824465327
31576,0.5047835022775147,1__nan,PertCortex_1_CATCCACAGGCGATAC,2.4026507834182445
31577,0.3375334835070568,1__nan,PertCortex_1_CATCGAAAGCTTTGGT,2.6743889103847343
31578,0.2109525037918395,1__nan,PertCortex_1_CATCGAACAAGGTTTC,3.7830465757484575
31579,0.19128352156655695,1__nan,PertCortex_1_CATCGAACAATAGAGT,2.9972169673379727
31580,0.4966699727324854,1__nan,PertCortex_1_CATCGAACAGACACTT,1.349174731649147
31581,0.5582333363527047,1__nan,PertCortex_1_CATCGAAGTCGGATCC,1.5930790050502985
31582,0.24321596018663974,1__nan,PertCortex_1_CATCGGGGTGAGGGTT,1.873467861995758
31583,0.2515905315972769,1__nan,PertCortex_1_CATGACAAGCGCCTCA,3.363542561668506
31584,0.14297176913799023,1__nan,PertCortex_1_CATGACAGTAAGTAGT,3.5041132977466085
31585,0.27316228169382056,1__nan,PertCortex_1_CATGACATCAACGCTA,2.1083904531731554
31586,0.415148813400537,1__nan,PertCortex_1_CATGACATCAGCGACC,2.151624419534517
31587,0.552592043799232,1__nan,PertCortex_1_CATGCCTAGCCAGTTT,1.9759315885751434
31588,0.2386758587914381,1__nan,PertCortex_1_CATGGCGAGGGAACGG,2.8953930272661386
31589,0.060109438595593784,1__nan,PertCortex_1_CATGGCGCAGGCGATA,4.030026026782316
31590,0.27205462701498223,1__nan,PertCortex_1_CATGGCGGTCCGTTAA,2.463694553932165
31591,0.13659866476653473,1__nan,PertCortex_1_CATGGCGTCCATTCTA,3.1315517177351935
31592,0.12913173372773842,1__nan,PertCortex_1_CATTATCAGATACACA,3.3504169767414176
31593,0.27752295174361746,1__nan,PertCortex_1_CATTATCGTTAAAGAC,2.097017571332682
31594,0.037261553052330275,1__nan,PertCortex_1_CATTATCTCTTAGAGC,3.2638811983759397
31595,0.1023757880536611,1__nan,PertCortex_1_CATTCGCAGGCACATG,3.5694697809466183
31596,0.19209076245456727,1__nan,PertCortex_1_CATTCGCGTCCGAAGA,2.789295917977787
31597,0.26659788632249326,1__nan,PertCortex_1_CCAATCCAGGACACCA,2.5472673503043772
31598,0.1641497705074949,1__nan,PertCortex_1_CCAATCCAGTGGGCTA,3.829782606855555
31599,0.06338512994686117,1__nan,PertCortex_1_CCAATCCCACATCTTT,3.6516218788460026
31600,0.16109882901001848,1__nan,PertCortex_1_CCAATCCCATAGGATA,3.3291148492386617
31601,0.06570298016184221,1__nan,PertCortex_1_CCAATCCCATGGGAAC,3.6857331227050483
31602,0.16986201645072113,1__nan,PertCortex_1_CCAATCCGTAGTACCT,3.155752694763153
31603,0.2715241095704357,1__nan,PertCortex_1_CCAATCCGTGCGATAG,1.5753333036416852
31604,0.1660162005807869,1__nan,PertCortex_1_CCAATCCGTTATGCGT,3.4378924787134775
31605,0.10654407923949677,1__nan,PertCortex_1_CCACCTACAGTATGCT,4.6275838990420075
31606,0.17632403624228252,1__nan,PertCortex_1_CCACGGAAGCGTAGTG,4.383960110681299
31607,0.1848202391253282,1__nan,PertCortex_1_CCACGGATCTGGTTCC,3.253040854503478
31608,0.13599786920728263,1__nan,PertCortex_1_CCACTACAGACCGGAT,4.740669538080549
31609,0.2170215803665116,1__nan,PertCortex_1_CCACTACAGGATGGTC,2.2938570431900014
31610,0.35833130968571186,1__nan,PertCortex_1_CCACTACAGGCGACAT,1.3901987089750518
31611,0.1875986880382739,1__nan,PertCortex_1_CCAGCGAGTCGCATAT,2.756737059968698
31612,0.40602775857172035,1__nan,PertCortex_1_CCATGTCGTTGGTTTG,1.9979214404473946
31613,0.2550818419888161,1__nan,PertCortex_1_CCATTCGCAGGATTGG,3.1348895378231454
31614,0.4494790809268687,1__nan,PertCortex_1_CCATTCGGTGCATCTA,1.754846578458023
31615,0.15354974970106564,1__nan,PertCortex_1_CCCAATCTCCACGACG,3.080339528031064
31616,0.5287635591654214,1__nan,PertCortex_1_CCCAATCTCCTCAATT,2.16414441692376
31617,0.19037351199759786,1__nan,PertCortex_1_CCCAGTTCACAGATTC,3.6414264000757437
31618,0.10794459178172625,1__nan,PertCortex_1_CCCAGTTTCTTGTATC,3.9986843245218253
31619,0.2477407933388119,1__nan,PertCortex_1_CCCATACAGCACCGTC,3.317048538742687
31620,0.4614417901885328,1__nan,PertCortex_1_CCCTCCTCACAACTGT,2.0000839219957443
31621,0.16649386395951773,1__nan,PertCortex_1_CCCTCCTGTAGGACAC,3.8632344407765413
31622,0.14912116632606026,1__nan,PertCortex_1_CCGGGATAGGCCCGTT,2.1755832462388747
31623,0.22415904934150294,1__nan,PertCortex_1_CCGGGATGTGAGTGAC,2.572895957656445
31624,0.22905622698067632,1__nan,PertCortex_1_CCGGGATTCTGTGCAA,1.7489031422509256
31625,0.36418909250145814,1__nan,PertCortex_1_CCGGTAGCACGCTTTC,2.503632089807735
31626,0.08050268071618852,1__nan,PertCortex_1_CCGTACTCACAGGAGT,4.254878275750819
31627,0.08433057187420796,1__nan,PertCortex_1_CCGTACTTCTATCCCG,3.609412665966521
31628,0.16853109160685487,1__nan,PertCortex_1_CCGTGGACACAAGTAA,2.3071309525689423
31629,0.1766240012757416,1__nan,PertCortex_1_CCGTTCAAGACTAGGC,3.0999355527401655
31630,0.4074020111098287,1__nan,PertCortex_1_CCGTTCAAGGCCGAAT,2.5855348001099543
31631,0.14966364542168514,1__nan,PertCortex_1_CCGTTCATCAGTGTTG,4.198174724189926
31632,0.09813502212183488,1__nan,PertCortex_1_CCGTTCATCCTCGCAT,3.960484457527212
31633,0.5610614987013997,1__nan,PertCortex_1_CCTAAAGAGTGCCAGA,1.7370424093320362
31634,0.11270107729339178,1__nan,PertCortex_1_CCTAAAGGTCGGGTCT,4.158206341286046
31635,0.05243650497552814,1__nan,PertCortex_1_CCTACACCAACACCTA,4.055324653635487
31636,0.03691310404815428,1__nan,PertCortex_1_CCTACCACATAGTAAG,3.577101071401703
31637,0.1757640507081711,1__nan,PertCortex_1_CCTAGCTAGGGCACTA,4.26959230447365
31638,0.11279803085395114,1__nan,PertCortex_1_CCTAGCTAGGGCTCTC,4.156906822432131
31639,0.20838915130766894,1__nan,PertCortex_1_CCTAGCTGTGGCAAAC,3.0119214258897054
31640,0.17197695191424756,1__nan,PertCortex_1_CCTAGCTTCACTCTTA,2.937652973944201
31641,0.1433501014241768,1__nan,PertCortex_1_CCTAGCTTCATGCATG,2.993028029184599
31642,0.5769266886661231,1__nan,PertCortex_1_CCTATTAGTCCGCTGA,1.9799793393211838
31643,0.10389290742221644,1__nan,PertCortex_1_CCTCAGTAGAGCTTCT,3.8156647290165946
31644,0.5305779271974701,1__nan,PertCortex_1_CCTCAGTAGATCCTGT,1.8372357887412505
31645,0.4426837056671069,1__nan,PertCortex_1_CCTCAGTAGGGTATCG,2.579816819484624
31646,0.37961981793103433,1__nan,PertCortex_1_CCTCTGAAGATCGGGT,1.6664719120902418
31647,0.165651869105557,1__nan,PertCortex_1_CCTCTGAAGGAATTAC,4.381189162901415
31648,0.5665440934590401,1__nan,PertCortex_1_CCTCTGAAGGACATTA,1.6563699299570562
31649,0.5356175735535097,1__nan,PertCortex_1_CCTCTGAGTACACCGC,2.257179874532786
31650,0.1562518068636521,1__nan,PertCortex_1_CCTTACGCAGCGTTCG,4.537823066646844
31651,0.5706400314604804,1__nan,PertCortex_1_CCTTCCCCATGTTCCC,1.5734720335943535
31652,0.25965300580738243,1__nan,PertCortex_1_CCTTCCCGTAGCCTAT,1.6979375613396466
31653,0.22615175408928526,1__nan,PertCortex_1_CCTTCCCGTCTAACGT,4.410714723623749
31654,0.12334724568842902,1__nan,PertCortex_1_CCTTCGAAGCCAACAG,4.007718095324087
31655,0.2339912918662928,1__nan,PertCortex_1_CCTTCGAAGTCCGTAT,3.720629006287213
31656,0.3810175978297781,1__nan,PertCortex_1_CCTTCGACACGGCTAC,1.8969182684630914
31657,0.46695878220238074,1__nan,PertCortex_1_CCTTCGAGTAGAGGAA,1.8954852809818032
31658,0.3089744308567491,1__nan,PertCortex_1_CCTTTCTAGTTATCGC,2.0451783437447393
31659,0.28790147157046403,1__nan,PertCortex_1_CCTTTCTCATCGGGTC,3.4868281434937574
31660,0.21923087708750774,1__nan,PertCortex_1_CGAACATAGAGCAATT,2.477830032880838
31661,0.4765160099172528,1__nan,PertCortex_1_CGAACATAGCTGCCCA,1.817116131172625
31662,0.18270541441745836,1__nan,PertCortex_1_CGAACATCACAGAGGT,3.141873881404224
31663,0.2286550350943997,1__nan,PertCortex_1_CGAACATGTCCAACTA,2.3959858479251754
31664,0.41673974472789865,1__nan,PertCortex_1_CGAACATGTCCATGAT,1.91279600573485
31665,0.25717146623856557,1__nan,PertCortex_1_CGAACATTCATACGGT,3.185958170731554
31666,0.12515848313357256,1__nan,PertCortex_1_CGAATGTAGCCCAATT,4.4568849272725855
31667,0.13602585894635605,1__nan,PertCortex_1_CGACCTTGTATAAACG,3.4237505300111493
31668,0.14842339521134024,1__nan,PertCortex_1_CGACCTTGTTAGGGTG,4.194130179237921
31669,0.5214366021446788,1__nan,PertCortex_1_CGACTTCCACATCCGG,1.6207225487795622
31670,0.17997480503007557,1__nan,PertCortex_1_CGACTTCGTTACTGAC,4.446283353763783
31671,0.42251506321477406,1__nan,PertCortex_1_CGAGAAGAGAAAGTGG,2.336094140911504
31672,0.44240184115387554,1__nan,PertCortex_1_CGAGAAGAGATGCGAC,1.6669988042784885
31673,0.12137506119934172,1__nan,PertCortex_1_CGAGAAGCAAACGTGG,3.828628533151187
31674,0.13949653682231797,1__nan,PertCortex_1_CGAGAAGGTTGGACCC,2.5744378551655265
31675,0.12798573526565318,1__nan,PertCortex_1_CGAGAAGTCTGTCAAG,4.028426987153893
31676,0.12445739867768679,1__nan,PertCortex_1_CGAGAAGTCTTACCTA,2.9003446723606157
31677,0.1177151691305257,1__nan,PertCortex_1_CGAGCACAGACTCGGA,3.8385797261432564
31678,0.6158087867507925,1__nan,PertCortex_1_CGAGCACTCCAGAGGA,2.002987383304239
31679,0.22592756021360882,1__nan,PertCortex_1_CGAGCCAAGGCAGTCA,2.5317309004560857
31680,0.4237966928088567,1__nan,PertCortex_1_CGAGCCAAGTATTGGA,3.321836556434983
31681,0.5886665140429979,1__nan,PertCortex_1_CGAGCCAGTAGCGCAA,1.4879931163896192
31682,0.25154484144745903,1__nan,PertCortex_1_CGAGCCATCAGAGGTG,3.087468862177027
31683,0.14046542003189083,1__nan,PertCortex_1_CGATCGGCAGCGAACA,3.1061295683336025
31684,0.5285335836892547,1__nan,PertCortex_1_CGATCGGGTTAGATGA,1.5647521305794632
31685,0.21028658438496023,1__nan,PertCortex_1_CGATGGCGTCGGATCC,3.25106304733105
31686,0.22386227983431667,1__nan,PertCortex_1_CGATGGCGTTCGTCTC,3.701341991324086
31687,0.6030129534603126,1__nan,PertCortex_1_CGATGTAAGACTAGGC,1.4852151046955566
31688,0.1475585045982593,1__nan,PertCortex_1_CGATGTACATCCGGGT,1.797110772985469
31689,0.16069986890038063,1__nan,PertCortex_1_CGATGTAGTGTGCCTG,1.4995253400459905
31690,0.17253760325159187,1__nan,PertCortex_1_CGATGTATCTAACGGT,2.80046195131081
31691,0.6166623743980606,1__nan,PertCortex_1_CGATTGAAGCCGATTT,2.012602812145691
31692,0.2176487618977457,1__nan,PertCortex_1_CGATTGACACCACCAG,3.4689321823528005
31693,0.3408531055616339,1__nan,PertCortex_1_CGATTGAGTCACCTAA,2.116825466324842
31694,0.3319636669187303,1__nan,PertCortex_1_CGATTGAGTTCCCTTG,2.171815900205901
31695,0.13744476919984136,1__nan,PertCortex_1_CGATTGATCGTTTAGG,2.965891757648769
31696,0.6207631109720114,1__nan,PertCortex_1_CGCCAAGCATCCGCGA,1.1041661765573298
31697,0.16473213784457066,1__nan,PertCortex_1_CGCCAAGGTAAAGTCA,2.579528966866221
31698,0.09887458623043739,1__nan,PertCortex_1_CGCCAAGGTAGGGACT,3.6740040641127396
31699,0.23806338923465314,1__nan,PertCortex_1_CGCGGTACACTTACGA,1.3066510458988425
31700,0.10869229860695036,1__nan,PertCortex_1_CGCGGTATCCCGACTT,4.150047416115489
31701,0.12330723515331427,1__nan,PertCortex_1_CGCGTTTGTAGAGTGC,2.7403117567283166
31702,0.32643206973776023,1__nan,PertCortex_1_CGCTATCCAAGTAGTA,1.9793668972930614
31703,0.1070785399877126,1__nan,PertCortex_1_CGCTGGAGTACACCGC,4.6961612014513054
31704,0.1848900821211634,1__nan,PertCortex_1_CGCTGGAGTTTGGCGC,3.2291377889364212
31705,0.5526057478540698,1__nan,PertCortex_1_CGCTTCACAAGCCTAT,1.4349557039835945
31706,0.09304677630953956,1__nan,PertCortex_1_CGGACTGAGACAAAGG,5.0400483783451975
31707,0.3330587908404959,1__nan,PertCortex_1_CGGACTGGTCAAAGCG,2.006813602287498
31708,0.6708829829451272,1__nan,PertCortex_1_CGGACTGTCACATACG,1.698712639477448
31709,0.23004774735573594,1__nan,PertCortex_1_CGGAGCTAGCCAGAAC,1.7490374078152922
31710,0.3669836954002092,1__nan,PertCortex_1_CGGAGCTAGCTTCGCG,2.0445509570887097
31711,0.4348153555639118,1__nan,PertCortex_1_CGGAGCTGTCAATGTC,1.6600643818668201
31712,0.17705273794779425,1__nan,PertCortex_1_CGGAGTCGTGATGATA,3.499489191871704
31713,0.5332031279864656,1__nan,PertCortex_1_CGGAGTCTCACGACTA,2.1645280461513083
31714,0.30635964381455866,1__nan,PertCortex_1_CGGCTAGTCGTGGTCG,1.576749375730827
31715,0.4724139337673215,1__nan,PertCortex_1_CGGGTCAGTCAGAGGT,2.4938797387100387
31716,0.11167303020630018,1__nan,PertCortex_1_CGGTTAACACATGGGA,3.491516695790014
31717,0.21558063921228668,1__nan,PertCortex_1_CGGTTAAGTACAAGTA,3.4145182300359984
31718,0.06123608988006462,1__nan,PertCortex_1_CGGTTAAGTCTGGAGA,4.441528548138526
31719,0.19439319609043257,1__nan,PertCortex_1_CGTAGCGTCAGCTCTC,3.3552753430035636
31720,0.1598605579681462,1__nan,PertCortex_1_CGTAGGCAGTTGTCGT,3.140757838933475
31721,0.10042572249923401,1__nan,PertCortex_1_CGTAGGCGTACATCCA,3.47655935971492
31722,0.5080247662970474,1__nan,PertCortex_1_CGTAGGCTCGGAATCT,1.3906307931962056
31723,0.12023407369995485,1__nan,PertCortex_1_CGTCACTCACAGTCGC,4.15528990532516
31724,0.25038285925533665,1__nan,PertCortex_1_CGTCACTCAGATGGCA,2.669801270229713
31725,0.27375904968225273,1__nan,PertCortex_1_CGTCACTGTATAATGG,3.997098051701251
31726,0.24694841122841468,1__nan,PertCortex_1_CGTCCATCAACTGCGC,2.0198952628643285
31727,0.08321187231065312,1__nan,PertCortex_1_CGTCCATGTCATCCCT,3.226794233882441
31728,0.24217135506079457,1__nan,PertCortex_1_CGTCCATTCCTGTAGA,2.5574672551138793
31729,0.08144508908342805,1__nan,PertCortex_1_CGTCTACAGTGCGATG,4.289174562445867
31730,0.10690246738111381,1__nan,PertCortex_1_CGTCTACAGTGGGCTA,2.0061857549621633
31731,0.2098647827905162,1__nan,PertCortex_1_CGTCTACCACAGACTT,2.7891097657662187
31732,0.15915869493627038,1__nan,PertCortex_1_CGTCTACGTCTCCCTA,3.86532870063494
31733,0.259147536906658,1__nan,PertCortex_1_CGTCTACTCTAACTTC,2.065189212987815
31734,0.1590127714407374,1__nan,PertCortex_1_CGTGAGCAGAATCTCC,2.5863260859193624
31735,0.1237000837331894,1__nan,PertCortex_1_CGTGAGCCAATCTACG,3.8792727169742354
31736,0.5457767298439853,1__nan,PertCortex_1_CGTGAGCCACGCCAGT,1.8394873890533054
31737,0.1491958514056642,1__nan,PertCortex_1_CGTGAGCGTATCAGTC,2.674370226355052
31738,0.5003463412517244,1__nan,PertCortex_1_CGTGAGCGTCAACATC,1.5731206322187932
31739,0.13497094522777683,1__nan,PertCortex_1_CGTGAGCGTCCGTTAA,3.755622146400865
31740,0.26910099202858195,1__nan,PertCortex_1_CGTGTAAAGATGTAAC,2.7562761651180567
31741,0.4114751277967598,1__nan,PertCortex_1_CGTGTAACATCTCGCT,1.8362265122794237
31742,0.5006679675860193,1__nan,PertCortex_1_CGTGTAAGTGGTCCGT,1.4640396241018472
31743,0.25625474960631117,1__nan,PertCortex_1_CTAACTTAGATGGGTC,3.163316730008966
31744,0.03335887054657541,1__nan,PertCortex_1_CTAACTTAGGCATGTG,3.3990927039054935
31745,0.17668252398962336,1__nan,PertCortex_1_CTAACTTCAGGATTGG,2.156577039956709
31746,0.15775299855988062,1__nan,PertCortex_1_CTAACTTCAGTAAGCG,3.8206733178206314
31747,0.23427755376905282,1__nan,PertCortex_1_CTAACTTTCAACTCTT,3.5157629788614684
31748,0.22064510586481928,1__nan,PertCortex_1_CTAAGACGTAGCGCTC,3.469265880970869
31749,0.15749302148271258,1__nan,PertCortex_1_CTAAGACTCCCAGGTG,1.9692616160829455
31750,0.24165278258570583,1__nan,PertCortex_1_CTAATGGCAATGAATG,2.809093499460464
31751,0.2136814516413739,1__nan,PertCortex_1_CTAATGGCATAAAGGT,1.9123167723477335
31752,0.16459697322311165,1__nan,PertCortex_1_CTACACCAGAAGCCCA,3.095572694393715
31753,0.1789196338540376,1__nan,PertCortex_1_CTACACCAGTCAAGGC,4.250876849166755
31754,0.1736308241674439,1__nan,PertCortex_1_CTACACCAGTTAGGTA,2.123326555865887
31755,0.1610232051753616,1__nan,PertCortex_1_CTACACCCACGAGGTA,3.8411539571490776
31756,0.16231564822792513,1__nan,PertCortex_1_CTACACCTCTGCAAGT,3.0307744909369654
31757,0.276528535354087,1__nan,PertCortex_1_CTACATTAGGGTCTCC,2.5755430270923343
31758,-0.017214735410643407,1__nan,PertCortex_1_CTACATTGTAGCCTAT,3.944746823675235
31759,0.11473703527123903,1__nan,PertCortex_1_CTACATTTCTTAGAGC,4.436584648208766
31760,0.20425945540717858,1__nan,PertCortex_1_CTACCCATCAGAGACG,2.7034692059505727
31761,0.07079457541938577,1__nan,PertCortex_1_CTACGTCGTCTCGTTC,2.4688375492881347
31762,0.0554322751819854,1__nan,PertCortex_1_CTAGAGTAGAAGGTTT,4.849233629624063
31763,0.38526116911447567,1__nan,PertCortex_1_CTAGAGTGTTCGAATC,1.5703145457926693
31764,0.05290162991268216,1__nan,PertCortex_1_CTAGAGTTCCATTCTA,3.6377907254847353
31765,0.2878247028129416,1__nan,PertCortex_1_CTAGCCTCAGTAAGAT,3.6136031399122026
31766,0.1685621209443384,1__nan,PertCortex_1_CTAGTGAAGCAGGCTA,4.0953150813492085
31767,0.38362241680658,1__nan,PertCortex_1_CTAGTGACATATGGTC,1.9086598572100015
31768,0.4891499674691838,1__nan,PertCortex_1_CTAGTGATCGAATGGG,2.275297476326024
31769,0.20690281783689954,1__nan,PertCortex_1_CTCACACAGGGCTTCC,3.2934049200526925
31770,0.5981772465794698,1__nan,PertCortex_1_CTCAGAAAGGCCCTCA,1.62980823555123
31771,0.5052260435809869,1__nan,PertCortex_1_CTCAGAATCTGATTCT,1.7606294435739986
31772,0.1246628310947501,1__nan,PertCortex_1_CTCATTAAGAGATGAG,4.203299526703213
31773,0.09376109608875367,1__nan,PertCortex_1_CTCCTAGAGTATTGGA,4.427430167810009
31774,0.20590263322636412,1__nan,PertCortex_1_CTCCTAGTCGATAGAA,2.9519350954470545
31775,0.44394147540096773,1__nan,PertCortex_1_CTCGAAAGTAGCGTCC,1.7321604781669582
31776,0.5095229630696176,1__nan,PertCortex_1_CTCGAAAGTATAGGTA,2.0935334746456182
31777,0.12265741037949014,1__nan,PertCortex_1_CTCGAAAGTTAGGGTG,3.1162773494015403
31778,0.2496509024868707,1__nan,PertCortex_1_CTCGAAAGTTGTGGCC,3.0201657972840765
31779,0.06964733100600963,1__nan,PertCortex_1_CTCGAGGAGCCATCGC,3.931493951348694
31780,0.5716049047543376,1__nan,PertCortex_1_CTCGAGGTCTGTCTAT,1.3696526178962594
31781,0.12285923416610342,1__nan,PertCortex_1_CTCGGGAAGAGCTGCA,3.2565939166309352
31782,0.12330011906166446,1__nan,PertCortex_1_CTCGTACAGTACGCGA,4.200364970313362
31783,0.5059995677646609,1__nan,PertCortex_1_CTCGTACAGTGTCCAT,1.4916176202411493
31784,0.05310617641519552,1__nan,PertCortex_1_CTCGTACGTATCACCA,3.253150869053498
31785,0.09532561836623689,1__nan,PertCortex_1_CTCGTACGTGCACTTA,4.004513647826419
31786,0.16971523973757713,1__nan,PertCortex_1_CTCGTCAGTCACAAGG,3.932285121559041
31787,0.2674133150333812,1__nan,PertCortex_1_CTCTAATGTAAATACG,3.0631595075735696
31788,0.3159822807151982,1__nan,PertCortex_1_CTCTAATGTCCGAATT,2.711224113403466
31789,0.3338818016082668,1__nan,PertCortex_1_CTCTACGCAGGCTCAC,1.5885949616072448
31790,0.09543733920710858,1__nan,PertCortex_1_CTCTACGTCTGCTGTC,2.9040995752994614
31791,0.2059166885229169,1__nan,PertCortex_1_CTCTGGTCATCAGTCA,4.25811195242886
31792,0.12965290442787572,1__nan,PertCortex_1_CTCTGGTCATGCATGT,3.695666333325243
31793,0.37347771460765106,1__nan,PertCortex_1_CTCTGGTGTAAGTGGC,1.4524079249332236
31794,0.06556949842860625,1__nan,PertCortex_1_CTCTGGTGTATAGGTA,3.275706870706835
31795,0.36746995009580646,1__nan,PertCortex_1_CTCTGGTGTTGAACTC,2.323042093776382
31796,0.10253266764311782,1__nan,PertCortex_1_CTGAAACCAAGACGTG,3.6928351689475893
31797,0.3472659678950527,1__nan,PertCortex_1_CTGAAGTAGTATGACA,2.1768276612866693
31798,0.2652633744766971,1__nan,PertCortex_1_CTGAAGTCAGACGCCT,3.2626220639608374
31799,0.05276289947721298,1__nan,PertCortex_1_CTGATAGCATGCCTTC,3.654648168928334
31800,0.11065422409644296,1__nan,PertCortex_1_CTGATAGGTTGAACTC,3.6932613751033943
31801,0.44750862257872837,1__nan,PertCortex_1_CTGATAGTCGTACGGC,1.7860278561235157
31802,0.7120626914182909,1__nan,PertCortex_1_CTGATCCGTCAAAGCG,1.3874990981784394
31803,0.5422546296862882,1__nan,PertCortex_1_CTGATCCTCTAACGGT,2.1059054216065625
31804,0.13502748170856474,1__nan,PertCortex_1_CTGCTGTCATGGGAAC,3.5352262644727452
31805,0.5837784435929263,1__nan,PertCortex_1_CTGCTGTGTAATCACC,1.849546799922009
31806,0.16875804776625206,1__nan,PertCortex_1_CTGGTCTAGACTTTCG,2.6963060842516717
31807,0.21147869893102159,1__nan,PertCortex_1_CTGGTCTAGGCCCTCA,3.2457257716794876
31808,0.5752225271137712,1__nan,PertCortex_1_CTGGTCTAGTGCCAGA,1.3757400843664016
31809,0.28777956233397955,1__nan,PertCortex_1_CTGGTCTCACCGATAT,2.927783187668204
31810,-0.02054873628879078,1__nan,PertCortex_1_CTGGTCTGTCCGAAGA,4.151946604160168
31811,0.3853919559452917,1__nan,PertCortex_1_CTGTGCTCAACCGCCA,1.8501959807244703
31812,0.15765981063542658,1__nan,PertCortex_1_CTGTTTAAGTCCTCCT,3.1418031911576647
31813,0.5170926018722009,1__nan,PertCortex_1_CTGTTTAGTCGCATAT,1.7177190895111512
31814,0.06171851214081759,1__nan,PertCortex_1_CTGTTTATCATAACCG,4.621928352218061
31815,0.14388173493552373,1__nan,PertCortex_1_CTGTTTATCATGTCTT,4.328233959487749
31816,0.36885111310959845,1__nan,PertCortex_1_CTTAACTAGCTAGTTC,3.028157003002755
31817,0.558992719237862,1__nan,PertCortex_1_CTTAACTAGCTCAACT,2.3782290377508892
31818,0.5320737756342795,1__nan,PertCortex_1_CTTAACTAGGCAGTCA,1.308968810565625
31819,0.05637160187970479,1__nan,PertCortex_1_CTTAACTCAATGGACG,3.0681689488500923
31820,0.5685139608386138,1__nan,PertCortex_1_CTTCTCTAGATCTGCT,1.7222898405840024
31821,0.3721108287604059,1__nan,PertCortex_1_CTTGGCTCACTTCGAA,1.6326828241229008
31822,0.30089879045608403,1__nan,PertCortex_1_CTTGGCTGTTACGACT,2.1575809985174015
31823,0.03690803171610044,1__nan,PertCortex_1_CTTGGCTTCTTGACGA,1.8544361616595357
31824,0.49519435385158894,1__nan,PertCortex_1_CTTTGCGAGGGAAACA,1.4644599825448528
31825,0.4576234539408873,1__nan,PertCortex_1_CTTTGCGGTCGGATCC,1.6174335561299797
31826,0.05857755425620303,1__nan,PertCortex_1_GAAACTCTCAAACAAG,3.61084158212056
31827,0.4918273789264675,1__nan,PertCortex_1_GAAATGAGTGTAAGTA,1.6921973979691134
31828,0.3080619094709268,1__nan,PertCortex_1_GAAATGATCCATGAAC,2.2454619170411507
31829,0.1847350436270301,1__nan,PertCortex_1_GAACATCAGAGGTACC,3.1077339396293993
31830,0.1512891264554775,1__nan,PertCortex_1_GAACATCGTCGGATCC,3.8119918376448654
31831,0.5124971870201793,1__nan,PertCortex_1_GAACATCGTGCCTTGG,1.6179123093149843
31832,0.21366220976371883,1__nan,PertCortex_1_GAACATCTCATCGCTC,3.2271201470722257
31833,0.11399571710408746,1__nan,PertCortex_1_GAACATCTCGTGGACC,3.6954405939563593
31834,0.3657062998959286,1__nan,PertCortex_1_GAACCTAAGCTGAAAT,2.3558111255466136
31835,0.09172014734992029,1__nan,PertCortex_1_GAACCTAGTGCCTGGT,3.5883620574585566
31836,0.14508018978900786,1__nan,PertCortex_1_GAACCTAGTTACCAGT,4.466881932028736
31837,0.5402100656241116,1__nan,PertCortex_1_GAACCTAGTTCCATGA,1.9921149310775428
31838,0.2136785461044926,1__nan,PertCortex_1_GAACGGAAGCTGTCTA,3.0411305821461125
31839,0.10647798806826164,1__nan,PertCortex_1_GAACGGACAATGAATG,3.609547804670512
31840,0.04140120568820519,1__nan,PertCortex_1_GAACGGATCATTCACT,4.015513994286907
31841,0.0841257354319695,1__nan,PertCortex_1_GAACGGATCTCTAAGG,3.621356954140614
31842,0.21750775272088343,1__nan,PertCortex_1_GAAGCAGCAGATCTGT,2.970716601010702
31843,0.17262757296354106,1__nan,PertCortex_1_GAAGCAGTCTTAGCCC,2.517008488158783
31844,0.16280961449869955,1__nan,PertCortex_1_GAATAAGAGCTGCGAA,2.824870246561962
31845,0.2670474425971453,1__nan,PertCortex_1_GAATAAGAGTGAAGTT,2.3367474753473934
31846,0.41417465502551964,1__nan,PertCortex_1_GAATAAGTCCGTTGCT,1.7624227554873355
31847,0.14393157058486813,1__nan,PertCortex_1_GAATAAGTCGTTTGCC,4.840341437818136
31848,0.08837983805980414,1__nan,PertCortex_1_GAATAAGTCTACTTAC,2.7830847332751185
31849,0.24143331670595425,1__nan,PertCortex_1_GACACGCCAAGGTTTC,3.2997858451180244
31850,0.25990940559216574,1__nan,PertCortex_1_GACACGCCACGCATCG,3.4397463721476313
31851,0.2593160846183207,1__nan,PertCortex_1_GACACGCTCATTCACT,2.575461217781121
31852,0.23533194446453412,1__nan,PertCortex_1_GACAGAGTCGTTTAGG,2.8280687088750063
31853,0.1256274727426054,1__nan,PertCortex_1_GACCAATAGTACGTAA,4.17276997123302
31854,0.36367668761236843,1__nan,PertCortex_1_GACCAATGTTTGGCGC,1.4440678229710102
31855,0.21480446919032464,1__nan,PertCortex_1_GACCAATTCCAAAGTC,3.458387579443436
31856,0.4745756659561407,1__nan,PertCortex_1_GACCTGGAGCTCCTTC,1.880454543975164
31857,0.09433443168270257,1__nan,PertCortex_1_GACCTGGGTTGGAGGT,3.82691110318871
31858,0.09780867778288203,1__nan,PertCortex_1_GACGCGTCAGTATGCT,3.3689861472679894
31859,0.060375701540848654,1__nan,PertCortex_1_GACGGCTCAATAGAGT,3.0440913442208393
31860,0.11115521507076101,1__nan,PertCortex_1_GACGGCTCACCGCTAG,4.506776997576664
31861,0.22571630599461726,1__nan,PertCortex_1_GACGGCTCACTCAGGC,3.493367517354254
31862,0.34538583898273034,1__nan,PertCortex_1_GACGGCTTCTGCGACG,1.844561461909594
31863,0.19529305116735174,1__nan,PertCortex_1_GACGGCTTCTTCGGTC,3.219433571654304
31864,0.08599671879756844,1__nan,PertCortex_1_GACGTGCGTCCTCCAT,5.069545632435482
31865,0.25506276078012824,1__nan,PertCortex_1_GACGTTAAGTAGCGGT,3.722885252207
31866,0.4784328404048882,1__nan,PertCortex_1_GACGTTAAGTGGGTTG,2.0158323074379476
31867,0.12334104485458858,1__nan,PertCortex_1_GACGTTAGTCCGAAGA,3.7360295659487575
31868,0.22074498479227464,1__nan,PertCortex_1_GACTACAGTGATGTCT,2.328672799508367
31869,0.5596221411397158,1__nan,PertCortex_1_GACTACATCTTTACGT,1.504895846438647
31870,0.3101785007554437,1__nan,PertCortex_1_GACTGCGCAAGGTGTG,1.9696473381419728
31871,0.20430040747119,1__nan,PertCortex_1_GACTGCGCAGACACTT,3.0850274540139635
31872,0.13982325760475883,1__nan,PertCortex_1_GACTGCGTCGGCTACG,3.8633528643494857
31873,0.1715795668293061,1__nan,PertCortex_1_GACTGCGTCTGCGACG,4.004111064284311
31874,0.36615350792550067,1__nan,PertCortex_1_GAGCAGAGTGGCGAAT,1.5895218348559728
31875,0.09136492289900021,1__nan,PertCortex_1_GAGCAGATCTCATTCA,3.0355457281080978
31876,0.6651098729121007,1__nan,PertCortex_1_GAGCAGATCTGTCAAG,1.6648995935366757
31877,0.3428936908505004,1__nan,PertCortex_1_GAGGTGAAGTGGTAAT,3.08184436177011
31878,0.059327288549487954,1__nan,PertCortex_1_GAGGTGACAAATACAG,4.068791276473222
31879,0.09914247950544602,1__nan,PertCortex_1_GAGGTGACACCTATCC,3.9790169290995334
31880,0.28833766871923366,1__nan,PertCortex_1_GAGGTGACACCTCGGA,2.2171599639270845
31881,0.23843366416985,1__nan,PertCortex_1_GAGGTGAGTACAGACG,1.8981641457442324
31882,0.33201939708331113,1__nan,PertCortex_1_GAGTCCGAGCCATCGC,2.1305028075386816
31883,0.4265051375539139,1__nan,PertCortex_1_GAGTCCGTCCAAACAC,1.6849738844718518
31884,0.197878100460324,1__nan,PertCortex_1_GATCAGTAGAGCTTCT,3.66124113272221
31885,0.29100707803141,1__nan,PertCortex_1_GATCAGTCAAGCTGTT,3.2489444589221366
31886,0.2599391251480354,1__nan,PertCortex_1_GATCAGTCATTACCTT,2.731162434608724
31887,0.21454125271525334,1__nan,PertCortex_1_GATCAGTGTTAAAGAC,3.466390161399519
31888,0.2402288882562162,1__nan,PertCortex_1_GATCGATCAGCGTTCG,2.689702602950516
31889,0.2088854387036366,1__nan,PertCortex_1_GATCGATGTACCATCA,2.68949395708421
31890,0.31225960566263766,1__nan,PertCortex_1_GATCGATGTATATGGA,2.2420494243608293
31891,0.41789850437222903,1__nan,PertCortex_1_GATCGATGTCGAGATG,1.909405894468033
31892,0.07813155198766224,1__nan,PertCortex_1_GATCGATGTGCGAAAC,3.54687739181171
31893,0.009760722147176744,1__nan,PertCortex_1_GATCGATTCCCACTTG,3.1515117259711616
31894,0.22971245856522232,1__nan,PertCortex_1_GATCGCGGTTACCGAT,1.8800137513934376
31895,0.2813405726477661,1__nan,PertCortex_1_GATCGTAGTCGAAAGC,1.7601234536984771
31896,0.6435700153305226,1__nan,PertCortex_1_GATCGTATCTGCTTGC,2.0308619518350293
31897,0.06609618138244297,1__nan,PertCortex_1_GATCTAGGTTACGCGC,5.006165155634717
31898,0.18911990364601325,1__nan,PertCortex_1_GATGAAAAGAGGTACC,3.18874411842623
31899,0.23679066178480074,1__nan,PertCortex_1_GATGAAAAGGAATGGA,2.728152396942802
31900,0.22350912559856018,1__nan,PertCortex_1_GATGAAACACTGCCAG,2.24054894708664
31901,0.21453177669949536,1__nan,PertCortex_1_GATGAAACAGTTAACC,3.0354545813043194
31902,0.10990587929267831,1__nan,PertCortex_1_GATGAAAGTGCACCAC,3.45871560563871
31903,0.28523200923964886,1__nan,PertCortex_1_GATGAGGAGCTCCTTC,1.8689109516668003
31904,0.16228657739150587,1__nan,PertCortex_1_GATGAGGAGGCTCTTA,3.3398724455086954
31905,0.31468839944828625,1__nan,PertCortex_1_GATGAGGGTAGCAAAT,2.2390109646107783
31906,0.1510055006627379,1__nan,PertCortex_1_GATGCTAAGCCACGTC,2.293208912526994
31907,0.17339348018234382,1__nan,PertCortex_1_GATGCTAGTACCGGCT,2.5871944149305355
31908,0.12561009810546556,1__nan,PertCortex_1_GATTCAGAGAAAGTGG,4.648513354726503
31909,0.4327705201807772,1__nan,PertCortex_1_GCAAACTAGAACTGTA,2.1199646217219597
31910,0.08893399728938609,1__nan,PertCortex_1_GCAAACTCACTGTGTA,3.6780421316607943
31911,0.14083284752532524,1__nan,PertCortex_1_GCAAACTCAGTCAGAG,4.003217730463579
31912,0.19130613113891698,1__nan,PertCortex_1_GCAAACTGTCAGAGGT,2.965829731743194
31913,0.1912451093062067,1__nan,PertCortex_1_GCAAACTTCGCCAGCA,3.535530628470255
31914,0.40396097207606035,1__nan,PertCortex_1_GCAATCAGTAACGTTC,2.481608563125252
31915,0.16307038773307228,1__nan,PertCortex_1_GCAATCAGTGCACTTA,4.999824572070607
31916,0.14250839869917395,1__nan,PertCortex_1_GCAATCATCGAGAACG,3.1784141549498437
31917,0.20952255633454164,1__nan,PertCortex_1_GCACATAAGATCTGCT,3.0218632932286615
31918,0.11610394881988202,1__nan,PertCortex_1_GCACATATCTACGAGT,5.256497272680655
31919,0.08303406908581307,1__nan,PertCortex_1_GCAGCCATCAGGTAAA,3.7330044527045123
31920,-0.026142534948573205,1__nan,PertCortex_1_GCAGTTAAGATATGCA,2.599087797691501
31921,0.1720970131862005,1__nan,PertCortex_1_GCAGTTAAGGCCCTCA,2.336554086179102
31922,0.10296154194679832,1__nan,PertCortex_1_GCAGTTACAACTTGAC,3.9371750355831607
31923,0.0966234776828632,1__nan,PertCortex_1_GCAGTTATCAGGCAAG,3.354971823085932
31924,0.15576290333117782,1__nan,PertCortex_1_GCATACAGTAGCGTAG,4.771427398570426
31925,0.5084639662464513,1__nan,PertCortex_1_GCATGATGTAGCTAAA,1.9972977274927297
31926,0.1077455836658684,1__nan,PertCortex_1_GCATGATTCAAACAAG,3.8780232408753
31927,0.18449139122225558,1__nan,PertCortex_1_GCATGATTCGGCGCAT,2.38097554300731
31928,0.21636008017340502,1__nan,PertCortex_1_GCATGTACACGCCAGT,3.079329314729179
31929,0.37466779111174087,1__nan,PertCortex_1_GCATGTACATCCTTGC,1.9234812539056954
31930,0.2344410304316557,1__nan,PertCortex_1_GCCAAATAGATATGGT,2.6418503043075288
31931,0.17974675032538662,1__nan,PertCortex_1_GCCAAATAGGTGCAAC,3.5445550264557135
31932,0.2340376537037458,1__nan,PertCortex_1_GCCAAATCATTTCAGG,3.320124394559254
31933,0.20064327016116912,1__nan,PertCortex_1_GCCTCTAGTGTAAGTA,3.2817820537890605
31934,0.24617952719084754,1__nan,PertCortex_1_GCCTCTAGTTTGACTG,2.9799395454616926
31935,0.41107077794189967,1__nan,PertCortex_1_GCCTCTATCGGAGGTA,1.981903993016233
31936,0.22093374470717134,1__nan,PertCortex_1_GCGACCAAGTACCGGA,2.8991440325707445
31937,0.17144908985544383,1__nan,PertCortex_1_GCGACCACAACAACCT,3.1493557010568045
31938,0.2200582052797696,1__nan,PertCortex_1_GCGAGAAAGCCATCGC,2.9650564852224472
31939,0.24477085893718986,1__nan,PertCortex_1_GCGAGAATCGTAGGTT,2.802034504327422
31940,0.09423651502373556,1__nan,PertCortex_1_GCGCAGTAGGCGTACA,2.4761677200186907
31941,0.1730195887033189,1__nan,PertCortex_1_GCGCAGTAGTGGTAAT,4.00015096757006
31942,0.08360455592264164,1__nan,PertCortex_1_GCGCAGTGTTATGTGC,3.795978897736104
31943,0.49241792038584625,1__nan,PertCortex_1_GCGCCAACATTATCTC,2.7387418071574174
31944,0.2658814021416421,1__nan,PertCortex_1_GCTCCTAGTACCGCTG,2.073251278121683
31945,0.08675302082143302,1__nan,PertCortex_1_GCTCCTATCAACACGT,3.244476595204722
31946,0.022950121129325474,1__nan,PertCortex_1_GCTGCAGGTGCCTGGT,3.7845499151773883
31947,0.2538647753208171,1__nan,PertCortex_1_GCTGCAGTCTCTAAGG,2.137925249850051
31948,0.6072272696435721,1__nan,PertCortex_1_GCTGCGAGTCGTCTTC,2.156431748214533
31949,0.11455188862718872,1__nan,PertCortex_1_GCTGCTTAGTCCATAC,4.494280526255958
31950,0.05927390301194225,1__nan,PertCortex_1_GCTGGGTCAAGTTAAG,4.828568197481029
31951,0.5442144014673752,1__nan,PertCortex_1_GCTGGGTCACGCTTTC,1.280183827131294
31952,0.2055726864342926,1__nan,PertCortex_1_GCTGGGTTCGGCTTGG,1.9148078443480554
31953,0.26262789725982666,1__nan,PertCortex_1_GCTGGGTTCTTGTATC,3.125397465684516
31954,0.4751317570714814,1__nan,PertCortex_1_GCTTCCAGTCACTGGC,1.7126987900605108
31955,0.12941687301900004,1__nan,PertCortex_1_GCTTGAACAGATTGCT,3.8616751149041786
31956,0.492071681366806,1__nan,PertCortex_1_GGAAAGCCACGCTTTC,1.8333364335545397
31957,0.2155398748694623,1__nan,PertCortex_1_GGAACTTCATATGGTC,3.233204854946363
31958,0.1709805575497656,1__nan,PertCortex_1_GGACAAGGTTACGACT,2.908510018523125
31959,0.16249694936369416,1__nan,PertCortex_1_GGACAGACACGGACAA,3.238045237246888
31960,0.06289778370073705,1__nan,PertCortex_1_GGACAGATCACCGGGT,4.193917031694657
31961,0.24800157405622714,1__nan,PertCortex_1_GGACATTGTAGAAAGG,3.0368383195191866
31962,0.04511961960600185,1__nan,PertCortex_1_GGACATTTCAGCTTAG,3.2656865240200514
31963,0.15080096607046156,1__nan,PertCortex_1_GGACATTTCTACGAGT,3.010480684968745
31964,0.3613251093501354,1__nan,PertCortex_1_GGACATTTCTGTTGAG,1.9220551045173015
31965,0.14362230870749243,1__nan,PertCortex_1_GGACGTCGTGTCGCTG,4.638153851576809
31966,0.21604302519048268,1__nan,PertCortex_1_GGAGCAACAGGTCTCG,2.80978380143092
31967,0.5705056564368487,1__nan,PertCortex_1_GGAGCAAGTGTCGCTG,2.2207495841208584
31968,0.1317126342524146,1__nan,PertCortex_1_GGATGTTAGCACGCCT,1.877016420386176
31969,0.2701612932679244,1__nan,PertCortex_1_GGATGTTCATATGAGA,3.00760048987147
31970,0.24196510604039717,1__nan,PertCortex_1_GGATGTTGTTGCCTCT,2.8868427379987818
31971,0.2391074916301866,1__nan,PertCortex_1_GGCAATTCATTACGAC,1.9706862309198456
31972,0.4521911312580985,1__nan,PertCortex_1_GGCGTGTTCTCCAGGG,1.932701566633081
31973,0.0709330651678135,1__nan,PertCortex_1_GGCTCGATCGAATGCT,3.6482155317553597
31974,0.43620110041358295,1__nan,PertCortex_1_GGCTGGTGTCGTCTTC,2.919911496918499
31975,0.30529838124906444,1__nan,PertCortex_1_GGGAATGCAATCCGAT,1.930733391526675
31976,0.03204693463731901,1__nan,PertCortex_1_GGGAATGGTATAGTAG,4.81335489023044
31977,0.5944157153902209,1__nan,PertCortex_1_GGGAATGTCCTTCAAT,1.3557523352225085
31978,0.1670488303135158,1__nan,PertCortex_1_GGGACCTAGAAGGGTA,2.5701997747378447
31979,0.1605957628059754,1__nan,PertCortex_1_GGGACCTCAAACGTGG,3.12517298257544
31980,0.1896356902469761,1__nan,PertCortex_1_GGGACCTGTCTTCGTC,2.8076553666676998
31981,0.16014605718814684,1__nan,PertCortex_1_GGGACCTGTTCAGACT,2.5641324994140597
31982,0.0894138995475688,1__nan,PertCortex_1_GGGACCTTCCGTTGTC,3.870001463000129
31983,0.2724295763644356,1__nan,PertCortex_1_GGGACCTTCCTGCCAT,2.0772682970372145
31984,0.26915818622907073,1__nan,PertCortex_1_GGGAGATCACTTACGA,3.119030909660403
31985,0.38320032703674045,1__nan,PertCortex_1_GGGAGATGTCGAGTTT,1.7712085986733528
31986,0.020717715225757372,1__nan,PertCortex_1_GGGAGATTCAACGGCC,2.7243314578093196
31987,0.16759279831752713,1__nan,PertCortex_1_GGGCACTAGCGTCTAT,3.723939634197068
31988,0.17218587129591748,1__nan,PertCortex_1_GGGCACTAGTTGAGAT,3.35079227450264
31989,0.20597940310860846,1__nan,PertCortex_1_GGGCATCAGCAGGCTA,3.128352776131401
31990,0.09540386049626068,1__nan,PertCortex_1_GGGCATCAGGAATCGC,3.0893127211037235
31991,0.3487497065531369,1__nan,PertCortex_1_GGGTCTGCAGGTCTCG,2.131058655019675
31992,0.194397623682168,1__nan,PertCortex_1_GGGTCTGCATGCCCGA,2.558562865681975
31993,0.20793923477968843,1__nan,PertCortex_1_GGGTTGCTCTTAACCT,3.6895018330215743
31994,0.6411057821375902,1__nan,PertCortex_1_GGTATTGCAAGACACG,1.675192006111574
31995,0.1259113032028951,1__nan,PertCortex_1_GGTATTGTCGCAAACT,2.8684442373086068
31996,0.10975825025857226,1__nan,PertCortex_1_GGTGAAGCAAAGCAAT,3.953962020841367
31997,0.5519562116263186,1__nan,PertCortex_1_GGTGAAGTCCCGGATG,1.4890518251357343
31998,0.4795920452927404,1__nan,PertCortex_1_GGTGCGTAGAGTAATC,1.7136946198479754
31999,0.5321922324382515,1__nan,PertCortex_1_GGTGCGTAGTGCGTGA,1.4990211152765724
32000,0.1819473525681598,1__nan,PertCortex_1_GGTGCGTAGTGTGGCA,4.124087502711106
32001,0.2165484002059475,1__nan,PertCortex_1_GGTGCGTCACCTATCC,2.5457819120579974
32002,0.22720252204584507,1__nan,PertCortex_1_GGTGTTATCTATGTGG,3.5940346804888055
32003,0.27039458542963185,1__nan,PertCortex_1_GTAACGTAGGCAAAGA,3.962038790473236
32004,0.04902475582751972,1__nan,PertCortex_1_GTAACTGGTTAAGGGC,4.159288011803973
32005,0.07755754070750226,1__nan,PertCortex_1_GTACGTATCGGCGCAT,4.168924891091183
32006,0.5916551345878078,1__nan,PertCortex_1_GTACGTATCTAACCGA,1.340343516112716
32007,0.3413802855470986,1__nan,PertCortex_1_GTACTCCCACGAGGTA,1.5913507535927345
32008,0.1836481048101053,1__nan,PertCortex_1_GTACTCCGTGTGACCC,3.6035794880758805
32009,0.17666215205435445,1__nan,PertCortex_1_GTACTTTAGCGCCTCA,2.6201557513316613
32010,0.5629471326445343,1__nan,PertCortex_1_GTACTTTAGTACCGGA,1.5412333094600048
32011,0.4318641173999174,1__nan,PertCortex_1_GTAGGCCTCTGCCAGG,2.6159095547193836
32012,0.20997265128416548,1__nan,PertCortex_1_GTAGTCAAGGTGGGTT,3.0075046125204987
32013,0.20130072394795517,1__nan,PertCortex_1_GTAGTCACAAGCCATT,2.7169566067655513
32014,0.4302640552775645,1__nan,PertCortex_1_GTAGTCACAAGGACAC,1.7918295219369758
32015,0.17843157752049632,1__nan,PertCortex_1_GTAGTCACACAGATTC,4.511660805493766
32016,0.47194196798408483,1__nan,PertCortex_1_GTAGTCACAGCTGCAC,1.790357665084316
32017,0.10252918317476699,1__nan,PertCortex_1_GTAGTCATCGACCAGC,4.705906482102681
32018,0.03766195321692046,1__nan,PertCortex_1_GTATCTTAGATGAGAG,3.4204163336176414
32019,0.1228653620681942,1__nan,PertCortex_1_GTATCTTAGGACCACA,3.816300390700242
32020,0.20756145208961949,1__nan,PertCortex_1_GTATCTTCAGACAAAT,3.009515550792202
32021,0.06193038674930203,1__nan,PertCortex_1_GTATCTTCATACTCTT,4.094885266856261
32022,0.40561292196366233,1__nan,PertCortex_1_GTATTCTGTGCATCTA,2.0841924052739205
32023,0.48957777346142506,1__nan,PertCortex_1_GTCAAGTCAAGTTCTG,1.724143676679414
32024,0.17978557475358695,1__nan,PertCortex_1_GTCAAGTTCTAACGGT,4.071048176519151
32025,0.16165286284341218,1__nan,PertCortex_1_GTCACAAAGCCAGTAG,3.716098568633256
32026,0.20031974205670622,1__nan,PertCortex_1_GTCACAACACATTCGA,2.814036370349566
32027,0.37117955356988325,1__nan,PertCortex_1_GTCACGGAGACCTTTG,2.320543944551189
32028,0.05472606760238633,1__nan,PertCortex_1_GTCACGGAGATAGCAT,3.3303430499027997
32029,0.1677647525770959,1__nan,PertCortex_1_GTCATTTTCCGTCAAA,2.9928895145318264
32030,0.122034717125265,1__nan,PertCortex_1_GTCCTCAAGGCCGAAT,4.348541503315085
32031,0.16212788941776993,1__nan,PertCortex_1_GTCCTCAAGTACTTGC,4.807036068495098
32032,0.2359173816745358,1__nan,PertCortex_1_GTCCTCACACAGACAG,3.7693486385288626
32033,0.20888328286313435,1__nan,PertCortex_1_GTCGGGTAGGAATGGA,2.9971966794762412
32034,0.13473873111129342,1__nan,PertCortex_1_GTCGGGTCAGATCTGT,3.8962842694810473
32035,0.1299765011034737,1__nan,PertCortex_1_GTCGGGTGTCCGAACC,1.9584599842971688
32036,0.2970049256986406,1__nan,PertCortex_1_GTCGGGTTCCTGCTTG,2.6891842900378133
32037,0.1779040047789053,1__nan,PertCortex_1_GTCGGGTTCGGCGCAT,3.3387806008188172
32038,0.02563951678619761,1__nan,PertCortex_1_GTCGTAACATTCCTGC,4.221168636883846
32039,0.3866379303914355,1__nan,PertCortex_1_GTCGTAATCTGCAGTA,2.608410017172038
32040,0.21114868481242224,1__nan,PertCortex_1_GTCTCGTCAAGTAATG,2.7858701107468913
32041,0.24032027448145712,1__nan,PertCortex_1_GTCTCGTGTATGCTTG,3.0984426797241467
32042,0.18571546348812243,1__nan,PertCortex_1_GTCTCGTGTGGGTATG,2.251780697004055
32043,0.04811280050012898,1__nan,PertCortex_1_GTCTCGTGTTATCCGA,4.400801708003015
32044,0.14654334921372045,1__nan,PertCortex_1_GTCTCGTTCAGTGCAT,5.237645249611087
32045,0.08591349741756098,1__nan,PertCortex_1_GTCTCGTTCTGTCTCG,3.7343278922506555
32046,0.244518436894713,1__nan,PertCortex_1_GTGAAGGCATGAAGTA,2.2089133917938906
32047,0.2286904698022597,1__nan,PertCortex_1_GTGAAGGTCGCTTGTC,4.364822746721384
32048,0.3340812572202468,1__nan,PertCortex_1_GTGCAGCAGAGTGACC,2.1312387408895437
32049,0.1077126662719179,1__nan,PertCortex_1_GTGCAGCCACGTCAGC,4.747846628063906
32050,0.15256405628815584,1__nan,PertCortex_1_GTGCAGCCAGGAATGC,3.3889630098223686
32051,0.24661568366690148,1__nan,PertCortex_1_GTGCAGCGTAAACGCG,2.7037933681947606
32052,0.07222038236480688,1__nan,PertCortex_1_GTGCAGCGTCGAGTTT,4.14965754649611
32053,0.16733913175444964,1__nan,PertCortex_1_GTGCAGCGTTCGTTGA,3.7592367120312393
32054,0.22234916607361013,1__nan,PertCortex_1_GTGCATAAGACAGGCT,2.600191996133531
32055,0.08904780887310347,1__nan,PertCortex_1_GTGCATACAAGGTTTC,4.815333015635686
32056,0.12371913774057314,1__nan,PertCortex_1_GTGCATACAGATCTGT,4.1299109152233235
32057,0.09571151271674753,1__nan,PertCortex_1_GTGCATATCACAAACC,4.124940106574806
32058,0.19035428247887048,1__nan,PertCortex_1_GTGCTTCCACGAAATA,3.226985233284911
32059,0.09340948395152138,1__nan,PertCortex_1_GTGCTTCTCAACGGGA,3.463711855666273
32060,0.2583022064678817,1__nan,PertCortex_1_GTGCTTCTCGGTCTAA,2.3069401508528444
32061,0.4527526110482007,1__nan,PertCortex_1_GTGGGTCAGATGCCTT,2.704021841861555
32062,0.27071668897168116,1__nan,PertCortex_1_GTGGGTCCATAGAAAC,2.1428254672906175
32063,0.37736520500520865,1__nan,PertCortex_1_GTGGGTCTCACAAACC,1.8085341461944608
32064,0.11474630757935592,1__nan,PertCortex_1_GTGTGCGAGGGATCTG,4.342741118038146
32065,0.3440253149705678,1__nan,PertCortex_1_GTGTGCGAGTCGCCGT,2.150692168787277
32066,0.21400156728130643,1__nan,PertCortex_1_GTGTGCGCAGACAGGT,2.969975345419725
32067,0.1115456904141423,1__nan,PertCortex_1_GTGTGCGTCTACCAGA,2.9327524000428484
32068,0.15444580931850008,1__nan,PertCortex_1_GTGTTAGAGACTAGGC,4.6416928630272345
32069,0.15782433237167173,1__nan,PertCortex_1_GTGTTAGTCCGTCAAA,3.0671061804021345
32070,0.18661226083365934,1__nan,PertCortex_1_GTTAAGCCACAGGCCT,3.2574623263646907
32071,0.2017437423440954,1__nan,PertCortex_1_GTTAAGCGTCCAGTAT,2.544498100616776
32072,0.4869028854109079,1__nan,PertCortex_1_GTTAAGCTCACGCATA,1.6430415824526396
32073,0.12685841297500774,1__nan,PertCortex_1_GTTAAGCTCCAGAGGA,4.257952817383284
32074,0.32284948078844306,1__nan,PertCortex_1_GTTAAGCTCCCATTAT,1.497286533782714
32075,0.2625952543916366,1__nan,PertCortex_1_GTTACAGAGTAGATGT,2.6611190951614794
32076,0.11198804160478634,1__nan,PertCortex_1_GTTACAGCAAGTAATG,4.553602438515106
32077,0.15593601204162805,1__nan,PertCortex_1_GTTACAGGTGCTGTAT,2.781589788914062
32078,0.5416345331715259,1__nan,PertCortex_1_GTTACAGTCTTGGGTA,2.0387073480710343
32079,0.5640675515251758,1__nan,PertCortex_1_GTTCATTAGGGTTCCC,1.5689334017511443
32080,0.10097378855152075,1__nan,PertCortex_1_GTTCATTGTATCACCA,2.0060342288007726
32081,0.09322070600587014,1__nan,PertCortex_1_GTTCGGGAGACCTTTG,5.206751994527872
32082,0.15892889561239976,1__nan,PertCortex_1_GTTCGGGAGATGAGAG,2.957697078825661
32083,0.15323942699335333,1__nan,PertCortex_1_GTTCGGGAGTGTGGCA,4.493706322566114
32084,0.26896998364779995,1__nan,PertCortex_1_GTTCGGGCATGTAGTC,3.0249566177636136
32085,0.7224386297618788,1__nan,PertCortex_1_GTTCTCGCATCACGAT,1.364733552838727
32086,0.21076927359434236,1__nan,PertCortex_1_GTTTCTACACTGTGTA,2.376466078502373
32087,0.1800437833830862,1__nan,PertCortex_1_GTTTCTATCAAAGACA,3.4548907244216003
32088,0.10019741521656553,1__nan,PertCortex_1_TAAACCGAGGCTAGGT,3.7121873086900687
32089,0.45828937039809503,1__nan,PertCortex_1_TAAACCGGTCGCGTGT,1.6204965781478755
32090,0.28156872234729724,1__nan,PertCortex_1_TAAGAGAGTGGCAAAC,1.9981442934931941
32091,0.3327243553191545,1__nan,PertCortex_1_TAAGAGATCCGTACAA,1.1593433522704852
32092,0.20834404212266006,1__nan,PertCortex_1_TAAGAGATCTCGTTTA,2.943222291656521
32093,0.14984207930316168,1__nan,PertCortex_1_TAAGCGTCATTTCACT,2.950899258936142
32094,0.40120004276483634,1__nan,PertCortex_1_TACACGAAGTGGAGAA,2.2962594984485474
32095,0.16020733525501174,1__nan,PertCortex_1_TACACGACATGTTGAC,3.44519396547398
32096,0.522877066796436,1__nan,PertCortex_1_TACAGTGAGACACGAC,1.5681787315820488
32097,0.14739456010012605,1__nan,PertCortex_1_TACAGTGCAGGTCCAC,4.928587259980391
32098,0.2870919196054137,1__nan,PertCortex_1_TACAGTGCATACGCCG,1.6498180926959667
32099,0.09428719312800772,1__nan,PertCortex_1_TACAGTGGTGCTCTTC,4.670122085087329
32100,0.34438192310675625,1__nan,PertCortex_1_TACAGTGGTTCATGGT,1.6571735054433006
32101,0.1360965310461008,1__nan,PertCortex_1_TACCTATAGAGTGAGA,3.9922683269351062
32102,0.1726151916423729,1__nan,PertCortex_1_TACCTATAGCCTCGTG,2.5790892605574665
32103,0.16276792534398243,1__nan,PertCortex_1_TACCTATAGGCATGGT,2.4754899408866193
32104,0.05160862528876786,1__nan,PertCortex_1_TACCTATAGGGTCGAT,3.6374963696776357
32105,0.22521876980919348,1__nan,PertCortex_1_TACCTATTCTTGCATT,3.192052200660136
32106,0.14611699915209658,1__nan,PertCortex_1_TACCTTAGTGGCCCTA,3.0602537914252177
32107,0.50327482921505,1__nan,PertCortex_1_TACGGATCACCACGTG,1.4016617860171006
32108,0.14713585956823003,1__nan,PertCortex_1_TACGGATCAGCGATCC,2.734579773376408
32109,0.07812840045076105,1__nan,PertCortex_1_TACGGATCAGGAATCG,3.41835896706285
32110,0.1276074898611797,1__nan,PertCortex_1_TACGGATGTCGCATCG,2.547069391853015
32111,0.5473295085881902,1__nan,PertCortex_1_TACGGGCAGGAGCGAG,2.373758198958094
32112,0.2455770646996448,1__nan,PertCortex_1_TACGGGCAGTTCGCAT,3.0588050870295076
32113,0.12077186146431104,1__nan,PertCortex_1_TACGGGCGTCAGATAA,2.754707675415938
32114,0.10544509651638762,1__nan,PertCortex_1_TACGGGCGTGATGCCC,4.346482566605199
32115,0.3001057666221482,1__nan,PertCortex_1_TACGGGCTCGTCCAGG,1.9435628484853074
32116,0.10533551975933657,1__nan,PertCortex_1_TACTCGCCATCGGACC,3.5760448209318483
32117,0.4849046426779332,1__nan,PertCortex_1_TACTCGCGTCAAAGAT,1.5184603929842617
32118,0.31598494542571476,1__nan,PertCortex_1_TACTTACAGTAACCCT,2.0047726542493702
32119,0.20307819050844877,1__nan,PertCortex_1_TACTTACTCGGAATCT,1.774040299566403
32120,0.10376082275691745,1__nan,PertCortex_1_TACTTGTAGACTAGAT,5.519307651978752
32121,0.2205946332631445,1__nan,PertCortex_1_TACTTGTAGTGAACAT,3.402573169811664
32122,0.6351793412820453,1__nan,PertCortex_1_TACTTGTTCGTTACAG,1.2391065927706
32123,0.18952048761648305,1__nan,PertCortex_1_TAGACCAGTCCGTCAG,4.81854912975644
32124,0.48298969145755094,1__nan,PertCortex_1_TAGACCATCAAAGACA,1.6799492047802058
32125,0.10902968589979951,1__nan,PertCortex_1_TAGACCATCCTCATTA,4.050152209896467
32126,0.09046230694740245,1__nan,PertCortex_1_TAGACCATCGGAAATA,4.060587930583227
32127,0.32722251060573937,1__nan,PertCortex_1_TAGCCGGGTCTGCAAT,2.712704398124947
32128,0.05243022768808347,1__nan,PertCortex_1_TAGCCGGGTGCATCTA,4.089151665562084
32129,0.2534118649881165,1__nan,PertCortex_1_TAGGCATAGCTCCTCT,3.0337182010385395
32130,0.2014757846554822,1__nan,PertCortex_1_TAGGCATAGTGTTGAA,3.0522768062115766
32131,0.5300005685544786,1__nan,PertCortex_1_TAGGCATTCGCAAACT,1.2574053464750028
32132,0.454762162104601,1__nan,PertCortex_1_TAGTTGGTCCAGAGGA,1.6362873626219958
32133,0.5366591243457809,1__nan,PertCortex_1_TATCAGGAGGCTAGGT,1.4874742187496364
32134,0.1548262671816258,1__nan,PertCortex_1_TATCAGGCACCGCTAG,3.981061839815594
32135,0.15892992475393178,1__nan,PertCortex_1_TATCAGGGTGCTCTTC,3.636938714140375
32136,0.06909442969612761,1__nan,PertCortex_1_TATCAGGGTGGCGAAT,4.823676285829306
32137,0.41774077601844417,1__nan,PertCortex_1_TATCTCAAGATCCCGC,1.8627951432727086
32138,0.4762478034421164,1__nan,PertCortex_1_TATGCCCAGCAATATG,1.8230588485875732
32139,0.3512405047974719,1__nan,PertCortex_1_TATTACCCAATGTAAG,1.6689894003929062
32140,0.1783865255222253,1__nan,PertCortex_1_TATTACCCATCCGCGA,3.815997187517807
32141,0.49961732807148757,1__nan,PertCortex_1_TCAACGAAGTTGAGTA,2.6971506837747947
32142,0.4116707951071816,1__nan,PertCortex_1_TCAACGACAAGACACG,1.9760865917395856
32143,0.19523783278189918,1__nan,PertCortex_1_TCAACGAGTAAGTGGC,3.8885171329531913
32144,0.5822377971581001,1__nan,PertCortex_1_TCAATCTAGTGCGATG,2.2159885924615015
32145,0.14741738960000503,1__nan,PertCortex_1_TCAATCTCACGGATAG,4.190993527826298
32146,0.10718760428879964,1__nan,PertCortex_1_TCACGAAAGGCACATG,4.270721804083655
32147,0.4504502797534901,1__nan,PertCortex_1_TCACGAATCTCGCTTG,1.4295539100809
32148,0.35205314079194266,1__nan,PertCortex_1_TCAGATGAGACTGGGT,1.7870264350627785
32149,0.07583499982882765,1__nan,PertCortex_1_TCAGATGCAGTCAGAG,4.072956138030652
32150,0.13457751821466435,1__nan,PertCortex_1_TCAGCAAGTAGAGGAA,4.727008309127878
32151,0.02483661558569245,1__nan,PertCortex_1_TCAGCTCCATGCCACG,4.401622692750975
32152,0.22827177205207805,1__nan,PertCortex_1_TCAGCTCGTAAGGGAA,2.778930986317496
32153,0.19281776919119395,1__nan,PertCortex_1_TCAGCTCTCACGAAGG,2.764884587953571
32154,0.14396691691613592,1__nan,PertCortex_1_TCAGCTCTCCTGCCAT,4.374842495537861
32155,0.4459976812370366,1__nan,PertCortex_1_TCAGCTCTCTCCAACC,1.6530617865200583
32156,0.23579266773618296,1__nan,PertCortex_1_TCAGGATTCTTGTACT,1.9857341420048074
32157,0.5288815477835662,1__nan,PertCortex_1_TCAGGTAAGACTAGAT,2.1977114686894903
32158,0.13510650454914602,1__nan,PertCortex_1_TCATTACAGGCAGGTT,2.7171761539600454
32159,0.060447808291841265,1__nan,PertCortex_1_TCATTACAGTCCGTAT,3.9324145563428807
32160,0.4892209345642599,1__nan,PertCortex_1_TCATTACTCAGGTTCA,1.8267798962749888
32161,0.15869031865785704,1__nan,PertCortex_1_TCATTACTCCGCGGTA,2.052483425433644
32162,0.04082121870436101,1__nan,PertCortex_1_TCATTTGTCTGGTATG,3.903377214023985
32163,0.16828983207135506,1__nan,PertCortex_1_TCCACACCAAACTGTC,2.495219482215288
32164,0.11717669620290601,1__nan,PertCortex_1_TCCCGATCAATACGCT,3.247330151407094
32165,0.4874091598490794,1__nan,PertCortex_1_TCCCGATTCACAAACC,2.269665746770518
32166,0.14477012242155968,1__nan,PertCortex_1_TCGAGGCAGCAGATCG,4.420659549707477
32167,0.20938154531007022,1__nan,PertCortex_1_TCGAGGCGTACGAAAT,4.01331563365768
32168,0.1931346303353727,1__nan,PertCortex_1_TCGAGGCTCGCGTTTC,3.0608619085340414
32169,0.19863002451732883,1__nan,PertCortex_1_TCGCGAGAGAACTGTA,2.4072470953559075
32170,0.051867559129831146,1__nan,PertCortex_1_TCGCGAGCATGGTAGG,3.5001000141466045
32171,0.19606862822642623,1__nan,PertCortex_1_TCGCGAGTCGTGGACC,2.404712524976353
32172,0.08572361187988965,1__nan,PertCortex_1_TCGCGAGTCTGTCTCG,3.8635203092579085
32173,0.13414405362287837,1__nan,PertCortex_1_TCGCGTTCAAGTACCT,3.7633011119445836
32174,0.2669241382100528,1__nan,PertCortex_1_TCGCGTTCACCAGGTC,2.238417585327677
32175,0.13574169458002533,1__nan,PertCortex_1_TCGCGTTCAGTCAGAG,3.328715349709805
32176,0.11304616113505712,1__nan,PertCortex_1_TCGCGTTCATATGCTG,3.9401313417420414
32177,0.47300651062052634,1__nan,PertCortex_1_TCGCGTTGTGTTCGAT,1.8552809096850755
32178,0.3175947153066517,1__nan,PertCortex_1_TCGCGTTTCGGACAAG,1.9441309875419146
32179,0.062307076587588835,1__nan,PertCortex_1_TCGGGACAGCCACCTG,4.6039645694450035
32180,0.07243013977052351,1__nan,PertCortex_1_TCGGGACAGTCATCCA,3.766944707711835
32181,0.0651202049206596,1__nan,PertCortex_1_TCGGGACGTAGCGTAG,3.232403906914708
32182,0.4378105580312877,1__nan,PertCortex_1_TCGGGACGTCAGAGGT,2.0040755542464748
32183,0.1235490098096396,1__nan,PertCortex_1_TCGGTAAGTGCCTTGG,3.2191802539886103
32184,0.2218222380132167,1__nan,PertCortex_1_TCGTACCGTTCATGGT,3.551870584475474
32185,0.16134268004772584,1__nan,PertCortex_1_TCGTAGACATACTACG,4.575021314643887
32186,0.5587781695929835,1__nan,PertCortex_1_TCGTAGAGTCGCTTCT,1.4223717728900418
32187,0.3278304148339387,1__nan,PertCortex_1_TCTCATAGTCGAGTTT,3.0066718357463125
32188,0.3065817721690645,1__nan,PertCortex_1_TCTCATAGTTCCACAA,2.170807224678925
32189,0.5582205973455738,1__nan,PertCortex_1_TCTCATATCTCTGTCG,1.4311099609993287
32190,0.13782336572043177,1__nan,PertCortex_1_TCTCTAACATGAGCGA,3.2461514183810505
32191,0.18918914754609548,1__nan,PertCortex_1_TCTCTAAGTTATTCTC,2.4084574688590883
32192,0.1304688339257108,1__nan,PertCortex_1_TCTCTAATCCTTTCGG,3.9697615607748813
32193,0.0739112748349538,1__nan,PertCortex_1_TCTCTAATCTGCAGTA,4.0183175546452095
32194,0.0960461833640858,1__nan,PertCortex_1_TCTGAGAGTAAACGCG,3.4519813076973103
32195,0.3997734957081,1__nan,PertCortex_1_TCTGAGAGTTACTGAC,2.2845992908737145
32196,0.5275158757921269,1__nan,PertCortex_1_TCTGGAAAGTCCGGTC,1.7556556311580689
32197,0.2978582634740159,1__nan,PertCortex_1_TCTGGAAGTATTCTCT,2.2433463460510064
32198,0.16021933092124868,1__nan,PertCortex_1_TCTGGAATCACCGGGT,2.5403183135737235
32199,0.15964857616654507,1__nan,PertCortex_1_TCTGGAATCGAGGTAG,4.851163299881915
32200,0.05433226944598859,1__nan,PertCortex_1_TCTGGAATCTGGCGTG,3.6308135764282694
32201,0.39522282301905953,1__nan,PertCortex_1_TCTGGAATCTTTAGTC,1.8641106714858913
32202,0.2624994596982602,1__nan,PertCortex_1_TCTTCGGGTCCGTCAG,2.108262775098915
32203,0.08563167164345324,1__nan,PertCortex_1_TCTTTCCGTGTCCTCT,3.712732508288174
32204,0.22878057933729476,1__nan,PertCortex_1_TCTTTCCTCCGTACAA,3.327904640695029
32205,0.22145999145152223,1__nan,PertCortex_1_TGAAAGATCGCGTTTC,3.2096251216366425
32206,0.3123679165905486,1__nan,PertCortex_1_TGACAACAGACAAGCC,1.9089444999232197
32207,0.3650293130757579,1__nan,PertCortex_1_TGACAACCATTGGGCC,2.4452452622742773
32208,0.237741000874485,1__nan,PertCortex_1_TGACGGCAGCAGGTCA,2.8026390020018197
32209,0.11793528397048994,1__nan,PertCortex_1_TGACGGCGTGCCTTGG,3.67211530066578
32210,0.4285005606684403,1__nan,PertCortex_1_TGACGGCGTTCTGTTT,2.2346778253944484
32211,0.20898948424500932,1__nan,PertCortex_1_TGACGGCTCAGCTCGG,1.8676474330681294
32212,0.14127215870490867,1__nan,PertCortex_1_TGACTAGAGTGACATA,4.277516348124835
32213,0.08707794463863681,1__nan,PertCortex_1_TGACTAGGTATCTGCA,3.685780134345205
32214,0.17537378664797912,1__nan,PertCortex_1_TGACTAGTCGTCTGCT,2.5520457975973083
32215,0.10880261015402651,1__nan,PertCortex_1_TGAGAGGGTTGGTTTG,4.354322319256288
32216,0.38391699816623537,1__nan,PertCortex_1_TGAGCATAGCGTCTAT,1.8543523886513087
32217,0.16860330623316136,1__nan,PertCortex_1_TGAGCATCACACCGCA,3.5568017107133865
32218,0.47975234189494664,1__nan,PertCortex_1_TGAGCCGAGACAGACC,1.6481235722737915
32219,0.2838982762245609,1__nan,PertCortex_1_TGAGCCGGTCGACTAT,1.7152216716135436
32220,0.37907217755264805,1__nan,PertCortex_1_TGAGCCGGTGCACGAA,2.1364904896364507
32221,0.1720611131693384,1__nan,PertCortex_1_TGAGGGAAGAGCTGGT,3.3404638078718834
32222,0.18585322791204667,1__nan,PertCortex_1_TGAGGGAGTCATCGGC,3.364136832041124
32223,0.2058798163537585,1__nan,PertCortex_1_TGATTTCAGCCGCCTA,2.5520297072656426
32224,0.3144269128258717,1__nan,PertCortex_1_TGATTTCTCATTTGGG,2.1142088069670617
32225,0.19106830710797212,1__nan,PertCortex_1_TGCACCTAGTTAGGTA,3.6169099617668348
32226,0.1267982322352835,1__nan,PertCortex_1_TGCACCTCAATCGAAA,4.454376797789207
32227,0.3378394819012252,1__nan,PertCortex_1_TGCCAAAAGTAACCCT,1.5185382840314743
32228,0.24770989512648484,1__nan,PertCortex_1_TGCCAAAAGTTAGCGG,1.730315698490998
32229,0.17497134963857866,1__nan,PertCortex_1_TGCCCATCATGCCACG,3.6882569660452633
32230,0.29897127452808586,1__nan,PertCortex_1_TGCCCATGTGCTCTTC,2.309174984483665
32231,0.21448906543976515,1__nan,PertCortex_1_TGCGCAGAGGCTCTTA,3.0627193579761314
32232,0.5226211103142037,1__nan,PertCortex_1_TGCGCAGTCCCTGACT,1.579576608173294
32233,0.5780301547239244,1__nan,PertCortex_1_TGCGGGTCAAGAGTCG,1.9251538470928506
32234,0.1103052496029553,1__nan,PertCortex_1_TGCGGGTCATCGGACC,3.880552470783933
32235,0.1523214155807086,1__nan,PertCortex_1_TGCGTGGAGCGTAATA,3.5229466917833694
32236,0.5851722252134832,1__nan,PertCortex_1_TGCTACCAGATCACGG,1.3683913938727599
32237,0.12509899724921833,1__nan,PertCortex_1_TGCTACCCACAACGCC,3.0375005522150937
32238,0.21263051076540546,1__nan,PertCortex_1_TGCTACCGTAGCGTCC,3.0521405756936675
32239,0.08091372484965959,1__nan,PertCortex_1_TGCTACCTCAGTTCGA,2.7083981677096394
32240,0.3126105659458079,1__nan,PertCortex_1_TGCTACCTCATCGGAT,1.9798108274926298
32241,0.43570945910603437,1__nan,PertCortex_1_TGCTGCTCATATGAGA,2.5370621058916134
32242,0.20575036415314507,1__nan,PertCortex_1_TGCTGCTGTAAAGGAG,3.2432648946538385
32243,0.15716500927772814,1__nan,PertCortex_1_TGCTGCTTCAACTCTT,3.412530557887473
32244,0.08561782841993479,1__nan,PertCortex_1_TGGACGCAGGGAGTAA,2.9996033950566416
32245,0.21201053949079984,1__nan,PertCortex_1_TGGACGCCAACGCACC,2.306051874463408
32246,0.1537430538805246,1__nan,PertCortex_1_TGGACGCCAAGGACTG,3.662431950830763
32247,0.18178160985428096,1__nan,PertCortex_1_TGGACGCCAATCGGTT,4.2636867456463765
32248,0.08580527338756033,1__nan,PertCortex_1_TGGACGCGTAGGACAC,2.9011399491765126
32249,0.40940614020760097,1__nan,PertCortex_1_TGGCCAGAGCGATGAC,1.6989209246547556
32250,0.29916509673636177,1__nan,PertCortex_1_TGGCCAGCAAACGCGA,2.5654522973164506
32251,0.31388768188383037,1__nan,PertCortex_1_TGGCGCAGTGCAGACA,2.9608973626595305
32252,0.3431437409711884,1__nan,PertCortex_1_TGGCGCATCAGAGCTT,3.717166309353418
32253,0.5408390528283399,1__nan,PertCortex_1_TGGCGCATCCTAAGTG,2.207098204070452
32254,0.4798137233412841,1__nan,PertCortex_1_TGGCTGGAGCCAGAAC,1.4786180246359548
32255,0.07782024150245312,1__nan,PertCortex_1_TGGGAAGAGATCGATA,4.0551863513902395
32256,0.045996227986146186,1__nan,PertCortex_1_TGGGAAGCACGTAAGG,4.709755819396301
32257,0.4338054443921878,1__nan,PertCortex_1_TGGTTAGCACAAGACG,1.8481487672341297
32258,0.1724086374962555,1__nan,PertCortex_1_TGGTTAGGTGTGTGCC,2.878338679449054
32259,0.22318266081746344,1__nan,PertCortex_1_TGGTTAGTCAGCAACT,3.2496090474878967
32260,0.1382706021687628,1__nan,PertCortex_1_TGGTTAGTCGGTTAAC,2.5512371110820022
32261,0.13995975393264456,1__nan,PertCortex_1_TGGTTCCAGACGCACA,4.053996057097439
32262,0.5648105292808641,1__nan,PertCortex_1_TGGTTCCCATCCTTGC,1.3388561249397444
32263,0.08346132489716149,1__nan,PertCortex_1_TGGTTCCTCGAGGTAG,4.31929305198465
32264,0.12697152868343112,1__nan,PertCortex_1_TGTATTCAGGCTCTTA,3.8960632005279905
32265,0.39826467721036174,1__nan,PertCortex_1_TGTATTCTCATAGCAC,1.3576984179781406
32266,0.42024486227141683,1__nan,PertCortex_1_TGTCCCAAGTGAAGTT,1.846860006645286
32267,0.1522224874806541,1__nan,PertCortex_1_TGTCCCACATCGACGC,2.406548535367229
32268,0.19172710767505777,1__nan,PertCortex_1_TGTCCCAGTAGGGACT,3.1560754352790528
32269,0.010061102578362503,1__nan,PertCortex_1_TGTGGTACATACTACG,4.551486871445495
32270,0.2686621984080459,1__nan,PertCortex_1_TGTGTTTCATAACCTG,3.1358725096437285
32271,0.6086778710854197,1__nan,PertCortex_1_TGTGTTTTCCAGTATG,1.895508945949134
32272,0.20281398507658924,1__nan,PertCortex_1_TGTGTTTTCCTACAGA,3.10051579994224
32273,0.0554835748751707,1__nan,PertCortex_1_TGTGTTTTCTTTACAC,3.918434620363438
32274,0.16201639931481382,1__nan,PertCortex_1_TGTTCCGAGACAGAGA,2.840251241586567
32275,0.39621706149045527,1__nan,PertCortex_1_TTAACTCCAACACCCG,1.8321477109337734
32276,0.10552053506678191,1__nan,PertCortex_1_TTAGGCAAGAGGTAGA,3.4817118491056074
32277,0.27234128991388884,1__nan,PertCortex_1_TTAGGCAGTATAGTAG,2.6127254714184973
32278,0.21834272568585814,1__nan,PertCortex_1_TTAGGCATCCATGCTC,2.87842360724937
32279,0.07771037239603447,1__nan,PertCortex_1_TTAGTTCAGATCCCAT,3.891475199313747
32280,0.20113002440393352,1__nan,PertCortex_1_TTATGCTAGTTGTCGT,2.449497898635172
32281,0.09483292105262814,1__nan,PertCortex_1_TTATGCTTCCGCATCT,3.4383368567518984
32282,0.1791440288642158,1__nan,PertCortex_1_TTCCCAGAGCGTGAAC,2.2332111427769195
32283,0.15950079930248942,1__nan,PertCortex_1_TTCCCAGCATCTATGG,3.315457518904074
32284,0.1519192091583796,1__nan,PertCortex_1_TTCCCAGGTAAAGTCA,2.78690548841919
32285,0.21321756168456868,1__nan,PertCortex_1_TTCCCAGGTACCCAAT,3.2006579114537703
32286,0.17929268066344134,1__nan,PertCortex_1_TTCGGTCAGTTGTCGT,3.0785990732718163
32287,0.16581959689311068,1__nan,PertCortex_1_TTCGGTCAGTTTGCGT,4.87375661855691
32288,0.12326286841144557,1__nan,PertCortex_1_TTCGGTCTCCAAACTG,3.7999413822059513
32289,0.08631985387694088,1__nan,PertCortex_1_TTCGGTCTCGCGATCG,3.920617586537603
32290,0.16363889631862322,1__nan,PertCortex_1_TTCTACAGTTATGCGT,2.618084488289205
32291,0.22266127974339722,1__nan,PertCortex_1_TTCTCAAGTCCGAGTC,1.5585158368562797
32292,0.2245773471664649,1__nan,PertCortex_1_TTCTCAAGTCGAAAGC,2.843948472796281
32293,0.09608297409989608,1__nan,PertCortex_1_TTCTCAATCATTGCGA,3.8478878717571927
32294,0.44105767223311565,1__nan,PertCortex_1_TTCTCCTGTGTCTGAT,2.307371109281205
32295,0.11647898579185101,1__nan,PertCortex_1_TTCTCCTTCATGGTCA,4.149361010348202
32296,0.04455507689442638,1__nan,PertCortex_1_TTCTCCTTCTGACCTC,3.2834134115920537
32297,0.1691626175001062,1__nan,PertCortex_1_TTGAACGAGGGCTTCC,4.888584957077859
32298,0.22101622144963978,1__nan,PertCortex_1_TTGACTTGTTCGCGAC,2.7846025780887955
32299,0.3157315358472418,1__nan,PertCortex_1_TTGCCGTAGTTGAGTA,1.8217420366959365
32300,0.36489867240483853,1__nan,PertCortex_1_TTGCCGTTCGCATGGC,2.059508251590253
32301,0.17092910197951902,1__nan,PertCortex_1_TTGCCGTTCTGGCGAC,2.9777598021968608
32302,0.5771323562214455,1__nan,PertCortex_1_TTGCGTCAGCCCGAAA,1.353208100941087
32303,0.2290669093511753,1__nan,PertCortex_1_TTGCGTCTCATCGATG,3.455658445162954
32304,0.07148522489996265,1__nan,PertCortex_1_TTGGAACAGGGATCTG,3.4850307593062406
32305,0.22464269003243073,1__nan,PertCortex_1_TTGGAACCAGGATTGG,2.1234553977435806
32306,0.14189663174012426,1__nan,PertCortex_1_TTGGAACGTCATCGGC,3.344544177756882
32307,0.1823571972704987,1__nan,PertCortex_1_TTGGAACGTTATCCGA,3.0764592275648823
32308,0.38863318932950747,1__nan,PertCortex_1_TTGGAACGTTCCCTTG,1.8276710926339084
32309,0.5207934321463806,1__nan,PertCortex_1_TTGGAACTCTAGAGTC,2.097881138592497
32310,0.4117761504045664,1__nan,PertCortex_1_TTGGCAAAGACTAGGC,1.759227800316598
32311,0.5985735016639326,1__nan,PertCortex_1_TTGGCAAAGATCTGCT,2.035039647556331
32312,0.03731043660020121,1__nan,PertCortex_1_TTGGCAAAGCCACTAT,4.955808752882465
32313,0.5159396519944571,1__nan,PertCortex_1_TTGGCAACAATGACCT,2.095427939056877
32314,0.02538430430002059,1__nan,PertCortex_1_TTGTAGGAGCCAGTAG,3.434300270099512
32315,0.21513852844021317,1__nan,PertCortex_1_TTGTAGGCAGATGAGC,3.5959073525856957
32316,0.18364602287450077,1__nan,PertCortex_1_TTGTAGGGTACTTAGC,4.3682108769478765
32317,0.45867177882890015,1__nan,PertCortex_1_TTTACTGAGATAGCAT,1.2719508435896434
32318,0.3871437280054408,1__nan,PertCortex_1_TTTACTGAGCACAGGT,2.1718198114333256
32319,0.12354192895427141,1__nan,PertCortex_1_TTTATGCGTATCTGCA,2.2892010326111185
32320,0.09186522764574902,1__nan,PertCortex_1_TTTCCTCAGGTGCTTT,4.8398848001544765
32321,0.2342303139624515,1__nan,PertCortex_1_TTTCCTCTCCTAAGTG,1.7438122017074866
32322,0.20561146856408077,1__nan,PertCortex_1_TTTGCGCAGACTTTCG,3.211381944755056
32323,0.37525401832975225,1__nan,PertCortex_1_TTTGCGCAGATCGGGT,2.3406783384547825
32324,0.21162458140848736,1__nan,PertCortex_1_TTTGCGCCAGTGACAG,2.678662757595636
32325,0.11706475092095657,1__nan,PertCortex_1_TTTGCGCTCGGTTAAC,2.129524967721243
32326,0.30628901777901707,1__nan,PertCortex_1_TTTGGTTAGGGTCGAT,2.0791579088567747
32327,0.19884861349291205,1__nan,PertCortex_1_TTTGGTTGTCTCCCTA,2.989537174342725
32328,0.34243001866874606,1__nan,PertCortex_1_TTTGGTTTCTTCGGTC,2.1934027210050706
32329,0.38039197040682926,1__nan,PertCortex_1_TTTGTCAGTAGGGTAC,2.449200894175481
32330,0.2343198909663978,1__nan,PertCortex_1_TTTGTCAGTATCGCAT,2.9051418452253213
32331,0.3859171161962903,1__nan,PertCortex_1_TTTGTCATCGCAAACT,1.9611309887289394
32332,0.13440576993855646,2__nan,PertCortex_2_AAACCTGCAAGTCTAC,4.823802466626217
32333,0.18454445573556066,2__nan,PertCortex_2_AAACCTGCAATGCCAT,3.8632729576666094
32334,0.1421112534185374,2__nan,PertCortex_2_AAACCTGCAGTCTTCC,3.3274089223090697
32335,0.4735120166488629,2__nan,PertCortex_2_AAACCTGGTCGACTGC,3.1430356045811285
32336,0.10627821489553571,2__nan,PertCortex_2_AAACCTGTCAAAGTAG,4.520801070316548
32337,0.14425351136159945,2__nan,PertCortex_2_AAACCTGTCAGAAATG,2.809051296407375
32338,0.11281259477281465,2__nan,PertCortex_2_AAACGGGAGTCCTCCT,3.8120057921296695
32339,0.34740056885961035,2__nan,PertCortex_2_AAACGGGAGTGATCGG,2.9717474705167852
32340,0.35586924815594695,2__nan,PertCortex_2_AAACGGGCATTTGCTT,2.517905382628176
32341,0.22198470731677675,2__nan,PertCortex_2_AAACGGGGTGATAAAC,3.6460462300265726
32342,0.16842398954257126,2__nan,PertCortex_2_AAAGATGCAAGAAGAG,3.5325414048688843
32343,0.18057277977503777,2__nan,PertCortex_2_AAAGATGCACAACTGT,2.8075356985765207
32344,0.15123138438593337,2__nan,PertCortex_2_AAAGATGCACGAAGCA,3.2477476667719962
32345,0.12206776618589397,2__nan,PertCortex_2_AAAGATGGTGCGCTTG,3.0512377996484834
32346,0.2014452164882598,2__nan,PertCortex_2_AAAGCAAAGCAATCTC,2.541039700500284
32347,0.6037398284178825,2__nan,PertCortex_2_AAAGCAAAGCCCAATT,2.0741330859590805
32348,0.21090738642712994,2__nan,PertCortex_2_AAAGCAACAGGTGGAT,4.0713621635564765
32349,0.22698939423089518,2__nan,PertCortex_2_AAAGCAAGTACGACCC,2.360596592805589
32350,0.19087870387580314,2__nan,PertCortex_2_AAAGCAAGTGAGGGAG,3.553052131626196
32351,0.04061099718687338,2__nan,PertCortex_2_AAAGCAAGTTTAAGCC,3.9351871407568426
32352,0.11420230165296125,2__nan,PertCortex_2_AAAGCAATCATATCGG,4.826924678744399
32353,0.07946627321705345,2__nan,PertCortex_2_AAAGTAGAGCTGAAAT,4.515771424658718
32354,0.19596121597298188,2__nan,PertCortex_2_AAAGTAGCAATGAATG,3.526902883650761
32355,0.32278559110514404,2__nan,PertCortex_2_AAATGCCGTATTACCG,1.8811105771259762
32356,0.16328224452366805,2__nan,PertCortex_2_AAATGCCTCTCGAGTA,4.152949844229332
32357,0.1572352809515239,2__nan,PertCortex_2_AACACGTGTAGCGCTC,2.4512078325827504
32358,0.5973096778771816,2__nan,PertCortex_2_AACCATGAGAGGTAGA,2.1505092586437837
32359,0.5532691995926269,2__nan,PertCortex_2_AACCATGCAAGAGTCG,2.526053132801604
32360,0.181024252682655,2__nan,PertCortex_2_AACCATGGTACTTGAC,4.200615416587344
32361,0.22012189081845068,2__nan,PertCortex_2_AACCATGGTCCTCCAT,2.7706317551050006
32362,0.046238461557550424,2__nan,PertCortex_2_AACCATGGTCTGATTG,5.1947929464461895
32363,0.18723113747028325,2__nan,PertCortex_2_AACCGCGAGACCTAGG,3.6187569459935087
32364,0.17872955864495468,2__nan,PertCortex_2_AACCGCGAGCTCCTCT,3.415135643945923
32365,0.15845410209906138,2__nan,PertCortex_2_AACCGCGAGGAATCGC,3.9481619181150287
32366,0.11150337493554649,2__nan,PertCortex_2_AACCGCGCAAGCGTAG,3.988760692248648
32367,0.06632762008186695,2__nan,PertCortex_2_AACCGCGCACACGCTG,3.527056842484607
32368,0.030363899251164336,2__nan,PertCortex_2_AACCGCGCAGGTCCAC,3.888399562042285
32369,0.03174197014614672,2__nan,PertCortex_2_AACCGCGCAGTATCTG,4.124085031964065
32370,0.547215477810204,2__nan,PertCortex_2_AACGTTGTCCCTCTTT,1.6917795605604975
32371,0.1162517650489567,2__nan,PertCortex_2_AACTCAGAGAGGGCTT,2.933209806034666
32372,0.09361234248469526,2__nan,PertCortex_2_AACTCAGAGGATGGTC,4.956143251969832
32373,0.0849329239490786,2__nan,PertCortex_2_AACTCAGTCACGGTTA,3.548641105866902
32374,0.08004132728573977,2__nan,PertCortex_2_AACTCAGTCTTGTATC,3.2041348179778306
32375,0.4986675261357879,2__nan,PertCortex_2_AACTCCCCACTGTTAG,2.7060585685815877
32376,0.19924423571954927,2__nan,PertCortex_2_AACTCCCGTAGCTAAA,2.913690902803357
32377,0.17046599334212625,2__nan,PertCortex_2_AACTCCCTCCTGCTTG,3.3553717052328937
32378,0.18361951152216496,2__nan,PertCortex_2_AACTCTTAGCTAGTTC,3.344708866929119
32379,0.19091976411957168,2__nan,PertCortex_2_AACTCTTCAACAACCT,3.7043242562839396
32380,0.20689820648546572,2__nan,PertCortex_2_AACTCTTCACATTCGA,4.116674092595939
32381,0.20453444019493155,2__nan,PertCortex_2_AACTCTTTCCCTCAGT,3.453968033098995
32382,0.1118232673188105,2__nan,PertCortex_2_AACTGGTAGCCTTGAT,4.181107844489314
32383,0.6097631128859058,2__nan,PertCortex_2_AACTGGTAGCTGAAAT,2.053466037779677
32384,0.0035461257036497195,2__nan,PertCortex_2_AACTGGTTCTGCCCTA,4.140311179346192
32385,0.13260968429102343,2__nan,PertCortex_2_AACTTTCAGGATGGAA,3.1106181322581223
32386,0.14801957441835611,2__nan,PertCortex_2_AACTTTCAGGTACTCT,2.6918026977984137
32387,0.18075638182953008,2__nan,PertCortex_2_AACTTTCCAATGGAGC,4.979569492727571
32388,0.09363302245568132,2__nan,PertCortex_2_AACTTTCCATCGACGC,4.098497303367179
32389,0.10189887207225576,2__nan,PertCortex_2_AACTTTCCATCGGACC,2.793251459104623
32390,0.04232952971223423,2__nan,PertCortex_2_AAGACCTCATGGTCTA,3.0389340771181717
32391,0.6551116429573365,2__nan,PertCortex_2_AAGACCTCATTCACTT,1.8343455505222128
32392,0.06907468056449127,2__nan,PertCortex_2_AAGACCTGTTCTGTTT,4.2132750161297485
32393,0.1419674228375487,2__nan,PertCortex_2_AAGACCTTCCATTCTA,4.822660111311315
32394,0.666174701423745,2__nan,PertCortex_2_AAGCCGCAGTTAACGA,1.9752721487275853
32395,0.11382760377631419,2__nan,PertCortex_2_AAGCCGCCACAAGTAA,3.5321937969549855
32396,0.06602214838021249,2__nan,PertCortex_2_AAGCCGCGTCTAGTCA,4.000686148701282
32397,0.6438969979339327,2__nan,PertCortex_2_AAGCCGCTCAGAGGTG,1.984735589103119
32398,0.17332379239810128,2__nan,PertCortex_2_AAGGAGCAGACTGTAA,3.32175568954753
32399,0.12057347425717599,2__nan,PertCortex_2_AAGGAGCCACCAGCAC,4.528424732658813
32400,0.6943821223270888,2__nan,PertCortex_2_AAGGAGCTCACTATTC,1.4836662324113394
32401,0.16118860109636673,2__nan,PertCortex_2_AAGGAGCTCGCTTAGA,3.9426106063798576
32402,0.19940960642222913,2__nan,PertCortex_2_AAGGCAGAGGCCCTCA,3.3309598956146402
32403,0.1099236806569409,2__nan,PertCortex_2_AAGGCAGAGTCGAGTG,4.138199885008405
32404,0.04643402763252314,2__nan,PertCortex_2_AAGGCAGCAGGCAGTA,4.211375433665078
32405,0.12255946817394825,2__nan,PertCortex_2_AAGGCAGCATGCATGT,4.057353012347767
32406,0.13136759377673216,2__nan,PertCortex_2_AAGGTTCAGCAGCGTA,4.4488283949848935
32407,0.2298160353467907,2__nan,PertCortex_2_AAGGTTCCAAGCGTAG,2.8234213734667035
32408,0.033752240567122976,2__nan,PertCortex_2_AAGGTTCGTCAACTGT,2.8368997722953613
32409,0.07692429979264091,2__nan,PertCortex_2_AAGGTTCGTGCATCTA,4.395863417495237
32410,0.11803543540655337,2__nan,PertCortex_2_AAGGTTCGTGTCAATC,4.534964221701503
32411,0.13475211899650263,2__nan,PertCortex_2_AAGGTTCTCGCGTAGC,4.000649457899902
32412,0.0492236403860578,2__nan,PertCortex_2_AAGTCTGAGTACTTGC,3.827030780967472
32413,0.04654638741665028,2__nan,PertCortex_2_AAGTCTGGTCATCGGC,4.168906145545469
32414,0.049974814032743745,2__nan,PertCortex_2_AAGTCTGGTTATCGGT,4.0219518183201615
32415,0.12569867166849272,2__nan,PertCortex_2_AATCCAGAGGCTAGAC,4.42290502438757
32416,0.19091263266209718,2__nan,PertCortex_2_AATCCAGCATGGGAAC,3.1280902512508373
32417,0.07757867118447687,2__nan,PertCortex_2_AATCGGTAGAGTTGGC,3.90423297944559
32418,0.07957535681319751,2__nan,PertCortex_2_AATCGGTGTAATAGCA,3.391352921747572
32419,0.039084789407170535,2__nan,PertCortex_2_ACACCAAAGCAATATG,4.045874809937706
32420,0.08684804216990542,2__nan,PertCortex_2_ACACCAAAGGAGCGTT,3.358581642707041
32421,0.1507651513760649,2__nan,PertCortex_2_ACACCCTAGACAAAGG,5.057803609081336
32422,0.1802757726633333,2__nan,PertCortex_2_ACACCCTAGATCCCGC,2.3678530170957535
32423,0.14907460921871474,2__nan,PertCortex_2_ACACCCTCACATGGGA,3.709895553942729
32424,0.15431618590521218,2__nan,PertCortex_2_ACACCCTGTGCACGAA,4.7883017954336
32425,0.09749915823604803,2__nan,PertCortex_2_ACACCGGAGATGCGAC,3.575619902128401
32426,0.19425927224356107,2__nan,PertCortex_2_ACACCGGCATGCAACT,3.2496903669045945
32427,0.19131349576273626,2__nan,PertCortex_2_ACACCGGTCCTCAACC,3.53489247308763
32428,0.09120770947461693,2__nan,PertCortex_2_ACACCGGTCTATCCCG,4.127309552344408
32429,0.1471053740481515,2__nan,PertCortex_2_ACACTGAAGAATCTCC,4.899121510843617
32430,0.17190805799211384,2__nan,PertCortex_2_ACACTGAAGATGCGAC,3.6368258849780744
32431,0.18833944902299832,2__nan,PertCortex_2_ACACTGACAATGAATG,3.217999761322529
32432,0.1932330779396797,2__nan,PertCortex_2_ACACTGACACCTCGGA,2.080385724897397
32433,0.34643512503801116,2__nan,PertCortex_2_ACACTGAGTCCAGTTA,1.9672225013698237
32434,0.633728816906135,2__nan,PertCortex_2_ACAGCCGAGTCGATAA,2.0440014670193785
32435,0.10706576898098293,2__nan,PertCortex_2_ACAGCCGCAATAGCAA,4.204975849603632
32436,0.5295667143965561,2__nan,PertCortex_2_ACAGCCGGTACAGCAG,2.6334904007855457
32437,0.17684408931620488,2__nan,PertCortex_2_ACAGCCGGTGTGCCTG,3.4472327318103613
32438,0.1922122021156354,2__nan,PertCortex_2_ACAGCCGTCGCTTGTC,3.5041404965144625
32439,0.17287476270981655,2__nan,PertCortex_2_ACAGCTAAGTGTACCT,3.9983089774943408
32440,0.058269168345905516,2__nan,PertCortex_2_ACAGCTACAGATTGCT,3.1428008886926335
32441,0.1743707366698994,2__nan,PertCortex_2_ACAGCTAGTGAAAGAG,3.7400068279393053
32442,0.17607480035799053,2__nan,PertCortex_2_ACAGCTATCAGTGTTG,4.670464767328333
32443,0.10493607165221697,2__nan,PertCortex_2_ACAGCTATCTGTTGAG,3.856153828213779
32444,0.18006865647172587,2__nan,PertCortex_2_ACATACGTCAGTCAGT,3.153048543346694
32445,0.07129307897081565,2__nan,PertCortex_2_ACATACGTCCGAAGAG,4.167069196242855
32446,0.10976307942649158,2__nan,PertCortex_2_ACATCAGAGTCTCGGC,2.754872076518912
32447,0.13860343768397015,2__nan,PertCortex_2_ACATCAGCATCCCATC,4.017738956722372
32448,0.06006108066730218,2__nan,PertCortex_2_ACATCAGGTAGGCATG,4.492586869112085
32449,0.11337425970033785,2__nan,PertCortex_2_ACATCAGTCCAAACAC,4.286765595414428
32450,0.16621365659325682,2__nan,PertCortex_2_ACATGGTAGTGCGTGA,4.096793304046537
32451,0.24301369062772385,2__nan,PertCortex_2_ACATGGTGTCAGAATA,2.8238221362131335
32452,0.058302440864998056,2__nan,PertCortex_2_ACATGGTTCTTCAACT,3.3012264593837735
32453,0.059896452568311075,2__nan,PertCortex_2_ACCAGTACACAGACTT,4.548448750721883
32454,0.18138243936121243,2__nan,PertCortex_2_ACCCACTAGCCCAGCT,3.2756787581974893
32455,0.6037670959179766,2__nan,PertCortex_2_ACCCACTGTTAAGACA,2.3448297797554014
32456,0.4175786059586636,2__nan,PertCortex_2_ACCGTAATCCACGTTC,2.575375045456852
32457,0.07347129694465526,2__nan,PertCortex_2_ACCTTTAAGAGGGCTT,3.2166838445329766
32458,0.014517601319697702,2__nan,PertCortex_2_ACCTTTAGTCCTCCAT,3.9792512825434314
32459,0.12071381421217141,2__nan,PertCortex_2_ACCTTTATCCTTTCGG,3.645713343109864
32460,0.08461683799618604,2__nan,PertCortex_2_ACGAGCCAGCGCTTAT,3.750114209029277
32461,0.1020536153413157,2__nan,PertCortex_2_ACGAGCCCAATGGTCT,4.107302098477519
32462,0.5461226163315894,2__nan,PertCortex_2_ACGAGCCCACATTAGC,2.5492932047701786
32463,0.1342285531057835,2__nan,PertCortex_2_ACGAGCCCATCCGCGA,4.617844783996142
32464,0.08535076665549207,2__nan,PertCortex_2_ACGAGCCGTTTAAGCC,3.4097089956957944
32465,0.16037512857677572,2__nan,PertCortex_2_ACGAGGAAGAGCTATA,3.7954950192498944
32466,0.5240598011870635,2__nan,PertCortex_2_ACGAGGACAGGAACGT,2.1562473224579426
32467,0.15847496128913693,2__nan,PertCortex_2_ACGATACAGATCCTGT,3.65347958734816
32468,0.22955657278283859,2__nan,PertCortex_2_ACGATACAGTGACTCT,3.0824346649993184
32469,0.11689240155632716,2__nan,PertCortex_2_ACGATACTCGAACTGT,3.523086715853833
32470,0.1136592299259408,2__nan,PertCortex_2_ACGATACTCGTTTAGG,3.647138982697755
32471,0.32389502085647975,2__nan,PertCortex_2_ACGATGTCAATTGCTG,2.8565353296523996
32472,0.18978770470801506,2__nan,PertCortex_2_ACGATGTCAGGACCCT,5.357674015479805
32473,0.19116184890235977,2__nan,PertCortex_2_ACGATGTCAGTCTTCC,3.70496837531463
32474,0.10953267058275429,2__nan,PertCortex_2_ACGCAGCAGTACGATA,4.399604578707416
32475,0.09559398226330651,2__nan,PertCortex_2_ACGCAGCCAGGATTGG,4.3210521926793755
32476,0.12182671452711945,2__nan,PertCortex_2_ACGCAGCCAGTCGTGC,4.209862082238616
32477,0.06025019713045208,2__nan,PertCortex_2_ACGCAGCGTGCAGACA,4.942916274820555
32478,0.4989217226348502,2__nan,PertCortex_2_ACGCAGCGTTATCACG,2.5568298048254303
32479,0.285128466967688,2__nan,PertCortex_2_ACGCAGCTCCGCAAGC,2.898725919176942
32480,0.2125762739944367,2__nan,PertCortex_2_ACGCAGCTCTGAGTGT,3.6548707466236747
32481,0.17855109625914195,2__nan,PertCortex_2_ACGCCAGCAATAACGA,4.274109321289117
32482,0.09407482570336911,2__nan,PertCortex_2_ACGCCAGCAGTATCTG,4.624121560968151
32483,0.20936387790013314,2__nan,PertCortex_2_ACGCCGACACAGATTC,5.328344053224894
32484,0.1415707630884067,2__nan,PertCortex_2_ACGCCGATCGAATGCT,4.2863783823730595
32485,0.5574298195473555,2__nan,PertCortex_2_ACGGAGAAGAAGGTGA,1.7017450137383456
32486,0.19204183503833086,2__nan,PertCortex_2_ACGGAGAAGCCTATGT,3.297882203589247
32487,0.5463109969563027,2__nan,PertCortex_2_ACGGAGAAGGATCGCA,2.1824306450692785
32488,0.13138942871808493,2__nan,PertCortex_2_ACGGAGACAAGGTTTC,3.2633635939552583
32489,0.17960657270704564,2__nan,PertCortex_2_ACGGAGAGTACTTCTT,2.5949862574195848
32490,0.24914439461587823,2__nan,PertCortex_2_ACGGAGATCGTCTGCT,2.5744835866376996
32491,0.09315261339469365,2__nan,PertCortex_2_ACGGCCAGTACCGTAT,3.5067029560107996
32492,0.1891269959972618,2__nan,PertCortex_2_ACGGCCAGTTCCGTCT,3.4982906319293243
32493,0.04406797382773329,2__nan,PertCortex_2_ACGGGCTCAAAGCGGT,4.107044844760406
32494,0.20412330570362253,2__nan,PertCortex_2_ACGGGCTCACCTGGTG,4.100827299637515
32495,0.07014472636475616,2__nan,PertCortex_2_ACGGGTCAGATCCCAT,4.3217295083637435
32496,0.45785879977042626,2__nan,PertCortex_2_ACGGGTCGTAGCAAAT,2.51311956184133
32497,0.39729899424705023,2__nan,PertCortex_2_ACGTCAAAGTGCCAGA,2.6851838353708537
32498,0.18541523422550069,2__nan,PertCortex_2_ACGTCAATCAGAGGTG,3.024632700300682
32499,0.492587949141045,2__nan,PertCortex_2_ACGTCAATCCAAGTAC,2.6006760901863246
32500,0.1825149119348674,2__nan,PertCortex_2_ACGTCAATCTCTGCTG,4.394612596134139
32501,0.1440496477013518,2__nan,PertCortex_2_ACTATCTAGATCGGGT,3.936660201083302
32502,0.1223190714148387,2__nan,PertCortex_2_ACTATCTAGTCAAGCG,4.016301952321725
32503,0.15162317930628438,2__nan,PertCortex_2_ACTATCTCACTTCTGC,4.208140976936548
32504,0.09039242291288048,2__nan,PertCortex_2_ACTATCTCAGGATTGG,4.315384509312255
32505,0.7428247928394027,2__nan,PertCortex_2_ACTATCTGTCCTAGCG,1.4347125748997347
32506,0.1869288882938828,2__nan,PertCortex_2_ACTATCTGTTATCACG,3.4786849243670113
32507,0.5939406154446495,2__nan,PertCortex_2_ACTGAACAGCGATAGC,2.2396486469901666
32508,0.06131350422747601,2__nan,PertCortex_2_ACTGAACAGGACACCA,4.707891165601073
32509,0.1896623358520429,2__nan,PertCortex_2_ACTGAACCAAGTTAAG,3.416814018750816
32510,0.17517821477911463,2__nan,PertCortex_2_ACTGAACCACATTAGC,4.355591969312396
32511,0.1289523788666263,2__nan,PertCortex_2_ACTGAACCATTCCTGC,3.784592941273295
32512,0.052859104557647835,2__nan,PertCortex_2_ACTGAACGTATGAAAC,3.401344262181649
32513,0.1703537748219089,2__nan,PertCortex_2_ACTGAACGTGATGCCC,3.0728465058121346
32514,0.09340874224847127,2__nan,PertCortex_2_ACTGAGTCAGTCCTTC,2.9028783206015794
32515,0.08295549976314555,2__nan,PertCortex_2_ACTGAGTGTGCATCTA,4.063791222649899
32516,0.13678272987852638,2__nan,PertCortex_2_ACTGAGTTCAAGCCTA,4.523503398534863
32517,-0.007148221409080903,2__nan,PertCortex_2_ACTGATGCACTTGGAT,3.996830340433356
32518,0.20251787291268192,2__nan,PertCortex_2_ACTGATGTCACGGTTA,3.2522005209255456
32519,0.6309101864885195,2__nan,PertCortex_2_ACTGCTCCACTCGACG,1.9110301048449587
32520,0.2529281539149268,2__nan,PertCortex_2_ACTGCTCGTCTAAACC,3.9570559472600215
32521,0.21606571248974063,2__nan,PertCortex_2_ACTGTCCAGCGAGAAA,4.7896266291426475
32522,0.15405904786534352,2__nan,PertCortex_2_ACTGTCCTCTCAACTT,3.590954367356733
32523,0.12449978977969167,2__nan,PertCortex_2_ACTGTCCTCTGCAAGT,3.1730018161407574
32524,0.6567579810869424,2__nan,PertCortex_2_ACTGTCCTCTTAGCCC,1.844228190824837
32525,0.07934707262477399,2__nan,PertCortex_2_ACTTACTAGGCTAGGT,3.873788660780934
32526,0.743686739971142,2__nan,PertCortex_2_ACTTACTCAGAGTGTG,1.397686553803406
32527,0.08578146455328953,2__nan,PertCortex_2_ACTTACTCATCTCCCA,3.8287050237736016
32528,0.04760519836635869,2__nan,PertCortex_2_ACTTACTTCAGTACGT,3.764062962293077
32529,0.5672661694922331,2__nan,PertCortex_2_ACTTACTTCTCAAACG,2.2840373328147963
32530,0.1123556041888482,2__nan,PertCortex_2_ACTTGTTAGCCTTGAT,4.90099417641231
32531,0.14806487440086594,2__nan,PertCortex_2_ACTTGTTAGCTTTGGT,3.7007178772380653
32532,0.1334356856519816,2__nan,PertCortex_2_ACTTGTTCAACGATGG,4.129991370022921
32533,0.15885529928816153,2__nan,PertCortex_2_ACTTGTTCATATACCG,3.8913214180234146
32534,0.03250650370252827,2__nan,PertCortex_2_ACTTGTTGTTAAGTAG,4.30094556957287
32535,0.0659711893692923,2__nan,PertCortex_2_ACTTTCAAGCCCGAAA,4.674785806686915
32536,0.22364558932133957,2__nan,PertCortex_2_ACTTTCAAGGCATGTG,3.0137333215700908
32537,0.08728659010226944,2__nan,PertCortex_2_ACTTTCAAGTGGAGAA,3.2441045273999443
32538,0.08904251296414846,2__nan,PertCortex_2_AGAATAGCACAACGTT,3.415504476061661
32539,0.18345621667127768,2__nan,PertCortex_2_AGAATAGTCAATAAGG,3.321461337412229
32540,0.5839250622221468,2__nan,PertCortex_2_AGAATAGTCATGTCCC,1.8047239979851284
32541,0.1328399445556135,2__nan,PertCortex_2_AGACGTTCATGGGACA,3.445589420807142
32542,0.5895263986032024,2__nan,PertCortex_2_AGACGTTGTACAAGTA,1.405551308837627
32543,0.4235856419060808,2__nan,PertCortex_2_AGACGTTGTGATGTCT,2.586722223809665
32544,0.08541351027380815,2__nan,PertCortex_2_AGACGTTTCAATAAGG,4.560784411940791
32545,0.31279010424551557,2__nan,PertCortex_2_AGACGTTTCGTAGGAG,2.0153039387144496
32546,0.2026510457806118,2__nan,PertCortex_2_AGAGCGAAGACTAGAT,3.836375382320469
32547,0.14668658957664163,2__nan,PertCortex_2_AGAGCGAAGGATTCGG,2.7781459754262134
32548,0.23463003870080051,2__nan,PertCortex_2_AGAGCGATCGATCCCT,2.9553475352002314
32549,0.14102922100660745,2__nan,PertCortex_2_AGAGCTTAGTCTTGCA,3.602162613111146
32550,0.11487221762309752,2__nan,PertCortex_2_AGAGCTTCAATGGAGC,3.5329010107430694
32551,0.041811050302128706,2__nan,PertCortex_2_AGAGCTTCACGTCAGC,3.4472070991002712
32552,0.19810371019457146,2__nan,PertCortex_2_AGAGCTTCACTTCGAA,4.730089620535619
32553,0.5405101375938427,2__nan,PertCortex_2_AGAGCTTTCTCAAACG,2.0837446285828847
32554,0.5367194771782692,2__nan,PertCortex_2_AGAGTGGCAAGTCTAC,2.2210493255472312
32555,0.23294720844323388,2__nan,PertCortex_2_AGAGTGGGTAAGTAGT,3.480290052778579
32556,0.10655420757611911,2__nan,PertCortex_2_AGAGTGGTCTTTAGGG,4.814563271329802
32557,0.11107477234810269,2__nan,PertCortex_2_AGATCTGAGTCACGCC,3.6022652962085884
32558,0.09210829736075574,2__nan,PertCortex_2_AGATCTGCAATCGGTT,4.268901614615262
32559,0.04711881188685447,2__nan,PertCortex_2_AGATCTGGTACATGTC,5.137896888623719
32560,0.1936717562332224,2__nan,PertCortex_2_AGATCTGGTCTTCAAG,4.09931738537449
32561,0.0657756789541731,2__nan,PertCortex_2_AGATCTGGTTTACTCT,3.0431824363021116
32562,0.20453590222490925,2__nan,PertCortex_2_AGATCTGTCACCACCT,3.417817584264288
32563,0.2295362113495213,2__nan,PertCortex_2_AGATCTGTCTTTCCTC,2.9069103108855994
32564,0.08157401505125127,2__nan,PertCortex_2_AGATTGCAGGAGCGTT,3.307022965599913
32565,0.22764988017237345,2__nan,PertCortex_2_AGATTGCCAAATCCGT,3.501188163090651
32566,0.18336611771114272,2__nan,PertCortex_2_AGATTGCCAATGGTCT,3.647234868770739
32567,0.35205540422801096,2__nan,PertCortex_2_AGATTGCCAGGATCGA,2.6906469108500537
32568,0.43192189837455874,2__nan,PertCortex_2_AGATTGCTCAGCGATT,2.001494266994558
32569,0.5819890777326485,2__nan,PertCortex_2_AGCAGCCCAAGCCGCT,2.5600328136805484
32570,0.068580229370818,2__nan,PertCortex_2_AGCAGCCCACCGAAAG,3.5967298658863776
32571,0.0718805037269125,2__nan,PertCortex_2_AGCAGCCCAGATCCAT,4.071693271361641
32572,0.23199715144609026,2__nan,PertCortex_2_AGCATACAGATATACG,3.08096457122725
32573,0.632176057310925,2__nan,PertCortex_2_AGCATACTCTACTCAT,1.7893145518256188
32574,0.14426428424834883,2__nan,PertCortex_2_AGCCTAAAGCGCCTCA,4.171415580964826
32575,0.16642795012910272,2__nan,PertCortex_2_AGCCTAAGTAGCGATG,3.933331720037494
32576,0.11945007319648021,2__nan,PertCortex_2_AGCCTAATCTTGCAAG,4.232646216796446
32577,0.08601383991173954,2__nan,PertCortex_2_AGCGTATAGTACGCCC,3.7448849596049945
32578,0.11679629440882765,2__nan,PertCortex_2_AGCGTATTCTTAACCT,3.5579162190947056
32579,0.17327490045578192,2__nan,PertCortex_2_AGCGTCGAGTCTCAAC,2.795498529314392
32580,0.18060747975385827,2__nan,PertCortex_2_AGCTCCTCAGCCACCA,4.871968061513343
32581,0.6486202155312767,2__nan,PertCortex_2_AGCTCTCTCGCCAGCA,2.033198947525441
32582,0.20259454388575393,2__nan,PertCortex_2_AGCTTGACATTTCACT,4.602811353662255
32583,0.2764615246814695,2__nan,PertCortex_2_AGGCCACCAGACGTAG,3.1124390553731858
32584,0.12887175223243394,2__nan,PertCortex_2_AGGCCACCATCGATGT,4.166070441678201
32585,0.10883379442104062,2__nan,PertCortex_2_AGGCCGTGTCGGCATC,3.978607950649085
32586,0.22650543259341135,2__nan,PertCortex_2_AGGGAGTAGTGGGCTA,3.6839048081991024
32587,0.11587311492326152,2__nan,PertCortex_2_AGGGAGTTCTCGGACG,4.1480232289187615
32588,0.06642705247026134,2__nan,PertCortex_2_AGGGATGAGGAATCGC,4.073612447381992
32589,0.030790787499154433,2__nan,PertCortex_2_AGGGTGAAGTGTCCAT,4.150411889931216
32590,0.1330311984163796,2__nan,PertCortex_2_AGGGTGAGTATTCGTG,3.830604290486632
32591,0.01573747801394402,2__nan,PertCortex_2_AGGGTGAGTTGGAGGT,3.5176436442854753
32592,0.11580077804042616,2__nan,PertCortex_2_AGGTCATCAGCCAGAA,3.899705287095664
32593,0.20480280191597894,2__nan,PertCortex_2_AGGTCATCATTAGGCT,3.324165498370963
32594,0.19812442446245263,2__nan,PertCortex_2_AGGTCCGAGCTGCGAA,3.5757170254497943
32595,0.37205396186314965,2__nan,PertCortex_2_AGGTCCGAGTTCGATC,2.664469807966311
32596,0.15571352463980834,2__nan,PertCortex_2_AGGTCCGTCTCCAACC,4.273692404020391
32597,0.06350101582846997,2__nan,PertCortex_2_AGGTCCGTCTTTACGT,3.4313545634001
32598,0.7242329348084687,2__nan,PertCortex_2_AGTAGTCAGGGTCTCC,1.4786411906133197
32599,0.09547775100687877,2__nan,PertCortex_2_AGTCTTTAGCAACGGT,4.057780835567069
32600,0.12701099914603242,2__nan,PertCortex_2_AGTCTTTGTCTGCAAT,4.180688945173393
32601,0.05504554856714424,2__nan,PertCortex_2_AGTCTTTTCGTAGGTT,3.9485350673241424
32602,0.08556441332672547,2__nan,PertCortex_2_AGTGAGGCACAGGAGT,5.448338376656547
32603,0.17644677014902846,2__nan,PertCortex_2_AGTGAGGGTCCGTCAG,3.2800195385454836
32604,0.21290642798553805,2__nan,PertCortex_2_AGTGAGGGTCTCCACT,3.454963372518531
32605,0.056688303555565846,2__nan,PertCortex_2_AGTGAGGGTCTGGAGA,4.192902820264375
32606,0.583890526097766,2__nan,PertCortex_2_AGTGGGATCGTAGGTT,1.9224476444923473
32607,0.22117859209690374,2__nan,PertCortex_2_AGTGTCAAGCATCATC,5.768248993253752
32608,0.10716539244658745,2__nan,PertCortex_2_AGTGTCAAGGATGTAT,4.648300993379254
32609,0.12520014563152118,2__nan,PertCortex_2_AGTGTCAAGTAGGCCA,3.065552198248787
32610,0.03541263322233996,2__nan,PertCortex_2_AGTGTCAGTACGAAAT,4.4898113350891995
32611,0.5302310556271029,2__nan,PertCortex_2_AGTTGGTAGATGTAAC,2.2144396184837234
32612,0.17822805939042613,2__nan,PertCortex_2_AGTTGGTAGTTTCCTT,4.146092164790261
32613,0.0744501023717301,2__nan,PertCortex_2_AGTTGGTCACGGACAA,3.6598542412433135
32614,0.22792020171913818,2__nan,PertCortex_2_AGTTGGTCATCACCCT,2.963984116261693
32615,0.1281343185949542,2__nan,PertCortex_2_AGTTGGTTCTTGTTTG,2.253048305200739
32616,0.03769341467877296,2__nan,PertCortex_2_ATAACGCAGCTAGGCA,3.742865438647785
32617,0.1069473321245912,2__nan,PertCortex_2_ATAACGCGTAGCAAAT,3.645188799898393
32618,0.09495024636557833,2__nan,PertCortex_2_ATAACGCTCATCGATG,4.186187001942484
32619,0.10242342372603438,2__nan,PertCortex_2_ATAACGCTCTGGTTCC,4.197906278038826
32620,0.06999605026768617,2__nan,PertCortex_2_ATAAGAGAGAAACCTA,4.104297816351743
32621,0.22224015825009089,2__nan,PertCortex_2_ATAAGAGAGTCTCCTC,4.808227587362424
32622,0.12907130137299158,2__nan,PertCortex_2_ATAAGAGTCTCAAGTG,5.1495513881803125
32623,0.05680639863290091,2__nan,PertCortex_2_ATAGACCCACGTCTCT,4.050947521842933
32624,0.04690802362259091,2__nan,PertCortex_2_ATAGACCCATCCGCGA,3.74579712505093
32625,0.2648640447571509,2__nan,PertCortex_2_ATAGACCGTCAATGTC,3.2164972852657385
32626,0.11272368466046177,2__nan,PertCortex_2_ATAGACCGTGTGGCTC,3.324557954068256
32627,0.20558089979963273,2__nan,PertCortex_2_ATAGACCTCAACTCTT,3.8171263603939116
32628,0.5095568362774043,2__nan,PertCortex_2_ATAGACCTCTCTTGAT,2.2468373127279446
32629,0.627233421964779,2__nan,PertCortex_2_ATCACGAAGCTAAGAT,2.0183760630250296
32630,0.12211879626058103,2__nan,PertCortex_2_ATCATCTCAAGCCTAT,2.584331412810295
32631,0.11715181623334531,2__nan,PertCortex_2_ATCATCTCACATTTCT,3.3223216410743825
32632,0.23951224479858543,2__nan,PertCortex_2_ATCATCTCAGGTCTCG,2.9055653153890524
32633,0.2571661335005876,2__nan,PertCortex_2_ATCATCTGTATCAGTC,2.5873148037849036
32634,0.24375804097804557,2__nan,PertCortex_2_ATCATCTTCCTAGAAC,2.980761067072305
32635,0.19545763578748357,2__nan,PertCortex_2_ATCATGGAGGCAATTA,3.7418881905151435
32636,0.09102998984017566,2__nan,PertCortex_2_ATCATGGCACGGATAG,3.0087167060794067
32637,0.0800438023450952,2__nan,PertCortex_2_ATCCACCAGCTAGTTC,2.454989491207062
32638,0.21660793846284412,2__nan,PertCortex_2_ATCCACCCAGAAGCAC,4.783261128247674
32639,0.14870909109454827,2__nan,PertCortex_2_ATCCACCCAGTTTACG,3.800151507226735
32640,0.1891906242872643,2__nan,PertCortex_2_ATCCACCGTCAACATC,2.795150140378626
32641,0.14858825717566887,2__nan,PertCortex_2_ATCCACCGTCCTAGCG,3.4492621684839277
32642,0.17723252435433412,2__nan,PertCortex_2_ATCCACCTCCTCCTAG,4.053501585091108
32643,0.17255101677768564,2__nan,PertCortex_2_ATCCACCTCTGCAGTA,4.351666797619786
32644,0.10875322921247939,2__nan,PertCortex_2_ATCCGAAAGCCCAATT,3.3397350218670625
32645,0.12262782585411285,2__nan,PertCortex_2_ATCCGAACATTTCACT,4.156228532073952
32646,0.21172610585616658,2__nan,PertCortex_2_ATCGAGTAGATGCGAC,3.7583081373601095
32647,0.19947435118212833,2__nan,PertCortex_2_ATCGAGTCATGCAACT,3.550073110954227
32648,0.06846270441703092,2__nan,PertCortex_2_ATCGAGTTCATAACCG,3.490316253891293
32649,0.09119447189110397,2__nan,PertCortex_2_ATCGAGTTCCGCAGTG,3.8198031111550645
32650,0.2570308664704845,2__nan,PertCortex_2_ATCGAGTTCTCTTATG,3.353963962331848
32651,0.142244867254259,2__nan,PertCortex_2_ATCTACTAGATAGGAG,3.6878770711371662
32652,0.3896608498313086,2__nan,PertCortex_2_ATCTACTCACAACGTT,3.444001875053021
32653,0.6265662693445001,2__nan,PertCortex_2_ATCTACTCATGTAGTC,1.9476377648599565
32654,0.08449788387071942,2__nan,PertCortex_2_ATCTGCCAGCTAGCCC,4.141806505052551
32655,0.05612303057269828,2__nan,PertCortex_2_ATGAGGGAGACCTAGG,4.625188672246841
32656,0.2786128945696734,2__nan,PertCortex_2_ATGAGGGAGCTAACAA,2.2985001183381
32657,0.0553790713247399,2__nan,PertCortex_2_ATGAGGGTCCTATGTT,3.421772103915074
32658,0.06431822339959692,2__nan,PertCortex_2_ATGCGATAGGACTGGT,4.454421619730062
32659,0.16606868307774672,2__nan,PertCortex_2_ATGCGATGTAGCTTGT,4.583373360207295
32660,0.2182497138534544,2__nan,PertCortex_2_ATGCGATGTGTGCGTC,3.1301674732173477
32661,0.3269715268351588,2__nan,PertCortex_2_ATGGGAGGTCGAGTTT,3.272899714258946
32662,0.05056825801090042,2__nan,PertCortex_2_ATGGGAGGTCTCATCC,4.522133633670764
32663,0.18569212621250436,2__nan,PertCortex_2_ATGGGAGGTGGACGAT,3.4444678972801004
32664,0.18915052103908697,2__nan,PertCortex_2_ATGGGAGGTGGGTATG,4.547918921081064
32665,0.15450823545688153,2__nan,PertCortex_2_ATGGGAGGTTCGAATC,4.555648746898052
32666,0.12817571468911776,2__nan,PertCortex_2_ATGTGTGAGGTGGGTT,3.5591938068898585
32667,0.07145501100981054,2__nan,PertCortex_2_ATGTGTGGTAAACCTC,3.133788690162619
32668,0.19683553086576372,2__nan,PertCortex_2_ATGTGTGTCGCAAGCC,4.032266304731154
32669,0.18351089957814254,2__nan,PertCortex_2_ATTACTCCAAACTGCT,4.012371945914371
32670,0.09292245752634151,2__nan,PertCortex_2_ATTATCCTCTTCGAGA,4.347124806631473
32671,0.1523236977389374,2__nan,PertCortex_2_ATTCTACAGACTACAA,3.3397387126451563
32672,0.10779326213105407,2__nan,PertCortex_2_ATTCTACAGCAGGCTA,2.8077196765262324
32673,0.37029987761583566,2__nan,PertCortex_2_ATTCTACCATAGAAAC,3.8256310117388606
32674,0.1274943537132036,2__nan,PertCortex_2_ATTGGACAGCGATGAC,2.882827022652073
32675,0.060891250360101734,2__nan,PertCortex_2_ATTGGACCAATGCCAT,4.636427423586053
32676,0.2573551861914256,2__nan,PertCortex_2_ATTGGACGTGACTACT,3.6521134530361854
32677,0.10477913150074196,2__nan,PertCortex_2_ATTGGTGAGGATGTAT,4.069136709547146
32678,0.09804166147481003,2__nan,PertCortex_2_ATTGGTGTCTGGAGCC,4.423119271642521
32679,0.11095821150640763,2__nan,PertCortex_2_ATTTCTGCAGTCCTTC,4.211005185650794
32680,0.08206919799768746,2__nan,PertCortex_2_ATTTCTGTCTTGTCAT,4.717216894537137
32681,0.201185215904656,2__nan,PertCortex_2_CAACCAAAGGTGCTTT,4.280983548833571
32682,0.18373686309077653,2__nan,PertCortex_2_CAACCAACACAACGTT,4.5125903945619505
32683,0.11150648992612441,2__nan,PertCortex_2_CAACCAATCAGTGCAT,3.9430520177733692
32684,0.5268029633612492,2__nan,PertCortex_2_CAACCAATCCAGTAGT,2.5188745307158045
32685,0.10716252618056107,2__nan,PertCortex_2_CAACCAATCCTTTCGG,4.214154096012993
32686,0.07993549633938524,2__nan,PertCortex_2_CAACCTCCATTACGAC,3.5032474389467314
32687,0.5894440504057054,2__nan,PertCortex_2_CAACCTCGTCGAGTTT,2.1173107587487725
32688,0.0670662176749258,2__nan,PertCortex_2_CAACCTCGTGTAAGTA,3.696980286977707
32689,0.12230550477328896,2__nan,PertCortex_2_CAACTAGAGCCTATGT,4.6083857903754035
32690,0.1457894389742583,2__nan,PertCortex_2_CAACTAGCACCAGGTC,4.127284374725306
32691,0.48843684549244415,2__nan,PertCortex_2_CAACTAGGTTGTTTGG,2.2417885280676133
32692,0.13438108894947845,2__nan,PertCortex_2_CAACTAGTCGTTGACA,4.3838105884197605
32693,0.06719657389539106,2__nan,PertCortex_2_CAAGAAACACATTTCT,3.399726039023971
32694,0.583267149238952,2__nan,PertCortex_2_CAAGAAACATCAGTAC,2.2427730629461466
32695,0.1851163917377989,2__nan,PertCortex_2_CAAGAAAGTCGAATCT,3.632959540003303
32696,0.1106429678517696,2__nan,PertCortex_2_CAAGATCAGACTAGAT,3.6660534988585707
32697,0.6064183748984755,2__nan,PertCortex_2_CAAGATCCAAATCCGT,2.0302425202962913
32698,0.15366661811874627,2__nan,PertCortex_2_CAAGATCCACGAGAGT,5.63750757285805
32699,0.44690876867726154,2__nan,PertCortex_2_CAAGGCCGTGGACGAT,2.787636624193923
32700,0.5793609484753923,2__nan,PertCortex_2_CAAGTTGAGGACATTA,2.088022194544046
32701,0.5071401486441202,2__nan,PertCortex_2_CAAGTTGCAGCATGAG,2.324403166647657
32702,0.09934181032450112,2__nan,PertCortex_2_CAAGTTGTCTCTAAGG,4.921492535147647
32703,0.6065734456676377,2__nan,PertCortex_2_CACAAACAGATAGTCA,1.9296051925909241
32704,0.12043341624574672,2__nan,PertCortex_2_CACAAACAGTGAACGC,4.446340600377081
32705,0.07326924995392595,2__nan,PertCortex_2_CACAAACCACCGCTAG,3.917758835618838
32706,0.25785749072378117,2__nan,PertCortex_2_CACAAACTCAGCCTAA,2.2348146703683365
32707,0.06070820268803921,2__nan,PertCortex_2_CACACAAAGCCACGCT,4.340167926429454
32708,0.061081156837093455,2__nan,PertCortex_2_CACACAAAGGAGTTTA,4.600287960198595
32709,0.1865686703128591,2__nan,PertCortex_2_CACACCTAGATCCGAG,4.18183168474609
32710,0.1358850373534496,2__nan,PertCortex_2_CACACCTCAAGAGGCT,4.043708250651423
32711,0.2495019262493455,2__nan,PertCortex_2_CACACCTCATGAAGTA,4.080084880682929
32712,0.16034762394182614,2__nan,PertCortex_2_CACACCTGTTGATTGC,3.5425230157805068
32713,0.2517444048935233,2__nan,PertCortex_2_CACACCTTCCGTTGTC,2.2584456270932534
32714,0.06035718665249191,2__nan,PertCortex_2_CACACTCCATCCGCGA,2.550672033491565
32715,0.19467721695292206,2__nan,PertCortex_2_CACACTCGTAGGACAC,2.673907714525099
32716,0.2648876994125019,2__nan,PertCortex_2_CACAGGCAGATGCCTT,2.906907195403126
32717,0.08114562610242533,2__nan,PertCortex_2_CACAGGCGTAGCGCAA,5.12642344685865
32718,0.1868175976840009,2__nan,PertCortex_2_CACAGGCTCCGGCACA,3.8076925754424336
32719,0.17127694150452782,2__nan,PertCortex_2_CACAGTAAGAGCTTCT,5.238389210072768
32720,0.1183065665554877,2__nan,PertCortex_2_CACAGTAAGGACCACA,3.252797669669213
32721,0.13354992867952464,2__nan,PertCortex_2_CACAGTACACAAGTAA,3.7032709969549225
32722,0.22742141474797825,2__nan,PertCortex_2_CACAGTAGTAAGTTCC,3.351474567443866
32723,0.1565986671264104,2__nan,PertCortex_2_CACAGTATCAACGGGA,3.1646770789169043
32724,0.12096450457020237,2__nan,PertCortex_2_CACATAGCAGTAACGG,4.37605907506594
32725,0.4413064773834684,2__nan,PertCortex_2_CACATAGGTCAAGCGA,2.0621630382274105
32726,0.5893198599163978,2__nan,PertCortex_2_CACATAGTCAGTGCAT,1.8861983327116498
32727,0.203721849765779,2__nan,PertCortex_2_CACATAGTCCGTACAA,3.442895462576996
32728,0.1435551156593938,2__nan,PertCortex_2_CACCACTAGCCGATTT,4.044701215979961
32729,0.224215590803236,2__nan,PertCortex_2_CACCACTCAGGGTATG,3.0169075727043446
32730,0.6483329131487374,2__nan,PertCortex_2_CACCACTGTAGGACAC,1.9805392128510426
32731,0.1787924666463342,2__nan,PertCortex_2_CACCACTGTCAACATC,2.9265894942123216
32732,0.12176187186107755,2__nan,PertCortex_2_CACCACTTCTACCAGA,4.144784000307047
32733,0.0623376267114012,2__nan,PertCortex_2_CACCAGGAGGGATGGG,3.5874495627279592
32734,0.17507129770385776,2__nan,PertCortex_2_CACCAGGAGGGTTCCC,1.959211586480109
32735,0.1860406658043949,2__nan,PertCortex_2_CACCAGGAGTGACATA,3.0391402402221055
32736,0.1987357488241142,2__nan,PertCortex_2_CACCAGGGTAGCCTCG,3.486263588123958
32737,0.19468722084865167,2__nan,PertCortex_2_CACCAGGGTCTTCGTC,3.9969313043282617
32738,0.1417284127553108,2__nan,PertCortex_2_CACCAGGTCTACCAGA,3.626308870761069
32739,0.1877099154003491,2__nan,PertCortex_2_CACCTTGAGATCGATA,3.471321373982336
32740,0.2132498203852209,2__nan,PertCortex_2_CACCTTGAGTGAATTG,3.307714361727033
32741,0.05644779850051696,2__nan,PertCortex_2_CACTCCAGTCATCCCT,3.9705002553411686
32742,0.17040612566796123,2__nan,PertCortex_2_CAGAATCAGACGCTTT,4.4745467904258005
32743,0.18912247913989141,2__nan,PertCortex_2_CAGAATCAGTCGTTTG,2.6603377830848296
32744,0.07124595579010029,2__nan,PertCortex_2_CAGAATCCAGACGCCT,4.3373954897137565
32745,0.22021881691684148,2__nan,PertCortex_2_CAGAATCCAGACGTAG,2.9396274164113585
32746,0.1570409221450055,2__nan,PertCortex_2_CAGAGAGAGTGACTCT,3.713839965626506
32747,0.16282953715382312,2__nan,PertCortex_2_CAGAGAGGTTACCGAT,3.8656741732316986
32748,0.5686317273529585,2__nan,PertCortex_2_CAGAGAGTCCTTTACA,2.279022800726079
32749,0.1540646314074423,2__nan,PertCortex_2_CAGAGAGTCGTTTGCC,3.32436320874829
32750,0.13789461276842668,2__nan,PertCortex_2_CAGATCAAGCGTAGTG,3.559448467623281
32751,0.04339410295985923,2__nan,PertCortex_2_CAGATCACAACTTGAC,4.493433682549257
32752,0.19984206065292454,2__nan,PertCortex_2_CAGATCAGTAGTAGTA,3.822713675572875
32753,0.1059502922985302,2__nan,PertCortex_2_CAGATCAGTATGAAAC,4.067432652132314
32754,0.14492523118085526,2__nan,PertCortex_2_CAGATCATCACCTCGT,3.0722703195387573
32755,0.1589996625991409,2__nan,PertCortex_2_CAGATCATCAGATAAG,4.150272172829652
32756,0.05624514309719202,2__nan,PertCortex_2_CAGATCATCCAGATCA,3.606976050639217
32757,0.25483640023926357,2__nan,PertCortex_2_CAGCAGCAGACACTAA,2.886793493933702
32758,0.1648416908408931,2__nan,PertCortex_2_CAGCAGCTCGTGACAT,3.9063829506757473
32759,0.08326486991086875,2__nan,PertCortex_2_CAGCATAAGACCCACC,4.7375149104853485
32760,0.08254036087110432,2__nan,PertCortex_2_CAGCATACACACATGT,4.216260427944631
32761,0.09153462640921403,2__nan,PertCortex_2_CAGCATATCGTGTAGT,2.573973383616073
32762,0.5109766391393306,2__nan,PertCortex_2_CAGCCGAAGGCTCAGA,1.8830036299747186
32763,0.08521696503473017,2__nan,PertCortex_2_CAGCCGATCTGTCAAG,3.7524128656981155
32764,0.23232508346950864,2__nan,PertCortex_2_CAGCGACAGAGGGATA,3.8798154382384316
32765,0.17767759057825455,2__nan,PertCortex_2_CAGCGACAGCGATCCC,3.1040828066983903
32766,0.18769795045108145,2__nan,PertCortex_2_CAGCGACAGGCCATAG,3.2173823867811584
32767,0.11977453082736707,2__nan,PertCortex_2_CAGCGACGTTAGGGTG,4.609601815688571
32768,0.15971722422093187,2__nan,PertCortex_2_CAGCGACTCGGTCCGA,3.915831961723252
32769,0.3228679840308012,2__nan,PertCortex_2_CAGCTAATCGCCAGCA,4.000043968267184
32770,0.5351512023261867,2__nan,PertCortex_2_CAGCTGGGTTCCCGAG,2.435149149100981
32771,0.20085511811898368,2__nan,PertCortex_2_CAGCTGGTCATCTGTT,3.19054068118348
32772,0.09334027852080617,2__nan,PertCortex_2_CAGCTGGTCGTTGACA,4.375130514831101
32773,0.3115610470521517,2__nan,PertCortex_2_CAGGTGCAGATCCCAT,3.219898472684942
32774,0.2625854682929405,2__nan,PertCortex_2_CAGGTGCAGGTGATTA,3.0319313660018534
32775,0.14170997394873167,2__nan,PertCortex_2_CAGGTGCCAGCTCGAC,4.373679042706032
32776,0.07032295660219448,2__nan,PertCortex_2_CAGGTGCGTACGACCC,3.7756649981577564
32777,0.0998380742931205,2__nan,PertCortex_2_CAGGTGCGTCTGCCAG,3.6788459684223813
32778,0.061880787107175594,2__nan,PertCortex_2_CAGGTGCTCTTCAACT,3.214526086597257
32779,0.08523045393999786,2__nan,PertCortex_2_CAGTAACAGTGGGTTG,3.3498090979432673
32780,0.1213949110865562,2__nan,PertCortex_2_CAGTAACCAAGGCTCC,4.686211768382828
32781,0.2298962209247962,2__nan,PertCortex_2_CAGTAACCAGTAACGG,4.392948561552708
32782,0.1276517028550724,2__nan,PertCortex_2_CAGTAACTCTATGTGG,3.3392831597530415
32783,0.09158697615968805,2__nan,PertCortex_2_CAGTCCTAGACTTGAA,3.708052407933499
32784,0.15125877897390738,2__nan,PertCortex_2_CAGTCCTAGCCCAGCT,3.4494381224878063
32785,0.15463934112598704,2__nan,PertCortex_2_CAGTCCTCAAAGCGGT,2.5575923156676965
32786,0.14863478505643565,2__nan,PertCortex_2_CAGTCCTCATCGTCGG,4.6197313705257255
32787,0.05789251525271865,2__nan,PertCortex_2_CAGTCCTGTGTTGAGG,3.374139192944347
32788,0.10382730032644753,2__nan,PertCortex_2_CAGTCCTTCGTAGGTT,3.2042604423829046
32789,0.06150856297594493,2__nan,PertCortex_2_CATATGGAGGAGCGAG,3.990523349393926
32790,0.1836193278250214,2__nan,PertCortex_2_CATATGGAGGCAAAGA,5.1756999294002535
32791,0.10567038375209808,2__nan,PertCortex_2_CATATTCAGACTTGAA,4.360421666979468
32792,0.06857260723258454,2__nan,PertCortex_2_CATATTCGTACCGTAT,5.210404969258999
32793,0.07182947476402507,2__nan,PertCortex_2_CATATTCTCACTGGGC,3.811852993962532
32794,0.3393278185674184,2__nan,PertCortex_2_CATATTCTCGCTTGTC,3.6936337351358324
32795,0.05743319630034575,2__nan,PertCortex_2_CATCAAGCAAGAGGCT,4.073811277623084
32796,0.09767604427813928,2__nan,PertCortex_2_CATCAAGCAGGTGCCT,3.9008059907983035
32797,0.1392885145266481,2__nan,PertCortex_2_CATCAAGGTAAATACG,4.495012770321267
32798,0.2746154230232764,2__nan,PertCortex_2_CATCAAGTCCTGTACC,4.036417614389721
32799,0.08606536202491583,2__nan,PertCortex_2_CATCAGAAGGAACTGC,4.063821690062517
32800,0.10688580538874323,2__nan,PertCortex_2_CATCAGAAGTCCTCCT,4.48092022100655
32801,0.09666866727081297,2__nan,PertCortex_2_CATCAGACAGTCCTTC,4.044162866913177
32802,0.091818502563007,2__nan,PertCortex_2_CATCAGAGTAAACCTC,4.202009920050093
32803,0.07099582530206303,2__nan,PertCortex_2_CATCAGAGTATTCGTG,4.56311713180954
32804,0.5624960643749658,2__nan,PertCortex_2_CATCAGAGTTCCCTTG,2.111866734487714
32805,0.3822879858392838,2__nan,PertCortex_2_CATCAGATCCAAATGC,2.4454695083074593
32806,0.220407059226684,2__nan,PertCortex_2_CATCCACAGCTAACTC,3.1067095617712948
32807,0.0823295465577043,2__nan,PertCortex_2_CATCCACCATTCTTAC,3.7283517611253267
32808,0.11073376674387571,2__nan,PertCortex_2_CATCGAAAGAAGCCCA,3.0300288713266506
32809,0.5323786663604447,2__nan,PertCortex_2_CATCGAACAGTCGATT,1.6875548319862705
32810,0.16364690267802712,2__nan,PertCortex_2_CATCGAACATGGTAGG,5.176942777476126
32811,0.1687965506095498,2__nan,PertCortex_2_CATCGAAGTAGATTAG,3.7049744458301825
32812,0.18630503605729304,2__nan,PertCortex_2_CATCGAAGTGAGCGAT,4.303274202339477
32813,0.13175799028253835,2__nan,PertCortex_2_CATCGAATCCTGCCAT,4.30109992326773
32814,0.18247636771989478,2__nan,PertCortex_2_CATGACAAGCTTCGCG,3.2105558912175396
32815,0.13669523732760858,2__nan,PertCortex_2_CATGACAAGGCAATTA,4.244914443777907
32816,0.10743922943197069,2__nan,PertCortex_2_CATGACACAGTTCATG,5.407359343763981
32817,0.4697130344203148,2__nan,PertCortex_2_CATGACAGTACTTGAC,2.1359859574421334
32818,0.061457264001299874,2__nan,PertCortex_2_CATGACATCAGGCCCA,3.8104795723138722
32819,0.08530025286918613,2__nan,PertCortex_2_CATGCCTAGACTACAA,3.950355733345715
32820,0.5479904314135564,2__nan,PertCortex_2_CATGCCTAGGCTCTTA,2.391682027819804
32821,0.4918156997779313,2__nan,PertCortex_2_CATGCCTCAGTAACGG,2.4236417245648783
32822,0.13322447698922305,2__nan,PertCortex_2_CATGGCGAGACAATAC,3.7965674597718095
32823,0.13725265031516948,2__nan,PertCortex_2_CATGGCGAGGACAGAA,4.896060512778115
32824,0.08818432579386429,2__nan,PertCortex_2_CATGGCGCACCTGGTG,4.082403434181298
32825,0.06975454388657684,2__nan,PertCortex_2_CATGGCGCAGCCAGAA,4.241580161530366
32826,0.1479434303396715,2__nan,PertCortex_2_CATGGCGGTATTACCG,3.6703979997078733
32827,0.08444079738059533,2__nan,PertCortex_2_CATGGCGGTTAGGGTG,3.830952686042317
32828,0.5286130047319627,2__nan,PertCortex_2_CATGGCGTCAGTTGAC,1.7850424095766702
32829,0.12399486693165648,2__nan,PertCortex_2_CATTATCCAAAGCGGT,4.786493907481913
32830,0.1952417896078628,2__nan,PertCortex_2_CATTATCGTGCGAAAC,3.9682397159252676
32831,0.16135065946279503,2__nan,PertCortex_2_CATTATCTCGGAAACG,4.1029347334066175
32832,0.14791653457336473,2__nan,PertCortex_2_CATTATCTCTGACCTC,3.6953160422941687
32833,0.14668564326532516,2__nan,PertCortex_2_CATTCGCAGAGGTTGC,4.47008341671787
32834,0.3516064938415426,2__nan,PertCortex_2_CATTCGCAGGGTGTGT,2.2747882817645126
32835,0.05153959572364226,2__nan,PertCortex_2_CATTCGCGTAGGGACT,3.7895060104076275
32836,0.18108414316907487,2__nan,PertCortex_2_CATTCGCGTCTACCTC,3.513142082570067
32837,0.30077005179973776,2__nan,PertCortex_2_CATTCGCTCTTAGAGC,2.854011896625786
32838,0.22452235517340519,2__nan,PertCortex_2_CCAATCCGTGTTTGTG,3.2259918989943315
32839,0.17238421492461747,2__nan,PertCortex_2_CCAATCCTCAGTCAGT,3.140986660083091
32840,0.0686640492399146,2__nan,PertCortex_2_CCACCTAAGCCGGTAA,4.306209777478743
32841,0.5361624743607084,2__nan,PertCortex_2_CCACCTAAGCGCTTAT,2.450683882831718
32842,0.18631374732214703,2__nan,PertCortex_2_CCACCTAAGTCATCCA,3.72882962181832
32843,0.5109407798442942,2__nan,PertCortex_2_CCACGGACACACCGCA,2.1689502391835966
32844,0.09439448977395949,2__nan,PertCortex_2_CCACGGAGTTATTCTC,4.334942754591059
32845,0.12582355354408306,2__nan,PertCortex_2_CCACGGATCAACGGCC,3.428100928431409
32846,0.5676441411522378,2__nan,PertCortex_2_CCACTACAGAGTCTGG,2.229457727777528
32847,0.2077018163020902,2__nan,PertCortex_2_CCACTACGTGCGCTTG,3.336236391762136
32848,0.23243803487728004,2__nan,PertCortex_2_CCACTACTCTTGACGA,3.3443239499658795
32849,0.2212189672761432,2__nan,PertCortex_2_CCACTACTCTTGCAAG,3.2120145053763274
32850,0.30243584490236614,2__nan,PertCortex_2_CCAGCGAAGACGCTTT,2.8487923603100582
32851,0.192221082229284,2__nan,PertCortex_2_CCAGCGACATGATCCA,3.7611996287797664
32852,0.11027265962193693,2__nan,PertCortex_2_CCAGCGATCCGAAGAG,3.966571480260729
32853,0.061095401526270014,2__nan,PertCortex_2_CCATGTCAGCTCCTCT,3.0793127207865836
32854,0.04824645763924018,2__nan,PertCortex_2_CCATGTCGTCTAGCCG,3.089229591356456
32855,0.5383721050214189,2__nan,PertCortex_2_CCATGTCTCCTGTAGA,2.4971428249297896
32856,0.23678876003459234,2__nan,PertCortex_2_CCATGTCTCGTTACAG,2.848920517037855
32857,0.10009710491598847,2__nan,PertCortex_2_CCATTCGAGCGTTGCC,4.323430832797032
32858,0.09816728589849925,2__nan,PertCortex_2_CCATTCGCAGTCCTTC,2.497592059166209
32859,0.43911384756400257,2__nan,PertCortex_2_CCATTCGGTGTGGCTC,2.3368271845541466
32860,0.179027583980764,2__nan,PertCortex_2_CCATTCGTCACGGTTA,3.2712092486948463
32861,0.2392631836838888,2__nan,PertCortex_2_CCATTCGTCAGCAACT,2.9772872556437306
32862,0.12797996313844545,2__nan,PertCortex_2_CCATTCGTCCTATGTT,4.0366531925518965
32863,0.16114051205408836,2__nan,PertCortex_2_CCATTCGTCTGTACGA,3.0664222478389873
32864,0.6518432344666636,2__nan,PertCortex_2_CCCAATCAGAACTCGG,2.031668708818719
32865,0.22402960781220135,2__nan,PertCortex_2_CCCAATCAGATTACCC,3.3640930199634025
32866,0.14991935814213023,2__nan,PertCortex_2_CCCAATCAGGCACATG,3.4054593173188197
32867,0.0440423151682244,2__nan,PertCortex_2_CCCAATCAGGCATGTG,4.233287090574833
32868,0.06760615808128036,2__nan,PertCortex_2_CCCAATCAGTGGTAGC,4.753852220057713
32869,0.6503971356248966,2__nan,PertCortex_2_CCCAATCGTTTGCATG,1.8907937162711228
32870,0.06742311447424303,2__nan,PertCortex_2_CCCAGTTAGCCTTGAT,4.182708414027165
32871,0.12194636837644048,2__nan,PertCortex_2_CCCAGTTAGGCCCGTT,5.411101296317056
32872,0.14601246145953364,2__nan,PertCortex_2_CCCAGTTCACAGCCCA,3.325766964443192
32873,0.18427681648164743,2__nan,PertCortex_2_CCCAGTTCAGATGGGT,4.236946757952685
32874,0.09836565234505718,2__nan,PertCortex_2_CCCAGTTCAGTTCCCT,3.8127046824757813
32875,0.11522364552065711,2__nan,PertCortex_2_CCCATACGTAGAGCTG,3.2331868152421803
32876,0.0818094258151382,2__nan,PertCortex_2_CCCTCCTAGTAGATGT,4.473719403494789
32877,0.08801295309492407,2__nan,PertCortex_2_CCCTCCTCACCGTTGG,2.948354551350122
32878,0.23009714074245285,2__nan,PertCortex_2_CCCTCCTCAGGGCATA,3.410705406292382
32879,0.18751478577723987,2__nan,PertCortex_2_CCCTCCTGTGGACGAT,3.0543719942620227
32880,0.09502727034209629,2__nan,PertCortex_2_CCCTCCTGTTTCGCTC,4.12931101069061
32881,0.17479626857316466,2__nan,PertCortex_2_CCCTCCTTCGGCCGAT,2.499718198512447
32882,0.5610780888382161,2__nan,PertCortex_2_CCGGGATAGAAGGACA,1.7795518494924982
32883,0.23949840300312575,2__nan,PertCortex_2_CCGGGATGTTGTGGAG,2.9060494916255033
32884,0.0937497592407316,2__nan,PertCortex_2_CCGGTAGCACAGGCCT,4.292310749896072
32885,0.168839930345848,2__nan,PertCortex_2_CCGGTAGCACGGTAGA,3.419944598586444
32886,0.1193514380903575,2__nan,PertCortex_2_CCGGTAGGTCACACGC,3.8328090754859216
32887,0.22689060565052654,2__nan,PertCortex_2_CCGGTAGTCCTGTAGA,3.3260439604968357
32888,0.5758163103342202,2__nan,PertCortex_2_CCGTACTAGGGTATCG,2.2435277245557037
32889,0.21156240912427152,2__nan,PertCortex_2_CCGTACTAGTCTCGGC,3.2691600216696854
32890,0.07993867517851445,2__nan,PertCortex_2_CCGTGGAGTATGGTTC,4.508718613712243
32891,0.13920894027603953,2__nan,PertCortex_2_CCGTGGAGTCTGATTG,3.987898572913138
32892,0.10177374933229924,2__nan,PertCortex_2_CCGTTCACACAGGCCT,3.684383400105885
32893,0.5883690223634286,2__nan,PertCortex_2_CCGTTCAGTCGAGATG,2.178890253336762
32894,0.197055920178994,2__nan,PertCortex_2_CCTAAAGAGGATGGAA,3.2244340433839205
32895,0.04660223018773394,2__nan,PertCortex_2_CCTAAAGAGTCAAGGC,3.5020115701325256
32896,0.4444060219718623,2__nan,PertCortex_2_CCTAAAGCAACGATCT,3.2960678458490267
32897,0.5259629360776228,2__nan,PertCortex_2_CCTAAAGCATCGACGC,2.396334101541553
32898,0.100619183826432,2__nan,PertCortex_2_CCTAAAGGTCCGAGTC,4.425752234033713
32899,0.11812230188438538,2__nan,PertCortex_2_CCTAAAGTCCTATTCA,4.1244827486611895
32900,0.6144833734734823,2__nan,PertCortex_2_CCTACACAGAGGTACC,1.9579557298540367
32901,0.5231127223999906,2__nan,PertCortex_2_CCTACACAGCTAGCCC,2.4383148567555253
32902,0.16420755492575645,2__nan,PertCortex_2_CCTACACCATAAGACA,4.8243797861145
32903,0.20579027557024415,2__nan,PertCortex_2_CCTACACTCTGGGCCA,3.3262498688763062
32904,0.06825266211302612,2__nan,PertCortex_2_CCTACCAAGCGGCTTC,4.144046789222539
32905,0.08509830269900091,2__nan,PertCortex_2_CCTACCACACAGGTTT,3.119209080044808
32906,0.10979291625758926,2__nan,PertCortex_2_CCTACCAGTCGCATAT,4.419924363225591
32907,0.0767468927569546,2__nan,PertCortex_2_CCTACCAGTGAGTGAC,3.9487810848021354
32908,0.12775830204404168,2__nan,PertCortex_2_CCTACCATCAAAGTAG,4.3097999468152555
32909,0.1640229484844643,2__nan,PertCortex_2_CCTAGCTCATTACGAC,3.334853535941313
32910,0.08471396465157013,2__nan,PertCortex_2_CCTAGCTTCCGCGGTA,4.099833241508077
32911,0.4261129708513493,2__nan,PertCortex_2_CCTATTAAGAAACGCC,1.8383558598726186
32912,0.1176684608979375,2__nan,PertCortex_2_CCTATTAAGACCTAGG,2.531696263863104
32913,0.15981458797927423,2__nan,PertCortex_2_CCTATTACAGGGCATA,4.496796987633551
32914,0.18107046638525112,2__nan,PertCortex_2_CCTATTATCCAATGGT,4.009054274301317
32915,0.12564219403931856,2__nan,PertCortex_2_CCTCTGAGTACTTAGC,4.0543964707638755
32916,0.17571935759379667,2__nan,PertCortex_2_CCTCTGAGTACTTCTT,5.157974458368277
32917,0.1108179225663031,2__nan,PertCortex_2_CCTTACGAGTGATCGG,3.1402318853906745
32918,0.5507269606287474,2__nan,PertCortex_2_CCTTACGCAAAGTGCG,1.964164419917819
32919,0.21174170046158827,2__nan,PertCortex_2_CCTTCCCAGCCGCCTA,3.6619263136966005
32920,0.18443261728700697,2__nan,PertCortex_2_CCTTCCCCATCCCATC,3.723289865149727
32921,0.1716947961250472,2__nan,PertCortex_2_CCTTCCCGTCCTGCTT,4.387831140264343
32922,0.15877669732001018,2__nan,PertCortex_2_CCTTCCCTCGGAGGTA,2.6653248511332324
32923,0.13166415210736818,2__nan,PertCortex_2_CCTTCGAAGCAATATG,4.78546631470524
32924,0.07773030562380571,2__nan,PertCortex_2_CCTTTCTAGGTAGCCA,4.362060735847465
32925,0.6214438706472789,2__nan,PertCortex_2_CCTTTCTCAATGAAAC,2.123535972907694
32926,0.14182820310941696,2__nan,PertCortex_2_CCTTTCTCATCCCATC,4.46143514337393
32927,0.059040666742990536,2__nan,PertCortex_2_CGAACATCATAGTAAG,4.764200521804793
32928,0.1100855198174449,2__nan,PertCortex_2_CGAACATTCCACGACG,4.604002968109401
32929,0.21497632306606457,2__nan,PertCortex_2_CGAATGTAGCTAGGCA,4.963413461020757
32930,0.17030303882168044,2__nan,PertCortex_2_CGAATGTGTGCGAAAC,4.6760620501795005
32931,0.6715454932893847,2__nan,PertCortex_2_CGAATGTGTTATCCGA,1.570927844366106
32932,0.08403414412043887,2__nan,PertCortex_2_CGACCTTAGCGTAATA,3.862627059106905
32933,0.12785389741511444,2__nan,PertCortex_2_CGACCTTCAGATCGGA,4.46864586426611
32934,0.04228127218888201,2__nan,PertCortex_2_CGACCTTGTAGCGATG,3.4315514791964374
32935,0.21803040885963504,2__nan,PertCortex_2_CGACCTTGTCAGATAA,4.707055587543032
32936,0.5840684125241528,2__nan,PertCortex_2_CGACCTTGTGCACCAC,1.9281082217262064
32937,0.15914668261402906,2__nan,PertCortex_2_CGACCTTTCCGCGCAA,4.90181087808554
32938,0.03138809613046961,2__nan,PertCortex_2_CGACCTTTCGAATGGG,3.894295785349299
32939,0.01174640481628753,2__nan,PertCortex_2_CGACTTCAGACTGGGT,3.559494920302927
32940,0.24470204134911264,2__nan,PertCortex_2_CGACTTCGTAAGCACG,3.312276372557539
32941,0.07652875904020161,2__nan,PertCortex_2_CGACTTCTCCGGGTGT,4.906989188247323
32942,0.15748227178596774,2__nan,PertCortex_2_CGACTTCTCTTGGGTA,5.020068830750362
32943,0.05247649246747521,2__nan,PertCortex_2_CGAGAAGAGAATTCCC,3.582265415491198
32944,0.06463385919627915,2__nan,PertCortex_2_CGAGAAGAGCAGGTCA,2.9609039537373247
32945,0.189408293235204,2__nan,PertCortex_2_CGAGAAGCAACTTGAC,3.6291753248112126
32946,0.21440916942676452,2__nan,PertCortex_2_CGAGAAGCAGGAATCG,4.717719000933648
32947,0.10917255037076931,2__nan,PertCortex_2_CGAGCACAGCAGGTCA,4.144751206261865
32948,0.1747373426426243,2__nan,PertCortex_2_CGAGCACCACGTCTCT,4.7680385840027855
32949,0.10748157171356558,2__nan,PertCortex_2_CGAGCACCAGGAATCG,2.8326617076108342
32950,0.22255701715952034,2__nan,PertCortex_2_CGAGCACCAGGTGGAT,3.5960932590427612
32951,0.1635467331797854,2__nan,PertCortex_2_CGAGCACGTCCAAGTT,4.054389962103363
32952,0.19699454298955596,2__nan,PertCortex_2_CGAGCACGTCCCTTGT,3.5966004285902056
32953,0.19826913985797248,2__nan,PertCortex_2_CGAGCACGTTCCACTC,5.076446652520458
32954,0.11155542740670299,2__nan,PertCortex_2_CGAGCCAAGTGATCGG,4.839633499922093
32955,0.056578424590774105,2__nan,PertCortex_2_CGAGCCACAGCCTATA,3.9030477561828647
32956,0.16897521579329164,2__nan,PertCortex_2_CGAGCCACATTATCTC,3.7913051527976114
32957,0.34152932834863026,2__nan,PertCortex_2_CGAGCCATCACGATGT,2.661106812624893
32958,0.08767480187732175,2__nan,PertCortex_2_CGAGCCATCCAAGCCG,3.858099740739635
32959,0.5555510613791779,2__nan,PertCortex_2_CGAGCCATCGCATGGC,2.3580375723297418
32960,0.694924486480194,2__nan,PertCortex_2_CGATCGGAGAACAACT,1.5424592772471273
32961,0.06469915502524601,2__nan,PertCortex_2_CGATCGGAGAGACGAA,3.4384723847090486
32962,0.12827012283500888,2__nan,PertCortex_2_CGATCGGCACATTCGA,5.128120981110216
32963,0.08382333430386485,2__nan,PertCortex_2_CGATCGGGTCCATGAT,4.606643812366431
32964,0.1515790105178938,2__nan,PertCortex_2_CGATCGGTCTCTGCTG,4.207946723424926
32965,0.09805069831946402,2__nan,PertCortex_2_CGATGGCCAACACGCC,4.50463232627584
32966,0.22451731436081707,2__nan,PertCortex_2_CGATGTAAGTGTCCAT,3.0578817948505983
32967,0.08321412925630724,2__nan,PertCortex_2_CGATGTAGTAGCGCAA,3.767018424260303
32968,0.08322178481264994,2__nan,PertCortex_2_CGATGTATCATAACCG,3.905192557942166
32969,0.1286321925048534,2__nan,PertCortex_2_CGATGTATCCATGAGT,4.1998779835308575
32970,0.1277480701410642,2__nan,PertCortex_2_CGATGTATCCATGCTC,4.236258677457055
32971,0.18214385874986969,2__nan,PertCortex_2_CGATTGACAACTGCGC,4.917480195883993
32972,0.6424443041509293,2__nan,PertCortex_2_CGATTGAGTCCATCCT,1.922180571242491
32973,0.17693018651992148,2__nan,PertCortex_2_CGATTGAGTTACGCGC,3.6582457080145785
32974,0.17387291330483054,2__nan,PertCortex_2_CGCCAAGAGAGTCTGG,5.650287561654535
32975,0.047279584253899165,2__nan,PertCortex_2_CGCCAAGAGCCGTCGT,4.164777117795655
32976,0.1787323829663421,2__nan,PertCortex_2_CGCCAAGCATTATCTC,4.587448526312264
32977,0.08577622664408081,2__nan,PertCortex_2_CGCCAAGGTCGCGTGT,3.1470145094362696
32978,0.14428394266663977,2__nan,PertCortex_2_CGCGGTAAGTTCGCAT,4.485171193282744
32979,0.039815329867406636,2__nan,PertCortex_2_CGCGGTACAAGCTGAG,4.101434053427842
32980,0.07339372596111886,2__nan,PertCortex_2_CGCGGTATCGGTCTAA,3.9428682706100395
32981,0.15853212224391489,2__nan,PertCortex_2_CGCGTTTAGCTCCTTC,4.293500134570075
32982,0.1148270493295198,2__nan,PertCortex_2_CGCGTTTGTACCGGCT,3.850398604606112
32983,0.17187677675970653,2__nan,PertCortex_2_CGCGTTTGTGGTACAG,4.456791743420548
32984,0.10156630646534756,2__nan,PertCortex_2_CGCGTTTTCTGGTTCC,4.652734092130738
32985,0.09473413380144548,2__nan,PertCortex_2_CGCTATCCACAAGCCC,4.251719174788242
32986,0.21023848375610957,2__nan,PertCortex_2_CGCTATCGTCCATCCT,3.54840290810088
32987,0.040444650882715566,2__nan,PertCortex_2_CGCTATCTCCAGGGCT,3.983035148222941
32988,0.17698546030591253,2__nan,PertCortex_2_CGCTATCTCTCCAACC,4.7184235691232885
32989,0.08358241737256189,2__nan,PertCortex_2_CGCTGGAAGAGCTGCA,5.788137066624848
32990,0.026717329722118557,2__nan,PertCortex_2_CGCTGGACAAGCTGAG,3.3604471881080458
32991,0.08388665886433017,2__nan,PertCortex_2_CGCTGGACATGAAGTA,4.247119847648117
32992,0.14689965831498009,2__nan,PertCortex_2_CGCTGGATCCCAAGTA,4.452831612839487
32993,0.16495743180336303,2__nan,PertCortex_2_CGCTGGATCCCATTTA,3.239473625963341
32994,0.16757575804362482,2__nan,PertCortex_2_CGCTTCAGTACACCGC,3.0654381047771624
32995,0.2876170844913363,2__nan,PertCortex_2_CGCTTCAGTACGCACC,2.679085038216696
32996,0.01295944238829726,2__nan,PertCortex_2_CGCTTCAGTCGAACAG,4.485690925542637
32997,0.14027451948121164,2__nan,PertCortex_2_CGGACACCACATGGGA,3.856633764991032
32998,0.04659264239683584,2__nan,PertCortex_2_CGGACACCATCGATGT,4.341308361964531
32999,0.18653634284387707,2__nan,PertCortex_2_CGGACACCATTGAGCT,5.0705284759437115
33000,0.26811936089900257,2__nan,PertCortex_2_CGGACGTCAAAGAATC,3.32528072985099
33001,0.12439108356328367,2__nan,PertCortex_2_CGGACGTCATTAACCG,4.1256278541508795
33002,0.15381532670134646,2__nan,PertCortex_2_CGGACTGAGAGAGCTC,3.858577605307675
33003,0.12326393398830965,2__nan,PertCortex_2_CGGACTGAGGCAAAGA,4.651898467253497
33004,0.10131532917498409,2__nan,PertCortex_2_CGGACTGAGGGAAACA,3.971838316179269
33005,0.474582890715811,2__nan,PertCortex_2_CGGACTGCATGCCTAA,2.265639077272519
33006,0.15437786387086333,2__nan,PertCortex_2_CGGACTGGTCTCGTTC,4.688450852993088
33007,0.17389994091699582,2__nan,PertCortex_2_CGGACTGTCGTTACAG,4.649080266264232
33008,0.15729804085628185,2__nan,PertCortex_2_CGGAGCTAGGCATGTG,4.513224559787632
33009,0.17895531703304463,2__nan,PertCortex_2_CGGAGCTAGTCATGCT,5.395673476152032
33010,0.13969522781893728,2__nan,PertCortex_2_CGGAGCTAGTTGAGTA,4.869884916853614
33011,0.06848897059303159,2__nan,PertCortex_2_CGGAGCTCAAACGCGA,4.399502937924686
33012,0.06881255646758974,2__nan,PertCortex_2_CGGAGCTCATCGATGT,3.9882101585014955
33013,0.20092815825740504,2__nan,PertCortex_2_CGGAGCTGTCACTGGC,3.5473568087449974
33014,0.16650601412819535,2__nan,PertCortex_2_CGGAGCTGTCTGATCA,3.3899300186452463
33015,0.18474487231767928,2__nan,PertCortex_2_CGGAGCTTCGGACAAG,4.885690563066357
33016,0.18192108663160328,2__nan,PertCortex_2_CGGAGCTTCTGTCTAT,3.298259742056587
33017,0.21745103471991528,2__nan,PertCortex_2_CGGAGTCAGATCGGGT,4.49572803018918
33018,0.1127520506374422,2__nan,PertCortex_2_CGGAGTCAGGATGGTC,3.8801276785275713
33019,0.08146334258748907,2__nan,PertCortex_2_CGGAGTCGTAAGAGAG,4.868458839812959
33020,0.08639602651709402,2__nan,PertCortex_2_CGGCTAGAGGCTAGGT,4.7800930262906345
33021,0.21570852867672394,2__nan,PertCortex_2_CGGGTCAAGGGATACC,4.751288356572355
33022,0.20325258896336149,2__nan,PertCortex_2_CGGGTCACAGTGACAG,3.492895560105682
33023,0.06034832217441997,2__nan,PertCortex_2_CGGGTCAGTACAGTGG,4.4325363350308145
33024,0.10727472062040029,2__nan,PertCortex_2_CGGGTCAGTGCTGTAT,4.784440935971664
33025,0.1326679644096662,2__nan,PertCortex_2_CGGTTAAAGGGCTCTC,4.143698646939913
33026,0.1019790057091529,2__nan,PertCortex_2_CGGTTAACAGCTCCGA,4.079981674429039
33027,0.24632964672568824,2__nan,PertCortex_2_CGGTTAATCACAGTAC,3.621226413116845
33028,0.09977641855032153,2__nan,PertCortex_2_CGTAGCGAGACTGGGT,3.919003653388029
33029,0.22081359322205293,2__nan,PertCortex_2_CGTAGCGAGGCTAGCA,2.7756676967375578
33030,0.09050579685877376,2__nan,PertCortex_2_CGTAGCGAGTCAAGCG,4.717313131603333
33031,0.19738281104100347,2__nan,PertCortex_2_CGTAGCGGTAAATGTG,3.300570547413664
33032,0.08540402491411045,2__nan,PertCortex_2_CGTAGCGGTATCGCAT,4.442733563960294
33033,0.17515980019728455,2__nan,PertCortex_2_CGTAGCGTCCAATGGT,4.991886684938231
33034,0.699096010169116,2__nan,PertCortex_2_CGTAGCGTCTCGTTTA,1.5162942135828716
33035,0.053696956381394434,2__nan,PertCortex_2_CGTAGGCAGAAACCAT,3.9336981742101296
33036,0.13001675951578662,2__nan,PertCortex_2_CGTAGGCAGTGTACGG,4.5509277655673035
33037,0.21976215045091813,2__nan,PertCortex_2_CGTAGGCTCCAATGGT,4.47037169613321
33038,0.18504197250789334,2__nan,PertCortex_2_CGTAGGCTCGCCTGAG,3.2782756872541556
33039,0.14255119513592998,2__nan,PertCortex_2_CGTCACTAGGCATGGT,5.023321081826375
33040,0.13352340762573575,2__nan,PertCortex_2_CGTCACTCAAGCCCAC,3.577053085659837
33041,0.11340192344721861,2__nan,PertCortex_2_CGTCACTGTCGCTTCT,3.9301930287942644
33042,0.07339608419452764,2__nan,PertCortex_2_CGTCACTTCCTAGGGC,4.420788135429573
33043,0.10666180429813371,2__nan,PertCortex_2_CGTCACTTCTTTCCTC,4.080055407329097
33044,0.18307971854054567,2__nan,PertCortex_2_CGTCAGGCAAGAAGAG,3.3854298648321115
33045,0.18864545896831109,2__nan,PertCortex_2_CGTCAGGGTCACTTCC,2.9513486411605037
33046,0.09527507439657411,2__nan,PertCortex_2_CGTCAGGGTCGTTGTA,3.2819627215359612
33047,0.19256607863397837,2__nan,PertCortex_2_CGTCCATGTCAGGACA,5.177843448979358
33048,0.21701430434980662,2__nan,PertCortex_2_CGTCCATTCCCATTAT,3.779923953855361
33049,0.19412722903322716,2__nan,PertCortex_2_CGTCCATTCGCAAGCC,4.7067300542817625
33050,0.13675684051708087,2__nan,PertCortex_2_CGTCCATTCGGAAACG,4.10423981396247
33051,0.04963849834798074,2__nan,PertCortex_2_CGTCCATTCGGTCCGA,4.484024122972186
33052,0.11064160235493016,2__nan,PertCortex_2_CGTCCATTCTTCGGTC,4.627307346915709
33053,0.12494618719736539,2__nan,PertCortex_2_CGTCTACAGCTCCTCT,4.260001435338238
33054,0.06730342599333804,2__nan,PertCortex_2_CGTCTACCAGACACTT,4.959073643086327
33055,0.07163833072818276,2__nan,PertCortex_2_CGTCTACTCTGCTGCT,3.705189710776017
33056,0.15271591013967073,2__nan,PertCortex_2_CGTGAGCCATCTGGTA,5.145909287541603
33057,0.5768870708891877,2__nan,PertCortex_2_CGTGAGCCATGAGCGA,2.1350713277546274
33058,0.22086329682145747,2__nan,PertCortex_2_CGTGAGCGTGAAGGCT,4.696812993359972
33059,0.10775743206551092,2__nan,PertCortex_2_CGTGTAACATGGGAAC,4.160020831277883
33060,0.14972277446345372,2__nan,PertCortex_2_CGTGTAACATGTCCTC,3.4379273694753074
33061,0.15583860218751058,2__nan,PertCortex_2_CGTGTCTAGTGTTGAA,3.30108961434978
33062,0.14287709581594796,2__nan,PertCortex_2_CGTGTCTCAAACGTGG,4.398701626392754
33063,0.18607641370843586,2__nan,PertCortex_2_CGTGTCTGTAGGACAC,4.1708277757296015
33064,0.0973284477772811,2__nan,PertCortex_2_CGTTAGAAGACGACGT,3.8493200819156677
33065,0.24537817494565323,2__nan,PertCortex_2_CGTTAGAAGCGATCCC,3.4243190090750124
33066,0.29796829768245725,2__nan,PertCortex_2_CGTTAGACATACAGCT,3.5734552470677534
33067,0.1213839475719066,2__nan,PertCortex_2_CGTTAGAGTCCAGTTA,4.126104597596778
33068,0.018033237861873424,2__nan,PertCortex_2_CGTTAGATCGCAGGCT,3.6167078850793315
33069,0.18520402398262006,2__nan,PertCortex_2_CGTTCTGAGCTCCCAG,3.3263257880415984
33070,0.1437362174885814,2__nan,PertCortex_2_CGTTCTGGTGAAATCA,4.318148199401196
33071,0.16999072006521362,2__nan,PertCortex_2_CGTTCTGTCTATCCTA,3.8059138704758557
33072,0.17610364143043417,2__nan,PertCortex_2_CGTTGGGAGTTTAGGA,5.262270682098441
33073,0.19239637407915042,2__nan,PertCortex_2_CGTTGGGTCAGTCCCT,3.965412875188843
33074,0.12091172189024238,2__nan,PertCortex_2_CGTTGGGTCAGTTCGA,4.382536486037974
33075,0.2056006838926094,2__nan,PertCortex_2_CTAAGACAGGGAGTAA,4.791169579270152
33076,0.12650288490755904,2__nan,PertCortex_2_CTAAGACGTTACAGAA,3.7133066063055065
33077,0.20571186305174885,2__nan,PertCortex_2_CTAATGGAGTGTACTC,3.8898930795880906
33078,0.09264166471397467,2__nan,PertCortex_2_CTAATGGCACTGAAGG,4.741522217808338
33079,0.07112314028301943,2__nan,PertCortex_2_CTACACCAGTGGAGTC,3.6151662745694884
33080,0.1782631629029854,2__nan,PertCortex_2_CTACACCCATGAACCT,3.9678643962444196
33081,0.13094332529813255,2__nan,PertCortex_2_CTACATTTCCGATATG,4.066458397752461
33082,0.1597880669238196,2__nan,PertCortex_2_CTACCCAAGAAACGCC,4.408355342645151
33083,0.16540771151808367,2__nan,PertCortex_2_CTACCCAGTCGACTGC,3.4421923192556716
33084,0.057655806799161484,2__nan,PertCortex_2_CTACCCAGTTCTGGTA,4.657756671316922
33085,0.20932997920835303,2__nan,PertCortex_2_CTACGTCGTACCCAAT,2.809544174153279
33086,0.17200884744708766,2__nan,PertCortex_2_CTACGTCTCATTGCCC,4.422034601973137
33087,0.12805242520088872,2__nan,PertCortex_2_CTAGAGTGTCCAGTGC,3.611835422124132
33088,0.3151809624456834,2__nan,PertCortex_2_CTAGAGTGTTGCGTTA,2.9222638842379727
33089,0.6536544542378059,2__nan,PertCortex_2_CTAGCCTTCGGCGCTA,1.9381753956685164
33090,0.13489094346504385,2__nan,PertCortex_2_CTAGCCTTCTGCGACG,4.832369089851899
33091,0.14945464777383838,2__nan,PertCortex_2_CTAGTGAAGAGATGAG,4.474274788727029
33092,0.19079158509435176,2__nan,PertCortex_2_CTAGTGACACACCGAC,4.931032597611665
33093,0.16366071685102823,2__nan,PertCortex_2_CTAGTGATCTGTTGAG,3.6039536707502617
33094,0.17148462964374842,2__nan,PertCortex_2_CTCACACCAATTCCTT,4.079972732067959
33095,0.37848237218543607,2__nan,PertCortex_2_CTCACACGTGGCCCTA,3.5408286971391334
33096,0.09019150024962334,2__nan,PertCortex_2_CTCAGAATCAACGCTA,2.4397864282551085
33097,0.1668718574617323,2__nan,PertCortex_2_CTCATTAAGGATGTAT,4.403317918916692
33098,0.21347886304368083,2__nan,PertCortex_2_CTCATTATCGTAGATC,4.708222137667742
33099,0.20454941945754146,2__nan,PertCortex_2_CTCATTATCTTTAGTC,4.6194623237938615
33100,0.12922495361757072,2__nan,PertCortex_2_CTCCTAGAGCTGCAAG,3.4092671684816507
33101,0.19352335469813658,2__nan,PertCortex_2_CTCCTAGCATGCAACT,4.253717665847223
33102,0.21502612141700309,2__nan,PertCortex_2_CTCGAAACATATGAGA,4.591809545089245
33103,0.11701043451569783,2__nan,PertCortex_2_CTCGAAAGTTATGCGT,4.273935195337274
33104,0.17735520102859126,2__nan,PertCortex_2_CTCGAGGAGAAGAAGC,3.823345685459812
33105,0.17777811781139075,2__nan,PertCortex_2_CTCGAGGTCAAAGTAG,3.5834721104983145
33106,0.3944978957084376,2__nan,PertCortex_2_CTCGGAGAGCCAACAG,1.9908919406898913
33107,0.16434106133037513,2__nan,PertCortex_2_CTCGGAGAGCCAGTAG,4.480546770136727
33108,0.19188530643938792,2__nan,PertCortex_2_CTCGGAGCAATTCCTT,3.322452061296138
33109,0.06261748513154902,2__nan,PertCortex_2_CTCGGAGGTGACCAAG,3.6295791774558555
33110,0.25349196652677525,2__nan,PertCortex_2_CTCGGAGGTTCAGTAC,4.586073051721632
33111,0.2315441399343086,2__nan,PertCortex_2_CTCGGAGTCTTCATGT,3.272849881327571
33112,0.07379236204864145,2__nan,PertCortex_2_CTCGGGAAGGAGTAGA,4.5149751529063735
33113,0.10997642326985221,2__nan,PertCortex_2_CTCGGGAAGTCTTGCA,3.5756731096397187
33114,0.25857013740049173,2__nan,PertCortex_2_CTCGGGACAGGAATGC,4.038041063311158
33115,0.6170816051595228,2__nan,PertCortex_2_CTCGGGAGTTATGTGC,1.8798609950564316
33116,0.14112361386496983,2__nan,PertCortex_2_CTCGGGATCCGTAGTA,4.417569686450253
33117,0.12759073682558605,2__nan,PertCortex_2_CTCGTACGTCATGCAT,4.832378466275006
33118,0.22918400948442808,2__nan,PertCortex_2_CTCGTACTCTGCCCTA,3.3516906671921434
33119,0.08347548805522151,2__nan,PertCortex_2_CTCGTACTCTTGTTTG,4.091914440121325
33120,0.04109278686504992,2__nan,PertCortex_2_CTCGTCAAGTCTCAAC,3.6308589224757006
33121,0.08692736798815391,2__nan,PertCortex_2_CTCGTCACAAGAAAGG,4.408428230883762
33122,0.12184439998326524,2__nan,PertCortex_2_CTCGTCACAGATGGCA,5.371740179007583
33123,0.0936959605643164,2__nan,PertCortex_2_CTCGTCACAGCTGCTG,5.006822527542556
33124,0.19141125936437955,2__nan,PertCortex_2_CTCGTCACAGTATGCT,3.237382086003229
33125,0.0783958749009936,2__nan,PertCortex_2_CTCGTCACATTTGCCC,4.876160676803288
33126,0.5379288057279202,2__nan,PertCortex_2_CTCGTCAGTTTGTTGG,1.7596058265484749
33127,0.5747255420315243,2__nan,PertCortex_2_CTCGTCATCGTCCAGG,1.2919192176389884
33128,0.3596297477215357,2__nan,PertCortex_2_CTCGTCATCTTCGAGA,2.82359939261662
33129,0.049644081113281134,2__nan,PertCortex_2_CTCTAATCAGATAATG,4.32931824958056
33130,0.16498981525572437,2__nan,PertCortex_2_CTCTAATGTTCCGGCA,4.501470106786845
33131,0.13059440096602415,2__nan,PertCortex_2_CTCTAATTCGGCGGTT,4.179771201683874
33132,0.16551987844928145,2__nan,PertCortex_2_CTCTACGAGGACCACA,4.165369206697653
33133,0.14288366484764875,2__nan,PertCortex_2_CTCTACGCAGGCGATA,5.283427796573509
33134,0.18880490284639032,2__nan,PertCortex_2_CTCTACGGTTCTCATT,4.746751813774149
33135,0.09867768961442856,2__nan,PertCortex_2_CTCTGGTGTCCCTACT,4.585596772150352
33136,0.03896844561893916,2__nan,PertCortex_2_CTCTGGTGTTGTCTTT,4.036435012573905
33137,0.16703507192664896,2__nan,PertCortex_2_CTCTGGTTCGTGACAT,5.15553356518367
33138,0.042776468891399064,2__nan,PertCortex_2_CTCTGGTTCTCGTATT,4.046459581127276
33139,0.10131413807278644,2__nan,PertCortex_2_CTCTGGTTCTTGCCGT,3.387952693795242
33140,0.11644805393694517,2__nan,PertCortex_2_CTGAAACCACAACTGT,4.607788330778709
33141,0.06970582354069972,2__nan,PertCortex_2_CTGAAGTAGTTTCCTT,4.311256511493472
33142,0.650151131775669,2__nan,PertCortex_2_CTGAAGTCAGCTCGCA,1.932368885755503
33143,0.06164634686423018,2__nan,PertCortex_2_CTGAAGTTCAAAGTAG,3.5450597901161727
33144,0.17514128268833778,2__nan,PertCortex_2_CTGAAGTTCAGAGGTG,3.5816908876231937
33145,0.5636011817124793,2__nan,PertCortex_2_CTGAAGTTCCACTGGG,1.5719896791856984
33146,0.12065086632103403,2__nan,PertCortex_2_CTGAAGTTCTATCGCC,3.5380044145670113
33147,0.6699696915241081,2__nan,PertCortex_2_CTGATAGAGAAGGTGA,1.7343490690574797
33148,0.10218674192842611,2__nan,PertCortex_2_CTGATAGCAACACGCC,4.052861612725365
33149,0.5015527709293046,2__nan,PertCortex_2_CTGATAGCAATAACGA,1.857697160461045
33150,0.03920771248138829,2__nan,PertCortex_2_CTGATAGCACTAAGTC,4.302158263070741
33151,0.09013886339089172,2__nan,PertCortex_2_CTGATAGCATATGCTG,3.8563899931054784
33152,0.10000968364523252,2__nan,PertCortex_2_CTGATAGGTATAGGGC,4.626628883384728
33153,0.1602683246411502,2__nan,PertCortex_2_CTGATAGGTCAGCTAT,4.885567543103992
33154,0.20472074026439746,2__nan,PertCortex_2_CTGATAGGTGAGGGTT,2.925116423615206
33155,0.10386070547759088,2__nan,PertCortex_2_CTGATAGTCACGATGT,4.598901267348598
33156,0.06400792307662656,2__nan,PertCortex_2_CTGATAGTCTGCAAGT,4.151993312336592
33157,0.14252944718842836,2__nan,PertCortex_2_CTGATCCGTCATATCG,2.821367255564946
33158,0.08230994388889286,2__nan,PertCortex_2_CTGATCCGTCCAGTTA,4.3581529599868
33159,0.10520839286244463,2__nan,PertCortex_2_CTGATCCTCACCGGGT,4.6130730416499865
33160,0.10631106615901188,2__nan,PertCortex_2_CTGATCCTCCTCTAGC,5.522118330921103
33161,0.03432120480267697,2__nan,PertCortex_2_CTGCCTAAGCTCAACT,4.083921864438553
33162,0.13231143249054958,2__nan,PertCortex_2_CTGCCTACATAGAAAC,4.79035826262289
33163,0.10887300609177675,2__nan,PertCortex_2_CTGCCTAGTCTCTCGT,4.3527789309000875
33164,0.17432484667670275,2__nan,PertCortex_2_CTGCCTATCAGGCGAA,3.3585853327724027
33165,0.17875968301602455,2__nan,PertCortex_2_CTGCCTATCCCATTTA,4.543532059813362
33166,0.05199738738130241,2__nan,PertCortex_2_CTGCCTATCTTTAGGG,2.7329293985848397
33167,0.1589530607550249,2__nan,PertCortex_2_CTGCGGAAGCCCGAAA,3.7555984338421133
33168,0.23890000185706534,2__nan,PertCortex_2_CTGCGGACAGGGCATA,4.229683319679694
33169,0.25645969447580497,2__nan,PertCortex_2_CTGCTGTAGGAGCGAG,3.027627148250214
33170,0.19314936581018238,2__nan,PertCortex_2_CTGCTGTGTCGATTGT,4.620914286647569
33171,0.09579144209713791,2__nan,PertCortex_2_CTGCTGTGTTCCCGAG,3.9130225508246594
33172,0.15344843712850217,2__nan,PertCortex_2_CTGCTGTTCACAGGCC,4.553967172648976
33173,0.1216940755759608,2__nan,PertCortex_2_CTGCTGTTCGGAATCT,4.236976717131346
33174,0.11515182743838845,2__nan,PertCortex_2_CTGGTCTGTGTGACCC,4.211945018698765
33175,0.13567183603272864,2__nan,PertCortex_2_CTGTGCTAGCCACGCT,4.420651108841636
33176,0.07430078388819956,2__nan,PertCortex_2_CTGTGCTAGGGTTCCC,4.177024915613518
33177,0.12661245105080665,2__nan,PertCortex_2_CTGTGCTCAGGACGTA,3.547427121102722
33178,0.12647648004060247,2__nan,PertCortex_2_CTGTGCTGTGGTCTCG,3.468209488923359
33179,0.16765986438022507,2__nan,PertCortex_2_CTGTGCTTCTTTACAC,4.891843647908351
33180,0.19183692373703262,2__nan,PertCortex_2_CTGTTTAAGGAATCGC,3.3572374999056542
33181,0.16472434514414078,2__nan,PertCortex_2_CTGTTTAGTCAGAATA,5.091442194754578
33182,0.13551903755005487,2__nan,PertCortex_2_CTGTTTATCCATTCTA,3.7782691688783077
33183,0.18633366816592184,2__nan,PertCortex_2_CTTAACTAGAGTACCG,5.472649387854499
33184,0.12440441265773267,2__nan,PertCortex_2_CTTAACTAGGCATGTG,5.11305907893829
33185,0.19992102142150306,2__nan,PertCortex_2_CTTAACTCACGGTAGA,4.771949824781868
33186,0.21985306905563193,2__nan,PertCortex_2_CTTAACTCATTGTGCA,4.4176525345591635
33187,0.054866229874855635,2__nan,PertCortex_2_CTTAACTGTGTCCTCT,4.232508769879589
33188,0.08842844831736267,2__nan,PertCortex_2_CTTAACTTCGTGGGAA,4.023681470892286
33189,0.11839298288367593,2__nan,PertCortex_2_CTTACCGAGACCACGA,3.711656655216413
33190,0.493544766729998,2__nan,PertCortex_2_CTTACCGAGCGAGAAA,1.7406876539047644
33191,0.10901484260571717,2__nan,PertCortex_2_CTTACCGAGCTAGCCC,3.9737568043773206
33192,0.23728433364877663,2__nan,PertCortex_2_CTTAGGAAGGCTATCT,3.9898187982865116
33193,0.20839571270654672,2__nan,PertCortex_2_CTTAGGAAGGGCTTCC,3.361745213128041
33194,0.09105736694282564,2__nan,PertCortex_2_CTTAGGAAGGGTTTCT,2.285472364557475
33195,0.2261995265098464,2__nan,PertCortex_2_CTTAGGAGTAGCGTGA,3.190575665504609
33196,0.17666253300758455,2__nan,PertCortex_2_CTTAGGAGTCCAGTAT,4.3924804867212
33197,0.17916744545096067,2__nan,PertCortex_2_CTTAGGATCTGTCTCG,4.735608675565511
33198,0.14749719586923363,2__nan,PertCortex_2_CTTCTCTAGATACACA,3.9237092289735016
33199,0.04931636109987788,2__nan,PertCortex_2_CTTCTCTAGCACCGCT,4.181527009054183
33200,0.04644567346061199,2__nan,PertCortex_2_CTTCTCTGTCGCCATG,4.617702838253864
33201,0.15133216973780855,2__nan,PertCortex_2_CTTCTCTGTTAGATGA,3.7253216904514863
33202,0.7051063600386354,2__nan,PertCortex_2_CTTGGCTAGCGGCTTC,1.707905216719784
33203,0.2972335697034965,2__nan,PertCortex_2_CTTTGCGCAAGAAAGG,3.2890220060815
33204,0.07108137612704814,2__nan,PertCortex_2_CTTTGCGCAAGCGCTC,4.625165800244904
33205,0.21268202310230008,2__nan,PertCortex_2_CTTTGCGCATATGAGA,4.132763161555103
33206,0.13200687814420214,2__nan,PertCortex_2_CTTTGCGGTACACCGC,3.6967746145044846
33207,0.13064917071763416,2__nan,PertCortex_2_GAAACTCAGTAAGTAC,4.181018016576224
33208,0.04733473240436147,2__nan,PertCortex_2_GAAACTCCAAACGTGG,4.261995416736443
33209,0.08634548622918972,2__nan,PertCortex_2_GAAACTCGTCGGATCC,3.1424001803606334
33210,0.08020868825568032,2__nan,PertCortex_2_GAAACTCTCCAAATGC,5.3788674591459715
33211,0.02899655164542874,2__nan,PertCortex_2_GAAACTCTCGCATGAT,3.1824595514055014
33212,0.11667325761493201,2__nan,PertCortex_2_GAAACTCTCTCCAGGG,4.917403233022324
33213,0.19154596608929025,2__nan,PertCortex_2_GAAATGAAGTCCAGGA,3.643536658092608
33214,0.10242765853054724,2__nan,PertCortex_2_GAAATGACATAGGATA,4.974588749208345
33215,0.23132797102356228,2__nan,PertCortex_2_GAAATGACATGGGACA,2.959904851154669
33216,0.19297257593165137,2__nan,PertCortex_2_GAAATGAGTCAACATC,3.550279239255993
33217,0.21334255249650783,2__nan,PertCortex_2_GAACATCAGCGATCCC,3.5700096155040564
33218,0.23136226948546967,2__nan,PertCortex_2_GAACATCCAGACGTAG,4.383388270739731
33219,0.06863692954203647,2__nan,PertCortex_2_GAACCTATCTGTTGAG,4.717563242551226
33220,0.06082089943376426,2__nan,PertCortex_2_GAAGCAGAGCTGTTCA,4.26725342368961
33221,0.18315331115800645,2__nan,PertCortex_2_GAAGCAGAGTAGGCCA,3.5545187607117814
33222,0.34797967193823837,2__nan,PertCortex_2_GAAGCAGGTAAGTTCC,2.2150983270793603
33223,0.20436826826606758,2__nan,PertCortex_2_GAAGCAGGTCCAGTAT,2.872381273056442
33224,0.08746374625132493,2__nan,PertCortex_2_GAATAAGAGAGTAATC,3.241450000050904
33225,0.16803776839370793,2__nan,PertCortex_2_GAATAAGAGTTAGCGG,3.4524047950465993
33226,0.04222392498323303,2__nan,PertCortex_2_GAATGAAAGACTTGAA,3.492172430660231
33227,0.06479233222732202,2__nan,PertCortex_2_GAATGAAAGGACAGAA,4.245118015111909
33228,0.16956205307801167,2__nan,PertCortex_2_GAATGAAGTTGGTAAA,4.059772292462623
33229,0.717238874349077,2__nan,PertCortex_2_GACACGCAGACAGAGA,1.6635507217438286
33230,0.153063911855582,2__nan,PertCortex_2_GACACGCTCTTGCATT,3.6652369058105294
33231,0.1461490099550372,2__nan,PertCortex_2_GACAGAGCAGCATGAG,4.006576659105298
33232,0.23051202472371243,2__nan,PertCortex_2_GACAGAGCATTCACTT,4.721971065631039
33233,0.21582851021924737,2__nan,PertCortex_2_GACAGAGTCATTTGGG,3.9952229189734783
33234,0.4730995908596225,2__nan,PertCortex_2_GACCAATAGGCATGGT,1.9323089485526959
33235,0.15649204070894762,2__nan,PertCortex_2_GACCAATGTGATGCCC,4.449551847356364
33236,0.06875766929481096,2__nan,PertCortex_2_GACCTGGAGCGTAGTG,4.085191333820025
33237,0.20185918441379647,2__nan,PertCortex_2_GACCTGGAGGTACTCT,4.638877677328553
33238,0.186536869056588,2__nan,PertCortex_2_GACCTGGCACCTCGGA,4.394352105648347
33239,0.20715460340426917,2__nan,PertCortex_2_GACGCGTAGAGCTGCA,4.162742141542156
33240,0.23263527627501088,2__nan,PertCortex_2_GACGCGTAGATATACG,2.780968748104726
33241,0.13487560884556438,2__nan,PertCortex_2_GACGCGTCACATAACC,4.127891919687948
33242,0.0881613091303227,2__nan,PertCortex_2_GACGCGTTCTACGAGT,4.016427711885777
33243,0.04911487159677078,2__nan,PertCortex_2_GACGGCTGTGCTCTTC,3.9595860719692726
33244,0.17008628065395381,2__nan,PertCortex_2_GACGTGCAGGTCGGAT,3.796213702192087
33245,0.1678569168972584,2__nan,PertCortex_2_GACGTGCCATTACCTT,4.6097481557052005
33246,0.2069931312213301,2__nan,PertCortex_2_GACGTGCTCGATAGAA,5.08366849700553
33247,0.08060548439073663,2__nan,PertCortex_2_GACGTTAGTACGCTGC,3.885124684728962
33248,0.14167063606289906,2__nan,PertCortex_2_GACGTTAGTATAGGTA,3.916238169382518
33249,0.15606910401622376,2__nan,PertCortex_2_GACGTTATCCACGTTC,4.167870588770384
33250,0.17426316922625618,2__nan,PertCortex_2_GACTAACAGTTACGGG,5.502458779432963
33251,0.1279155596274167,2__nan,PertCortex_2_GACTAACGTAGCAAAT,3.5933111305916636
33252,0.14738310898731954,2__nan,PertCortex_2_GACTAACTCACATACG,3.9008342395945075
33253,0.11623827016186271,2__nan,PertCortex_2_GACTACACATAGGATA,3.3710395851563266
33254,0.43565610789903764,2__nan,PertCortex_2_GACTACATCGAATGCT,2.979911748222891
33255,0.21654175763552752,2__nan,PertCortex_2_GACTACATCGAGAGCA,3.350491980111714
33256,0.04003853695646555,2__nan,PertCortex_2_GACTGCGAGGAGCGAG,2.9648890296924337
33257,0.04217999782986109,2__nan,PertCortex_2_GACTGCGGTACACCGC,3.062055002962806
33258,0.1535280965222981,2__nan,PertCortex_2_GACTGCGTCACTTCAT,5.403294984585562
33259,0.6345582590247288,2__nan,PertCortex_2_GACTGCGTCCTAGAAC,1.95244742029793
33260,0.18809858271683413,2__nan,PertCortex_2_GAGCAGAAGAAACCTA,5.4050839812670635
33261,0.1513602174836929,2__nan,PertCortex_2_GAGCAGAAGTTACCCA,4.822669309072322
33262,0.16740330037186169,2__nan,PertCortex_2_GAGCAGAGTACCATCA,5.677775658750426
33263,0.03639419159063641,2__nan,PertCortex_2_GAGTCCGAGCTTATCG,3.05119093636458
33264,0.19987789119400978,2__nan,PertCortex_2_GAGTCCGAGGAATGGA,4.62083697102666
33265,0.12153449632778913,2__nan,PertCortex_2_GAGTCCGCATTACGAC,4.128259315604746
33266,0.08947891664318733,2__nan,PertCortex_2_GAGTCCGGTTACTGAC,3.9726815382069667
33267,0.17513897364913067,2__nan,PertCortex_2_GAGTCCGGTTCCACGG,4.63699665803497
33268,0.19382873786131483,2__nan,PertCortex_2_GAGTCCGTCGCTAGCG,4.571997657473008
33269,0.10481755587963504,2__nan,PertCortex_2_GATCAGTAGCTAACTC,3.8144556786965724
33270,0.09704398585351569,2__nan,PertCortex_2_GATCAGTCAAAGGCGT,2.8645634545554968
33271,0.09471911086783069,2__nan,PertCortex_2_GATCAGTCAATGGATA,4.43015921484485
33272,0.09150967441148661,2__nan,PertCortex_2_GATCAGTCAGTCAGCC,3.3730689410404757
33273,0.32390644097880744,2__nan,PertCortex_2_GATCAGTGTATATCCG,2.2401305037494095
33274,0.1301521890893837,2__nan,PertCortex_2_GATCAGTGTTTGGGCC,4.843423990549143
33275,0.22840344870439994,2__nan,PertCortex_2_GATCGATAGCTGATAA,3.30599248820696
33276,0.19296093496490785,2__nan,PertCortex_2_GATCGATCAGTAACGG,2.8624380762977926
33277,0.08661101029835733,2__nan,PertCortex_2_GATCGATCATTAGGCT,4.602533835630788
33278,0.1801510282987934,2__nan,PertCortex_2_GATCGATGTAAGAGAG,3.1911507979634495
33279,0.14823866581446388,2__nan,PertCortex_2_GATCGATGTGCAACGA,4.199087496053881
33280,0.2123334960985432,2__nan,PertCortex_2_GATCGATTCTGCAGTA,3.634246572456061
33281,0.42437993044921896,2__nan,PertCortex_2_GATCGCGAGCCCTAAT,1.8536305290689388
33282,0.17299025245345645,2__nan,PertCortex_2_GATCGCGAGTGTTAGA,3.487246208643558
33283,0.12271988479501758,2__nan,PertCortex_2_GATCGCGTCTTCGAGA,4.24487069415776
33284,0.1343869880480343,2__nan,PertCortex_2_GATCGTAAGAACTGTA,5.465847989451533
33285,0.18825791101407827,2__nan,PertCortex_2_GATCGTAGTCGGATCC,4.52132327212561
33286,0.17968714680001738,2__nan,PertCortex_2_GATCGTAGTGACTACT,4.422942046736286
33287,0.09926370467405278,2__nan,PertCortex_2_GATCGTATCAGCTCTC,3.9145409578712886
33288,0.07676671806948678,2__nan,PertCortex_2_GATCTAGAGCTGTTCA,3.4662988875660705
33289,0.15644098603189607,2__nan,PertCortex_2_GATCTAGCATGCCTTC,3.6405639277933415
33290,0.0520792715431697,2__nan,PertCortex_2_GATCTAGTCAACGCTA,4.501786395760812
33291,0.23427756681308257,2__nan,PertCortex_2_GATCTAGTCATTCACT,4.286573154632849
33292,0.13535178864877886,2__nan,PertCortex_2_GATGAAAAGCGTAATA,4.905898227381658
33293,0.1410743394659298,2__nan,PertCortex_2_GATGAAACAAACCCAT,3.8128803796111908
33294,0.4698860118213481,2__nan,PertCortex_2_GATGAAACAGCTGTTA,2.3216355296056532
33295,0.08437662412022437,2__nan,PertCortex_2_GATGAAAGTACGCACC,3.8134424481319007
33296,0.21509235778543007,2__nan,PertCortex_2_GATGAAAGTCAGCTAT,4.089155528969995
33297,0.00907642974085512,2__nan,PertCortex_2_GATGAAAGTCCGTGAC,3.2649015453119774
33298,0.19168944194089343,2__nan,PertCortex_2_GATGAGGAGAGTGAGA,4.315560235714825
33299,0.2812568149195404,2__nan,PertCortex_2_GATGAGGTCAGTGCAT,3.7169741302049846
33300,0.2204102844274188,2__nan,PertCortex_2_GATGAGGTCGCAGGCT,2.7534739701975557
33301,0.15052337349706232,2__nan,PertCortex_2_GATGAGGTCTGCTGCT,4.246105553806387
33302,0.05845336490331468,2__nan,PertCortex_2_GATGCTACATGGTCTA,3.854796972309
33303,0.6331696902804055,2__nan,PertCortex_2_GATGCTATCACCATAG,2.0290723152255947
33304,0.12061703506609307,2__nan,PertCortex_2_GATGCTATCACGAAGG,4.654202181253037
33305,0.20800242041714503,2__nan,PertCortex_2_GATTCAGTCGAGAACG,4.321149224543037
33306,0.1896239566628626,2__nan,PertCortex_2_GCAAACTAGACTAAGT,3.781977427876769
33307,0.22104994926232643,2__nan,PertCortex_2_GCAAACTAGAGAACAG,3.613301090305758
33308,0.09949681606057448,2__nan,PertCortex_2_GCAAACTAGTCAAGCG,3.867185374360744
33309,0.14409604455914393,2__nan,PertCortex_2_GCAAACTCATGTTCCC,3.311798682257369
33310,0.16052628971502386,2__nan,PertCortex_2_GCAATCATCAACACTG,3.150266423998258
33311,0.08953491361171736,2__nan,PertCortex_2_GCAATCATCTCTGTCG,3.9781826543622776
33312,0.11254198887997899,2__nan,PertCortex_2_GCAATCATCTGAGTGT,2.945132119351848
33313,0.23557878989523673,2__nan,PertCortex_2_GCACATACAAGACACG,3.4667975974967695
33314,0.28285316501196683,2__nan,PertCortex_2_GCACATACAGCTGTTA,3.11836214482722
33315,0.07473764520705789,2__nan,PertCortex_2_GCACATACATAGTAAG,2.9870292143918067
33316,0.1556910278806145,2__nan,PertCortex_2_GCACATATCCTTGGTC,4.115080484998825
33317,0.14731032310180872,2__nan,PertCortex_2_GCACTCTTCCGAAGAG,4.965392676984311
33318,0.057936993022973414,2__nan,PertCortex_2_GCAGCCAAGAATTCCC,4.880248441495465
33319,0.06161945905687842,2__nan,PertCortex_2_GCAGCCAGTATCAGTC,3.7316170002724474
33320,0.14356958540972936,2__nan,PertCortex_2_GCAGCCATCATCACCC,4.5382973735334415
33321,0.2071160982608271,2__nan,PertCortex_2_GCAGCCATCGTCCAGG,4.445652122704654
33322,0.22688150379213967,2__nan,PertCortex_2_GCAGCCATCTTCATGT,3.2495696399857215
33323,0.2563017396575399,2__nan,PertCortex_2_GCAGTTACAGCGTTCG,3.3383627643331755
33324,0.10091321729071696,2__nan,PertCortex_2_GCAGTTACATGCCTAA,4.2279998407077315
33325,0.2288072462746203,2__nan,PertCortex_2_GCAGTTATCGATCCCT,3.407524060123691
33326,0.13444835087543897,2__nan,PertCortex_2_GCATACATCCGTCAAA,3.4410363640835895
33327,0.0971068564540167,2__nan,PertCortex_2_GCATGATCACCATGTA,4.455344868208231
33328,0.13210899535459436,2__nan,PertCortex_2_GCATGATCATCAGTAC,5.623202829365193
33329,0.17284056359649216,2__nan,PertCortex_2_GCATGATGTTACAGAA,2.8557385736559318
33330,0.22801263078812614,2__nan,PertCortex_2_GCATGATTCGTTACGA,5.373952647208684
33331,0.09531636771222998,2__nan,PertCortex_2_GCATGCGTCCCATTTA,3.178062804088643
33332,0.12969907355042082,2__nan,PertCortex_2_GCATGCGTCGCTTAGA,3.440664917380271
33333,0.0958158230389784,2__nan,PertCortex_2_GCATGCGTCTTGAGAC,4.323410996146182
33334,0.18760287332468784,2__nan,PertCortex_2_GCATGTAAGTGAAGAG,3.8867459801926763
33335,0.1792719963982243,2__nan,PertCortex_2_GCATGTAGTCCAGTGC,5.099322809822322
33336,0.18357912969448692,2__nan,PertCortex_2_GCATGTAGTCCCGACA,4.087284496941399
33337,0.17363420362780202,2__nan,PertCortex_2_GCCAAATCAAGTTGTC,4.546001619463904
33338,0.20382775320489663,2__nan,PertCortex_2_GCCAAATGTATTAGCC,4.706358762771364
33339,0.1958726604858732,2__nan,PertCortex_2_GCCAAATTCACGATGT,4.396794100955392
33340,0.22082506112300299,2__nan,PertCortex_2_GCCAAATTCTACCTGC,4.237080012726677
33341,0.05608629668340867,2__nan,PertCortex_2_GCCTCTAAGAATTGTG,2.898706808740788
33342,0.19679556282711172,2__nan,PertCortex_2_GCCTCTACAGATAATG,4.959235306827783
33343,0.15973635006414397,2__nan,PertCortex_2_GCCTCTAGTTCGCTAA,3.4589572646119913
33344,0.07886186969391137,2__nan,PertCortex_2_GCCTCTATCTACGAGT,3.990004588256267
33345,0.648675022966651,2__nan,PertCortex_2_GCCTCTATCTGTTGAG,1.9720369371791202
33346,0.17655304738459585,2__nan,PertCortex_2_GCCTCTATCTTGGGTA,4.580392635762032
33347,0.08000689439064386,2__nan,PertCortex_2_GCGACCAAGTACATGA,4.106814797431754
33348,0.11211502112291398,2__nan,PertCortex_2_GCGACCAAGTACGCGA,4.3561505035899755
33349,0.11478694533982554,2__nan,PertCortex_2_GCGACCAAGTAGGTGC,4.236414515394445
33350,0.21858163339713396,2__nan,PertCortex_2_GCGACCACAGACTCGC,3.8266425181361687
33351,0.08785273563498591,2__nan,PertCortex_2_GCGACCAGTCTCCACT,4.284630340107751
33352,0.20292193032456024,2__nan,PertCortex_2_GCGACCAGTGTTGAGG,4.496518817474036
33353,0.11731956804413485,2__nan,PertCortex_2_GCGAGAAGTGTTCGAT,3.678094662298181
33354,0.11310273218917737,2__nan,PertCortex_2_GCGAGAATCGTGACAT,3.937348513615679
33355,0.1165727486148679,2__nan,PertCortex_2_GCGCAACAGTGCGTGA,3.7824510643729905
33356,0.04514220057999172,2__nan,PertCortex_2_GCGCAACTCCTAGAAC,3.6472252225610546
33357,0.18565715257800203,2__nan,PertCortex_2_GCGCAGTGTCCGTTAA,3.7896458200549783
33358,0.11768209152403827,2__nan,PertCortex_2_GCGCAGTGTCGGATCC,3.5782613536926067
33359,0.07570073041828954,2__nan,PertCortex_2_GCGCCAAAGCGTTGCC,4.5817565265641385
33360,0.16327332797862537,2__nan,PertCortex_2_GCGCCAACAGCTGTGC,3.917693174910334
33361,0.1027752938366976,2__nan,PertCortex_2_GCGCCAAGTTGGGACA,4.3636029664145255
33362,0.1558801176552604,2__nan,PertCortex_2_GCGCGATGTACCGTAT,5.292604207528925
33363,0.08097249582207393,2__nan,PertCortex_2_GCGCGATTCCTCATTA,3.8355766041013712
33364,0.15601566817896642,2__nan,PertCortex_2_GCGGGTTAGTAGCCGA,3.5872180762561183
33365,0.14786886185211268,2__nan,PertCortex_2_GCGGGTTGTTCAGGCC,4.567256313160501
33366,0.188022066415648,2__nan,PertCortex_2_GCTCCTACAAGTCATC,5.215564566837699
33367,0.14498351170645335,2__nan,PertCortex_2_GCTCCTAGTGTGAAAT,2.5967980560198027
33368,0.12830791905424047,2__nan,PertCortex_2_GCTCCTATCGATGAGG,3.477175076256756
33369,0.18420102667081972,2__nan,PertCortex_2_GCTCTGTGTGGTACAG,4.969003625824212
33370,0.14051919514366484,2__nan,PertCortex_2_GCTCTGTGTGTGACGA,3.6078262135180026
33371,0.06264651246427827,2__nan,PertCortex_2_GCTGCAGAGTGCCATT,4.140652567953317
33372,0.07802162810990416,2__nan,PertCortex_2_GCTGCAGCACAAGCCC,3.8075850061741923
33373,0.18376172717114525,2__nan,PertCortex_2_GCTGCAGCAGTCAGCC,3.220608006766912
33374,0.22013913395249998,2__nan,PertCortex_2_GCTGCAGGTGTCAATC,4.498968777492873
33375,0.07385151019437355,2__nan,PertCortex_2_GCTGCAGGTGTGACCC,3.8318619773221965
33376,0.36896972042450044,2__nan,PertCortex_2_GCTGCAGGTTACTGAC,3.293542339757817
33377,0.1585512665315484,2__nan,PertCortex_2_GCTGCAGGTTCTGAAC,4.347620266281117
33378,0.10483595783614573,2__nan,PertCortex_2_GCTGCAGTCATCACCC,4.364918594586339
33379,0.10155620386188832,2__nan,PertCortex_2_GCTGCAGTCGCAGGCT,3.872329773907677
33380,0.2373274160478148,2__nan,PertCortex_2_GCTGCAGTCGTACCGG,4.305563669014949
33381,0.6163895569997071,2__nan,PertCortex_2_GCTGCGACACAGTCGC,2.2001545825752045
33382,0.20387606187002297,2__nan,PertCortex_2_GCTGCGACACGAAAGC,3.2787056594719726
33383,0.16232295685655398,2__nan,PertCortex_2_GCTGCGACAGGATTGG,4.639677692081507
33384,0.17238274590791824,2__nan,PertCortex_2_GCTGCGAGTGTGCGTC,5.235031797303207
33385,0.155459362004849,2__nan,PertCortex_2_GCTGCGATCCTTGCCA,3.9110683597213454
33386,0.12280649741246144,2__nan,PertCortex_2_GCTGCTTAGCTAGCCC,5.1219528834969035
33387,0.16178883354367976,2__nan,PertCortex_2_GCTGCTTCAGGCAGTA,3.7228800466286045
33388,0.6564043356710108,2__nan,PertCortex_2_GCTGCTTGTTTGTGTG,1.9725686764991859
33389,0.05987810880228677,2__nan,PertCortex_2_GCTGCTTTCAGCAACT,4.2522853006162045
33390,0.25269275129123314,2__nan,PertCortex_2_GCTGGGTAGTGTACCT,3.453092753057673
33391,0.02301902885481663,2__nan,PertCortex_2_GCTGGGTCAGACGTAG,3.15084108434139
33392,0.18044113083816815,2__nan,PertCortex_2_GCTGGGTGTCAGCTAT,4.13511380763947
33393,0.22249724030427864,2__nan,PertCortex_2_GCTGGGTGTCTTTCAT,3.245153669230705
33394,0.18423836439127902,2__nan,PertCortex_2_GCTGGGTTCTCAACTT,4.664225425598506
33395,0.15704246978387795,2__nan,PertCortex_2_GCTTCCACATGAGCGA,3.5956392065441922
33396,0.24270458426360544,2__nan,PertCortex_2_GCTTCCAGTGTGGTTT,2.938827607750002
33397,0.14766953336823158,2__nan,PertCortex_2_GCTTGAAAGATATGCA,3.8118511257337073
33398,0.24924122727179804,2__nan,PertCortex_2_GCTTGAAAGATATGGT,3.1045266781347953
33399,0.15990945893967973,2__nan,PertCortex_2_GCTTGAACATTTGCCC,3.4083674190744553
33400,0.17547604707933045,2__nan,PertCortex_2_GCTTGAAGTCTTCTCG,3.7375576831942263
33401,0.08370825546411108,2__nan,PertCortex_2_GGAAAGCAGCGATTCT,4.790875752687292
33402,0.35905776026198366,2__nan,PertCortex_2_GGAAAGCAGGGTATCG,2.1574068028928277
33403,0.14649378415507774,2__nan,PertCortex_2_GGAAAGCAGTGGTCCC,3.4788024243523568
33404,0.08593193690521529,2__nan,PertCortex_2_GGAAAGCCAGCCTGTG,3.778966279844823
33405,0.30668221721216143,2__nan,PertCortex_2_GGAAAGCGTCTCCATC,3.463231954729663
33406,0.16269607523204474,2__nan,PertCortex_2_GGAAAGCGTGTCCTCT,4.510570511984481
33407,0.6285912521786221,2__nan,PertCortex_2_GGAAAGCTCCGTTGTC,2.026441876381803
33408,0.20254973194410197,2__nan,PertCortex_2_GGAACTTAGGCATGGT,3.797742085035941
33409,0.14155148076049467,2__nan,PertCortex_2_GGAACTTCAGCCAGAA,3.549443257454812
33410,0.10702765402241046,2__nan,PertCortex_2_GGAACTTCAGCGTAAG,3.481717749375748
33411,0.07777396343215706,2__nan,PertCortex_2_GGAACTTCAGTGGAGT,3.1125950900368236
33412,0.20519162073710429,2__nan,PertCortex_2_GGAACTTCATCTGGTA,4.566716853415226
33413,0.17555076124828403,2__nan,PertCortex_2_GGAACTTGTGACTACT,4.471937284285066
33414,0.15061340490696243,2__nan,PertCortex_2_GGAACTTTCTGTCAAG,4.2387965908026315
33415,0.18710580929219173,2__nan,PertCortex_2_GGAACTTTCTTCATGT,4.28675689872202
33416,0.21238529372569906,2__nan,PertCortex_2_GGAATAACATCTGGTA,1.8512789648529788
33417,0.1343500013140126,2__nan,PertCortex_2_GGAATAATCCACGAAT,4.772165454762082
33418,0.10667326150345607,2__nan,PertCortex_2_GGAATAATCCGCAGTG,3.9683502643879747
33419,0.09674559289160298,2__nan,PertCortex_2_GGACAAGGTCACTTCC,4.240178614138954
33420,0.09728410644693743,2__nan,PertCortex_2_GGACAAGGTCATGCCG,3.947407197091399
33421,0.15328625384395247,2__nan,PertCortex_2_GGACAGAAGAAACGAG,4.6261626219229806
33422,0.19996956051696863,2__nan,PertCortex_2_GGACAGAAGGCAGGTT,3.2635877509451374
33423,0.11056732338220215,2__nan,PertCortex_2_GGACAGACAATCTGCA,3.7926847536732273
33424,0.1623444648188498,2__nan,PertCortex_2_GGACAGACACAGAGGT,3.1887246193203165
33425,0.18346479562145537,2__nan,PertCortex_2_GGACAGACATGTAGTC,3.4030670141012136
33426,0.1219108566120041,2__nan,PertCortex_2_GGACAGAGTCCTCTTG,4.610031040798103
33427,0.1500881313176139,2__nan,PertCortex_2_GGACATTCAATTCCTT,5.561311335764796
33428,0.12928236890613506,2__nan,PertCortex_2_GGACATTGTAGATTAG,3.0680296722399905
33429,0.20844452978865952,2__nan,PertCortex_2_GGACATTTCCCAACGG,3.2825657495997773
33430,0.15197996834525768,2__nan,PertCortex_2_GGACGTCAGACACTAA,3.567180303481715
33431,0.15435241713185116,2__nan,PertCortex_2_GGACGTCCAATCTGCA,4.662254573404087
33432,0.5485248354544938,2__nan,PertCortex_2_GGACGTCCATCACGTA,1.7332643169012172
33433,0.1445346048984196,2__nan,PertCortex_2_GGACGTCTCAGTGTTG,4.705645059221521
33434,0.19024638122797397,2__nan,PertCortex_2_GGAGCAAAGGATGGAA,4.936153835813666
33435,0.2300753980506786,2__nan,PertCortex_2_GGAGCAAAGTCTCCTC,3.3318055701277487
33436,0.16891735767295635,2__nan,PertCortex_2_GGATGTTGTCGTGGCT,3.419297496025004
33437,0.14427073286999043,2__nan,PertCortex_2_GGATTACGTGATGCCC,3.5734029927420528
33438,0.2212021710741014,2__nan,PertCortex_2_GGATTACTCAATCTCT,4.25549342037944
33439,0.1099989530512913,2__nan,PertCortex_2_GGCAATTAGTCCAGGA,3.975264865537019
33440,0.13679117231859333,2__nan,PertCortex_2_GGCAATTAGTCGATAA,4.585976489738044
33441,0.11944916446501812,2__nan,PertCortex_2_GGCAATTCAGAAGCAC,5.39647295421956
33442,0.18104858047850783,2__nan,PertCortex_2_GGCAATTCATCACCCT,3.359302690042349
33443,0.23214939068430002,2__nan,PertCortex_2_GGCCGATAGAGTGAGA,3.5257267681084565
33444,0.42872210567909114,2__nan,PertCortex_2_GGCCGATTCCTAGTGA,1.8358953444074828
33445,0.09486112846183223,2__nan,PertCortex_2_GGCCGATTCTTGGGTA,4.6278238018446425
33446,0.3294998644282417,2__nan,PertCortex_2_GGCGACTGTAGCTCCG,1.9443549879282247
33447,0.17976853572718599,2__nan,PertCortex_2_GGCGTGTCATCTGGTA,4.970582022366407
33448,0.063579820518263,2__nan,PertCortex_2_GGCGTGTCATGTCCTC,3.4339040934072678
33449,0.20060490831016556,2__nan,PertCortex_2_GGCTCGAGTACAGTTC,4.292807258869476
33450,0.17566698990892474,2__nan,PertCortex_2_GGCTGGTGTAATAGCA,3.5205946696438497
33451,0.19026661934290748,2__nan,PertCortex_2_GGCTGGTGTACCGTAT,4.431985182816219
33452,0.04832976615272011,2__nan,PertCortex_2_GGGAATGCACATCCGG,4.966635986256202
33453,0.15713324310143276,2__nan,PertCortex_2_GGGAATGCATTATCTC,4.145988952069788
33454,0.06477702351829273,2__nan,PertCortex_2_GGGAATGGTCCATCCT,4.119086422082286
33455,0.11338877404956028,2__nan,PertCortex_2_GGGACCTAGCTGCCCA,3.8477417527170164
33456,0.1538803913568564,2__nan,PertCortex_2_GGGACCTCACCACCAG,4.215588981220043
33457,0.17362007680838842,2__nan,PertCortex_2_GGGACCTGTACGACCC,4.775167356135136
33458,0.06761240470618446,2__nan,PertCortex_2_GGGACCTGTAGCTAAA,4.148666556219539
33459,0.14248488478283325,2__nan,PertCortex_2_GGGACCTGTGTCAATC,3.448231276144939
33460,0.19752016445985526,2__nan,PertCortex_2_GGGACCTGTGTTTGTG,4.268210909673999
33461,0.13500314954498652,2__nan,PertCortex_2_GGGAGATAGATATGCA,4.287739847815109
33462,0.2248272236890425,2__nan,PertCortex_2_GGGAGATGTTACAGAA,3.424866367665209
33463,0.22228254639174508,2__nan,PertCortex_2_GGGAGATTCAGTTGAC,3.556967704521362
33464,0.08107692255903481,2__nan,PertCortex_2_GGGATGAAGCCGGTAA,4.000379550794035
33465,0.15946508490759206,2__nan,PertCortex_2_GGGATGACATCCCACT,3.449720542440789
33466,0.155417724626085,2__nan,PertCortex_2_GGGCACTAGCAATATG,4.582692155908064
33467,0.09363831448935726,2__nan,PertCortex_2_GGGCACTCACGAAACG,3.665815665447954
33468,0.16318130500760325,2__nan,PertCortex_2_GGGCACTGTGTGAATA,4.445126745169328
33469,0.18474137423445133,2__nan,PertCortex_2_GGGCATCAGGATTCGG,3.4673703178759876
33470,0.1658410142793065,2__nan,PertCortex_2_GGGCATCAGGGATGGG,3.711567030911516
33471,0.12288498114950792,2__nan,PertCortex_2_GGGCATCGTCCATGAT,3.251216081798456
33472,0.18829498804774145,2__nan,PertCortex_2_GGGCATCTCCTAGAAC,3.213344138421002
33473,0.13974284950582253,2__nan,PertCortex_2_GGGTCTGCAGCTTCGG,3.4103723233783376
33474,0.030023361620065695,2__nan,PertCortex_2_GGGTCTGTCCGCTGTT,4.394972025317195
33475,0.17574914223135799,2__nan,PertCortex_2_GGTATTGAGCTCAACT,3.872477074649446
33476,0.08355028067100836,2__nan,PertCortex_2_GGTATTGCATCACGTA,3.843052632793399
33477,0.5585846220085402,2__nan,PertCortex_2_GGTGAAGAGATGGGTC,2.400613114577204
33478,0.08321247971182874,2__nan,PertCortex_2_GGTGAAGAGCCATCGC,4.791025556799354
33479,0.21274459108984545,2__nan,PertCortex_2_GGTGAAGCATGGTCAT,3.5525621598962505
33480,0.20927239389202018,2__nan,PertCortex_2_GGTGAAGGTGGTAACG,3.560910515880926
33481,0.22136839625012256,2__nan,PertCortex_2_GGTGAAGGTTCGTGAT,4.400230496679366
33482,0.22919682932403748,2__nan,PertCortex_2_GGTGCGTGTCACCTAA,3.0801447258668815
33483,0.19748174574192595,2__nan,PertCortex_2_GGTGCGTTCTTGTATC,2.2364970890296574
33484,0.1706307339274148,2__nan,PertCortex_2_GGTGTTAAGCGTAATA,3.241740769369033
33485,0.06560588203152642,2__nan,PertCortex_2_GTAACGTCACACCGCA,3.0882264574282474
33486,0.10554278124543941,2__nan,PertCortex_2_GTAACTGAGTCAATAG,4.160979245643915
33487,0.23407810708396676,2__nan,PertCortex_2_GTAACTGAGTGTACCT,3.235876585772219
33488,0.09734438202499464,2__nan,PertCortex_2_GTAACTGTCGCTGATA,5.850676743216542
33489,0.09186046333599245,2__nan,PertCortex_2_GTACTCCAGGTACTCT,5.014678264580334
33490,0.16615981401719535,2__nan,PertCortex_2_GTACTCCCAAACGTGG,5.019433956952534
33491,0.16188657474127932,2__nan,PertCortex_2_GTACTCCCACACCGAC,4.276420267907678
33492,0.13641574582498683,2__nan,PertCortex_2_GTACTCCGTATTAGCC,4.673190028739601
33493,0.16385796225411714,2__nan,PertCortex_2_GTACTCCGTCTCTCTG,4.21738988917552
33494,0.2043860714235922,2__nan,PertCortex_2_GTACTCCTCGACCAGC,4.543898207806784
33495,0.08169557108471208,2__nan,PertCortex_2_GTACTCCTCGGCATCG,4.561466381199482
33496,0.1884757750225615,2__nan,PertCortex_2_GTACTTTCATATGCTG,3.5663547822247628
33497,0.11306423512972143,2__nan,PertCortex_2_GTACTTTTCAGTACGT,3.8949407185356195
33498,0.15891288752599303,2__nan,PertCortex_2_GTAGGCCAGTCGTACT,4.354439119713107
33499,0.08870129297674752,2__nan,PertCortex_2_GTAGTCAGTCCGCTGA,4.480067931944706
33500,0.15505166780323487,2__nan,PertCortex_2_GTATCTTAGCCGGTAA,5.803847593642951
33501,0.17772294789245785,2__nan,PertCortex_2_GTATCTTGTCGGCTCA,3.544528250889514
33502,0.1085312192648698,2__nan,PertCortex_2_GTATCTTTCATAGCAC,3.955335450327565
33503,0.10382019330667848,2__nan,PertCortex_2_GTATCTTTCGTTACAG,4.284392706058054
33504,0.20298031621160081,2__nan,PertCortex_2_GTATTCTCACTGTGTA,3.9258188107128453
33505,0.04694079276596605,2__nan,PertCortex_2_GTATTCTGTGCTAGCC,3.414010717899125
33506,0.684702319996857,2__nan,PertCortex_2_GTATTCTGTTATCGGT,1.8245369625603276
33507,0.09160354782701847,2__nan,PertCortex_2_GTATTCTTCAGATAAG,4.035497762888565
33508,0.020894028638938442,2__nan,PertCortex_2_GTCAAGTAGATGCCTT,3.734875946703395
33509,0.19026926241493472,2__nan,PertCortex_2_GTCAAGTAGGGAACGG,3.6214286746385835
33510,0.18753920135765398,2__nan,PertCortex_2_GTCAAGTCAATCTACG,5.210026733787616
33511,0.1592353895106314,2__nan,PertCortex_2_GTCAAGTGTACGCACC,4.298552203870967
33512,0.321258976171434,2__nan,PertCortex_2_GTCAAGTGTTGTTTGG,3.8204680931987243
33513,0.2524309573282163,2__nan,PertCortex_2_GTCAAGTTCAGTTAGC,3.5838583606503054
33514,0.09252229811188989,2__nan,PertCortex_2_GTCACAAGTTCCACAA,4.277123784312515
33515,0.003825580747567879,2__nan,PertCortex_2_GTCACAATCGGCCGAT,3.655074455437729
33516,0.12957086171524684,2__nan,PertCortex_2_GTCACGGGTCGACTAT,3.548032875149712
33517,0.20906591632241808,2__nan,PertCortex_2_GTCACGGGTGACGCCT,3.4638077457236895
33518,0.16459771097586437,2__nan,PertCortex_2_GTCACGGGTGATAAGT,5.873989172238405
33519,0.13741303215290956,2__nan,PertCortex_2_GTCACGGGTTGCCTCT,4.683128344912033
33520,0.15774420926120822,2__nan,PertCortex_2_GTCACGGTCGGTTAAC,4.0098186968137535
33521,0.18730953315931237,2__nan,PertCortex_2_GTCATTTAGGATGTAT,4.741410914704249
33522,0.20320574921132342,2__nan,PertCortex_2_GTCATTTAGTACGCGA,4.245650498634463
33523,0.15755755969638713,2__nan,PertCortex_2_GTCATTTCACGAAAGC,5.0670114487891915
33524,0.08145031571960062,2__nan,PertCortex_2_GTCATTTCATGCTAGT,4.828421645479577
33525,0.07489844378734171,2__nan,PertCortex_2_GTCATTTCATGTTGAC,4.015690690368905
33526,0.2082330509875397,2__nan,PertCortex_2_GTCATTTCATTAGGCT,3.1564103128575822
33527,0.25065428741427115,2__nan,PertCortex_2_GTCATTTTCAGCTTAG,2.9744029122364575
33528,0.1762157954188031,2__nan,PertCortex_2_GTCATTTTCCTATGTT,4.757070353490284
33529,0.05394372789635323,2__nan,PertCortex_2_GTCCTCAAGCTAAGAT,4.6662436698122765
33530,0.5437931296738558,2__nan,PertCortex_2_GTCCTCACATTTCACT,1.8472222422182127
33531,0.19202470530122948,2__nan,PertCortex_2_GTCCTCAGTTGCGTTA,3.5344150474527285
33532,0.07454547705045798,2__nan,PertCortex_2_GTCCTCATCGAGAACG,4.633082356196564
33533,0.09708827655722045,2__nan,PertCortex_2_GTCCTCATCTACTCAT,5.476284194815379
33534,0.1558323551587435,2__nan,PertCortex_2_GTCGGGTAGCTGAACG,4.093886997713256
33535,0.0753149381325214,2__nan,PertCortex_2_GTCGGGTCAAAGGTGC,3.900117378745028
33536,0.17782493886260875,2__nan,PertCortex_2_GTCGGGTCAATCACAC,4.744590042287644
33537,0.19885092166780458,2__nan,PertCortex_2_GTCGGGTGTGTCAATC,4.533820697106822
33538,0.20145105800439542,2__nan,PertCortex_2_GTCGGGTTCTCACATT,3.3167207189560077
33539,0.08650867442546463,2__nan,PertCortex_2_GTCGTAACACCGGAAA,4.3147274314067765
33540,0.11566323829679466,2__nan,PertCortex_2_GTCGTAAGTTAAGAAC,4.3672930371128995
33541,0.0907375643406554,2__nan,PertCortex_2_GTCGTAATCGGAGGTA,3.9825598435204004
33542,0.1423934491406438,2__nan,PertCortex_2_GTCGTAATCGTCTGAA,3.4383167962308927
33543,0.11938309922985758,2__nan,PertCortex_2_GTCTCGTAGGCATGTG,4.374782622965541
33544,0.11914635645367826,2__nan,PertCortex_2_GTCTCGTGTACTTAGC,3.958878724953884
33545,0.11349679666699405,2__nan,PertCortex_2_GTCTCGTTCTTCCTTC,4.605658888094535
33546,0.11514294730222333,2__nan,PertCortex_2_GTCTTCGAGTTACGGG,4.35726143613675
33547,0.1602589286151305,2__nan,PertCortex_2_GTCTTCGCATGTTCCC,4.512598262026696
33548,0.1506751153897688,2__nan,PertCortex_2_GTCTTCGGTCCGAATT,4.024007451564841
33549,0.0719605468797144,2__nan,PertCortex_2_GTCTTCGGTTCCCTTG,4.528654716673593
33550,0.10964579035298877,2__nan,PertCortex_2_GTGCAGCCACGAAACG,4.277083820305821
33551,0.5064664823886048,2__nan,PertCortex_2_GTGCAGCCAGCTGTGC,2.5439713302181706
33552,0.550397549625331,2__nan,PertCortex_2_GTGCAGCCATTGGGCC,1.518557377205872
33553,0.4534788255455167,2__nan,PertCortex_2_GTGCAGCGTCACAAGG,3.106589837126763
33554,0.10235443582108829,2__nan,PertCortex_2_GTGCAGCTCGCAGGCT,5.114515021547244
33555,0.07612923379817343,2__nan,PertCortex_2_GTGCATACATAGAAAC,4.123775392866494
33556,0.09804833015633656,2__nan,PertCortex_2_GTGCATAGTTCAGGCC,4.339775678809297
33557,0.15827096457651565,2__nan,PertCortex_2_GTGCATATCAGCTTAG,5.55714798079429
33558,0.16120333724438002,2__nan,PertCortex_2_GTGCGGTCATATACGC,3.9154699357147305
33559,0.06150160757065294,2__nan,PertCortex_2_GTGCGGTTCCTTCAAT,4.43252029673589
33560,0.15531432542124643,2__nan,PertCortex_2_GTGGGTCCACAGGAGT,3.5228264516374375
33561,0.14121576748333273,2__nan,PertCortex_2_GTGGGTCCACGAAGCA,3.1781193450093808
33562,0.09446945720788519,2__nan,PertCortex_2_GTGGGTCCATTCCTGC,4.545477165227254
33563,0.12690908696922631,2__nan,PertCortex_2_GTGGGTCTCCACGTTC,3.9900887793101076
33564,0.1569405601799879,2__nan,PertCortex_2_GTGTGCGCACACATGT,4.658838947791877
33565,0.22496614713384533,2__nan,PertCortex_2_GTGTTAGAGATCTGCT,4.7171169838226685
33566,0.08097585417785581,2__nan,PertCortex_2_GTGTTAGCACCAGATT,3.1048985696111067
33567,0.0947642404639597,2__nan,PertCortex_2_GTGTTAGCATATACCG,4.17639471261775
33568,0.43635414216116597,2__nan,PertCortex_2_GTGTTAGGTCGCGTGT,3.331051009391396
33569,0.15193395424575382,2__nan,PertCortex_2_GTGTTAGTCCTGTACC,4.218342729801673
33570,0.15983348518183418,2__nan,PertCortex_2_GTTAAGCAGTCTCCTC,4.9606636059322975
33571,0.07719210421270647,2__nan,PertCortex_2_GTTAAGCCACGAGGTA,5.020254071540145
33572,0.523769925931824,2__nan,PertCortex_2_GTTACAGCAGCCTATA,1.521907675696045
33573,0.14199369013146887,2__nan,PertCortex_2_GTTCATTCACCCATTC,3.6675512465203544
33574,0.15781706052358893,2__nan,PertCortex_2_GTTCGGGCATATGAGA,4.803227197993646
33575,0.06565573804024803,2__nan,PertCortex_2_GTTCGGGCATTAGCCA,3.9457795023770244
33576,0.08066138026943173,2__nan,PertCortex_2_GTTCGGGTCCTCTAGC,3.7615502946706334
33577,0.10418162963365407,2__nan,PertCortex_2_GTTCTCGAGGTGCTAG,3.9277815220233325
33578,0.18977259734310598,2__nan,PertCortex_2_GTTCTCGCACATCCGG,3.530412219095511
33579,0.20860970421046235,2__nan,PertCortex_2_GTTCTCGGTGCTAGCC,3.6739532527972396
33580,0.12866681803891364,2__nan,PertCortex_2_GTTTCTAAGTTACGGG,4.637379134783491
33581,0.04657503302913159,2__nan,PertCortex_2_GTTTCTAGTACAGCAG,4.658991681993235
33582,0.21845054076104686,2__nan,PertCortex_2_GTTTCTATCCTATGTT,3.1948936245379964
33583,0.21673182887289327,2__nan,PertCortex_2_GTTTCTATCTTAACCT,4.993772532165082
33584,0.18596884803527772,2__nan,PertCortex_2_TAAACCGAGCTGTCTA,3.7237297720125806
33585,0.10077916884397388,2__nan,PertCortex_2_TAAGAGACAATGAAAC,4.3900796483299285
33586,0.26727909362250235,2__nan,PertCortex_2_TAAGAGACAGGCGATA,3.779444178457287
33587,0.13569937041875582,2__nan,PertCortex_2_TAAGAGACAGGTGGAT,3.6018077355923954
33588,0.5571052487213535,2__nan,PertCortex_2_TAAGCGTAGTTACGGG,2.6864036364978476
33589,0.10610897747550302,2__nan,PertCortex_2_TAAGCGTCAAGCTGTT,3.1642493361361335
33590,0.11948138777492495,2__nan,PertCortex_2_TAAGCGTGTTAGGGTG,4.296720234256508
33591,0.04618291803726518,2__nan,PertCortex_2_TAAGTGCAGTCATGCT,5.119002620255646
33592,0.1390791268316831,2__nan,PertCortex_2_TAAGTGCAGTGGGTTG,5.626447934018677
33593,0.11837071166024597,2__nan,PertCortex_2_TAAGTGCCACTAAGTC,4.230449667604956
33594,0.1666684461332411,2__nan,PertCortex_2_TAAGTGCGTTGAGTTC,4.740327933585341
33595,0.07305665018804311,2__nan,PertCortex_2_TAAGTGCTCATCTGCC,3.652148235909056
33596,0.12781321668935175,2__nan,PertCortex_2_TAAGTGCTCCTTAATC,4.196160508496411
33597,0.1415984066761725,2__nan,PertCortex_2_TAAGTGCTCTACTTAC,5.748966207693731
33598,0.16479159670561178,2__nan,PertCortex_2_TAAGTGCTCTTACCGC,4.196588194090146
33599,0.08566455696524684,2__nan,PertCortex_2_TACACGAAGGCCGAAT,3.991435960653589
33600,0.15398187132292038,2__nan,PertCortex_2_TACACGAAGGCGACAT,4.9956524229777655
33601,0.17505478449823944,2__nan,PertCortex_2_TACACGACAATTCCTT,4.531164615520512
33602,0.10328880652632995,2__nan,PertCortex_2_TACACGACACCAACCG,4.080657124382492
33603,0.4298715123590222,2__nan,PertCortex_2_TACACGACACGACGAA,2.065872509833813
33604,0.26905026660521186,2__nan,PertCortex_2_TACACGATCGCATGAT,3.3268516208522145
33605,0.0928610355305363,2__nan,PertCortex_2_TACAGTGAGATGGCGT,4.01803887734072
33606,0.05379466245045716,2__nan,PertCortex_2_TACAGTGAGTAGGTGC,4.197573089924074
33607,0.22025617265594383,2__nan,PertCortex_2_TACAGTGCAGTGACAG,3.3605091462482006
33608,0.14705834052913036,2__nan,PertCortex_2_TACAGTGCATCCTAGA,4.866244318040114
33609,0.14070349579514566,2__nan,PertCortex_2_TACCTATTCGGAAACG,3.9382233227392236
33610,0.1656983099947113,2__nan,PertCortex_2_TACCTTAAGCTAACAA,4.334964538691164
33611,0.10033355919198426,2__nan,PertCortex_2_TACCTTAAGTGACTCT,4.612343614047138
33612,0.15035031538844423,2__nan,PertCortex_2_TACCTTACAGCGTAAG,4.796158985161939
33613,0.17525981713183764,2__nan,PertCortex_2_TACCTTAGTGGTCCGT,4.371895240094672
33614,0.17735279717881186,2__nan,PertCortex_2_TACCTTATCCCAACGG,5.256066159700909
33615,0.10856368223070527,2__nan,PertCortex_2_TACGGATAGTTGAGAT,4.64266127451064
33616,0.513876875030467,2__nan,PertCortex_2_TACGGATCATTACGAC,2.3791129435811333
33617,0.17160131012837482,2__nan,PertCortex_2_TACGGATGTGGTACAG,3.4359175877195565
33618,0.15055528300914953,2__nan,PertCortex_2_TACGGATTCGTCGTTC,4.2786615080666515
33619,0.11379230272932492,2__nan,PertCortex_2_TACGGGCAGTGACTCT,4.149905546948397
33620,0.09567115342125904,2__nan,PertCortex_2_TACGGTACAAGCGCTC,4.227798613477022
33621,0.2796470154768778,2__nan,PertCortex_2_TACGGTAGTCAATGTC,2.2176622054570814
33622,0.19639523811674278,2__nan,PertCortex_2_TACGGTAGTTATCCGA,4.03382867570668
33623,0.1660897856218228,2__nan,PertCortex_2_TACTCATCACACAGAG,4.543526568573845
33624,0.07534317876446892,2__nan,PertCortex_2_TACTCGCGTGATGCCC,4.289402845532041
33625,0.08894350711272331,2__nan,PertCortex_2_TACTCGCTCAGGCAAG,3.639499939133604
33626,0.054456056329463445,2__nan,PertCortex_2_TACTCGCTCCACTGGG,4.461023092226762
33627,0.12418283894543218,2__nan,PertCortex_2_TACTCGCTCCGTCAAA,3.4197602927204658
33628,0.03504665064419837,2__nan,PertCortex_2_TACTTACAGAAGGTGA,4.182271903871406
33629,0.16277144784919356,2__nan,PertCortex_2_TACTTACCAACGATGG,4.0385110079042486
33630,0.12958083503775833,2__nan,PertCortex_2_TACTTACCATTCCTCG,3.8194856266860118
33631,0.2166918836494079,2__nan,PertCortex_2_TACTTGTAGCGCTTAT,4.301255771367657
33632,0.14375006664098502,2__nan,PertCortex_2_TACTTGTCAAGGGTCA,2.9197248214118883
33633,0.22387352497013435,2__nan,PertCortex_2_TACTTGTGTCTTTCAT,4.460220593542055
33634,0.10190492498768194,2__nan,PertCortex_2_TACTTGTTCCGGCACA,4.266109325334575
33635,0.14954119997269275,2__nan,PertCortex_2_TACTTGTTCTTCAACT,3.6114693218979155
33636,0.08368941528095113,2__nan,PertCortex_2_TACTTGTTCTTGAGAC,4.493789375130823
33637,0.1815604566157584,2__nan,PertCortex_2_TAGACCACAACAACCT,5.296971476154474
33638,0.09528385637982152,2__nan,PertCortex_2_TAGACCACATTAACCG,3.8331623345129358
33639,0.14782923905066475,2__nan,PertCortex_2_TAGACCAGTGTATGGG,3.1326585665428723
33640,0.11350501933677663,2__nan,PertCortex_2_TAGAGCTAGGATATAC,4.705047716131807
33641,0.14922696626246076,2__nan,PertCortex_2_TAGAGCTCAAACTGCT,3.898654438829767
33642,0.11654290512023502,2__nan,PertCortex_2_TAGAGCTGTTACCAGT,4.291011779714595
33643,0.15057924843013087,2__nan,PertCortex_2_TAGAGCTTCACTTATC,4.872898215561057
33644,0.16628742891712095,2__nan,PertCortex_2_TAGCCGGAGCCGATTT,4.865411619739336
33645,0.35230607060691405,2__nan,PertCortex_2_TAGCCGGGTTATCGGT,3.678592013359565
33646,0.1306296582561548,2__nan,PertCortex_2_TAGCCGGTCCTTTCGG,4.6537798019115275
33647,0.14867393369763,2__nan,PertCortex_2_TAGGCATAGAAACGCC,4.180765991831813
33648,0.20242109254551474,2__nan,PertCortex_2_TAGGCATAGGATCGCA,4.315608341323914
33649,0.05962106369881216,2__nan,PertCortex_2_TAGGCATCACCGAATT,4.995459317861903
33650,0.10591360139468123,2__nan,PertCortex_2_TAGGCATGTACTCGCG,4.62186427025697
33651,0.16647127077241655,2__nan,PertCortex_2_TAGGCATGTTTACTCT,4.7044938553045474
33652,0.152909600215824,2__nan,PertCortex_2_TAGGCATTCCGAATGT,3.7432257247618934
33653,0.14499158268282133,2__nan,PertCortex_2_TAGGCATTCGTTGACA,4.9544031437929545
33654,0.25905595190740893,2__nan,PertCortex_2_TAGTGGTAGCGACGTA,3.184405717097731
33655,0.2139956665229951,2__nan,PertCortex_2_TAGTGGTAGCGTGAAC,4.421620918163862
33656,0.0931796462738788,2__nan,PertCortex_2_TAGTGGTCAACTGCGC,4.1936803862910335
33657,0.19053190288750588,2__nan,PertCortex_2_TAGTGGTGTAGCGATG,5.157450336367176
33658,0.18148781119319127,2__nan,PertCortex_2_TAGTGGTTCGTAGGAG,5.151232696247613
33659,0.225309521017534,2__nan,PertCortex_2_TATCAGGAGCTCTCGG,3.047648581991955
33660,0.20878789717223406,2__nan,PertCortex_2_TATCAGGGTACAGACG,3.048283445486492
33661,0.19727846228323384,2__nan,PertCortex_2_TATCAGGTCTGTCTCG,4.676514367983242
33662,0.21476523901234776,2__nan,PertCortex_2_TATCTCAAGGGAACGG,2.5951277907937493
33663,0.0719765006407134,2__nan,PertCortex_2_TATCTCAGTCTAGCCG,4.330155163867653
33664,0.2012198360194534,2__nan,PertCortex_2_TATCTCAGTGCTTCTC,3.334574179758616
33665,0.21885518008694052,2__nan,PertCortex_2_TATCTCAGTTGTGGAG,3.108927606153895
33666,0.18429975738240253,2__nan,PertCortex_2_TATCTCATCCCAACGG,3.988701105253917
33667,0.18744746207507865,2__nan,PertCortex_2_TATCTCATCTAAGCCA,3.9124633015587653
33668,0.2729230319308786,2__nan,PertCortex_2_TATGCCCAGGCATTGG,3.1084885335283663
33669,0.1621367834590827,2__nan,PertCortex_2_TATGCCCAGGTTACCT,3.9472067934303285
33670,0.1906411501747054,2__nan,PertCortex_2_TATGCCCAGTGTTAGA,3.1090048795654233
33671,0.19953854196610743,2__nan,PertCortex_2_TATGCCCCATGATCCA,3.323122200665068
33672,0.13102217337292607,2__nan,PertCortex_2_TATTACCCACCAGATT,2.924620639980005
33673,0.10444407840893674,2__nan,PertCortex_2_TATTACCCATTCACTT,3.9571534303885993
33674,0.136204780359662,2__nan,PertCortex_2_TATTACCGTATGGTTC,3.8600264191990625
33675,0.09109316875961876,2__nan,PertCortex_2_TATTACCGTCACCCAG,4.453199113790699
33676,0.2748988443476758,2__nan,PertCortex_2_TATTACCGTGACCAAG,3.068411084120626
33677,0.09066745736586132,2__nan,PertCortex_2_TCAACGAAGGATTCGG,5.101563639715682
33678,0.11122504032783202,2__nan,PertCortex_2_TCAACGACAAGTAGTA,4.214865311249147
33679,0.11351812312667803,2__nan,PertCortex_2_TCAACGATCCGGGTGT,3.024829256306454
33680,0.08619737894646647,2__nan,PertCortex_2_TCAATCTCAAGCCTAT,3.9342223015631266
33681,0.2413402799673298,2__nan,PertCortex_2_TCAATCTGTATAGTAG,3.5200559096853468
33682,0.141280647391924,2__nan,PertCortex_2_TCAATCTTCCCTAATT,5.392932357840855
33683,0.05595587026029255,2__nan,PertCortex_2_TCACAAGAGCCTCGTG,3.1231970113886103
33684,0.14456146132918132,2__nan,PertCortex_2_TCACAAGGTAAGGATT,3.6869181383314182
33685,0.2277931092822359,2__nan,PertCortex_2_TCACAAGGTGAGTATA,4.228113505504025
33686,0.5993266783491407,2__nan,PertCortex_2_TCACAAGGTGCAACGA,2.196598963324611
33687,0.14456710750831742,2__nan,PertCortex_2_TCACGAACAAATTGCC,4.192871383939369
33688,0.06232958315021035,2__nan,PertCortex_2_TCACGAAGTCGCGTGT,4.15782131232883
33689,0.05351578822951041,2__nan,PertCortex_2_TCACGAATCCAATGGT,4.051985476829996
33690,0.09150225497453186,2__nan,PertCortex_2_TCACGAATCCTTCAAT,3.87970205830328
33691,0.032142082261882456,2__nan,PertCortex_2_TCAGATGAGGTAAACT,4.592927658481616
33692,0.16440697496559353,2__nan,PertCortex_2_TCAGATGAGGTTACCT,2.5505354037358856
33693,0.08324406512114359,2__nan,PertCortex_2_TCAGATGCATATGAGA,4.360987897785092
33694,0.11517202525214787,2__nan,PertCortex_2_TCAGATGGTCTAGTGT,4.239927703342781
33695,0.15127979283960444,2__nan,PertCortex_2_TCAGATGGTCTCTTAT,4.2568975065484445
33696,0.0719161978706121,2__nan,PertCortex_2_TCAGATGTCTGGGCCA,4.621809838385252
33697,0.14193069018639365,2__nan,PertCortex_2_TCAGCAAAGTTGTAGA,2.322809609035734
33698,0.16597707815583768,2__nan,PertCortex_2_TCAGCAAGTGGTGTAG,3.2255452385168666
33699,0.13919423214134863,2__nan,PertCortex_2_TCAGCTCAGCCAGTTT,4.612886120356936
33700,0.638203221866998,2__nan,PertCortex_2_TCAGCTCAGCGTAATA,2.0877636485056517
33701,0.15760493103620246,2__nan,PertCortex_2_TCAGCTCAGGACAGAA,4.6276807694681965
33702,0.1537481340105929,2__nan,PertCortex_2_TCAGCTCAGTCGTTTG,4.988797158191678
33703,0.6895338466157681,2__nan,PertCortex_2_TCAGCTCCAATCGGTT,1.8856095333173322
33704,0.06504180590839205,2__nan,PertCortex_2_TCAGCTCCATAAAGGT,4.6938839503479795
33705,0.19087867987978327,2__nan,PertCortex_2_TCAGCTCCATTATCTC,3.986813641688094
33706,0.20714807997863688,2__nan,PertCortex_2_TCAGCTCGTCTACCTC,4.021567321100594
33707,0.07742437027249927,2__nan,PertCortex_2_TCAGGATAGAAACCTA,4.1476185612068
33708,0.17113799785242184,2__nan,PertCortex_2_TCAGGATAGAGCCCAA,3.4469066578900858
33709,0.12715602586609032,2__nan,PertCortex_2_TCAGGATCAATCCAAC,2.8425023853308224
33710,0.16619476275960968,2__nan,PertCortex_2_TCAGGATCAGGAACGT,3.5980536761292106
33711,0.09967103144240924,2__nan,PertCortex_2_TCAGGATGTACTCAAC,5.088410847645318
33712,0.19320400295217163,2__nan,PertCortex_2_TCAGGATGTCCCTACT,3.541963601478742
33713,0.14117526393661745,2__nan,PertCortex_2_TCAGGATGTCTCTTAT,4.663339171350568
33714,0.13892635154959987,2__nan,PertCortex_2_TCAGGATGTGTCTGAT,4.731477224436672
33715,0.17962469055323238,2__nan,PertCortex_2_TCAGGATTCACCTTAT,5.0446154521859645
33716,0.11972406922832042,2__nan,PertCortex_2_TCAGGATTCGCCTGTT,4.013066797743794
33717,0.15780841716028904,2__nan,PertCortex_2_TCAGGTAAGGCCCGTT,3.1518032885181997
33718,0.14246870632711892,2__nan,PertCortex_2_TCAGGTACAAGAGTCG,3.5076116602665692
33719,0.1393448700859252,2__nan,PertCortex_2_TCAGGTACAGGATCGA,2.5061590003565235
33720,0.16300902712870122,2__nan,PertCortex_2_TCAGGTAGTCGGCTCA,4.7089510940567845
33721,0.02921517121352291,2__nan,PertCortex_2_TCAGGTATCACCTCGT,3.9129815603402642
33722,0.14296423535919217,2__nan,PertCortex_2_TCATTACAGACTAGGC,3.560328515496307
33723,0.20441232673116097,2__nan,PertCortex_2_TCATTACGTCAAAGCG,4.285941929871642
33724,0.20144802549984897,2__nan,PertCortex_2_TCATTACGTTCCAACA,2.936307622933271
33725,0.04981015702102302,2__nan,PertCortex_2_TCATTTGAGAGTAATC,4.741472439917834
33726,0.17117300321684298,2__nan,PertCortex_2_TCATTTGCAATGGTCT,3.4101478858687684
33727,0.16075603286657672,2__nan,PertCortex_2_TCATTTGCACGCGAAA,3.2991882863169533
33728,0.07850512373653513,2__nan,PertCortex_2_TCCACACAGTGGTAAT,4.253381073926751
33729,0.10461157883029185,2__nan,PertCortex_2_TCCACACCACCTTGTC,4.503067765948696
33730,0.20296803372010688,2__nan,PertCortex_2_TCCCGATCACCGATAT,3.0661445377729235
33731,0.14603711387224205,2__nan,PertCortex_2_TCCCGATCACTCTGTC,4.627405178225528
33732,0.13087896948061575,2__nan,PertCortex_2_TCCCGATCATTTCACT,4.357477388987902
33733,0.0690982179535818,2__nan,PertCortex_2_TCGAGGCAGTTCGATC,3.7711226899504227
33734,0.20278103450569046,2__nan,PertCortex_2_TCGAGGCCAGCCTGTG,2.260051081226741
33735,0.18413816736376998,2__nan,PertCortex_2_TCGAGGCGTAGCAAAT,4.637471980727665
33736,0.10610478902746638,2__nan,PertCortex_2_TCGCGAGCATCATCCC,5.469274882502331
33737,0.13634821243442022,2__nan,PertCortex_2_TCGCGAGCATGGATGG,4.15419075079623
33738,0.12511903267668772,2__nan,PertCortex_2_TCGCGAGTCAATCACG,3.455486776615781
33739,0.14105754395079767,2__nan,PertCortex_2_TCGCGAGTCGTGGGAA,4.16928963141342
33740,0.07483893999355197,2__nan,PertCortex_2_TCGCGTTAGACTTGAA,4.2795703210198965
33741,0.2633197711833433,2__nan,PertCortex_2_TCGCGTTAGAGGACGG,2.2816660786177163
33742,0.18102549150344963,2__nan,PertCortex_2_TCGCGTTAGCAATCTC,3.8159489242327025
33743,0.1602048461589199,2__nan,PertCortex_2_TCGGGACAGGACAGAA,4.742998420894706
33744,0.05531870601931833,2__nan,PertCortex_2_TCGGGACAGTACTTGC,4.474030249653199
33745,0.16293222577538355,2__nan,PertCortex_2_TCGGGACGTGTTGAGG,3.4883785663422886
33746,0.09078967727956753,2__nan,PertCortex_2_TCGGGACTCTCCCTGA,3.449864231704055
33747,0.25420594634207655,2__nan,PertCortex_2_TCGGTAAAGCCCTAAT,2.813464103364163
33748,0.08932055989040483,2__nan,PertCortex_2_TCGGTAACATTTCAGG,3.22268039137302
33749,0.2059847567166539,2__nan,PertCortex_2_TCGTACCCACCCAGTG,4.822950956643628
33750,0.12143065057355946,2__nan,PertCortex_2_TCGTACCCAGGGTACA,3.7999574623514603
33751,0.13559530761728678,2__nan,PertCortex_2_TCGTACCCATAAAGGT,3.161101814792635
33752,0.11658228801503674,2__nan,PertCortex_2_TCGTACCGTACTTAGC,4.094021920509638
33753,0.1471176495298575,2__nan,PertCortex_2_TCGTACCTCGCAGGCT,4.116850639736062
33754,0.15403718176922854,2__nan,PertCortex_2_TCGTAGACACGTTGGC,3.6188051477378487
33755,0.301148194312361,2__nan,PertCortex_2_TCGTAGACAGGGTATG,3.7119781219283077
33756,0.06546339317331373,2__nan,PertCortex_2_TCGTAGAGTGCTTCTC,4.009042126524567
33757,0.17354242546895055,2__nan,PertCortex_2_TCGTAGAGTTGGTGGA,4.243960608584986
33758,0.1443027065182948,2__nan,PertCortex_2_TCTATTGCACAAGACG,3.9007741019904247
33759,0.14972468289317217,2__nan,PertCortex_2_TCTCATAAGCCGATTT,4.348137946460991
33760,0.16279671210203192,2__nan,PertCortex_2_TCTCATACACACCGAC,3.8946639837476944
33761,0.09847847816607548,2__nan,PertCortex_2_TCTCATATCAACCAAC,3.8893166651550373
33762,0.15962859637282548,2__nan,PertCortex_2_TCTCATATCTGGTATG,3.4939555766359884
33763,0.15738807429282733,2__nan,PertCortex_2_TCTCTAACAGGGCATA,4.123279005194471
33764,0.15528576246449144,2__nan,PertCortex_2_TCTCTAAGTATCTGCA,3.4150048020299346
33765,0.21051461842702293,2__nan,PertCortex_2_TCTCTAAGTGCACTTA,4.0655565037342045
33766,0.39825041104295894,2__nan,PertCortex_2_TCTCTAATCCGTCAAA,1.6128246015137055
33767,0.5519333001070471,2__nan,PertCortex_2_TCTCTAATCGCCGTGA,2.4759197374934727
33768,0.5836436960770314,2__nan,PertCortex_2_TCTCTAATCTCACATT,2.117391723244984
33769,0.048073116660958294,2__nan,PertCortex_2_TCTGAGAAGCAGCGTA,4.419088504494472
33770,0.19057427852702236,2__nan,PertCortex_2_TCTGAGAAGTTAACGA,3.290458081396674
33771,0.1553800293424317,2__nan,PertCortex_2_TCTGAGACACCAGTTA,4.6583963377081385
33772,0.1822013119665079,2__nan,PertCortex_2_TCTGAGACATATACGC,4.753594982662502
33773,0.15895097598009197,2__nan,PertCortex_2_TCTGAGAGTACGCACC,3.6751736126876784
33774,0.09192263401237956,2__nan,PertCortex_2_TCTGAGATCAAAGACA,3.8550896059094777
33775,0.1598027682743711,2__nan,PertCortex_2_TCTGAGATCCCTCTTT,5.283712562376028
33776,0.12444634048413718,2__nan,PertCortex_2_TCTGAGATCGCAGGCT,5.359042087987383
33777,0.6357185157551982,2__nan,PertCortex_2_TCTGGAAAGAAACGCC,1.755263444877895
33778,0.1781183219632405,2__nan,PertCortex_2_TCTGGAAAGAAAGTGG,4.502263754556752
33779,0.3103045407058108,2__nan,PertCortex_2_TCTGGAAGTCGCTTTC,3.464704716814658
33780,0.1868250600027085,2__nan,PertCortex_2_TCTTCGGAGGTGATTA,4.3997567283043955
33781,0.026542270450991078,2__nan,PertCortex_2_TCTTCGGGTAGCCTAT,3.7259099013689254
33782,0.7530411689617846,2__nan,PertCortex_2_TCTTCGGGTCACTGGC,1.5348431444326314
33783,0.04765528240253204,2__nan,PertCortex_2_TCTTCGGTCCGAAGAG,4.547317314043742
33784,0.11349283088460721,2__nan,PertCortex_2_TCTTTCCAGGGTTCCC,4.04313405227073
33785,0.05743565385699759,2__nan,PertCortex_2_TCTTTCCCATAAGACA,3.901434402069014
33786,0.21341287365422593,2__nan,PertCortex_2_TCTTTCCCATGGGACA,3.1998606440562893
33787,0.25091881326985477,2__nan,PertCortex_2_TCTTTCCGTTCGCTAA,4.764002197451931
33788,0.7109733119018102,2__nan,PertCortex_2_TGAAAGAAGCTTCGCG,1.4465925997787195
33789,0.03307899941928729,2__nan,PertCortex_2_TGAAAGACAACAACCT,3.5112652684097525
33790,0.11983471680746621,2__nan,PertCortex_2_TGAAAGACACATTCGA,4.584299091370489
33791,0.14539804470148637,2__nan,PertCortex_2_TGAAAGACAGTGACAG,3.554452203171711
33792,0.07660634757394504,2__nan,PertCortex_2_TGAAAGAGTATGGTTC,3.30192074915579
33793,0.18581304936711976,2__nan,PertCortex_2_TGAAAGATCCAAGTAC,4.378654137554704
33794,0.17785631870329022,2__nan,PertCortex_2_TGACAACGTACGCACC,4.435174219765392
33795,0.17414955425963533,2__nan,PertCortex_2_TGACAACTCCTCTAGC,4.001206512923985
33796,0.057558527682972246,2__nan,PertCortex_2_TGACAACTCCTGTAGA,3.7718509882877354
33797,0.13789737777807126,2__nan,PertCortex_2_TGACAACTCGACCAGC,5.052186684096605
33798,0.09226568637043235,2__nan,PertCortex_2_TGACGGCCAATGTTGC,3.912234007519329
33799,0.05684201103104409,2__nan,PertCortex_2_TGACGGCTCGTTGCCT,3.5489380962730483
33800,0.3450920746584822,2__nan,PertCortex_2_TGACGGCTCTGTGCAA,3.4777053312406454
33801,0.14705960523596753,2__nan,PertCortex_2_TGACTAGTCATCATTC,4.170995105282087
33802,0.041606145756344366,2__nan,PertCortex_2_TGACTAGTCGCCATAA,4.331068901652424
33803,0.2498508770195461,2__nan,PertCortex_2_TGACTTTAGTTGTCGT,3.475231959372564
33804,0.09867065638172598,2__nan,PertCortex_2_TGACTTTGTTCAGACT,4.5147866226874775
33805,0.1427374903334125,2__nan,PertCortex_2_TGAGAGGTCAAACGGG,4.403746145642475
33806,0.13749286289790347,2__nan,PertCortex_2_TGAGCATAGCTAAGAT,3.985549811179171
33807,0.15613798534816895,2__nan,PertCortex_2_TGAGCATGTCGCTTTC,3.5674849348327347
33808,0.12600318928245421,2__nan,PertCortex_2_TGAGCCGAGAAGATTC,4.455389982116204
33809,0.059225210560267444,2__nan,PertCortex_2_TGAGCCGAGCGATCCC,4.5012912725067915
33810,0.1023623527100519,2__nan,PertCortex_2_TGAGCCGAGGAGCGAG,3.6004846074056385
33811,0.15934440130205418,2__nan,PertCortex_2_TGAGCCGCAATGCCAT,4.776658017708587
33812,0.18620310304661586,2__nan,PertCortex_2_TGAGCCGCATGGGAAC,4.492614380506293
33813,0.11730127655347457,2__nan,PertCortex_2_TGAGCCGGTCGGATCC,3.8076519687410766
33814,0.06947558280162563,2__nan,PertCortex_2_TGAGCCGGTCGGCACT,3.582768140535547
33815,0.20930683402324685,2__nan,PertCortex_2_TGAGGGACACAGTCGC,3.4698916838469502
33816,0.18176990881648045,2__nan,PertCortex_2_TGAGGGAGTACTTCTT,4.190511098376385
33817,0.21146814875658115,2__nan,PertCortex_2_TGAGGGATCGAGCCCA,2.7808209373739654
33818,0.21952122267810198,2__nan,PertCortex_2_TGATTTCAGTACGCCC,3.8480097771319395
33819,0.1579917694727342,2__nan,PertCortex_2_TGATTTCAGTGCAAGC,3.0019567321477485
33820,0.16179449349894184,2__nan,PertCortex_2_TGATTTCCAATGTTGC,4.205897562758928
33821,0.1347132999692186,2__nan,PertCortex_2_TGATTTCGTAGGGTAC,3.4986100334917536
33822,0.17854365024257682,2__nan,PertCortex_2_TGATTTCGTATCACCA,4.348674759263314
33823,0.12411198923584567,2__nan,PertCortex_2_TGATTTCTCAATCTCT,3.761721361220566
33824,0.1688845495322485,2__nan,PertCortex_2_TGATTTCTCTTTACAC,4.542002631694858
33825,0.13834115837754962,2__nan,PertCortex_2_TGCACCTTCACAACGT,5.460826802370084
33826,0.08468574091771584,2__nan,PertCortex_2_TGCACCTTCCTAGAAC,3.9798035448419617
33827,0.17236514485228313,2__nan,PertCortex_2_TGCCAAACAAGCGCTC,3.073510284285998
33828,0.20610896285350996,2__nan,PertCortex_2_TGCCAAACAGACAAGC,4.698458349913644
33829,0.12335723377047579,2__nan,PertCortex_2_TGCCAAAGTTGAACTC,5.227246545226348
33830,0.13788034475574223,2__nan,PertCortex_2_TGCCCATTCTTGCCGT,3.4071820742367747
33831,0.18698711765687215,2__nan,PertCortex_2_TGCCCTAAGCGTTGCC,4.518480510739643
33832,0.5686993562656567,2__nan,PertCortex_2_TGCCCTAGTAAGTGTA,2.157948553162191
33833,0.13971989907946886,2__nan,PertCortex_2_TGCCCTAGTGTTCTTT,3.85919431446211
33834,0.14039591123757622,2__nan,PertCortex_2_TGCCCTATCAGGATCT,3.231684622304479
33835,0.16500457241863506,2__nan,PertCortex_2_TGCCCTATCTTGTTTG,4.792801680286566
33836,0.1818038181599866,2__nan,PertCortex_2_TGCGCAGCAAACGTGG,5.095888830080592
33837,0.14507988554950524,2__nan,PertCortex_2_TGCGCAGTCCTACAGA,5.381001831846885
33838,0.09272076451056331,2__nan,PertCortex_2_TGCGGGTGTAATCGTC,4.063954384335228
33839,0.07005293257335583,2__nan,PertCortex_2_TGCGGGTTCGGAGCAA,3.9228462427438506
33840,0.13849876789126328,2__nan,PertCortex_2_TGCGTGGAGAGCAATT,5.129171227910559
33841,0.2771117327147565,2__nan,PertCortex_2_TGCGTGGAGTCCTCCT,3.8876838304141272
33842,0.16485582737421042,2__nan,PertCortex_2_TGCGTGGTCTGAGTGT,3.31027056389892
33843,0.0794936095090482,2__nan,PertCortex_2_TGCTACCCAATGGAAT,4.17710062111176
33844,0.013176062377115329,2__nan,PertCortex_2_TGCTACCCACAAGACG,3.209975019272865
33845,0.08790159518307979,2__nan,PertCortex_2_TGCTACCGTGGTCTCG,3.7811157579526635
33846,0.15984016763621542,2__nan,PertCortex_2_TGCTGCTAGTGCCAGA,5.095475451969755
33847,0.14006041826669932,2__nan,PertCortex_2_TGCTGCTCAAGCCCAC,3.4631208678073206
33848,0.11585485288801749,2__nan,PertCortex_2_TGCTGCTGTTTAGGAA,3.8781848684154627
33849,0.08549201156747828,2__nan,PertCortex_2_TGCTGCTTCACCCGAG,3.412620183030967
33850,0.09940511496084352,2__nan,PertCortex_2_TGGACGCAGGAATTAC,4.586053719121223
33851,0.14193421495446398,2__nan,PertCortex_2_TGGACGCAGTCAAGGC,3.6179325913561104
33852,0.15593357018224405,2__nan,PertCortex_2_TGGACGCGTCCTAGCG,3.66051983364306
33853,0.24675653609570128,2__nan,PertCortex_2_TGGCCAGCACATGACT,3.1265048470732664
33854,0.18321118997259922,2__nan,PertCortex_2_TGGCCAGCATGAACCT,4.102378132955562
33855,0.08097152388726368,2__nan,PertCortex_2_TGGCCAGCATTGCGGC,4.080279455292972
33856,0.06256369594295728,2__nan,PertCortex_2_TGGCCAGGTTCACGGC,3.2413977457372294
33857,0.12711243189055407,2__nan,PertCortex_2_TGGCCAGTCCTATGTT,3.621149278888185
33858,0.1520993187446549,2__nan,PertCortex_2_TGGCCAGTCTCTGTCG,3.950296300608934
33859,0.1963300849441635,2__nan,PertCortex_2_TGGCGCACAATACGCT,3.6544799297709774
33860,0.17258442235149216,2__nan,PertCortex_2_TGGCGCACACCGAAAG,4.707684758186151
33861,0.14932209344035022,2__nan,PertCortex_2_TGGCGCACAGCCTTGG,3.975084355791085
33862,0.1433372229386551,2__nan,PertCortex_2_TGGCGCAGTAGCCTAT,4.773634439811142
33863,0.25178578302312626,2__nan,PertCortex_2_TGGCGCAGTCCAGTAT,3.0967596282135954
33864,0.30394110401012003,2__nan,PertCortex_2_TGGCGCAGTCTCTTAT,2.990411058490236
33865,0.16010560345009492,2__nan,PertCortex_2_TGGCTGGAGCACGCCT,4.989717515177267
33866,0.061123773574619095,2__nan,PertCortex_2_TGGCTGGCATGCCTTC,4.996201875327639
33867,0.03959433615662244,2__nan,PertCortex_2_TGGCTGGGTTGCGTTA,3.2133788947680024
33868,0.04297014844674728,2__nan,PertCortex_2_TGGCTGGTCATTCACT,3.362306247921404
33869,0.15394037668279656,2__nan,PertCortex_2_TGGGAAGGTCACCCAG,4.530608887965027
33870,0.08935332281418369,2__nan,PertCortex_2_TGGGAAGGTGACGGTA,4.438236150739477
33871,0.072800693516706,2__nan,PertCortex_2_TGGGAAGTCCCTAACC,3.443401105303803
33872,0.11284360315599164,2__nan,PertCortex_2_TGGGCGTAGTCGTACT,3.3924159180008426
33873,0.14533513529974135,2__nan,PertCortex_2_TGGGCGTCAAGGGTCA,4.136762347755869
33874,0.03532550881291365,2__nan,PertCortex_2_TGGGCGTCACAGACAG,4.438239117752784
33875,0.09813914477148167,2__nan,PertCortex_2_TGGGCGTCACAGATTC,3.9210357771748305
33876,0.12915038600579729,2__nan,PertCortex_2_TGGGCGTCACTGTGTA,4.415019609898056
33877,0.17909975926257524,2__nan,PertCortex_2_TGGGCGTTCAACGGGA,4.034819057605112
33878,0.14612450296395413,2__nan,PertCortex_2_TGGGCGTTCCGTCAAA,5.18395111284351
33879,0.24231365483448108,2__nan,PertCortex_2_TGGTTAGAGATATACG,4.2209084958888665
33880,0.18689553363428535,2__nan,PertCortex_2_TGGTTAGAGCCGATTT,4.027229886149116
33881,0.6734049418771308,2__nan,PertCortex_2_TGGTTAGAGCGTGAGT,1.7459554489001259
33882,0.17218449139679545,2__nan,PertCortex_2_TGGTTAGCACATTTCT,4.646932394555215
33883,0.25092518542886005,2__nan,PertCortex_2_TGGTTAGCATAACCTG,3.6214618962353096
33884,0.19313860646780806,2__nan,PertCortex_2_TGGTTAGCATTATCTC,5.031625825239293
33885,0.18979294310370276,2__nan,PertCortex_2_TGGTTCCAGTTACCCA,4.674880908732945
33886,0.624711699699567,2__nan,PertCortex_2_TGGTTCCAGTTGCAGG,1.9313536159192748
33887,0.3072203674078684,2__nan,PertCortex_2_TGGTTCCGTTACGACT,2.9868884694561433
33888,0.319021585115641,2__nan,PertCortex_2_TGGTTCCGTTTGACAC,3.802301953763161
33889,0.16935346234355755,2__nan,PertCortex_2_TGGTTCCTCGATAGAA,4.710550587450008
33890,0.1699637562342294,2__nan,PertCortex_2_TGTATTCGTAAGTTCC,3.399585964352789
33891,0.13495315704943187,2__nan,PertCortex_2_TGTCCCAAGGTGGGTT,3.7502232998462066
33892,0.18161475716125888,2__nan,PertCortex_2_TGTCCCAAGTTAGGTA,3.6058719500549348
33893,0.10109122696423518,2__nan,PertCortex_2_TGTCCCATCCATGAAC,3.7241385168645897
33894,0.15858281182380904,2__nan,PertCortex_2_TGTGGTAAGGCTATCT,4.7195954944232525
33895,0.12350078182401356,2__nan,PertCortex_2_TGTGGTACAGCGAACA,4.593846622768923
33896,0.18004919304159736,2__nan,PertCortex_2_TGTGGTACATTGCGGC,3.7557145642548257
33897,0.2911594623670771,2__nan,PertCortex_2_TGTGGTAGTGCCTGTG,2.892111160915967
33898,0.13147049422874085,2__nan,PertCortex_2_TGTGGTAGTGTTTGTG,3.049612845623627
33899,0.12241808108425312,2__nan,PertCortex_2_TGTGTTTCACATGTGT,4.5404013393698195
33900,0.21443964810154256,2__nan,PertCortex_2_TGTGTTTCAGCGATCC,3.4246806882249694
33901,0.11339484416200113,2__nan,PertCortex_2_TGTGTTTTCCGTCAAA,4.117705606207703
33902,0.2051071884453221,2__nan,PertCortex_2_TGTTCCGAGCTCCTCT,3.7482475662197614
33903,0.0754338980692799,2__nan,PertCortex_2_TGTTCCGAGTGAAGAG,4.506795828681254
33904,0.2031447570340069,2__nan,PertCortex_2_TGTTCCGGTCATACTG,4.787386347401979
33905,0.4855762501654444,2__nan,PertCortex_2_TGTTCCGTCACCTTAT,2.905650358860467
33906,0.19102356188797673,2__nan,PertCortex_2_TGTTCCGTCCCATTAT,5.305698644278278
33907,0.1118881795534698,2__nan,PertCortex_2_TTAACTCTCCTTCAAT,3.9081580065758286
33908,0.18162702320280524,2__nan,PertCortex_2_TTAGGACCACGAAACG,2.3323867421045352
33909,0.17715719475933234,2__nan,PertCortex_2_TTAGGACCAGTCGTGC,3.327403661125264
33910,0.08351732109401672,2__nan,PertCortex_2_TTAGGACGTTGGGACA,4.482555994955513
33911,0.22635145916606628,2__nan,PertCortex_2_TTAGGACTCACGCGGT,3.385800655815875
33912,0.09531568170169,2__nan,PertCortex_2_TTAGGACTCAGTCCCT,4.236511593958504
33913,0.07616257251464643,2__nan,PertCortex_2_TTAGGCAAGAAACGCC,5.0899710961428495
33914,0.04612005451022254,2__nan,PertCortex_2_TTAGGCAAGGTGTGGT,3.627206952547889
33915,0.17391737458778622,2__nan,PertCortex_2_TTAGGCATCTCGATGA,2.978725564621378
33916,0.08090190887698313,2__nan,PertCortex_2_TTAGTTCAGCTAACAA,4.228959493080797
33917,0.08097403242844552,2__nan,PertCortex_2_TTAGTTCGTCTCCATC,4.516302495613007
33918,0.5913472178538357,2__nan,PertCortex_2_TTAGTTCGTTTGTGTG,2.0786840921185465
33919,0.18095068225051553,2__nan,PertCortex_2_TTAGTTCTCTGCGACG,3.3369417348716075
33920,0.2630407330970887,2__nan,PertCortex_2_TTAGTTCTCTTCGAGA,2.61519726957293
33921,0.15609096711507184,2__nan,PertCortex_2_TTATGCTTCAACACGT,4.573321406231784
33922,0.07608959643237746,2__nan,PertCortex_2_TTATGCTTCGAACTGT,3.6726772578055806
33923,0.10997146964466123,2__nan,PertCortex_2_TTCCCAGCAAGTCATC,3.9169149913959993
33924,0.14645292135274182,2__nan,PertCortex_2_TTCCCAGCAGAGCCAA,3.642043999265532
33925,0.27900705055098407,2__nan,PertCortex_2_TTCCCAGCATTGTGCA,3.4462615533691805
33926,0.129253955294463,2__nan,PertCortex_2_TTCCCAGTCAGCTGGC,4.5805782776336645
33927,0.21196402323498714,2__nan,PertCortex_2_TTCCCAGTCTGCGTAA,3.061171488029524
33928,0.17600226155563647,2__nan,PertCortex_2_TTCGAAGAGAAACGCC,4.47844415687474
33929,0.12028954692830811,2__nan,PertCortex_2_TTCGAAGCACAACGTT,3.784712485524374
33930,0.045608253899320286,2__nan,PertCortex_2_TTCGAAGGTGTTTGTG,4.409829264818178
33931,0.1478780044987873,2__nan,PertCortex_2_TTCGAAGTCAACGCTA,5.1196999799316165
33932,0.18129054459153995,2__nan,PertCortex_2_TTCTACAAGCGTCTAT,4.629620281156942
33933,0.06399464734080762,2__nan,PertCortex_2_TTCTACAAGGTCGGAT,3.5307509523639014
33934,0.027078090065907088,2__nan,PertCortex_2_TTCTACACATTGTGCA,3.152478926615416
33935,0.20684066328681344,2__nan,PertCortex_2_TTCTACACATTTCACT,4.69155662112031
33936,0.1881746366694517,2__nan,PertCortex_2_TTCTACAGTATATGGA,5.132894390026644
33937,0.2520137759485082,2__nan,PertCortex_2_TTCTACAGTCGCGTGT,3.0940275613132067
33938,0.09309568742513988,2__nan,PertCortex_2_TTCTACAGTGTAACGG,4.764303584992647
33939,0.16135871708222188,2__nan,PertCortex_2_TTCTACAGTTTGACTG,4.423298732121297
33940,0.1687325145315885,2__nan,PertCortex_2_TTCTCAACACGGCGTT,4.571118410279516
33941,0.10496112338392864,2__nan,PertCortex_2_TTCTCAACATCGGGTC,4.038054508695915
33942,0.16687268227842456,2__nan,PertCortex_2_TTCTCAAGTCCGTGAC,4.499862858764552
33943,0.16873808130778742,2__nan,PertCortex_2_TTCTCAATCACGCGGT,3.080270122045059
33944,0.22597301707437162,2__nan,PertCortex_2_TTCTCCTAGAACTGTA,3.7385963211964497
33945,0.1388070862578144,2__nan,PertCortex_2_TTCTCCTAGGAATTAC,4.382591334135803
33946,0.2095288152181856,2__nan,PertCortex_2_TTCTCCTCACTGCCAG,4.006647710347681
33947,0.05511393692896681,2__nan,PertCortex_2_TTCTCCTCACTGTGTA,3.8550373014422163
33948,0.12332401123770885,2__nan,PertCortex_2_TTCTCCTGTTGAGGTG,4.037853654001986
33949,0.1247437687648021,2__nan,PertCortex_2_TTCTCCTTCCAAATGC,3.007457408756098
33950,0.2211799197885429,2__nan,PertCortex_2_TTCTTAGAGCAATCTC,4.883856203301353
33951,0.12090067157253627,2__nan,PertCortex_2_TTCTTAGAGGTCATCT,3.9097887990463995
33952,0.12110711856735303,2__nan,PertCortex_2_TTCTTAGAGGTGCAAC,4.52160179594538
33953,0.10367555094273458,2__nan,PertCortex_2_TTCTTAGCAAGCCGCT,4.1094324562326285
33954,0.15574500545283668,2__nan,PertCortex_2_TTCTTAGGTCAATACC,3.5203243677262726
33955,0.15142160175244418,2__nan,PertCortex_2_TTCTTAGGTTATCCGA,4.523320995598878
33956,0.15971450986877808,2__nan,PertCortex_2_TTCTTAGTCCTCGCAT,4.9234220665113915
33957,0.07616102402214865,2__nan,PertCortex_2_TTGAACGCAGCATGAG,3.817170518132625
33958,0.21655347769704428,2__nan,PertCortex_2_TTGACTTAGGATTCGG,3.4336330594790017
33959,0.15062643724675798,2__nan,PertCortex_2_TTGACTTCAAGCGCTC,4.385119586328598
33960,0.27724279581978867,2__nan,PertCortex_2_TTGACTTCACCAGATT,1.8776361803022728
33961,0.07575124641757151,2__nan,PertCortex_2_TTGACTTTCGTGGTCG,4.486622888799528
33962,-0.026704746985372983,2__nan,PertCortex_2_TTGCCGTCAGCTGTGC,4.325376286682301
33963,0.1614562719667048,2__nan,PertCortex_2_TTGCCGTTCCCGACTT,4.853454469895009
33964,0.19687563843471803,2__nan,PertCortex_2_TTGCCGTTCCTCAATT,4.675760147190838
33965,0.17174447735233123,2__nan,PertCortex_2_TTGCGTCAGTGTCCCG,2.815544118846139
33966,0.6418902114550805,2__nan,PertCortex_2_TTGCGTCGTAAGAGAG,1.8138837813110145
33967,0.23074139324200368,2__nan,PertCortex_2_TTGCGTCGTCTTCGTC,2.9823200525717386
33968,0.0606818882255466,2__nan,PertCortex_2_TTGGAACAGCACACAG,3.764623203571971
33969,0.6905103435314535,2__nan,PertCortex_2_TTGGAACCAAACTGCT,1.7657816267557107
33970,0.14238521573793858,2__nan,PertCortex_2_TTGGAACGTGAGGCTA,3.956128401434471
33971,0.116112742631107,2__nan,PertCortex_2_TTGGCAACATTTGCCC,4.17206500990204
33972,0.07444030239855097,2__nan,PertCortex_2_TTGGCAAGTACCCAAT,3.1524922201212537
33973,0.1388796145928913,2__nan,PertCortex_2_TTGGCAATCAGTGTTG,4.721225255009755
33974,0.13759425814872867,2__nan,PertCortex_2_TTGGCAATCAGTTAGC,4.387000516195338
33975,0.09968147596101232,2__nan,PertCortex_2_TTGGCAATCTGTCAAG,4.9361357985224315
33976,0.16557747365297718,2__nan,PertCortex_2_TTGTAGGAGAGTTGGC,4.169392744946861
33977,0.14991684321872728,2__nan,PertCortex_2_TTGTAGGAGGTGCACA,5.270438752306033
33978,0.09505764602825385,2__nan,PertCortex_2_TTGTAGGTCATTATCC,3.448015030619853
33979,0.16083404906201107,2__nan,PertCortex_2_TTTACTGAGCAGCGTA,4.466719781105355
33980,0.213389539975921,2__nan,PertCortex_2_TTTACTGCACGGATAG,3.842946108354478
33981,0.19640377001951664,2__nan,PertCortex_2_TTTACTGCATGTCCTC,4.7680595514002775
33982,0.2027327965155572,2__nan,PertCortex_2_TTTACTGTCCCATTAT,5.34593249855933
33983,0.024838720789294114,2__nan,PertCortex_2_TTTATGCAGCGTGTCC,4.909004819015483
33984,0.21232685055861678,2__nan,PertCortex_2_TTTATGCCATATGAGA,3.017994523362213
33985,0.15028987811167377,2__nan,PertCortex_2_TTTATGCCATGTTGAC,3.983621197387883
33986,0.10734993725559155,2__nan,PertCortex_2_TTTATGCTCTTCGAGA,4.206686744324991
33987,0.1550501953798411,2__nan,PertCortex_2_TTTCCTCAGCTCCTCT,2.990056702118946
33988,0.14728354756046003,2__nan,PertCortex_2_TTTCCTCCATGGAATA,3.308042000938422
33989,0.1585373070207248,2__nan,PertCortex_2_TTTCCTCTCACTCTTA,3.834035355133347
33990,0.2538798446197791,2__nan,PertCortex_2_TTTGCGCAGCTGCCCA,3.1501578931952854
33991,0.13928084224048462,2__nan,PertCortex_2_TTTGGTTTCGGAGCAA,3.40723478515451
33992,0.21034813641948222,2__nan,PertCortex_2_TTTGTCAAGGGCACTA,4.24925788933438
33993,0.23558341229760674,2__nan,PertCortex_2_TTTGTCAGTAAACCTC,3.1506044513561076
33994,0.14312771065370833,2__nan,PertCortex_2_TTTGTCAGTGCCTGGT,5.087106592738623
33995,0.17387609493787418,2__nan,PertCortex_2_TTTGTCATCTCTTATG,3.848345768367042
33996,0.1612233404119264,3__nan,PertCortex_3_AAACGGGAGTACGTAA,4.611847784029736
33997,0.02097951881540576,3__nan,PertCortex_3_AAACGGGCATTTCACT,4.417024926256484
33998,0.09291458747916478,3__nan,PertCortex_3_AAAGATGCAACTTGAC,3.9138772517744496
33999,0.4927764862375714,3__nan,PertCortex_3_AAAGATGGTGATGTGG,1.9790126083251394
34000,0.1416503408214886,3__nan,PertCortex_3_AAAGCAAGTCACCTAA,4.265146662631092
34001,0.16088702147727252,3__nan,PertCortex_3_AAAGCAAGTGTAATGA,4.896343068527169
34002,0.6984638380956173,3__nan,PertCortex_3_AAAGTAGCAACGCACC,1.709429576576519
34003,0.18043323858206783,3__nan,PertCortex_3_AAAGTAGCAACTTGAC,2.6608711966472685
34004,0.19734591290762585,3__nan,PertCortex_3_AAAGTAGGTAACGTTC,2.7659516250768776
34005,0.06526343322642553,3__nan,PertCortex_3_AAATGCCAGTGATCGG,4.09055362946428
34006,0.5794808305707689,3__nan,PertCortex_3_AAATGCCCACCTCGGA,1.4634684427544316
34007,0.14163177825919415,3__nan,PertCortex_3_AACACGTAGCTGTTCA,4.324682607550671
34008,0.040663794743517015,3__nan,PertCortex_3_AACACGTAGTAATCCC,4.909134919351168
34009,0.08963712925249345,3__nan,PertCortex_3_AACACGTAGTCGCCGT,3.0286684261658694
34010,0.13833247614901822,3__nan,PertCortex_3_AACGTTGCATTCGACA,3.671464759479235
34011,0.5984655676389545,3__nan,PertCortex_3_AACGTTGGTACTTAGC,1.7053530341495116
34012,0.20255866029997846,3__nan,PertCortex_3_AACGTTGTCCCTAACC,3.854375152508141
34013,0.13934932397840216,3__nan,PertCortex_3_AACTCAGGTGCTCTTC,4.303940150533374
34014,0.1733791314645825,3__nan,PertCortex_3_AACTCAGTCACTGGGC,3.051137166944251
34015,0.059826585478433586,3__nan,PertCortex_3_AACTCAGTCCCTTGTG,2.870624785680306
34016,0.22942677200843165,3__nan,PertCortex_3_AACTCAGTCCTTGACC,4.3213947255985765
34017,0.160197518998877,3__nan,PertCortex_3_AACTCCCCAGTTCCCT,5.211517502475593
34018,0.13316619414932304,3__nan,PertCortex_3_AACTCCCGTACCGTAT,4.082599380483711
34019,0.12570209218550385,3__nan,PertCortex_3_AACTCCCTCTTGTACT,4.0968647285549915
34020,0.1015267787807801,3__nan,PertCortex_3_AACTTTCCAGCGTAAG,3.803047066149261
34021,0.17069853236712354,3__nan,PertCortex_3_AACTTTCCATGTCGAT,4.745828963462931
34022,0.17368686583156756,3__nan,PertCortex_3_AACTTTCGTACTCGCG,4.163498080563919
34023,0.14779709807163258,3__nan,PertCortex_3_AAGCCGCAGGTGACCA,3.8458508934746236
34024,0.19279626785087006,3__nan,PertCortex_3_AAGCCGCCAAGAGGCT,4.731223690267168
34025,0.24232572266116004,3__nan,PertCortex_3_AAGCCGCGTGTCAATC,3.1271374966419643
34026,0.14408071610924952,3__nan,PertCortex_3_AAGGAGCAGACGCAAC,3.8392090472722353
34027,0.2665073411796624,3__nan,PertCortex_3_AAGGAGCCACTAGTAC,3.698874862249908
34028,0.13071508070624566,3__nan,PertCortex_3_AAGGCAGCATGACGGA,4.974849706496025
34029,0.5635893670835995,3__nan,PertCortex_3_AAGGCAGTCTCTGCTG,1.522279588790697
34030,0.1798904587484308,3__nan,PertCortex_3_AAGGTTCGTTCGTGAT,5.050279933480518
34031,0.20078916448628795,3__nan,PertCortex_3_AAGTCTGAGATGTGTA,4.478130732563586
34032,0.14655203526564886,3__nan,PertCortex_3_AAGTCTGCATGAAGTA,4.084226118645832
34033,0.1681251032868131,3__nan,PertCortex_3_AATCCAGAGTTAGCGG,3.644121491331568
34034,0.5585196618023083,3__nan,PertCortex_3_AATCCAGCAGCTCGCA,1.649232963396994
34035,0.1243965181338702,3__nan,PertCortex_3_AATCGGTAGACTAAGT,4.4568189412278265
34036,0.08039234217899024,3__nan,PertCortex_3_AATCGGTTCTTGCAAG,3.446784440726798
34037,0.3278443608152453,3__nan,PertCortex_3_ACACCAAGTTGGACCC,2.1626026792071844
34038,0.23559914806071172,3__nan,PertCortex_3_ACACCCTAGGACACCA,3.031227402996637
34039,0.07391163460090285,3__nan,PertCortex_3_ACACCGGCAAGCGAGT,3.903558018179354
34040,0.19347776818665233,3__nan,PertCortex_3_ACACCGGGTACAAGTA,4.301004736140347
34041,0.09778478326618013,3__nan,PertCortex_3_ACACCGGGTAGCGTGA,3.5783141943071834
34042,0.1370957630952848,3__nan,PertCortex_3_ACACCGGGTCTGCCAG,3.4047819414891256
34043,0.5603908777838511,3__nan,PertCortex_3_ACACTGAAGAGTACAT,1.8773098591512962
34044,0.2789104103919368,3__nan,PertCortex_3_ACACTGAGTAAACGCG,2.466825735059767
34045,0.37400504100368087,3__nan,PertCortex_3_ACACTGAGTTTGGCGC,1.80269734997777
34046,0.09225495511292336,3__nan,PertCortex_3_ACACTGATCTACCTGC,3.821842575968775
34047,0.3023251213881884,3__nan,PertCortex_3_ACAGCTACAAGCCGCT,2.3416002818076214
34048,0.1310248306774098,3__nan,PertCortex_3_ACAGCTACACAGACAG,3.963910227002197
34049,0.33543343108264256,3__nan,PertCortex_3_ACAGCTACATATGGTC,2.1541630312129216
34050,0.2799304594066163,3__nan,PertCortex_3_ACAGCTAGTTAAGAAC,2.9906987595991708
34051,0.07427272222260631,3__nan,PertCortex_3_ACATACGGTTACCAGT,4.319693436452245
34052,0.597505949156751,3__nan,PertCortex_3_ACATACGTCGAATGGG,2.0252777538735933
34053,0.0865459279116362,3__nan,PertCortex_3_ACATGGTAGTTAGCGG,3.5292081749055804
34054,0.19476108815317453,3__nan,PertCortex_3_ACATGGTCACGTAAGG,4.247196640949739
34055,0.05759777251512443,3__nan,PertCortex_3_ACATGGTTCGGCCGAT,3.230494485740385
34056,0.20544768676365222,3__nan,PertCortex_3_ACATGGTTCTTGAGGT,3.637886515030572
34057,0.05507130203078218,3__nan,PertCortex_3_ACCAGTACATGCCTTC,3.3817004895494436
34058,0.17666920572934383,3__nan,PertCortex_3_ACCTTTATCCTCTAGC,4.13903554537923
34059,0.14380370887380764,3__nan,PertCortex_3_ACCTTTATCGCACTCT,3.437544724314662
34060,0.14276479628659938,3__nan,PertCortex_3_ACGAGCCGTAACGACG,3.8588889090915988
34061,0.15331883440635094,3__nan,PertCortex_3_ACGAGCCGTTACGGAG,4.507492864662015
34062,0.13376781388192702,3__nan,PertCortex_3_ACGAGGACAACGATGG,4.074918693448855
34063,0.11211894209754544,3__nan,PertCortex_3_ACGAGGACAACTTGAC,4.431102627212462
34064,0.3156816382847578,3__nan,PertCortex_3_ACGAGGAGTTGTGGAG,1.88149878392075
34065,0.17027707667882871,3__nan,PertCortex_3_ACGAGGATCAACGGGA,4.6256164804286435
34066,0.13273561616741664,3__nan,PertCortex_3_ACGATGTAGGAATCGC,4.856441450057206
34067,0.5124617793587717,3__nan,PertCortex_3_ACGATGTAGGTTCCTA,1.7432124451285285
34068,0.13798294665923014,3__nan,PertCortex_3_ACGCAGCAGAGGGCTT,3.906098215629459
34069,0.12556974535941728,3__nan,PertCortex_3_ACGCAGCGTGCTTCTC,2.563096468777878
34070,0.18354734153905122,3__nan,PertCortex_3_ACGCAGCTCGTACCGG,3.290645475028283
34071,0.22408965610652495,3__nan,PertCortex_3_ACGCCAGCACAAGCCC,3.8921911399096296
34072,0.2125546997008101,3__nan,PertCortex_3_ACGCCAGCACGTGAGA,2.3899988273498667
34073,0.16141334369084148,3__nan,PertCortex_3_ACGCCAGTCTCGTTTA,3.8053923202644544
34074,0.14044079813110139,3__nan,PertCortex_3_ACGCCGAAGCTACCTA,4.114456267215399
34075,0.15496960074509628,3__nan,PertCortex_3_ACGCCGAGTCGAAAGC,4.952568134423565
34076,0.22293497247388133,3__nan,PertCortex_3_ACGGAGATCTCGATGA,4.378852054949925
34077,0.17652604612125092,3__nan,PertCortex_3_ACGGCCAGTGACTACT,5.106677185956727
34078,0.3166003690112207,3__nan,PertCortex_3_ACGGCCAGTTGACGTT,1.848974407582717
34079,0.09394766403560027,3__nan,PertCortex_3_ACGGCCATCTCACATT,4.156947980403039
34080,0.0786252521831991,3__nan,PertCortex_3_ACGGGCTCATGTCTCC,2.8405050479213303
34081,0.3065603191221558,3__nan,PertCortex_3_ACGGGTCAGGTGCAAC,3.1750131626793645
34082,0.1170406551998517,3__nan,PertCortex_3_ACGGGTCAGTGGTAAT,3.480381552936279
34083,0.08730237311181974,3__nan,PertCortex_3_ACGGGTCGTACATCCA,4.646852179976973
34084,0.11070458590857707,3__nan,PertCortex_3_ACGGGTCTCAACACTG,4.910508408348349
34085,0.462465595994282,3__nan,PertCortex_3_ACGTCAAAGTGTACTC,1.807878281455273
34086,0.0718288766363025,3__nan,PertCortex_3_ACGTCAACAGTATAAG,1.8944489082267537
34087,0.19298998245242976,3__nan,PertCortex_3_ACGTCAAGTACGAAAT,3.8573576690792946
34088,0.11700109151577397,3__nan,PertCortex_3_ACTATCTAGAGCTGGT,4.129499832485235
34089,0.16535657809906049,3__nan,PertCortex_3_ACTATCTGTCTGCAAT,4.387789949411157
34090,0.16947592815406934,3__nan,PertCortex_3_ACTATCTGTTAGATGA,3.708773991969284
34091,0.2564613726636678,3__nan,PertCortex_3_ACTGAACTCACGACTA,2.9771216836579626
34092,0.15201338566849618,3__nan,PertCortex_3_ACTGAACTCCTGCAGG,3.567937919292734
34093,0.16766804049680933,3__nan,PertCortex_3_ACTGAGTAGCGATCCC,4.578054141189792
34094,0.39212933159658336,3__nan,PertCortex_3_ACTGAGTAGCTTCGCG,1.9857367074426036
34095,0.07558097723661819,3__nan,PertCortex_3_ACTGAGTCAATCTGCA,3.586395486792939
34096,0.16637187015976523,3__nan,PertCortex_3_ACTGCTCAGCACAGGT,4.115651663379688
34097,0.18163878331974245,3__nan,PertCortex_3_ACTGCTCGTACTCGCG,3.228654159035664
34098,0.02551038537646769,3__nan,PertCortex_3_ACTGTCCAGTATCGAA,4.0390280920493
34099,0.1225564454235965,3__nan,PertCortex_3_ACTTACTAGCCGTCGT,4.272758793616151
34100,0.2015380334348311,3__nan,PertCortex_3_ACTTTCACAATAAGCA,3.6632756861242446
34101,0.21826495775723578,3__nan,PertCortex_3_ACTTTCACACCAACCG,4.290360630930939
34102,0.1439587694566665,3__nan,PertCortex_3_ACTTTCACAGGATCGA,4.325561691505893
34103,0.5416935193402364,3__nan,PertCortex_3_AGAATAGCAGATCTGT,1.8025706092132787
34104,0.1219215391400457,3__nan,PertCortex_3_AGAATAGTCAATACCG,3.9031089391523515
34105,0.15021257039884903,3__nan,PertCortex_3_AGACGTTCAGTATCTG,3.801976876514234
34106,0.1645314451844946,3__nan,PertCortex_3_AGACGTTCATAAAGGT,3.706179214022165
34107,0.17860045983649958,3__nan,PertCortex_3_AGACGTTGTTTGACTG,2.78560366928722
34108,0.2069065357730525,3__nan,PertCortex_3_AGAGCGATCAAAGTAG,3.7686375875223486
34109,0.22404258399381413,3__nan,PertCortex_3_AGAGCTTAGATAGCAT,5.010299881293989
34110,0.1893330958225141,3__nan,PertCortex_3_AGAGCTTTCTCATTCA,3.4373501596397364
34111,0.17178456758331143,3__nan,PertCortex_3_AGAGTGGGTCAGTGGA,4.880936654044449
34112,0.2547065415421528,3__nan,PertCortex_3_AGATCTGAGTGTTTGC,3.5748228619222293
34113,0.16070759614522906,3__nan,PertCortex_3_AGATCTGCAGGAATCG,4.885143103017038
34114,0.20704251196556656,3__nan,PertCortex_3_AGATTGCAGCTGAACG,4.703760685937467
34115,0.098284838481858,3__nan,PertCortex_3_AGATTGCCAGTGACAG,5.069459853416312
34116,0.10070968175016978,3__nan,PertCortex_3_AGATTGCGTCACTGGC,3.879571040209592
34117,0.13380157678721483,3__nan,PertCortex_3_AGATTGCTCTGCGACG,3.3113370221849854
34118,0.12546762907066308,3__nan,PertCortex_3_AGCAGCCCATGACATC,3.99330594621807
34119,0.13555980463155834,3__nan,PertCortex_3_AGCAGCCGTTGTTTGG,4.513398910697467
34120,0.11557756002859798,3__nan,PertCortex_3_AGCATACCACACCGCA,4.257310698763802
34121,0.06911430911111954,3__nan,PertCortex_3_AGCATACTCCATTCTA,2.2124101223714177
34122,0.06593256602245223,3__nan,PertCortex_3_AGCCTAAAGACCTAGG,3.8267620493444747
34123,0.1333358404196205,3__nan,PertCortex_3_AGCCTAAAGCTCTCGG,3.880708648466393
34124,0.205198451891496,3__nan,PertCortex_3_AGCCTAACAGCTTAAC,3.392876756875487
34125,0.1870733077337401,3__nan,PertCortex_3_AGCCTAAGTATCAGTC,3.7067644108771485
34126,0.2174518128176105,3__nan,PertCortex_3_AGCCTAATCCTTTCGG,5.190045108723102
34127,0.19227341606237316,3__nan,PertCortex_3_AGCGGTCAGAATTCCC,3.8069632024369584
34128,0.211725804738264,3__nan,PertCortex_3_AGCGGTCCACGAAATA,3.264001088949951
34129,0.15660587271403584,3__nan,PertCortex_3_AGCGGTCCAGTTCATG,2.694554230670918
34130,0.10549053577765728,3__nan,PertCortex_3_AGCGTATAGCAATATG,4.732226151138056
34131,0.10576700309715588,3__nan,PertCortex_3_AGCGTATCACTGTGTA,4.478441916177389
34132,0.18682180880838825,3__nan,PertCortex_3_AGCGTCGCACTTAAGC,3.5636135428416273
34133,0.619695032743556,3__nan,PertCortex_3_AGCGTCGGTCATCCCT,1.284235795839321
34134,0.7301327550055944,3__nan,PertCortex_3_AGCGTCGGTTCGCGAC,1.304596168610507
34135,0.0747705332051043,3__nan,PertCortex_3_AGCGTCGTCTTGTACT,3.382696156046185
34136,0.18020787979911584,3__nan,PertCortex_3_AGCTCCTCAAATCCGT,4.044368089780129
34137,0.13675223839022663,3__nan,PertCortex_3_AGCTCCTTCACTCCTG,4.626310279453179
34138,0.6347564514987467,3__nan,PertCortex_3_AGCTCCTTCGTGGTCG,1.362765893371428
34139,0.1862905463269337,3__nan,PertCortex_3_AGCTCTCAGAAGGTTT,3.615274597218173
34140,0.43640754706054663,3__nan,PertCortex_3_AGCTTGAAGTCTTGCA,1.8140128121463968
34141,0.22885249842991867,3__nan,PertCortex_3_AGCTTGACACGAAGCA,4.338484566836122
34142,0.1297980859682984,3__nan,PertCortex_3_AGCTTGAGTTCCATGA,3.3856264060727215
34143,0.12990206245472485,3__nan,PertCortex_3_AGCTTGATCGGCATCG,3.5666086789361833
34144,0.1672700776457905,3__nan,PertCortex_3_AGGCCACAGAGACTAT,4.886444761831435
34145,0.6261117822955762,3__nan,PertCortex_3_AGGCCACCAAGGACTG,1.3896940022782525
34146,0.08473702541734075,3__nan,PertCortex_3_AGGCCACCACAAGACG,5.496582434980934
34147,0.10613188916742318,3__nan,PertCortex_3_AGGCCACCATTGGGCC,3.063344015653494
34148,0.18961495758339997,3__nan,PertCortex_3_AGGCCACTCACCCGAG,3.6248773563942787
34149,0.5702210617726915,3__nan,PertCortex_3_AGGCCGTCACGCTTTC,1.5646590525150887
34150,0.10271806765484592,3__nan,PertCortex_3_AGGCCGTGTACTTAGC,4.004954876379825
34151,0.13617542436949745,3__nan,PertCortex_3_AGGCCGTTCTATCCCG,4.1535466914485735
34152,0.4593858865752981,3__nan,PertCortex_3_AGGGAGTCATGACGGA,1.9102583826315953
34153,0.5849207228232237,3__nan,PertCortex_3_AGGGAGTTCAGAGACG,1.5154777007438767
34154,0.0762605499919331,3__nan,PertCortex_3_AGGGATGAGACAAGCC,4.054502219678644
34155,0.4524188062556694,3__nan,PertCortex_3_AGGGATGCACAAGACG,2.0263998625227106
34156,0.03869233219585683,3__nan,PertCortex_3_AGGGATGCAGCTATTG,3.0841757180069727
34157,0.1313500341669674,3__nan,PertCortex_3_AGGGATGGTGCCTTGG,3.6853787854488655
34158,0.06593396898088508,3__nan,PertCortex_3_AGGGTGATCTTGAGGT,3.264953655522689
34159,0.59488751615968,3__nan,PertCortex_3_AGGTCATAGGTGACCA,1.5296345874358737
34160,0.21310347154508205,3__nan,PertCortex_3_AGGTCATCAATGGATA,3.064276211491733
34161,0.23057040262448766,3__nan,PertCortex_3_AGGTCATTCAGAAATG,3.5924996366172772
34162,0.17218830555268078,3__nan,PertCortex_3_AGTAGTCGTAGCCTCG,2.148730325568512
34163,0.11564695666039446,3__nan,PertCortex_3_AGTAGTCGTTATCCGA,3.933464193136853
34164,0.10273444494740223,3__nan,PertCortex_3_AGTCTTTCACGGTAGA,4.582073436838118
34165,0.4206818168211814,3__nan,PertCortex_3_AGTGAGGGTCTTCGTC,1.6463011960260059
34166,0.18889170716220904,3__nan,PertCortex_3_AGTGGGACATCACCCT,2.973222195266059
34167,0.20813259879122015,3__nan,PertCortex_3_AGTGGGACATGCCACG,4.923887938854833
34168,0.2584321067562919,3__nan,PertCortex_3_AGTGTCAAGGTTCCTA,3.0886231371399404
34169,0.11966934685251403,3__nan,PertCortex_3_AGTTGGTAGTGACATA,4.49839083591799
34170,0.5321253954617599,3__nan,PertCortex_3_AGTTGGTAGTGGAGTC,1.6924461060021698
34171,0.11647207958776437,3__nan,PertCortex_3_AGTTGGTCATACGCCG,4.452002663123419
34172,0.07806512370650197,3__nan,PertCortex_3_AGTTGGTGTTATGCGT,4.154592011981238
34173,0.11256149152835997,3__nan,PertCortex_3_ATAACGCCACATGTGT,3.6965128030841554
34174,0.13697501031388062,3__nan,PertCortex_3_ATAACGCGTGTCCTCT,4.279728354391888
34175,0.230647030960729,3__nan,PertCortex_3_ATAACGCTCTCGTATT,4.577803837457456
34176,0.09155544330355057,3__nan,PertCortex_3_ATAAGAGCACCAGGTC,3.8901038580603755
34177,0.3257309810015349,3__nan,PertCortex_3_ATAAGAGGTATCGCAT,2.210815754117326
34178,0.06158084544317055,3__nan,PertCortex_3_ATAAGAGTCACATGCA,3.3132229754575038
34179,0.2095564274250839,3__nan,PertCortex_3_ATAAGAGTCTGCGGCA,4.006934756828382
34180,0.14556158623971438,3__nan,PertCortex_3_ATCACGACACATGTGT,4.3181678312523575
34181,0.10707167133040774,3__nan,PertCortex_3_ATCACGACACTACAGT,4.356407225600572
34182,0.2307660996883935,3__nan,PertCortex_3_ATCACGACATCGATTG,4.257967955934131
34183,0.26154885881610784,3__nan,PertCortex_3_ATCACGATCAAAGACA,2.6611946212057527
34184,0.20043094458792735,3__nan,PertCortex_3_ATCATCTCACGCGAAA,3.1212082425319054
34185,0.472492062566972,3__nan,PertCortex_3_ATCATCTCACGTCTCT,1.9564557275283085
34186,0.13421058076914635,3__nan,PertCortex_3_ATCATGGAGATAGGAG,4.140432588733273
34187,0.2968560696016292,3__nan,PertCortex_3_ATCATGGAGCAGATCG,1.9710270330608768
34188,0.24560885903446844,3__nan,PertCortex_3_ATCATGGCATTGAGCT,2.302283147316508
34189,0.18068890732410978,3__nan,PertCortex_3_ATCATGGGTCTCAACA,4.282089768709872
34190,0.34888696635298644,3__nan,PertCortex_3_ATCCACCCATAAGACA,1.9874240706111237
34191,0.23667208997378208,3__nan,PertCortex_3_ATCCACCCATCGGTTA,2.405211849822461
34192,0.4675201979088018,3__nan,PertCortex_3_ATCCACCGTCCGTGAC,1.9884352518194712
34193,0.10872916359128469,3__nan,PertCortex_3_ATCCACCTCTCGCTTG,4.0585588369713035
34194,0.13691040524407522,3__nan,PertCortex_3_ATCCGAATCGCCAGCA,3.8683108185646446
34195,0.1309567877996587,3__nan,PertCortex_3_ATCGAGTCACATCCGG,2.6936969078787873
34196,0.243489652452656,3__nan,PertCortex_3_ATGCGATTCGTCCAGG,3.1548733943109357
34197,0.25679590088938165,3__nan,PertCortex_3_ATGGGAGCAAGTCTGT,2.2115584094555416
34198,0.14184236752305832,3__nan,PertCortex_3_ATGGGAGTCAGGATCT,3.7629726778442
34199,0.620071408533281,3__nan,PertCortex_3_ATGGGAGTCTTCATGT,1.434372326918331
34200,0.5689731566852341,3__nan,PertCortex_3_ATGTGTGAGATCCCGC,1.441127489261565
34201,0.5066992550345469,3__nan,PertCortex_3_ATGTGTGCAACTGCTA,1.6150787446394599
34202,0.10594957101111263,3__nan,PertCortex_3_ATGTGTGGTTAGGGTG,3.74986026557321
34203,0.6607063271481348,3__nan,PertCortex_3_ATGTGTGTCGGCATCG,1.2893095743604817
34204,0.07082811314584758,3__nan,PertCortex_3_ATTACTCAGAAACCTA,3.526510848982124
34205,0.13164211793798344,3__nan,PertCortex_3_ATTACTCCAATTGCTG,3.566891927899997
34206,0.2205836303128071,3__nan,PertCortex_3_ATTACTCCATTGAGCT,3.9270587272704387
34207,0.2446284835429594,3__nan,PertCortex_3_ATTATCCAGAGCTTCT,3.7886277055615194
34208,0.2706384939617171,3__nan,PertCortex_3_ATTATCCCAGGACGTA,2.6817512078404264
34209,0.5634257954385784,3__nan,PertCortex_3_ATTCTACAGCACAGGT,1.7113345841082341
34210,0.1608418070133244,3__nan,PertCortex_3_ATTCTACCAGGGATTG,2.564214796496636
34211,0.5597201622236198,3__nan,PertCortex_3_ATTGGACGTGACAAAT,2.3905461304292053
34212,0.1073750762247693,3__nan,PertCortex_3_ATTGGACTCGGAGCAA,3.5042715657923633
34213,0.10401051831487566,3__nan,PertCortex_3_ATTGGACTCTGCTGTC,4.342466207177178
34214,0.1857521321031104,3__nan,PertCortex_3_ATTGGACTCTGTGCAA,4.86572934502992
34215,0.5649634044498293,3__nan,PertCortex_3_ATTGGTGAGTATTGGA,1.4786916169235715
34216,0.6046653723857235,3__nan,PertCortex_3_ATTTCTGTCCGCGCAA,2.133471818357177
34217,0.13385350047421704,3__nan,PertCortex_3_CAACCAACAATGGATA,4.504323302017068
34218,0.2549507949558612,3__nan,PertCortex_3_CAACCTCCACCATCCT,2.9179601728400777
34219,0.2650710373094936,3__nan,PertCortex_3_CAACTAGCATCGGTTA,3.3383563607153124
34220,0.5527917121951804,3__nan,PertCortex_3_CAACTAGTCTTACCGC,1.7208143178168216
34221,0.48575571600209055,3__nan,PertCortex_3_CAAGAAAAGGTGCTTT,2.117817934590249
34222,0.13961038074852672,3__nan,PertCortex_3_CAAGAAAAGTGCCAGA,3.3731419896819026
34223,0.16379862186130173,3__nan,PertCortex_3_CAAGATCAGCTGCAAG,3.966195335647179
34224,0.14162051612374424,3__nan,PertCortex_3_CAAGATCCAAGGTTTC,4.884244946866715
34225,0.13349867950947295,3__nan,PertCortex_3_CAAGATCGTGAGGGTT,3.612592421750652
34226,0.3853736687978788,3__nan,PertCortex_3_CAAGGCCAGGTAAACT,2.1637809013710085
34227,0.08110792258317889,3__nan,PertCortex_3_CAAGTTGCACAGCCCA,2.124635994559136
34228,0.14883200432481433,3__nan,PertCortex_3_CAAGTTGCAGCGTTCG,4.273631340239379
34229,0.6428457678433528,3__nan,PertCortex_3_CACACAAAGATAGCAT,1.4472823000609587
34230,0.33866967365766804,3__nan,PertCortex_3_CACACAAAGGAGTCTG,1.8654280514773962
34231,0.1682508617891879,3__nan,PertCortex_3_CACACAACATAAAGGT,5.220145398892173
34232,0.1260893276958109,3__nan,PertCortex_3_CACACAAGTACCTACA,2.8809329465818165
34233,0.12741321688781934,3__nan,PertCortex_3_CACACCTTCAAAGACA,3.7794698015423807
34234,0.16633908890118218,3__nan,PertCortex_3_CACACTCCATGTAAGA,4.40240413428102
34235,0.1915704413984904,3__nan,PertCortex_3_CACACTCTCCTGTACC,4.837460073070253
34236,0.22402037264497993,3__nan,PertCortex_3_CACAGGCTCAACACCA,4.9910367658554735
34237,0.09295666778245137,3__nan,PertCortex_3_CACAGGCTCTCTGTCG,4.008276328048764
34238,0.14433019196872038,3__nan,PertCortex_3_CACAGTAAGAACTGTA,4.984954070838789
34239,0.21239701768693678,3__nan,PertCortex_3_CACAGTAAGATCCCGC,1.5626239005973726
34240,0.14866499898855462,3__nan,PertCortex_3_CACAGTAAGTCCCACG,4.68552288047638
34241,0.15318863634799382,3__nan,PertCortex_3_CACAGTAGTTCCCTTG,2.8531688514067044
34242,0.4071648680551975,3__nan,PertCortex_3_CACAGTATCAGCTCGG,2.292187436913962
34243,0.1876305086431269,3__nan,PertCortex_3_CACATAGAGTCCCACG,3.0910603135723296
34244,0.16038424852182015,3__nan,PertCortex_3_CACATAGAGTTGAGTA,2.8516984904864877
34245,0.10018974597112702,3__nan,PertCortex_3_CACATAGCATAGTAAG,4.818862736983188
34246,0.2583769984630177,3__nan,PertCortex_3_CACATAGTCATTCACT,3.1859819726707856
34247,0.04180402310316835,3__nan,PertCortex_3_CACATTTCACACTGCG,3.862603650815221
34248,0.21875946259610513,3__nan,PertCortex_3_CACATTTCATGCCACG,3.6022917667998864
34249,0.20580781788012512,3__nan,PertCortex_3_CACATTTGTTATGTGC,4.143771757237813
34250,0.15705231925007984,3__nan,PertCortex_3_CACATTTGTTGAGTTC,4.071117580978696
34251,0.09405508772753134,3__nan,PertCortex_3_CACCACTCAGTTTACG,3.9064567684704787
34252,0.0955139823640461,3__nan,PertCortex_3_CACCAGGGTAAAGTCA,5.614221708717172
34253,0.5573166999175019,3__nan,PertCortex_3_CACCAGGTCGGTGTTA,1.6299108044993313
34254,0.20642245792769554,3__nan,PertCortex_3_CACCTTGTCGCGTTTC,2.146622802449806
34255,0.06642142151045442,3__nan,PertCortex_3_CACTCCACACTGTCGG,3.6065750429664893
34256,0.25864801838952856,3__nan,PertCortex_3_CACTCCAGTCTCCACT,4.869297886818682
34257,0.26962316597485814,3__nan,PertCortex_3_CACTCCAGTGTTTGTG,3.5470944603456105
34258,0.1545448221486085,3__nan,PertCortex_3_CACTCCATCCGCAGTG,3.4432051985848067
34259,0.07029399795832986,3__nan,PertCortex_3_CAGAATCCAGGTGCCT,4.353365256739595
34260,0.3886032412046775,3__nan,PertCortex_3_CAGAATCGTCTCTTTA,3.783938489961782
34261,0.5769502407111469,3__nan,PertCortex_3_CAGAGAGGTATCTGCA,1.5896405443588575
34262,0.17345906032934671,3__nan,PertCortex_3_CAGATCACAATAACGA,3.0641226102189285
34263,0.2463440846873967,3__nan,PertCortex_3_CAGATCAGTGACAAAT,4.5391082366911695
34264,0.11091009902202899,3__nan,PertCortex_3_CAGCAGCCACCCTATC,3.8247118641404034
34265,0.047378283837241554,3__nan,PertCortex_3_CAGCCGAAGATGGGTC,3.65239609699696
34266,0.15795089736062706,3__nan,PertCortex_3_CAGCCGAAGCCTATGT,3.6762307671201486
34267,0.4097214814047453,3__nan,PertCortex_3_CAGCCGACATTGAGCT,2.183168092743058
34268,0.0975043068155166,3__nan,PertCortex_3_CAGCGACCACAGACAG,4.862402870585218
34269,0.12869709440252605,3__nan,PertCortex_3_CAGCGACCATGTAAGA,2.3773553707536665
34270,0.5430381979785797,3__nan,PertCortex_3_CAGGTGCAGGGCTCTC,1.6750616354455965
34271,0.15188288686425422,3__nan,PertCortex_3_CAGGTGCGTCCCGACA,2.758871241358107
34272,0.23498077619923155,3__nan,PertCortex_3_CAGTAACAGCCAACAG,2.3378492408897
34273,0.3001524655003375,3__nan,PertCortex_3_CAGTAACCATTAACCG,2.37108933783634
34274,0.2560638061719805,3__nan,PertCortex_3_CAGTAACGTGGCCCTA,3.218884508882535
34275,0.14446260383798887,3__nan,PertCortex_3_CAGTCCTGTCGAGATG,3.4635506038421076
34276,0.2350306897398019,3__nan,PertCortex_3_CAGTCCTTCATTCACT,3.570702580984255
34277,0.0994877697178259,3__nan,PertCortex_3_CATATTCTCGACCAGC,4.03172591392631
34278,0.08719883510407826,3__nan,PertCortex_3_CATCAAGCATGTCTCC,3.6288432650173053
34279,0.24100921410886392,3__nan,PertCortex_3_CATCAAGGTGACGGTA,2.0846270248255614
34280,0.2376998710107621,3__nan,PertCortex_3_CATCAAGGTTGGTAAA,3.1007058545924946
34281,0.036017728695375464,3__nan,PertCortex_3_CATCCACCAAGCGTAG,4.060458494447254
34282,0.13899965148019858,3__nan,PertCortex_3_CATCCACTCCCATTAT,4.3566800559578365
34283,0.12909920105906555,3__nan,PertCortex_3_CATGACAAGATCCGAG,4.867767778466185
34284,0.18142196931183277,3__nan,PertCortex_3_CATGACAAGCCACGTC,3.853368471526994
34285,0.10471860947783249,3__nan,PertCortex_3_CATGCCTCAGCCTTTC,5.058028171117193
34286,0.2776795372602213,3__nan,PertCortex_3_CATGCCTGTATAGTAG,3.270218885878707
34287,0.22250677797349344,3__nan,PertCortex_3_CATGCCTGTGAGGGTT,3.451021990585111
34288,0.14201172406736598,3__nan,PertCortex_3_CATGGCGAGCCCTAAT,1.968319497904753
34289,0.10337348622200175,3__nan,PertCortex_3_CATGGCGCAAACGTGG,2.8336893703347044
34290,0.10162891010490029,3__nan,PertCortex_3_CATGGCGCAGCTTCGG,4.24761183074261
34291,0.609014782475395,3__nan,PertCortex_3_CATGGCGCATTGGCGC,1.403375957304131
34292,0.13868631777761337,3__nan,PertCortex_3_CATTCGCAGACCTAGG,3.717426611740602
34293,0.21109809769381307,3__nan,PertCortex_3_CATTCGCAGGGTTCCC,3.5009284662219216
34294,0.07901936996890391,3__nan,PertCortex_3_CATTCGCAGTACGCGA,4.19614854041924
34295,0.10736673135180008,3__nan,PertCortex_3_CATTCGCCAGATGAGC,4.379496331629491
34296,0.32331359814177807,3__nan,PertCortex_3_CCAATCCTCACTCCTG,2.1167591782639206
34297,0.10913049095919765,3__nan,PertCortex_3_CCAATCCTCTAGAGTC,4.031248560301796
34298,0.22371603793635228,3__nan,PertCortex_3_CCACCTACAGACTCGC,3.824599201134134
34299,0.1467713450492936,3__nan,PertCortex_3_CCACCTATCGTATCAG,4.359794214953519
34300,0.12971827635841496,3__nan,PertCortex_3_CCACGGAAGACTCGGA,3.6931979727488815
34301,0.34445080778838394,3__nan,PertCortex_3_CCACTACCAACACGCC,1.9920646769527302
34302,0.1206787532386778,3__nan,PertCortex_3_CCAGCGAAGGCAGGTT,5.31750280765368
34303,0.07629040904267756,3__nan,PertCortex_3_CCAGCGAAGGCGTACA,4.389331093854988
34304,0.14539818868520352,3__nan,PertCortex_3_CCAGCGAGTAGCGATG,4.536999626370494
34305,0.16644006357413732,3__nan,PertCortex_3_CCATGTCAGGGAGTAA,4.031107091430882
34306,0.21390053537998047,3__nan,PertCortex_3_CCATTCGCAGGTCTCG,3.8220331954065414
34307,0.32162519302575543,3__nan,PertCortex_3_CCATTCGCAGTAGAGC,2.1146106052049647
34308,0.24443706613592894,3__nan,PertCortex_3_CCATTCGTCACATAGC,3.4811260967621225
34309,0.5380212504786153,3__nan,PertCortex_3_CCCAGTTCACCAGGTC,1.7261027134293274
34310,0.2061529180185006,3__nan,PertCortex_3_CCCAGTTTCAGCGATT,3.6372959246939107
34311,0.1143720100429759,3__nan,PertCortex_3_CCCATACTCTCGTATT,4.787059279510274
34312,0.44449681272912955,3__nan,PertCortex_3_CCCTCCTAGTCACGCC,1.9775817101644606
34313,0.32650048697756834,3__nan,PertCortex_3_CCGGGATGTATGCTTG,2.262975294816413
34314,0.15472313830005038,3__nan,PertCortex_3_CCGGTAGCAGTCAGCC,3.095125975383184
34315,0.6197999609521185,3__nan,PertCortex_3_CCGTGGAAGGAGCGTT,1.4927460853435193
34316,0.21201253141260493,3__nan,PertCortex_3_CCGTGGAGTCTCACCT,3.456812516869934
34317,0.2227173009455709,3__nan,PertCortex_3_CCGTGGATCCAGATCA,3.717331279139162
34318,0.22500963817128475,3__nan,PertCortex_3_CCGTGGATCGTCGTTC,3.493928894977905
34319,0.5903938869866774,3__nan,PertCortex_3_CCGTTCAAGATTACCC,2.1161511760976253
34320,0.05437483865291067,3__nan,PertCortex_3_CCGTTCAAGTCCTCCT,3.625386876671964
34321,0.11982525506747733,3__nan,PertCortex_3_CCGTTCACAACCGCCA,3.8330473299137267
34322,0.06918831864165395,3__nan,PertCortex_3_CCGTTCACAAGCCGCT,4.276149836525231
34323,0.47595665393657705,3__nan,PertCortex_3_CCGTTCAGTAGCTCCG,1.9248875716426614
34324,0.3606749860144769,3__nan,PertCortex_3_CCGTTCAGTCTCAACA,1.7042787549325475
34325,0.4249031390535994,3__nan,PertCortex_3_CCTACACAGGCATGTG,1.9786620068926832
34326,0.044181356913743364,3__nan,PertCortex_3_CCTACACGTCCCGACA,4.49247211429535
34327,0.05807982864678682,3__nan,PertCortex_3_CCTACACGTCCGCTGA,4.209096042861516
34328,0.09650208155986087,3__nan,PertCortex_3_CCTACCACAGATCCAT,3.9768423991429267
34329,0.289863644538833,3__nan,PertCortex_3_CCTACCATCACATACG,3.4467399453440097
34330,0.6095446533811029,3__nan,PertCortex_3_CCTACCATCATTGCGA,1.6835907264334917
34331,0.23200641296554878,3__nan,PertCortex_3_CCTAGCTAGCCACGTC,3.404781134394879
34332,0.2656204419245789,3__nan,PertCortex_3_CCTAGCTAGTGATCGG,3.379348680581232
34333,0.32354386948883795,3__nan,PertCortex_3_CCTAGCTCACAGGTTT,2.4223693747439055
34334,0.08570896831240161,3__nan,PertCortex_3_CCTAGCTCACGTCAGC,4.1466815162463915
34335,0.11324240471260226,3__nan,PertCortex_3_CCTAGCTCACTGAAGG,3.4619730690692267
34336,0.24816497653961178,3__nan,PertCortex_3_CCTAGCTTCGTCTGAA,3.4282301925872356
34337,0.2037189520393215,3__nan,PertCortex_3_CCTATTACACGGTGTC,4.887930397790446
34338,0.1364843241061389,3__nan,PertCortex_3_CCTCAGTAGGCAAAGA,4.644817230097606
34339,0.12146115332115925,3__nan,PertCortex_3_CCTCAGTTCCTCCTAG,4.282701258523108
34340,0.16244792205972697,3__nan,PertCortex_3_CCTCTGAAGACCTTTG,3.8736181404901555
34341,0.1043709499719956,3__nan,PertCortex_3_CCTCTGATCAACACGT,4.885850278231424
34342,0.19971989391853673,3__nan,PertCortex_3_CCTTACGAGGCCCTCA,3.5020404787658417
34343,0.5072041168273351,3__nan,PertCortex_3_CCTTACGGTGTGACCC,1.8806473320969517
34344,0.5981705816543953,3__nan,PertCortex_3_CCTTACGTCGTGGACC,2.120148638818704
34345,0.10760427411726278,3__nan,PertCortex_3_CCTTACGTCTGAGTGT,4.964904927583742
34346,0.49006324344570706,3__nan,PertCortex_3_CCTTCCCTCTTCTGGC,1.8616734853286527
34347,0.19016908559611365,3__nan,PertCortex_3_CCTTCGAAGCGATAGC,2.2348829718848764
34348,0.23532894395274415,3__nan,PertCortex_3_CCTTCGACACCGCTAG,3.7204430659975776
34349,0.10876030953810284,3__nan,PertCortex_3_CCTTCGACATGCATGT,3.7279089976965283
34350,0.2523207532747709,3__nan,PertCortex_3_CCTTTCTGTTCTGTTT,3.578855955868811
34351,0.05677516901848218,3__nan,PertCortex_3_CGAACATAGATCCCGC,4.358904681831763
34352,0.10239732806656943,3__nan,PertCortex_3_CGAACATCAATGAAAC,4.265582680199549
34353,0.19014269926520816,3__nan,PertCortex_3_CGAACATTCTTGAGAC,3.538377717801136
34354,0.1067058739614597,3__nan,PertCortex_3_CGAATGTCACACATGT,4.118855309348978
34355,0.2023799495978267,3__nan,PertCortex_3_CGAATGTCATTCACTT,4.063098745756952
34356,0.23308262298667354,3__nan,PertCortex_3_CGAATGTTCGGCCGAT,2.984846047867272
34357,0.47548077969688435,3__nan,PertCortex_3_CGACCTTCAAGTAATG,1.6148072208282
34358,0.513798206606143,3__nan,PertCortex_3_CGACCTTTCCGCATCT,1.7381290933517595
34359,0.22705347478753446,3__nan,PertCortex_3_CGAGCACAGCTGCAAG,2.1190491703944017
34360,0.44577194880026416,3__nan,PertCortex_3_CGAGCACCAAACTGTC,2.09498118408691
34361,0.3925750988923232,3__nan,PertCortex_3_CGAGCCACATGCTGGC,2.114857348997216
34362,0.49824803756563657,3__nan,PertCortex_3_CGAGCCAGTATAAACG,1.989182766833131
34363,0.2507621111145406,3__nan,PertCortex_3_CGATCGGCATTGAGCT,3.517674704757368
34364,0.35589596256828937,3__nan,PertCortex_3_CGATCGGGTCATTAGC,2.2771666128209342
34365,0.20704482855725123,3__nan,PertCortex_3_CGATGGCCAAGTTCTG,3.9420315559630343
34366,0.23175202047842777,3__nan,PertCortex_3_CGATGGCGTAAATGAC,1.4567409308512125
34367,0.4154690721661631,3__nan,PertCortex_3_CGATGGCGTAGCGATG,2.0566859293165756
34368,0.19684400032888966,3__nan,PertCortex_3_CGATGGCTCCAGTAGT,1.608341317839331
34369,0.13998134470293463,3__nan,PertCortex_3_CGATGTAAGGATGGAA,3.462460122890115
34370,0.22824053152219936,3__nan,PertCortex_3_CGATGTACAGTAACGG,3.6249108868759685
34371,0.15433493095658504,3__nan,PertCortex_3_CGATGTAGTCCATCCT,4.87266727840926
34372,0.08193740089875175,3__nan,PertCortex_3_CGATTGACAGCATGAG,4.216015158545718
34373,0.07918056647972768,3__nan,PertCortex_3_CGCCAAGTCTGCGACG,3.941774935323152
34374,0.279802578469478,3__nan,PertCortex_3_CGCCAAGTCTTGTTTG,3.697052196060015
34375,0.5498062971408556,3__nan,PertCortex_3_CGCGGTAAGATGTGGC,2.273598471936448
34376,0.1279417954576212,3__nan,PertCortex_3_CGCGGTAGTTCGTTGA,3.883863754035382
34377,0.06381495904490296,3__nan,PertCortex_3_CGCGTTTAGATGAGAG,4.768454847010183
34378,0.16795324062373795,3__nan,PertCortex_3_CGCGTTTCATGCCTTC,4.09361267535536
34379,0.22216946382266928,3__nan,PertCortex_3_CGCTATCAGGGAAACA,3.6275614114231516
34380,0.5085646985371012,3__nan,PertCortex_3_CGCTATCCACCCATTC,1.914691665667373
34381,0.11864772813394482,3__nan,PertCortex_3_CGCTATCGTAACGTTC,3.620305540307205
34382,0.4131836986077098,3__nan,PertCortex_3_CGCTATCGTAGGGTAC,2.1997692733242453
34383,0.09290160749595096,3__nan,PertCortex_3_CGCTATCTCGGAAACG,3.11029041141873
34384,0.24068230697360588,3__nan,PertCortex_3_CGCTGGAAGAAGCCCA,4.840035277001782
34385,0.4459669136786712,3__nan,PertCortex_3_CGCTGGACAAGTACCT,2.1563722541743044
34386,0.20514018893617064,3__nan,PertCortex_3_CGCTGGAGTTGTCGCG,3.5690742353004907
34387,0.1200267160884312,3__nan,PertCortex_3_CGCTGGATCCGTAGTA,3.0532128220678816
34388,0.08204004368220894,3__nan,PertCortex_3_CGCTGGATCTGTCAAG,3.642005981961208
34389,0.059714838938343576,3__nan,PertCortex_3_CGGACGTTCGATCCCT,3.142194569999214
34390,0.20145092385128197,3__nan,PertCortex_3_CGGACTGTCACCACCT,3.2332313121365925
34391,0.22133972858406006,3__nan,PertCortex_3_CGGACTGTCCAGAAGG,3.32667050462223
34392,0.3017939637876566,3__nan,PertCortex_3_CGGAGCTCATGAACCT,2.30944957078462
34393,0.06312041935130765,3__nan,PertCortex_3_CGGCTAGCAACGCACC,4.00938825031123
34394,0.5470538530549682,3__nan,PertCortex_3_CGGCTAGTCTCGTTTA,2.3063957803027506
34395,0.14847443939853713,3__nan,PertCortex_3_CGGGTCACAATGCCAT,4.392819221146032
34396,0.1848582528570776,3__nan,PertCortex_3_CGGTTAACACGAAATA,3.6075159839259525
34397,0.11807634212322879,3__nan,PertCortex_3_CGGTTAATCAGTCAGT,3.8079618509866466
34398,0.43386500633628655,3__nan,PertCortex_3_CGGTTAATCCGAGCCA,2.442033653071251
34399,0.5812447322362644,3__nan,PertCortex_3_CGTAGCGAGCCAGGAT,1.5868915833894297
34400,0.21991742136997128,3__nan,PertCortex_3_CGTAGCGAGTATTGGA,3.365889859629886
34401,0.2123486376644196,3__nan,PertCortex_3_CGTAGCGTCACCATAG,3.8479409310789308
34402,0.2817490491470853,3__nan,PertCortex_3_CGTAGCGTCACGCATA,2.369496514846928
34403,0.28591974762779915,3__nan,PertCortex_3_CGTAGCGTCTTGCATT,1.6612041007590088
34404,0.1832282708541476,3__nan,PertCortex_3_CGTAGGCAGCCCGAAA,1.801754037727455
34405,0.5603810789910103,3__nan,PertCortex_3_CGTAGGCTCAAAGTAG,1.717002309665101
34406,0.11177667396221067,3__nan,PertCortex_3_CGTAGGCTCAGTTCGA,3.165476740297913
34407,0.08680623378141007,3__nan,PertCortex_3_CGTCACTAGAGTGAGA,5.010433043562688
34408,0.2766834081001382,3__nan,PertCortex_3_CGTCACTTCGTAGATC,4.058866997268337
34409,0.508954526422732,3__nan,PertCortex_3_CGTCAGGCAACGCACC,1.6794877369271035
34410,0.2423615313864476,3__nan,PertCortex_3_CGTCTACAGGATTCGG,3.559914407347847
34411,0.06726011446835961,3__nan,PertCortex_3_CGTCTACCAATGACCT,3.8519123767467542
34412,0.1097321543455922,3__nan,PertCortex_3_CGTCTACCAATGTTGC,3.9120439813959034
34413,0.23688395913597265,3__nan,PertCortex_3_CGTCTACCACTTCTGC,4.943106868282132
34414,0.14644522962917042,3__nan,PertCortex_3_CGTCTACTCGGATGTT,3.219767512035016
34415,0.2282759537181556,3__nan,PertCortex_3_CGTGAGCAGAAACGCC,2.495728555511885
34416,0.2072959756133275,3__nan,PertCortex_3_CGTGAGCAGCCCTAAT,3.618883040580913
34417,0.49799634224319894,3__nan,PertCortex_3_CGTGAGCAGGGTATCG,2.3355383660425444
34418,0.02034993865109013,3__nan,PertCortex_3_CGTGAGCTCCCTAACC,2.712151445106819
34419,0.13862520926264263,3__nan,PertCortex_3_CGTGTAAAGACCACGA,3.9064962278021684
34420,0.17826344878661132,3__nan,PertCortex_3_CGTGTAACAAGACGTG,2.487645626858053
34421,0.3916150703421955,3__nan,PertCortex_3_CGTGTCTCACGGTGTC,1.2844418086119105
34422,0.34970006491442596,3__nan,PertCortex_3_CGTGTCTTCATATCGG,1.9009386459826965
34423,0.4466801621352466,3__nan,PertCortex_3_CGTTAGACAATGGTCT,2.6814754070928055
34424,0.6009780768371121,3__nan,PertCortex_3_CGTTAGACACTGAAGG,1.5974494876399288
34425,0.5901719502906002,3__nan,PertCortex_3_CGTTAGAGTTATTCTC,1.537718936361189
34426,0.13023529983582416,3__nan,PertCortex_3_CGTTAGATCCTTAATC,4.638110865991952
34427,0.1805089924534864,3__nan,PertCortex_3_CGTTCTGAGTTGTAGA,3.5501981339076054
34428,0.08784978121525158,3__nan,PertCortex_3_CGTTGGGAGAAACCAT,4.335910436017126
34429,0.40648494965551474,3__nan,PertCortex_3_CGTTGGGGTAGCGTCC,2.05762339306275
34430,0.44401141321612664,3__nan,PertCortex_3_CTAACTTCAAGCCGCT,2.240687260965651
34431,0.21168012240557635,3__nan,PertCortex_3_CTAACTTGTCGAACAG,3.2334296287210527
34432,0.18593662802950045,3__nan,PertCortex_3_CTAACTTTCTTGCATT,3.288725303016517
34433,0.16076218959746022,3__nan,PertCortex_3_CTAATGGTCATGTGGT,4.377503042160557
34434,0.21888841996393077,3__nan,PertCortex_3_CTACACCCACCAGTTA,3.4022798522594333
34435,0.14743043643080858,3__nan,PertCortex_3_CTACACCCATCGTCGG,3.8726342785814634
34436,0.04913876659634165,3__nan,PertCortex_3_CTACATTAGTGCCAGA,4.772259649026748
34437,0.21804049393702074,3__nan,PertCortex_3_CTACATTGTCGACTAT,4.194960546804314
34438,0.45973910858262595,3__nan,PertCortex_3_CTACATTTCTCTGCTG,1.783864743055701
34439,0.4550486018264544,3__nan,PertCortex_3_CTACATTTCTGTCTCG,2.322053853288926
34440,0.5387531218541118,3__nan,PertCortex_3_CTACCCAGTAGCGTCC,1.8769162375027242
34441,0.0226484176176156,3__nan,PertCortex_3_CTACCCAGTGCAACTT,4.143167398606799
34442,0.45511717025629056,3__nan,PertCortex_3_CTACCCATCTGCTTGC,2.771354687025373
34443,0.5127768119883716,3__nan,PertCortex_3_CTACGTCGTGGGTATG,1.757637765852706
34444,0.05955571133699719,3__nan,PertCortex_3_CTAGAGTAGGGTGTTG,4.266273077945155
34445,0.11775311846865376,3__nan,PertCortex_3_CTAGAGTCAATCACAC,4.413521811008419
34446,0.5205497523180815,3__nan,PertCortex_3_CTAGCCTTCCCATTTA,1.8118541274416076
34447,0.5366370403030908,3__nan,PertCortex_3_CTAGCCTTCTTCTGGC,1.859927398838603
34448,0.15967159638750061,3__nan,PertCortex_3_CTAGTGAGTAGTAGTA,2.0905609340143747
34449,0.61027529629793,3__nan,PertCortex_3_CTCAGAAAGTGTCCAT,1.5693432186513918
34450,0.12240444070242021,3__nan,PertCortex_3_CTCATTAAGATGTTAG,3.270988232402806
34451,0.5784190342647044,3__nan,PertCortex_3_CTCATTACACTGTTAG,1.7813650013244098
34452,0.14205361994580246,3__nan,PertCortex_3_CTCATTACATTGCGGC,3.2658056925302446
34453,0.19398074563038564,3__nan,PertCortex_3_CTCATTAGTCAAAGAT,3.899145128649664
34454,0.2909496222027883,3__nan,PertCortex_3_CTCATTATCAGGTAAA,3.168707863531262
34455,0.2691764109371053,3__nan,PertCortex_3_CTCCTAGTCAACACAC,3.7926487993329627
34456,0.23534302367305687,3__nan,PertCortex_3_CTCCTAGTCTCACATT,3.44252928736694
34457,0.07344740106843999,3__nan,PertCortex_3_CTCGAAAAGAGACGAA,3.8962446455068958
34458,0.4783547446140878,3__nan,PertCortex_3_CTCGAAAAGCAGCCTC,1.8732829069260792
34459,0.5079898424816651,3__nan,PertCortex_3_CTCGAAACAAAGTCAA,2.1802061237663484
34460,0.10306234812332346,3__nan,PertCortex_3_CTCGAAATCCGCTGTT,4.492605884876748
34461,0.10629912194829126,3__nan,PertCortex_3_CTCGAAATCGTCGTTC,3.0218227667829725
34462,0.12642471967965344,3__nan,PertCortex_3_CTCGAGGCACTCAGGC,2.945688877872021
34463,0.20682223694312668,3__nan,PertCortex_3_CTCGGAGCACGCTTTC,3.1776229717175
34464,0.11891966113577232,3__nan,PertCortex_3_CTCGGAGCAGTTCCCT,4.092698601398722
34465,0.2211629614334949,3__nan,PertCortex_3_CTCGGAGTCCCTGACT,2.0400782817487255
34466,0.06116991010899352,3__nan,PertCortex_3_CTCGGGAAGTATGACA,4.062893883503941
34467,0.0782341997319651,3__nan,PertCortex_3_CTCGGGACATGCTGGC,4.617034391144152
34468,0.5071382082253149,3__nan,PertCortex_3_CTCGGGATCGACAGCC,2.5177293923012365
34469,0.16588577148361489,3__nan,PertCortex_3_CTCGGGATCTGTCTAT,5.09081326176448
34470,0.2425440228236779,3__nan,PertCortex_3_CTCGTACGTACCTACA,3.509783364287412
34471,0.2391983093541921,3__nan,PertCortex_3_CTCGTCACACCATGTA,3.552043889903507
34472,0.6112761947774279,3__nan,PertCortex_3_CTCGTCACACGGTGTC,1.6653090679415175
34473,0.08273368620342227,3__nan,PertCortex_3_CTCGTCATCGCTTAGA,3.875827115171112
34474,0.06571656769473143,3__nan,PertCortex_3_CTCTAATGTAAGTGTA,4.003478656360957
34475,0.1754754839895464,3__nan,PertCortex_3_CTCTACGCAGACGCCT,3.775909305918166
34476,0.09638652356579795,3__nan,PertCortex_3_CTCTACGTCCCACTTG,2.4933881461948575
34477,0.049397961845513975,3__nan,PertCortex_3_CTCTGGTCAGGGATTG,5.02773840224525
34478,0.23632775929504363,3__nan,PertCortex_3_CTGAAACAGACAATAC,3.8778028944209626
34479,0.09735590265795334,3__nan,PertCortex_3_CTGAAACCATGCAACT,4.353632151866941
34480,0.28620634451749766,3__nan,PertCortex_3_CTGAAACTCTGTCTCG,2.4136993624007244
34481,0.2826601280512944,3__nan,PertCortex_3_CTGAAGTAGGGCTTGA,3.531326211325878
34482,0.13475251206978925,3__nan,PertCortex_3_CTGAAGTAGTGCAAGC,2.965035565295927
34483,0.12172091096966771,3__nan,PertCortex_3_CTGAAGTTCTGGTGTA,4.254310810239775
34484,0.4754278520732194,3__nan,PertCortex_3_CTGATAGAGGAGCGAG,2.4991872718927963
34485,0.23350430576512918,3__nan,PertCortex_3_CTGATAGTCTTATCTG,4.055512598677049
34486,0.23718101537599207,3__nan,PertCortex_3_CTGCGGAAGAAACCAT,3.3975179568684966
34487,0.21418487193652977,3__nan,PertCortex_3_CTGCGGATCATCTGCC,3.703932860389096
34488,0.19982723343500136,3__nan,PertCortex_3_CTGCGGATCCGATATG,3.2386040427350413
34489,0.37822920886263267,3__nan,PertCortex_3_CTGCTGTCACTCGACG,2.306105762669239
34490,0.14686573544115417,3__nan,PertCortex_3_CTGCTGTCAGAAGCAC,4.190216585179846
34491,0.09684895819266735,3__nan,PertCortex_3_CTGTGCTCATACGCCG,4.133587765540215
34492,0.5486705640376079,3__nan,PertCortex_3_CTGTGCTGTAATAGCA,1.5939497236633227
34493,0.6210718537655109,3__nan,PertCortex_3_CTGTGCTGTGCAGTAG,1.5233185134249456
34494,0.15816764216043128,3__nan,PertCortex_3_CTGTGCTTCTTACCGC,3.5192682784297067
34495,0.27633738148807896,3__nan,PertCortex_3_CTGTTTAAGACGCTTT,2.2195269487964664
34496,0.20019823715340135,3__nan,PertCortex_3_CTGTTTAAGATAGTCA,3.058533628284402
34497,0.18719097888878616,3__nan,PertCortex_3_CTGTTTAGTTATGTGC,3.690990968972776
34498,0.15530985982681503,3__nan,PertCortex_3_CTTAACTAGTTGAGAT,3.212258465367443
34499,0.6023819221557163,3__nan,PertCortex_3_CTTAACTCAACAACCT,1.7029070233989898
34500,0.07907826328221791,3__nan,PertCortex_3_CTTAACTCACGAGAGT,4.365272680702217
34501,0.1058833504251405,3__nan,PertCortex_3_CTTAACTTCGCGGATC,4.30942722374392
34502,0.18809391886013077,3__nan,PertCortex_3_CTTACCGCACTGAAGG,4.305827294447194
34503,0.1831292397228071,3__nan,PertCortex_3_CTTACCGCATCTCCCA,2.871751104264564
34504,0.26738841710829236,3__nan,PertCortex_3_CTTACCGCATGATCCA,3.783533403161826
34505,0.2448497390781624,3__nan,PertCortex_3_CTTAGGATCCCTTGTG,2.990877229488937
34506,0.3810619261170478,3__nan,PertCortex_3_CTTCTCTCAGCCAGAA,2.1786523992658235
34507,0.2435529108555012,3__nan,PertCortex_3_CTTCTCTGTTAAAGTG,3.3811907078721974
34508,0.5472918170138504,3__nan,PertCortex_3_CTTGGCTAGAGGTTAT,2.4478796255698727
34509,0.13663828952867388,3__nan,PertCortex_3_CTTGGCTAGTTACGGG,3.6709177896669254
34510,0.534178496122833,3__nan,PertCortex_3_CTTTGCGAGACAGAGA,1.890489596511938
34511,0.08502250868815037,3__nan,PertCortex_3_GAAACTCAGGAGTTTA,3.885930714835843
34512,0.5529098814634766,3__nan,PertCortex_3_GAAACTCCATGTCGAT,1.7305703826074632
34513,0.18213716148510314,3__nan,PertCortex_3_GAAACTCTCACTCTTA,3.1754212901505587
34514,0.1312850793343444,3__nan,PertCortex_3_GAAATGACACATTCGA,3.8067591158553213
34515,0.35179863228248426,3__nan,PertCortex_3_GAAATGATCTAACTGG,3.051973879616039
34516,0.1524303049643796,3__nan,PertCortex_3_GAACATCTCCTACAGA,4.945007836383431
34517,0.41454454688249004,3__nan,PertCortex_3_GAACATCTCGAACGGA,2.2059441799229242
34518,0.17668613146434825,3__nan,PertCortex_3_GAACCTATCCCGACTT,3.2311840247098624
34519,0.05917824534901918,3__nan,PertCortex_3_GAACGGACATTGGGCC,4.451058099866914
34520,0.1204830365541051,3__nan,PertCortex_3_GAATAAGCAGCCAGAA,3.3116196606950252
34521,0.20148704047253982,3__nan,PertCortex_3_GAATGAAAGATAGTCA,4.84136017034755
34522,0.21190894551518527,3__nan,PertCortex_3_GACACGCGTCTCATCC,3.464837282359362
34523,0.14048276948045918,3__nan,PertCortex_3_GACAGAGAGAAGAAGC,3.9953101724845714
34524,0.6016662347999321,3__nan,PertCortex_3_GACAGAGCACAGATTC,1.576286457031847
34525,0.06167663242025918,3__nan,PertCortex_3_GACAGAGCAGCTATTG,3.37950386679464
34526,0.19436177229859117,3__nan,PertCortex_3_GACCAATGTTAAGTAG,4.320232078872194
34527,0.04880552922346521,3__nan,PertCortex_3_GACCTGGAGTTAGCGG,5.255750504073861
34528,0.07813434661189494,3__nan,PertCortex_3_GACCTGGGTCGCGAAA,3.8755461762451224
34529,0.5516391128975598,3__nan,PertCortex_3_GACGCGTGTTGCCTCT,1.9877304478691038
34530,0.15726925009051645,3__nan,PertCortex_3_GACGGCTCACTCAGGC,5.016681216297033
34531,0.5765120822601878,3__nan,PertCortex_3_GACGTGCAGGCTAGCA,1.653827672882335
34532,0.09910669163923086,3__nan,PertCortex_3_GACGTTAAGTGATCGG,4.155707329017141
34533,0.4774433182517396,3__nan,PertCortex_3_GACTACAGTAAGGATT,1.9969816786071566
34534,0.20139548992279657,3__nan,PertCortex_3_GACTACAGTTTAAGCC,3.326666535468965
34535,0.5757385939688762,3__nan,PertCortex_3_GACTGCGAGACTGGGT,1.7795092804360868
34536,0.4671024281561819,3__nan,PertCortex_3_GAGCAGAAGAGCTTCT,1.8559666653895015
34537,0.21330389542545866,3__nan,PertCortex_3_GAGCAGACACTAGTAC,3.0990883259175597
34538,0.39223312599448545,3__nan,PertCortex_3_GAGCAGACACTATCTT,2.263308517331804
34539,0.10919577364939496,3__nan,PertCortex_3_GAGCAGACAGAGTGTG,4.077101721703736
34540,0.15322765277904057,3__nan,PertCortex_3_GAGTCCGGTTAGTGGG,4.373146919044897
34541,0.18310005149431513,3__nan,PertCortex_3_GAGTCCGTCCCAGGTG,2.9940348485554424
34542,0.5905612771417701,3__nan,PertCortex_3_GAGTCCGTCTACGAGT,2.0646294775126575
34543,0.0819775284992957,3__nan,PertCortex_3_GATCGATAGGCTATCT,4.429285775561981
34544,0.18113300970655655,3__nan,PertCortex_3_GATCGATCATTGAGCT,4.309454129302009
34545,0.5463068318271682,3__nan,PertCortex_3_GATCGCGCACCAGCAC,1.7942172532413725
34546,0.22871080928461035,3__nan,PertCortex_3_GATCGTAGTCGAGTTT,3.619053449910778
34547,0.12883659182299437,3__nan,PertCortex_3_GATCGTATCATGTAGC,5.34262593989464
34548,0.673027694118485,3__nan,PertCortex_3_GATCTAGAGGGTGTGT,1.8864424321978268
34549,0.15846854565229382,3__nan,PertCortex_3_GATCTAGCACCACCAG,4.267676176567491
34550,0.10408713522498486,3__nan,PertCortex_3_GATCTAGTCTAACTTC,3.890968237123306
34551,0.12187845046599526,3__nan,PertCortex_3_GATGAAAGTTAAAGAC,4.93110159268285
34552,0.06617661540631449,3__nan,PertCortex_3_GATGAAAGTTCAGTAC,3.209465391737147
34553,0.269138847241849,3__nan,PertCortex_3_GATGAGGAGAGGACGG,3.2033012840949815
34554,0.17397433225404707,3__nan,PertCortex_3_GATGAGGAGGGCTTGA,3.932601172902384
34555,0.17607452644714275,3__nan,PertCortex_3_GATGAGGAGTGCGTGA,4.426026616400425
34556,0.3449765928126939,3__nan,PertCortex_3_GATGAGGGTCCAGTGC,2.0658817736562876
34557,0.5101211469139045,3__nan,PertCortex_3_GATGAGGGTCTGGTCG,1.8585948327387196
34558,0.2987156102631983,3__nan,PertCortex_3_GATGAGGTCGTACCGG,2.384717917542016
34559,0.1610550653209192,3__nan,PertCortex_3_GATGCTAGTTGTTTGG,3.373426783129206
34560,0.25320184074122404,3__nan,PertCortex_3_GATTCAGAGTCAAGCG,3.563158147326053
34561,0.22838506503141603,3__nan,PertCortex_3_GCAAACTAGCGATATA,3.79625885203478
34562,0.38834563366812846,3__nan,PertCortex_3_GCAAACTCAAGCCTAT,2.2844039558788443
34563,0.5842711366833646,3__nan,PertCortex_3_GCAAACTTCAGTACGT,1.7915785887713342
34564,0.5646015990124854,3__nan,PertCortex_3_GCAATCAAGCCTATGT,1.7798419786772879
34565,0.050347566456932495,3__nan,PertCortex_3_GCAATCAAGTGGGTTG,2.566121559956666
34566,0.10854479996802141,3__nan,PertCortex_3_GCAATCACAATAGCAA,4.471763275985613
34567,0.5006026075177261,3__nan,PertCortex_3_GCAATCAGTCCCGACA,2.050854447425075
34568,0.09120257886534197,3__nan,PertCortex_3_GCAATCAGTTTACTCT,4.397736134051364
34569,0.34037560226554003,3__nan,PertCortex_3_GCAATCATCCAACCAA,2.461942102763879
34570,0.08769050593204789,3__nan,PertCortex_3_GCACTCTGTACATGTC,4.150021845610745
34571,0.6318198686031652,3__nan,PertCortex_3_GCAGTTAAGAACTGTA,2.1469151858288384
34572,0.1189882265347873,3__nan,PertCortex_3_GCAGTTAGTATAGGGC,4.333142066235164
34573,0.15017980910590464,3__nan,PertCortex_3_GCAGTTATCTCGGACG,4.474730627548902
34574,0.23979543203594036,3__nan,PertCortex_3_GCATACATCGAATGGG,3.9449469684583938
34575,0.6140358330113496,3__nan,PertCortex_3_GCATACATCTGATTCT,1.6825879864803224
34576,0.4519639090038993,3__nan,PertCortex_3_GCATGATCAAGCTGGA,2.1567896399590163
34577,0.23480745523056445,3__nan,PertCortex_3_GCATGATGTCGGATCC,3.485971824699546
34578,0.1988977059273378,3__nan,PertCortex_3_GCATGATTCAGTTAGC,3.079814104809892
34579,0.13642599408129188,3__nan,PertCortex_3_GCATGATTCCGAAGAG,2.2171675654104273
34580,0.5456358630878692,3__nan,PertCortex_3_GCATGCGGTCTTGCGG,1.9714129164971632
34581,0.19895930560591085,3__nan,PertCortex_3_GCATGCGTCCATGAGT,3.7575201182876956
34582,0.33612238932631394,3__nan,PertCortex_3_GCCAAATCAGTCGTGC,1.7502141030297098
34583,0.42817483785297117,3__nan,PertCortex_3_GCCTCTAAGGAGTTGC,2.0213531035046723
34584,0.14342734409615188,3__nan,PertCortex_3_GCCTCTAAGGGCTTCC,2.6556536350036315
34585,0.24405039386013455,3__nan,PertCortex_3_GCCTCTACAGTATCTG,3.5302236714879727
34586,0.5851041211171163,3__nan,PertCortex_3_GCGACCAGTCAGGACA,1.8871578712457566
34587,0.19763149781977696,3__nan,PertCortex_3_GCGACCATCAACGCTA,3.7211490498050424
34588,0.43952907784885664,3__nan,PertCortex_3_GCGAGAAGTAAACACA,2.092455336145644
34589,0.4511339931059484,3__nan,PertCortex_3_GCGCAACAGCTGTTCA,2.309473663075725
34590,0.14499817860809686,3__nan,PertCortex_3_GCGCAGTTCGAGAACG,3.5922292042397155
34591,0.6879783790236169,3__nan,PertCortex_3_GCGCCAAAGCCTATGT,1.3050274339069592
34592,0.13258160887498152,3__nan,PertCortex_3_GCGCCAACAGTACACT,2.20576895510856
34593,0.11592458377089077,3__nan,PertCortex_3_GCGCGATAGTATGACA,3.125839917139655
34594,0.568845586665526,3__nan,PertCortex_3_GCGCGATAGTGGAGAA,1.6856360148975642
34595,0.04138968560592635,3__nan,PertCortex_3_GCGCGATCAGCGTTCG,4.111028430933083
34596,0.11799222947634862,3__nan,PertCortex_3_GCGCGATCATCACAAC,4.330073973391904
34597,0.23327713103932723,3__nan,PertCortex_3_GCGCGATGTGCCTGTG,2.069874977726292
34598,0.11427447960206812,3__nan,PertCortex_3_GCGCGATTCGCCGTGA,4.403337639813672
34599,0.15128903695136098,3__nan,PertCortex_3_GCGGGTTCACAGGCCT,4.520453812484036
34600,0.3131397329223835,3__nan,PertCortex_3_GCGGGTTGTCCCTTGT,3.063923565177538
34601,0.4678334039791337,3__nan,PertCortex_3_GCTCCTAAGTTCGATC,1.6340168745262973
34602,0.10209051906159343,3__nan,PertCortex_3_GCTCTGTAGGACTGGT,3.7177013656322977
34603,0.2626402731962567,3__nan,PertCortex_3_GCTCTGTGTATAGGTA,2.4656558329217595
34604,0.22510638192603918,3__nan,PertCortex_3_GCTCTGTGTTCCTCCA,2.9222795819035228
34605,0.4426011359545799,3__nan,PertCortex_3_GCTGCAGTCTATGTGG,1.8707566499509605
34606,0.13315421460577992,3__nan,PertCortex_3_GCTGCGATCCGCGCAA,3.7758348830147823
34607,0.17891307712410479,3__nan,PertCortex_3_GCTGCGATCCGTACAA,4.176992000843114
34608,0.2664715030128187,3__nan,PertCortex_3_GCTGCGATCTAACTGG,3.2572957111630103
34609,0.5151509012615627,3__nan,PertCortex_3_GCTGCGATCTTGTACT,2.1133450583361832
34610,0.2307137256457743,3__nan,PertCortex_3_GCTGCTTTCGCGATCG,2.9427526885666304
34611,0.3779136209165509,3__nan,PertCortex_3_GCTGGGTCAGGGATTG,3.209243462084942
34612,0.18646122784413294,3__nan,PertCortex_3_GCTTCCAAGAACAACT,3.5466334675883395
34613,0.4459880513639756,3__nan,PertCortex_3_GCTTCCAAGAGTAATC,1.8624273930198247
34614,0.5609124107243914,3__nan,PertCortex_3_GCTTCCACAAAGGCGT,1.7796689897244695
34615,0.5404679957380415,3__nan,PertCortex_3_GCTTCCACAATGTTGC,1.6273914686928406
34616,0.42201196178115874,3__nan,PertCortex_3_GCTTGAAAGCCACTAT,1.8713214577633968
34617,0.4554822626793867,3__nan,PertCortex_3_GCTTGAAAGTCCCACG,1.878575671426196
34618,0.13550265097747047,3__nan,PertCortex_3_GCTTGAAAGTGTTTGC,3.1197361685945744
34619,0.536939953050478,3__nan,PertCortex_3_GCTTGAATCAAAGTAG,1.6989164830438008
34620,0.12163199270781638,3__nan,PertCortex_3_GCTTGAATCTTGTATC,4.068529251981648
34621,0.21398109317698616,3__nan,PertCortex_3_GGAAAGCTCGCCAGCA,3.511531862159746
34622,0.42326703262399495,3__nan,PertCortex_3_GGAAAGCTCTTCGAGA,2.226094064150574
34623,0.11374046938018885,3__nan,PertCortex_3_GGAACTTCAAGTCATC,2.907359374327576
34624,0.4592190991245716,3__nan,PertCortex_3_GGAACTTCAATTGCTG,2.2207128906772486
34625,0.2184098686468107,3__nan,PertCortex_3_GGAACTTTCGTCTGAA,3.2283981919385085
34626,0.11425303866096077,3__nan,PertCortex_3_GGACAAGAGGCTCTTA,4.209470466713746
34627,0.20746093995217607,3__nan,PertCortex_3_GGACAAGAGGGATACC,2.770281859971724
34628,0.12151633229551302,3__nan,PertCortex_3_GGACAAGCAGTCACTA,3.1151698137143002
34629,0.2286526076531263,3__nan,PertCortex_3_GGACAAGTCTGAAAGA,2.620684407798847
34630,0.12408342057945371,3__nan,PertCortex_3_GGACAGAGTTCGCTAA,4.8253217195308995
34631,0.47862696818284367,3__nan,PertCortex_3_GGACAGATCAAGGTAA,2.1337959805006763
34632,0.5289019817524107,3__nan,PertCortex_3_GGACATTAGCTTCGCG,1.8852262591514868
34633,0.34600570892512944,3__nan,PertCortex_3_GGACATTAGGACACCA,2.6347533775118337
34634,0.4131194052940315,3__nan,PertCortex_3_GGACATTAGTACATGA,2.5743122862868004
34635,0.15163283233076408,3__nan,PertCortex_3_GGACGTCAGGCCCTCA,3.5146694799872646
34636,0.11156214537245725,3__nan,PertCortex_3_GGAGCAAAGATACACA,3.6095275314866795
34637,0.07542081989448103,3__nan,PertCortex_3_GGAGCAATCGGCGCTA,4.551192219234111
34638,0.21860986652027098,3__nan,PertCortex_3_GGATGTTTCAATAAGG,4.0711891029716805
34639,0.2397233633637256,3__nan,PertCortex_3_GGATTACTCGCTGATA,3.5385200506759937
34640,0.3752673940616338,3__nan,PertCortex_3_GGCAATTAGTCGAGTG,1.7989889181452867
34641,0.08951663664304503,3__nan,PertCortex_3_GGCAATTCAGGATCGA,3.7715940025210446
34642,0.18363412829129366,3__nan,PertCortex_3_GGCAATTTCACTTACT,3.868618151570867
34643,0.46806322941096334,3__nan,PertCortex_3_GGCAATTTCCGGGTGT,1.6621219913771588
34644,0.524034664765045,3__nan,PertCortex_3_GGCCGATAGATGTGGC,1.7977833426709646
34645,0.1326324700295969,3__nan,PertCortex_3_GGCCGATCAACACCTA,3.3542959627009368
34646,0.07739770065103009,3__nan,PertCortex_3_GGCGACTAGAAGGGTA,4.145929081397773
34647,0.2281288237207924,3__nan,PertCortex_3_GGCGACTAGGAGTACC,3.3960490773211003
34648,0.40692195388815483,3__nan,PertCortex_3_GGCGACTAGTCTTGCA,1.819886302708802
34649,0.10361449632637072,3__nan,PertCortex_3_GGCGACTTCTGTACGA,3.4153738208621314
34650,0.38423034762564257,3__nan,PertCortex_3_GGCGTGTGTAGGGACT,2.2080641104030625
34651,0.5949903259236551,3__nan,PertCortex_3_GGCGTGTGTCCAGTGC,1.6446091424157356
34652,0.15289378802282447,3__nan,PertCortex_3_GGCGTGTGTCCGAGTC,2.5080948918718913
34653,0.09601907942166207,3__nan,PertCortex_3_GGCTCGAGTTGGTTTG,4.252967817164836
34654,0.24226196361164473,3__nan,PertCortex_3_GGCTGGTAGACTCGGA,3.5024579287716677
34655,0.17560097009545111,3__nan,PertCortex_3_GGCTGGTGTCACCCAG,3.933758092242382
34656,0.10234627262545892,3__nan,PertCortex_3_GGCTGGTGTTCTGAAC,3.703104533354454
34657,0.11048097338259381,3__nan,PertCortex_3_GGGAATGAGCCGCCTA,3.720533536351452
34658,0.412617312366319,3__nan,PertCortex_3_GGGACCTAGATCCGAG,2.218264891215191
34659,0.5799425265342166,3__nan,PertCortex_3_GGGACCTGTCGTGGCT,1.6843592287444844
34660,0.6011963890183493,3__nan,PertCortex_3_GGGACCTTCACAAACC,2.174657522220694
34661,0.5161984500017455,3__nan,PertCortex_3_GGGACCTTCTACCAGA,2.0771079203183263
34662,0.12059287320519103,3__nan,PertCortex_3_GGGCACTAGTACACCT,4.351312940533538
34663,0.277393399117562,3__nan,PertCortex_3_GGGCACTCATAAGACA,3.563799086909661
34664,0.15150146475483414,3__nan,PertCortex_3_GGGCATCAGAAACCTA,3.851029481924183
34665,0.6546297472646763,3__nan,PertCortex_3_GGGCATCGTTTGTTTC,1.8522679138196427
34666,0.17375147798640278,3__nan,PertCortex_3_GGGCATCTCCCAAGTA,3.2526433145875298
34667,0.4619348060225305,3__nan,PertCortex_3_GGGTCTGGTTGAGGTG,2.297494800540268
34668,0.2048082502442187,3__nan,PertCortex_3_GGGTCTGTCTACTATC,3.7764008971738545
34669,0.17202292077116116,3__nan,PertCortex_3_GGTATTGGTGTGCCTG,4.015308328364808
34670,0.20861662714383838,3__nan,PertCortex_3_GGTGAAGCAAAGCGGT,2.8043619150326022
34671,0.0670758489316959,3__nan,PertCortex_3_GGTGAAGCACATTTCT,4.193165710644451
34672,0.14772677342703053,3__nan,PertCortex_3_GGTGAAGCAGGGTATG,4.217883112398774
34673,0.15871920492765168,3__nan,PertCortex_3_GGTGCGTAGCTAGTGG,5.668241390783386
34674,0.21424597173435211,3__nan,PertCortex_3_GGTGCGTCAACAACCT,3.7475515347769592
34675,0.09702817199034294,3__nan,PertCortex_3_GGTGCGTTCTATCCCG,3.4528435441969325
34676,0.20326257057750075,3__nan,PertCortex_3_GGTGTTACAGTCAGAG,3.169264140997301
34677,0.07280938123494762,3__nan,PertCortex_3_GGTGTTAGTCTTCGTC,4.993103759560684
34678,0.19873671837430607,3__nan,PertCortex_3_GGTGTTATCGCACTCT,3.494139678373467
34679,0.21207433263741512,3__nan,PertCortex_3_GTAACGTAGATGCCTT,5.057368840126956
34680,0.03807059464554839,3__nan,PertCortex_3_GTAACGTCATATACGC,4.965438882006598
34681,0.1301302429460972,3__nan,PertCortex_3_GTAACTGAGGCAGGTT,4.131843006948986
34682,0.6107492515244517,3__nan,PertCortex_3_GTAACTGAGTGGTCCC,1.5848721106978139
34683,0.5664458956123132,3__nan,PertCortex_3_GTAACTGCAAGGTTTC,1.653992091937635
34684,0.09837658866326977,3__nan,PertCortex_3_GTAACTGTCAACCATG,4.321078495544321
34685,0.10312444071217308,3__nan,PertCortex_3_GTAACTGTCGCATGAT,2.884917305051484
34686,0.24421948910939156,3__nan,PertCortex_3_GTACGTACACATGGGA,2.9871035335328
34687,0.10047827776864614,3__nan,PertCortex_3_GTACGTACAGCATGAG,4.103209570303878
34688,0.06886770419567419,3__nan,PertCortex_3_GTACGTAGTTATCCGA,4.7495235950541606
34689,0.6065299775209411,3__nan,PertCortex_3_GTACTCCAGACCTTTG,2.2425924711941407
34690,0.4805222764057274,3__nan,PertCortex_3_GTACTCCAGGAGTTGC,1.9513738818097452
34691,0.41290234703027145,3__nan,PertCortex_3_GTACTCCCAACTTGAC,2.1911681969809846
34692,0.10799963891367233,3__nan,PertCortex_3_GTACTTTAGCGCCTTG,4.1060488566024915
34693,0.22451944396019868,3__nan,PertCortex_3_GTACTTTCATGGTCAT,3.3861028892471614
34694,0.22625685321517675,3__nan,PertCortex_3_GTACTTTGTTAAGATG,3.11727784154066
34695,0.16352624844272914,3__nan,PertCortex_3_GTAGGCCCACAACGCC,3.261903227841405
34696,0.09576553272338281,3__nan,PertCortex_3_GTAGGCCCATGACATC,2.979123542797012
34697,0.18530702866423682,3__nan,PertCortex_3_GTAGGCCTCCGCAAGC,5.219163661675716
34698,0.16602343160005245,3__nan,PertCortex_3_GTAGTCAAGAAGGACA,2.809099447754756
34699,0.5328476803304343,3__nan,PertCortex_3_GTAGTCAAGCGTCAAG,1.742578560296809
34700,0.31876899629471034,3__nan,PertCortex_3_GTAGTCACAAGTAGTA,2.3404459658353227
34701,0.09376379925548334,3__nan,PertCortex_3_GTAGTCAGTGTTCTTT,4.44448737315702
34702,0.09186849904678734,3__nan,PertCortex_3_GTATTCTTCGTACCGG,4.302381091990278
34703,0.1867946802631675,3__nan,PertCortex_3_GTCACAAAGTATCTCG,4.7776848056470715
34704,0.45625316612781824,3__nan,PertCortex_3_GTCACAACACAACGCC,2.318792581704177
34705,0.2597039294479399,3__nan,PertCortex_3_GTCACGGTCACGGTTA,3.7172633734107676
34706,0.3687807915173235,3__nan,PertCortex_3_GTCATTTGTGTTGGGA,2.6057276208433313
34707,0.5703353020031268,3__nan,PertCortex_3_GTCATTTTCTCAACTT,1.7638053579334558
34708,0.1526975865455289,3__nan,PertCortex_3_GTCCTCATCAGAAATG,3.3102401873359724
34709,0.21658937957229774,3__nan,PertCortex_3_GTCCTCATCTCCTATA,3.815097372651768
34710,0.09157528407196076,3__nan,PertCortex_3_GTCGGGTTCTTGCATT,4.227788723879795
34711,0.19036417885241738,3__nan,PertCortex_3_GTCGTAAAGGGTGTTG,2.562222479337693
34712,0.6101120271903073,3__nan,PertCortex_3_GTCGTAACACATAACC,2.0763827004550954
34713,0.22682711125566213,3__nan,PertCortex_3_GTCGTAAGTACATGTC,2.4424083879488743
34714,0.16847782562489094,3__nan,PertCortex_3_GTCGTAATCGTTACGA,3.7695975156994326
34715,0.32265366825437136,3__nan,PertCortex_3_GTCGTAATCTGTACGA,3.479545202424418
34716,0.12177939682287002,3__nan,PertCortex_3_GTCTTCGAGTATCGAA,3.086873160050707
34717,0.18011623633293494,3__nan,PertCortex_3_GTCTTCGCATTAGGCT,3.9727665774176195
34718,0.47973235055556623,3__nan,PertCortex_3_GTCTTCGGTGTGGTTT,2.0183591845578706
34719,0.1285039811710383,3__nan,PertCortex_3_GTGAAGGGTGTTCGAT,3.956002531176349
34720,0.134800839876057,3__nan,PertCortex_3_GTGAAGGTCACATACG,3.547339365273588
34721,0.11705484355117353,3__nan,PertCortex_3_GTGCAGCCATTTGCCC,3.4624666296068427
34722,0.11356377310870149,3__nan,PertCortex_3_GTGCAGCTCTAACTGG,3.714390280219203
34723,0.2465245015457698,3__nan,PertCortex_3_GTGCATAAGCCCAACC,2.8985738825182086
34724,0.19137091220890765,3__nan,PertCortex_3_GTGCATATCGACGGAA,3.03687707402893
34725,0.2363866048415962,3__nan,PertCortex_3_GTGCGGTCACTCTGTC,3.5381492704578905
34726,0.12061389328003948,3__nan,PertCortex_3_GTGCGGTTCACAACGT,3.243628706247815
34727,0.16067194733758366,3__nan,PertCortex_3_GTGCTTCAGATCGATA,3.0186215969954993
34728,0.5701992144222296,3__nan,PertCortex_3_GTGCTTCCACCGGAAA,1.6262072189854273
34729,0.20726850088438178,3__nan,PertCortex_3_GTGCTTCTCAACCATG,4.206739871426259
34730,0.5766037709443548,3__nan,PertCortex_3_GTGCTTCTCCATTCTA,1.634349638187921
34731,0.21845343862407898,3__nan,PertCortex_3_GTGGGTCAGCGTTGCC,3.761583669533237
34732,0.09552728451058043,3__nan,PertCortex_3_GTGGGTCCACCCATTC,4.683310183478803
34733,0.08561325146567626,3__nan,PertCortex_3_GTGGGTCCAGTTCCCT,4.175712061958519
34734,0.12162439925749904,3__nan,PertCortex_3_GTGGGTCCATCCTAGA,3.8367088029442757
34735,0.12625682490283416,3__nan,PertCortex_3_GTGGGTCCATTCGACA,4.529738412345421
34736,0.30096698746591105,3__nan,PertCortex_3_GTGTGCGAGAGTAATC,2.8402180327045534
34737,0.5443123187543216,3__nan,PertCortex_3_GTGTGCGTCAACCAAC,2.2469522537898885
34738,0.06163815066073935,3__nan,PertCortex_3_GTGTGCGTCGGTTCGG,2.9142463504760396
34739,0.10314793768298212,3__nan,PertCortex_3_GTGTTAGCAAGCGCTC,2.8462629339724477
34740,0.24273794110353433,3__nan,PertCortex_3_GTTAAGCAGCTCTCGG,2.681460246623209
34741,0.5922202613647918,3__nan,PertCortex_3_GTTAAGCTCTCCTATA,1.4818038658381225
34742,0.20861676795657078,3__nan,PertCortex_3_GTTACAGAGGGAAACA,4.002271111454302
34743,0.30272972859080327,3__nan,PertCortex_3_GTTACAGCAGCGTAAG,1.9829084654334854
34744,0.07900826841225309,3__nan,PertCortex_3_GTTACAGGTTTCCACC,3.9946386720910594
34745,0.28050631386875485,3__nan,PertCortex_3_GTTACAGTCCAGGGCT,1.9785527706340513
34746,0.21687302717836324,3__nan,PertCortex_3_GTTCATTCAACGATGG,3.8579791716262797
34747,0.6191873469017505,3__nan,PertCortex_3_GTTCATTCAATGCCAT,1.726927520286416
34748,0.2099546915426677,3__nan,PertCortex_3_GTTCATTCATCTGGTA,2.965233145985092
34749,0.20102666099125593,3__nan,PertCortex_3_GTTCGGGTCACTCTTA,3.880028421607433
34750,0.22999213934035426,3__nan,PertCortex_3_GTTCTCGAGTGTACCT,3.5668647921132743
34751,0.12281133636815199,3__nan,PertCortex_3_GTTCTCGCATCAGTAC,4.028530355944798
34752,0.14495245804254717,3__nan,PertCortex_3_GTTTCTAGTGGGTCAA,4.764625380275864
34753,0.49157258945228816,3__nan,PertCortex_3_TAAACCGGTCAACTGT,2.190526889700803
34754,0.4407959123894355,3__nan,PertCortex_3_TAAGAGACAAGCTGTT,2.1468507140078423
34755,0.09447468064610645,3__nan,PertCortex_3_TAAGAGACAGACGTAG,4.488250087859602
34756,0.18347830557049158,3__nan,PertCortex_3_TAAGAGAGTGAACCTT,3.8054449969251785
34757,0.23271533041527542,3__nan,PertCortex_3_TAAGCGTAGTGACATA,2.814603507179108
34758,0.5947556069086497,3__nan,PertCortex_3_TAAGCGTGTATTAGCC,1.8032107785307776
34759,0.1682702049239306,3__nan,PertCortex_3_TAAGCGTTCTTGCCGT,2.9316176142982258
34760,0.1682017016450647,3__nan,PertCortex_3_TAAGTGCAGGATGGTC,2.3677351795442902
34761,0.6700893222318218,3__nan,PertCortex_3_TAAGTGCGTGTGGTTT,1.7638848160625042
34762,0.5663702515380549,3__nan,PertCortex_3_TACACGAGTTAGAACA,1.9008590213799241
34763,0.43465938453841974,3__nan,PertCortex_3_TACAGTGAGTGTGAAT,2.017159019673575
34764,0.05065391583807718,3__nan,PertCortex_3_TACCTTATCAGGCCCA,3.8658999128941325
34765,0.5412433209664491,3__nan,PertCortex_3_TACGGGCCAGCTGTAT,1.8331616837358178
34766,0.20838052487722655,3__nan,PertCortex_3_TACGGGCTCAGTTTGG,2.872196396702555
34767,0.20765677137002989,3__nan,PertCortex_3_TACGGTACATGCAATC,3.6069462509020624
34768,0.6471470688650891,3__nan,PertCortex_3_TACGGTAGTGGGTCAA,1.938929220057721
34769,0.48316127128027764,3__nan,PertCortex_3_TACGGTATCTTCGAGA,2.3490769353368766
34770,0.23785222475869783,3__nan,PertCortex_3_TACTCATCAAGACGTG,3.3769010704952085
34771,0.12664823021171123,3__nan,PertCortex_3_TACTCGCCAACGCACC,3.9125893154427835
34772,0.17592945000448884,3__nan,PertCortex_3_TACTCGCTCGTAGGAG,3.3516616991482926
34773,0.6104510559757209,3__nan,PertCortex_3_TACTTACAGACAGAGA,1.5882886028929752
34774,0.14393006060569483,3__nan,PertCortex_3_TACTTACAGTGACTCT,4.507252780794018
34775,0.19818345607117988,3__nan,PertCortex_3_TACTTGTCACATAACC,4.359460454817716
34776,0.2564112678434829,3__nan,PertCortex_3_TAGACCAAGGACATTA,3.6690654981161956
34777,0.45771163501580975,3__nan,PertCortex_3_TAGACCACAGCTTAAC,1.9366157569744604
34778,0.18691983210941662,3__nan,PertCortex_3_TAGACCATCCAAGCCG,2.5486069803612525
34779,0.2362383383294475,3__nan,PertCortex_3_TAGAGCTCAGATCGGA,4.435860825510825
34780,0.19857177921152355,3__nan,PertCortex_3_TAGAGCTCAGTACACT,3.22336103506595
34781,0.6221773101535678,3__nan,PertCortex_3_TAGCCGGAGAGTACAT,1.8242631206330446
34782,0.630509852364182,3__nan,PertCortex_3_TAGCCGGAGTGCCAGA,1.513196742128503
34783,0.2691543097660376,3__nan,PertCortex_3_TAGCCGGAGTGGAGTC,3.5166025126347984
34784,0.10071380131616701,3__nan,PertCortex_3_TAGCCGGCAATCCGAT,5.001699863335471
34785,0.19570824893476133,3__nan,PertCortex_3_TAGCCGGCACGCGAAA,3.067726613716405
34786,0.19017187237420777,3__nan,PertCortex_3_TAGCCGGTCACTATTC,2.7852593397514656
34787,0.1231471096024119,3__nan,PertCortex_3_TAGCCGGTCCTTAATC,3.8024646784674294
34788,0.2114909390211416,3__nan,PertCortex_3_TAGCCGGTCTGCGGCA,2.7967162324863994
34789,0.5767664494096524,3__nan,PertCortex_3_TAGGCATGTGTTCTTT,2.45535671990855
34790,0.3368559335375673,3__nan,PertCortex_3_TAGTGGTAGTCATGCT,2.15562686688386
34791,0.5964226601598204,3__nan,PertCortex_3_TAGTGGTGTAATTGGA,1.654862103275259
34792,0.24385300860974046,3__nan,PertCortex_3_TAGTTGGAGCCCAACC,3.5852715836910307
34793,0.15599114374779927,3__nan,PertCortex_3_TAGTTGGCACATCTTT,4.123648038255304
34794,0.5430444300759111,3__nan,PertCortex_3_TAGTTGGCATGAAGTA,2.4565343764588303
34795,0.08973144771444325,3__nan,PertCortex_3_TATCAGGAGATACACA,3.233685769811968
34796,0.33070255637337526,3__nan,PertCortex_3_TATCAGGAGCGATTCT,2.4604667185409936
34797,0.3908345593802361,3__nan,PertCortex_3_TATCAGGTCAGCTCGG,2.633699913007073
34798,0.4136753737744361,3__nan,PertCortex_3_TATCAGGTCGTTACAG,2.112214204302996
34799,0.5693445476487451,3__nan,PertCortex_3_TATCAGGTCTAAGCCA,1.8276499554539984
34800,0.2506357478143997,3__nan,PertCortex_3_TATCTCATCAGTACGT,2.826326715533367
34801,0.5224195638998735,3__nan,PertCortex_3_TATCTCATCTGGCGAC,1.689130977635797
34802,0.27744435049908345,3__nan,PertCortex_3_TATGCCCGTAGAAAGG,3.5227749026508244
34803,0.17047328536114373,3__nan,PertCortex_3_TATGCCCTCGCGCCAA,3.900048232720621
34804,0.09597143555702953,3__nan,PertCortex_3_TATTACCAGCTGCGAA,4.117002242999732
34805,0.3130161887166187,3__nan,PertCortex_3_TATTACCAGTGTGGCA,2.5471873868738313
34806,0.0803392474859919,3__nan,PertCortex_3_TCAACGAGTCTAGTCA,3.463832723196341
34807,0.062497677620646445,3__nan,PertCortex_3_TCAATCTCAGGACCCT,4.582820726635779
34808,0.23020852556209914,3__nan,PertCortex_3_TCAATCTGTCGCTTCT,3.4508952161632234
34809,0.3967545271884193,3__nan,PertCortex_3_TCAATCTGTTAAAGTG,2.4330479122254585
34810,0.6009649671093613,3__nan,PertCortex_3_TCACAAGAGCCTTGAT,2.085155437188725
34811,0.011802891220187005,3__nan,PertCortex_3_TCACAAGAGTACGCCC,4.225310118944169
34812,0.2287405554791726,3__nan,PertCortex_3_TCACGAACAATGCCAT,3.388309218086322
34813,0.5431239417615297,3__nan,PertCortex_3_TCACGAACACCAGATT,1.9321500433841807
34814,0.219748694059773,3__nan,PertCortex_3_TCACGAACATGCGCAC,3.700651292342911
34815,0.13732720301876444,3__nan,PertCortex_3_TCACGAACATGGTCAT,3.8107084291298206
34816,0.19592314914467673,3__nan,PertCortex_3_TCACGAAGTCTTCGTC,4.099042625420339
34817,0.11473995406327868,3__nan,PertCortex_3_TCACGAAGTGAGTGAC,3.566801121202896
34818,0.6319129742390116,3__nan,PertCortex_3_TCACGAAGTTAGATGA,1.4985850524166873
34819,0.23779504918289043,3__nan,PertCortex_3_TCAGATGTCATAGCAC,3.876293034849705
34820,0.24502416464257967,3__nan,PertCortex_3_TCAGCAACAGACAAAT,3.5130616552426823
34821,0.15964437267855464,3__nan,PertCortex_3_TCAGCAAGTAGTGAAT,2.9635534243724195
34822,0.09073893439318297,3__nan,PertCortex_3_TCAGCTCTCATGTGGT,4.699466306165532
34823,0.14756664614763879,3__nan,PertCortex_3_TCAGGATAGGCCCTTG,4.083891721808434
34824,0.6294555622000703,3__nan,PertCortex_3_TCAGGATTCCACTCCA,1.9594164278100634
34825,0.11181153096742708,3__nan,PertCortex_3_TCAGGTATCTCGATGA,4.067355502437999
34826,0.6011044107407947,3__nan,PertCortex_3_TCATTACAGTCCATAC,1.5228596778628065
34827,0.19549911979667425,3__nan,PertCortex_3_TCATTACAGTCGTACT,2.6890749091952277
34828,0.22784049635163658,3__nan,PertCortex_3_TCATTACTCTTAGCCC,3.709174104651243
34829,0.421847415035492,3__nan,PertCortex_3_TCATTTGTCAACGGGA,2.301980425276419
34830,0.5934081290082001,3__nan,PertCortex_3_TCCCGATCACGAGGTA,1.604505644928883
34831,0.07721629800290115,3__nan,PertCortex_3_TCCCGATCATACTACG,4.509569065242757
34832,0.28039698634498184,3__nan,PertCortex_3_TCCCGATGTGTTTGGT,2.1286351167492397
34833,0.09167792312336082,3__nan,PertCortex_3_TCCCGATGTTGTTTGG,4.268027041668095
34834,0.3612464781451434,3__nan,PertCortex_3_TCCCGATTCTTGACGA,1.8510801932400398
34835,0.2426805827409626,3__nan,PertCortex_3_TCGAGGCGTAACGACG,3.256437762643439
34836,0.1544283364380156,3__nan,PertCortex_3_TCGAGGCGTTCGGGCT,4.094509068966517
34837,0.14425954851819633,3__nan,PertCortex_3_TCGCGAGGTCCTCCAT,4.240731637814404
34838,0.19270309660546892,3__nan,PertCortex_3_TCGCGAGTCAGCATGT,3.6071398506784935
34839,0.07024441941222502,3__nan,PertCortex_3_TCGCGTTCAATCAGAA,4.456456821830988
34840,0.23730467057761556,3__nan,PertCortex_3_TCGCGTTCATCACGTA,2.101171517949719
34841,0.16813128906692604,3__nan,PertCortex_3_TCGCGTTCATGCAATC,3.2055451052503723
34842,0.07921797819000641,3__nan,PertCortex_3_TCGCGTTTCTGCGTAA,4.793404582506015
34843,0.4198101169754248,3__nan,PertCortex_3_TCGGGACCATTGGTAC,1.990099066241383
34844,0.47056194401884877,3__nan,PertCortex_3_TCGGGACGTGGTTTCA,2.314998953302271
34845,0.05501304010483795,3__nan,PertCortex_3_TCGGGACTCGGTCTAA,2.927233502989414
34846,0.42410355647972453,3__nan,PertCortex_3_TCGTACCAGGCATTGG,2.1918221963509383
34847,0.08176618397736216,3__nan,PertCortex_3_TCGTACCCATTCTTAC,4.328406584401671
34848,0.6389726663386263,3__nan,PertCortex_3_TCGTACCTCAGGTTCA,1.3953528883531763
34849,0.3983164366981356,3__nan,PertCortex_3_TCGTAGACATCTGGTA,1.961815682267501
34850,0.3719319530473281,3__nan,PertCortex_3_TCGTAGAGTCAGGACA,2.292784616478877
34851,0.14286489763922836,3__nan,PertCortex_3_TCTATTGCACAGGAGT,4.243059291763404
34852,0.3238396645393163,3__nan,PertCortex_3_TCTATTGGTGTGCCTG,1.8796724646895424
34853,0.5048405457411876,3__nan,PertCortex_3_TCTATTGGTGTGCGTC,1.8563964281868393
34854,0.4751532186192849,3__nan,PertCortex_3_TCTCATAAGATCCTGT,2.2347434519851515
34855,0.2691666802739662,3__nan,PertCortex_3_TCTCATACAATAGCGG,3.0563010693701353
34856,0.05739338489068615,3__nan,PertCortex_3_TCTCTAAAGAGGGCTT,3.5158830505030143
34857,0.25896845534554835,3__nan,PertCortex_3_TCTCTAACAAAGCAAT,3.640081697629098
34858,0.31246371276462376,3__nan,PertCortex_3_TCTCTAACATCACGAT,3.1488559454432763
34859,0.48372149220325666,3__nan,PertCortex_3_TCTCTAAGTAAGAGAG,1.7571535248385157
34860,0.20941412370721257,3__nan,PertCortex_3_TCTGAGATCAACACAC,4.009285068618661
34861,0.5083784078521254,3__nan,PertCortex_3_TCTGGAAAGGCTATCT,2.812375118072872
34862,0.08717990256683168,3__nan,PertCortex_3_TCTGGAAGTACTTCTT,4.029040277867585
34863,0.6036439894338813,3__nan,PertCortex_3_TCTTTCCCATCCCACT,1.688740883352746
34864,0.2340473417510983,3__nan,PertCortex_3_TCTTTCCTCGCCATAA,3.219778070414804
34865,0.04258834764910347,3__nan,PertCortex_3_TGAAAGAAGAGGACGG,4.115179070927008
34866,0.18019851568219555,3__nan,PertCortex_3_TGAAAGACAATGGAGC,3.4036922438810406
34867,0.5949505094771094,3__nan,PertCortex_3_TGAAAGAGTTCGCTAA,1.9875271135829804
34868,0.06332077864006261,3__nan,PertCortex_3_TGAAAGATCTGCTTGC,4.341686660326141
34869,0.09865979229259864,3__nan,PertCortex_3_TGACAACAGGAGCGAG,3.2620045991039386
34870,0.18447831526545946,3__nan,PertCortex_3_TGACAACCAAGGTGTG,2.756105423395025
34871,0.4034164634072503,3__nan,PertCortex_3_TGACAACCAGACGCTC,3.0868843510296067
34872,0.06363045370787614,3__nan,PertCortex_3_TGACGGCTCATGTAGC,3.0394365833339476
34873,0.4246243447426387,3__nan,PertCortex_3_TGACGGCTCTCATTCA,2.5818932548707716
34874,0.15221776895844538,3__nan,PertCortex_3_TGACTAGAGGACCACA,3.273751187930031
34875,0.12918350288207628,3__nan,PertCortex_3_TGACTAGGTCATTAGC,4.105017434864132
34876,0.18493566227172137,3__nan,PertCortex_3_TGACTTTGTCGCGAAA,3.0621014925733823
34877,0.540766060260698,3__nan,PertCortex_3_TGACTTTTCACAATGC,2.3898664607117652
34878,0.5342244887059927,3__nan,PertCortex_3_TGACTTTTCCTGTACC,2.3778321676421266
34879,0.13613127395553412,3__nan,PertCortex_3_TGAGAGGCAAGCGAGT,3.5989021875657956
34880,0.1960825262378088,3__nan,PertCortex_3_TGAGCATGTCCAGTTA,3.31305086857058
34881,0.12033210478146031,3__nan,PertCortex_3_TGAGCATGTCTCACCT,3.9960945994683876
34882,0.07329102520660222,3__nan,PertCortex_3_TGAGCCGGTACTTAGC,4.37919900966856
34883,0.19156414181052692,3__nan,PertCortex_3_TGAGCCGGTGTTAAGA,4.127996108364921
34884,0.1485992996017213,3__nan,PertCortex_3_TGAGGGACAGGTGGAT,2.7256861815246496
34885,0.29014050349509,3__nan,PertCortex_3_TGAGGGATCGCGTAGC,2.63059201866241
34886,0.1669125510427389,3__nan,PertCortex_3_TGATTTCTCGGTGTCG,3.3388646564563405
34887,0.11855418365547428,3__nan,PertCortex_3_TGCACCTAGGACTGGT,4.2034685413108495
34888,0.09898498464830828,3__nan,PertCortex_3_TGCACCTCAATAGCAA,2.6142266934591825
34889,0.14551066478423005,3__nan,PertCortex_3_TGCCCATAGTACTTGC,4.157143142309332
34890,0.6317159733646214,3__nan,PertCortex_3_TGCCCATCACATAACC,1.9298708917615497
34891,0.6756792717326582,3__nan,PertCortex_3_TGCCCATGTGGCGAAT,1.943285962653127
34892,0.24210590986292882,3__nan,PertCortex_3_TGCCCTAAGTATCGAA,4.037823320709949
34893,0.11681635182448173,3__nan,PertCortex_3_TGCCCTAGTCCAAGTT,3.9216528985193744
34894,0.6276331446858027,3__nan,PertCortex_3_TGCCCTATCAACCAAC,2.027976807411017
34895,0.45811209067758707,3__nan,PertCortex_3_TGCGCAGAGCGTTTAC,2.1257793503568303
34896,0.38549655631467244,3__nan,PertCortex_3_TGCGCAGGTATGCTTG,2.264201239840575
34897,0.28489004987670424,3__nan,PertCortex_3_TGCGCAGGTCCCTACT,1.9656569585266799
34898,0.01931389084726216,3__nan,PertCortex_3_TGCGCAGTCGCCAAAT,4.085908634906466
34899,0.4635405968793376,3__nan,PertCortex_3_TGCGGGTAGCGATAGC,1.9319471736724623
34900,0.39363400502104046,3__nan,PertCortex_3_TGCGGGTGTGGCAAAC,2.4104670847390706
34901,0.49823436014683303,3__nan,PertCortex_3_TGCGGGTTCCTCTAGC,2.0879645711402044
34902,0.09333160289302352,3__nan,PertCortex_3_TGCGGGTTCCTGTACC,3.6027072518229053
34903,0.18329183060311513,3__nan,PertCortex_3_TGCGTGGAGGCAGTCA,5.133129592118738
34904,0.13618405451712026,3__nan,PertCortex_3_TGCGTGGCATTGCGGC,3.947317249077273
34905,0.10401845183182776,3__nan,PertCortex_3_TGCGTGGGTACCGTAT,3.878078962863563
34906,0.08819124400665346,3__nan,PertCortex_3_TGCTACCCACGCATCG,3.900525836022909
34907,0.15706819577276365,3__nan,PertCortex_3_TGCTACCCATGCCACG,3.1357174860881893
34908,0.34068116445621854,3__nan,PertCortex_3_TGGACGCCAATCTACG,2.562547018358795
34909,0.09106118250841541,3__nan,PertCortex_3_TGGACGCCACGTCTCT,2.5131901276382824
34910,0.604927979714976,3__nan,PertCortex_3_TGGCGCAAGAAACCAT,1.5976755256423345
34911,0.18404371238814157,3__nan,PertCortex_3_TGGCGCAAGTATGACA,3.6531662002139966
34912,0.11228477823346328,3__nan,PertCortex_3_TGGCTGGCACAGGTTT,4.84526120380781
34913,0.07274865907621945,3__nan,PertCortex_3_TGGCTGGCACTGTTAG,3.716925012748081
34914,0.06885053902928914,3__nan,PertCortex_3_TGGCTGGGTTCGCGAC,3.773766376142754
34915,0.1936257837696081,3__nan,PertCortex_3_TGGGAAGGTCAATACC,3.5181521819119173
34916,0.4736994467112414,3__nan,PertCortex_3_TGGGAAGGTTATCCGA,1.9379631200607017
34917,0.30478105498195696,3__nan,PertCortex_3_TGGGCGTGTCGTGGCT,2.2617468172132704
34918,0.05901486141208179,3__nan,PertCortex_3_TGGGCGTGTTCAGCGC,3.8410753330757497
34919,0.21368641805211497,3__nan,PertCortex_3_TGGTTAGCACAGACAG,3.466506284710004
34920,0.043616567614770174,3__nan,PertCortex_3_TGGTTAGCAGCTCGAC,4.153299625342175
34921,0.4489415375232462,3__nan,PertCortex_3_TGTATTCCAGCTGGCT,2.0306879355156178
34922,0.5718970041269344,3__nan,PertCortex_3_TGTCCCAAGACCTAGG,1.6902139030915588
34923,0.27409776594500446,3__nan,PertCortex_3_TGTCCCACACGGTAGA,2.622510931740015
34924,0.1168566083355359,3__nan,PertCortex_3_TGTGGTAAGTGACATA,4.217153107743635
34925,0.030038476971713426,3__nan,PertCortex_3_TGTGGTATCCTGCCAT,3.702471330981591
34926,0.08704219037124773,3__nan,PertCortex_3_TGTGTTTTCACGATGT,4.835629134439864
34927,0.15098082736668114,3__nan,PertCortex_3_TGTGTTTTCCATTCTA,4.751052708152645
34928,0.20505118984751766,3__nan,PertCortex_3_TGTTCCGCAGACGCCT,3.657637913015601
34929,0.06462513507630786,3__nan,PertCortex_3_TGTTCCGCATGGTAGG,4.671116175001489
34930,0.13870516938166055,3__nan,PertCortex_3_TGTTCCGGTCTCTTTA,3.9604905518401474
34931,0.5411507731536009,3__nan,PertCortex_3_TTAGGCAAGTCTCAAC,1.687042182211618
34932,0.3929622371967844,3__nan,PertCortex_3_TTAGGCATCTTCCTTC,2.1563409217638645
34933,0.5994635649676895,3__nan,PertCortex_3_TTAGTTCAGGGAGTAA,2.21616435243063
34934,0.5591827818498831,3__nan,PertCortex_3_TTATGCTTCGTTTAGG,1.6970524925923842
34935,0.08659157773064874,3__nan,PertCortex_3_TTCCCAGCACTACAGT,3.7679192238984376
34936,0.45331037773331384,3__nan,PertCortex_3_TTCCCAGCATCACAAC,2.1713552180707123
34937,0.13739787408436316,3__nan,PertCortex_3_TTCGAAGTCGACAGCC,3.713626659820604
34938,0.6550390542106478,3__nan,PertCortex_3_TTCGGTCAGATCACGG,1.7857884054955928
34939,0.23630602074938203,3__nan,PertCortex_3_TTCGGTCTCACGAAGG,2.690522746449066
34940,0.2266446489152116,3__nan,PertCortex_3_TTCGGTCTCGCCGTGA,3.3334894765810668
34941,0.6122324039311527,3__nan,PertCortex_3_TTCTACAAGTCTCAAC,1.541712044184034
34942,0.22897468422517378,3__nan,PertCortex_3_TTCTCAAAGGATGGAA,3.9355444443443592
34943,0.5168089513076373,3__nan,PertCortex_3_TTCTCCTTCACATACG,1.9231420513620372
34944,0.21819810518338673,3__nan,PertCortex_3_TTCTTAGAGGATGGTC,2.5609801817351734
34945,0.015147210765448399,3__nan,PertCortex_3_TTCTTAGAGTACGCGA,3.5033955003575685
34946,0.10407448666515257,3__nan,PertCortex_3_TTCTTAGCAATGGTCT,4.540240124272999
34947,0.10987016399044491,3__nan,PertCortex_3_TTGAACGTCAAACAAG,2.89548130933527
34948,0.2851256179460468,3__nan,PertCortex_3_TTGACTTAGCAAATCA,3.506893912752598
34949,0.2197130985955149,3__nan,PertCortex_3_TTGACTTCAAACTGCT,3.5071148425469936
34950,0.278644303533669,3__nan,PertCortex_3_TTGACTTCAGGAACGT,3.2921480589100365
34951,0.5427429966562701,3__nan,PertCortex_3_TTGACTTGTCTTCAAG,2.7030274021265477
34952,0.30845434539171845,3__nan,PertCortex_3_TTGACTTTCCCAAGAT,2.6757394436338795
34953,0.29498897958017795,3__nan,PertCortex_3_TTGACTTTCCGCATAA,2.5281652842587827
34954,0.16671450562178305,3__nan,PertCortex_3_TTGCCGTCACCAGCAC,3.023506496420735
34955,0.20129844060963675,3__nan,PertCortex_3_TTGCCGTGTGGTTTCA,3.3291219307109383
34956,0.12037199995035966,3__nan,PertCortex_3_TTGCGTCTCGGAATCT,4.033608419987963
34957,0.1453477380298399,3__nan,PertCortex_3_TTGGAACAGATGAGAG,4.045288726706121
34958,0.19296248138745875,3__nan,PertCortex_3_TTGGAACGTAGCGCTC,2.8267290719650653
34959,0.10384345508778749,3__nan,PertCortex_3_TTGGCAAAGACAGGCT,3.2108365753928725
34960,0.5574268994633153,3__nan,PertCortex_3_TTGGCAAAGAGGGCTT,1.7734629049031032
34961,0.10163287324372777,3__nan,PertCortex_3_TTGGCAACAGATGGCA,4.308564735105264
34962,0.22012758549866823,3__nan,PertCortex_3_TTGTAGGAGCAATATG,3.1495475925912793
34963,0.010738723966252032,3__nan,PertCortex_3_TTGTAGGTCCCGGATG,3.5663924779766276
34964,0.13458460277306505,3__nan,PertCortex_3_TTTACTGCACACATGT,4.079834574565677
34965,0.06930814664005083,3__nan,PertCortex_3_TTTACTGTCAGGATCT,4.255032068366713
34966,0.18193581510275242,3__nan,PertCortex_3_TTTATGCAGAGTGAGA,5.460520423940856
34967,0.5588753342931977,3__nan,PertCortex_3_TTTCCTCAGGGTGTGT,2.041842471715738
34968,0.26882940086179774,3__nan,PertCortex_3_TTTCCTCTCGATCCCT,2.2974059437340384
34969,0.12103825361199687,3__nan,PertCortex_3_TTTGCGCAGATGCGAC,3.9995647842388458
34970,0.5432736196264185,3__nan,PertCortex_3_TTTGCGCCAAGACACG,2.298913461185612
34971,0.29106398297552216,3__nan,PertCortex_3_TTTGCGCGTGTGACCC,2.604565316651419
34972,0.4531359643288096,3__nan,PertCortex_3_TTTGCGCTCGGCGCTA,1.8459800858836362
34973,0.16125199841007354,3__nan,PertCortex_3_TTTGGTTAGACTGGGT,2.795458524891783
34974,0.15433652257920646,3__nan,PertCortex_3_TTTGTCACAAGCCGTC,3.453763777729653
34975,0.17647009142431683,3__nan,PertCortex_3_TTTGTCACACTAGTAC,2.841596479711923
34976,0.1599378459283398,3__nan,PertCortex_3_TTTGTCACATCTCGCT,2.929363797777882
34977,0.2117559019011682,4__nan,PertCortex_4_AAACCTGTCATGTAGC,3.5350543731345225
34978,0.1561312483641804,4__nan,PertCortex_4_AAACGGGCATTCTTAC,3.2453954253992805
34979,0.0698582014247208,4__nan,PertCortex_4_AAAGTAGAGAAGATTC,4.5705391808626805
34980,0.2330077377031292,4__nan,PertCortex_4_AAATGCCAGGATCGCA,3.222166183313897
34981,0.11227163364877898,4__nan,PertCortex_4_AAATGCCTCTTTAGGG,4.390014532146047
34982,0.1314257652867976,4__nan,PertCortex_4_AACACGTTCGCGTAGC,4.750767955608433
34983,0.06440630109147374,4__nan,PertCortex_4_AACCGCGTCGTAGGTT,5.334688497075227
34984,0.056971156858404856,4__nan,PertCortex_4_AACGTTGTCCTGCCAT,5.078274053880189
34985,0.08142949973087812,4__nan,PertCortex_4_AACGTTGTCGTGGTCG,3.9949581526486235
34986,0.061887341306259266,4__nan,PertCortex_4_AACTCCCCAACGCACC,3.884060222071682
34987,0.14774021736948326,4__nan,PertCortex_4_AACTGGTAGACACGAC,4.781563295976977
34988,0.30130720379362674,4__nan,PertCortex_4_AACTTTCAGAACTCGG,3.984101213476866
34989,0.1501418596128676,4__nan,PertCortex_4_AACTTTCAGCGTAGTG,3.0323216113631486
34990,0.10708167789620575,4__nan,PertCortex_4_AACTTTCAGCTGGAAC,4.590194717283594
34991,0.08067651725666197,4__nan,PertCortex_4_AAGACCTTCCTCCTAG,3.6938201577324126
34992,0.5161412037659585,4__nan,PertCortex_4_AAGACCTTCGCAAGCC,1.9650693651654705
34993,0.1161375957312276,4__nan,PertCortex_4_AAGCCGCGTCGACTGC,4.751934612478866
34994,0.2713588572058573,4__nan,PertCortex_4_AAGGCAGTCTCCCTGA,2.5411188250205385
34995,0.17507342622591338,4__nan,PertCortex_4_AAGGTTCGTTGCTCCT,4.168802151906533
34996,0.25206639709076184,4__nan,PertCortex_4_AATCCAGTCAGTACGT,3.8215085228727714
34997,0.07221842760257541,4__nan,PertCortex_4_AATCGGTCATTCCTCG,5.441149122769724
34998,0.44395395876553906,4__nan,PertCortex_4_AATCGGTGTAAATACG,3.038725641255285
34999,0.4201986731308605,4__nan,PertCortex_4_AATCGGTTCAAGATCC,2.750797674350345
35000,0.21339393396509765,4__nan,PertCortex_4_ACACCAACACCCATTC,3.9893422160015657
35001,0.3218320984217955,4__nan,PertCortex_4_ACACCAAGTCTGGAGA,3.811750183774452
35002,0.11090015142939734,4__nan,PertCortex_4_ACACCGGAGCGAGAAA,4.317388629117176
35003,0.08215822844587048,4__nan,PertCortex_4_ACACCGGAGCTGGAAC,4.464772729948776
35004,0.08464007608508373,4__nan,PertCortex_4_ACACCGGCAGCTGGCT,4.771066658206397
35005,0.07197392909175773,4__nan,PertCortex_4_ACAGCCGAGACCACGA,4.328973891190278
35006,0.1217936929707518,4__nan,PertCortex_4_ACAGCCGGTGTAAGTA,4.475027462496186
35007,0.12016229231782904,4__nan,PertCortex_4_ACAGCTAGTAGGAGTC,5.5808740539479444
35008,0.4864004350141945,4__nan,PertCortex_4_ACATACGTCGAGCCCA,2.9959456861829548
35009,0.16933444595162853,4__nan,PertCortex_4_ACATCAGCATATGGTC,4.738483248031802
35010,0.20335486677216638,4__nan,PertCortex_4_ACATCAGGTTTGTTGG,4.102849226666536
35011,0.40820029052220524,4__nan,PertCortex_4_ACCAGTAGTGCACCAC,1.998628373935076
35012,0.45725667259815056,4__nan,PertCortex_4_ACCAGTAGTTCTGGTA,2.2939851475804014
35013,0.056835972751155775,4__nan,PertCortex_4_ACCCACTAGTCGTTTG,2.812584989293796
35014,0.5401359943526023,4__nan,PertCortex_4_ACCCACTGTCGACTAT,2.203684499915604
35015,0.6998766611882263,4__nan,PertCortex_4_ACCCACTGTTACCGAT,1.78729074027971
35016,0.5073202139547337,4__nan,PertCortex_4_ACCTTTAAGAACTCGG,2.9011530986873995
35017,0.057199709158222166,4__nan,PertCortex_4_ACCTTTATCCACGTTC,4.058252069852542
35018,0.09726515211133839,4__nan,PertCortex_4_ACGAGCCAGGAGTTTA,5.3610799993659
35019,0.44537335425471175,4__nan,PertCortex_4_ACGAGCCAGTACGACG,2.262609514110479
35020,0.15821940087435069,4__nan,PertCortex_4_ACGAGCCCAACGCACC,4.30005118892588
35021,0.295707990875935,4__nan,PertCortex_4_ACGAGCCGTGGCGAAT,3.5063040072479135
35022,0.09595036717348902,4__nan,PertCortex_4_ACGATACCAAACGTGG,4.80878113409399
35023,0.5692719462920366,4__nan,PertCortex_4_ACGCCAGAGGGATCTG,2.463567002746798
35024,0.08700497722480532,4__nan,PertCortex_4_ACGCCGATCAGGTAAA,4.1341955740727805
35025,0.1399767310643405,4__nan,PertCortex_4_ACGGAGATCAGCGATT,4.279587362732325
35026,0.6790760864924981,4__nan,PertCortex_4_ACGGGCTTCGGATGGA,2.0821977394797533
35027,0.11924264254462956,4__nan,PertCortex_4_ACGGGTCAGGACAGCT,3.9238686762177455
35028,0.1276164334429019,4__nan,PertCortex_4_ACGTCAAAGTCAATAG,4.430460085447694
35029,0.07094252274017956,4__nan,PertCortex_4_ACGTCAAGTAATTGGA,3.3839585684941413
35030,0.5894331751631589,4__nan,PertCortex_4_ACGTCAATCGTCACGG,2.106834114570438
35031,0.1539048447901196,4__nan,PertCortex_4_ACTATCTTCTTATCTG,4.238098892989039
35032,0.05823538492929262,4__nan,PertCortex_4_ACTGATGAGCTATGCT,4.61352012404042
35033,0.1039989088089468,4__nan,PertCortex_4_ACTGATGTCTCGGACG,4.661358787306316
35034,0.15745299518836517,4__nan,PertCortex_4_ACTGATGTCTCTTGAT,4.195123684477865
35035,0.20565988008156577,4__nan,PertCortex_4_ACTGTCCTCTGATTCT,3.6900147508688868
35036,0.09358194288906146,4__nan,PertCortex_4_ACTTACTCACAAGTAA,5.576650898534629
35037,0.09447142719647489,4__nan,PertCortex_4_ACTTGTTCAATAGCAA,4.6167358940065455
35038,0.16589788603507866,4__nan,PertCortex_4_ACTTGTTCATCTATGG,4.057248938643455
35039,0.06550112998499288,4__nan,PertCortex_4_ACTTTCAAGTATTGGA,4.2851448660405715
35040,0.07817945728732219,4__nan,PertCortex_4_AGAATAGGTCAAGCGA,4.9226955332971505
35041,0.12468180571959044,4__nan,PertCortex_4_AGACGTTTCCAAACTG,4.6530939177262445
35042,0.08051543547225914,4__nan,PertCortex_4_AGAGCGACACATGACT,4.398706572688729
35043,0.19775683848092473,4__nan,PertCortex_4_AGAGCGACACTTAACG,4.243660338496735
35044,0.09866786532084587,4__nan,PertCortex_4_AGAGCGACATTTCAGG,4.273079963128375
35045,0.17619733781454958,4__nan,PertCortex_4_AGAGCTTGTCCATGAT,2.8135337386055377
35046,0.20203513719554178,4__nan,PertCortex_4_AGAGTGGGTTCAACCA,4.090462890055336
35047,0.1472986492744631,4__nan,PertCortex_4_AGATCTGGTCTTGTCC,3.7836529391017346
35048,0.07277447866349167,4__nan,PertCortex_4_AGATCTGTCCCTAATT,4.3063953442753045
35049,0.16193734439865737,4__nan,PertCortex_4_AGATTGCGTATTCGTG,5.082049361715961
35050,0.16901835464437068,4__nan,PertCortex_4_AGCATACGTACCAGTT,3.5866636311240008
35051,0.0673386171728369,4__nan,PertCortex_4_AGCCTAATCATCACCC,4.751056154639593
35052,0.13671882288616516,4__nan,PertCortex_4_AGCGTATAGACAGGCT,4.711893469934079
35053,0.0710194557965857,4__nan,PertCortex_4_AGCGTATAGTCGCCGT,5.123471412275332
35054,0.1014232370903217,4__nan,PertCortex_4_AGCGTATGTCATATCG,5.577238982283588
35055,0.14743607531462732,4__nan,PertCortex_4_AGCGTATTCTAGAGTC,4.931496848694527
35056,0.11626231538323747,4__nan,PertCortex_4_AGCGTCGAGATGTTAG,3.322832359424643
35057,0.32572160282998674,4__nan,PertCortex_4_AGCTCCTAGGACAGCT,2.723186003118357
35058,0.03979174866927007,4__nan,PertCortex_4_AGCTCCTTCATTTGGG,4.235779845187934
35059,0.08960841313938282,4__nan,PertCortex_4_AGCTCCTTCCCTGACT,4.853037823628051
35060,0.04191742956540975,4__nan,PertCortex_4_AGCTCTCAGACTGTAA,5.212990921114341
35061,0.04953891623216257,4__nan,PertCortex_4_AGCTCTCAGCGTAGTG,4.767161318642565
35062,0.06831652077498448,4__nan,PertCortex_4_AGCTCTCCAAACTGCT,4.362469659480843
35063,0.11550590618196575,4__nan,PertCortex_4_AGCTCTCCACGGCGTT,5.106056045596468
35064,0.5277757786934368,4__nan,PertCortex_4_AGCTCTCCATAGAAAC,2.5213912730853116
35065,0.6606630229461179,4__nan,PertCortex_4_AGCTCTCCATGGTCTA,2.1172050969116443
35066,0.5919738195628216,4__nan,PertCortex_4_AGCTCTCGTTGTCTTT,2.4232533158170457
35067,0.030167122821475652,4__nan,PertCortex_4_AGCTTGAAGGCCCGTT,4.126588188141365
35068,-0.01962496728252696,4__nan,PertCortex_4_AGCTTGAGTATAGGGC,4.4597606631587485
35069,0.1257330241223282,4__nan,PertCortex_4_AGCTTGAGTATCGCAT,2.1676686457923444
35070,0.1774795584797516,4__nan,PertCortex_4_AGGCCACGTTGGTGGA,4.944086368390919
35071,0.14330729775937587,4__nan,PertCortex_4_AGGCCACTCAGGCAAG,4.321519972486067
35072,0.1860267626231404,4__nan,PertCortex_4_AGGCCACTCATGCATG,4.076192703092941
35073,0.02054609828539798,4__nan,PertCortex_4_AGGCCGTGTGTCAATC,4.176209668452141
35074,0.19708339187611937,4__nan,PertCortex_4_AGGGAGTTCTCTAGGA,4.931029024453249
35075,0.260362302958833,4__nan,PertCortex_4_AGGGATGAGAGCCTAG,3.2066102598242825
35076,0.518190293079512,4__nan,PertCortex_4_AGGGTGATCCTCTAGC,2.9415157208860454
35077,0.673105724139338,4__nan,PertCortex_4_AGGTCATCATTGGGCC,1.7527788836036198
35078,0.04651537116209987,4__nan,PertCortex_4_AGGTCCGTCGCATGAT,3.1773106774911475
35079,0.25151448765132506,4__nan,PertCortex_4_AGTAGTCTCACTCCTG,3.3052957340006155
35080,0.4829752307259026,4__nan,PertCortex_4_AGTGAGGAGACTGTAA,3.226839163988798
35081,0.07820337214777397,4__nan,PertCortex_4_AGTGGGAAGAAACCAT,4.630777550659597
35082,0.15662317433786974,4__nan,PertCortex_4_AGTGGGATCGGCCGAT,4.62336070760971
35083,0.3036968436710622,4__nan,PertCortex_4_AGTGTCACATTCTTAC,2.557973066943694
35084,0.4654606507710343,4__nan,PertCortex_4_AGTGTCATCGAGGTAG,2.0840154703584903
35085,0.22693453805891325,4__nan,PertCortex_4_AGTTGGTAGATCACGG,3.43217075307463
35086,0.09422380858528243,4__nan,PertCortex_4_AGTTGGTGTCTCTTTA,3.7018631009678655
35087,0.10599368889177088,4__nan,PertCortex_4_ATAACGCGTTGACGTT,5.142958761585416
35088,0.19878647283013867,4__nan,PertCortex_4_ATAACGCTCTGAGTGT,4.5799676317624565
35089,0.042155222320663224,4__nan,PertCortex_4_ATAAGAGGTCCAGTAT,5.56545634802347
35090,0.27190125549970884,4__nan,PertCortex_4_ATAAGAGGTTCAGTAC,3.3859715994533155
35091,0.18170957438925542,4__nan,PertCortex_4_ATAGACCAGCGAGAAA,3.1888988711086115
35092,0.16794896537928117,4__nan,PertCortex_4_ATAGACCCATATACGC,4.950260098803007
35093,0.06572591930298953,4__nan,PertCortex_4_ATCACGAAGAGCAATT,4.347514881954386
35094,0.1391048434372039,4__nan,PertCortex_4_ATCACGACAATTCCTT,2.718547672707427
35095,0.20541679773397367,4__nan,PertCortex_4_ATCATGGTCAGCGATT,4.44208380717434
35096,0.22171186998934833,4__nan,PertCortex_4_ATCCACCCAGCATGAG,3.9182114301690234
35097,0.5787445156922999,4__nan,PertCortex_4_ATCCACCGTTTCGCTC,2.389983047592184
35098,0.07784180949524057,4__nan,PertCortex_4_ATCCACCTCGTAGATC,5.182393975085277
35099,0.1579882050011869,4__nan,PertCortex_4_ATCCGAATCAAGAAGT,4.881276072880082
35100,0.14168444768749539,4__nan,PertCortex_4_ATCGAGTCAGAAGCAC,4.435242101721858
35101,0.29210249737682165,4__nan,PertCortex_4_ATCGAGTTCGAACTGT,3.1471516015736976
35102,0.07262082764094237,4__nan,PertCortex_4_ATCTACTAGATATGGT,5.187913228361411
35103,0.1615299027812014,4__nan,PertCortex_4_ATCTACTAGCGTTGCC,4.128087243787471
35104,0.14946809957382054,4__nan,PertCortex_4_ATCTGCCCAAGTCATC,5.423924435149193
35105,0.0962686390787876,4__nan,PertCortex_4_ATGAGGGCAGGACGTA,4.711170958950162
35106,0.042847471118215096,4__nan,PertCortex_4_ATGCGATAGGCCCTCA,4.136458312548979
35107,0.11045734506880099,4__nan,PertCortex_4_ATGCGATCAATCTGCA,5.397301703396223
35108,0.19975712441049207,4__nan,PertCortex_4_ATGGGAGTCTCTTGAT,3.8783785383250846
35109,0.11951151070281779,4__nan,PertCortex_4_ATTACTCCAAGGGTCA,4.466876521905673
35110,0.1651570857554506,4__nan,PertCortex_4_ATTACTCGTAAATGTG,5.120835168393458
35111,0.2707148639746137,4__nan,PertCortex_4_ATTATCCTCGTTACGA,3.539979740185843
35112,0.29405193531232254,4__nan,PertCortex_4_ATTCTACAGGCAAAGA,3.419244678145416
35113,0.6365237995616412,4__nan,PertCortex_4_ATTCTACAGTTACCCA,2.117696649632372
35114,0.10923912717861393,4__nan,PertCortex_4_ATTGGACGTGAGGGAG,3.947101877640988
35115,0.06973373214497372,4__nan,PertCortex_4_ATTGGTGAGCCTCGTG,4.628643487661335
35116,0.23881290504712413,4__nan,PertCortex_4_ATTGGTGTCGCATGAT,3.199231471198031
35117,0.26269787895419033,4__nan,PertCortex_4_ATTTCTGTCTGGTATG,3.5305507271400858
35118,0.13271428266106264,4__nan,PertCortex_4_ATTTCTGTCTGTCCGT,4.836819351583028
35119,0.2804237083862467,4__nan,PertCortex_4_CAACCAACAGATGAGC,3.5329364699447106
35120,0.5427899449941848,4__nan,PertCortex_4_CAACCAACAGGGTTAG,1.9830001686435812
35121,0.1062366370080479,4__nan,PertCortex_4_CAAGATCAGAGGTACC,4.823842338285819
35122,0.11315494643365387,4__nan,PertCortex_4_CAAGATCAGCCATCGC,3.580779919225192
35123,0.5182419024253172,4__nan,PertCortex_4_CACAAACAGATCTGAA,2.7837715695926573
35124,0.1422060598465428,4__nan,PertCortex_4_CACAAACGTACTCTCC,3.8373289531214545
35125,0.28099299336722416,4__nan,PertCortex_4_CACACAACAGGCTCAC,4.465884508615489
35126,0.12636834268772432,4__nan,PertCortex_4_CACACAACAGTCTTCC,4.3261573911537825
35127,0.20395632132950905,4__nan,PertCortex_4_CACACAACATCACAAC,3.9550791335364868
35128,0.2531931061446876,4__nan,PertCortex_4_CACACCTGTAAATACG,4.557470534194459
35129,0.14387666407873986,4__nan,PertCortex_4_CACAGGCAGCTGCAAG,4.330778965290565
35130,0.1885654210482227,4__nan,PertCortex_4_CACAGGCTCAAACAAG,3.7981245151536767
35131,0.1382440328606016,4__nan,PertCortex_4_CACAGGCTCAACACTG,4.307912939351208
35132,0.13758417351496083,4__nan,PertCortex_4_CACAGGCTCAGTACGT,3.4530097837081213
35133,0.13708432730334605,4__nan,PertCortex_4_CACATAGCAGGACGTA,4.004081363548624
35134,0.16781304137929579,4__nan,PertCortex_4_CACCACTCACATTAGC,3.7356154447679497
35135,0.09189382462711454,4__nan,PertCortex_4_CACCTTGGTCAATACC,4.9437477925097255
35136,0.050075590035834804,4__nan,PertCortex_4_CACCTTGTCGAGGTAG,5.007508464073277
35137,0.1180441513637972,4__nan,PertCortex_4_CACTCCAGTGGTTTCA,4.012697754123401
35138,0.11445764048762475,4__nan,PertCortex_4_CACTCCATCCTTGCCA,3.4611620266894425
35139,0.5594433635182811,4__nan,PertCortex_4_CAGAATCTCCGTAGGC,2.2303334784221787
35140,0.12057797664328164,4__nan,PertCortex_4_CAGATCAGTCGAGATG,5.253991304989868
35141,0.20227989777302252,4__nan,PertCortex_4_CAGATCATCTGTCAAG,4.347466501078152
35142,0.17147903529477393,4__nan,PertCortex_4_CAGCAGCAGGGTGTTG,5.300387556546852
35143,0.209730564419814,4__nan,PertCortex_4_CAGCAGCTCTATCCTA,3.4457436544354634
35144,0.4763700531316552,4__nan,PertCortex_4_CAGCATAAGGACGAAA,3.581349598240092
35145,0.1714322857194382,4__nan,PertCortex_4_CAGCATAGTTACGGAG,4.145777914262641
35146,0.23154531020290137,4__nan,PertCortex_4_CAGCATATCCGCATAA,4.827060476033153
35147,0.15370421927125602,4__nan,PertCortex_4_CAGCGACTCTACTATC,4.419201910581444
35148,0.15413709966678338,4__nan,PertCortex_4_CAGCTAAAGCCGCCTA,4.182143053496579
35149,0.18574572541366638,4__nan,PertCortex_4_CAGTAACGTATTACCG,4.54787673352703
35150,0.2827541982824505,4__nan,PertCortex_4_CAGTAACGTGTAACGG,4.072571306031865
35151,0.20134424802521309,4__nan,PertCortex_4_CATATGGGTCTCTCTG,3.6315440092777918
35152,0.3158241433062083,4__nan,PertCortex_4_CATATTCCATCTACGA,4.5884927492508
35153,0.059602167211710494,4__nan,PertCortex_4_CATATTCGTACCGGCT,5.069963367360459
35154,0.11806565623654697,4__nan,PertCortex_4_CATCAAGTCGGAATCT,4.759468792784262
35155,0.17915763258903722,4__nan,PertCortex_4_CATCCACAGCGAGAAA,5.520265026197925
35156,0.28001494243925223,4__nan,PertCortex_4_CATCCACTCTGGGCCA,4.376989297020031
35157,0.15126159238996245,4__nan,PertCortex_4_CATCGGGGTCGGCACT,3.3272540932226895
35158,0.20902795898506815,4__nan,PertCortex_4_CATGGCGGTGTTCGAT,5.205874213303492
35159,0.24465907928042266,4__nan,PertCortex_4_CATTCGCAGCAGGTCA,4.082223806307324
35160,0.17298338996336546,4__nan,PertCortex_4_CCAATCCGTCAGAGGT,3.4635496525996476
35161,0.2662335311425427,4__nan,PertCortex_4_CCACCTAAGCGCTCCA,4.432812643892658
35162,0.2166878984124083,4__nan,PertCortex_4_CCACCTACATGGTTGT,4.365475775776056
35163,0.09146896880833202,4__nan,PertCortex_4_CCACGGAAGTAGGCCA,3.0682177292857378
35164,0.07580496436454993,4__nan,PertCortex_4_CCACTACAGTGGGTTG,4.964518135577709
35165,0.12919188668442655,4__nan,PertCortex_4_CCACTACAGTTCGCAT,4.563307814115633
35166,0.21282551805551567,4__nan,PertCortex_4_CCAGCGATCATATCGG,3.8494004931308887
35167,0.09614569660418937,4__nan,PertCortex_4_CCATGTCTCACTGGGC,4.593744251129381
35168,0.18520753044690333,4__nan,PertCortex_4_CCATTCGAGTACGATA,3.3361940204480973
35169,0.08488227590193097,4__nan,PertCortex_4_CCATTCGCATCGACGC,4.738137910354221
35170,0.29096869800729247,4__nan,PertCortex_4_CCCAATCAGTTTCCTT,4.822036306548389
35171,0.07075682580262856,4__nan,PertCortex_4_CCCAGTTCATCACGTA,3.7300808789550715
35172,0.15861585821269816,4__nan,PertCortex_4_CCCAGTTTCGGTGTTA,4.841190695077189
35173,0.19173654404079798,4__nan,PertCortex_4_CCCTCCTCAAAGCAAT,3.8186795614906988
35174,0.10325192554680014,4__nan,PertCortex_4_CCGGGATGTCGGCTCA,3.6620942114561976
35175,0.16688371570728988,4__nan,PertCortex_4_CCGGGATGTGTTCGAT,4.841709991846496
35176,0.1013557443633034,4__nan,PertCortex_4_CCGGTAGGTAGCGATG,4.629059447174921
35177,0.10747658166832702,4__nan,PertCortex_4_CCGGTAGTCTTGTACT,5.1081952820054575
35178,0.16586531790543663,4__nan,PertCortex_4_CCGTGGAAGCAGGTCA,5.188937131285289
35179,0.1418357346189288,4__nan,PertCortex_4_CCGTTCACAGCTGCAC,4.414956535640394
35180,0.13256341821475343,4__nan,PertCortex_4_CCTAAAGTCCTAGTGA,4.09696945429908
35181,0.05926110236015347,4__nan,PertCortex_4_CCTACACCATCACCCT,4.345839336870943
35182,0.09487823614119625,4__nan,PertCortex_4_CCTCAGTGTGAGGGTT,3.687682893162142
35183,0.17551475725808174,4__nan,PertCortex_4_CCTCAGTTCGCCAGCA,4.2804503916954895
35184,0.08421718108899996,4__nan,PertCortex_4_CCTCAGTTCTAACTCT,5.064283918319219
35185,0.1428320859102253,4__nan,PertCortex_4_CCTTACGGTTCAGTAC,3.938609697264588
35186,0.18233838325741908,4__nan,PertCortex_4_CCTTCCCAGCAACGGT,3.3407437777306668
35187,0.133233083883165,4__nan,PertCortex_4_CCTTCGACATTGTGCA,5.393409904368903
35188,0.19036159294435726,4__nan,PertCortex_4_CCTTCGATCCCAAGAT,5.678659397868269
35189,0.1359304296458567,4__nan,PertCortex_4_CGAACATCAGGCAGTA,4.325446888420822
35190,0.21351089993496752,4__nan,PertCortex_4_CGAACATTCCAAGCCG,4.764874786629004
35191,0.22570324132406105,4__nan,PertCortex_4_CGAGAAGAGTGGGTTG,3.4956190607827056
35192,0.282713774524877,4__nan,PertCortex_4_CGAGCCACACGTCAGC,4.794357281275124
35193,0.20311755721185165,4__nan,PertCortex_4_CGAGCCACATCTCCCA,4.609100205123743
35194,0.13332753616148696,4__nan,PertCortex_4_CGATGGCCATGATCCA,4.330434095261136
35195,0.23690597371638272,4__nan,PertCortex_4_CGATGTAAGCGAGAAA,3.984749634258874
35196,0.24333432041287337,4__nan,PertCortex_4_CGATTGAAGAAACCAT,4.361242176083608
35197,0.0994255966701011,4__nan,PertCortex_4_CGATTGAAGCTCTCGG,3.4683229579433883
35198,0.1060337510940049,4__nan,PertCortex_4_CGATTGAGTCCCTACT,3.5120328820205913
35199,0.568039699769023,4__nan,PertCortex_4_CGATTGATCATCGATG,1.739235189847816
35200,0.10261555741463714,4__nan,PertCortex_4_CGCCAAGGTATCACCA,4.129942193697985
35201,0.01728728935623664,4__nan,PertCortex_4_CGCGGTACACATGACT,4.1180974728484525
35202,0.324678146286099,4__nan,PertCortex_4_CGCGGTATCAACGCTA,3.9819438402511786
35203,0.14027793191753757,4__nan,PertCortex_4_CGCTATCCAAGTCTGT,3.202323069838004
35204,0.149292410338489,4__nan,PertCortex_4_CGCTATCTCCAGGGCT,4.036099204542529
35205,0.13203073536361642,4__nan,PertCortex_4_CGCTATCTCCGTTGCT,5.187141047125528
35206,0.330459610264185,4__nan,PertCortex_4_CGCTGGAGTATCTGCA,3.9822188634616067
35207,0.16431401082258779,4__nan,PertCortex_4_CGGACACGTGAGGGTT,5.420569031901254
35208,0.12206058435861772,4__nan,PertCortex_4_CGGACACGTGCAGACA,4.484624341332215
35209,0.20423275282400252,4__nan,PertCortex_4_CGGACACTCCGCGGTA,2.9387348631196373
35210,0.1705907900123672,4__nan,PertCortex_4_CGGACGTCATGGTAGG,5.247366625640155
35211,0.0539675118807712,4__nan,PertCortex_4_CGGACGTTCCCAGGTG,3.571020971663929
35212,0.14820438018065646,4__nan,PertCortex_4_CGGACGTTCTGTCAAG,3.784504811201921
35213,0.2429034226767616,4__nan,PertCortex_4_CGGACTGGTTACGCGC,3.12787631113435
35214,0.08099370413679984,4__nan,PertCortex_4_CGGAGCTAGCACGCCT,4.206708351190741
35215,0.09129134801142183,4__nan,PertCortex_4_CGGAGCTGTTCCTCCA,3.876894671123595
35216,0.09226203969160449,4__nan,PertCortex_4_CGGCTAGAGCGATATA,4.5472962536477715
35217,0.12163311003526003,4__nan,PertCortex_4_CGGCTAGCACCGAATT,5.812242430225419
35218,0.15023985664160486,4__nan,PertCortex_4_CGGCTAGGTATCGCAT,3.7393173270540263
35219,0.17284326173711884,4__nan,PertCortex_4_CGGCTAGTCAACGGCC,3.828905622304681
35220,0.1764764998034133,4__nan,PertCortex_4_CGGGTCAAGCACACAG,4.797888668434847
35221,0.0989687515905429,4__nan,PertCortex_4_CGGGTCAGTTATCGGT,6.020314692459636
35222,0.0981481909614909,4__nan,PertCortex_4_CGGGTCATCTGATACG,4.224976861800415
35223,0.13131873116607717,4__nan,PertCortex_4_CGGTTAAGTTATCACG,5.227851909788986
35224,0.4697649138142926,4__nan,PertCortex_4_CGTCACTCAGCGTTCG,2.3514845297701186
35225,0.21614415492042077,4__nan,PertCortex_4_CGTCAGGGTCGAGATG,4.013124403519393
35226,0.13798799978891002,4__nan,PertCortex_4_CGTCCATAGAGCCTAG,5.607051838135174
35227,0.1389734790958617,4__nan,PertCortex_4_CGTCCATAGATAGCAT,5.530488890390643
35228,0.3435819900628332,4__nan,PertCortex_4_CGTCCATCAGTTCCCT,4.064844822089136
35229,0.4542595970744512,4__nan,PertCortex_4_CGTCCATCATGGAATA,2.26414914627302
35230,0.061935358292085615,4__nan,PertCortex_4_CGTCCATGTCAGTGGA,4.248028628592966
35231,0.1465835140883327,4__nan,PertCortex_4_CGTCCATGTCGCGGTT,4.207668521383062
35232,0.34213643561084217,4__nan,PertCortex_4_CGTCCATTCGGAAACG,3.2222635562238526
35233,0.20698622762352897,4__nan,PertCortex_4_CGTCTACAGCCAACAG,3.257611088437727
35234,0.14364292890719477,4__nan,PertCortex_4_CGTCTACTCAATACCG,3.0933389345173294
35235,0.12374644368911263,4__nan,PertCortex_4_CGTGTAAAGAGGTAGA,4.74738736883055
35236,0.2755275206960141,4__nan,PertCortex_4_CGTGTAAGTGCTTCTC,4.503523339842755
35237,0.011014884005124037,4__nan,PertCortex_4_CGTGTAATCATTCACT,3.410367173721359
35238,0.13591140255147938,4__nan,PertCortex_4_CGTGTCTAGCTGCCCA,5.481894401638965
35239,0.15471477780138093,4__nan,PertCortex_4_CGTGTCTCATCTGGTA,5.076122986244238
35240,0.4392723737077713,4__nan,PertCortex_4_CGTGTCTTCAACGCTA,2.2872490798900182
35241,0.08430575824136594,4__nan,PertCortex_4_CGTGTCTTCGTATCAG,3.884983673155163
35242,0.5333702797090984,4__nan,PertCortex_4_CGTTGGGGTTCACCTC,2.1201876819196412
35243,0.16384484899156157,4__nan,PertCortex_4_CGTTGGGTCCAAGCCG,4.1270676537236595
35244,0.12534494342107333,4__nan,PertCortex_4_CTAAGACAGATAGTCA,5.724711007868675
35245,0.1157096551291529,4__nan,PertCortex_4_CTAATGGCACAGATTC,3.7010290163075004
35246,0.21269920218042232,4__nan,PertCortex_4_CTACACCCATTGGGCC,4.528769639947806
35247,0.07396004165205766,4__nan,PertCortex_4_CTACCCACAAGGTTTC,4.018913994405991
35248,0.1852809733304837,4__nan,PertCortex_4_CTACCCACATTACCTT,4.831379229644779
35249,0.20511998172726842,4__nan,PertCortex_4_CTACGTCCAAACCCAT,3.7615400881191547
35250,0.1688301093284504,4__nan,PertCortex_4_CTAGCCTCACTTCGAA,5.364540390788173
35251,0.31336079279606893,4__nan,PertCortex_4_CTAGCCTTCCTATTCA,3.997994873292779
35252,0.1339067231650715,4__nan,PertCortex_4_CTCAGAAGTTGGACCC,5.577978088928847
35253,0.18047395176636258,4__nan,PertCortex_4_CTCAGAATCTGGTGTA,4.767297306665875
35254,0.36523331642551515,4__nan,PertCortex_4_CTCATTAAGTGTACCT,4.011678844197889
35255,0.2154279176288835,4__nan,PertCortex_4_CTCATTATCAGTCCCT,4.711605706737504
35256,0.18504783647444908,4__nan,PertCortex_4_CTCATTATCGCCATAA,5.342893188057349
35257,0.04591000332481432,4__nan,PertCortex_4_CTCCTAGCAGCTCCGA,5.773010544016257
35258,0.2707807629684722,4__nan,PertCortex_4_CTCCTAGGTAAATACG,4.411693942868824
35259,0.2401230801534955,4__nan,PertCortex_4_CTCCTAGGTTAAGTAG,3.8140491071937404
35260,0.03219051927256502,4__nan,PertCortex_4_CTCGAAAAGTTCGCGC,2.5976604402131014
35261,0.2512852427455601,4__nan,PertCortex_4_CTCGAAAGTACCGCTG,3.2084065100640626
35262,0.1708848367005582,4__nan,PertCortex_4_CTCGGAGGTCATCGGC,3.7605758194689205
35263,0.14596129477068495,4__nan,PertCortex_4_CTCGGGAAGAGCCCAA,5.456213097799202
35264,0.10037269116334331,4__nan,PertCortex_4_CTCTACGCACCCTATC,4.719139732254689
35265,0.2516972988586343,4__nan,PertCortex_4_CTCTACGTCACGAAGG,2.9108272072557315
35266,0.32686760203254683,4__nan,PertCortex_4_CTCTGGTCACGGCGTT,2.935866592768477
35267,0.21601960881799673,4__nan,PertCortex_4_CTCTGGTCATTGCGGC,4.455442778026804
35268,0.2873411886005529,4__nan,PertCortex_4_CTGCCTAGTACTTGAC,3.6649535425622846
35269,0.19438546740515067,4__nan,PertCortex_4_CTGCCTAGTTACCAGT,4.804747243663322
35270,0.18660250291002162,4__nan,PertCortex_4_CTGCCTAGTTTAGGAA,4.738375040292088
35271,0.12987758138332575,4__nan,PertCortex_4_CTGCCTATCTTACCTA,3.820120596392261
35272,0.452471077886875,4__nan,PertCortex_4_CTGCGGAAGAATAGGG,1.7204812793547768
35273,0.08006973887038188,4__nan,PertCortex_4_CTGCTGTAGACATAAC,4.34542701488156
35274,0.1278862620613192,4__nan,PertCortex_4_CTGCTGTGTAACGCGA,3.8258055471887658
35275,0.25496850310003744,4__nan,PertCortex_4_CTGCTGTGTCTTGATG,4.328096680713718
35276,0.12130354462496473,4__nan,PertCortex_4_CTGCTGTTCTTGACGA,4.564613143659312
35277,0.23684432240084077,4__nan,PertCortex_4_CTGGTCTCAAGGCTCC,3.9730675252139482
35278,0.652520393967329,4__nan,PertCortex_4_CTGTGCTAGTCCGTAT,1.8293778644768948
35279,0.07469804350355086,4__nan,PertCortex_4_CTGTTTATCAGCGATT,3.5887715809203184
35280,0.19243957341623935,4__nan,PertCortex_4_CTTAACTAGATCCGAG,3.1333490433628692
35281,0.27555058428853085,4__nan,PertCortex_4_CTTAACTGTTATCGGT,4.125409647989278
35282,0.17831646105959484,4__nan,PertCortex_4_CTTACCGAGACAGACC,4.107825275516918
35283,0.16495073226879084,4__nan,PertCortex_4_CTTACCGAGGCTATCT,4.568627801940606
35284,0.2373274458119594,4__nan,PertCortex_4_CTTAGGAAGTAGGCCA,3.913456781797754
35285,0.15813942152316857,4__nan,PertCortex_4_CTTAGGATCTTAGCCC,3.1183972509130644
35286,0.17835234129244357,4__nan,PertCortex_4_CTTGGCTCAGATGAGC,4.410192674160584
35287,0.20621588749426287,4__nan,PertCortex_4_CTTTGCGCAATGGAAT,4.3527173393299305
35288,0.043763039330114085,4__nan,PertCortex_4_GAAATGAAGGTGCTTT,4.454900313044174
35289,0.24699994523071112,4__nan,PertCortex_4_GAAATGAGTCCCTACT,3.676900081646902
35290,0.22637511556982276,4__nan,PertCortex_4_GAACCTAAGATAGCAT,4.821754206823411
35291,0.06929717401260242,4__nan,PertCortex_4_GAACCTACAAGTTAAG,3.1833785346412715
35292,0.20521290773333142,4__nan,PertCortex_4_GAACCTACAGGGTACA,3.4566635823336647
35293,0.1091186946118825,4__nan,PertCortex_4_GAACCTAGTGGTACAG,5.377576051449671
35294,0.11410962290464385,4__nan,PertCortex_4_GAACGGATCGTTTATC,4.678835313332309
35295,0.12776357886421524,4__nan,PertCortex_4_GAAGCAGTCGCTGATA,4.403288120514343
35296,0.021759508898262406,4__nan,PertCortex_4_GAAGCAGTCTTGGGTA,4.9545596094535185
35297,0.2038385634223379,4__nan,PertCortex_4_GAATAAGGTACTTCTT,4.60315071344171
35298,0.11986279258864112,4__nan,PertCortex_4_GAATAAGGTGCTGTAT,5.234134012556369
35299,0.16228753769013837,4__nan,PertCortex_4_GAATGAAAGTATCGAA,5.146282334320304
35300,0.14111728036292917,4__nan,PertCortex_4_GAATGAAAGTGAAGAG,4.749494812048646
35301,0.17610488872699004,4__nan,PertCortex_4_GACAGAGCAATGCCAT,4.577024598184757
35302,0.07386215968004571,4__nan,PertCortex_4_GACAGAGGTTTGACTG,4.507651483170168
35303,0.25414856951721876,4__nan,PertCortex_4_GACAGAGTCCACTCCA,3.8078194710154816
35304,0.31031029001403554,4__nan,PertCortex_4_GACCTGGGTATCGCAT,3.9066343081103714
35305,0.2085225329897063,4__nan,PertCortex_4_GACGCGTGTATAATGG,4.2809419090080265
35306,0.07030968276392167,4__nan,PertCortex_4_GACGGCTGTAAGTTCC,5.3837516353313735
35307,0.12281278540956542,4__nan,PertCortex_4_GACGGCTTCCCTTGTG,5.2770494674712785
35308,0.04035123274280152,4__nan,PertCortex_4_GACGTGCTCCGCGGTA,4.697438968127359
35309,0.2400337225361543,4__nan,PertCortex_4_GACGTGCTCCTTAATC,4.610742795104918
35310,0.23788977170900105,4__nan,PertCortex_4_GACGTTACACAAGCCC,3.5824997994158227
35311,0.29252977661472623,4__nan,PertCortex_4_GACGTTAGTACGACCC,4.151614671806264
35312,0.16171741870100625,4__nan,PertCortex_4_GACGTTAGTCTCATCC,5.8110222924660455
35313,0.304707071464718,4__nan,PertCortex_4_GACGTTATCACCGGGT,3.9417155655019824
35314,0.13883698033360975,4__nan,PertCortex_4_GACTAACCAGGCAGTA,3.6667631932636913
35315,0.14226598790109363,4__nan,PertCortex_4_GACTACACATTGTGCA,4.721276522167772
35316,0.04654354887783017,4__nan,PertCortex_4_GAGGTGATCGCAAGCC,4.2396614642073365
35317,0.17952720553459903,4__nan,PertCortex_4_GAGTCCGCACAAGCCC,5.127295724936775
35318,0.14907476635872882,4__nan,PertCortex_4_GATCAGTGTCGGATCC,4.765775531658482
35319,0.11230208995215252,4__nan,PertCortex_4_GATCAGTTCTCAAACG,2.5917042910156463
35320,0.4716194541080289,4__nan,PertCortex_4_GATCAGTTCTGATTCT,2.2543650989875097
35321,0.1710558415269204,4__nan,PertCortex_4_GATCGATTCGGTGTCG,4.434660694228332
35322,0.21364310931052047,4__nan,PertCortex_4_GATCGCGCATTGAGCT,2.9261925257186414
35323,0.149944250245957,4__nan,PertCortex_4_GATGAAAAGACACGAC,4.833658178003292
35324,0.09681095949768559,4__nan,PertCortex_4_GATGAAACAAACAACA,4.38740584987436
35325,0.23154967049413977,4__nan,PertCortex_4_GATGAGGAGGATGGTC,3.992234538258149
35326,0.12253507623107159,4__nan,PertCortex_4_GATGAGGCAGTTCATG,3.2208271505004924
35327,0.14745563466630884,4__nan,PertCortex_4_GATGCTACAGTGGAGT,3.940569620911839
35328,0.24251380118389873,4__nan,PertCortex_4_GCAAACTCACAACTGT,3.7554990112295803
35329,0.19859397175236757,4__nan,PertCortex_4_GCAATCAAGTACCGGA,4.590567608022158
35330,0.1253621053992765,4__nan,PertCortex_4_GCACATATCTCTGCTG,3.740824914919916
35331,0.08082577331295795,4__nan,PertCortex_4_GCACTCTAGCACAGGT,4.452635423496097
35332,0.12618097847862117,4__nan,PertCortex_4_GCAGTTACAATGGATA,5.589874857095534
35333,0.30689723502026134,4__nan,PertCortex_4_GCAGTTAGTTCACCTC,2.1797884724850602
35334,0.1261453254395318,4__nan,PertCortex_4_GCATACAAGCTAGTGG,4.118914656393129
35335,0.33394990207453484,4__nan,PertCortex_4_GCATGATTCTGCTGTC,2.6619847088211284
35336,0.11590876986093404,4__nan,PertCortex_4_GCATGTACATGCCCGA,4.027241069240031
35337,0.2500322623347328,4__nan,PertCortex_4_GCCAAATGTCTGGTCG,4.469041847686372
35338,0.10893662301786555,4__nan,PertCortex_4_GCCTCTAGTAGGCATG,4.6344316137742405
35339,0.1662225842583215,4__nan,PertCortex_4_GCCTCTATCGCCAAAT,3.9796678322543304
35340,0.20104303706822454,4__nan,PertCortex_4_GCGCAACCAGAGCCAA,4.391275419718917
35341,0.16858766240002773,4__nan,PertCortex_4_GCGCAGTAGACTTTCG,4.841986523552841
35342,0.21248822954699736,4__nan,PertCortex_4_GCGCAGTAGTGAAGTT,4.058594646740516
35343,0.21699509855225593,4__nan,PertCortex_4_GCGCAGTCACGAAGCA,4.7843816972644655
35344,0.14450564992704695,4__nan,PertCortex_4_GCGCAGTCATTACGAC,3.553194933910393
35345,0.15867482785053366,4__nan,PertCortex_4_GCGCCAAGTCCTCCAT,5.389007690164206
35346,0.20316631116760928,4__nan,PertCortex_4_GCGCCAATCCGTAGGC,3.030208770373255
35347,0.4549020682673438,4__nan,PertCortex_4_GCGCGATGTGTTGGGA,2.855531625816073
35348,0.09668320563221378,4__nan,PertCortex_4_GCGGGTTGTAAACGCG,3.912369740989119
35349,0.19757081610628457,4__nan,PertCortex_4_GCTCCTAGTTCCCTTG,3.6615821653329363
35350,0.11546288474130587,4__nan,PertCortex_4_GCTCCTATCCTCAACC,3.7925670974425874
35351,0.11199675706140357,4__nan,PertCortex_4_GCTCTGTGTCATATGC,3.499731140629229
35352,0.16762820044785268,4__nan,PertCortex_4_GCTCTGTGTTCACGGC,3.60561894910402
35353,0.24853139348466885,4__nan,PertCortex_4_GCTGGGTAGGCCCTCA,4.651287262795083
35354,0.24738851138866028,4__nan,PertCortex_4_GCTGGGTAGTCGATAA,4.371199085411633
35355,0.18963401204401756,4__nan,PertCortex_4_GCTGGGTTCAGCCTAA,4.253493202750418
35356,0.4358195178017735,4__nan,PertCortex_4_GCTTGAAAGACTCGGA,3.785749065757729
35357,0.22155794582070504,4__nan,PertCortex_4_GCTTGAAAGCAATCTC,4.696666842377672
35358,0.10762188602261488,4__nan,PertCortex_4_GCTTGAACAGCAGTTT,3.5320866545716956
35359,0.45184980939313346,4__nan,PertCortex_4_GGAAAGCTCGGTCTAA,2.388205371370903
35360,0.1408619842861007,4__nan,PertCortex_4_GGACAAGGTGTTCGAT,4.28300125462237
35361,0.15597739654625595,4__nan,PertCortex_4_GGACAAGTCGCTTAGA,5.525756254905778
35362,0.15078571705495106,4__nan,PertCortex_4_GGACATTGTCCAACTA,4.941007744601833
35363,0.055828731650992135,4__nan,PertCortex_4_GGACATTTCTTAGCCC,4.524184191712666
35364,0.1551916592140822,4__nan,PertCortex_4_GGAGCAACAAAGTGCG,2.850785510013273
35365,0.17624082180277523,4__nan,PertCortex_4_GGAGCAACAGTCGTGC,5.390025176483797
35366,0.07292458162277095,4__nan,PertCortex_4_GGAGCAAGTAAGAGGA,4.801540681138189
35367,0.07256388362662111,4__nan,PertCortex_4_GGAGCAAGTGCAACGA,3.9746450971608973
35368,0.10425059768115952,4__nan,PertCortex_4_GGAGCAAGTGGGTCAA,5.408466181925129
35369,0.2200919394740396,4__nan,PertCortex_4_GGAGCAAGTTGTCGCG,5.043467454315713
35370,0.08696088214609497,4__nan,PertCortex_4_GGAGCAAGTTTACTCT,3.3758577834542347
35371,0.14689637038205006,4__nan,PertCortex_4_GGATTACCACGAGAGT,5.93948028304265
35372,0.14317642542477552,4__nan,PertCortex_4_GGATTACTCTAACTGG,4.621475488018252
35373,0.1270057958187477,4__nan,PertCortex_4_GGCGACTAGCAGATCG,5.700609443455766
35374,0.1747939097274429,4__nan,PertCortex_4_GGCGACTTCGCTGATA,3.9470530846532674
35375,0.14102185083154645,4__nan,PertCortex_4_GGCTCGAAGACACGAC,5.25096084281567
35376,0.1591940778882191,4__nan,PertCortex_4_GGCTCGAAGCGAAGGG,4.234125687378678
35377,0.12321271324371252,4__nan,PertCortex_4_GGCTCGAAGGATGTAT,4.693610220382638
35378,0.20618307699409918,4__nan,PertCortex_4_GGCTCGAGTTCGCGAC,4.69749893989609
35379,0.15154099464767773,4__nan,PertCortex_4_GGCTGGTCAAGGACTG,5.905013356530388
35380,0.12384232037793262,4__nan,PertCortex_4_GGCTGGTCAATAACGA,3.6162731792363685
35381,0.10496359252737933,4__nan,PertCortex_4_GGGAATGCACATGGGA,3.823439064272781
35382,0.1508640325451497,4__nan,PertCortex_4_GGGACCTAGATCACGG,5.332552083181963
35383,0.22756510030185373,4__nan,PertCortex_4_GGGACCTCAGGTGCCT,3.891684884791132
35384,0.08160856529637489,4__nan,PertCortex_4_GGGAGATCACGTGAGA,4.723838552018865
35385,0.12252502042247417,4__nan,PertCortex_4_GGGATGACACGTTGGC,3.9597384050491855
35386,0.06452976720993997,4__nan,PertCortex_4_GGGCACTCATGTAGTC,5.31681335715754
35387,0.1650870691354209,4__nan,PertCortex_4_GGGTCTGAGCCGTCGT,5.1298121787709965
35388,0.10768568933693771,4__nan,PertCortex_4_GGGTTGCTCCTTTCGG,4.417744653466674
35389,0.281814345468171,4__nan,PertCortex_4_GGTATTGAGCAGCGTA,2.541107381767748
35390,0.5966708603191485,4__nan,PertCortex_4_GGTATTGCAAGTTGTC,2.3372428657963136
35391,0.2348198211686236,4__nan,PertCortex_4_GGTATTGGTGCCTGGT,4.435847255151584
35392,0.2117117238129788,4__nan,PertCortex_4_GGTATTGTCATTATCC,4.826523769839507
35393,0.13246371803798676,4__nan,PertCortex_4_GGTATTGTCGCTGATA,4.953622653458735
35394,0.21900691280489035,4__nan,PertCortex_4_GGTGAAGTCACCGGGT,4.720533885544463
35395,0.15926019519746049,4__nan,PertCortex_4_GGTGCGTGTTTAAGCC,5.740780763964807
35396,0.16119195608071374,4__nan,PertCortex_4_GGTGTTATCTACTCAT,5.211734432433894
35397,0.2363770613999027,4__nan,PertCortex_4_GTAACTGTCAACTCTT,2.3172219148611495
35398,0.0360674554670209,4__nan,PertCortex_4_GTACGTATCTCGTATT,4.351504062067895
35399,0.09080075015537654,4__nan,PertCortex_4_GTACTCCCATTGAGCT,4.182353424255559
35400,0.1265735675327277,4__nan,PertCortex_4_GTACTTTAGTGGGTTG,5.336153341122937
35401,0.13582897875099426,4__nan,PertCortex_4_GTACTTTTCCATTCTA,4.609417562447995
35402,0.2960944661580944,4__nan,PertCortex_4_GTAGGCCAGTGCTGCC,4.246535824338013
35403,0.21297874656655225,4__nan,PertCortex_4_GTAGGCCTCAAAGTAG,4.974019930700617
35404,0.2162275024169409,4__nan,PertCortex_4_GTAGGCCTCTTCCTTC,3.453853815707973
35405,0.20297181696791022,4__nan,PertCortex_4_GTAGTCAAGTGATCGG,3.4938647423116627
35406,0.16829315574555492,4__nan,PertCortex_4_GTATCTTCACACTGCG,5.1454208610889856
35407,0.2291475978900026,4__nan,PertCortex_4_GTATTCTAGATCGATA,4.150869201844987
35408,0.14713512674023438,4__nan,PertCortex_4_GTCAAGTAGATACACA,4.640543985001169
35409,0.2611874148234203,4__nan,PertCortex_4_GTCATTTTCCTAAGTG,2.8807309148059974
35410,0.12722354964833138,4__nan,PertCortex_4_GTCCTCAAGTCTTGCA,3.612590208880806
35411,0.4899834630152784,4__nan,PertCortex_4_GTCCTCATCTGCGGCA,2.118115201128798
35412,0.10571624677702715,4__nan,PertCortex_4_GTCGTAACACTTCTGC,3.990079817362159
35413,0.23134871733649218,4__nan,PertCortex_4_GTCTCGTGTGTTTGGT,3.457242761711603
35414,0.18507104026257445,4__nan,PertCortex_4_GTGCAGCCACGCCAGT,5.0980367204156005
35415,0.20378084765919158,4__nan,PertCortex_4_GTGCATACAGAAGCAC,4.875589707138247
35416,0.6084155628186326,4__nan,PertCortex_4_GTGCGGTCAGTTAACC,2.2906005937191605
35417,0.10294307264635869,4__nan,PertCortex_4_GTGCTTCGTAAATGAC,5.072390883715743
35418,0.12174341683973965,4__nan,PertCortex_4_GTGCTTCGTGCGCTTG,4.463468055137081
35419,0.09150594392083486,4__nan,PertCortex_4_GTGCTTCGTTCGTTGA,4.330314812688222
35420,0.240166036784047,4__nan,PertCortex_4_GTGCTTCTCTGCTTGC,5.2143541556036155
35421,0.07699846556598744,4__nan,PertCortex_4_GTGGGTCCAAACTGTC,4.259975883895218
35422,0.21131117282632295,4__nan,PertCortex_4_GTGTTAGCACGCTTTC,4.62853657643671
35423,0.1150847992015161,4__nan,PertCortex_4_GTGTTAGCATGCTAGT,3.720880992920257
35424,0.2601761877424824,4__nan,PertCortex_4_GTTAAGCAGCGTGAAC,4.407063893288203
35425,0.258307446780539,4__nan,PertCortex_4_GTTAAGCGTACAGACG,3.3819300593442745
35426,0.28469145600007817,4__nan,PertCortex_4_GTTACAGTCCCTAACC,2.1097972699303273
35427,0.19700616596803197,4__nan,PertCortex_4_GTTCATTCACGGTTTA,3.9257837865529686
35428,0.11907403742169946,4__nan,PertCortex_4_GTTCATTCACTATCTT,5.730730627987319
35429,0.2748510780053843,4__nan,PertCortex_4_GTTCATTTCCTCAACC,4.508541991103971
35430,0.16687625166508416,4__nan,PertCortex_4_GTTCGGGCAAAGAATC,4.863966693810458
35431,0.16136911528496353,4__nan,PertCortex_4_GTTTCTACACCTCGGA,4.247005424747722
35432,0.21161049728904915,4__nan,PertCortex_4_GTTTCTACATATGGTC,4.476184588627797
35433,0.027197280203199364,4__nan,PertCortex_4_GTTTCTAGTCCGACGT,4.5942800769419145
35434,0.13702950041914316,4__nan,PertCortex_4_GTTTCTAGTCTACCTC,5.259643832924596
35435,0.17515484583104896,4__nan,PertCortex_4_TAAACCGAGAGACTAT,3.0081881787098
35436,0.24592510994230043,4__nan,PertCortex_4_TAAGAGACACAGAGGT,3.8781817363710993
35437,0.19547084938669346,4__nan,PertCortex_4_TAAGCGTTCCTAGAAC,4.872173563726656
35438,0.13602209551945116,4__nan,PertCortex_4_TAAGTGCCAGCTGCAC,3.8996853220240073
35439,0.1569568048780751,4__nan,PertCortex_4_TAAGTGCGTTTAGGAA,3.4345513460687425
35440,0.14360591397632327,4__nan,PertCortex_4_TAAGTGCTCGGATGTT,3.939726604232971
35441,0.21522078715930656,4__nan,PertCortex_4_TACAGTGTCCGCATCT,4.9631042703064825
35442,0.14741533499692863,4__nan,PertCortex_4_TACAGTGTCCTGTAGA,4.294948393088315
35443,0.2032489732663964,4__nan,PertCortex_4_TACAGTGTCTGATACG,4.901502220922495
35444,0.17763342101918658,4__nan,PertCortex_4_TACCTATAGTACGTTC,3.9493672999569203
35445,0.2021827142974637,4__nan,PertCortex_4_TACCTATGTGTCGCTG,4.579644235164678
35446,0.6116251275723595,4__nan,PertCortex_4_TACCTATTCGAGAGCA,2.216779995206522
35447,0.10767085058649817,4__nan,PertCortex_4_TACCTATTCTACTTAC,4.564466712010775
35448,0.63219308605306,4__nan,PertCortex_4_TACCTTACAGTCCTTC,2.1503017096423145
35449,0.14437057224563696,4__nan,PertCortex_4_TACGGGCCACGTCAGC,4.63730371982071
35450,0.10857899314037332,4__nan,PertCortex_4_TACTCATCACAACTGT,4.116385366884815
35451,0.5749107955181528,4__nan,PertCortex_4_TACTCATCATGACGGA,3.0284378568738437
35452,0.22436382122063647,4__nan,PertCortex_4_TACTTACGTACATCCA,3.748665202303136
35453,0.10025964689597237,4__nan,PertCortex_4_TACTTACGTAGCGTAG,4.343643799016037
35454,0.16561541408482391,4__nan,PertCortex_4_TACTTACTCGCTTGTC,3.668663235251465
35455,0.19767243053743463,4__nan,PertCortex_4_TACTTGTCACGTCTCT,4.493529655905835
35456,0.18629277707849176,4__nan,PertCortex_4_TACTTGTGTCAGGACA,5.456417251749213
35457,0.19475173153479947,4__nan,PertCortex_4_TAGACCAAGCTGTTCA,2.89466344474956
35458,0.10097473476763325,4__nan,PertCortex_4_TAGACCATCTTGTATC,3.2820303091924123
35459,0.1111789503769864,4__nan,PertCortex_4_TAGAGCTGTATTACCG,5.039265520869117
35460,0.08996184976894504,4__nan,PertCortex_4_TAGAGCTGTTCGAATC,4.912470078720875
35461,0.07943762400963993,4__nan,PertCortex_4_TAGCCGGTCGCGGATC,5.050508746891863
35462,0.21651748631510043,4__nan,PertCortex_4_TAGTGGTGTTTAGCTG,4.031980961260061
35463,0.0793959581435366,4__nan,PertCortex_4_TAGTTGGTCATACGGT,4.097139097188973
35464,0.1670792167250055,4__nan,PertCortex_4_TAGTTGGTCTTTACGT,5.498474463062101
35465,0.13834890170116598,4__nan,PertCortex_4_TATTACCAGCTAAGAT,5.341440040837899
35466,0.1330750174401504,4__nan,PertCortex_4_TATTACCCAATCAGAA,5.614258806295176
35467,0.14880559691875692,4__nan,PertCortex_4_TCAACGAGTAAGCACG,4.458234913128768
35468,0.2574673914078305,4__nan,PertCortex_4_TCACGAAGTTATCACG,4.747685648203449
35469,0.09823586612051946,4__nan,PertCortex_4_TCAGATGAGCGCTTAT,4.673825212410796
35470,0.15543048008917984,4__nan,PertCortex_4_TCAGATGGTCTCACCT,4.7986865059382104
35471,0.04838744296659679,4__nan,PertCortex_4_TCAGCAAAGACTTGAA,3.202151748024328
35472,0.11259539219803873,4__nan,PertCortex_4_TCAGCAACAGACAAAT,5.426942736865753
35473,0.1990546290262738,4__nan,PertCortex_4_TCAGCAAGTTTGCATG,4.747383598533003
35474,0.17999400499862564,4__nan,PertCortex_4_TCAGCTCTCTCTGCTG,4.972971676114263
35475,0.244855782931458,4__nan,PertCortex_4_TCAGGATGTTACCAGT,4.814919439799045
35476,0.15281008669147708,4__nan,PertCortex_4_TCAGGATTCCGTAGTA,4.768082655113869
35477,0.1911449069409042,4__nan,PertCortex_4_TCAGGTAGTAAACCTC,4.61753566846656
35478,0.1532709916955022,4__nan,PertCortex_4_TCAGGTATCTTCGGTC,4.199687661034607
35479,0.15907771839590978,4__nan,PertCortex_4_TCATTACAGCCCAATT,4.32117156536503
35480,0.2701184879284183,4__nan,PertCortex_4_TCATTTGCACGCATCG,4.5094765419667855
35481,0.09033452084357255,4__nan,PertCortex_4_TCATTTGCATGCTAGT,4.526788004361
35482,0.1141922385761674,4__nan,PertCortex_4_TCATTTGTCTAACTTC,5.221777403666708
35483,0.26412822212962583,4__nan,PertCortex_4_TCCACACGTCCCTTGT,4.11240633151305
35484,0.26046858176818566,4__nan,PertCortex_4_TCCACACTCACTCTTA,2.1996790493427754
35485,0.445614508960845,4__nan,PertCortex_4_TCCCGATAGGATGCGT,1.9841714147154894
35486,0.2573142829554305,4__nan,PertCortex_4_TCGCGAGGTACCGCTG,4.839477364390959
35487,0.28423086665270114,4__nan,PertCortex_4_TCGGGACAGCAATATG,4.50984197331945
35488,0.5365635055527667,4__nan,PertCortex_4_TCGGGACTCATTCACT,2.6915537482699237
35489,0.12169813972017196,4__nan,PertCortex_4_TCGGTAACAGCTGTAT,5.147022669583724
35490,0.15565896359092193,4__nan,PertCortex_4_TCGTACCGTACATGTC,5.016071699389446
35491,0.14898614807672197,4__nan,PertCortex_4_TCTATTGAGGCTATCT,5.4715395264456985
35492,0.1356348276560767,4__nan,PertCortex_4_TCTGAGAAGCAAATCA,4.576001035599965
35493,0.05549685861763249,4__nan,PertCortex_4_TCTGGAAGTTTGACAC,5.2131212769315605
35494,0.19506747379772693,4__nan,PertCortex_4_TCTTTCCTCAGCAACT,4.188989939821144
35495,0.16280270142091435,4__nan,PertCortex_4_TGAAAGAAGTTAGCGG,5.283569263098067
35496,0.1395634713278653,4__nan,PertCortex_4_TGAAAGACACAGGTTT,5.82532374761312
35497,0.43421257537577695,4__nan,PertCortex_4_TGAAAGATCTACTCAT,2.350674334691854
35498,0.1937775843145839,4__nan,PertCortex_4_TGACAACAGCGCCTTG,5.542626050573465
35499,0.22449637949307155,4__nan,PertCortex_4_TGACAACGTGATGTGG,5.117990013364433
35500,0.1650871654274914,4__nan,PertCortex_4_TGACGGCCAGCCTTGG,5.183171440055041
35501,0.20776571859229984,4__nan,PertCortex_4_TGACTAGTCGAATGGG,5.003796608859281
35502,0.36352402121361665,4__nan,PertCortex_4_TGAGAGGTCATCGATG,2.3655368337766443
35503,0.13642901142120306,4__nan,PertCortex_4_TGAGAGGTCTAGCACA,5.7100458368204015
35504,0.19620763202622005,4__nan,PertCortex_4_TGAGCATAGTACGACG,4.375347516951692
35505,0.4746440845289496,4__nan,PertCortex_4_TGAGCATAGTCAATAG,2.094152178615036
35506,0.15591413259043319,4__nan,PertCortex_4_TGAGCATCACAACGCC,5.626112811181358
35507,0.495410267383507,4__nan,PertCortex_4_TGCACCTAGAGCTTCT,2.811942300479325
35508,0.0956297783274428,4__nan,PertCortex_4_TGCACCTTCCGTTGTC,4.528255166108858
35509,0.07439738728049404,4__nan,PertCortex_4_TGCACCTTCGGAAATA,3.5950077821295627
35510,0.6981719986504042,4__nan,PertCortex_4_TGCCAAACATAGTAAG,1.7412403238210197
35511,0.24552122315843997,4__nan,PertCortex_4_TGCCAAAGTGATAAGT,4.2849986814497845
35512,0.6099758548261225,4__nan,PertCortex_4_TGCCAAATCCACGACG,2.35721689419242
35513,0.1581772951552483,4__nan,PertCortex_4_TGCCCATGTATCAGTC,5.064641716317508
35514,0.20334477833773992,4__nan,PertCortex_4_TGCCCATGTCCTGCTT,2.732154634567688
35515,0.2398860255334215,4__nan,PertCortex_4_TGCCCATTCGCGTTTC,3.9936111256078433
35516,0.40409964241284396,4__nan,PertCortex_4_TGCCCTAAGGAATGGA,2.5498403319877587
35517,0.23177620972916502,4__nan,PertCortex_4_TGCCCTAGTCTCTCTG,5.12942431642695
35518,0.2867798190238244,4__nan,PertCortex_4_TGCGCAGGTCCGAGTC,3.095602695701995
35519,0.16191992225495674,4__nan,PertCortex_4_TGCGCAGGTCGACTAT,3.2355560979239835
35520,0.1462790515597624,4__nan,PertCortex_4_TGCGGGTAGAGCAATT,5.140941159573802
35521,0.12070859771609259,4__nan,PertCortex_4_TGCGGGTCAATCCGAT,4.032455999701667
35522,0.17048585304963215,4__nan,PertCortex_4_TGCGGGTCACGTCTCT,3.4554930006572304
35523,0.1141119247923054,4__nan,PertCortex_4_TGGACGCCACGGTAAG,5.536963778488694
35524,0.15528000663278754,4__nan,PertCortex_4_TGGACGCGTCCAGTAT,5.4048136930268535
35525,0.12927515391183164,4__nan,PertCortex_4_TGGACGCTCAATACCG,5.3095064722243785
35526,0.24698761511173561,4__nan,PertCortex_4_TGGACGCTCACTGGGC,4.562376022353912
35527,0.12620889555708215,4__nan,PertCortex_4_TGGCGCACAGGGAGAG,5.474025320351272
35528,0.09973840927976084,4__nan,PertCortex_4_TGGCGCACAGTCAGCC,4.707686833637105
35529,0.07204891062817159,4__nan,PertCortex_4_TGGGAAGGTAACGCGA,5.311235841623642
35530,0.10862623577776817,4__nan,PertCortex_4_TGGGAAGGTCTAGGTT,3.3904862160583784
35531,0.16304465744006325,4__nan,PertCortex_4_TGGGCGTCAGCGTAAG,4.048946749182124
35532,0.11429413171271462,4__nan,PertCortex_4_TGGGCGTTCCACGAAT,5.290234548642313
35533,0.1697459078639429,4__nan,PertCortex_4_TGGTTCCAGAAGATTC,3.392881656841484
35534,0.6257339960007576,4__nan,PertCortex_4_TGTCCCAGTCACCCAG,2.180118787138823
35535,0.06188520827368761,4__nan,PertCortex_4_TGTCCCATCATGTGGT,4.387345965699338
35536,0.015197462430280365,4__nan,PertCortex_4_TGTGGTAGTAGTAGTA,4.276573568233133
35537,0.2050124412459971,4__nan,PertCortex_4_TGTGTTTAGACAGACC,4.415014028400494
35538,0.15256411708675519,4__nan,PertCortex_4_TGTGTTTTCTTGAGGT,4.017955078658698
35539,0.24550310041172949,4__nan,PertCortex_4_TGTTCCGCACCAGATT,3.896766669064417
35540,0.2664055338355367,4__nan,PertCortex_4_TGTTCCGGTCTCTTAT,3.0870009631210773
35541,0.30878344404658314,4__nan,PertCortex_4_TTAGGACGTTTACTCT,4.707802574667527
35542,0.13077798212218342,4__nan,PertCortex_4_TTAGGACTCCTCAACC,4.421665543709161
35543,0.19635298121890352,4__nan,PertCortex_4_TTATGCTTCTCAACTT,5.446979661274261
35544,0.14378851763871753,4__nan,PertCortex_4_TTCCCAGGTTCCGGCA,4.709567908916853
35545,0.1804780250340985,4__nan,PertCortex_4_TTCCCAGTCCCTTGCA,3.1555661510722355
35546,0.16568817935773603,4__nan,PertCortex_4_TTCGGTCTCGAACGGA,4.61460269095717
35547,0.1071207116005995,4__nan,PertCortex_4_TTCTACAAGACCGGAT,4.219707864897201
35548,0.06257558656123502,4__nan,PertCortex_4_TTCTACATCAGCGACC,5.375699458692669
35549,0.14200072967412025,4__nan,PertCortex_4_TTCTCAATCTAAGCCA,4.090143970365706
35550,0.1343064947482287,4__nan,PertCortex_4_TTCTCCTAGCTTCGCG,4.2310371624071905
35551,0.3255844995339198,4__nan,PertCortex_4_TTCTTAGGTGTTTGTG,2.7088955663769796
35552,0.230448513021319,4__nan,PertCortex_4_TTGAACGCACGGCGTT,4.306776263153897
35553,0.16833190490211553,4__nan,PertCortex_4_TTGACTTAGTGCTGCC,5.0044187356063885
35554,0.44210252004034845,4__nan,PertCortex_4_TTGACTTGTCCTCTTG,3.079279375521203
35555,0.16812849452925588,4__nan,PertCortex_4_TTGGCAACAATGCCAT,5.402860864858345
35556,0.09625964199455432,4__nan,PertCortex_4_TTGTAGGGTACCATCA,4.137934950159809
35557,0.2724250528411589,4__nan,PertCortex_4_TTTATGCTCTACTCAT,3.66388363281443
35558,0.2106032501371469,4__nan,PertCortex_4_TTTGCGCGTGTATGGG,3.7722870394133063
35559,0.08274939612138357,4__nan,PertCortex_4_TTTGCGCTCGTGGACC,3.595550186875561
35560,0.25719089087747204,4__nan,PertCortex_4_TTTGGTTCAAGCTGAG,4.525411389881149
35561,0.05757183327135352,4__nan,PertCortex_4_TTTGGTTGTTTGGCGC,4.86193408059807
35562,0.09400133808568183,4__nan,PertCortex_4_TTTGTCACAGGTCCAC,4.181558956056051
35563,0.09216400446775296,5__nan,PertCortex_5_AAACCTGGTAGAGGAA,4.229943726746818
35564,0.3409842639644571,5__nan,PertCortex_5_AAACGGGGTACTCAAC,2.906256457721474
35565,0.23036988974431266,5__nan,PertCortex_5_AAAGATGCATCACGAT,3.90382760028366
35566,0.30842123945730615,5__nan,PertCortex_5_AAAGATGCATTGGTAC,2.4231817878115116
35567,0.5466970690268284,5__nan,PertCortex_5_AAAGATGTCAGCGACC,1.7603759096302556
35568,0.06038238771260819,5__nan,PertCortex_5_AAATGCCGTGATGTGG,2.8566182456155618
35569,0.1761244605278216,5__nan,PertCortex_5_AAATGCCTCCACGAAT,2.7524221952438293
35570,0.5173845637574896,5__nan,PertCortex_5_AACACGTCAGCCAATT,2.4500189000260777
35571,0.2215805958036639,5__nan,PertCortex_5_AACACGTTCGCGGATC,4.091961770018271
35572,0.17773175647854597,5__nan,PertCortex_5_AACCATGAGGATGGTC,4.220490981725113
35573,0.33387401778704223,5__nan,PertCortex_5_AACCATGTCAGTTAGC,2.2003078095751616
35574,0.39658643547219236,5__nan,PertCortex_5_AACCGCGCATCCGGGT,1.813199256116213
35575,0.20928932429467725,5__nan,PertCortex_5_AACCGCGTCCGCAGTG,4.5331538616926315
35576,0.1156920049837191,5__nan,PertCortex_5_AACGTTGCATTCCTCG,4.192939298039007
35577,0.12780196306429645,5__nan,PertCortex_5_AACTCAGAGAGGGCTT,3.9648367984764867
35578,0.5281189449267455,5__nan,PertCortex_5_AACTCCCGTAGCACGA,2.999252451768332
35579,0.12986780580923266,5__nan,PertCortex_5_AACTGGTAGTGGTAGC,4.5440614904492485
35580,0.19093199008898837,5__nan,PertCortex_5_AAGACCTTCCAGAGGA,3.6997447859980377
35581,0.06480582423068888,5__nan,PertCortex_5_AATCCAGGTGCATCTA,4.347880586457259
35582,0.08770296719302476,5__nan,PertCortex_5_AATCCAGTCGTAGGTT,3.598697194829289
35583,0.18235456440752096,5__nan,PertCortex_5_ACACCAAAGACTAAGT,2.4922599924026154
35584,0.5186741373685488,5__nan,PertCortex_5_ACACCAACAGGCTCAC,2.211034633696056
35585,0.1414304565124607,5__nan,PertCortex_5_ACACCCTGTCTTGCGG,3.7573167528701337
35586,0.456017438703401,5__nan,PertCortex_5_ACACTGAAGCTTATCG,1.861258756362814
35587,0.203531580418159,5__nan,PertCortex_5_ACACTGACACGCTTTC,4.644560889080627
35588,0.05882755563428352,5__nan,PertCortex_5_ACAGCCGCAGTGGAGT,3.5451413191525534
35589,0.15847275975501096,5__nan,PertCortex_5_ACAGCTAGTCTGGAGA,4.259423347829574
35590,0.2512680849599819,5__nan,PertCortex_5_ACATACGAGGAGTTTA,3.664542424858192
35591,0.1304101134302557,5__nan,PertCortex_5_ACATACGTCAGTGTTG,4.149427987846565
35592,0.18699575922055664,5__nan,PertCortex_5_ACATGGTGTGAGGGTT,3.1358143239468337
35593,0.14054658023706107,5__nan,PertCortex_5_ACCAGTAGTACTTCTT,2.9898296217029805
35594,0.1950710974303556,5__nan,PertCortex_5_ACCAGTAGTTGTGGCC,4.284120814792596
35595,0.16407865006692937,5__nan,PertCortex_5_ACCCACTGTCGAATCT,4.132196064971409
35596,0.25668508485688596,5__nan,PertCortex_5_ACCGTAAAGGCCCGTT,2.47997870139544
35597,0.16671217955503878,5__nan,PertCortex_5_ACGAGGAAGCACCGTC,3.936513799069461
35598,0.18659830430108743,5__nan,PertCortex_5_ACGAGGAGTCCGAAGA,3.0021681860366365
35599,0.40166515881849946,5__nan,PertCortex_5_ACGATGTAGAGCTGGT,2.2005486252074027
35600,0.28695547114727665,5__nan,PertCortex_5_ACGATGTCAGTCGATT,2.923779031411672
35601,0.06812071254365244,5__nan,PertCortex_5_ACGCAGCAGTACATGA,4.3789301937003495
35602,0.2340468087330583,5__nan,PertCortex_5_ACGCAGCTCCGTAGTA,4.365095806452522
35603,0.1279128363998772,5__nan,PertCortex_5_ACGCCAGTCCGTAGTA,4.29492840684745
35604,0.06667883891454679,5__nan,PertCortex_5_ACGCCGAAGTAGGTGC,3.5257355256285163
35605,0.3196804437924549,5__nan,PertCortex_5_ACGCCGAGTTCCACGG,3.4022161423325468
35606,0.07638453693422723,5__nan,PertCortex_5_ACGGCCAAGAGGGATA,3.4258333242793797
35607,0.07227128886667265,5__nan,PertCortex_5_ACGGGTCAGAGGTTGC,4.950711814311597
35608,0.17944275250045544,5__nan,PertCortex_5_ACGTCAATCGCTTGTC,3.8413825168673847
35609,0.2243435739980311,5__nan,PertCortex_5_ACTATCTCACTCTGTC,3.6013569539983474
35610,0.18378191147116218,5__nan,PertCortex_5_ACTATCTCATCCGTGG,4.14922713885678
35611,0.32670500584182877,5__nan,PertCortex_5_ACTGAGTGTAAGTGTA,2.3416613716492334
35612,0.24978790317180943,5__nan,PertCortex_5_ACTGATGGTCTGCGGT,3.7410171387425435
35613,0.3376357471764799,5__nan,PertCortex_5_ACTGCTCAGAGGGATA,4.1258847400624505
35614,0.4012153630693318,5__nan,PertCortex_5_ACTGCTCAGGGCACTA,2.1549742870688715
35615,0.5314064570547397,5__nan,PertCortex_5_ACTGCTCGTGAGTATA,1.7916357282541993
35616,0.149644514353133,5__nan,PertCortex_5_ACTGCTCTCTAACTTC,4.582989862243328
35617,0.2346739634798745,5__nan,PertCortex_5_ACTGTCCCACTGTCGG,2.353585085091986
35618,0.1929505732359136,5__nan,PertCortex_5_ACTTGTTGTCCATGAT,5.082025984252986
35619,0.12053497967098988,5__nan,PertCortex_5_ACTTGTTTCCTGCAGG,4.743491231111529
35620,0.21787156854070547,5__nan,PertCortex_5_ACTTGTTTCTTGAGGT,3.713144039760953
35621,0.23424007024187496,5__nan,PertCortex_5_AGAGCTTAGAGGGCTT,3.5477136233355635
35622,0.6139864176485684,5__nan,PertCortex_5_AGAGTGGGTAAATGTG,1.6244422538127137
35623,0.209809013446352,5__nan,PertCortex_5_AGCAGCCAGCCAGGAT,3.443888098816599
35624,0.15681111659093339,5__nan,PertCortex_5_AGCAGCCGTTACGGAG,3.918728911598213
35625,0.11816511401858104,5__nan,PertCortex_5_AGCATACAGTAATCCC,4.425629988595036
35626,0.16571379400414782,5__nan,PertCortex_5_AGCATACAGTACATGA,4.5100392392251685
35627,0.1801474226649871,5__nan,PertCortex_5_AGCATACGTGCTGTAT,4.344535868749867
35628,0.1298545183040146,5__nan,PertCortex_5_AGCCTAAGTGATGCCC,4.121619322669521
35629,0.1802271839247884,5__nan,PertCortex_5_AGCGTATAGCGTTCCG,4.390601089982314
35630,0.4835241542126714,5__nan,PertCortex_5_AGCGTCGTCTGGTGTA,2.2129752213741574
35631,0.15584110557396172,5__nan,PertCortex_5_AGCTCCTGTGATGTGG,3.1761830681306695
35632,0.23229758141323523,5__nan,PertCortex_5_AGCTCTCAGGAGTACC,4.670257144740599
35633,0.28496097442512347,5__nan,PertCortex_5_AGCTCTCCACTTCTGC,4.116513877941175
35634,0.15650321811867815,5__nan,PertCortex_5_AGCTTGATCATAAAGG,3.8055467927834097
35635,0.23068875680273349,5__nan,PertCortex_5_AGGCCACTCTTGCCGT,2.320326482831577
35636,0.17858533318304606,5__nan,PertCortex_5_AGGCCGTAGGGATACC,2.8790762130363405
35637,0.5572286524399245,5__nan,PertCortex_5_AGGCCGTAGTGAAGAG,2.1822840766676483
35638,0.08871289067391616,5__nan,PertCortex_5_AGGCCGTTCAAAGACA,4.6607898135373755
35639,0.14308456885879495,5__nan,PertCortex_5_AGGGAGTAGATCGGGT,4.794312308558982
35640,0.13431536879740139,5__nan,PertCortex_5_AGGGAGTTCAAGATCC,3.5462410732764846
35641,0.11545764888102317,5__nan,PertCortex_5_AGGGAGTTCGTAGGAG,3.506242167624165
35642,0.12717633389098068,5__nan,PertCortex_5_AGGGTGATCTCGTATT,5.014007304428871
35643,0.06872547561923965,5__nan,PertCortex_5_AGGTCCGAGTGTTGAA,4.0087595478809295
35644,0.07481289567913121,5__nan,PertCortex_5_AGGTCCGGTACCGGCT,3.488909339149549
35645,0.31622716661915323,5__nan,PertCortex_5_AGGTCCGTCACATAGC,3.4774496400379173
35646,0.1620200644017311,5__nan,PertCortex_5_AGTAGTCAGATAGTCA,4.228043993850273
35647,0.15323517957928343,5__nan,PertCortex_5_AGTAGTCAGGCAGTCA,3.4816620119335715
35648,0.12998401254361677,5__nan,PertCortex_5_AGTAGTCTCCTGCAGG,4.174016220369144
35649,0.16369561728304613,5__nan,PertCortex_5_AGTCTTTTCTAACCGA,2.5948305788671853
35650,0.2055850689396805,5__nan,PertCortex_5_ATAGACCAGAATGTTG,3.822155874324094
35651,0.2518613689848176,5__nan,PertCortex_5_ATCACGAAGTAATCCC,3.6115240144566516
35652,0.12469451967354317,5__nan,PertCortex_5_ATCATCTAGGAGCGTT,3.185853206285928
35653,0.19196294534119857,5__nan,PertCortex_5_ATCATGGCATATGCTG,4.804844149705314
35654,0.10396113006617812,5__nan,PertCortex_5_ATCCACCCAATAAGCA,5.578972287908375
35655,0.1266357071637595,5__nan,PertCortex_5_ATCCACCCATGACGGA,4.2938876065245255
35656,0.2358987824296401,5__nan,PertCortex_5_ATCCGAATCACCAGGC,4.317940515421239
35657,0.2328713048300561,5__nan,PertCortex_5_ATCGAGTCAATGTAAG,3.9514250014753887
35658,0.21731571047318282,5__nan,PertCortex_5_ATCTACTGTTTGTGTG,3.850132388580037
35659,0.08182797698102345,5__nan,PertCortex_5_ATCTACTTCCACTGGG,4.3828044186675585
35660,0.2172465725742295,5__nan,PertCortex_5_ATCTGCCAGATCCCAT,4.716384114732364
35661,0.36808741903778847,5__nan,PertCortex_5_ATCTGCCAGCGTCAAG,2.701409190961586
35662,0.5775583046849158,5__nan,PertCortex_5_ATCTGCCTCTCTAAGG,1.6606025161163165
35663,0.10780161107600951,5__nan,PertCortex_5_ATGAGGGAGAACTCGG,4.5662149458211605
35664,0.12001106209157524,5__nan,PertCortex_5_ATGGGAGAGATGTTAG,4.909853281602112
35665,0.08688390518022723,5__nan,PertCortex_5_ATGGGAGGTACAGTGG,3.8834612046676718
35666,0.09863559126128917,5__nan,PertCortex_5_ATGTGTGGTTCAGTAC,4.318913825695177
35667,0.17771116290278188,5__nan,PertCortex_5_ATTACTCTCATCATTC,3.44248872599386
35668,0.30135838652464153,5__nan,PertCortex_5_ATTATCCCAAGGACTG,2.3709134477962746
35669,0.1577056038886274,5__nan,PertCortex_5_ATTCTACAGACTTGAA,5.1731979259141445
35670,0.2516145083524275,5__nan,PertCortex_5_ATTCTACGTCCTCTTG,3.4709645827650757
35671,0.20815123772746327,5__nan,PertCortex_5_ATTCTACTCGAATGCT,3.6185725586936743
35672,0.13581449097617695,5__nan,PertCortex_5_ATTGGACAGAAGGTGA,5.002514153936965
35673,0.15593388692469287,5__nan,PertCortex_5_ATTGGACCAGTCTTCC,5.6009472879062665
35674,0.257509462686442,5__nan,PertCortex_5_ATTGGTGAGGCTAGAC,4.204384997175962
35675,0.17304080001683161,5__nan,PertCortex_5_ATTGGTGGTCATACTG,3.651393990882514
35676,0.09624009106438543,5__nan,PertCortex_5_ATTGGTGTCTTGTATC,4.131286579641278
35677,0.4341558644785398,5__nan,PertCortex_5_CAACTAGCACGAAAGC,2.277717942300606
35678,0.14531207851391642,5__nan,PertCortex_5_CAAGAAAAGATGGGTC,3.741885757970411
35679,0.12610390298826146,5__nan,PertCortex_5_CAAGAAAGTGTTAAGA,4.677041618638509
35680,0.09753040929417651,5__nan,PertCortex_5_CAAGATCAGGTGTTAA,3.3564012804055903
35681,0.16718171922839253,5__nan,PertCortex_5_CAAGATCAGTGTACTC,2.590498894068245
35682,0.17369455929390895,5__nan,PertCortex_5_CAAGATCGTCAGAATA,3.692197402481832
35683,0.2154640633941167,5__nan,PertCortex_5_CAAGGCCCAAGAGTCG,3.9051300431710723
35684,0.1662246721248524,5__nan,PertCortex_5_CACAAACAGTAAGTAC,4.648811907683529
35685,0.5003789957611516,5__nan,PertCortex_5_CACACAACAGGTGCCT,1.7726634208552179
35686,0.3850634744815513,5__nan,PertCortex_5_CACACAAGTGCACTTA,2.1557445954576133
35687,0.42573514342905,5__nan,PertCortex_5_CACACTCGTGGTGTAG,2.3774220685824283
35688,0.16240977297396328,5__nan,PertCortex_5_CACACTCGTGTCCTCT,3.7165053561517154
35689,0.5083476878434561,5__nan,PertCortex_5_CACAGGCAGGCCCGTT,1.9854320286900735
35690,0.049763541976242213,5__nan,PertCortex_5_CACAGGCAGGGCACTA,4.790264487710758
35691,0.19421303263680664,5__nan,PertCortex_5_CACAGTAGTGGTCCGT,3.9863402724190173
35692,0.28153000701563363,5__nan,PertCortex_5_CACATAGCATCCCATC,3.8844827808462252
35693,0.11447175981907186,5__nan,PertCortex_5_CACCACTCACCTATCC,4.899720038025882
35694,0.04312473579713422,5__nan,PertCortex_5_CACCAGGGTATATGAG,3.7171184921261284
35695,0.15690034383371496,5__nan,PertCortex_5_CACCTTGGTTATGCGT,3.409330157987539
35696,0.08294901445642197,5__nan,PertCortex_5_CACTCCAAGGGCTTCC,4.525397162032639
35697,0.2112682213867855,5__nan,PertCortex_5_CACTCCATCCCGACTT,3.6559135764676105
35698,0.033516000245378014,5__nan,PertCortex_5_CAGAGAGAGTCCTCCT,3.6287631599255192
35699,0.17154099109487175,5__nan,PertCortex_5_CAGAGAGGTCTCCCTA,3.218479438880845
35700,0.10842601584334942,5__nan,PertCortex_5_CAGCATAAGTTTAGGA,3.2069749951086997
35701,0.16731707451566766,5__nan,PertCortex_5_CAGCATACATCACGAT,4.833904524981726
35702,0.21808344637351187,5__nan,PertCortex_5_CAGCATAGTAAGGATT,4.043803593049456
35703,0.06359115247294218,5__nan,PertCortex_5_CAGCCGAAGCAGCGTA,4.489188269551931
35704,0.21058719905633555,5__nan,PertCortex_5_CAGCCGACACCATGTA,3.2086937879329716
35705,0.5197535513856506,5__nan,PertCortex_5_CAGCTGGTCGGTGTCG,1.878453036270349
35706,0.2560673849350213,5__nan,PertCortex_5_CAGGTGCAGAATGTGT,3.5630454436896857
35707,0.2971974089962573,5__nan,PertCortex_5_CAGGTGCGTGTGGCTC,3.113307380423611
35708,0.1748621037382075,5__nan,PertCortex_5_CAGGTGCTCATGCAAC,4.388412051549007
35709,0.42109730191931705,5__nan,PertCortex_5_CAGTCCTCACAGTCGC,2.0136835495537624
35710,0.39537233189436866,5__nan,PertCortex_5_CATCAAGCACCCTATC,2.0216545770918386
35711,0.09121166812170978,5__nan,PertCortex_5_CATCAAGTCGTTGCCT,2.405936592699245
35712,0.14365673819489744,5__nan,PertCortex_5_CATCCACCACGGTAGA,4.225785815749945
35713,0.6452769163849639,5__nan,PertCortex_5_CATCGAAGTTCCCTTG,1.9416725996552118
35714,0.06437197760863848,5__nan,PertCortex_5_CATCGGGAGAATGTTG,4.4082365354208815
35715,0.19739649272162307,5__nan,PertCortex_5_CATCGGGGTGTGGTTT,4.113925909042875
35716,0.17230983153278132,5__nan,PertCortex_5_CATGACAAGCTGATAA,3.8440757271470947
35717,0.3379809369867977,5__nan,PertCortex_5_CATGACACAGTGAGTG,3.2374535322991123
35718,0.07885490382788042,5__nan,PertCortex_5_CATGCCTCAAAGGAAG,4.751884806793057
35719,0.12649131784009324,5__nan,PertCortex_5_CATGCCTGTAGAGTGC,4.4693131688241445
35720,0.08235168346118316,5__nan,PertCortex_5_CCAATCCGTGAAATCA,3.302658253544067
35721,0.04918451539830208,5__nan,PertCortex_5_CCAGCGAAGCTACCGC,4.735828205467485
35722,0.0744359335191593,5__nan,PertCortex_5_CCAGCGAGTGATGTCT,3.4821000271723044
35723,0.12946630883695373,5__nan,PertCortex_5_CCATGTCGTGGTCTCG,3.9993254521524637
35724,0.1306754408171943,5__nan,PertCortex_5_CCATGTCTCCGATATG,4.683693276195289
35725,0.11443556693470013,5__nan,PertCortex_5_CCCAATCAGGTGCAAC,3.628774563077175
35726,0.1068179711343999,5__nan,PertCortex_5_CCCAGTTTCCGAACGC,4.697571158013765
35727,0.11312872512677827,5__nan,PertCortex_5_CCCATACAGAGACGAA,4.119370578495565
35728,0.17981701550212695,5__nan,PertCortex_5_CCCATACGTCGCATAT,4.827937030586666
35729,0.13873766920365796,5__nan,PertCortex_5_CCCATACTCATTCACT,3.399863650537869
35730,0.14712860883719042,5__nan,PertCortex_5_CCCTCCTAGAGTGACC,4.514568362545296
35731,0.07168462453767538,5__nan,PertCortex_5_CCGGGATAGAAACCAT,3.458444026748858
35732,0.22056312496050223,5__nan,PertCortex_5_CCGGGATAGTGAACAT,4.618748265743397
35733,0.41436711398021353,5__nan,PertCortex_5_CCGGTAGCACCAGGCT,1.9814646785032373
35734,0.3931537303286487,5__nan,PertCortex_5_CCGGTAGGTCCTGCTT,2.088720815878998
35735,0.23129223575577926,5__nan,PertCortex_5_CCGTACTGTCATCGGC,3.3379120521719283
35736,0.04044092154958867,5__nan,PertCortex_5_CCGTACTTCTGAAAGA,3.819426908968124
35737,0.0031627861270238536,5__nan,PertCortex_5_CCGTGGAAGACACTAA,3.8353628465898892
35738,0.10967959964891554,5__nan,PertCortex_5_CCGTGGATCTGTCCGT,4.86516937765024
35739,0.21615266551820672,5__nan,PertCortex_5_CCGTTCAGTCCATCCT,3.653794596950528
35740,0.06761696690181836,5__nan,PertCortex_5_CCTAAAGAGCCAGGAT,3.289741194020589
35741,0.4775338049142461,5__nan,PertCortex_5_CCTACCAAGTCGTACT,1.9656751780048098
35742,0.12524355591003963,5__nan,PertCortex_5_CCTAGCTCATGTCCTC,4.2194537771307195
35743,0.13686541011237113,5__nan,PertCortex_5_CCTCAGTAGCACCGCT,3.61673036886382
35744,0.1549500632874355,5__nan,PertCortex_5_CCTCTGAAGTGAAGAG,4.115370006906229
35745,0.12877592028931073,5__nan,PertCortex_5_CCTTACGAGCCCAACC,4.375658507675462
35746,0.25706216476152033,5__nan,PertCortex_5_CCTTCCCGTAGAGTGC,4.263092442850663
35747,0.11261511435773466,5__nan,PertCortex_5_CCTTCCCTCCACGACG,5.368247477918901
35748,0.25752606515814885,5__nan,PertCortex_5_CGAACATTCCAAGTAC,4.521001686554512
35749,0.09255014911709998,5__nan,PertCortex_5_CGAATGTGTCGTGGCT,3.5549274446925985
35750,0.4486175177821922,5__nan,PertCortex_5_CGAATGTGTGTGACGA,1.9232542029311452
35751,0.4385224080428128,5__nan,PertCortex_5_CGAATGTGTTAAGGGC,1.8864526729699986
35752,0.24415249369931646,5__nan,PertCortex_5_CGACCTTCACCACCAG,1.9298481545895794
35753,0.07391283491500782,5__nan,PertCortex_5_CGAGAAGAGAGGGATA,4.1126807681606055
35754,0.05841083533707126,5__nan,PertCortex_5_CGAGAAGTCCTCCTAG,4.463895572463245
35755,0.49527070043662746,5__nan,PertCortex_5_CGAGCACGTAATTGGA,1.8143543624593963
35756,0.10471117238999277,5__nan,PertCortex_5_CGAGCACGTCAGGACA,3.657825706312396
35757,0.08211650827418383,5__nan,PertCortex_5_CGATCGGCAATAGAGT,4.261008252801407
35758,0.13987477854962885,5__nan,PertCortex_5_CGATCGGGTCTCTTAT,3.5568374439200907
35759,0.41892269934007537,5__nan,PertCortex_5_CGATGGCGTAGGAGTC,1.930454677330108
35760,0.05679232477942793,5__nan,PertCortex_5_CGATGGCTCACTTCAT,3.2638095784505783
35761,0.07623259899337186,5__nan,PertCortex_5_CGATGGCTCCTTCAAT,5.094062341940791
35762,0.33041472731162436,5__nan,PertCortex_5_CGATGTACACTAAGTC,1.8471252065232597
35763,0.13569493091678825,5__nan,PertCortex_5_CGATGTACAGACAGGT,4.522528279902308
35764,0.4707493657385613,5__nan,PertCortex_5_CGATTGAAGGAGTTTA,2.156148628019835
35765,0.1391335466855031,5__nan,PertCortex_5_CGATTGATCAAACCAC,3.6135168100106054
35766,0.21584216704133236,5__nan,PertCortex_5_CGCCAAGGTGATGTGG,3.8988682164393853
35767,0.22576486796471562,5__nan,PertCortex_5_CGCGTTTTCAATAAGG,3.1971432852731776
35768,0.10313652428381928,5__nan,PertCortex_5_CGCTATCAGTGTACTC,4.26141638017632
35769,0.21592975699537106,5__nan,PertCortex_5_CGGACACTCTCAACTT,2.1935505523232046
35770,0.13823526266429245,5__nan,PertCortex_5_CGGACGTAGGGAACGG,3.398983917221164
35771,0.07721375641620999,5__nan,PertCortex_5_CGGACTGGTGCTTCTC,4.524098726131188
35772,0.1369617843665127,5__nan,PertCortex_5_CGGACTGTCAGTTAGC,4.5596995218154905
35773,0.18821439437930204,5__nan,PertCortex_5_CGGAGTCCAGATAATG,3.9325936928551246
35774,0.2073774249255987,5__nan,PertCortex_5_CGGGTCAGTCAACTGT,4.393227569760978
35775,0.07513330760534526,5__nan,PertCortex_5_CGGGTCATCATGTCTT,4.795778064565925
35776,0.13559607258415488,5__nan,PertCortex_5_CGGTTAATCCGTTGTC,4.528949019530291
35777,0.10127512631048684,5__nan,PertCortex_5_CGTAGGCCAAGCCGTC,5.052059470582437
35778,0.34378337753873905,5__nan,PertCortex_5_CGTAGGCGTGCAACGA,3.078119937597876
35779,0.10665915881320934,5__nan,PertCortex_5_CGTAGGCTCAATCTCT,4.140256329171531
35780,0.1559518214875,5__nan,PertCortex_5_CGTCACTCAAGCTGAG,4.889848438270863
35781,0.0916807002208799,5__nan,PertCortex_5_CGTCACTGTGAAATCA,4.070760911995255
35782,0.11848901446624469,5__nan,PertCortex_5_CGTCCATAGGGATCTG,4.0842713840355795
35783,0.2529780452644556,5__nan,PertCortex_5_CGTCCATGTGTGCGTC,3.0154294646084763
35784,0.5522709291756281,5__nan,PertCortex_5_CGTCTACTCTGCCAGG,1.5845788888904735
35785,0.15128489710091944,5__nan,PertCortex_5_CGTGAGCTCACAACGT,4.373245433892555
35786,0.1784252992627718,5__nan,PertCortex_5_CGTTCTGCATCACGAT,3.476302164197402
35787,0.2017409906448734,5__nan,PertCortex_5_CTAACTTCACGAAATA,4.905392460580211
35788,0.18269447500893665,5__nan,PertCortex_5_CTAATGGAGATCCCAT,4.681401963026053
35789,0.055514541239185755,5__nan,PertCortex_5_CTAATGGAGATCGGGT,4.227500877934954
35790,0.43046485588467687,5__nan,PertCortex_5_CTACACCGTTGTTTGG,1.9411845769173517
35791,0.12048618928040987,5__nan,PertCortex_5_CTACATTCAGTATCTG,4.446704690675149
35792,0.21140780433386105,5__nan,PertCortex_5_CTACATTTCAAGAAGT,4.671524699167992
35793,0.17080878134554436,5__nan,PertCortex_5_CTACATTTCGCGTAGC,4.331201027773732
35794,0.17916180131164952,5__nan,PertCortex_5_CTACCCAAGTTAGGTA,3.7148483309526075
35795,0.08739395357004782,5__nan,PertCortex_5_CTACCCATCGCCTGAG,4.080799933393328
35796,0.4741374099578528,5__nan,PertCortex_5_CTACGTCTCTCCAACC,3.354005761341844
35797,0.17837681485181722,5__nan,PertCortex_5_CTAGAGTTCAATACCG,4.00996845222226
35798,0.2083612685640474,5__nan,PertCortex_5_CTAGCCTAGTGTACGG,4.199282356743528
35799,0.2058854779298405,5__nan,PertCortex_5_CTAGTGAAGTGTCTCA,4.857704938495303
35800,0.037462383230096846,5__nan,PertCortex_5_CTCATTACAGTCGATT,5.538914581769368
35801,0.5664253130999097,5__nan,PertCortex_5_CTCGAAACATCTCCCA,2.3818437032530144
35802,0.16916121513284718,5__nan,PertCortex_5_CTCGAGGTCTCGTTTA,4.523626096163835
35803,0.0873878275199217,5__nan,PertCortex_5_CTCGGAGAGCTGCAAG,3.4849456864938593
35804,0.5537480293287026,5__nan,PertCortex_5_CTCGGAGCACTCGACG,2.1300105512420533
35805,0.17928140057017106,5__nan,PertCortex_5_CTCGGAGTCTGTTGAG,3.787030356756271
35806,0.23731624404342286,5__nan,PertCortex_5_CTCGGGAAGTTAGCGG,3.8323200315212924
35807,0.16279423921131422,5__nan,PertCortex_5_CTCGTCAAGTTAAGTG,3.609297979949058
35808,0.2545976651891066,5__nan,PertCortex_5_CTCTAATTCCGTAGGC,4.3932215173314235
35809,0.1572133957285893,5__nan,PertCortex_5_CTCTACGCATCGGTTA,5.0018271609636225
35810,0.44385763754520824,5__nan,PertCortex_5_CTCTACGGTACTCAAC,2.9982227296289308
35811,0.1737633139179426,5__nan,PertCortex_5_CTCTACGGTGACCAAG,3.4034133432214695
35812,0.10901006903580027,5__nan,PertCortex_5_CTCTGGTGTTGCGTTA,3.9175381085894316
35813,0.1496370331360068,5__nan,PertCortex_5_CTGAAACAGGCTAGGT,3.4074341586567747
35814,0.1278971233951709,5__nan,PertCortex_5_CTGAAACTCAGTGCAT,4.710471096483034
35815,0.11316812562854503,5__nan,PertCortex_5_CTGAAACTCCTGCTTG,3.4976215221712565
35816,0.18490866726717914,5__nan,PertCortex_5_CTGAAGTAGACCTAGG,4.963391163757027
35817,0.13227891554569476,5__nan,PertCortex_5_CTGAAGTCAGCATACT,2.542879433500787
35818,0.1202403366786034,5__nan,PertCortex_5_CTGAAGTGTACAAGTA,3.565293264556968
35819,0.48311544489955294,5__nan,PertCortex_5_CTGAAGTTCGTCTGAA,1.946013845833374
35820,0.2582829951861394,5__nan,PertCortex_5_CTGATCCAGGAGTAGA,3.445984888098437
35821,0.13947540977637468,5__nan,PertCortex_5_CTGATCCAGTCTCCTC,4.599779819743575
35822,0.08152327323675734,5__nan,PertCortex_5_CTGCCTAAGTCGTTTG,4.926699361202372
35823,0.5567143391576458,5__nan,PertCortex_5_CTGCCTATCCAGTAGT,2.024550099850704
35824,0.08104688792366208,5__nan,PertCortex_5_CTGCGGAGTCATCGGC,4.00886589221314
35825,0.12005292405851713,5__nan,PertCortex_5_CTGCTGTAGTGCGATG,2.6798833357726806
35826,0.06700773594482837,5__nan,PertCortex_5_CTGGTCTCACTGTTAG,4.9487370427678234
35827,0.4635746335440711,5__nan,PertCortex_5_CTGTGCTAGAGCCCAA,2.486922278637288
35828,0.053576747295456535,5__nan,PertCortex_5_CTGTGCTTCTTCATGT,4.337800511034792
35829,0.14080423363802327,5__nan,PertCortex_5_CTGTTTAAGTGGTAAT,4.670915963251576
35830,0.057260498792716004,5__nan,PertCortex_5_CTGTTTACATTGGGCC,4.590950620248162
35831,0.06112802275177642,5__nan,PertCortex_5_CTTACCGGTCGAGTTT,4.395156485890371
35832,0.06165354657829589,5__nan,PertCortex_5_CTTAGGATCTGAAAGA,3.258292542976651
35833,0.08535277690688439,5__nan,PertCortex_5_CTTCTCTAGAGACTAT,4.649732962347913
35834,0.4700980513154232,5__nan,PertCortex_5_CTTCTCTAGCCAGAAC,2.807654596644891
35835,0.27598500399234516,5__nan,PertCortex_5_CTTCTCTAGTGTTTGC,2.2434204213950113
35836,0.1002869669480598,5__nan,PertCortex_5_CTTTGCGGTATTCGTG,3.797086916740625
35837,0.050862330598881615,5__nan,PertCortex_5_GAAACTCCAAGGACAC,3.6192057205274457
35838,0.24012969501738643,5__nan,PertCortex_5_GAAACTCTCAGCACAT,3.843407121797573
35839,0.059238197295244065,5__nan,PertCortex_5_GAAATGAAGTCGTACT,4.072837661128087
35840,0.1571114156585889,5__nan,PertCortex_5_GAACATCCATTATCTC,4.5086256440567585
35841,0.47840394864322056,5__nan,PertCortex_5_GAACCTAGTTAAGACA,2.1725518889201805
35842,0.2763054567158922,5__nan,PertCortex_5_GAACGGACACTTCTGC,4.476207049723196
35843,0.5138790947697698,5__nan,PertCortex_5_GAAGCAGCAAGTAATG,2.2920846861630317
35844,0.09090368312610839,5__nan,PertCortex_5_GAAGCAGGTAGAAAGG,4.565885867493808
35845,0.24207859147640526,5__nan,PertCortex_5_GAATAAGGTACTCAAC,3.5609066385146395
35846,0.16111074705766534,5__nan,PertCortex_5_GACACGCAGAAGGCCT,4.613907573082092
35847,0.15283194004850803,5__nan,PertCortex_5_GACAGAGCACGGTTTA,4.313219512005773
35848,0.10155693119885485,5__nan,PertCortex_5_GACAGAGCAGCCTTTC,4.083942920485176
35849,0.41552721337601484,5__nan,PertCortex_5_GACCTGGCATTGTGCA,1.8191346046600751
35850,0.286548720348473,5__nan,PertCortex_5_GACCTGGTCACTTATC,2.4129711814571873
35851,0.137122136363076,5__nan,PertCortex_5_GACGGCTCAAATACAG,3.4893422268480663
35852,0.08313955296277506,5__nan,PertCortex_5_GACTAACCAACACGCC,4.0147050704750304
35853,0.08886670780616938,5__nan,PertCortex_5_GACTAACTCCTACAGA,4.549669773133745
35854,0.16238840759857284,5__nan,PertCortex_5_GACTACACACAGGAGT,4.384323775725461
35855,0.23164359944931284,5__nan,PertCortex_5_GACTACAGTATGAATG,3.39410668808329
35856,0.16060276190422998,5__nan,PertCortex_5_GAGCAGATCCAAGCCG,3.887461922675076
35857,0.12125949015335304,5__nan,PertCortex_5_GATGAAACAGGGTTAG,3.291893379818084
35858,0.04331696613958523,5__nan,PertCortex_5_GATGAGGCAGTCGTGC,3.5158561347024797
35859,0.08081598769431612,5__nan,PertCortex_5_GATTCAGCAACACCCG,4.772521645987672
35860,0.12479288538742594,5__nan,PertCortex_5_GATTCAGCAGCCAATT,4.326344428068426
35861,0.08562908642784821,5__nan,PertCortex_5_GATTCAGGTGAAAGAG,4.233839520991002
35862,0.4279396013662181,5__nan,PertCortex_5_GCAAACTTCCGCGCAA,2.088279720998047
35863,0.08429388335336502,5__nan,PertCortex_5_GCAAACTTCTGTCAAG,4.328099562012825
35864,0.5727101286876674,5__nan,PertCortex_5_GCACATAAGTGTTAGA,2.532563833668336
35865,0.6015558641812037,5__nan,PertCortex_5_GCACATAGTCTTGCGG,2.077191058706961
35866,0.11145609971484724,5__nan,PertCortex_5_GCACTCTAGCAGACTG,3.2790770188521705
35867,0.49685758723375184,5__nan,PertCortex_5_GCAGCCAAGTCTCGGC,2.8906747424970036
35868,0.24152785284637102,5__nan,PertCortex_5_GCAGCCAGTGTGCCTG,4.394583722825195
35869,0.26537376990683864,5__nan,PertCortex_5_GCAGTTACAGCATACT,3.8199000864555663
35870,0.027874089245200705,5__nan,PertCortex_5_GCATACAAGATAGTCA,3.5017253234222108
35871,0.032303984897694774,5__nan,PertCortex_5_GCATACAAGCGATAGC,3.712529810852173
35872,0.10688433305415529,5__nan,PertCortex_5_GCATGATGTGGCAAAC,4.753089986299657
35873,0.24222136137557898,5__nan,PertCortex_5_GCATGATGTTCGGCAC,4.296720790738119
35874,0.3226004911916179,5__nan,PertCortex_5_GCATGCGCAACCGCCA,2.3074938261301297
35875,0.600768816296308,5__nan,PertCortex_5_GCATGCGTCTTCCTTC,1.4253444911030504
35876,0.12578626401761858,5__nan,PertCortex_5_GCCAAATAGCCACGCT,4.472683632403093
35877,0.6275308739521694,5__nan,PertCortex_5_GCCTCTAAGCCACCTG,1.858620032474073
35878,0.671925018242368,5__nan,PertCortex_5_GCGAGAACACTTCGAA,1.9112797213085473
35879,0.09358800484138,5__nan,PertCortex_5_GCGCAACCAGGTGCCT,3.8210099977581553
35880,0.13150254140953693,5__nan,PertCortex_5_GCGCAACTCCTGTACC,3.926898187726332
35881,0.17660492181886248,5__nan,PertCortex_5_GCGCAACTCGCCTGTT,3.2197271565145495
35882,0.15732065828327388,5__nan,PertCortex_5_GCGCAACTCTCTGTCG,4.269746216696877
35883,0.2887878495931367,5__nan,PertCortex_5_GCGCGATAGCGATCCC,4.562750318315586
35884,0.04885926316321522,5__nan,PertCortex_5_GCGCGATCAACGATGG,4.646677607393838
35885,0.16920817207922875,5__nan,PertCortex_5_GCGGGTTTCATGTCCC,2.9152179561804825
35886,0.14927120368124092,5__nan,PertCortex_5_GCTCCTATCGCGATCG,3.5963587576597567
35887,0.24206907798129992,5__nan,PertCortex_5_GCTCTGTAGACTTTCG,2.318527986915343
35888,0.07142947772096221,5__nan,PertCortex_5_GCTGCAGAGTAGTGCG,3.8920038629951708
35889,0.10918902408957278,5__nan,PertCortex_5_GCTGCAGTCATTTGGG,4.741430663986052
35890,0.16474432042154835,5__nan,PertCortex_5_GCTGCGAGTCTAACGT,3.9260682208477604
35891,0.14049137552520288,5__nan,PertCortex_5_GCTGCTTAGAGTGACC,4.22106098722264
35892,0.19969334190156426,5__nan,PertCortex_5_GCTGGGTTCTGTGCAA,4.47296852905543
35893,0.6295629708005697,5__nan,PertCortex_5_GGAAAGCAGTGCCATT,1.353732808909724
35894,0.19181986961309902,5__nan,PertCortex_5_GGAAAGCCAATCTACG,3.5740949386408882
35895,0.06042886819888187,5__nan,PertCortex_5_GGAAAGCCAGACGCAA,4.360121573490304
35896,0.5662538892018926,5__nan,PertCortex_5_GGAAAGCGTCACCCAG,1.8244845089100727
35897,0.10644740575050463,5__nan,PertCortex_5_GGAACTTTCGTGTAGT,3.576591914765143
35898,0.12887447009129296,5__nan,PertCortex_5_GGACGTCTCTCTGCTG,4.8281328712839535
35899,0.18302088528235394,5__nan,PertCortex_5_GGAGCAAAGTCAAGGC,4.633071821483214
35900,0.15293108726895893,5__nan,PertCortex_5_GGAGCAACAAGTAGTA,4.8982323257099685
35901,0.25025631941164617,5__nan,PertCortex_5_GGAGCAACACGGCGTT,3.179142100013856
35902,0.1945442624637641,5__nan,PertCortex_5_GGAGCAAGTTGACGTT,4.286904403401006
35903,0.09147379381175878,5__nan,PertCortex_5_GGATGTTCAATAAGCA,4.643250990591196
35904,0.3661153894949283,5__nan,PertCortex_5_GGATGTTCACACCGAC,1.9075949529590324
35905,0.18328173584223947,5__nan,PertCortex_5_GGATTACTCAGCTCTC,4.8321031286238485
35906,0.11792711225088127,5__nan,PertCortex_5_GGATTACTCCGATATG,3.4467025235457003
35907,0.1395230280946585,5__nan,PertCortex_5_GGCAATTAGGATTCGG,4.341499909938422
35908,0.5251418162925665,5__nan,PertCortex_5_GGCAATTTCGGCCGAT,2.4174051149749265
35909,0.3443405230076498,5__nan,PertCortex_5_GGCCGATGTTGGACCC,2.3825764625860484
35910,0.5045496134668014,5__nan,PertCortex_5_GGCCGATTCAGCTGGC,1.9032034435441112
35911,0.4227994328931203,5__nan,PertCortex_5_GGCCGATTCTGCGGCA,2.2007598853884733
35912,0.23474979621377437,5__nan,PertCortex_5_GGCCGATTCTTGTTTG,2.3190431878550233
35913,0.06746828137769867,5__nan,PertCortex_5_GGCGACTAGAGTAAGG,5.223898358562835
35914,0.10730588332154262,5__nan,PertCortex_5_GGCGACTGTTAGTGGG,4.712249229515952
35915,0.21716409530906444,5__nan,PertCortex_5_GGCGTGTGTCATCCCT,4.001099628840035
35916,0.068394330187836,5__nan,PertCortex_5_GGCTCGAAGCGTTCCG,3.6926314044925603
35917,0.24408173761090557,5__nan,PertCortex_5_GGCTCGAGTAGCGTGA,4.497802365837831
35918,0.19470628568070447,5__nan,PertCortex_5_GGCTGGTTCGTTTAGG,3.5239756621255984
35919,0.42037226984053533,5__nan,PertCortex_5_GGGACCTGTGTTTGGT,1.6906358247827356
35920,0.04101871529075312,5__nan,PertCortex_5_GGGACCTTCTAACTGG,4.04254871716405
35921,0.1477786063226687,5__nan,PertCortex_5_GGGATGATCGTTTAGG,3.7606791401321606
35922,0.2140146700970323,5__nan,PertCortex_5_GGGATGATCTTAGCCC,3.6448666037242092
35923,0.2340539291847844,5__nan,PertCortex_5_GGGCACTAGCCACCTG,4.288819202020593
35924,0.40985730326171804,5__nan,PertCortex_5_GGGCATCTCTTGCCGT,1.7024547180722218
35925,0.30180086136115347,5__nan,PertCortex_5_GGGTCTGGTCACCCAG,4.0504124793675995
35926,0.17786675947316707,5__nan,PertCortex_5_GGTATTGAGAGACTTA,4.637351662138829
35927,0.25835052264985503,5__nan,PertCortex_5_GGTATTGTCCGTTGTC,2.9377541959940894
35928,0.10419544802317418,5__nan,PertCortex_5_GGTGCGTGTCTAAAGA,4.365801004727567
35929,0.30024344766043765,5__nan,PertCortex_5_GGTGCGTGTTGCCTCT,3.9709918042246906
35930,0.15227890030190666,5__nan,PertCortex_5_GGTGTTAAGGGATGGG,4.678826822268438
35931,0.4522096571580958,5__nan,PertCortex_5_GGTGTTAAGTTACCCA,2.207983998564433
35932,0.42234883251747485,5__nan,PertCortex_5_GTAACGTTCAGGCCCA,2.006807452741554
35933,0.21561959713330756,5__nan,PertCortex_5_GTAACGTTCAGTTTGG,4.41321236698291
35934,0.0979005650924037,5__nan,PertCortex_5_GTAACTGGTGACTCAT,4.617129207758626
35935,0.105783302912549,5__nan,PertCortex_5_GTACTCCAGTACGACG,4.091188123034515
35936,0.2368705038533056,5__nan,PertCortex_5_GTACTTTAGAGTTGGC,2.808770375094077
35937,0.19243475362738405,5__nan,PertCortex_5_GTAGGCCCAGATCTGT,3.936769605748915
35938,0.15311300095627525,5__nan,PertCortex_5_GTCATTTCAGACACTT,4.043957068551707
35939,0.12055981151522498,5__nan,PertCortex_5_GTCATTTGTCCGCTGA,3.637301546221008
35940,0.08604546522076159,5__nan,PertCortex_5_GTCATTTTCTGGTATG,4.58530981026118
35941,0.27491345957897706,5__nan,PertCortex_5_GTCCTCACATGTCTCC,4.375007585561208
35942,0.21469762990024266,5__nan,PertCortex_5_GTCCTCAGTTGGAGGT,4.318206801793929
35943,0.22655565777637163,5__nan,PertCortex_5_GTCGGGTAGAAGGTTT,4.894272087439967
35944,0.08143101274630939,5__nan,PertCortex_5_GTCGTAAGTTGCGTTA,4.646333411103217
35945,0.6371146003852913,5__nan,PertCortex_5_GTCTTCGGTCAGGACA,1.8534740311238542
35946,0.13157595325835175,5__nan,PertCortex_5_GTGAAGGAGCTAGTTC,4.942062359900534
35947,0.14845364382033369,5__nan,PertCortex_5_GTGAAGGGTGAAATCA,3.7384634796210325
35948,0.1596298226295568,5__nan,PertCortex_5_GTGCATACACGGTAGA,4.348846026743479
35949,0.18079295516788585,5__nan,PertCortex_5_GTGCGGTCAGGGTACA,2.9912450262467267
35950,0.04531106376516977,5__nan,PertCortex_5_GTGCTTCTCACTTATC,4.21959190301406
35951,0.6068617819715184,5__nan,PertCortex_5_GTGGGTCCAAAGTCAA,1.3600243734606214
35952,0.30225494168054234,5__nan,PertCortex_5_GTGGGTCCATGCCACG,2.725773310991257
35953,0.29554584346927987,5__nan,PertCortex_5_GTGTTAGAGAGTCTGG,4.209784332597936
35954,0.12557575978898555,5__nan,PertCortex_5_GTGTTAGCACTGTCGG,3.32194924250542
35955,0.09362266482065709,5__nan,PertCortex_5_GTTAAGCCACGCGAAA,4.49181861146782
35956,0.5267128409018024,5__nan,PertCortex_5_GTTAAGCGTCGGATCC,2.268358647476879
35957,0.2148501068593648,5__nan,PertCortex_5_GTTAAGCTCATAACCG,3.7956017565973643
35958,0.6073676380193169,5__nan,PertCortex_5_GTTACAGCATTAGGCT,2.261612007467006
35959,0.18212386398338443,5__nan,PertCortex_5_GTTACAGTCCAAGTAC,3.378067136229955
35960,0.1970533290153075,5__nan,PertCortex_5_GTTCATTCATTCCTCG,2.9423869649367935
35961,0.14364086045409516,5__nan,PertCortex_5_GTTCATTGTTTACTCT,4.145998041997254
35962,0.34172974439760895,5__nan,PertCortex_5_GTTCATTTCTAACGGT,1.879514862983467
35963,0.152404754714366,5__nan,PertCortex_5_GTTCATTTCTATGTGG,3.632743819515724
35964,0.04970479160204733,5__nan,PertCortex_5_GTTCTCGAGTGACATA,3.92426135288447
35965,0.4716816264748147,5__nan,PertCortex_5_GTTCTCGCAGTTTACG,1.9509017999542948
35966,0.2835384719078127,5__nan,PertCortex_5_GTTCTCGTCAACGGCC,4.499938056410406
35967,0.4392724041055671,5__nan,PertCortex_5_TAAGAGAAGTGAATTG,2.405024838825569
35968,0.15007137701083093,5__nan,PertCortex_5_TAAGAGACATGCCCGA,4.341165393105856
35969,0.15772032439849812,5__nan,PertCortex_5_TAAGCGTAGCAGGTCA,3.709868307811511
35970,0.07842892245072348,5__nan,PertCortex_5_TAAGTGCTCCAAACAC,4.448318713690224
35971,0.5705420369331338,5__nan,PertCortex_5_TACCTATGTTTACTCT,2.388756144533989
35972,0.09155817135140186,5__nan,PertCortex_5_TACCTATTCAACGGGA,4.567568148398238
35973,0.1229843091907877,5__nan,PertCortex_5_TACGGATCAACCGCCA,4.929123646155935
35974,0.18914139910809039,5__nan,PertCortex_5_TACGGGCGTCATGCAT,3.5221744933425123
35975,0.09466631602219597,5__nan,PertCortex_5_TACGGTAAGAAACCTA,4.256303072207667
35976,0.3626310781677077,5__nan,PertCortex_5_TACTCATAGAGCCTAG,2.1902373586205863
35977,0.23353170843632556,5__nan,PertCortex_5_TACTTACTCTCGTATT,3.3596280527904536
35978,0.15834762880271172,5__nan,PertCortex_5_TACTTGTGTATATGAG,4.310144093544665
35979,0.17661328777572952,5__nan,PertCortex_5_TAGAGCTAGGTGCTTT,4.536405797813446
35980,0.09570126513463492,5__nan,PertCortex_5_TAGAGCTGTTCAGACT,5.24195618265191
35981,0.12730258315604756,5__nan,PertCortex_5_TAGCCGGAGTCTCGGC,4.073461619616885
35982,0.2860400258206773,5__nan,PertCortex_5_TAGGCATTCCTTGCCA,4.572916292907439
35983,0.1451918982092939,5__nan,PertCortex_5_TAGTTGGAGTAGCGGT,4.689430729897268
35984,0.12286354810284623,5__nan,PertCortex_5_TAGTTGGGTCCGAATT,4.752963377757815
35985,0.5325800941326988,5__nan,PertCortex_5_TATGCCCAGAGTCTGG,1.4887136116654074
35986,0.24597579524238938,5__nan,PertCortex_5_TATTACCGTGAGGGTT,4.235684237216376
35987,0.07032412793155364,5__nan,PertCortex_5_TCACAAGTCAGGTAAA,4.296147549340652
35988,0.07074818175405831,5__nan,PertCortex_5_TCACGAAAGCGATAGC,3.597495119495409
35989,0.08842863341477658,5__nan,PertCortex_5_TCAGATGAGCCGATTT,3.5254824995905656
35990,0.08284329243657763,5__nan,PertCortex_5_TCAGATGGTAGGGACT,4.483530153492768
35991,0.08512667725591745,5__nan,PertCortex_5_TCAGGATCACACATGT,5.02635717536914
35992,0.09429692805963596,5__nan,PertCortex_5_TCAGGTATCTTCCTTC,4.116726983003496
35993,0.09975121646019317,5__nan,PertCortex_5_TCATTACTCAAAGACA,4.076994302326908
35994,0.13242726908829092,5__nan,PertCortex_5_TCATTTGAGAATTGTG,3.9325563251956503
35995,0.09929176291979129,5__nan,PertCortex_5_TCATTTGGTAAATGAC,3.0214054076166557
35996,0.2405686116122853,5__nan,PertCortex_5_TCCACACCATTCACTT,2.8086519201170015
35997,0.18189692419140513,5__nan,PertCortex_5_TCCACACGTGGTAACG,4.401342588697362
35998,0.1313460702754153,5__nan,PertCortex_5_TCCACACGTTGGAGGT,4.312955717089735
35999,0.12201258010560687,5__nan,PertCortex_5_TCCCGATGTCTGATTG,4.333672269613902
36000,0.0630376917853476,5__nan,PertCortex_5_TCGAGGCAGATGTAAC,4.348875467597669
36001,0.08908792716985668,5__nan,PertCortex_5_TCGCGAGGTCACTGGC,5.021483503191672
36002,0.41069367673037394,5__nan,PertCortex_5_TCGCGTTCACATTCGA,2.2834449960387424
36003,0.39800765261807536,5__nan,PertCortex_5_TCGCGTTCACGAAAGC,2.2534753527333797
36004,0.02175412500044104,5__nan,PertCortex_5_TCGCGTTGTTCGCTAA,3.729928229403753
36005,0.18322849310185077,5__nan,PertCortex_5_TCGTAGAGTCATCCCT,4.294746138867546
36006,0.20435886292342453,5__nan,PertCortex_5_TCGTAGAGTCGGCATC,3.99813044254306
36007,0.08250743308719885,5__nan,PertCortex_5_TCGTAGAGTCGGGTCT,3.997576018272671
36008,0.2942720087988303,5__nan,PertCortex_5_TCTGAGATCATACGGT,4.4547047373662645
36009,0.2737417076328412,5__nan,PertCortex_5_TCTTCGGAGGATATAC,2.6485422936469374
36010,0.2793865444633047,5__nan,PertCortex_5_TGAAAGACATGCCTAA,4.432251189355316
36011,0.16990554219217807,5__nan,PertCortex_5_TGACAACAGTGCTGCC,4.791578601801523
36012,0.159455540660622,5__nan,PertCortex_5_TGACAACGTCGCCATG,4.2687027555589445
36013,0.14776239321332085,5__nan,PertCortex_5_TGACGGCCATCTCGCT,3.6868345837511316
36014,0.12533273114512167,5__nan,PertCortex_5_TGACTTTAGCTGATAA,4.951652069690888
36015,0.11985177843840839,5__nan,PertCortex_5_TGACTTTTCTCTAGGA,3.629288576486698
36016,0.18410086631722739,5__nan,PertCortex_5_TGAGAGGAGGCATTGG,3.1427322648435996
36017,0.1439016582052116,5__nan,PertCortex_5_TGAGAGGCATTAGCCA,3.9507691271034697
36018,0.144676584048099,5__nan,PertCortex_5_TGAGAGGTCAAAGACA,4.5425461024910545
36019,0.47906302219911523,5__nan,PertCortex_5_TGAGAGGTCGTCTGCT,1.8003649954900183
36020,0.23912515675757268,5__nan,PertCortex_5_TGAGCATAGCATCATC,4.8637497736064566
36021,0.1951554708154233,5__nan,PertCortex_5_TGAGCATCAGGTGCCT,4.312453789324274
36022,0.09489010884651904,5__nan,PertCortex_5_TGAGCATGTCATGCCG,5.0306976528000265
36023,0.1319037270739765,5__nan,PertCortex_5_TGAGCCGTCCTCCTAG,4.824394160064376
36024,0.2244324805198691,5__nan,PertCortex_5_TGATTTCCAAACGTGG,4.737367208488436
36025,0.5916565207734877,5__nan,PertCortex_5_TGCACCTTCATCGCTC,2.130715912235033
36026,0.13398491682511146,5__nan,PertCortex_5_TGCCCTAAGTGATCGG,3.529559261392396
36027,0.11181774731573133,5__nan,PertCortex_5_TGCCCTATCTGATTCT,4.078486974737174
36028,0.13310057105236675,5__nan,PertCortex_5_TGCGCAGGTAAACGCG,4.168243737579102
36029,0.16257886343446562,5__nan,PertCortex_5_TGCGGGTCACTCTGTC,4.11941399930279
36030,0.0885158010618437,5__nan,PertCortex_5_TGCGTGGTCCTCAATT,3.6170503905966855
36031,0.15974532209801276,5__nan,PertCortex_5_TGCGTGGTCTAGAGTC,3.208195929723466
36032,0.06358836765911763,5__nan,PertCortex_5_TGCTGCTTCAATACCG,3.8382555211279867
36033,0.6948106723283961,5__nan,PertCortex_5_TGCTGCTTCATAGCAC,1.3144170721881527
36034,0.15997421622177863,5__nan,PertCortex_5_TGGACGCGTTTCCACC,3.905273423198186
36035,0.27908115680604184,5__nan,PertCortex_5_TGGCCAGAGGTAGCTG,4.301821016191703
36036,0.1252158549198952,5__nan,PertCortex_5_TGGCGCAAGATCTGCT,3.402687194685672
36037,0.0785087235395594,5__nan,PertCortex_5_TGGCTGGTCAGAGACG,4.730698157698396
36038,0.10111931785750158,5__nan,PertCortex_5_TGGGAAGTCTTGAGAC,3.572254979710489
36039,0.46196120571149507,5__nan,PertCortex_5_TGGTTAGAGAAGCCCA,2.5734136789514968
36040,0.35128622850478736,5__nan,PertCortex_5_TGGTTAGAGCCAGAAC,2.1035162284948137
36041,0.08221663036749483,5__nan,PertCortex_5_TGGTTAGGTAACGACG,4.604237708308846
36042,0.029188236511413373,5__nan,PertCortex_5_TGGTTCCTCTGGTATG,4.323333479010034
36043,0.18094578781230267,5__nan,PertCortex_5_TGGTTCCTCTGTTTGT,4.219425711361388
36044,0.08425540407479305,5__nan,PertCortex_5_TGTATTCTCCTGTACC,4.765066833347407
36045,0.1116131344591429,5__nan,PertCortex_5_TGTGGTACATGAAGTA,4.952787341845891
36046,0.22126293471028902,5__nan,PertCortex_5_TGTTCCGTCGAGCCCA,4.350577326799912
36047,0.2034841742659885,5__nan,PertCortex_5_TGTTCCGTCTGTCTAT,3.594981032559867
36048,0.11274596629290537,5__nan,PertCortex_5_TTAACTCAGAGTAAGG,4.620683419142035
36049,0.11171953594774918,5__nan,PertCortex_5_TTAACTCAGCGTTCCG,3.4368812508430673
36050,0.06496485749199125,5__nan,PertCortex_5_TTAGGACTCTTCAACT,4.556688476998232
36051,0.43793522697821496,5__nan,PertCortex_5_TTAGTTCTCAAACAAG,1.9283137448873626
36052,0.16414501034319345,5__nan,PertCortex_5_TTCGAAGGTAAACACA,3.603678022629603
36053,0.6029058872889188,5__nan,PertCortex_5_TTCGGTCAGATCTGCT,1.4952799489447954
36054,0.050348483693260684,5__nan,PertCortex_5_TTCGGTCGTGGGTCAA,2.5426245221829675
36055,0.11822696047067714,5__nan,PertCortex_5_TTCTACATCGCTAGCG,3.5902195858709005
36056,0.0850050240416603,5__nan,PertCortex_5_TTCTCAAAGTCAAGCG,3.444343555198241
36057,0.09830439874048105,5__nan,PertCortex_5_TTCTCCTCACTTGGAT,3.907148100028932
36058,0.15392258565186004,5__nan,PertCortex_5_TTCTTAGCAAGAAGAG,4.04765698968816
36059,0.1649706072832194,5__nan,PertCortex_5_TTCTTAGTCGAATGCT,3.6924808771636592
36060,0.15258951395800258,5__nan,PertCortex_5_TTCTTAGTCGCAAGCC,3.761693445283433
36061,0.04468029437926645,5__nan,PertCortex_5_TTGAACGAGATACACA,3.593538256414119
36062,0.09210688008467861,5__nan,PertCortex_5_TTGAACGTCACGCATA,3.8590658783204717
36063,0.10136263362224739,5__nan,PertCortex_5_TTGAACGTCCATGAGT,3.092517386539045
36064,0.032854521899909395,5__nan,PertCortex_5_TTGACTTAGCCATCGC,4.16564197023225
36065,0.18670321225378975,5__nan,PertCortex_5_TTGACTTGTACTCTCC,3.146638856344888
36066,0.17774389202464771,5__nan,PertCortex_5_TTGACTTGTGCCTGGT,4.831185373818382
36067,0.11429305039785795,5__nan,PertCortex_5_TTGACTTTCCAGAGGA,4.384645976186113
36068,0.014464565513538115,5__nan,PertCortex_5_TTGCGTCAGCGCCTTG,2.879786842936597
36069,0.13376750992916825,5__nan,PertCortex_5_TTGCGTCTCTGTCCGT,2.9606636175857632
36070,0.5929677183273144,5__nan,PertCortex_5_TTGGAACGTCTAGCCG,2.3061245064203773
36071,0.25791053559971183,5__nan,PertCortex_5_TTGGCAACAAGAGGCT,4.019625057940599
36072,0.11311457081389567,5__nan,PertCortex_5_TTGGCAACAGATCCAT,4.083002499802173
36073,0.22463570937508168,5__nan,PertCortex_5_TTGTAGGGTATAATGG,4.060512103836571
36074,0.11416038586761598,5__nan,PertCortex_5_TTTATGCCAGTCGATT,4.065908932575257
36075,0.10406986605290369,5__nan,PertCortex_5_TTTGCGCAGTACGTAA,3.6770012043468054
36076,0.035022900250334374,5__nan,PertCortex_5_TTTGCGCTCGACCAGC,3.684549546124919
36077,0.1289329390556087,5__nan,PertCortex_5_TTTGGTTCAAGTTCTG,4.9088326673626925
36078,0.15139969416326993,5__nan,PertCortex_5_TTTGGTTTCACCTTAT,4.105016292779059
36079,0.1774768085718252,6__nan,PertCortex_6_AAACCTGAGAAGGACA,3.5422295851799146
36080,0.15229554300785003,6__nan,PertCortex_6_AAACCTGAGAGTCGGT,3.5329502474157963
36081,0.21300560510666222,6__nan,PertCortex_6_AAACCTGGTAGGCTGA,4.628204896048775
36082,0.13032391460786838,6__nan,PertCortex_6_AAACGGGAGTGACATA,4.0523138826430944
36083,0.20898547653905938,6__nan,PertCortex_6_AAACGGGCAGCCTATA,4.610692914596068
36084,0.24277254058108833,6__nan,PertCortex_6_AAACGGGGTCCTCCAT,3.9788331827183665
36085,0.08495317950000067,6__nan,PertCortex_6_AAAGATGCATACTCTT,4.762093396119095
36086,0.31199575785468275,6__nan,PertCortex_6_AAAGCAAAGGACGAAA,3.988062503696449
36087,0.2357026416580126,6__nan,PertCortex_6_AAAGTAGTCAGTTGAC,3.3645390012475107
36088,0.05190423792536744,6__nan,PertCortex_6_AAATGCCAGCTACCGC,3.703503082462613
36089,0.16731437960784015,6__nan,PertCortex_6_AACCATGGTTACCGAT,5.279275697246887
36090,0.18105768131512562,6__nan,PertCortex_6_AACCATGTCTTTACGT,3.861974251906674
36091,0.04414051332126803,6__nan,PertCortex_6_AACCGCGAGCGAGAAA,4.489087947596408
36092,0.1713061698341543,6__nan,PertCortex_6_AACCGCGGTCTAGTCA,3.541530551297852
36093,0.04352564817543786,6__nan,PertCortex_6_AACCGCGTCATCGGAT,4.220064763180149
36094,0.6824931605692771,6__nan,PertCortex_6_AACGTTGCACATAACC,1.6455725812449984
36095,0.0778098076526514,6__nan,PertCortex_6_AACGTTGGTCTTCAAG,3.8876657980679976
36096,0.14684143054260362,6__nan,PertCortex_6_AACTCAGAGAACAATC,4.8830702337219085
36097,0.1375055210752378,6__nan,PertCortex_6_AACTCCCCAGGGAGAG,4.494377331449176
36098,0.20560747857009454,6__nan,PertCortex_6_AACTCCCTCAAGATCC,4.717919392964934
36099,0.14147615129642915,6__nan,PertCortex_6_AACTGGTCAGATGGCA,5.275584505713761
36100,0.15282835903785216,6__nan,PertCortex_6_AACTTTCCAAGAGGCT,4.918355981128068
36101,0.2609777493201015,6__nan,PertCortex_6_AAGACCTCAGACAAGC,4.167091830466194
36102,0.056037913376884275,6__nan,PertCortex_6_AAGACCTGTCTTGTCC,3.408704003687832
36103,0.14677290882632307,6__nan,PertCortex_6_AAGCCGCAGAGGTAGA,4.568051689855461
36104,0.22492081357911356,6__nan,PertCortex_6_AAGCCGCAGGCCCTCA,4.757188655896012
36105,0.11153301936383442,6__nan,PertCortex_6_AAGCCGCAGGCGCTCT,4.372809063676885
36106,0.1183563660780967,6__nan,PertCortex_6_AAGCCGCTCAGAAATG,4.485145593584504
36107,0.09688999110713903,6__nan,PertCortex_6_AAGCCGCTCTGTTGAG,3.5954644721582927
36108,0.11061084017807779,6__nan,PertCortex_6_AAGGCAGGTACATGTC,3.8843043080650643
36109,0.15582377865889593,6__nan,PertCortex_6_AAGGTTCAGCTGCGAA,3.837120832242584
36110,0.1403831269171814,6__nan,PertCortex_6_AAGGTTCCACGGATAG,4.248229911447458
36111,0.570365244382254,6__nan,PertCortex_6_AAGGTTCGTGATAAAC,2.373144181986719
36112,0.14600024372132817,6__nan,PertCortex_6_AAGGTTCGTGCTAGCC,3.665024372381354
36113,0.1305907182443345,6__nan,PertCortex_6_AATCCAGGTAGTAGTA,4.062646909526486
36114,0.5702197613427749,6__nan,PertCortex_6_AATCCAGTCCTAAGTG,2.063102388648119
36115,0.24005065063176853,6__nan,PertCortex_6_ACACCAAAGTGTGGCA,4.282416004795214
36116,0.23845997205619685,6__nan,PertCortex_6_ACACCAACAAGGCTCC,4.1997803060183445
36117,0.1734201450567209,6__nan,PertCortex_6_ACACCCTGTCCAGTGC,4.210817153984845
36118,0.14290769312374377,6__nan,PertCortex_6_ACACCGGAGATGTCGG,4.618331799280582
36119,0.14247184385100653,6__nan,PertCortex_6_ACACCGGAGGAACTGC,3.770572722706745
36120,0.12158488774973805,6__nan,PertCortex_6_ACAGCCGGTGTTCTTT,4.062714347651221
36121,0.10346539556496975,6__nan,PertCortex_6_ACAGCTACACACCGCA,5.2731489934102385
36122,0.07672830757519371,6__nan,PertCortex_6_ACAGCTAGTAGAGTGC,4.118271485627706
36123,0.5692653411163738,6__nan,PertCortex_6_ACATACGGTCATATGC,2.2451851273159993
36124,0.1440024432766985,6__nan,PertCortex_6_ACATCAGAGACAATAC,3.601735365528582
36125,0.2030368035816193,6__nan,PertCortex_6_ACATGGTAGCGTTTAC,3.837539960349769
36126,0.12405878035041544,6__nan,PertCortex_6_ACATGGTTCTGGCGAC,4.83139577795128
36127,0.1783563158660596,6__nan,PertCortex_6_ACCAGTATCTACCTGC,4.30918441018291
36128,0.11077918225268607,6__nan,PertCortex_6_ACCGTAAAGAGGACGG,4.659687502436804
36129,0.20430675558748385,6__nan,PertCortex_6_ACCGTAACACGTCTCT,4.838057794578325
36130,0.14896303201037298,6__nan,PertCortex_6_ACCTTTAAGCAGGTCA,5.455953968720082
36131,0.0458884481480107,6__nan,PertCortex_6_ACCTTTACAAGCTGAG,4.306372387163204
36132,0.136467731982524,6__nan,PertCortex_6_ACCTTTATCGCTGATA,4.559109446509185
36133,0.16691634480007772,6__nan,PertCortex_6_ACGAGCCGTAAGTGGC,5.584215878349681
36134,0.2344110268176965,6__nan,PertCortex_6_ACGATACCAGAGCCAA,3.3980660046018074
36135,0.1987020811341829,6__nan,PertCortex_6_ACGATGTTCTAAGCCA,4.850710108732363
36136,0.07331493066905706,6__nan,PertCortex_6_ACGATGTTCTTGTACT,4.494925086899851
36137,0.06181644760480104,6__nan,PertCortex_6_ACGCAGCTCTTATCTG,5.067694671784759
36138,0.10511628359106316,6__nan,PertCortex_6_ACGCCGAAGCGTTGCC,4.638528876945776
36139,0.038917082399541655,6__nan,PertCortex_6_ACGCCGAAGGGAGTAA,3.989834241214491
36140,0.13601301984611097,6__nan,PertCortex_6_ACGCCGAAGTGCTGCC,4.63181047845727
36141,0.1507057926190731,6__nan,PertCortex_6_ACGCCGACAGTCGTGC,4.799505379346797
36142,0.20055804376096462,6__nan,PertCortex_6_ACGCCGACATCGTCGG,3.675379668920154
36143,0.554971131056189,6__nan,PertCortex_6_ACGGAGAAGAGTACAT,2.0614647872294607
36144,0.07980347954203332,6__nan,PertCortex_6_ACGGAGATCTACGAGT,3.5149689190045748
36145,0.0983280783923776,6__nan,PertCortex_6_ACGGCCAAGCCATCGC,4.036022197835379
36146,0.2552565733635254,6__nan,PertCortex_6_ACGGGCTAGTTAGGTA,4.837024645995688
36147,0.2328134411286212,6__nan,PertCortex_6_ACGGGCTCACGCTTTC,4.774587532186291
36148,0.1795044871843542,6__nan,PertCortex_6_ACGGGTCAGATAGCAT,4.430598168000204
36149,0.19854034368843285,6__nan,PertCortex_6_ACTATCTAGTGAAGTT,4.377204194025134
36150,0.23328212463674805,6__nan,PertCortex_6_ACTATCTCAACGATGG,3.8758077812528704
36151,0.17301850745845096,6__nan,PertCortex_6_ACTATCTTCTGCAAGT,4.9261607838824215
36152,0.08477200751450933,6__nan,PertCortex_6_ACTGAACAGTCCTCCT,4.234931771376093
36153,0.10228939849967676,6__nan,PertCortex_6_ACTGAGTTCGCCAGCA,5.187525139217974
36154,0.12748903950510987,6__nan,PertCortex_6_ACTGATGTCGAGAGCA,4.156474580482178
36155,0.19735516525712027,6__nan,PertCortex_6_ACTGCTCAGTTCCACA,4.315110795495208
36156,0.21945648523792044,6__nan,PertCortex_6_ACTGCTCCAGATTGCT,4.3125741097272945
36157,0.6523183190543151,6__nan,PertCortex_6_ACTGCTCCATGCCACG,1.9001097409386818
36158,0.10656957767888225,6__nan,PertCortex_6_ACTGTCCCAAGTTGTC,5.228803238645937
36159,0.19699006723829515,6__nan,PertCortex_6_ACTGTCCGTAGGCTGA,3.7873664458334786
36160,0.6174282716125558,6__nan,PertCortex_6_ACTTACTCACAACGCC,1.9193827567861863
36161,0.023806084967777526,6__nan,PertCortex_6_ACTTACTTCCACTGGG,2.4955864456998116
36162,0.09679624131956163,6__nan,PertCortex_6_ACTTTCACAAACAACA,4.434070441106521
36163,0.12018444010277553,6__nan,PertCortex_6_ACTTTCAGTAAGGGAA,4.012262040657062
36164,0.24217438830334947,6__nan,PertCortex_6_AGAATAGTCCACGTTC,3.899007114379812
36165,0.11126122203134238,6__nan,PertCortex_6_AGACGTTAGGGTGTTG,2.8197142282001613
36166,0.07485133737350518,6__nan,PertCortex_6_AGACGTTAGTTCGCGC,3.869352136695698
36167,0.11427274204094898,6__nan,PertCortex_6_AGACGTTTCTTACCTA,3.8914718563433626
36168,0.15193948877448166,6__nan,PertCortex_6_AGAGCGACACCGAAAG,3.8040650915058523
36169,0.08800098494285398,6__nan,PertCortex_6_AGAGCTTAGATCCCAT,4.531813560111271
36170,0.14867350932568674,6__nan,PertCortex_6_AGAGCTTAGCAGGTCA,4.27959312137507
36171,0.18945611713994978,6__nan,PertCortex_6_AGAGCTTCAGTTCATG,5.10919335241278
36172,0.22773742816361364,6__nan,PertCortex_6_AGAGCTTGTTCCAACA,4.26547132597063
36173,0.15799633988875725,6__nan,PertCortex_6_AGAGCTTTCGCAAGCC,3.0705073197900354
36174,0.5683879124039093,6__nan,PertCortex_6_AGAGTGGAGAACTCGG,2.0469518752892277
36175,0.17186726246176826,6__nan,PertCortex_6_AGATCTGGTCACTTCC,5.176779389085984
36176,0.13817574062227145,6__nan,PertCortex_6_AGATCTGTCCAGGGCT,3.7744147672512507
36177,0.08788286721953527,6__nan,PertCortex_6_AGATTGCAGAAGGTTT,5.242462354151895
36178,0.30160759875881,6__nan,PertCortex_6_AGATTGCGTTACCGAT,3.4347181358418504
36179,0.16716148100094197,6__nan,PertCortex_6_AGATTGCTCAGTGTTG,3.845850523063147
36180,0.20065914978658306,6__nan,PertCortex_6_AGCAGCCAGAGCTATA,4.174276352360535
36181,0.25139951391186216,6__nan,PertCortex_6_AGCAGCCGTACCGAGA,4.395861298168737
36182,0.2247009310507859,6__nan,PertCortex_6_AGCAGCCGTCGCGGTT,4.4620068902843935
36183,0.1460209941740951,6__nan,PertCortex_6_AGCCTAACATTCCTCG,5.2154258385045775
36184,0.08360213133280701,6__nan,PertCortex_6_AGCCTAAGTCCGTCAG,4.499048517480742
36185,0.13008800734403436,6__nan,PertCortex_6_AGCCTAAGTTAGAACA,2.0426064786220754
36186,0.1900069855156704,6__nan,PertCortex_6_AGCCTAATCATTGCCC,4.609002498507375
36187,0.13764801750803393,6__nan,PertCortex_6_AGCCTAATCCATGAGT,5.246730496515315
36188,0.17374882164462185,6__nan,PertCortex_6_AGCCTAATCGGTTCGG,4.6159387324039205
36189,0.1992478527853461,6__nan,PertCortex_6_AGCGGTCCATAGAAAC,3.5021054913987126
36190,0.1118966788893746,6__nan,PertCortex_6_AGCGTATAGACTCGGA,4.837023597413384
36191,0.6732525672946985,6__nan,PertCortex_6_AGCGTATCATAGTAAG,1.6379106803098844
36192,0.06605303209199728,6__nan,PertCortex_6_AGCGTCGAGTGAACGC,5.334188601056865
36193,0.18467405330136719,6__nan,PertCortex_6_AGCGTCGTCTGGGCCA,3.5943259297073107
36194,0.11547979391759913,6__nan,PertCortex_6_AGCTCTCCACTGAAGG,4.604562244804259
36195,0.555069757697631,6__nan,PertCortex_6_AGCTCTCGTCAAAGAT,2.375260350020537
36196,0.5901232198994898,6__nan,PertCortex_6_AGCTTGAAGTACACCT,2.173049395029433
36197,0.08089869006300085,6__nan,PertCortex_6_AGCTTGATCATAGCAC,4.114766478627414
36198,0.09594856500552572,6__nan,PertCortex_6_AGCTTGATCTTCTGGC,4.085744086588472
36199,0.30808662764116307,6__nan,PertCortex_6_AGGCCACCAATCGGTT,4.2281769551507535
36200,0.129265311541097,6__nan,PertCortex_6_AGGCCACCATTAGCCA,5.034904885349646
36201,0.17656946565348486,6__nan,PertCortex_6_AGGCCGTGTAGAGCTG,4.451533760514533
36202,0.6253280387260195,6__nan,PertCortex_6_AGGCCGTTCCTGTACC,2.013471805314536
36203,0.11302072546214607,6__nan,PertCortex_6_AGGGATGAGCAAATCA,4.180211273713415
36204,0.16701000122701845,6__nan,PertCortex_6_AGGTCATCATCATCCC,3.4849177755045213
36205,0.6233638502919728,6__nan,PertCortex_6_AGGTCATTCTGCCAGG,2.036403161217511
36206,0.2829351119621111,6__nan,PertCortex_6_AGGTCCGAGAAGCCCA,4.513149924199982
36207,0.13417771248266108,6__nan,PertCortex_6_AGTAGTCAGTCGCCGT,3.584746983225849
36208,0.12826528411157104,6__nan,PertCortex_6_AGTAGTCTCACCATAG,4.208792334115204
36209,0.658504233336834,6__nan,PertCortex_6_AGTCTTTGTCTAGAGG,1.872564238741781
36210,0.263728429944683,6__nan,PertCortex_6_AGTGAGGAGGCTAGGT,4.141593158364973
36211,0.09812954010201472,6__nan,PertCortex_6_AGTGAGGGTACACCGC,5.299478126313451
36212,0.10586739613914926,6__nan,PertCortex_6_AGTGAGGTCTCTAAGG,4.874280908580982
36213,0.12408962383707324,6__nan,PertCortex_6_AGTGTCAAGCTGAACG,4.24432084063559
36214,0.09755101696477264,6__nan,PertCortex_6_AGTTGGTGTCCATCCT,4.198151721984282
36215,0.20936646502091494,6__nan,PertCortex_6_AGTTGGTGTGGGTATG,4.27869633633635
36216,0.21276539716586937,6__nan,PertCortex_6_AGTTGGTGTGTGACGA,3.5723842815022517
36217,0.04734509878294052,6__nan,PertCortex_6_AGTTGGTTCCGCATCT,4.228391894365628
36218,0.10866277272094622,6__nan,PertCortex_6_ATAACGCGTCACTTCC,3.3089503125592765
36219,0.06940861961648867,6__nan,PertCortex_6_ATAAGAGCACAGACTT,3.302936708908024
36220,0.17764467300031567,6__nan,PertCortex_6_ATAAGAGGTACAGCAG,3.4414229090697845
36221,0.20785371164721,6__nan,PertCortex_6_ATAGACCCATGCCACG,4.625023727545497
36222,0.14404441070963608,6__nan,PertCortex_6_ATAGACCGTGTCAATC,4.85024653621684
36223,0.1430591679592746,6__nan,PertCortex_6_ATCACGATCGTGTAGT,4.021524155008512
36224,0.2720114666575817,6__nan,PertCortex_6_ATCATGGAGTGGGTTG,3.4584012540261173
36225,0.05747211604933873,6__nan,PertCortex_6_ATCATGGGTATCGCAT,3.9395878351205305
36226,0.1551955216318705,6__nan,PertCortex_6_ATCCGAAAGAGCTATA,5.146999828301821
36227,0.10615839467902582,6__nan,PertCortex_6_ATCCGAACATTACCTT,5.315309907143183
36228,0.13493805368576423,6__nan,PertCortex_6_ATCGAGTAGATCGATA,5.2352769135050705
36229,0.218104286772,6__nan,PertCortex_6_ATCGAGTGTCATTAGC,4.393187168371411
36230,0.17654872631541443,6__nan,PertCortex_6_ATCTACTCAATAGCAA,4.608894751051119
36231,0.18635106985090424,6__nan,PertCortex_6_ATCTACTCAGTCGATT,3.8924804904635693
36232,0.11106769205860065,6__nan,PertCortex_6_ATCTGCCGTCCGAGTC,5.008909635801538
36233,0.17189041275316988,6__nan,PertCortex_6_ATCTGCCGTCTCACCT,4.418697389001312
36234,0.15659093164487972,6__nan,PertCortex_6_ATGAGGGAGCTAGCCC,4.296982190414942
36235,0.14679956510766345,6__nan,PertCortex_6_ATGAGGGCACATGACT,3.8862065953364953
36236,0.11997887559182965,6__nan,PertCortex_6_ATGTGTGCAACGATGG,3.805660559013522
36237,0.17389567136340228,6__nan,PertCortex_6_ATGTGTGGTCTAGAGG,4.045056510566845
36238,0.1222307568450358,6__nan,PertCortex_6_ATTACTCTCATCGATG,4.859144509692588
36239,0.21995096926819313,6__nan,PertCortex_6_ATTATCCAGAATCTCC,4.41437724514944
36240,0.26891904161852637,6__nan,PertCortex_6_ATTATCCGTGTCAATC,2.5640453679526307
36241,0.12138633582245172,6__nan,PertCortex_6_ATTCTACTCGCATGGC,4.522814101384624
36242,0.10769296215984106,6__nan,PertCortex_6_ATTGGTGAGGATATAC,4.606147481352482
36243,0.1713859685586329,6__nan,PertCortex_6_ATTTCTGGTAGAAGGA,3.9665694845411
36244,0.26317891161636087,6__nan,PertCortex_6_ATTTCTGGTCCGTTAA,3.3252429414147153
36245,0.2172776750160034,6__nan,PertCortex_6_CAACCAACAAATTGCC,3.4103349923931523
36246,0.7509746806532382,6__nan,PertCortex_6_CAACCAACACGAAGCA,1.4847643264059436
36247,0.253451379982301,6__nan,PertCortex_6_CAACCAATCGTATCAG,4.53882876037679
36248,0.09959650153217735,6__nan,PertCortex_6_CAACCAATCTCGAGTA,5.101598590148743
36249,0.16459305057416365,6__nan,PertCortex_6_CAACTAGTCACGACTA,4.868382812179915
36250,0.12675012842208547,6__nan,PertCortex_6_CAAGAAAGTATATCCG,4.196047758356979
36251,0.15198732131024245,6__nan,PertCortex_6_CAAGAAAGTTAAGTAG,5.206304020350102
36252,0.1941657456612634,6__nan,PertCortex_6_CAAGAAATCATCACCC,3.591208293865514
36253,0.4899824791595879,6__nan,PertCortex_6_CAAGATCAGCGTTGCC,2.315242987779946
36254,0.060279279333248996,6__nan,PertCortex_6_CAAGATCGTCCAACTA,3.7260434050335136
36255,0.12254629685146846,6__nan,PertCortex_6_CAAGATCGTCCCTTGT,5.765522260718606
36256,0.21038886152090527,6__nan,PertCortex_6_CAAGGCCAGCACCGCT,2.7352305204745315
36257,0.06091606938338131,6__nan,PertCortex_6_CAAGGCCCAATGTTGC,4.073145764488449
36258,0.11399155637915322,6__nan,PertCortex_6_CAAGTTGAGCCGCCTA,4.10585344861965
36259,0.10650325974442561,6__nan,PertCortex_6_CAAGTTGCAGTAAGCG,3.8719618164475027
36260,0.20207908635402044,6__nan,PertCortex_6_CAAGTTGCATTTCAGG,4.726934746961024
36261,0.0690823341479474,6__nan,PertCortex_6_CAAGTTGGTTAAAGTG,4.113237538022752
36262,0.21030458784600953,6__nan,PertCortex_6_CACAAACCATCCGTGG,3.8912475354178615
36263,0.09317905641325784,6__nan,PertCortex_6_CACAAACGTACTCGCG,4.60315751283387
36264,0.12655931186796632,6__nan,PertCortex_6_CACACAAAGCGTCAAG,3.7884154394262097
36265,0.12624522285921655,6__nan,PertCortex_6_CACACAAAGTCCGTAT,5.905813037753128
36266,0.11641906356913492,6__nan,PertCortex_6_CACACAAAGTCCTCCT,3.9423597774029697
36267,0.16856078371839828,6__nan,PertCortex_6_CACACAAGTCACACGC,4.504529979248253
36268,0.11401107525771918,6__nan,PertCortex_6_CACACTCGTTAAGGGC,4.01235374559719
36269,0.17427898369110384,6__nan,PertCortex_6_CACAGGCAGTAGATGT,3.6781929221796323
36270,0.5748963581467956,6__nan,PertCortex_6_CACAGTAAGGTGCACA,1.6950125155676823
36271,0.06382920094604419,6__nan,PertCortex_6_CACAGTACACTCTGTC,4.217081187497632
36272,0.1404311892970528,6__nan,PertCortex_6_CACATAGTCTCCAACC,4.324303091882405
36273,0.06484253362533127,6__nan,PertCortex_6_CACATTTCACCGAAAG,3.8040208364450847
36274,0.19811104130841264,6__nan,PertCortex_6_CACATTTTCCAAATGC,4.349168332541962
36275,0.3382634522235278,6__nan,PertCortex_6_CACCACTTCGTGGGAA,2.7712836777871845
36276,0.12762128356934804,6__nan,PertCortex_6_CACCTTGCACAGAGGT,4.531234133989487
36277,0.20949979053640888,6__nan,PertCortex_6_CACCTTGGTGAGGGTT,3.480461630109862
36278,0.07698014720296746,6__nan,PertCortex_6_CACTCCACATTACCTT,4.038778601881643
36279,0.1538186388595719,6__nan,PertCortex_6_CACTCCATCTCAAGTG,5.12442469902791
36280,0.07929746576559892,6__nan,PertCortex_6_CAGAGAGAGAGTACAT,4.24806355162728
36281,0.20844722616787892,6__nan,PertCortex_6_CAGATCATCCACGAAT,4.772382961851949
36282,0.13608901139922985,6__nan,PertCortex_6_CAGCAGCCACATTAGC,3.422152764185691
36283,0.21354666798048927,6__nan,PertCortex_6_CAGCAGCTCCAAGTAC,3.442551495407541
36284,0.11465190929910385,6__nan,PertCortex_6_CAGCATACATCACGTA,4.02205734668343
36285,0.15035108971913477,6__nan,PertCortex_6_CAGCGACCAGTAAGAT,3.3920975469528147
36286,0.15622719044501332,6__nan,PertCortex_6_CAGCGACTCATGTCTT,4.4352330357275065
36287,0.23863193679305128,6__nan,PertCortex_6_CAGCTAACATACCATG,3.9674354343902034
36288,0.22388078381047466,6__nan,PertCortex_6_CAGCTAATCTCGAGTA,3.35343186117362
36289,0.0898830682605202,6__nan,PertCortex_6_CAGCTGGCACGTAAGG,4.350348254308945
36290,0.3780428464504183,6__nan,PertCortex_6_CAGCTGGTCTTCATGT,2.3661238044874002
36291,0.14808543818211845,6__nan,PertCortex_6_CAGGTGCGTCTAGCCG,3.977703899063555
36292,0.17148661495887305,6__nan,PertCortex_6_CAGGTGCTCATCTGTT,4.804879663823939
36293,0.18913403134782264,6__nan,PertCortex_6_CAGGTGCTCCGAACGC,3.794327605681423
36294,0.11127162005009704,6__nan,PertCortex_6_CAGGTGCTCCGTACAA,4.396720426986522
36295,0.22973872392245404,6__nan,PertCortex_6_CAGTAACCAAGAAGAG,3.929164657475434
36296,0.23461387839668493,6__nan,PertCortex_6_CAGTAACCATTAACCG,4.845295813770235
36297,0.21088280263162373,6__nan,PertCortex_6_CAGTCCTCAACTGGCC,3.4478515901166413
36298,0.08590217312754506,6__nan,PertCortex_6_CATATGGGTAGCTGCC,4.6173040993898775
36299,0.1875579427812425,6__nan,PertCortex_6_CATATGGGTCCGTGAC,3.397602027173663
36300,0.1543055648224846,6__nan,PertCortex_6_CATATTCGTCGCGGTT,5.021247609902017
36301,0.10692180210565223,6__nan,PertCortex_6_CATATTCTCCCTTGCA,3.4027599372846398
36302,0.24764704447789943,6__nan,PertCortex_6_CATATTCTCTTTACGT,4.310224803102297
36303,0.13232989515005905,6__nan,PertCortex_6_CATCAAGAGCTGTTCA,3.820496884699197
36304,0.18481548507198092,6__nan,PertCortex_6_CATCAAGCACAGACTT,4.928091595484837
36305,0.0939977219805341,6__nan,PertCortex_6_CATCAGAGTAGCGCTC,4.155022169422507
36306,0.22651923781817684,6__nan,PertCortex_6_CATCAGATCACGGTTA,4.6061815470790295
36307,0.1494122148425477,6__nan,PertCortex_6_CATCCACAGGCACATG,5.103373124979767
36308,0.1086190931538966,6__nan,PertCortex_6_CATCCACTCTCCGGTT,4.989721891163479
36309,0.1536550508098061,6__nan,PertCortex_6_CATCCACTCTGCCCTA,5.313402914618732
36310,0.20719595904191226,6__nan,PertCortex_6_CATCGGGAGGCTCAGA,3.5842553118690157
36311,0.664294182649275,6__nan,PertCortex_6_CATCGGGCATCCGCGA,1.9247242041954882
36312,0.09938575049565065,6__nan,PertCortex_6_CATCGGGTCGGACAAG,4.618568490702249
36313,0.16891957943227873,6__nan,PertCortex_6_CATGACAGTAACGCGA,4.4763362410259875
36314,0.14704896899686246,6__nan,PertCortex_6_CATGACATCGTGACAT,2.858413643627086
36315,0.547037758513611,6__nan,PertCortex_6_CATGGCGCAGATCTGT,2.4007215421804586
36316,0.16906129771157963,6__nan,PertCortex_6_CATGGCGGTATCAGTC,3.822633497826764
36317,0.5216054295809456,6__nan,PertCortex_6_CATTATCGTCATCGGC,2.763113221574281
36318,0.11697023151781805,6__nan,PertCortex_6_CATTATCTCACGAAGG,5.041114158152031
36319,0.07089134160220883,6__nan,PertCortex_6_CATTCGCAGGCAGTCA,3.61112010160932
36320,0.21315198735116597,6__nan,PertCortex_6_CATTCGCAGTCCGTAT,3.243207974480217
36321,0.2153797846561228,6__nan,PertCortex_6_CATTCGCCATGCAACT,4.65831743608963
36322,0.5768380714413044,6__nan,PertCortex_6_CCAATCCAGGGTGTGT,2.412201148994391
36323,0.16136299534610807,6__nan,PertCortex_6_CCACTACGTTACCAGT,4.77166465725313
36324,0.1943022307453781,6__nan,PertCortex_6_CCAGCGACACTCGACG,4.649694343037728
36325,0.10421829164009548,6__nan,PertCortex_6_CCAGCGACATGTAAGA,5.042833228814677
36326,0.1221114119251621,6__nan,PertCortex_6_CCATGTCCAAGTACCT,4.270566767035267
36327,0.21272595045474443,6__nan,PertCortex_6_CCCAATCGTTCCATGA,4.550835064194267
36328,0.10514474826843365,6__nan,PertCortex_6_CCCAGTTAGGAACTGC,3.387613134985919
36329,0.20760242613416424,6__nan,PertCortex_6_CCCATACTCAGTACGT,5.38572015354179
36330,0.5893031435296893,6__nan,PertCortex_6_CCGGGATGTGCAACGA,2.2051744097851396
36331,0.11988351339751623,6__nan,PertCortex_6_CCGGTAGCACCGAAAG,4.1841081986508595
36332,0.15175664672026373,6__nan,PertCortex_6_CCGGTAGGTGGTACAG,3.7033026664860076
36333,0.1361708880884699,6__nan,PertCortex_6_CCGTACTCATGCAACT,5.089881121958121
36334,0.13808849417916255,6__nan,PertCortex_6_CCGTACTTCAGCACAT,5.4714872317100465
36335,0.19968993506257823,6__nan,PertCortex_6_CCGTGGACACCTCGTT,3.527138670919713
36336,0.12720795586640363,6__nan,PertCortex_6_CCGTTCAGTCGAATCT,3.63187913849908
36337,0.012337118674727407,6__nan,PertCortex_6_CCGTTCATCCTATGTT,4.415363049816766
36338,0.189305039560782,6__nan,PertCortex_6_CCGTTCATCTACTTAC,5.107594605016332
36339,0.22231293326199913,6__nan,PertCortex_6_CCTAAAGGTGTAATGA,3.795513534786101
36340,0.1450042462388631,6__nan,PertCortex_6_CCTAAAGTCCTCTAGC,4.461944802720765
36341,0.45936791200410343,6__nan,PertCortex_6_CCTACACAGTGTCCCG,2.5167736079416962
36342,0.14435335052586998,6__nan,PertCortex_6_CCTACACGTGCGGTAA,4.870126181701749
36343,0.2022233472635006,6__nan,PertCortex_6_CCTACACTCTCCCTGA,3.9347851291827216
36344,0.05448951143803267,6__nan,PertCortex_6_CCTACCATCTGCAAGT,3.0195715130111065
36345,0.1912659526941073,6__nan,PertCortex_6_CCTAGCTTCCGAAGAG,4.747535545819261
36346,0.13155515130286802,6__nan,PertCortex_6_CCTATTAAGGCCCTCA,4.617292001740969
36347,0.10873106008670608,6__nan,PertCortex_6_CCTATTAAGTCTTGCA,5.069585139577373
36348,0.10634399351297634,6__nan,PertCortex_6_CCTATTATCACGGTTA,4.177273850124912
36349,0.13778521581909953,6__nan,PertCortex_6_CCTCAGTTCTGAGGGA,4.656388896485247
36350,0.2070780618986722,6__nan,PertCortex_6_CCTCTGAAGATCACGG,3.5809403101927693
36351,0.21498145008660569,6__nan,PertCortex_6_CCTCTGAAGCTAACAA,3.3505643427168357
36352,0.1601923191532467,6__nan,PertCortex_6_CCTCTGATCGGTCCGA,3.663978899374362
36353,0.16060947438378625,6__nan,PertCortex_6_CCTTACGGTATCACCA,5.304150274574741
36354,0.11787332920038505,6__nan,PertCortex_6_CCTTCCCCAACGCACC,4.497679364549906
36355,0.06721168345440146,6__nan,PertCortex_6_CCTTCCCGTTCGTCTC,4.377091805386173
36356,0.09604035859439215,6__nan,PertCortex_6_CCTTCGATCGTACGGC,4.86712306502888
36357,0.19832736649099184,6__nan,PertCortex_6_CGAACATCAGCTCGCA,3.033448716483079
36358,0.22881625541370929,6__nan,PertCortex_6_CGAACATGTCCAGTTA,4.5191340831429425
36359,0.14367426646307402,6__nan,PertCortex_6_CGAACATTCCTTTACA,4.000252316587172
36360,0.22697436475250432,6__nan,PertCortex_6_CGAATGTGTCACAAGG,3.1954154461402666
36361,0.21513545642702048,6__nan,PertCortex_6_CGAATGTGTTGAGTTC,4.235845116498251
36362,0.07536952734562728,6__nan,PertCortex_6_CGACCTTAGCTGTTCA,5.130588426154331
36363,0.19128271237147745,6__nan,PertCortex_6_CGACCTTCAATCTGCA,4.363537479779441
36364,0.11136178663583841,6__nan,PertCortex_6_CGACCTTTCCCTAATT,3.132861803272811
36365,0.6210710605199474,6__nan,PertCortex_6_CGACTTCTCTGATTCT,1.9317640549334028
36366,0.5593886416408937,6__nan,PertCortex_6_CGAGAAGAGCCGCCTA,1.4585200921790697
36367,0.15918758623888632,6__nan,PertCortex_6_CGAGAAGAGCTTTGGT,4.404830030540666
36368,0.10672068414769471,6__nan,PertCortex_6_CGAGAAGGTTACGACT,4.384838900227203
36369,0.17383871238142407,6__nan,PertCortex_6_CGAGAAGTCTATGTGG,4.7835931641698215
36370,0.1450547608910645,6__nan,PertCortex_6_CGAGCACAGGCGCTCT,4.717279442144799
36371,0.2215010775004603,6__nan,PertCortex_6_CGAGCACGTAGCGTCC,3.5267396803015814
36372,0.20511089727166584,6__nan,PertCortex_6_CGATCGGGTTACGACT,3.0919037617977447
36373,0.1636217964178144,6__nan,PertCortex_6_CGATCGGTCATGTCCC,4.761427863588018
36374,0.1178064349031821,6__nan,PertCortex_6_CGATGTAGTTTCCACC,5.088447934569334
36375,0.14210473899800083,6__nan,PertCortex_6_CGATGTATCCCTCAGT,3.890958716429848
36376,0.061877171301782725,6__nan,PertCortex_6_CGATTGAAGCGACGTA,3.7250473368012207
36377,0.1517218400704217,6__nan,PertCortex_6_CGATTGAAGTTGAGTA,4.037051325720183
36378,0.014745985943963742,6__nan,PertCortex_6_CGATTGATCGGACAAG,4.175910959542876
36379,0.20490874566860284,6__nan,PertCortex_6_CGCCAAGGTTGTCGCG,3.567693621582927
36380,0.079951216534956,6__nan,PertCortex_6_CGCGGTATCCGTCAAA,3.6945677814146136
36381,0.1247965289098632,6__nan,PertCortex_6_CGCGTTTCAGCTGTTA,5.240725378310033
36382,0.10766500925202392,6__nan,PertCortex_6_CGCTATCAGCGACGTA,3.5963939789450805
36383,0.18056182755340655,6__nan,PertCortex_6_CGCTATCAGGAGTCTG,5.010559360146916
36384,0.12840928611243746,6__nan,PertCortex_6_CGCTATCGTTTAGCTG,4.015171476544602
36385,0.13209524849677243,6__nan,PertCortex_6_CGCTTCAGTACATCCA,3.1658546517419515
36386,0.17866208741001433,6__nan,PertCortex_6_CGGACACCATCCGCGA,4.9919136154471815
36387,0.16542387655171797,6__nan,PertCortex_6_CGGACACTCTGGGCCA,5.114307418450304
36388,0.1591492560237346,6__nan,PertCortex_6_CGGACGTAGGCTAGCA,4.425530818382857
36389,0.08793817358708693,6__nan,PertCortex_6_CGGACGTAGTTTAGGA,4.262136161019201
36390,0.14436127344795485,6__nan,PertCortex_6_CGGAGCTAGTGGTCCC,4.565891337468975
36391,0.1838187683808948,6__nan,PertCortex_6_CGGAGCTCAAGACACG,3.2341858774440615
36392,0.21781366893169687,6__nan,PertCortex_6_CGGAGTCAGGATGTAT,4.496152838113411
36393,0.18169894491965877,6__nan,PertCortex_6_CGGAGTCCACTGAAGG,5.262125539991586
36394,0.08453064771231054,6__nan,PertCortex_6_CGGAGTCTCATGCAAC,4.418809762208322
36395,0.20024715636918175,6__nan,PertCortex_6_CGGAGTCTCGCGTTTC,4.101692953461324
36396,0.26621392966411955,6__nan,PertCortex_6_CGGGTCAGTCCGAGTC,5.183624334133958
36397,0.11827952316752592,6__nan,PertCortex_6_CGGGTCAGTCGATTGT,4.236723137683207
36398,0.057170202581162774,6__nan,PertCortex_6_CGGGTCAGTCTCCACT,3.503301587575874
36399,0.22693323450226685,6__nan,PertCortex_6_CGGGTCAGTTAAGTAG,4.393499449549414
36400,0.15231360346120795,6__nan,PertCortex_6_CGGGTCAGTTAGTGGG,5.013723614841527
36401,0.10887183752379398,6__nan,PertCortex_6_CGGTTAATCGCGATCG,4.722522427534145
36402,0.3711190594244998,6__nan,PertCortex_6_CGTAGCGAGCCAACAG,2.4189476906717036
36403,0.26104108858098246,6__nan,PertCortex_6_CGTAGCGAGGCATGTG,4.082501700723178
36404,0.09087593302655653,6__nan,PertCortex_6_CGTAGGCTCCAACCAA,3.38421430537721
36405,0.5327575837538394,6__nan,PertCortex_6_CGTAGGCTCTGCAAGT,1.9310462128075954
36406,0.1482282042241584,6__nan,PertCortex_6_CGTCACTGTTTCCACC,4.649480720278234
36407,0.3107565227256365,6__nan,PertCortex_6_CGTCAGGGTACTTGAC,3.7752227341375373
36408,0.14104238084545748,6__nan,PertCortex_6_CGTCCATAGGGCATGT,3.5881071555558806
36409,0.2923288579312741,6__nan,PertCortex_6_CGTCCATAGGTGGGTT,4.27123507692549
36410,0.1368995430441756,6__nan,PertCortex_6_CGTGAGCTCGTGGTCG,4.422159945440708
36411,0.10385853706114578,6__nan,PertCortex_6_CGTGAGCTCTGTCTCG,2.74142378405411
36412,0.10898053867171725,6__nan,PertCortex_6_CGTGTAAGTTATCCGA,4.69611319498493
36413,0.36856207323750273,6__nan,PertCortex_6_CGTGTCTCAAAGCAAT,3.420944427160677
36414,0.14752509780890127,6__nan,PertCortex_6_CGTGTCTGTTATCCGA,2.5796933648890503
36415,0.23325077308815245,6__nan,PertCortex_6_CGTTAGAAGTCAAGCG,4.279548376177749
36416,0.20828480752351092,6__nan,PertCortex_6_CGTTAGAGTTCGCTAA,4.551090898447055
36417,0.14666171326219277,6__nan,PertCortex_6_CGTTCTGCAGGGATTG,5.204652492451494
36418,0.11021435814957858,6__nan,PertCortex_6_CGTTGGGGTCTTCTCG,4.548230537957588
36419,0.23460807096373315,6__nan,PertCortex_6_CGTTGGGGTGTGAATA,4.166434431454588
36420,0.18300686436658745,6__nan,PertCortex_6_CGTTGGGTCGTTACAG,3.3892639183230533
36421,0.11282170749007185,6__nan,PertCortex_6_CTAACTTTCAGTGTTG,3.8158154044387658
36422,0.2118039556559175,6__nan,PertCortex_6_CTAACTTTCTAACGGT,3.9468128350838234
36423,0.6273616349399878,6__nan,PertCortex_6_CTACACCAGCTGATAA,1.462826457315297
36424,0.28543202706096554,6__nan,PertCortex_6_CTACACCAGGATATAC,3.6715460096663226
36425,0.034932082599468686,6__nan,PertCortex_6_CTACACCTCTGCTGTC,3.8827062175223346
36426,0.639143570521475,6__nan,PertCortex_6_CTACATTAGCTAGCCC,1.724999611413833
36427,0.5753504119387299,6__nan,PertCortex_6_CTACATTCAGCGTAAG,1.9937278161616534
36428,0.46671347101238947,6__nan,PertCortex_6_CTACATTGTCTAGTCA,2.3936757038463305
36429,0.24703780952043866,6__nan,PertCortex_6_CTACATTTCAACACAC,4.174805917707184
36430,0.2675272949149299,6__nan,PertCortex_6_CTACCCAAGCGATAGC,4.042701301273431
36431,0.1259287701590549,6__nan,PertCortex_6_CTACCCATCTTGACGA,5.447967913329812
36432,0.17082555674954902,6__nan,PertCortex_6_CTACGTCGTCTTCGTC,4.008710066603333
36433,0.07863499050668794,6__nan,PertCortex_6_CTACGTCTCATCGGAT,4.01954291739793
36434,0.16545149407040338,6__nan,PertCortex_6_CTAGAGTCACGGCGTT,4.842980402104783
36435,0.17811550640263724,6__nan,PertCortex_6_CTAGAGTTCACATACG,4.959279217159476
36436,0.07847117359368973,6__nan,PertCortex_6_CTAGCCTAGCGATTCT,4.213329170082231
36437,0.072342210851076,6__nan,PertCortex_6_CTAGCCTCAAGCCGCT,4.683238657932408
36438,0.1761477392740969,6__nan,PertCortex_6_CTAGCCTTCCATGAAC,3.9027904313582087
36439,0.4905910136510754,6__nan,PertCortex_6_CTCACACGTTATCACG,2.5574167058693202
36440,0.14531682271511354,6__nan,PertCortex_6_CTCACACTCAATCACG,3.107967737605308
36441,0.24367752222945763,6__nan,PertCortex_6_CTCACACTCGTGGGAA,4.096814899111289
36442,0.23983928966281906,6__nan,PertCortex_6_CTCAGAACAACTGGCC,3.8758951937375192
36443,0.12384032718479883,6__nan,PertCortex_6_CTCAGAATCTCCCTGA,3.7062057387422844
36444,0.2538282359202746,6__nan,PertCortex_6_CTCATTAGTAGAGGAA,4.395553912598273
36445,0.274449413904676,6__nan,PertCortex_6_CTCATTATCTCATTCA,4.1964120492145724
36446,0.11080088639484044,6__nan,PertCortex_6_CTCGAAACAGGTCGTC,4.121212435472157
36447,0.09392327095677866,6__nan,PertCortex_6_CTCGAAACATAAAGGT,4.903662754499799
36448,0.11572497901709741,6__nan,PertCortex_6_CTCGAAATCCTCTAGC,4.557825186728604
36449,0.20292383106947465,6__nan,PertCortex_6_CTCGAGGTCTGGGCCA,3.3211721206179177
36450,0.15141741149080012,6__nan,PertCortex_6_CTCGGAGCAACACGCC,4.65300998803703
36451,0.12039083622822079,6__nan,PertCortex_6_CTCGGAGCAATCTGCA,5.2187620501384755
36452,0.06862641686783405,6__nan,PertCortex_6_CTCGTACAGCGATTCT,5.237879938486146
36453,0.1801535813130647,6__nan,PertCortex_6_CTCGTACAGTGAACAT,3.194672070224792
36454,0.29578205749272724,6__nan,PertCortex_6_CTCGTCAAGGACTGGT,3.1413004136662295
36455,0.6533251901383644,6__nan,PertCortex_6_CTCGTCAGTACCGGCT,1.736171039579685
36456,0.12788975571259315,6__nan,PertCortex_6_CTCTAATCAAACCTAC,5.294204549502274
36457,0.2949120276375765,6__nan,PertCortex_6_CTCTAATCAGCGTCCA,4.4676493854046715
36458,0.41868587609678876,6__nan,PertCortex_6_CTCTACGCATGTCGAT,2.3425186705866174
36459,0.2063051550470587,6__nan,PertCortex_6_CTCTACGCATTTGCCC,3.2361496450772536
36460,0.6493592981350857,6__nan,PertCortex_6_CTCTACGTCGTGGGAA,1.658965071661682
36461,0.23002797279652007,6__nan,PertCortex_6_CTCTGGTCATCCCACT,4.336659096192643
36462,0.07222901206920744,6__nan,PertCortex_6_CTGAAACAGTAGGCCA,4.231108495659393
36463,0.20239713338258625,6__nan,PertCortex_6_CTGAAGTAGCTACCTA,4.1329910104101515
36464,0.12058239650489935,6__nan,PertCortex_6_CTGATCCTCACTGGGC,4.716534336555417
36465,0.3641576154887067,6__nan,PertCortex_6_CTGCCTAAGGAGCGAG,3.195966359244121
36466,0.5160960721392567,6__nan,PertCortex_6_CTGCGGAGTCTTCAAG,2.258931300499315
36467,0.10762448147396401,6__nan,PertCortex_6_CTGGTCTCACGGTAAG,4.546831324320654
36468,0.11198310543037247,6__nan,PertCortex_6_CTTAACTCAGATCCAT,5.159785472625171
36469,0.13889044045823612,6__nan,PertCortex_6_CTTAACTTCGGCTACG,3.9923904026221995
36470,0.12378852573280437,6__nan,PertCortex_6_CTTACCGGTTGTGGAG,4.625914911784143
36471,0.14631407297177132,6__nan,PertCortex_6_CTTACCGTCACTGGGC,4.722613420051061
36472,0.10944290677035429,6__nan,PertCortex_6_CTTACCGTCCAAATGC,3.9266675504168016
36473,0.15146402233422737,6__nan,PertCortex_6_CTTCTCTAGAGACTAT,4.9536196273723805
36474,0.20195240082322943,6__nan,PertCortex_6_CTTCTCTCAGGAATGC,3.917747987631351
36475,0.2288342797292975,6__nan,PertCortex_6_CTTCTCTGTTACAGAA,4.467674867062715
36476,0.5993190538755331,6__nan,PertCortex_6_CTTCTCTTCCACGAAT,2.064408097060301
36477,0.04965961921688015,6__nan,PertCortex_6_CTTCTCTTCCCTCTTT,4.7922319853379625
36478,0.15834188777610134,6__nan,PertCortex_6_CTTTGCGAGTCTCGGC,3.937445609954636
36479,0.14551887424049934,6__nan,PertCortex_6_CTTTGCGGTAACGACG,3.4129308808966043
36480,0.07521014510558711,6__nan,PertCortex_6_CTTTGCGTCGGAATCT,4.312577418096834
36481,0.6066587067929285,6__nan,PertCortex_6_GAAACTCGTTCATGGT,2.1171853754375936
36482,0.23948722522638816,6__nan,PertCortex_6_GAAATGATCGTGGACC,4.398820464461926
36483,0.19351326150349626,6__nan,PertCortex_6_GAACATCAGGTAGCTG,4.41248866166308
36484,0.0887304364980204,6__nan,PertCortex_6_GAACATCTCCAATGGT,4.312427063294266
36485,0.262369300098758,6__nan,PertCortex_6_GAACCTAGTATCGCAT,4.493057104981188
36486,0.12275645147327947,6__nan,PertCortex_6_GAACCTAGTCGCTTCT,4.775968291776629
36487,0.18096126488810538,6__nan,PertCortex_6_GAACCTATCCGGGTGT,5.059338343788604
36488,0.07835577497048359,6__nan,PertCortex_6_GAACGGAAGGAATGGA,4.084273648087995
36489,0.13758970257436642,6__nan,PertCortex_6_GAACGGACAACGCACC,5.128943731810621
36490,0.1648887933680461,6__nan,PertCortex_6_GAACGGAGTACTCAAC,4.612684242182096
36491,0.1680706826607887,6__nan,PertCortex_6_GAAGCAGGTACTCAAC,4.018666044005522
36492,0.09088201304627545,6__nan,PertCortex_6_GAAGCAGGTAGCGTAG,3.8127796077732623
36493,0.20668393671663896,6__nan,PertCortex_6_GAAGCAGTCTTGTATC,4.574832943670143
36494,0.2126824172880957,6__nan,PertCortex_6_GAATGAAAGGTGCTAG,4.383405198174491
36495,0.2300419462387331,6__nan,PertCortex_6_GAATGAAGTCAAACTC,4.199473741910707
36496,0.39537285990420656,6__nan,PertCortex_6_GAATGAAGTCCCTTGT,3.5529953212022733
36497,0.10825241970263799,6__nan,PertCortex_6_GAATGAATCTACTATC,4.140435889809008
36498,0.25729260467539594,6__nan,PertCortex_6_GACACGCAGATCGGGT,4.406404143666461
36499,0.7061563894621781,6__nan,PertCortex_6_GACACGCCAGGTCCAC,1.741652311839545
36500,0.28223436831139825,6__nan,PertCortex_6_GACAGAGAGTCTCCTC,4.183483609667562
36501,0.19201901038115846,6__nan,PertCortex_6_GACAGAGCAGCCTATA,3.938663673326065
36502,0.0967642784418267,6__nan,PertCortex_6_GACCAATCATTGAGCT,3.7661163035656013
36503,0.2501626420854703,6__nan,PertCortex_6_GACCAATTCCAAACAC,5.25272159102997
36504,0.09571401404970646,6__nan,PertCortex_6_GACGCGTCAAGAGGCT,3.0705591674736326
36505,0.688378464504977,6__nan,PertCortex_6_GACGGCTGTCTCCATC,1.728050500097056
36506,0.19510281654048703,6__nan,PertCortex_6_GACGTTAAGAAACCAT,4.9302018365627465
36507,0.2488536501796101,6__nan,PertCortex_6_GACGTTAGTAAGGATT,4.2691534216483324
36508,0.2211432375606689,6__nan,PertCortex_6_GACGTTAGTTCGTGAT,4.008722783294775
36509,0.11435169068315792,6__nan,PertCortex_6_GACTAACCAGATCCAT,4.407601629136792
36510,0.16934127135175883,6__nan,PertCortex_6_GACTAACGTAAGCACG,5.291127215695102
36511,0.132947480874347,6__nan,PertCortex_6_GACTAACGTGAAATCA,3.773150743706127
36512,0.06316147631315965,6__nan,PertCortex_6_GACTACAAGAACTGTA,4.381116331622679
36513,0.1568929831391745,6__nan,PertCortex_6_GACTACATCTGTTTGT,4.615741100312314
36514,0.1936483887661673,6__nan,PertCortex_6_GACTGCGGTCTGCAAT,5.352529916217882
36515,0.12799511009484854,6__nan,PertCortex_6_GACTGCGTCAGTTGAC,3.2918270883919023
36516,0.03637761223596236,6__nan,PertCortex_6_GAGCAGAAGGACAGAA,3.228913304041612
36517,0.034860198380697864,6__nan,PertCortex_6_GAGGTGAAGCCCAATT,4.855558933773431
36518,0.03234929803284625,6__nan,PertCortex_6_GAGGTGAAGTGCGATG,4.399898604511134
36519,0.24373457544665666,6__nan,PertCortex_6_GAGGTGAGTCAAGCGA,4.556332085736659
36520,0.7258524191284448,6__nan,PertCortex_6_GAGTCCGGTCGAGATG,1.4450698802503519
36521,0.2318545206179608,6__nan,PertCortex_6_GATCAGTCAGGAATCG,4.63117907550372
36522,0.13403998112273902,6__nan,PertCortex_6_GATCGATCAAGCGAGT,4.670238291570961
36523,0.29396954864239805,6__nan,PertCortex_6_GATCGATCACAAGACG,4.373592273017015
36524,0.08494040141535548,6__nan,PertCortex_6_GATCGATGTGACGGTA,4.570138645664376
36525,0.1263049208051672,6__nan,PertCortex_6_GATCGCGAGCCGTCGT,4.102655898983259
36526,0.13457066138264945,6__nan,PertCortex_6_GATCGCGTCAGTGTTG,5.150329627899681
36527,0.13536291459232558,6__nan,PertCortex_6_GATCGTATCAAGATCC,5.062951049249052
36528,0.25318677226681197,6__nan,PertCortex_6_GATCGTATCCGCGCAA,3.580809742907984
36529,0.065578442724886,6__nan,PertCortex_6_GATCTAGAGGTGTGGT,5.1023602369068595
36530,0.7071487883207191,6__nan,PertCortex_6_GATCTAGCAGGCTCAC,1.4986726298133008
36531,0.14105374181187982,6__nan,PertCortex_6_GATCTAGCAGTATAAG,4.9279407699056685
36532,0.16520278627793505,6__nan,PertCortex_6_GATGAAAAGTAGTGCG,5.372281011366702
36533,0.2541391832279095,6__nan,PertCortex_6_GATGAAATCTCTGAGA,3.8822782587570854
36534,0.150160464476244,6__nan,PertCortex_6_GATGAGGAGCTAGTCT,4.489527285267064
36535,0.15447201924200743,6__nan,PertCortex_6_GATGCTACAGCTGTAT,3.2935094118680497
36536,0.07650641993391248,6__nan,PertCortex_6_GATTCAGGTTTGACTG,4.174620915401069
36537,0.17828490849428,6__nan,PertCortex_6_GCAAACTAGGGTCTCC,4.739624395793559
36538,0.13549735838573043,6__nan,PertCortex_6_GCAAACTCAAGAAGAG,4.598389128065335
36539,0.136004568715524,6__nan,PertCortex_6_GCAAACTCAGCCACCA,4.156773976624246
36540,0.11489900472029375,6__nan,PertCortex_6_GCAATCAAGATGTGTA,4.359220664891476
36541,0.1477284176511936,6__nan,PertCortex_6_GCAATCACATCTCGCT,4.762716077697392
36542,0.2016444269007556,6__nan,PertCortex_6_GCACTCTCATAAAGGT,3.67164270105685
36543,0.096811628232823,6__nan,PertCortex_6_GCACTCTCATGGGAAC,4.340464918881491
36544,0.04108980695614644,6__nan,PertCortex_6_GCACTCTTCAGATAAG,3.5515381090415237
36545,0.15444280633277588,6__nan,PertCortex_6_GCAGCCAGTTAAGATG,5.076700965049871
36546,0.16753224907155032,6__nan,PertCortex_6_GCAGTTAAGGTAGCCA,3.847577324909697
36547,0.18465581191541686,6__nan,PertCortex_6_GCAGTTACAAGTTAAG,5.195179341419068
36548,0.19188649822347933,6__nan,PertCortex_6_GCAGTTACATCGATGT,4.2288414554944
36549,0.08651633906178006,6__nan,PertCortex_6_GCAGTTAGTCAGAAGC,4.1376466458280925
36550,0.06632517297284397,6__nan,PertCortex_6_GCATGATAGTGGTAGC,4.672173263539166
36551,0.23432601870175587,6__nan,PertCortex_6_GCATGATCACTACAGT,4.6227546302486315
36552,0.21134440495809342,6__nan,PertCortex_6_GCATGATGTTGGGACA,3.235043397702008
36553,0.12959182262066854,6__nan,PertCortex_6_GCATGCGAGTGTTAGA,4.749644265418901
36554,0.0009593719266911249,6__nan,PertCortex_6_GCATGCGGTACAGTTC,3.538673232850386
36555,0.1467169005732886,6__nan,PertCortex_6_GCATGTAGTGTAATGA,4.736314508912153
36556,0.3010933662669769,6__nan,PertCortex_6_GCCAAATCACGAGAGT,4.927134913264636
36557,0.5190434521432743,6__nan,PertCortex_6_GCCAAATTCGTTACAG,2.4672687418539128
36558,0.11382020709534982,6__nan,PertCortex_6_GCCAAATTCTTGAGAC,3.307039990181034
36559,0.15892294509144167,6__nan,PertCortex_6_GCGACCAAGATGGCGT,4.5403177601940445
36560,0.11760282584467985,6__nan,PertCortex_6_GCGACCAGTAAGTTCC,3.693505009524289
36561,0.10690184098159394,6__nan,PertCortex_6_GCGACCAGTCGCATCG,3.3939421578219
36562,0.17773622454022606,6__nan,PertCortex_6_GCGACCAGTGCAGGTA,4.111237340409593
36563,0.23069546339459493,6__nan,PertCortex_6_GCGAGAAAGATCTGAA,4.033532176683906
36564,0.5559228119637383,6__nan,PertCortex_6_GCGCAGTCACTCAGGC,2.1813219581410848
36565,0.10028554201065415,6__nan,PertCortex_6_GCGCAGTCATGCGCAC,4.096265682699065
36566,0.1475589243989826,6__nan,PertCortex_6_GCGCAGTGTCAAAGAT,4.889035331871306
36567,0.21422692140719277,6__nan,PertCortex_6_GCGCCAAAGAGACTAT,4.415873984248951
36568,0.04978456957589423,6__nan,PertCortex_6_GCGCCAAGTGACTCAT,4.267699599291899
36569,0.17615750409244293,6__nan,PertCortex_6_GCGCCAATCAGTACGT,4.554997839997382
36570,0.24639408771216026,6__nan,PertCortex_6_GCTCCTAAGTTAAGTG,4.312910946499371
36571,0.1816390848204329,6__nan,PertCortex_6_GCTCCTACACGAAACG,3.3217399596615134
36572,0.2804682200592609,6__nan,PertCortex_6_GCTCCTACACGGATAG,2.347967505787628
36573,0.13083715300266593,6__nan,PertCortex_6_GCTCTGTGTGGTAACG,3.797960579465772
36574,0.08699103447732723,6__nan,PertCortex_6_GCTGCGAGTTGTGGAG,4.194402036919343
36575,0.16263946850742297,6__nan,PertCortex_6_GCTGCGAGTTTAGCTG,4.169556114030879
36576,0.5601031343535968,6__nan,PertCortex_6_GCTGCGATCGCAGGCT,2.202350364322585
36577,0.17734276971447277,6__nan,PertCortex_6_GCTGCTTGTGTTTGTG,5.086427649070356
36578,0.16689699118269166,6__nan,PertCortex_6_GCTGGGTCAGGACGTA,5.083830991281593
36579,0.26248477226221906,6__nan,PertCortex_6_GCTTCCAAGAGCTGGT,4.6419897953681435
36580,0.11496072787476376,6__nan,PertCortex_6_GCTTCCAGTAGTACCT,3.693824641040462
36581,0.028647841788376333,6__nan,PertCortex_6_GCTTGAAAGTGAATTG,3.868554727058818
36582,0.5610912544665262,6__nan,PertCortex_6_GCTTGAACAACGATGG,2.5554103762662472
36583,0.18710116060230086,6__nan,PertCortex_6_GCTTGAAGTGCGATAG,3.453726465184029
36584,0.23421584250305594,6__nan,PertCortex_6_GGAACTTCATATACGC,4.586571553245449
36585,0.0845103486910529,6__nan,PertCortex_6_GGAACTTGTCAGATAA,4.235682717306074
36586,0.08224207114057515,6__nan,PertCortex_6_GGAACTTTCGATGAGG,4.375118091586799
36587,0.1673469902866426,6__nan,PertCortex_6_GGAACTTTCTTGTATC,3.91075876065192
36588,0.0967558986459162,6__nan,PertCortex_6_GGAATAAGTGATAAGT,5.116282506348343
36589,0.233632901506149,6__nan,PertCortex_6_GGAATAATCCCTCAGT,4.800806022409093
36590,0.15790553836928484,6__nan,PertCortex_6_GGAATAATCTGCGACG,3.3212073777177737
36591,0.699789258407675,6__nan,PertCortex_6_GGACAGAAGTGCCAGA,1.5354129485459107
36592,0.13135269012441217,6__nan,PertCortex_6_GGACAGACAACACCCG,4.7721186679467555
36593,0.12786514522143527,6__nan,PertCortex_6_GGACAGAGTCCAGTAT,3.0829052696027155
36594,0.17718495026408063,6__nan,PertCortex_6_GGACAGATCGGAATCT,3.7264528581325425
36595,0.25746522377585257,6__nan,PertCortex_6_GGACATTGTAGCGCAA,3.1205405932226444
36596,0.18307373573144484,6__nan,PertCortex_6_GGACATTTCCAAGTAC,3.8702592420257727
36597,0.09915317406921552,6__nan,PertCortex_6_GGACGTCTCCGCGCAA,3.706892182947897
36598,0.04840562952611562,6__nan,PertCortex_6_GGACGTCTCTTGTTTG,3.4140837934649295
36599,0.15217485986815824,6__nan,PertCortex_6_GGATGTTCAATCTACG,5.038877167887383
36600,0.7187710528420451,6__nan,PertCortex_6_GGATGTTCACAAGCCC,1.3850498430269065
36601,0.22536964919401997,6__nan,PertCortex_6_GGATGTTGTTCGGGCT,4.6882376441395
36602,0.49504757289150575,6__nan,PertCortex_6_GGCCGATCAATTCCTT,2.8096644698481015
36603,0.15543238214821609,6__nan,PertCortex_6_GGCCGATCAGGAACGT,3.732571409633136
36604,0.5490816159679764,6__nan,PertCortex_6_GGCGACTCAGACGCCT,2.2560523347042056
36605,0.11111894137961899,6__nan,PertCortex_6_GGCGTGTGTCAACTGT,5.0529057757477815
36606,0.06697436334577529,6__nan,PertCortex_6_GGCGTGTTCATTGCGA,4.155252524449643
36607,0.10670173662458528,6__nan,PertCortex_6_GGCTCGAGTGAAGGCT,4.925192027197599
36608,0.0925093458098681,6__nan,PertCortex_6_GGCTGGTAGAGAACAG,4.967698488503118
36609,0.008537337774466632,6__nan,PertCortex_6_GGCTGGTGTTCAACCA,4.0827025867585265
36610,0.17219373348028397,6__nan,PertCortex_6_GGGAATGCAATCGGTT,4.859621763054805
36611,0.13791243735541023,6__nan,PertCortex_6_GGGACCTAGCAGCCTC,3.7079850119576174
36612,0.12842363279122698,6__nan,PertCortex_6_GGGACCTAGTAGATGT,4.136403929775557
36613,0.1830737037087425,6__nan,PertCortex_6_GGGACCTTCCACGTTC,4.902873563519956
36614,0.17291079118267966,6__nan,PertCortex_6_GGGAGATTCGGCGCAT,3.6456219849930602
36615,0.20386449313397392,6__nan,PertCortex_6_GGGAGATTCTGAGGGA,3.7884866479524897
36616,0.31110421718115655,6__nan,PertCortex_6_GGGATGACAGCTGCTG,4.136428620868557
36617,0.11107894398001926,6__nan,PertCortex_6_GGGATGACAGGGTATG,5.060022254477006
36618,0.5878411168135352,6__nan,PertCortex_6_GGGCACTAGGTAAACT,1.5925569558731842
36619,0.119339211092521,6__nan,PertCortex_6_GGGCACTGTACAGTTC,4.854096643675881
36620,0.5014536677397284,6__nan,PertCortex_6_GGGCATCCACCAGGCT,2.4227908137313925
36621,0.10402840685018849,6__nan,PertCortex_6_GGGCATCGTGGCCCTA,3.656155068884266
36622,0.1611557729843795,6__nan,PertCortex_6_GGTATTGAGGGTCGAT,4.890957816281105
36623,0.1458371438853133,6__nan,PertCortex_6_GGTGAAGAGCTAACTC,3.7552811648063975
36624,0.49823858248153347,6__nan,PertCortex_6_GGTGAAGTCAATACCG,1.7230822323924555
36625,0.5827813316919989,6__nan,PertCortex_6_GGTGCGTAGGTTCCTA,2.0100953434700726
36626,0.20164264083196687,6__nan,PertCortex_6_GGTGCGTCAGCTTCGG,3.2759947122525843
36627,0.21119758961332855,6__nan,PertCortex_6_GGTGTTAAGCGTTTAC,3.2337838173716835
36628,0.13926664193962318,6__nan,PertCortex_6_GTAACGTCAAGAGTCG,4.50616336838291
36629,0.13067637848112318,6__nan,PertCortex_6_GTAACGTCAAGTTAAG,4.703156312498782
36630,0.10837131392473873,6__nan,PertCortex_6_GTAACGTCAATGACCT,4.31526516141112
36631,0.7048651454938177,6__nan,PertCortex_6_GTAACGTCATTGCGGC,1.597533748255635
36632,0.2498576340972062,6__nan,PertCortex_6_GTAACTGAGGCTCAGA,4.417578411665665
36633,0.2283110341701249,6__nan,PertCortex_6_GTACGTAGTAGCTAAA,3.5214601659052165
36634,0.13550420497986512,6__nan,PertCortex_6_GTACTCCAGGTAAACT,4.749965338695604
36635,0.12583729298210253,6__nan,PertCortex_6_GTACTCCTCTTGAGAC,4.805564515608496
36636,0.1146142847388348,6__nan,PertCortex_6_GTAGGCCCACACTGCG,4.181229529072253
36637,0.06712319360739102,6__nan,PertCortex_6_GTAGGCCTCTTTCCTC,3.398472774471841
36638,0.16080401369059408,6__nan,PertCortex_6_GTAGTCACACCTGGTG,5.032002732355986
36639,0.12287863752071784,6__nan,PertCortex_6_GTAGTCATCCACGTGG,5.522326102250532
36640,0.10284708129734896,6__nan,PertCortex_6_GTATCTTAGAGGGATA,4.289281225642473
36641,0.10800225276381864,6__nan,PertCortex_6_GTATCTTAGATGGCGT,4.261376688999503
36642,0.10385423087301156,6__nan,PertCortex_6_GTATCTTAGCAATATG,4.756148698485327
36643,0.11767382270960595,6__nan,PertCortex_6_GTATTCTCAATGGTCT,5.35347325086094
36644,0.6307889464256917,6__nan,PertCortex_6_GTCAAGTCACGTTGGC,1.956567086271758
36645,0.13560271702245955,6__nan,PertCortex_6_GTCACAAGTCTCATCC,3.3540243473531666
36646,0.08914106262810984,6__nan,PertCortex_6_GTCACAATCCTGTACC,4.282256008373427
36647,0.14697158182114603,6__nan,PertCortex_6_GTCACGGAGAGCAATT,5.1008051406459
36648,0.20443335008034103,6__nan,PertCortex_6_GTCATTTGTTCCCGAG,3.7532708684492357
36649,0.10402133238444085,6__nan,PertCortex_6_GTCCTCACATAGACTC,3.84472374463459
36650,0.17846213501707905,6__nan,PertCortex_6_GTCCTCAGTCAGAAGC,4.21453508243198
36651,0.4974147834139789,6__nan,PertCortex_6_GTCCTCAGTCCGTCAG,1.919457829895306
36652,0.11692651336865147,6__nan,PertCortex_6_GTCCTCAGTTCAGACT,4.6301174794265805
36653,0.12664943926204697,6__nan,PertCortex_6_GTCGGGTCAAGGACTG,3.6310420054525214
36654,0.14845318603969812,6__nan,PertCortex_6_GTCGGGTGTACTCTCC,3.9534427499726497
36655,0.05085371079856998,6__nan,PertCortex_6_GTCGGGTTCTTCAACT,4.612582510385537
36656,0.19427885760442953,6__nan,PertCortex_6_GTCGTAAGTGATAAGT,3.579333415007969
36657,0.09542629816820784,6__nan,PertCortex_6_GTCTCGTAGGAGTCTG,4.077859572035512
36658,0.12409357161761822,6__nan,PertCortex_6_GTCTCGTTCCAGGGCT,5.123723928351339
36659,0.5631064163303974,6__nan,PertCortex_6_GTCTTCGCACCATGTA,2.345459486800562
36660,0.5930422492326337,6__nan,PertCortex_6_GTGAAGGAGAGGTACC,2.1936989703796255
36661,0.10991880585611911,6__nan,PertCortex_6_GTGAAGGCACAGCCCA,4.5219409794369225
36662,0.16705121209469403,6__nan,PertCortex_6_GTGAAGGGTCGTTGTA,5.063350652383089
36663,0.25252252766823824,6__nan,PertCortex_6_GTGCAGCCACCAGGTC,3.977013149690579
36664,0.1727776667560538,6__nan,PertCortex_6_GTGCATAAGCTATGCT,4.23364205925305
36665,0.1504842346726341,6__nan,PertCortex_6_GTGCATACAGCGTCCA,4.198948624452695
36666,0.11071144392151479,6__nan,PertCortex_6_GTGCATACAGCTTAAC,4.638855242731217
36667,0.10636726945097362,6__nan,PertCortex_6_GTGCATATCCAAAGTC,3.535156924727789
36668,0.14508603829551064,6__nan,PertCortex_6_GTGCATATCTCTTATG,4.91942086331059
36669,0.2472010327180827,6__nan,PertCortex_6_GTGCGGTCACGTCAGC,4.203709896295637
36670,0.18475939339636857,6__nan,PertCortex_6_GTGCGGTGTAAAGTCA,3.2317758331334745
36671,0.10034020976626491,6__nan,PertCortex_6_GTGCGGTGTGTATGGG,4.644320679095437
36672,0.1607590012024539,6__nan,PertCortex_6_GTGCTTCTCCCATTAT,4.388384047440223
36673,0.10782059317908939,6__nan,PertCortex_6_GTGTGCGAGTTTCCTT,5.531011045380073
36674,0.09121972183396622,6__nan,PertCortex_6_GTGTGCGGTCTAGTGT,4.704010065615363
36675,0.16999607083104765,6__nan,PertCortex_6_GTGTTAGAGGCAATTA,4.141623223788091
36676,0.2790884338880928,6__nan,PertCortex_6_GTTAAGCCAGGTCCAC,3.8961922782550737
36677,0.4054336178641325,6__nan,PertCortex_6_GTTACAGAGACAGGCT,2.414810420395599
36678,0.06069450505057317,6__nan,PertCortex_6_GTTACAGCAGTACACT,2.50288205024015
36679,0.13525310712932287,6__nan,PertCortex_6_GTTCGGGAGAGGTAGA,4.971735466824572
36680,0.23190922348743712,6__nan,PertCortex_6_GTTCGGGGTACATCCA,4.199114071271226
36681,0.13687514589337862,6__nan,PertCortex_6_GTTTCTAAGCCACGCT,3.277731482849659
36682,0.19969522560186115,6__nan,PertCortex_6_GTTTCTACACGACTCG,4.7626277529890695
36683,0.039366046904695744,6__nan,PertCortex_6_TAAACCGAGCGAGAAA,4.374198176634835
36684,0.13401034361605638,6__nan,PertCortex_6_TAAACCGGTTTGGCGC,3.2363502013295578
36685,0.6104418899975569,6__nan,PertCortex_6_TAAGAGACACGTCTCT,2.086107189945529
36686,0.14010561759044562,6__nan,PertCortex_6_TAAGCGTAGTACCGGA,3.5394233045169763
36687,0.23869073304599167,6__nan,PertCortex_6_TAAGTGCGTTTGACTG,4.235823496842379
36688,0.08915591020938757,6__nan,PertCortex_6_TAAGTGCTCGGCGCAT,4.5255063722212325
36689,0.4345660514412619,6__nan,PertCortex_6_TAAGTGCTCTCTAAGG,1.973509938178701
36690,0.0879601259186547,6__nan,PertCortex_6_TACAGTGAGGGCTTGA,4.221813599333463
36691,0.153299346478213,6__nan,PertCortex_6_TACCTATCAAGGTTTC,4.998630661664658
36692,0.25707568405301645,6__nan,PertCortex_6_TACCTTAAGTCAATAG,4.257945513945617
36693,0.18236459024215698,6__nan,PertCortex_6_TACCTTAGTAGCTTGT,3.792996140439598
36694,0.4231165491629441,6__nan,PertCortex_6_TACGGATCACGGCTAC,3.4705633591486302
36695,0.21724720147467802,6__nan,PertCortex_6_TACGGATCATGCAATC,4.206366395179067
36696,0.10347072012584888,6__nan,PertCortex_6_TACGGATTCCGAGCCA,4.098552625098435
36697,0.1572431976057142,6__nan,PertCortex_6_TACGGTAGTTCCACTC,5.130731796549737
36698,0.12755187283649896,6__nan,PertCortex_6_TACTCATCACGAAATA,4.9882798051150345
36699,0.06310377451124255,6__nan,PertCortex_6_TACTCATGTGCATCTA,4.615853447118195
36700,0.07069424238060569,6__nan,PertCortex_6_TACTCATTCAGTTTGG,4.322782878104851
36701,0.058987481716498015,6__nan,PertCortex_6_TACTCGCCAATCCAAC,4.076978296710015
36702,0.1711422617902567,6__nan,PertCortex_6_TACTTACAGCACCGCT,4.490634461489964
36703,0.1533547558529881,6__nan,PertCortex_6_TACTTACCACACAGAG,5.140740304075259
36704,0.14402377564918187,6__nan,PertCortex_6_TACTTGTAGAATTCCC,4.832380741349925
36705,0.23265680498305918,6__nan,PertCortex_6_TACTTGTAGGGATGGG,4.7650638773024125
36706,0.26012480754942524,6__nan,PertCortex_6_TAGACCAGTCCATGAT,3.4576278634069966
36707,0.1489097105697945,6__nan,PertCortex_6_TAGACCATCACTATTC,4.954138005267525
36708,0.1218965785675055,6__nan,PertCortex_6_TAGAGCTAGGCATGGT,3.127540748498611
36709,0.1978292112193661,6__nan,PertCortex_6_TAGAGCTCAATGGATA,4.264185737316879
36710,0.13287843897666898,6__nan,PertCortex_6_TAGAGCTTCCTTTCTC,4.413260109854966
36711,0.04009490554890489,6__nan,PertCortex_6_TAGCCGGCAGGGTACA,3.9394199141912263
36712,0.16464402066167227,6__nan,PertCortex_6_TAGGCATAGACTGTAA,4.986458013929567
36713,0.05450337320245188,6__nan,PertCortex_6_TAGGCATCAACACGCC,4.000395529104749
36714,0.23815605587071112,6__nan,PertCortex_6_TAGGCATCAACCGCCA,2.9501433872775986
36715,0.08099549151138963,6__nan,PertCortex_6_TAGGCATCACCGAATT,4.166213871835647
36716,0.12680318289443057,6__nan,PertCortex_6_TAGGCATGTAATAGCA,5.2794452532653615
36717,0.2241828334470821,6__nan,PertCortex_6_TAGGCATGTCTGATCA,4.063264811096094
36718,0.4754589055202313,6__nan,PertCortex_6_TAGGCATGTGTTTGGT,2.602495387157678
36719,0.20753845062249762,6__nan,PertCortex_6_TAGTGGTAGCGTGAAC,4.318730310539828
36720,0.19655945805125788,6__nan,PertCortex_6_TAGTGGTGTAAGAGAG,5.2657221299587675
36721,0.511904388016914,6__nan,PertCortex_6_TATCAGGCACATCTTT,2.087289078213907
36722,0.27069181935267406,6__nan,PertCortex_6_TATCAGGGTCTCACCT,4.152392379608072
36723,0.13715574897529864,6__nan,PertCortex_6_TATCTCACAACTTGAC,3.5168154806673693
36724,0.13952022197840266,6__nan,PertCortex_6_TATCTCACAGTTCATG,5.330171097778964
36725,0.06932844126655816,6__nan,PertCortex_6_TATCTCATCTACTATC,4.155844356300524
36726,0.22797164292945324,6__nan,PertCortex_6_TATGCCCAGCTAGTCT,4.556409594132019
36727,0.12903510768478768,6__nan,PertCortex_6_TATGCCCAGGAGTAGA,3.5960765353884403
36728,0.14899639961132644,6__nan,PertCortex_6_TATGCCCTCCACGAAT,4.6805932882698
36729,0.20835762174630912,6__nan,PertCortex_6_TATGCCCTCGCAAACT,4.256880448543035
36730,0.07051271048300942,6__nan,PertCortex_6_TATTACCAGGCGACAT,4.182170949266468
36731,0.49734713081492493,6__nan,PertCortex_6_TCAACGAGTGAAGGCT,2.5076179334378494
36732,0.13525171137498554,6__nan,PertCortex_6_TCAATCTGTCAAACTC,5.392326479860901
36733,0.24493607168079368,6__nan,PertCortex_6_TCACAAGAGAATCTCC,4.040720850657486
36734,0.06263661741182043,6__nan,PertCortex_6_TCACAAGGTACCGGCT,3.9249056968033798
36735,0.21298651630204027,6__nan,PertCortex_6_TCACAAGTCGCCCTTA,4.527243210276494
36736,0.11209503012485127,6__nan,PertCortex_6_TCACGAACATCGGACC,5.099020783945833
36737,0.21988686679906994,6__nan,PertCortex_6_TCAGCAACAAACGTGG,4.039107949895731
36738,0.12508244982078173,6__nan,PertCortex_6_TCAGCTCAGGTACTCT,5.768929450439044
36739,0.24161424467352763,6__nan,PertCortex_6_TCAGGTATCCGTAGTA,4.349151478834305
36740,0.5340001793178616,6__nan,PertCortex_6_TCATTTGTCGGGAGTA,2.442658152758854
36741,0.14658568625131396,6__nan,PertCortex_6_TCCACACAGTATTGGA,4.114046855632895
36742,0.2405436538240774,6__nan,PertCortex_6_TCCACACGTGCAACTT,3.9709188407336966
36743,0.21970940538547745,6__nan,PertCortex_6_TCCCGATAGAAAGTGG,4.300453194631472
36744,0.11330829166799689,6__nan,PertCortex_6_TCCCGATTCGAGCCCA,4.477883419740012
36745,0.10725943371046803,6__nan,PertCortex_6_TCGAGGCAGCTAAGAT,3.3231576427791008
36746,0.6345606179485203,6__nan,PertCortex_6_TCGGGACAGACTACAA,1.750277609540948
36747,0.10616735485137277,6__nan,PertCortex_6_TCGGGACAGGCTAGGT,4.048846364026632
36748,0.12919904912042068,6__nan,PertCortex_6_TCGGGACCAGTCACTA,4.218360690871857
36749,0.07283648483348876,6__nan,PertCortex_6_TCGGGACTCAGAGCTT,3.430297851931254
36750,0.15297600362606636,6__nan,PertCortex_6_TCGTACCAGACTACAA,5.212758829457872
36751,0.08181467439586568,6__nan,PertCortex_6_TCGTACCAGAGGTTGC,4.743800351621868
36752,0.077332352377695,6__nan,PertCortex_6_TCGTAGACACCAGGCT,4.083536504581195
36753,0.24694404718821006,6__nan,PertCortex_6_TCGTAGAGTTCTGAAC,4.409030611628369
36754,0.1472389429935039,6__nan,PertCortex_6_TCTATTGGTAAACACA,4.566446482173829
36755,0.11171605397608285,6__nan,PertCortex_6_TCTCATAGTGCGATAG,3.941253636887426
36756,0.14806623062985416,6__nan,PertCortex_6_TCTCTAAAGACGCAAC,4.7354558336355765
36757,0.09402369847888188,6__nan,PertCortex_6_TCTCTAAAGGGAAACA,4.318889163238674
36758,0.05564217623598406,6__nan,PertCortex_6_TCTCTAACAGCTATTG,4.295353266481734
36759,0.16729513111602642,6__nan,PertCortex_6_TCTCTAAGTACAGTTC,4.102656974522379
36760,0.17142553482680833,6__nan,PertCortex_6_TCTCTAAGTCGGGTCT,5.129066144189004
36761,0.2242081601135898,6__nan,PertCortex_6_TCTCTAAGTCTCGTTC,3.6210014991780652
36762,0.15885900569357372,6__nan,PertCortex_6_TCTCTAATCTTGACGA,3.3754516869305635
36763,0.18205316900408944,6__nan,PertCortex_6_TCTGAGAGTTGATTGC,4.337320556665303
36764,0.14287314052181124,6__nan,PertCortex_6_TCTGGAACACCGTTGG,3.837310850420164
36765,0.574138618595856,6__nan,PertCortex_6_TCTGGAAGTCGCTTTC,2.0221506690794713
36766,0.24761354195770288,6__nan,PertCortex_6_TCTGGAAGTGAACCTT,4.534202653610226
36767,0.16263498648425584,6__nan,PertCortex_6_TCTTTCCCAGTAACGG,3.6959182010625793
36768,0.6826529651974135,6__nan,PertCortex_6_TGACGGCAGGCAATTA,1.8259628612503354
36769,0.22935944111614692,6__nan,PertCortex_6_TGACGGCGTTGATTGC,3.4808772940925166
36770,0.11607267920386789,6__nan,PertCortex_6_TGACTTTAGTACGACG,3.9313444014411885
36771,0.16679502651041517,6__nan,PertCortex_6_TGACTTTTCTTGCCGT,3.5483120141426117
36772,0.2281576900711283,6__nan,PertCortex_6_TGAGAGGCACCGAATT,4.11434858918281
36773,0.09190597335231813,6__nan,PertCortex_6_TGAGCATCACCGCTAG,2.56499344959606
36774,0.5295610526553265,6__nan,PertCortex_6_TGAGGGACAGGACGTA,2.0975072423742884
36775,0.12462914980272327,6__nan,PertCortex_6_TGAGGGAGTACCGGCT,4.448127748533909
36776,0.16707654603757469,6__nan,PertCortex_6_TGAGGGAGTCCGAAGA,4.780752742274877
36777,0.10797051682231362,6__nan,PertCortex_6_TGAGGGATCCTAAGTG,4.18031221554652
36778,0.1460542070402834,6__nan,PertCortex_6_TGAGGGATCGCGATCG,4.256362437572951
36779,0.0642510477419512,6__nan,PertCortex_6_TGATTTCGTCCGTCAG,3.064870918605713
36780,0.08751675496755854,6__nan,PertCortex_6_TGATTTCGTCTCTTTA,4.366824763216715
36781,0.7071833401651544,6__nan,PertCortex_6_TGATTTCGTGGGTCAA,1.569597231973067
36782,0.21518415330741042,6__nan,PertCortex_6_TGCACCTCACATTTCT,3.137914059867778
36783,0.20450906365104712,6__nan,PertCortex_6_TGCCAAACACACATGT,4.643419872962554
36784,0.2757917519092566,6__nan,PertCortex_6_TGCCAAATCTACTTAC,3.312352677763715
36785,0.2743777079557587,6__nan,PertCortex_6_TGCCCATAGATAGTCA,3.556047970096496
36786,0.6578702457250376,6__nan,PertCortex_6_TGCCCTAGTCAGAAGC,1.70036480117463
36787,0.09957907372208158,6__nan,PertCortex_6_TGCGCAGAGGCTATCT,4.944044416750939
36788,0.09855895699401845,6__nan,PertCortex_6_TGCGCAGTCCTCTAGC,4.407365120543288
36789,0.2216539983889384,6__nan,PertCortex_6_TGCTACCCATATGGTC,2.3381276533598134
36790,0.1134235663037062,6__nan,PertCortex_6_TGCTGCTGTCGCTTTC,4.491225324509205
36791,0.20823783401430945,6__nan,PertCortex_6_TGGACGCCAGTATCTG,3.7356478770356425
36792,0.11460062179396364,6__nan,PertCortex_6_TGGCCAGAGTTGTAGA,3.7006015896352555
36793,0.16652590684649338,6__nan,PertCortex_6_TGGCGCACATAAGACA,4.3581203062391545
36794,0.17342796409281386,6__nan,PertCortex_6_TGGCTGGAGTCCGGTC,3.328357077779152
36795,0.11360218367065157,6__nan,PertCortex_6_TGGCTGGGTCCGAACC,5.524780687576611
36796,0.18336890256681443,6__nan,PertCortex_6_TGGGAAGAGGATGTAT,4.258001839972707
36797,0.05836920247655159,6__nan,PertCortex_6_TGGGAAGAGTGATCGG,3.6768321899204723
36798,0.43936190021464894,6__nan,PertCortex_6_TGGGAAGCATCGACGC,2.4487810417370666
36799,0.13606745221261157,6__nan,PertCortex_6_TGGGAAGTCTGTCAAG,4.503727300167777
36800,0.2446318146896925,6__nan,PertCortex_6_TGGGCGTCAGACGTAG,4.161782036687586
36801,0.26505464918911936,6__nan,PertCortex_6_TGGGCGTTCCGCGCAA,4.243637993416847
36802,0.16990457646076093,6__nan,PertCortex_6_TGTCCCACACTTAAGC,3.5193494349826735
36803,0.100161965709179,6__nan,PertCortex_6_TGTGGTACAGCCTGTG,3.3638340501768207
36804,0.20860661436421343,6__nan,PertCortex_6_TGTGGTATCAGCCTAA,3.873698655619948
36805,0.012865683013710617,6__nan,PertCortex_6_TGTGTTTTCAGCTCGG,3.4252153097094777
36806,0.13049228539795157,6__nan,PertCortex_6_TGTTCCGAGCGCTCCA,4.660794054756307
36807,0.15463938382067566,6__nan,PertCortex_6_TTAACTCTCTCACATT,4.806899036060546
36808,0.22131068770305978,6__nan,PertCortex_6_TTAGGACCATCCGCGA,4.373943796688928
36809,0.2522277766650703,6__nan,PertCortex_6_TTAGGCAAGACAGACC,4.806716715920133
36810,0.147085183753672,6__nan,PertCortex_6_TTAGTTCAGTCAAGGC,3.5041409719867365
36811,0.13879250088283332,6__nan,PertCortex_6_TTATGCTAGACGCAAC,3.962423919322372
36812,0.204041117235956,6__nan,PertCortex_6_TTCCCAGAGTCCAGGA,4.925716525862816
36813,0.6477098409421017,6__nan,PertCortex_6_TTCGAAGAGTGCCATT,1.8065914867683683
36814,0.11802613949981049,6__nan,PertCortex_6_TTCGAAGGTAGAGGAA,3.464843510967007
36815,0.25160067268477593,6__nan,PertCortex_6_TTCGGTCGTAGCGCAA,4.4520543443009215
36816,0.1654233576918805,6__nan,PertCortex_6_TTCGGTCTCTTTACAC,1.7828762317467937
36817,0.15037443908576384,6__nan,PertCortex_6_TTCTACAGTACCCAAT,4.473347479901599
36818,0.15638312168731766,6__nan,PertCortex_6_TTCTACATCATTATCC,3.9095364124640226
36819,0.516700817549448,6__nan,PertCortex_6_TTCTCAACACGGACAA,2.170864062910842
36820,0.13543574087827048,6__nan,PertCortex_6_TTCTCAATCGAGGTAG,4.463380752903793
36821,0.165323857607577,6__nan,PertCortex_6_TTCTCCTTCAGTTAGC,4.444202438702472
36822,0.11381069916344867,6__nan,PertCortex_6_TTCTTAGAGACAAGCC,4.556520809282456
36823,0.1553235578390775,6__nan,PertCortex_6_TTGAACGTCCGTACAA,4.974487488676414
36824,0.595240958219701,6__nan,PertCortex_6_TTGACTTCAATCCGAT,2.232477854174016
36825,0.23478830782476492,6__nan,PertCortex_6_TTGACTTGTCTGCGGT,3.3343577255983567
36826,0.2795582098589977,6__nan,PertCortex_6_TTGCCGTGTTAGAACA,3.9722520334183247
36827,0.12132254455332207,6__nan,PertCortex_6_TTGCGTCCAATAGCGG,3.84559965087473
36828,0.304601228340858,6__nan,PertCortex_6_TTGCGTCCAGACGTAG,3.290614242678188
36829,0.13030928486580895,6__nan,PertCortex_6_TTGCGTCGTCATACTG,3.559685294263578
36830,0.12338776251521648,6__nan,PertCortex_6_TTGGAACGTGAACCTT,4.729178788666427
36831,0.5346210408630376,6__nan,PertCortex_6_TTGGCAAAGGAGCGAG,1.8531760452427466
36832,0.15988366513480082,6__nan,PertCortex_6_TTTATGCTCCTAGAAC,4.792923728132116
36833,0.134102133442271,6__nan,PertCortex_6_TTTCCTCGTATATGAG,4.044413590987074
36834,0.5613705668708027,6__nan,PertCortex_6_TTTCCTCGTTCCGTCT,2.125180306556718
36835,0.11803413589216905,6__nan,PertCortex_6_TTTGCGCAGCTGAACG,4.774893053026768
36836,0.13863409289932707,6__nan,PertCortex_6_TTTGCGCGTCTCGTTC,4.031210254899321
36837,0.14361831185404306,6__nan,PertCortex_6_TTTGGTTAGCTATGCT,5.144173376348637
36838,0.6929697967098191,6__nan,PertCortex_6_TTTGTCATCACTTATC,1.8592791595420357
36839,0.189761568395473,6__nan,PertCortex_6_TTTGTCATCGCCAAAT,3.851762940791285
36840,0.11624007731954404,6__nan,PertCortex_6_TTTGTCATCTCTTATG,3.847202743870213
36841,0.11368584311080158,7__nan,PertCortex_7_AAACCTGCAAAGTCAA,4.17434199071353
36842,0.2720416191948503,7__nan,PertCortex_7_AAACCTGCAGGGCATA,4.203901429732672
36843,0.1385286642766092,7__nan,PertCortex_7_AAACCTGTCAGTTTGG,4.463657976946697
36844,0.2059289769366093,7__nan,PertCortex_7_AAAGCAACACTCTGTC,4.056517446793614
36845,0.08485355255734389,7__nan,PertCortex_7_AAAGTAGTCCCGACTT,3.9616089203357103
36846,0.1894026054641306,7__nan,PertCortex_7_AACCATGAGCGATCCC,3.8921935898513946
36847,0.16915574775925135,7__nan,PertCortex_7_AACCATGCATAAGACA,4.871851041687199
36848,0.13680115545816277,7__nan,PertCortex_7_AACCGCGGTATGCTTG,4.623313961637842
36849,0.27020915645151705,7__nan,PertCortex_7_AACTCAGAGCATCATC,4.551130567330764
36850,0.13123459056771372,7__nan,PertCortex_7_AACTCAGTCGGAGGTA,4.300215262292143
36851,0.5875267625237216,7__nan,PertCortex_7_AACTCCCTCTTTAGGG,2.3840321694344118
36852,0.31434855134077794,7__nan,PertCortex_7_AACTGGTAGACAAGCC,4.528602789479397
36853,0.31664178865380604,7__nan,PertCortex_7_AACTGGTGTGTTTGTG,4.372260149057528
36854,0.5489838052988065,7__nan,PertCortex_7_AACTTTCTCCTTGGTC,2.675936643872672
36855,0.24110887412945023,7__nan,PertCortex_7_AAGCCGCAGACGCAAC,3.5757102512646117
36856,0.15027982508439358,7__nan,PertCortex_7_AAGCCGCCAAAGTGCG,4.930530484544902
36857,0.10442543379420555,7__nan,PertCortex_7_AAGCCGCGTAGGGACT,4.577494736481572
36858,0.14388903874228828,7__nan,PertCortex_7_AAGGAGCTCTTAACCT,3.767651648236966
36859,0.14779337191264286,7__nan,PertCortex_7_AAGGCAGGTTGTGGCC,3.997551305551376
36860,0.1143107546692858,7__nan,PertCortex_7_AAGGCAGTCAGCGATT,2.744676848684067
36861,0.2310548879974893,7__nan,PertCortex_7_AAGTCTGAGAGTACCG,3.4485654630615294
36862,0.1352946284454169,7__nan,PertCortex_7_AAGTCTGAGGGTCTCC,4.978992898798262
36863,0.19769270782613754,7__nan,PertCortex_7_AAGTCTGGTTACAGAA,4.2698712409020105
36864,0.5381389018243321,7__nan,PertCortex_7_AATCCAGCACTGCCAG,2.1049801620608495
36865,0.3546695316933723,7__nan,PertCortex_7_AATCCAGGTTATGCGT,2.1606411054104053
36866,0.5351577186737875,7__nan,PertCortex_7_AATCCAGTCGCAAGCC,1.8841432839004364
36867,0.20577681112446156,7__nan,PertCortex_7_AATCGGTCAGTAAGAT,4.565011966751308
36868,0.16027569785010648,7__nan,PertCortex_7_ACACCAACAGCGAACA,4.740818840838296
36869,0.14249827810830232,7__nan,PertCortex_7_ACACCAATCCGAACGC,5.01375971596706
36870,0.06993152258530526,7__nan,PertCortex_7_ACACTGACACGGACAA,4.0982230879904025
36871,0.27284229425427725,7__nan,PertCortex_7_ACAGCTACATAGAAAC,3.7890171032656843
36872,0.27703015164832917,7__nan,PertCortex_7_ACATGGTCAAGAGGCT,4.437478127301833
36873,0.16963940437176658,7__nan,PertCortex_7_ACATGGTCACTTAAGC,4.287709728967126
36874,0.13914069061423204,7__nan,PertCortex_7_ACCCACTAGCGATATA,5.081985428977803
36875,0.14449066447742823,7__nan,PertCortex_7_ACCCACTAGGTGCTTT,3.3584177157641544
36876,0.3261968057328353,7__nan,PertCortex_7_ACCCACTAGTTAGCGG,4.477759524532317
36877,0.126289614691349,7__nan,PertCortex_7_ACCCACTCATGACGGA,4.692883927362345
36878,0.24917430463692294,7__nan,PertCortex_7_ACCGTAAAGTCCATAC,3.3885402837209275
36879,0.25858586896176505,7__nan,PertCortex_7_ACCGTAATCCCTGACT,3.4515225455521064
36880,0.2234734578882649,7__nan,PertCortex_7_ACGAGCCGTCGACTAT,5.27250943288461
36881,0.042781384797117794,7__nan,PertCortex_7_ACGATGTTCGCGCCAA,3.3080848243740584
36882,0.049319089497271804,7__nan,PertCortex_7_ACGATGTTCTGCAAGT,3.635710071252053
36883,0.09725048553248354,7__nan,PertCortex_7_ACGCCGACAACACCCG,4.9394946718073784
36884,0.12655237273466935,7__nan,PertCortex_7_ACGGCCAGTACTTGAC,3.354112897979436
36885,0.18026444773675335,7__nan,PertCortex_7_ACGGCCAGTTCCCTTG,3.96548949981852
36886,0.2284024465093128,7__nan,PertCortex_7_ACGTCAAAGACGCTTT,2.9732822914663233
36887,0.15033290910602182,7__nan,PertCortex_7_ACGTCAAAGCTATGCT,4.269251880247057
36888,0.2746662576259405,7__nan,PertCortex_7_ACGTCAAGTGTTAAGA,3.841567504982958
36889,0.5784401422973869,7__nan,PertCortex_7_ACTATCTTCACCATAG,1.675431940526315
36890,0.11465160976904784,7__nan,PertCortex_7_ACTGAACAGATGTCGG,3.265472780952454
36891,0.17014993595959574,7__nan,PertCortex_7_ACTGAGTGTCTAGGTT,4.847502784012076
36892,0.24334077414415303,7__nan,PertCortex_7_ACTGTCCAGGCAGGTT,2.530933095606803
36893,0.1965190086552044,7__nan,PertCortex_7_ACTGTCCAGTTAGCGG,4.741223035998251
36894,0.13574674700381975,7__nan,PertCortex_7_ACTTGTTTCGGCTACG,5.4610153060925555
36895,0.31134783870387844,7__nan,PertCortex_7_AGAATAGAGTGAAGTT,2.107109217830565
36896,0.1703369824565192,7__nan,PertCortex_7_AGAATAGGTTGTGGAG,4.232503985735866
36897,0.16404689712566672,7__nan,PertCortex_7_AGACGTTCATCCGCGA,4.180487571350936
36898,0.2037945055816063,7__nan,PertCortex_7_AGAGCGATCTACTTAC,4.339555208077447
36899,0.10039415294792453,7__nan,PertCortex_7_AGATCTGAGTCTCGGC,3.5265734343993373
36900,0.13354542910181882,7__nan,PertCortex_7_AGATTGCGTACAGACG,3.8593785965997323
36901,0.1351102492775905,7__nan,PertCortex_7_AGCAGCCCAGGACGTA,3.090568638531693
36902,0.1722921236888651,7__nan,PertCortex_7_AGCATACGTCCCTACT,2.9607745129193725
36903,0.04975677534664332,7__nan,PertCortex_7_AGCCTAAAGGCCCTTG,3.502602028107289
36904,0.2004459417386712,7__nan,PertCortex_7_AGCGTATAGCTCAACT,4.775280028333086
36905,0.1685301056345228,7__nan,PertCortex_7_AGCTCCTTCAGAGACG,4.014829641029456
36906,0.13621147553451365,7__nan,PertCortex_7_AGCTTGAAGGCTACGA,4.119985269265436
36907,0.1287145845979166,7__nan,PertCortex_7_AGGGAGTCATACCATG,3.6209602155078886
36908,0.09668015224467154,7__nan,PertCortex_7_AGGGATGCAGTCTTCC,4.2821223585470936
36909,0.13009615223054294,7__nan,PertCortex_7_AGGGTGACAGACGTAG,3.687643840973963
36910,0.11688897491195509,7__nan,PertCortex_7_AGGGTGACATACGCCG,4.761097319652946
36911,0.4396866026863035,7__nan,PertCortex_7_AGGGTGAGTAAACCTC,2.2384273474194707
36912,0.22791432813856224,7__nan,PertCortex_7_AGGTCATCAAGCGATG,3.7291739991694786
36913,0.1985054992099073,7__nan,PertCortex_7_AGGTCATCACGGTGTC,4.148167396310511
36914,0.0993316780280771,7__nan,PertCortex_7_AGGTCCGAGTAGGTGC,4.3951932750354645
36915,0.09162531502445688,7__nan,PertCortex_7_AGGTCCGAGTGGGCTA,4.0448459632760185
36916,0.1470616729235992,7__nan,PertCortex_7_AGTGAGGCACAGACAG,3.726610403129599
36917,0.10154851182604438,7__nan,PertCortex_7_AGTGGGAAGACTGGGT,4.2278973391505845
36918,0.4482523849542748,7__nan,PertCortex_7_AGTGTCAAGATCTGAA,2.293644657160878
36919,0.2285858538608909,7__nan,PertCortex_7_AGTGTCACATCCGGGT,3.366335911621321
36920,0.3088740980689346,7__nan,PertCortex_7_AGTGTCAGTGATAAGT,4.455825846554226
36921,0.09772744255075269,7__nan,PertCortex_7_AGTGTCAGTTTGTTGG,4.5369791707681575
36922,0.22639264346336155,7__nan,PertCortex_7_ATAACGCTCGCGCCAA,3.5953006315439877
36923,0.21450494273886145,7__nan,PertCortex_7_ATAAGAGAGTACGACG,3.908718365134352
36924,0.10835981315588426,7__nan,PertCortex_7_ATAAGAGGTACTTAGC,5.296480498433251
36925,0.15919842036667697,7__nan,PertCortex_7_ATCACGACAAGTACCT,2.7224747967631995
36926,0.15185617261733114,7__nan,PertCortex_7_ATCACGAGTGCACGAA,4.21088675339815
36927,0.5621315799495892,7__nan,PertCortex_7_ATCATCTAGGTGTTAA,2.4237866227352853
36928,0.19453147082895983,7__nan,PertCortex_7_ATCATCTGTTGTCTTT,4.627410215082265
36929,0.1258918309071191,7__nan,PertCortex_7_ATCATGGCACCATCCT,4.566160784888618
36930,0.21712047615399618,7__nan,PertCortex_7_ATCATGGCATTTCACT,4.812394628987371
36931,0.18982589193906466,7__nan,PertCortex_7_ATCATGGGTCTCATCC,2.952995953077435
36932,0.12942223147486556,7__nan,PertCortex_7_ATCCACCAGCTAAGAT,4.76425305487829
36933,0.15816658872687459,7__nan,PertCortex_7_ATCCGAACATTAGCCA,4.461140398020081
36934,0.20150055450609872,7__nan,PertCortex_7_ATCTACTCAGTCGATT,4.66715736768517
36935,0.08987271203104688,7__nan,PertCortex_7_ATCTACTGTAATTGGA,4.519829412032193
36936,0.289003374238533,7__nan,PertCortex_7_ATCTGCCGTGTATGGG,1.988048674182107
36937,0.1672337850292627,7__nan,PertCortex_7_ATGCGATAGTTGAGTA,4.3893560649631285
36938,0.39101379286267063,7__nan,PertCortex_7_ATGCGATGTTAAGTAG,1.6388344423508303
36939,0.15413277373524245,7__nan,PertCortex_7_ATGCGATTCCTCTAGC,4.202050821994591
36940,0.06431134509893846,7__nan,PertCortex_7_ATGGGAGAGACTGTAA,3.6548951638201035
36941,0.4010921468125091,7__nan,PertCortex_7_ATGGGAGAGGTGCTTT,2.0808498599096965
36942,0.17728334108662994,7__nan,PertCortex_7_ATGTGTGAGAGGGATA,4.612045405485956
36943,0.19593394092654484,7__nan,PertCortex_7_ATGTGTGTCTGCTGTC,2.8549133633647408
36944,0.1557493055003605,7__nan,PertCortex_7_ATTACTCTCCGAGCCA,4.911436801114678
36945,0.19286715629397697,7__nan,PertCortex_7_ATTCTACGTTACGTCA,3.5916982238049378
36946,0.4786536857334281,7__nan,PertCortex_7_ATTCTACTCCCAGGTG,2.054628770153601
36947,0.16228914819464685,7__nan,PertCortex_7_ATTGGACCAAGGACAC,2.175860222633112
36948,0.13092111532062886,7__nan,PertCortex_7_ATTGGACCAATGTAAG,3.655045379521718
36949,0.037618000615584186,7__nan,PertCortex_7_ATTGGACCAGGGCATA,4.1730647260352765
36950,0.10253862913760332,7__nan,PertCortex_7_ATTGGTGTCCCTTGCA,3.595106038939274
36951,0.14912477455010223,7__nan,PertCortex_7_ATTGGTGTCCGCGGTA,4.136979992638259
36952,0.5365184139645333,7__nan,PertCortex_7_ATTTCTGAGCGACGTA,1.9801452062952727
36953,0.1438146997507327,7__nan,PertCortex_7_ATTTCTGGTACTCGCG,3.826521363563064
36954,0.08487265809812027,7__nan,PertCortex_7_ATTTCTGGTTAAGAAC,3.8505337360111027
36955,0.24689175315224385,7__nan,PertCortex_7_CAAGAAATCTGGGCCA,5.017618200303954
36956,0.18061750257987216,7__nan,PertCortex_7_CAAGAAATCTTGACGA,3.4804980599177004
36957,0.1896600108406765,7__nan,PertCortex_7_CAAGATCTCAAAGACA,4.816351342285229
36958,0.16244834511488102,7__nan,PertCortex_7_CAAGTTGCATAAAGGT,4.765685452328642
36959,0.1972189632401604,7__nan,PertCortex_7_CAAGTTGGTCCCTACT,3.7756918400553277
36960,0.24900133935691873,7__nan,PertCortex_7_CAAGTTGGTCCGACGT,4.425364600804659
36961,0.1476177010298628,7__nan,PertCortex_7_CAAGTTGTCCAGAGGA,4.23655397637844
36962,0.1267599029577141,7__nan,PertCortex_7_CACAAACCAGATCGGA,4.52478492531278
36963,0.12347654746355656,7__nan,PertCortex_7_CACAAACGTCAGAATA,4.322747212454409
36964,0.08423489619526715,7__nan,PertCortex_7_CACACAAAGAGGGCTT,3.411572210086974
36965,0.1361071964045896,7__nan,PertCortex_7_CACACAAAGCCTCGTG,3.8054417401937863
36966,0.15006547694987082,7__nan,PertCortex_7_CACACCTCATCACGTA,4.3118584511811235
36967,0.2482970541480476,7__nan,PertCortex_7_CACACCTTCGCTTAGA,3.3048995887700077
36968,0.09166896031174063,7__nan,PertCortex_7_CACAGTACAGGAATGC,3.3301645403046414
36969,0.22353612386325913,7__nan,PertCortex_7_CACAGTATCATGTCCC,4.651905599997283
36970,0.20294307341975076,7__nan,PertCortex_7_CACATAGCAGCGTTCG,4.55737607015081
36971,0.16363509508153354,7__nan,PertCortex_7_CACATTTAGATAGTCA,3.583666250806501
36972,0.18460473067698657,7__nan,PertCortex_7_CACCAGGCAATGGTCT,5.114669631068258
36973,0.3907234980592899,7__nan,PertCortex_7_CACCAGGTCCAATGGT,2.6509839105982484
36974,0.6627097390103599,7__nan,PertCortex_7_CACCTTGCACGAAAGC,1.7520985270076148
36975,0.22198179375612997,7__nan,PertCortex_7_CACCTTGGTTGCGTTA,4.1093451640585466
36976,0.6176340048503733,7__nan,PertCortex_7_CAGAGAGAGTTCGCAT,1.9925806901563483
36977,0.12912810634809913,7__nan,PertCortex_7_CAGCAGCTCTGTTGAG,4.32476337117506
36978,0.32575036231269916,7__nan,PertCortex_7_CAGCCGACACATTTCT,2.292107450453172
36979,0.0824095536744189,7__nan,PertCortex_7_CAGCCGAGTTGGTGGA,4.751859918415253
36980,0.3158281076955567,7__nan,PertCortex_7_CAGCGACCACTTGGAT,3.481870306345036
36981,0.1362373439673389,7__nan,PertCortex_7_CAGCTGGTCCGCATAA,3.723052725778876
36982,0.11324421474970975,7__nan,PertCortex_7_CAGTAACTCGAACGGA,3.831109604531968
36983,0.20204508195360776,7__nan,PertCortex_7_CAGTCCTCAATCGGTT,2.9513005621793114
36984,0.22685040973120546,7__nan,PertCortex_7_CAGTCCTTCTCGCTTG,3.6682900830884146
36985,0.09338169180681849,7__nan,PertCortex_7_CAGTCCTTCTGATACG,3.3407173899319167
36986,0.20065139989154276,7__nan,PertCortex_7_CATATGGCAACAACCT,4.20401217753627
36987,0.31742840941781264,7__nan,PertCortex_7_CATATGGCAGGATTGG,3.74236667851259
36988,0.42363527211650626,7__nan,PertCortex_7_CATATTCAGAAGGTGA,2.392873272134555
36989,0.1480634849535816,7__nan,PertCortex_7_CATATTCCATGTCTCC,4.106419234503694
36990,0.18747609927124204,7__nan,PertCortex_7_CATCAAGAGAGTACCG,4.717501771338506
36991,0.20497064458621228,7__nan,PertCortex_7_CATCCACGTCAGAATA,3.7580865976514075
36992,0.2914649418550234,7__nan,PertCortex_7_CATCCACTCTAACTGG,3.7407725265818534
36993,0.06576329255139192,7__nan,PertCortex_7_CATCCACTCTCCCTGA,2.316974129669032
36994,0.2699566972811343,7__nan,PertCortex_7_CATCGAAGTGTTTGTG,2.3922284256230504
36995,0.17217822018403325,7__nan,PertCortex_7_CATCGGGCATGACATC,3.403570053302329
36996,0.2869210805003571,7__nan,PertCortex_7_CATGACAAGAAGAAGC,2.311101126833764
36997,0.19947477126309446,7__nan,PertCortex_7_CATGCCTAGCTAAGAT,3.708772291286117
36998,0.19794700427867895,7__nan,PertCortex_7_CATGCCTCAACGATCT,3.6197519334935757
36999,0.1397465619033197,7__nan,PertCortex_7_CATGCCTTCCGCGTTT,4.723442818523306
37000,0.28007812146078964,7__nan,PertCortex_7_CATTATCAGATGTCGG,4.216217797259281
37001,0.07657247141939848,7__nan,PertCortex_7_CATTATCAGTGGAGAA,3.4960703093785153
37002,0.1803038196912038,7__nan,PertCortex_7_CATTATCTCAGAGACG,5.074365387332348
37003,0.09646765747204303,7__nan,PertCortex_7_CATTCGCTCCTAGGGC,4.59261389047342
37004,0.1798409206767467,7__nan,PertCortex_7_CCAATCCAGTAGCGGT,3.983443099421769
37005,0.1695319588369014,7__nan,PertCortex_7_CCAATCCTCTAACTTC,4.872496934697059
37006,0.19784540600565,7__nan,PertCortex_7_CCACCTACAGTCACTA,3.3112215574924133
37007,0.18343348969369097,7__nan,PertCortex_7_CCACTACGTTGATTGC,4.523272971385786
37008,0.17795269833509833,7__nan,PertCortex_7_CCAGCGAGTATGGTTC,3.841475082147394
37009,0.13418631065596415,7__nan,PertCortex_7_CCAGCGAGTCTAGCGC,3.892688909213675
37010,0.15781146771966112,7__nan,PertCortex_7_CCAGCGAGTGATGCCC,4.809026086689731
37011,0.24724130717072532,7__nan,PertCortex_7_CCATGTCCACCATGTA,3.4092332123858706
37012,0.2743981007384453,7__nan,PertCortex_7_CCCAGTTAGTATTGGA,2.757039759229204
37013,0.1849154804506773,7__nan,PertCortex_7_CCCAGTTGTCACAAGG,4.993621889049546
37014,0.12347129493741807,7__nan,PertCortex_7_CCGTTCATCTAGCACA,4.390730417561428
37015,0.17117167035253542,7__nan,PertCortex_7_CCTACACAGGCTAGGT,4.115507297398631
37016,0.13400824790123295,7__nan,PertCortex_7_CCTACCAAGTCTCCTC,4.650962172460491
37017,0.5529866742938346,7__nan,PertCortex_7_CCTACCATCCCTAACC,1.6020108199302647
37018,0.23179670031815977,7__nan,PertCortex_7_CCTATTATCATAACCG,3.882084936753695
37019,0.17807436076500957,7__nan,PertCortex_7_CCTCTGAAGGCAGGTT,3.9168305501108898
37020,0.25645490100701207,7__nan,PertCortex_7_CCTCTGACAGGACCCT,3.072831733631724
37021,0.17768636745625904,7__nan,PertCortex_7_CCTCTGATCATCGGAT,3.5197362803445285
37022,0.14485616964424844,7__nan,PertCortex_7_CCTTCCCGTACCGCTG,4.030662937221838
37023,0.06534772379415858,7__nan,PertCortex_7_CCTTCGAGTCTCGTTC,4.160324747024463
37024,0.07023543489831637,7__nan,PertCortex_7_CCTTTCTAGTTCCACA,4.274674214764651
37025,0.2525663421064745,7__nan,PertCortex_7_CCTTTCTTCGTCTGCT,4.1649492537706925
37026,0.23244528706935652,7__nan,PertCortex_7_CGAACATCATCCGCGA,4.769507355360976
37027,0.16486102193676336,7__nan,PertCortex_7_CGAATGTCAATGTAAG,3.9471553610293784
37028,0.24594235243308313,7__nan,PertCortex_7_CGAATGTTCATTCACT,4.0764487559403095
37029,0.12892023999908483,7__nan,PertCortex_7_CGAATGTTCCTTGCCA,3.559584994271758
37030,0.1713181120804996,7__nan,PertCortex_7_CGAGAAGAGATCACGG,3.69521659741738
37031,0.4967771677267229,7__nan,PertCortex_7_CGAGCACTCACCCTCA,2.6513595976579016
37032,0.11023992029266204,7__nan,PertCortex_7_CGAGCCATCTGAAAGA,4.431879947442812
37033,0.4454844063801466,7__nan,PertCortex_7_CGATCGGTCTACTATC,2.4167171918575794
37034,0.14141850230853195,7__nan,PertCortex_7_CGATGGCCAAAGTCAA,5.010674169804695
37035,0.2030678962135933,7__nan,PertCortex_7_CGATGGCCAATCACAC,3.4286484381503732
37036,0.14600597591539552,7__nan,PertCortex_7_CGATGTAAGGTGCTAG,4.146093879033008
37037,0.166820917820466,7__nan,PertCortex_7_CGATTGACAAGCTGTT,3.841685311485001
37038,0.5759351714933922,7__nan,PertCortex_7_CGCGTTTCACGCGAAA,2.1640142669911984
37039,0.1682431378822043,7__nan,PertCortex_7_CGCTATCTCTGCAGTA,4.51078760536929
37040,0.2764303216973778,7__nan,PertCortex_7_CGGACACGTAAGAGGA,4.6192801114766695
37041,0.2817960213427847,7__nan,PertCortex_7_CGGACACGTAATAGCA,4.392145192778905
37042,0.11944228036101003,7__nan,PertCortex_7_CGGACGTGTAGCTGCC,3.4635692302196883
37043,0.18764169780099332,7__nan,PertCortex_7_CGGAGCTCACACTGCG,3.477714654909904
37044,0.27796844978013585,7__nan,PertCortex_7_CGGTTAAGTCCTGCTT,4.379968262683422
37045,0.12389652831957974,7__nan,PertCortex_7_CGTCACTCAAAGCAAT,4.4373884401597685
37046,0.018693730414381056,7__nan,PertCortex_7_CGTCAGGCACTGCCAG,3.4364296948204007
37047,0.09509530954116438,7__nan,PertCortex_7_CGTCCATAGCACCGCT,4.460236375675333
37048,0.15494787799102971,7__nan,PertCortex_7_CGTCCATAGGGCTCTC,3.6364585997927628
37049,0.2836809666295484,7__nan,PertCortex_7_CGTCTACAGCCCAGCT,4.437124852583529
37050,0.09585029424217797,7__nan,PertCortex_7_CGTCTACTCTGCGACG,3.449383066016655
37051,0.17431532572947775,7__nan,PertCortex_7_CGTGAGCCATACTACG,3.321320979640068
37052,0.1763379993693214,7__nan,PertCortex_7_CGTGAGCCATGGAATA,4.137211418631849
37053,0.09834416219977224,7__nan,PertCortex_7_CGTGTCTAGGTCGGAT,4.253532146764385
37054,0.05171276735723014,7__nan,PertCortex_7_CGTTAGAGTCAGAATA,3.801457488128374
37055,0.04249210092202756,7__nan,PertCortex_7_CGTTCTGCACGAAAGC,4.411940587281361
37056,0.0898524367770911,7__nan,PertCortex_7_CGTTGGGAGAGGACGG,4.417523050796604
37057,0.6381666720062372,7__nan,PertCortex_7_CGTTGGGGTCTCGTTC,1.558210584342641
37058,0.10426752397066406,7__nan,PertCortex_7_CTAACTTAGAGAGCTC,4.359602695543813
37059,0.13616655172268324,7__nan,PertCortex_7_CTAACTTTCAAGCCTA,4.094639442665741
37060,0.17731006409188094,7__nan,PertCortex_7_CTAACTTTCGGTGTTA,3.820826785625416
37061,0.17551121521026328,7__nan,PertCortex_7_CTAAGACAGACCGGAT,4.1670514463593245
37062,0.6512202478245144,7__nan,PertCortex_7_CTAAGACAGTACGTAA,1.8411203930962206
37063,0.18133069400138385,7__nan,PertCortex_7_CTAAGACTCAGATAAG,1.69768225792722
37064,0.22766528592189353,7__nan,PertCortex_7_CTAATGGGTAAAGTCA,3.439675996328489
37065,0.5357584401655687,7__nan,PertCortex_7_CTACACCGTATCACCA,2.3294617990203523
37066,0.5818068854078405,7__nan,PertCortex_7_CTACCCAAGGGTCTCC,2.224994737761594
37067,0.14986493152082148,7__nan,PertCortex_7_CTACGTCTCCTGTAGA,3.478685652982455
37068,0.18591186247484381,7__nan,PertCortex_7_CTAGAGTAGTGAACGC,2.016889753907876
37069,0.170666429028311,7__nan,PertCortex_7_CTAGCCTAGCGATATA,3.760099728812483
37070,0.6254560348498576,7__nan,PertCortex_7_CTAGTGAGTCGCCATG,2.0949885331780704
37071,0.13157842277285625,7__nan,PertCortex_7_CTAGTGATCCCGACTT,3.814195539127794
37072,0.2620538255077292,7__nan,PertCortex_7_CTCACACCATTTGCTT,2.575153769853596
37073,0.28969687877471256,7__nan,PertCortex_7_CTCACACGTCGTCTTC,4.2766036687045865
37074,0.2673175634471136,7__nan,PertCortex_7_CTCAGAACAAGCCCAC,3.617639460676097
37075,0.24900112844866637,7__nan,PertCortex_7_CTCAGAATCGAATGCT,4.201242080855316
37076,0.18651329750464382,7__nan,PertCortex_7_CTCCTAGAGGCATGGT,4.0286147265326395
37077,0.28686944047795976,7__nan,PertCortex_7_CTCGAAACAGTAAGCG,4.235756028803655
37078,0.3261286418128445,7__nan,PertCortex_7_CTCGAGGAGATAGTCA,2.0727762345526837
37079,0.22277338665121615,7__nan,PertCortex_7_CTCGGAGTCTATCCCG,2.4476362064645723
37080,0.17647495580500525,7__nan,PertCortex_7_CTCGTACGTAGGGACT,4.117346704082993
37081,0.09999157446682558,7__nan,PertCortex_7_CTCGTACGTTCCGTCT,4.039109186843848
37082,0.2397508359295061,7__nan,PertCortex_7_CTCGTACTCCGCATAA,2.8503268109969304
37083,0.2301853469872403,7__nan,PertCortex_7_CTCGTCAGTAGAGGAA,4.686713008386997
37084,0.22472939130198236,7__nan,PertCortex_7_CTCTGGTCAGGACGTA,4.3755075136494845
37085,0.04221832541177277,7__nan,PertCortex_7_CTCTGGTTCCGATATG,5.113894378197184
37086,0.2808599600507716,7__nan,PertCortex_7_CTGATAGAGGGCTCTC,4.157341693796461
37087,0.08348408743547876,7__nan,PertCortex_7_CTGATAGAGTGTTGAA,4.405311434438856
37088,0.27138141976158986,7__nan,PertCortex_7_CTGATAGGTGTCTGAT,3.4907949809794334
37089,0.2218125904361332,7__nan,PertCortex_7_CTGATCCGTCCTCCAT,4.268422707307567
37090,0.12386793008449948,7__nan,PertCortex_7_CTGCCTAAGGTAAACT,4.544963408596405
37091,0.14338432932500306,7__nan,PertCortex_7_CTGCCTAGTAATCGTC,3.1623023945496804
37092,0.40131055058367526,7__nan,PertCortex_7_CTGCTGTAGTCACGCC,2.7140040382723476
37093,0.275977193240617,7__nan,PertCortex_7_CTGCTGTTCCAGAAGG,3.3366638099529595
37094,0.133588614013732,7__nan,PertCortex_7_CTGGTCTAGAGGTTGC,3.7740494970669713
37095,0.1728540526275743,7__nan,PertCortex_7_CTGGTCTGTAACGTTC,3.5763843804553206
37096,0.2412344646110635,7__nan,PertCortex_7_CTGGTCTGTTTAAGCC,4.461641075328456
37097,0.14621714766774713,7__nan,PertCortex_7_CTGTGCTTCAGCTCGG,3.6548096744856524
37098,0.08402360592937307,7__nan,PertCortex_7_CTGTGCTTCCTTAATC,4.905849069261147
37099,0.08031058028301273,7__nan,PertCortex_7_CTGTTTATCCGCTGTT,4.126761538151937
37100,0.08389784319049545,7__nan,PertCortex_7_CTTAACTAGGCCCTCA,4.251128100263283
37101,0.41639032423796574,7__nan,PertCortex_7_CTTAACTTCGTTTGCC,2.2993250367753726
37102,0.1636826243388856,7__nan,PertCortex_7_CTTACCGAGGCGTACA,4.743574106315876
37103,0.5316576956255874,7__nan,PertCortex_7_CTTACCGCACCAGATT,2.2554501603623276
37104,0.2544847403574121,7__nan,PertCortex_7_CTTAGGACAGACAAAT,3.651037648224401
37105,0.1790817318971595,7__nan,PertCortex_7_CTTCTCTCAAAGAATC,3.7374034376962135
37106,0.15341518553439426,7__nan,PertCortex_7_CTTCTCTCACAGGAGT,5.254326735218798
37107,0.12596040806617562,7__nan,PertCortex_7_CTTGGCTCACAACTGT,4.809974717274665
37108,0.18722805492135275,7__nan,PertCortex_7_CTTGGCTGTCAGGACA,4.428417004459196
37109,0.3578602005632717,7__nan,PertCortex_7_CTTTGCGCAGTGAGTG,2.3289504796885043
37110,0.1217373843998903,7__nan,PertCortex_7_GAAACTCAGGTTACCT,2.481081030005259
37111,0.14186052462491713,7__nan,PertCortex_7_GAAATGACAGACGCAA,4.791625728103136
37112,0.07181056744354358,7__nan,PertCortex_7_GAAATGACATAAAGGT,3.7980605396805776
37113,0.5821874120133717,7__nan,PertCortex_7_GAAATGATCACCTCGT,1.7954846779590876
37114,0.31982699646815316,7__nan,PertCortex_7_GAACATCAGGGTGTTG,4.436670743975312
37115,0.17777615235289743,7__nan,PertCortex_7_GAACATCAGTCATGCT,3.167369274495429
37116,0.524995496755506,7__nan,PertCortex_7_GAACCTAGTAGGGACT,1.8134484748110067
37117,0.1374034152200519,7__nan,PertCortex_7_GAACGGATCTCCAGGG,4.850803576619146
37118,0.4056424084949812,7__nan,PertCortex_7_GAATAAGAGGAATTAC,1.8668773262590466
37119,0.26982741767012225,7__nan,PertCortex_7_GAATAAGCAACTGCGC,4.149404813444775
37120,0.2661699776773052,7__nan,PertCortex_7_GAATGAAAGGATCGCA,4.260827242815864
37121,0.3431785381274537,7__nan,PertCortex_7_GAATGAAAGGCAATTA,2.2986997264048075
37122,0.05657635511179303,7__nan,PertCortex_7_GACACGCTCTCCTATA,4.140539545198864
37123,0.11029172480848068,7__nan,PertCortex_7_GACAGAGGTACCGTAT,4.027861001874803
37124,0.3181727525955514,7__nan,PertCortex_7_GACCTGGGTATGAAAC,4.15280322631626
37125,0.1029482562772319,7__nan,PertCortex_7_GACCTGGGTTGGTAAA,4.2396367876715315
37126,0.20005983570702524,7__nan,PertCortex_7_GACGCGTGTTGATTGC,2.1235573689955043
37127,0.3776167769273391,7__nan,PertCortex_7_GACGGCTAGCGACGTA,2.092358121780806
37128,0.24321818923510172,7__nan,PertCortex_7_GACGTTACATATACCG,4.884834395477617
37129,0.20562929505632632,7__nan,PertCortex_7_GACTACAAGGCGCTCT,4.610241771779898
37130,0.5368002028657665,7__nan,PertCortex_7_GAGCAGAAGAAACGAG,2.3217588377665708
37131,0.5385836083153535,7__nan,PertCortex_7_GAGCAGAGTATGAAAC,1.9882190303883174
37132,0.14884583662788256,7__nan,PertCortex_7_GAGCAGATCTGATTCT,3.2008435015104513
37133,0.5323456564494043,7__nan,PertCortex_7_GAGGTGAGTACCCAAT,1.6448753517963937
37134,0.35199497994303686,7__nan,PertCortex_7_GAGTCCGGTCGCTTCT,3.3535419311695494
37135,0.2879329525710656,7__nan,PertCortex_7_GAGTCCGGTCTCTTAT,3.076767362816448
37136,0.6524606071265494,7__nan,PertCortex_7_GAGTCCGGTTCCACTC,2.110600428632927
37137,0.25725340625162596,7__nan,PertCortex_7_GATCGATGTGATGCCC,4.104809563499556
37138,0.24122304682158366,7__nan,PertCortex_7_GATCGCGGTATTACCG,3.2186924203065628
37139,0.1831240106646696,7__nan,PertCortex_7_GATCGTATCGCGTAGC,2.801328618704851
37140,0.16233031983911045,7__nan,PertCortex_7_GATGAAAAGCCTCGTG,3.942130281406762
37141,0.1431946652602809,7__nan,PertCortex_7_GATTCAGAGAATTGTG,4.67628053535614
37142,0.1640287683736133,7__nan,PertCortex_7_GATTCAGGTTGATTCG,3.0464245113996995
37143,0.14066487761025595,7__nan,PertCortex_7_GCAAACTAGATAGTCA,5.205523142173692
37144,0.174162559252193,7__nan,PertCortex_7_GCAAACTCAACGATGG,3.8560962608501446
37145,0.28716617357022695,7__nan,PertCortex_7_GCAAACTCAGGACCCT,2.7455864577309077
37146,0.13730379122993222,7__nan,PertCortex_7_GCAAACTTCGAGGTAG,2.41958916402903
37147,0.15710460580202712,7__nan,PertCortex_7_GCAAACTTCGGTTAAC,3.5629624723625755
37148,0.15033804060624884,7__nan,PertCortex_7_GCAATCAAGGGTTTCT,3.6438011743046417
37149,0.1631122645243659,7__nan,PertCortex_7_GCAATCAAGGTGCTTT,2.861746109227278
37150,0.20832460923529697,7__nan,PertCortex_7_GCAATCATCGCGTTTC,3.6162215177347234
37151,0.20890614700475058,7__nan,PertCortex_7_GCACATACAAGCGAGT,2.6579980120376696
37152,0.08692960768284179,7__nan,PertCortex_7_GCAGCCACAATGGACG,4.675451874480967
37153,0.17622784075933567,7__nan,PertCortex_7_GCAGTTATCTTGTACT,3.8221781413741636
37154,0.084612485878749,7__nan,PertCortex_7_GCATGATTCCTATTCA,4.639250245817526
37155,0.13057619990726574,7__nan,PertCortex_7_GCATGCGCACACATGT,4.394823722512619
37156,0.12472470204140618,7__nan,PertCortex_7_GCCAAATAGATGTTAG,4.907702538616106
37157,0.2949245048280272,7__nan,PertCortex_7_GCCAAATAGTGTACCT,2.690591511991681
37158,0.12226357850873379,7__nan,PertCortex_7_GCCTCTAAGACACTAA,3.9342507374638216
37159,0.18757577179252904,7__nan,PertCortex_7_GCCTCTAAGCTATGCT,3.6871585248389738
37160,0.5177780118254417,7__nan,PertCortex_7_GCCTCTACACGTCAGC,1.8044618604244795
37161,0.22424166245128357,7__nan,PertCortex_7_GCCTCTAGTTAGGGTG,4.229234605859914
37162,0.07935118330055273,7__nan,PertCortex_7_GCGACCACAGTCGATT,3.6124354194515758
37163,0.17553017533917784,7__nan,PertCortex_7_GCGACCATCCTAGTGA,3.493766365499654
37164,0.10491602797304114,7__nan,PertCortex_7_GCGAGAAAGCGCTTAT,4.402177879594567
37165,0.15176597211836967,7__nan,PertCortex_7_GCGCAACTCTCAAACG,4.14602110946334
37166,0.0400715782951263,7__nan,PertCortex_7_GCGCAGTAGATGTGTA,3.449904179714524
37167,0.5167938086361408,7__nan,PertCortex_7_GCGCAGTGTTACAGAA,1.8985583240548713
37168,0.11636883507297148,7__nan,PertCortex_7_GCGCAGTTCACCTTAT,4.0919571762105225
37169,0.3024057990748071,7__nan,PertCortex_7_GCGCGATTCCCAGGTG,4.062969825656261
37170,0.1891624109649769,7__nan,PertCortex_7_GCGGGTTTCCTATGTT,4.871611930917425
37171,0.23024061369402904,7__nan,PertCortex_7_GCGGGTTTCCTCATTA,4.17747154097592
37172,0.20435099284798874,7__nan,PertCortex_7_GCTCTGTAGATGGGTC,4.2030835381940435
37173,0.15147118895494063,7__nan,PertCortex_7_GCTGCGACAGTCAGCC,3.3375372377042902
37174,0.6569651585442846,7__nan,PertCortex_7_GCTGCTTAGTTACCCA,1.868698813190546
37175,0.07937618445316097,7__nan,PertCortex_7_GCTGCTTTCGATGAGG,3.381128443946952
37176,0.20422345485288662,7__nan,PertCortex_7_GGAAAGCAGGCTAGGT,4.147232267852882
37177,0.09798159428862512,7__nan,PertCortex_7_GGAAAGCTCGTGGTCG,3.61617687887378
37178,0.15028263735708966,7__nan,PertCortex_7_GGAACTTGTACCCAAT,4.0334264274500855
37179,0.07515622060615593,7__nan,PertCortex_7_GGAACTTTCTTACCGC,3.656597981814765
37180,0.06608450475928318,7__nan,PertCortex_7_GGAATAATCATACGGT,4.035851494293829
37181,0.052274386224960175,7__nan,PertCortex_7_GGAATAATCTCGTTTA,4.4633450175660725
37182,0.08677794446154476,7__nan,PertCortex_7_GGACAAGGTTCACCTC,5.111281603231503
37183,0.11782980227976064,7__nan,PertCortex_7_GGACAGAGTCAAAGAT,5.498540615471476
37184,0.2564553565734947,7__nan,PertCortex_7_GGACAGATCGTGGGAA,2.4589786111730656
37185,0.4325416646139621,7__nan,PertCortex_7_GGACAGATCTTGGGTA,1.913437732756258
37186,0.10234737621980669,7__nan,PertCortex_7_GGACGTCCATGGTTGT,4.059711705754998
37187,0.21290565509551174,7__nan,PertCortex_7_GGACGTCTCGGTTAAC,5.433750175929694
37188,0.14976895463058493,7__nan,PertCortex_7_GGAGCAATCACATAGC,3.823419299684915
37189,0.5618097930751798,7__nan,PertCortex_7_GGAGCAATCGCCCTTA,1.6442605293300026
37190,0.19621505821224072,7__nan,PertCortex_7_GGATTACAGCTCCTTC,4.738214952226878
37191,0.09867808966861331,7__nan,PertCortex_7_GGATTACGTAATAGCA,1.8225020769613662
37192,0.12307271590891644,7__nan,PertCortex_7_GGCCGATAGCACGCCT,3.640526699634784
37193,0.36693272651784375,7__nan,PertCortex_7_GGCCGATTCTTTACGT,2.2944137843568373
37194,0.2309699886549804,7__nan,PertCortex_7_GGCGACTTCCCAACGG,2.9433907965004242
37195,0.0824605719501365,7__nan,PertCortex_7_GGCGACTTCTAGAGTC,4.222085015924649
37196,0.14310844817322702,7__nan,PertCortex_7_GGCGTGTCAGCTTAAC,3.7948140928219956
37197,0.1280498438764562,7__nan,PertCortex_7_GGCGTGTGTGCTTCTC,2.8492294415331396
37198,0.15505348298599703,7__nan,PertCortex_7_GGCTCGACATATGAGA,3.8978547452229404
37199,0.19413437683715856,7__nan,PertCortex_7_GGCTGGTCAGCTCGAC,3.1410270907784046
37200,0.21663519926650626,7__nan,PertCortex_7_GGGAATGCATCACGTA,4.392541057450593
37201,0.21749165943572152,7__nan,PertCortex_7_GGGAATGTCCGTAGTA,3.0544380476524267
37202,0.15360363733759697,7__nan,PertCortex_7_GGGACCTTCAGAGACG,4.33066879366086
37203,0.4243678502369711,7__nan,PertCortex_7_GGGAGATCAGATGGGT,2.156805504346949
37204,0.18712193307218455,7__nan,PertCortex_7_GGGAGATGTACGCACC,3.3393630183454306
37205,0.1652308792053197,7__nan,PertCortex_7_GGGAGATGTTACCGAT,4.423369773787144
37206,0.12960994962696887,7__nan,PertCortex_7_GGGATGAGTCGCGGTT,3.31129077810791
37207,0.09549204130734333,7__nan,PertCortex_7_GGGATGAGTGACTCAT,4.014067073264022
37208,0.12395665247345723,7__nan,PertCortex_7_GGGTTGCCAATCGGTT,4.534195078432471
37209,0.5792054951523197,7__nan,PertCortex_7_GGGTTGCCAGTAGAGC,2.2441283108666945
37210,0.1822440174678127,7__nan,PertCortex_7_GGTATTGTCGGATGGA,4.820347964006764
37211,0.30799634848615953,7__nan,PertCortex_7_GGTATTGTCTAACTCT,2.5575472588069283
37212,0.2430511615719381,7__nan,PertCortex_7_GGTGTTAAGGAGCGAG,4.842370048931372
37213,0.18750596462801888,7__nan,PertCortex_7_GGTGTTAGTCCAAGTT,3.4284334110486543
37214,0.17009032434728036,7__nan,PertCortex_7_GTAACTGCACACCGCA,2.8764637330174074
37215,0.29119708260572985,7__nan,PertCortex_7_GTAACTGGTGGTAACG,3.458381808981999
37216,0.14121669618365515,7__nan,PertCortex_7_GTACGTACATGACGGA,3.130148356805622
37217,0.09547381945176972,7__nan,PertCortex_7_GTACGTAGTTCGAATC,4.1175970859502105
37218,0.10948366480877941,7__nan,PertCortex_7_GTACTTTAGCTACCGC,3.692079354530093
37219,0.3155407742094722,7__nan,PertCortex_7_GTACTTTCACAGATTC,2.4190419121007736
37220,0.09908819445384191,7__nan,PertCortex_7_GTAGGCCCATGCCTTC,4.670418550842265
37221,0.08672914747615723,7__nan,PertCortex_7_GTAGGCCGTCAGGACA,4.358383119840137
37222,0.08802242814558016,7__nan,PertCortex_7_GTAGGCCTCTTGAGGT,4.477509612142564
37223,0.2273322328498167,7__nan,PertCortex_7_GTATCTTCACAACGCC,5.004112930410298
37224,0.18822322823966559,7__nan,PertCortex_7_GTATCTTTCCGTCATC,4.216489009253364
37225,0.3398591323804468,7__nan,PertCortex_7_GTATTCTAGTATGACA,4.209274538553384
37226,0.1761196562698587,7__nan,PertCortex_7_GTATTCTAGTCTTGCA,3.9902942962718306
37227,0.07640684697910277,7__nan,PertCortex_7_GTATTCTTCAACGAAA,5.212853661805142
37228,0.24414827384389112,7__nan,PertCortex_7_GTCACAAAGCAGACTG,3.5873828480055203
37229,0.06213493707300794,7__nan,PertCortex_7_GTCACAAAGTAATCCC,3.857910651977573
37230,0.1631025825013793,7__nan,PertCortex_7_GTCATTTCATGCCACG,4.2252979379174755
37231,0.06761141184462549,7__nan,PertCortex_7_GTCATTTTCCTTGCCA,2.1279124852242304
37232,0.16395706627373424,7__nan,PertCortex_7_GTCATTTTCGGAAATA,4.1906390032171235
37233,0.19439721629557793,7__nan,PertCortex_7_GTCCTCAAGAGTGAGA,4.588930232135401
37234,0.09429266398058771,7__nan,PertCortex_7_GTCCTCACACACATGT,5.065441779322443
37235,0.29294828710354104,7__nan,PertCortex_7_GTCCTCAGTGTGCCTG,2.8525429797524886
37236,0.10972153513015401,7__nan,PertCortex_7_GTCCTCATCCACGTTC,5.118764306772111
37237,0.06918026879419889,7__nan,PertCortex_7_GTCGGGTTCGAACGGA,3.4306511029928677
37238,0.12714439100816,7__nan,PertCortex_7_GTCGGGTTCGAGGTAG,4.730532879324153
37239,0.10271996057760183,7__nan,PertCortex_7_GTCTTCGAGGTGCAAC,3.0708036429088748
37240,0.1489310087884036,7__nan,PertCortex_7_GTGAAGGTCGGTCCGA,3.7365800109514264
37241,0.14388057261178527,7__nan,PertCortex_7_GTGCAGCGTCGCGGTT,3.4353024492119095
37242,0.17333068627953074,7__nan,PertCortex_7_GTGCATAAGTGTCCAT,4.1675998641773715
37243,0.1761811090883083,7__nan,PertCortex_7_GTGCATACACGCTTTC,3.7379530252180513
37244,0.1863244970754784,7__nan,PertCortex_7_GTGCATAGTCTTGCGG,4.496337146419
37245,0.5212909098193711,7__nan,PertCortex_7_GTGCATAGTGTCAATC,1.856520283114471
37246,0.1622272975206381,7__nan,PertCortex_7_GTGCGGTAGTCAAGGC,4.493066269956771
37247,0.06426098164805477,7__nan,PertCortex_7_GTGCGGTTCTGACCTC,3.8446540845424666
37248,0.12200483764951604,7__nan,PertCortex_7_GTGCTTCAGGATATAC,4.820319068774866
37249,0.09825522654722135,7__nan,PertCortex_7_GTGCTTCAGGGCTTCC,3.0834152165977806
37250,0.2004211420304296,7__nan,PertCortex_7_GTGCTTCGTGTTTGTG,3.760189909323186
37251,0.09900505941893235,7__nan,PertCortex_7_GTGGGTCGTCGCGGTT,4.592120150388189
37252,0.23704047824978466,7__nan,PertCortex_7_GTGGGTCTCGCTTAGA,3.582066092786984
37253,0.21243187753803874,7__nan,PertCortex_7_GTGTGCGCAGCTGGCT,3.661704764831572
37254,0.149809478871617,7__nan,PertCortex_7_GTGTTAGTCCCAAGAT,3.280490946028718
37255,0.0820685954160586,7__nan,PertCortex_7_GTTACAGAGAGACTTA,4.726484402691413
37256,0.2859059316598875,7__nan,PertCortex_7_GTTCATTAGCTAAACA,4.364160929663142
37257,0.226946985755061,7__nan,PertCortex_7_GTTCATTCACTCGACG,4.329056257905489
37258,0.47590608147125013,7__nan,PertCortex_7_GTTCGGGGTCTTGCGG,2.736473646328229
37259,0.3025648140981737,7__nan,PertCortex_7_GTTCTCGGTCGCATCG,3.9041342273400725
37260,0.09195710980982645,7__nan,PertCortex_7_TACACGACAATACGCT,4.706043642759659
37261,0.2059649961601706,7__nan,PertCortex_7_TACACGAGTTTACTCT,4.109071171037549
37262,0.1971409330456235,7__nan,PertCortex_7_TACAGTGAGACTTGAA,3.506632893346752
37263,0.5435327979807802,7__nan,PertCortex_7_TACAGTGGTTTGTTGG,2.3315153659610366
37264,0.09322283783512365,7__nan,PertCortex_7_TACCTATAGTGTCTCA,3.2638462339588497
37265,0.27682540142105716,7__nan,PertCortex_7_TACGGGCTCGCCAAAT,2.5450514878650954
37266,0.1403656439201604,7__nan,PertCortex_7_TACGGGCTCTTAGCCC,3.8231424718205886
37267,0.12191452019889377,7__nan,PertCortex_7_TACGGTAAGTATCTCG,4.6963047077159175
37268,0.15066546958673258,7__nan,PertCortex_7_TACTCATTCACTATTC,4.862106450798696
37269,0.0764211979192197,7__nan,PertCortex_7_TACTCATTCTGGCGAC,4.053419518042528
37270,0.32689659906289587,7__nan,PertCortex_7_TACTCGCAGGCTCATT,2.4194299887815176
37271,0.12052543400128056,7__nan,PertCortex_7_TACTTGTAGTGTCCCG,4.025662767578694
37272,0.14633828149828676,7__nan,PertCortex_7_TACTTGTCACAAGCCC,4.695539285011845
37273,0.10256728041044551,7__nan,PertCortex_7_TACTTGTGTGCACTTA,4.090182759814266
37274,0.2156024907849499,7__nan,PertCortex_7_TACTTGTGTTGACGTT,3.743340584196373
37275,0.11018794198212592,7__nan,PertCortex_7_TAGACCAAGAAGGACA,2.9617835625073807
37276,0.14246466581426126,7__nan,PertCortex_7_TAGACCACAGACGTAG,4.999186481092152
37277,0.5584854015742836,7__nan,PertCortex_7_TAGACCAGTCATCCCT,2.3700672100413818
37278,0.24006880141114673,7__nan,PertCortex_7_TAGAGCTCACTGTCGG,3.838074450820153
37279,0.18341781564274048,7__nan,PertCortex_7_TAGGCATAGGACCACA,4.0580401954504515
37280,0.11054083744370134,7__nan,PertCortex_7_TAGGCATCAGACAAAT,3.8242768353057417
37281,0.27761627823606605,7__nan,PertCortex_7_TAGGCATGTTGACGTT,4.20774221958525
37282,0.11987394769041518,7__nan,PertCortex_7_TAGTGGTCAGTTCCCT,4.040384366766499
37283,0.18893993929594033,7__nan,PertCortex_7_TAGTGGTTCCTTTCTC,4.600660115358827
37284,0.23726983019563833,7__nan,PertCortex_7_TATCAGGAGAGCTGGT,4.314634560108106
37285,0.2788848833812299,7__nan,PertCortex_7_TATCAGGCACCACCAG,4.46928431942389
37286,0.037553727097610935,7__nan,PertCortex_7_TATGCCCCATTTGCTT,4.5784576373624155
37287,0.15936995734425313,7__nan,PertCortex_7_TATGCCCGTATTACCG,4.052244396204576
37288,0.18313651981319248,7__nan,PertCortex_7_TATGCCCGTGTATGGG,3.657189368250264
37289,0.5474554309443408,7__nan,PertCortex_7_TATTACCCAAGAGTCG,1.5703859887040363
37290,0.15622595304205641,7__nan,PertCortex_7_TATTACCCAGACGCAA,3.661049387617647
37291,0.20507352750652783,7__nan,PertCortex_7_TATTACCGTAGCGATG,3.2869145004256834
37292,0.11101310413004274,7__nan,PertCortex_7_TCAACGAAGCCAGTAG,4.799071671820546
37293,0.3281354162603556,7__nan,PertCortex_7_TCAACGAGTCTTGATG,3.2851513464632816
37294,0.18207103989821258,7__nan,PertCortex_7_TCAATCTAGGCGTACA,3.8130943169921054
37295,0.5733094058025322,7__nan,PertCortex_7_TCAATCTCATCCCATC,1.6814350308312447
37296,0.23814039802136958,7__nan,PertCortex_7_TCACGAATCTGGAGCC,2.851190052211563
37297,0.38755661305133804,7__nan,PertCortex_7_TCAGATGAGAATTGTG,2.669026973294353
37298,0.28752322431552974,7__nan,PertCortex_7_TCAGATGAGCGTTCCG,4.24653825524946
37299,0.19897131273255708,7__nan,PertCortex_7_TCAGATGGTTTCCACC,4.305800862792881
37300,0.19911843277544242,7__nan,PertCortex_7_TCAGCAAAGATGGCGT,3.573443648702007
37301,0.08883319245060653,7__nan,PertCortex_7_TCAGCAACACATCTTT,5.53656476992981
37302,0.6417979456662356,7__nan,PertCortex_7_TCAGCTCAGTATCTCG,1.9696931743000545
37303,0.1412833525748984,7__nan,PertCortex_7_TCAGCTCTCATAAAGG,4.228157694105019
37304,0.12909808579626886,7__nan,PertCortex_7_TCAGCTCTCCGCGCAA,4.106702539231979
37305,0.1894559843349747,7__nan,PertCortex_7_TCAGGTAGTCCATGAT,3.7122455607742437
37306,0.15755033941867283,7__nan,PertCortex_7_TCATTACGTAATAGCA,4.6575575127675926
37307,0.12604202518678423,7__nan,PertCortex_7_TCATTACTCAAGATCC,4.262954800239479
37308,0.15185514362971508,7__nan,PertCortex_7_TCCACACGTCTAGCGC,4.5790678449101785
37309,0.16524897216099743,7__nan,PertCortex_7_TCCCGATCAGCGTTCG,4.268283434305795
37310,0.09001185060955567,7__nan,PertCortex_7_TCCCGATTCCTAGAAC,5.03191733792241
37311,0.11840790094971959,7__nan,PertCortex_7_TCGAGGCAGAGGACGG,4.789261413045478
37312,0.13265478621688637,7__nan,PertCortex_7_TCGAGGCCAAGCGTAG,4.279096985215201
37313,0.23638329958589013,7__nan,PertCortex_7_TCGTACCTCAACACTG,3.4461983219801477
37314,0.12996567739605305,7__nan,PertCortex_7_TCTATTGCAGTGGGAT,4.180263045519741
37315,0.09749296850565065,7__nan,PertCortex_7_TCTATTGGTACCGTAT,4.770304683703112
37316,0.08548328863323874,7__nan,PertCortex_7_TCTCATAAGAGCTATA,3.511610718288303
37317,0.13579607784061554,7__nan,PertCortex_7_TCTCTAAGTCCAGTAT,4.555188765161536
37318,0.23316421376500465,7__nan,PertCortex_7_TCTCTAAGTCCCGACA,3.830388347052461
37319,0.20458719421084676,7__nan,PertCortex_7_TCTGAGACAAAGCAAT,4.407119337684249
37320,0.22602035302414056,7__nan,PertCortex_7_TCTGAGACACGAAACG,3.978249565908278
37321,0.12483861630882796,7__nan,PertCortex_7_TCTTCGGAGAAACCAT,3.7367607223441346
37322,0.14698561914610808,7__nan,PertCortex_7_TCTTCGGCAGCTCGAC,4.292372517994061
37323,0.6531468888491003,7__nan,PertCortex_7_TCTTCGGTCGCTAGCG,1.6487570462351293
37324,0.10403211174934954,7__nan,PertCortex_7_TCTTTCCAGCGCTCCA,3.305511441116998
37325,0.1965757699815915,7__nan,PertCortex_7_TCTTTCCTCACGAAGG,3.1223917760391524
37326,0.2597490820929772,7__nan,PertCortex_7_TGAAAGAAGCACCGCT,4.262860037572593
37327,0.5448912652834138,7__nan,PertCortex_7_TGAAAGATCTGGGCCA,1.7652874688060924
37328,0.1951541129679579,7__nan,PertCortex_7_TGACAACAGCTAGTTC,4.41002482181435
37329,0.24537213011752093,7__nan,PertCortex_7_TGACAACTCTGATACG,4.579793522568235
37330,0.27022791694191955,7__nan,PertCortex_7_TGACGGCAGTGGGTTG,4.041005216234534
37331,0.4592218823923642,7__nan,PertCortex_7_TGACTAGAGCTGAACG,2.0832522498220527
37332,0.2168364936298133,7__nan,PertCortex_7_TGAGAGGTCTTAGAGC,4.885269436865437
37333,0.20825518261138964,7__nan,PertCortex_7_TGAGCATTCTCTGCTG,3.784262390621302
37334,0.12813363006219064,7__nan,PertCortex_7_TGAGCCGTCATGCTCC,4.3941797446153315
37335,0.14771051908214938,7__nan,PertCortex_7_TGAGGGAGTGCAGACA,4.0111074625970815
37336,0.4982990992193667,7__nan,PertCortex_7_TGATTTCTCTAACGGT,1.65891020431167
37337,0.18394124070056644,7__nan,PertCortex_7_TGCCAAACACGCATCG,3.433799146696091
37338,0.2804587020476013,7__nan,PertCortex_7_TGCCCATCAATCTACG,4.240613575880672
37339,0.19861996411039945,7__nan,PertCortex_7_TGCCCATGTCTAGTCA,3.707062205192893
37340,0.19218180070713414,7__nan,PertCortex_7_TGCCCATGTTTGCATG,4.41410369918813
37341,0.16808324053582138,7__nan,PertCortex_7_TGCCCTAAGGATGGTC,3.5016094700931717
37342,0.0714821130946895,7__nan,PertCortex_7_TGCCCTACAGCTGGCT,3.0754463079217103
37343,0.19045392824576318,7__nan,PertCortex_7_TGCGTGGCATCTCCCA,4.267552206014792
37344,0.6585039860300737,7__nan,PertCortex_7_TGCTACCAGAAACGAG,1.6929628476279823
37345,0.20446977783402434,7__nan,PertCortex_7_TGCTACCCAGTGAGTG,1.948336689747467
37346,0.17060118737872876,7__nan,PertCortex_7_TGCTACCTCCAAGCCG,3.8579701968654025
37347,0.0573162676981212,7__nan,PertCortex_7_TGCTGCTAGATGCCAG,4.317161669962639
37348,0.1672321025042762,7__nan,PertCortex_7_TGGACGCAGAGGTAGA,4.1686546360816115
37349,0.04633763713197332,7__nan,PertCortex_7_TGGACGCAGCCATCGC,4.65445528991681
37350,0.21785676060821665,7__nan,PertCortex_7_TGGACGCGTACAGTGG,2.9642345729302555
37351,0.2540655026236214,7__nan,PertCortex_7_TGGCGCACAGCTGCTG,4.716752746055511
37352,0.08195243715606437,7__nan,PertCortex_7_TGGCTGGCAGGCTGAA,4.5328009770605115
37353,0.150711067652407,7__nan,PertCortex_7_TGGCTGGGTGTCTGAT,4.475222716930184
37354,0.20853692080873387,7__nan,PertCortex_7_TGGGCGTAGTTGTAGA,4.333345260099804
37355,0.15884551817770062,7__nan,PertCortex_7_TGGTTCCGTGATAAGT,3.574602551559221
37356,0.13681293171902056,7__nan,PertCortex_7_TGTATTCGTCTCCATC,3.277210722769009
37357,0.08185549934214947,7__nan,PertCortex_7_TGTATTCTCGCTAGCG,4.645853587641981
37358,0.2080904263272454,7__nan,PertCortex_7_TGTCCCAAGGAGTTGC,4.83864269245691
37359,0.1345907040625483,7__nan,PertCortex_7_TGTGGTACAAACTGTC,4.902867670311233
37360,0.18379207734507025,7__nan,PertCortex_7_TGTTCCGGTACTCAAC,5.099201139842899
37361,0.12291158875895891,7__nan,PertCortex_7_TTAGGACAGGCCCTCA,3.601602457201128
37362,0.2696460558728817,7__nan,PertCortex_7_TTAGGCACAGCTGCTG,4.058734221772495
37363,0.6651472555474345,7__nan,PertCortex_7_TTAGGCATCGCTGATA,1.8799855230520925
37364,0.2515159509800577,7__nan,PertCortex_7_TTAGTTCAGTCCAGGA,3.4598888432772186
37365,0.08944771672239858,7__nan,PertCortex_7_TTAGTTCTCCGTTGTC,4.338847488490777
37366,0.2477261930042286,7__nan,PertCortex_7_TTCCCAGTCAGCTCGG,3.477378220027351
37367,0.09579795422351531,7__nan,PertCortex_7_TTCGAAGCACGACGAA,4.022911883073237
37368,0.06867707887837217,7__nan,PertCortex_7_TTCGAAGGTTCGTCTC,3.8366358653478363
37369,0.16684000917823005,7__nan,PertCortex_7_TTCGAAGGTTGTGGCC,3.5204456241981186
37370,0.13095214521660545,7__nan,PertCortex_7_TTCGGTCTCAACGAAA,4.611562337015033
37371,0.1352413877270238,7__nan,PertCortex_7_TTCTACATCACCACCT,3.909815739762779
37372,0.12605312384134107,7__nan,PertCortex_7_TTCTCCTTCCGTTGTC,4.411697786831483
37373,0.13195124255754248,7__nan,PertCortex_7_TTCTCCTTCTCACATT,4.978884186834327
37374,0.18677135004558887,7__nan,PertCortex_7_TTGAACGAGAATGTGT,3.297496651057836
37375,0.1653963922681196,7__nan,PertCortex_7_TTGAACGTCGCGGATC,3.253496843388342
37376,0.06705831753817908,7__nan,PertCortex_7_TTGACTTGTCGCCATG,3.94134009587213
37377,0.11351566507132425,7__nan,PertCortex_7_TTGCGTCAGGTACTCT,4.17224708259484
37378,0.08950280612000167,7__nan,PertCortex_7_TTGTAGGGTACGCACC,4.143735390751968
37379,0.15007615443805508,7__nan,PertCortex_7_TTGTAGGTCTGATACG,4.528285036694401
37380,0.11320776391876297,7__nan,PertCortex_7_TTTACTGAGACACGAC,3.72885554368385
37381,0.025753324177865754,7__nan,PertCortex_7_TTTATGCCATGCAACT,3.991250099166282
37382,0.14426633089039617,7__nan,PertCortex_7_TTTCCTCGTGGGTATG,5.128838040144324
37383,0.1366371924782788,7__nan,PertCortex_7_TTTGCGCAGAGTGACC,3.630152647483471
37384,0.21153420986504673,7__nan,PertCortex_7_TTTGGTTAGTCTCGGC,4.382702149176657
37385,0.216730668307701,7__nan,PertCortex_7_TTTGTCACATCTATGG,4.948414594942703
37386,0.1597928487785758,7__nan,PertCortex_7_TTTGTCACATTCTCAT,4.147595979914952
37387,0.23447623437779325,7__nan,PertCortex_7_TTTGTCAGTCGAAAGC,3.6416392267096325
37388,0.1342338226928354,8__nan,PertCortex_8_AAACCTGAGCACCGTC,5.315260183690464
37389,0.20425797558372547,8__nan,PertCortex_8_AAACCTGAGGACATTA,5.14141279908516
37390,0.15864110735183776,8__nan,PertCortex_8_AAACCTGTCCCAAGTA,5.134140455190011
37391,0.181723789718899,8__nan,PertCortex_8_AAACCTGTCGATCCCT,3.8408100250752066
37392,0.1306139997116832,8__nan,PertCortex_8_AAACCTGTCGGCGGTT,4.1918748566028485
37393,0.10858689081425099,8__nan,PertCortex_8_AAACGGGAGGACAGCT,3.863380650851391
37394,0.16338155030425464,8__nan,PertCortex_8_AAACGGGCACCATGTA,4.835412166148318
37395,0.13180452896883416,8__nan,PertCortex_8_AAACGGGGTGCACGAA,4.635064641893249
37396,0.029841871047520938,8__nan,PertCortex_8_AAACGGGTCAGGTTCA,3.0816463321757963
37397,0.19113182335089374,8__nan,PertCortex_8_AAAGATGAGTCCGTAT,3.4950527679229864
37398,0.35127040837224655,8__nan,PertCortex_8_AAAGATGCATTCACTT,1.8922714890734547
37399,0.11002186626947807,8__nan,PertCortex_8_AAAGATGGTTGAGTTC,3.22585331130708
37400,0.08718673259587452,8__nan,PertCortex_8_AAAGATGTCACATGCA,3.9115622793043103
37401,0.04877859819497418,8__nan,PertCortex_8_AAAGATGTCAGATAAG,3.669225611320475
37402,0.1049737313329163,8__nan,PertCortex_8_AAAGCAAAGAAACCGC,3.39159145902956
37403,0.12807131607868008,8__nan,PertCortex_8_AAAGCAAAGGAGCGAG,3.271049465072324
37404,0.08558401593586182,8__nan,PertCortex_8_AAAGCAACAAAGCGGT,3.9000569282662036
37405,0.06193505419847655,8__nan,PertCortex_8_AAAGTAGCAAGGACAC,4.129843513584975
37406,0.10243607561281494,8__nan,PertCortex_8_AAAGTAGGTAGGCATG,3.6462280214507943
37407,0.0903835506119733,8__nan,PertCortex_8_AAATGCCCACTTAAGC,5.410563713514927
37408,0.1314506317801291,8__nan,PertCortex_8_AAATGCCGTCGGGTCT,4.896936086393035
37409,0.17650354491166936,8__nan,PertCortex_8_AAATGCCGTGTGCGTC,2.819136312494522
37410,0.07269377479640761,8__nan,PertCortex_8_AAATGCCTCCCACTTG,3.8950035474876397
37411,0.1381415799519955,8__nan,PertCortex_8_AACACGTAGCACCGTC,3.097108052023562
37412,0.13821541223177217,8__nan,PertCortex_8_AACACGTCAACGCACC,3.13876394032483
37413,0.10007990314550184,8__nan,PertCortex_8_AACACGTCACCTCGTT,3.7987755060289374
37414,0.1398602027499009,8__nan,PertCortex_8_AACACGTGTTCCATGA,3.369668149577563
37415,0.18939237309497509,8__nan,PertCortex_8_AACCATGAGACTCGGA,3.135010017391138
37416,0.17108632769232476,8__nan,PertCortex_8_AACCATGAGTCCAGGA,4.120639092501204
37417,0.15836047168622547,8__nan,PertCortex_8_AACCATGCACGGTTTA,2.326207954157104
37418,0.15849256923898272,8__nan,PertCortex_8_AACCGCGCAATCCAAC,3.7641561257293445
37419,0.14068154142784528,8__nan,PertCortex_8_AACCGCGCACCGGAAA,4.681752664414928
37420,0.1455513324794799,8__nan,PertCortex_8_AACCGCGCATGCAATC,4.989330834442533
37421,0.1945882264423419,8__nan,PertCortex_8_AACCGCGGTAAGTGGC,2.683235423601499
37422,0.11541036914156565,8__nan,PertCortex_8_AACCGCGTCAGCGATT,4.862117809809904
37423,0.1792672236438641,8__nan,PertCortex_8_AACCGCGTCTTGGGTA,5.2246399886568335
37424,0.19098315800072235,8__nan,PertCortex_8_AACGTTGCACAGAGGT,4.26141035599621
37425,0.08863980030573096,8__nan,PertCortex_8_AACGTTGCAGGATTGG,5.080856088851167
37426,0.16436116372668863,8__nan,PertCortex_8_AACGTTGGTCATATCG,5.495911548921442
37427,0.12591633589063553,8__nan,PertCortex_8_AACTCAGAGACAAGCC,4.537068829876447
37428,0.05149241283106791,8__nan,PertCortex_8_AACTCAGCAAACGCGA,4.9110101311136205
37429,0.1298900172334321,8__nan,PertCortex_8_AACTCAGGTTAAAGTG,3.9260297510438322
37430,0.10169828751548639,8__nan,PertCortex_8_AACTCAGTCAGTCAGT,2.646653849313848
37431,0.1646728756577316,8__nan,PertCortex_8_AACTCAGTCTCTAAGG,4.281611415307253
37432,0.5771087644733903,8__nan,PertCortex_8_AACTCCCAGGAGTAGA,1.5456711656300908
37433,0.046060722359252154,8__nan,PertCortex_8_AACTCCCCAACACGCC,3.308950591971551
37434,0.11198243711706932,8__nan,PertCortex_8_AACTCCCCAGGGTATG,3.148805385404208
37435,0.15586220512321072,8__nan,PertCortex_8_AACTCCCGTGTTTGTG,5.035914172236182
37436,0.08196432138788443,8__nan,PertCortex_8_AACTCTTCAAAGGTGC,4.087538526616245
37437,0.0551380116016439,8__nan,PertCortex_8_AACTCTTGTGGCGAAT,4.165463259294735
37438,0.14821625395419322,8__nan,PertCortex_8_AACTCTTTCACAAACC,5.270454842933847
37439,0.07489654479020134,8__nan,PertCortex_8_AACTCTTTCCAGGGCT,2.7786112236962306
37440,0.2022124025998064,8__nan,PertCortex_8_AACTGGTAGCCAGTAG,4.71868178881319
37441,0.1949626236426949,8__nan,PertCortex_8_AACTGGTAGTACGACG,3.762882949926093
37442,0.44367633504601867,8__nan,PertCortex_8_AACTGGTCAACCGCCA,1.6129005759248294
37443,0.10702285522298184,8__nan,PertCortex_8_AACTGGTTCATCGGAT,5.014186553774041
37444,0.09207670497035185,8__nan,PertCortex_8_AACTTTCCAAGCCATT,4.142847792055907
37445,0.07255171774772261,8__nan,PertCortex_8_AAGACCTAGGTAGCTG,3.2240691068347744
37446,0.09003253338348736,8__nan,PertCortex_8_AAGACCTCACGGATAG,3.471831009073459
37447,0.5501308731478359,8__nan,PertCortex_8_AAGACCTGTAAATGTG,1.7990599179627191
37448,0.08122904047503751,8__nan,PertCortex_8_AAGACCTGTGCACTTA,3.3571104047216322
37449,0.1557722036535747,8__nan,PertCortex_8_AAGACCTTCGTCACGG,2.8482727548209605
37450,0.43496884263754,8__nan,PertCortex_8_AAGCCGCAGTACACCT,2.102012727410584
37451,0.09807902613240589,8__nan,PertCortex_8_AAGCCGCCACTGCCAG,3.7406370549280683
37452,0.09663844470357962,8__nan,PertCortex_8_AAGCCGCCATTGAGCT,3.861532643204256
37453,0.09358507038591797,8__nan,PertCortex_8_AAGCCGCGTACTTCTT,4.065852661049585
37454,0.05278254051746373,8__nan,PertCortex_8_AAGCCGCTCGAGAGCA,3.6555855252922003
37455,0.10693660723404863,8__nan,PertCortex_8_AAGGAGCAGCGATCCC,3.463711655705484
37456,0.09661975693267821,8__nan,PertCortex_8_AAGGAGCAGTGAAGAG,5.197096411080945
37457,0.06948652543711527,8__nan,PertCortex_8_AAGGAGCCATTACGAC,3.6769420189921993
37458,0.07682818841577391,8__nan,PertCortex_8_AAGGAGCTCTAGAGTC,3.731677230648903
37459,0.1219431968335607,8__nan,PertCortex_8_AAGGCAGAGAACAATC,4.232775582540115
37460,0.08850873496305971,8__nan,PertCortex_8_AAGGCAGAGTATCGAA,3.2870701486222953
37461,0.14179277662927664,8__nan,PertCortex_8_AAGGCAGCACGTTGGC,2.076998965431032
37462,0.4347699554205445,8__nan,PertCortex_8_AAGGCAGCAGCTTCGG,1.752558819656043
37463,0.16185071920071106,8__nan,PertCortex_8_AAGGCAGGTGTGCGTC,4.6678456881591375
37464,0.08247913266461686,8__nan,PertCortex_8_AAGGCAGTCCCTAATT,2.930339031115059
37465,0.17502375028615166,8__nan,PertCortex_8_AAGGTTCCATAGTAAG,4.239985034235628
37466,0.05495179891839596,8__nan,PertCortex_8_AAGGTTCGTATTCGTG,3.0574513001834442
37467,0.3965842284539688,8__nan,PertCortex_8_AAGGTTCTCGAATCCA,2.628236559521862
37468,0.06684637110287256,8__nan,PertCortex_8_AAGTCTGAGAGGGATA,4.352161651123798
37469,0.11177444694194283,8__nan,PertCortex_8_AAGTCTGGTTCACCTC,3.983649862289943
37470,0.1436133897611507,8__nan,PertCortex_8_AATCCAGAGACCACGA,5.517496743017367
37471,0.1282127226416073,8__nan,PertCortex_8_AATCCAGCACTGAAGG,4.334395187305825
37472,0.26989871176750657,8__nan,PertCortex_8_AATCCAGGTCATCCCT,1.058598173258943
37473,0.150633976694056,8__nan,PertCortex_8_AATCCAGTCCACTCCA,3.1216418096497156
37474,0.14343557414446276,8__nan,PertCortex_8_AATCCAGTCCCTGACT,4.211978332215691
37475,0.3795493109850207,8__nan,PertCortex_8_AATCGGTAGGCGACAT,1.9812767736584167
37476,0.10971176680301077,8__nan,PertCortex_8_AATCGGTCAAGAAGAG,4.686799669979391
37477,0.19824672247158848,8__nan,PertCortex_8_AATCGGTCACAACGTT,3.8243540687577835
37478,0.2793217436407248,8__nan,PertCortex_8_AATCGGTGTGCTAGCC,1.691727621954461
37479,0.35342764522570974,8__nan,PertCortex_8_AATCGGTTCCACGCAG,3.068369808461695
37480,0.08521494506782773,8__nan,PertCortex_8_ACACCAAAGAGCCCAA,2.5217921214763375
37481,0.20383017171955156,8__nan,PertCortex_8_ACACCAAAGCCAACAG,3.20138176323059
37482,0.08990369511626166,8__nan,PertCortex_8_ACACCAAAGTTCGCGC,2.978363072331929
37483,0.15608302392889367,8__nan,PertCortex_8_ACACCAACAATAAGCA,3.2868496746889013
37484,0.23023170526207504,8__nan,PertCortex_8_ACACCAAGTTGGACCC,2.2711430896903466
37485,0.011505020753980636,8__nan,PertCortex_8_ACACCAATCACCCTCA,4.462924276940185
37486,0.17081402779186544,8__nan,PertCortex_8_ACACCAATCCTTAATC,5.016565346736526
37487,0.13504689911693227,8__nan,PertCortex_8_ACACCAATCTCGATGA,3.4337102532483055
37488,0.09581363377653691,8__nan,PertCortex_8_ACACCCTCACATCTTT,4.511420637220934
37489,0.497611724501734,8__nan,PertCortex_8_ACACCCTGTAAGAGAG,1.9905411373365238
37490,0.15380821788115903,8__nan,PertCortex_8_ACACCCTGTCCCTACT,5.552047917722167
37491,0.1050295518320447,8__nan,PertCortex_8_ACACCCTTCTGTCTCG,3.1719668117443325
37492,0.18028729587524325,8__nan,PertCortex_8_ACACCGGAGGTCATCT,3.1730283927417378
37493,0.09721655574823103,8__nan,PertCortex_8_ACACCGGCAGACGCCT,4.243685632136465
37494,0.058625108855110415,8__nan,PertCortex_8_ACACCGGCATCGATGT,3.9135890347892155
37495,0.08366821567389258,8__nan,PertCortex_8_ACACTGACACCCATGG,3.1594570881019544
37496,0.04665814426889929,8__nan,PertCortex_8_ACAGCCGGTAGCCTCG,4.142643492762996
37497,0.10230818436780934,8__nan,PertCortex_8_ACAGCCGGTTCCCTTG,4.409399664232179
37498,0.14947390453543874,8__nan,PertCortex_8_ACAGCCGTCGTCGTTC,4.1374958931631
37499,0.0818816297218623,8__nan,PertCortex_8_ACAGCCGTCTTACCGC,3.1170327804763627
37500,0.08311495535973291,8__nan,PertCortex_8_ACAGCTACAGTTCATG,3.98904330900692
37501,0.13049803833415208,8__nan,PertCortex_8_ACAGCTACATTCGACA,2.846428070241824
37502,0.08780930217847421,8__nan,PertCortex_8_ACAGCTAGTCTAAAGA,5.100552721815799
37503,0.06950421102563538,8__nan,PertCortex_8_ACAGCTAGTGCACCAC,1.8767240247178556
37504,0.12680888056714495,8__nan,PertCortex_8_ACAGCTAGTTACGCGC,2.4356275009578408
37505,0.1713703794968221,8__nan,PertCortex_8_ACATACGAGCCATCGC,5.344397257548947
37506,0.17738763252678388,8__nan,PertCortex_8_ACATACGGTTACCGAT,4.6875452142197425
37507,0.24142118460142611,8__nan,PertCortex_8_ACATACGTCGACGGAA,4.183623903851072
37508,0.1461299989340951,8__nan,PertCortex_8_ACATCAGAGCCGTCGT,2.3841412644288265
37509,0.13783682436275532,8__nan,PertCortex_8_ACATCAGAGCTAACTC,5.1476861556206055
37510,0.12333693114508679,8__nan,PertCortex_8_ACATCAGAGTGTACCT,3.523830625889991
37511,0.1616473362628713,8__nan,PertCortex_8_ACATCAGCAATCTGCA,4.7863040663170375
37512,0.09038546921731733,8__nan,PertCortex_8_ACATCAGCACCGATAT,4.684277622619671
37513,0.10044229421257483,8__nan,PertCortex_8_ACATCAGCAGGAATCG,3.952360129821101
37514,0.1772052977754825,8__nan,PertCortex_8_ACATCAGCAGTTCATG,5.2117015615765
37515,0.1703947712826627,8__nan,PertCortex_8_ACATCAGGTACGAAAT,5.197125672733967
37516,0.13764996561885445,8__nan,PertCortex_8_ACATCAGGTCTAACGT,2.8836514116039624
37517,0.055966467991714196,8__nan,PertCortex_8_ACATCAGGTCTCTCTG,2.0034814342487097
37518,0.06249864347920424,8__nan,PertCortex_8_ACATCAGGTTCGGGCT,2.476935973331814
37519,0.14628614556678676,8__nan,PertCortex_8_ACATCAGTCGGCTTGG,3.0204212125851564
37520,0.20312798547609648,8__nan,PertCortex_8_ACATCAGTCTGCAAGT,2.7027006005256515
37521,0.12365473451727987,8__nan,PertCortex_8_ACATGGTTCAATACCG,4.334769309108252
37522,0.2752241452165263,8__nan,PertCortex_8_ACATGGTTCTAACTTC,2.1131719468390324
37523,0.2322799545528059,8__nan,PertCortex_8_ACCAGTACACAACTGT,2.6685884756030878
37524,0.10969582254711802,8__nan,PertCortex_8_ACCAGTATCTAACTTC,3.599369575284183
37525,0.06695320552830275,8__nan,PertCortex_8_ACCCACTCAATGAATG,3.2700266775047777
37526,0.3005040122574406,8__nan,PertCortex_8_ACCCACTCACTGAAGG,1.3909955059748622
37527,0.11804098823254121,8__nan,PertCortex_8_ACCCACTGTTGCGCAC,5.0227648315475175
37528,0.012753225038008492,8__nan,PertCortex_8_ACCGTAAAGATCCCGC,3.38434632537382
37529,0.13594592354920118,8__nan,PertCortex_8_ACCGTAAAGGCTAGAC,3.27220807962662
37530,0.12558756559857337,8__nan,PertCortex_8_ACCGTAATCTCATTCA,4.597607622277528
37531,0.07677079960474896,8__nan,PertCortex_8_ACCGTAATCTTTACAC,3.973976308335111
37532,0.05373973720443918,8__nan,PertCortex_8_ACCTTTAAGTTGAGTA,4.4347324217524
37533,0.18318676311692914,8__nan,PertCortex_8_ACCTTTACATAAAGGT,5.053046824052442
37534,0.11305240299672512,8__nan,PertCortex_8_ACCTTTAGTGAAATCA,3.3142155025785733
37535,0.17441125782884673,8__nan,PertCortex_8_ACCTTTAGTTGCGCAC,2.423922396416009
37536,0.13920219180969268,8__nan,PertCortex_8_ACCTTTAGTTTGCATG,2.623940002360837
37537,0.07977737754357318,8__nan,PertCortex_8_ACCTTTATCGGCGCTA,4.523413377362346
37538,0.17556583372002063,8__nan,PertCortex_8_ACGAGCCCATCCGTGG,3.2161410503025816
37539,0.04974733868213086,8__nan,PertCortex_8_ACGAGCCGTATTCGTG,3.686284321924723
37540,0.18564803473629088,8__nan,PertCortex_8_ACGAGCCGTCTCCATC,2.230920151863853
37541,0.2240176832732395,8__nan,PertCortex_8_ACGAGGAAGGCATGTG,1.967962106619619
37542,0.6581899480744056,8__nan,PertCortex_8_ACGAGGAGTTATCGGT,1.3316023151843415
37543,0.16138878496613554,8__nan,PertCortex_8_ACGAGGATCGTTTATC,4.771247545129916
37544,0.04031967345694906,8__nan,PertCortex_8_ACGATACCAACTGCGC,2.7253265555031376
37545,0.06750411628013632,8__nan,PertCortex_8_ACGATACGTTGGAGGT,4.163548678643767
37546,0.1470724013380056,8__nan,PertCortex_8_ACGATACTCACTTACT,4.641327632361627
37547,0.09657555012455683,8__nan,PertCortex_8_ACGATACTCAGGCAAG,4.645632189162756
37548,0.17488615893924733,8__nan,PertCortex_8_ACGATACTCTCTTATG,5.1969015072124005
37549,0.10661177944323355,8__nan,PertCortex_8_ACGATGTAGAAACGAG,2.5903037634030524
37550,0.13339221211860253,8__nan,PertCortex_8_ACGATGTAGGATGGTC,2.8479912663702707
37551,0.09412673282207862,8__nan,PertCortex_8_ACGATGTCAAGTTGTC,5.675598689677441
37552,0.20504357292978004,8__nan,PertCortex_8_ACGATGTCAGATCCAT,2.792178214634866
37553,0.013287402711158596,8__nan,PertCortex_8_ACGATGTCAGTAAGCG,3.0829868616596094
37554,0.44771296231067476,8__nan,PertCortex_8_ACGATGTGTACTTCTT,2.0835794816883135
37555,0.14644020699740104,8__nan,PertCortex_8_ACGATGTGTTCACCTC,2.9518838471902673
37556,0.1403669474001763,8__nan,PertCortex_8_ACGCAGCCAAATACAG,2.440138322864536
37557,0.10986278766260404,8__nan,PertCortex_8_ACGCAGCGTATAGGTA,2.860707276692663
37558,0.15190135996097257,8__nan,PertCortex_8_ACGCAGCTCGAGAACG,2.225384004603654
37559,0.08681717049132977,8__nan,PertCortex_8_ACGCCAGCACGACGAA,4.604418615357273
37560,0.17028221839107427,8__nan,PertCortex_8_ACGCCAGCAGCCTGTG,5.107261311643046
37561,0.12042843609962937,8__nan,PertCortex_8_ACGCCAGGTCGTGGCT,3.499230171148092
37562,0.17844702438682006,8__nan,PertCortex_8_ACGCCAGGTCTAGAGG,2.7287524822073683
37563,0.0772287994950863,8__nan,PertCortex_8_ACGCCAGGTCTGGTCG,3.5595485724446796
37564,0.09756418006056186,8__nan,PertCortex_8_ACGCCAGGTGAGGCTA,4.818263390335635
37565,0.10621888067204184,8__nan,PertCortex_8_ACGCCAGTCCAAAGTC,4.002493610808178
37566,0.22494269658585672,8__nan,PertCortex_8_ACGCCAGTCCCAAGTA,2.0834937870173853
37567,0.2711680355754273,8__nan,PertCortex_8_ACGCCGAAGAGACGAA,2.093961593825645
37568,0.1324871760836029,8__nan,PertCortex_8_ACGCCGAAGGCGCTCT,3.110813130053073
37569,0.1272001503483833,8__nan,PertCortex_8_ACGCCGACACCAGTTA,3.3420442905065055
37570,0.1230227954769411,8__nan,PertCortex_8_ACGGAGAAGAAACCTA,4.778094813480318
37571,0.17443356544249444,8__nan,PertCortex_8_ACGGAGAAGTACGTTC,3.5498406324617164
37572,0.01954000728110404,8__nan,PertCortex_8_ACGGAGACAGGACGTA,2.9901303027805284
37573,0.20139701363680051,8__nan,PertCortex_8_ACGGAGAGTCCAACTA,2.572994509989884
37574,0.14321386685851453,8__nan,PertCortex_8_ACGGCCAAGATGTCGG,2.3711983256171623
37575,0.11452135376543997,8__nan,PertCortex_8_ACGGCCACATCTACGA,5.194435503090499
37576,0.30398387401779686,8__nan,PertCortex_8_ACGGCCAGTCTTGATG,2.4104193420305338
37577,0.17277045778832817,8__nan,PertCortex_8_ACGGCCAGTTACAGAA,4.514358255148624
37578,0.1484017974524396,8__nan,PertCortex_8_ACGGGCTAGATCGATA,5.010545244898696
37579,0.07583334118993457,8__nan,PertCortex_8_ACGGGCTGTAACGACG,4.556521074632028
37580,0.1393989165469132,8__nan,PertCortex_8_ACGGGCTGTACGACCC,3.842434684683728
37581,0.1950273214816092,8__nan,PertCortex_8_ACGGGCTTCAGGCCCA,4.948094798162094
37582,0.13844177285713757,8__nan,PertCortex_8_ACGGGCTTCCTCTAGC,2.448201529179238
37583,0.1396762664066819,8__nan,PertCortex_8_ACGGGTCAGGACAGAA,5.557126665312658
37584,0.12316610222273638,8__nan,PertCortex_8_ACGGGTCCACATGACT,5.460938597965566
37585,0.31909636969376876,8__nan,PertCortex_8_ACGGGTCCATGAGCGA,2.4144657466284785
37586,0.1442733039934183,8__nan,PertCortex_8_ACGGGTCGTGGTACAG,4.444713962549184
37587,0.08650319776203999,8__nan,PertCortex_8_ACGGGTCTCACCTTAT,4.976873910178312
37588,0.118954716267806,8__nan,PertCortex_8_ACGTCAAAGATCTGAA,4.633260531589416
37589,0.6178755456269853,8__nan,PertCortex_8_ACGTCAACAGGGTTAG,2.0179848038257138
37590,0.12651122094939568,8__nan,PertCortex_8_ACGTCAATCCAAAGTC,2.1688555074214033
37591,0.16165652969305908,8__nan,PertCortex_8_ACGTCAATCGTAGGAG,5.482586314540034
37592,0.18531481592386026,8__nan,PertCortex_8_ACTATCTAGCGTGAGT,3.164524708959585
37593,0.18360566874838288,8__nan,PertCortex_8_ACTATCTAGCTAAGAT,3.753110234058197
37594,0.1131317510403141,8__nan,PertCortex_8_ACTGAACGTGGCAAAC,2.391913150887114
37595,0.24604098524206588,8__nan,PertCortex_8_ACTGAACTCTATGTGG,2.1199894350941038
37596,0.09855263198632208,8__nan,PertCortex_8_ACTGAGTAGCCACTAT,4.7345420383625205
37597,0.1536178054427128,8__nan,PertCortex_8_ACTGAGTCAATGACCT,3.3021053741998694
37598,0.1615503027848917,8__nan,PertCortex_8_ACTGAGTCATGCCTTC,5.055593685056725
37599,0.09472562409716041,8__nan,PertCortex_8_ACTGAGTGTCGAATCT,4.943125673916675
37600,0.12567219612922215,8__nan,PertCortex_8_ACTGAGTTCTGTTGAG,4.806353217940443
37601,0.10988627239034597,8__nan,PertCortex_8_ACTGATGAGACTTGAA,4.078082109786113
37602,0.08003217501975174,8__nan,PertCortex_8_ACTGATGAGTGGAGAA,3.33659236362675
37603,0.08249798961731285,8__nan,PertCortex_8_ACTGATGAGTGTACCT,2.807730561866709
37604,0.07231982334627517,8__nan,PertCortex_8_ACTGATGGTCACAAGG,3.2420076493605627
37605,0.045397223146055994,8__nan,PertCortex_8_ACTGCTCAGCACAGGT,2.720520897229465
37606,0.1423462479807507,8__nan,PertCortex_8_ACTGCTCAGGTAAACT,4.187927858638343
37607,0.1011722200191328,8__nan,PertCortex_8_ACTGCTCAGTGGAGAA,3.7881562898109964
37608,0.10620094423786543,8__nan,PertCortex_8_ACTGCTCGTGAGTGAC,4.411279143239537
37609,0.08395641334915276,8__nan,PertCortex_8_ACTGTCCCACGCGAAA,4.377235107957376
37610,0.14728090029865334,8__nan,PertCortex_8_ACTGTCCGTCGGGTCT,3.057591051838327
37611,0.06399325591433712,8__nan,PertCortex_8_ACTGTCCGTCTCGTTC,5.031156568589613
37612,0.11451798287782873,8__nan,PertCortex_8_ACTTACTAGACCTTTG,3.833764677278569
37613,0.0984841187947832,8__nan,PertCortex_8_ACTTACTAGATGTCGG,2.9350657612172246
37614,0.17238644591260396,8__nan,PertCortex_8_ACTTACTCACACCGAC,2.9615115653101416
37615,0.4544213533412278,8__nan,PertCortex_8_ACTTACTCAGCCAGAA,1.9430582347933254
37616,0.11264821297781309,8__nan,PertCortex_8_ACTTACTGTCGAATCT,4.300119666286648
37617,0.13726135185170493,8__nan,PertCortex_8_ACTTACTTCCTTCAAT,3.602049781301579
37618,0.16158359075987128,8__nan,PertCortex_8_ACTTGTTAGGTAGCCA,3.2909876183897544
37619,0.06616838890967718,8__nan,PertCortex_8_ACTTGTTGTAGCCTAT,3.850285118193455
37620,0.173053919930295,8__nan,PertCortex_8_ACTTGTTTCATAGCAC,5.171308835297091
37621,0.38636248401465945,8__nan,PertCortex_8_ACTTTCAAGACAGGCT,1.811261843643644
37622,0.2954587277142797,8__nan,PertCortex_8_ACTTTCACAAAGTCAA,1.8643398786845629
37623,0.10982647040526036,8__nan,PertCortex_8_ACTTTCACAGTCCTTC,4.073459860966572
37624,0.05869787656247816,8__nan,PertCortex_8_ACTTTCAGTGGGTCAA,3.524796217492692
37625,0.08140150561231935,8__nan,PertCortex_8_AGAATAGCACGTCAGC,3.7211071460656724
37626,0.04849190650798154,8__nan,PertCortex_8_AGAATAGGTAGGGACT,2.8960561780140144
37627,0.15336454006364614,8__nan,PertCortex_8_AGAATAGGTGACTACT,4.645129202336391
37628,0.12358938738438414,8__nan,PertCortex_8_AGAATAGGTTAAGATG,4.871708928274753
37629,0.06839600271535995,8__nan,PertCortex_8_AGAATAGTCTACCAGA,5.681041583753202
37630,0.14973219660746173,8__nan,PertCortex_8_AGAATAGTCTAGAGTC,3.6566067843306445
37631,0.12812359203034926,8__nan,PertCortex_8_AGACGTTCAAACGCGA,4.351807263991996
37632,0.207578778202922,8__nan,PertCortex_8_AGACGTTCAGGGTTAG,4.533665957525972
37633,0.16136892716843454,8__nan,PertCortex_8_AGACGTTGTCGCATAT,3.2955018151486986
37634,0.3840569007937661,8__nan,PertCortex_8_AGACGTTTCAGGTAAA,2.1072888577886033
37635,0.16000699950265254,8__nan,PertCortex_8_AGAGCGAAGATAGGAG,5.035707942614901
37636,0.16689154737481524,8__nan,PertCortex_8_AGAGCGAAGGACACCA,4.9435707336273325
37637,0.1704619221192457,8__nan,PertCortex_8_AGAGCGAAGGTGATAT,4.328959023255535
37638,0.052448203396123,8__nan,PertCortex_8_AGAGCGACATTGCGGC,2.566435832436626
37639,0.15856233694509636,8__nan,PertCortex_8_AGAGCGAGTCATGCAT,3.2739831022361905
37640,0.48085099170829165,8__nan,PertCortex_8_AGAGCGATCGAACTGT,1.8486879575555222
37641,0.13717252918282696,8__nan,PertCortex_8_AGAGCTTAGCCTCGTG,4.013383280991776
37642,0.22519746663963133,8__nan,PertCortex_8_AGAGCTTCACGTTGGC,2.667119584247311
37643,0.19104483336374495,8__nan,PertCortex_8_AGAGCTTGTAAACGCG,2.798387078974126
37644,0.1580474477838027,8__nan,PertCortex_8_AGAGTGGGTCTCAACA,3.1543693729247773
37645,0.036023352082137146,8__nan,PertCortex_8_AGAGTGGTCATGTCCC,3.63797796247303
37646,0.21396460984606755,8__nan,PertCortex_8_AGAGTGGTCCGGGTGT,2.359148181857087
37647,0.09289526098167275,8__nan,PertCortex_8_AGAGTGGTCGCCATAA,3.691371803933891
37648,0.0899548066337443,8__nan,PertCortex_8_AGATCTGAGTCGCCGT,3.768778209744548
37649,0.07107161617301747,8__nan,PertCortex_8_AGATCTGCACTTCTGC,3.4052231267514017
37650,0.07317615292982065,8__nan,PertCortex_8_AGATCTGTCACCTTAT,3.154247721311819
37651,0.15924836304501183,8__nan,PertCortex_8_AGATCTGTCAGCACAT,4.1381405914273435
37652,0.2323120469057079,8__nan,PertCortex_8_AGATCTGTCTGGAGCC,2.471468711106425
37653,0.1748157916686066,8__nan,PertCortex_8_AGATCTGTCTTGGGTA,3.654422144624635
37654,0.0697160501154332,8__nan,PertCortex_8_AGATTGCAGCTGCCCA,3.4531383444475723
37655,0.18941030379406112,8__nan,PertCortex_8_AGATTGCCATCATCCC,4.47778116460776
37656,0.09668775949872513,8__nan,PertCortex_8_AGATTGCGTAAGTTCC,3.592530933252442
37657,0.08422084165950246,8__nan,PertCortex_8_AGCAGCCAGAGTAATC,1.9020430866986202
37658,0.061522458290543515,8__nan,PertCortex_8_AGCAGCCCACATCCGG,2.9488023996011976
37659,0.20017246587906165,8__nan,PertCortex_8_AGCAGCCCAGGCTGAA,3.267965953386868
37660,0.17228168235823346,8__nan,PertCortex_8_AGCAGCCCATATGCTG,2.762323451002109
37661,0.1298099575981526,8__nan,PertCortex_8_AGCAGCCGTACAGTTC,4.050227446238075
37662,0.1422828487324235,8__nan,PertCortex_8_AGCAGCCGTCACCTAA,4.572065272767972
37663,0.5270142248475392,8__nan,PertCortex_8_AGCAGCCGTTTGTTTC,1.6813280596204199
37664,0.06144826272343301,8__nan,PertCortex_8_AGCAGCCTCTGCTTGC,3.58098638678656
37665,0.1116050634738337,8__nan,PertCortex_8_AGCATACGTCAACATC,4.409920154100498
37666,0.04339497828313361,8__nan,PertCortex_8_AGCATACTCACTTACT,3.7543772996151494
37667,0.39208638391163986,8__nan,PertCortex_8_AGCATACTCCAGTATG,2.4184692371636083
37668,0.10491643009219967,8__nan,PertCortex_8_AGCATACTCGCAGGCT,4.330185674905499
37669,0.09918162413110622,8__nan,PertCortex_8_AGCCTAAAGGCTAGAC,5.496868293726557
37670,0.1510699775537192,8__nan,PertCortex_8_AGCCTAACAAGGCTCC,4.707433943743512
37671,0.1088441250833095,8__nan,PertCortex_8_AGCCTAACAATGACCT,2.577930868060457
37672,0.10399739905925144,8__nan,PertCortex_8_AGCCTAACAGACTCGC,4.608843410122659
37673,0.07744457882454527,8__nan,PertCortex_8_AGCCTAATCCAGTATG,2.1741991087964707
37674,0.08512995618141185,8__nan,PertCortex_8_AGCCTAATCCTGCTTG,3.0145417186956283
37675,0.07462765869829038,8__nan,PertCortex_8_AGCGGTCAGACAAGCC,4.4555784463807075
37676,0.1488232208595446,8__nan,PertCortex_8_AGCGGTCCATTCGACA,3.317400558136981
37677,0.11810980248233723,8__nan,PertCortex_8_AGCGGTCGTAGAGGAA,4.267411492164393
37678,0.2176064095406941,8__nan,PertCortex_8_AGCGGTCGTTAAAGAC,2.7505151829904433
37679,0.40831857361514545,8__nan,PertCortex_8_AGCGGTCTCAGCTTAG,3.530675091062806
37680,0.12240500020560101,8__nan,PertCortex_8_AGCGTATAGGGTTTCT,3.360342206866564
37681,0.16972012538889683,8__nan,PertCortex_8_AGCGTATTCACCACCT,2.444238867714208
37682,0.13290609438738046,8__nan,PertCortex_8_AGCGTCGAGACCCACC,2.378511025619703
37683,0.1650961208452483,8__nan,PertCortex_8_AGCGTCGCATACGCTA,3.678250029588622
37684,0.09198477660150803,8__nan,PertCortex_8_AGCTCCTTCCGTTGTC,3.4938165450229235
37685,0.3138905208489008,8__nan,PertCortex_8_AGCTCCTTCCTGTAGA,2.3764654234622933
37686,0.28263628675596947,8__nan,PertCortex_8_AGCTCTCAGCTAGTCT,4.424918930873928
37687,0.07781076712739106,8__nan,PertCortex_8_AGCTCTCCAGCCAATT,1.763003239644972
37688,0.052834075093414874,8__nan,PertCortex_8_AGCTCTCCATCGGAAG,4.383910708577156
37689,0.19963668654285535,8__nan,PertCortex_8_AGCTCTCTCAGCTCGG,2.2345447864904053
37690,0.12414619812689381,8__nan,PertCortex_8_AGCTCTCTCGGGAGTA,2.8060516643758855
37691,0.2861868776519471,8__nan,PertCortex_8_AGCTTGACACAAGTAA,2.5351645656493256
37692,0.1249606964817253,8__nan,PertCortex_8_AGCTTGACACAGGTTT,4.111996245792974
37693,0.19291286484453998,8__nan,PertCortex_8_AGCTTGACAGCTGGCT,3.200469485366716
37694,0.44948234897755934,8__nan,PertCortex_8_AGCTTGACAGTACACT,2.416741470714921
37695,0.609016201561733,8__nan,PertCortex_8_AGCTTGAGTAGCACGA,2.24213774367767
37696,0.09562149124063477,8__nan,PertCortex_8_AGGCCACAGACTGGGT,4.23754883420978
37697,0.022971795981660614,8__nan,PertCortex_8_AGGCCACAGAGCTGCA,3.3571144280328653
37698,0.09358957709319668,8__nan,PertCortex_8_AGGCCACAGTCGTTTG,2.3508572194177604
37699,0.1943601779180375,8__nan,PertCortex_8_AGGCCACCATCACGTA,3.1143209065126576
37700,0.10008591667365868,8__nan,PertCortex_8_AGGCCACGTAAATGAC,3.5653050364868113
37701,0.2351717168539887,8__nan,PertCortex_8_AGGCCACGTCACCCAG,4.6968744386858505
37702,0.11731207477178197,8__nan,PertCortex_8_AGGCCACGTCACTGGC,2.8846029027528184
37703,0.04966173911099883,8__nan,PertCortex_8_AGGCCACGTGAAATCA,4.242709071085321
37704,0.19780885577300011,8__nan,PertCortex_8_AGGCCGTGTCCGCTGA,5.413906462133053
37705,0.22996555397738694,8__nan,PertCortex_8_AGGGAGTCACAGACAG,3.2717267681270026
37706,0.4126871933433357,8__nan,PertCortex_8_AGGGAGTCAGGAATGC,1.7066169463643592
37707,0.13982616413800872,8__nan,PertCortex_8_AGGGAGTGTAAACGCG,3.442240074054823
37708,0.05389158368135403,8__nan,PertCortex_8_AGGGAGTGTCCATGAT,2.559031291978763
37709,0.1352749847180639,8__nan,PertCortex_8_AGGGAGTTCCCTGACT,2.7139164198232386
37710,0.15866807945761802,8__nan,PertCortex_8_AGGGAGTTCGCGTTTC,2.1855463844905
37711,0.12828871005891954,8__nan,PertCortex_8_AGGGATGCAGGATTGG,3.074494096866106
37712,0.058068081029994216,8__nan,PertCortex_8_AGGGATGGTATGGTTC,3.6969781627110363
37713,0.1982656738185812,8__nan,PertCortex_8_AGGGATGGTCTCCATC,4.4812367446782
37714,0.1419328431617006,8__nan,PertCortex_8_AGGGATGTCGGCATCG,5.032371107574334
37715,0.12366413959505025,8__nan,PertCortex_8_AGGGATGTCTCGCATC,3.284515140883679
37716,0.16582168331939343,8__nan,PertCortex_8_AGGGTGAAGAATGTTG,4.883688112033186
37717,0.11991490381544435,8__nan,PertCortex_8_AGGGTGAAGCGATGAC,2.4721162197571926
37718,0.19238880230059896,8__nan,PertCortex_8_AGGGTGAAGGGAAACA,4.357177464024204
37719,0.2681336668079444,8__nan,PertCortex_8_AGGGTGAAGTGGTAGC,3.26616347738428
37720,0.3040884939735451,8__nan,PertCortex_8_AGGGTGACAGGGAGAG,1.98427514787513
37721,0.6470550853166013,8__nan,PertCortex_8_AGGGTGAGTAAGCACG,1.3487718489147833
37722,0.1735034566862779,8__nan,PertCortex_8_AGGGTGATCTTGTCAT,3.2633682771911365
37723,0.1536463952036061,8__nan,PertCortex_8_AGGTCATAGAAGGTTT,1.8681372647240173
37724,0.12710720859042834,8__nan,PertCortex_8_AGGTCATAGAGACTTA,3.4525841515431126
37725,0.04188973647008837,8__nan,PertCortex_8_AGGTCATAGGACCACA,4.5127653482945425
37726,0.30859610663518877,8__nan,PertCortex_8_AGGTCATAGGAGTACC,4.706347326477712
37727,0.11104669437006597,8__nan,PertCortex_8_AGGTCATCAATCAGAA,1.9464768441950164
37728,0.11570832371215486,8__nan,PertCortex_8_AGGTCATCACTTGGAT,3.5209718918601043
37729,0.10307784958221547,8__nan,PertCortex_8_AGGTCATCAGGGTACA,4.755899100671715
37730,0.20749146759102902,8__nan,PertCortex_8_AGGTCATGTACTTCTT,2.7061052589843855
37731,0.15793833204732402,8__nan,PertCortex_8_AGGTCCGAGGAGCGAG,4.782966604922602
37732,0.14197029458783889,8__nan,PertCortex_8_AGGTCCGAGGTTACCT,2.9583768937386985
37733,0.17942254199272836,8__nan,PertCortex_8_AGGTCCGAGTGCCAGA,3.465241620787918
37734,0.21406328270711028,8__nan,PertCortex_8_AGGTCCGCAATCCAAC,3.423664287228221
37735,0.1336789783335694,8__nan,PertCortex_8_AGGTCCGCAGCTGTTA,4.221910842982252
37736,0.10123013311536572,8__nan,PertCortex_8_AGGTCCGGTGATAAGT,2.63047962296611
37737,0.19236534163705804,8__nan,PertCortex_8_AGGTCCGGTTGGTAAA,4.987546619817718
37738,0.09146287369457134,8__nan,PertCortex_8_AGGTCCGTCAGTTTGG,3.1437907947414994
37739,0.15264567391325884,8__nan,PertCortex_8_AGTAGTCAGTGAAGTT,3.9001326167574444
37740,0.14647305533711813,8__nan,PertCortex_8_AGTAGTCGTCGAATCT,1.9825202078690531
37741,0.057516507681864754,8__nan,PertCortex_8_AGTAGTCGTCGGCTCA,4.593141188003285
37742,0.123789185943994,8__nan,PertCortex_8_AGTCTTTAGACGCAAC,4.645360742585877
37743,0.14309532203942826,8__nan,PertCortex_8_AGTCTTTAGATATGGT,5.135515401139075
37744,0.1155466112638835,8__nan,PertCortex_8_AGTCTTTGTCATATCG,5.310982215312646
37745,0.10528326559647769,8__nan,PertCortex_8_AGTCTTTGTTGTCTTT,3.953708556930692
37746,0.17570941414450877,8__nan,PertCortex_8_AGTCTTTTCATAAAGG,2.945212804848638
37747,0.17685587565865685,8__nan,PertCortex_8_AGTCTTTTCGCCTGTT,4.581998492213784
37748,0.13892602724525213,8__nan,PertCortex_8_AGTCTTTTCTACCAGA,4.131266653640412
37749,0.07717859326953865,8__nan,PertCortex_8_AGTGAGGAGTGAAGTT,3.9711938362689705
37750,0.1732991082763382,8__nan,PertCortex_8_AGTGAGGTCACGCATA,2.7642082028072945
37751,0.09503157373997384,8__nan,PertCortex_8_AGTGAGGTCGTACGGC,4.600883502210427
37752,0.30468949682323493,8__nan,PertCortex_8_AGTGAGGTCTAACTCT,1.9273108967460995
37753,0.0736751724577895,8__nan,PertCortex_8_AGTGGGAAGGTCGGAT,3.2244487132922686
37754,0.2094458130667637,8__nan,PertCortex_8_AGTGGGACACCTGGTG,3.388509872011269
37755,0.1145807181056718,8__nan,PertCortex_8_AGTGGGACATTAGCCA,4.706686753058959
37756,-0.007421964917040149,8__nan,PertCortex_8_AGTGGGAGTACTCTCC,4.2731378601849626
37757,0.07335598920561472,8__nan,PertCortex_8_AGTGGGATCTGCCCTA,3.5683706525093863
37758,0.050922571875940535,8__nan,PertCortex_8_AGTGTCACACGCTTTC,3.642646256040856
37759,0.14233207608372006,8__nan,PertCortex_8_AGTGTCATCATGTGGT,4.498827034126393
37760,0.18120600456240615,8__nan,PertCortex_8_AGTGTCATCCATGAGT,3.695894962874684
37761,0.05581958225415308,8__nan,PertCortex_8_AGTTGGTAGTAACCCT,2.9360260586575024
37762,0.16872975041224753,8__nan,PertCortex_8_AGTTGGTCAATGGATA,4.70978809842899
37763,0.11265115994217625,8__nan,PertCortex_8_AGTTGGTTCACTCTTA,4.633084839210385
37764,0.05784412057140627,8__nan,PertCortex_8_ATAACGCAGCTAACTC,2.8422747614543122
37765,0.06496943365883558,8__nan,PertCortex_8_ATAACGCAGTCGTACT,4.372774453285743
37766,0.349901648085414,8__nan,PertCortex_8_ATAACGCCAGATCCAT,2.030949443310094
37767,0.42030269354345867,8__nan,PertCortex_8_ATAACGCGTGCAGGTA,2.003508213248057
37768,0.22751436704823413,8__nan,PertCortex_8_ATAACGCTCGCGCCAA,2.08833496602651
37769,0.09481994428684609,8__nan,PertCortex_8_ATAAGAGAGCGCTCCA,3.98409448805772
37770,0.20066654838340112,8__nan,PertCortex_8_ATAAGAGCACCACGTG,2.978971042533414
37771,0.4185566159955246,8__nan,PertCortex_8_ATAAGAGCAGAAGCAC,2.0564747572278574
37772,0.15167841478713232,8__nan,PertCortex_8_ATAAGAGCAGCTTCGG,3.4477259484275846
37773,0.15034193242128677,8__nan,PertCortex_8_ATAAGAGCATGACGGA,2.52910865652658
37774,0.22074675309074474,8__nan,PertCortex_8_ATAAGAGTCATCACCC,2.8738727809893407
37775,0.13732155009590438,8__nan,PertCortex_8_ATAGACCAGATCGGGT,3.223783345599687
37776,0.09972777187853467,8__nan,PertCortex_8_ATAGACCAGTGTTGAA,3.229289999886301
37777,0.09734465294634301,8__nan,PertCortex_8_ATAGACCGTATTCGTG,2.809221278099191
37778,0.2738422275096301,8__nan,PertCortex_8_ATAGACCGTCCAAGTT,2.672177110826972
37779,0.15183898888803876,8__nan,PertCortex_8_ATAGACCGTTACCAGT,3.6944960732062992
37780,0.13454938837961103,8__nan,PertCortex_8_ATAGACCTCGGATGTT,4.511454099518269
37781,0.526155274976331,8__nan,PertCortex_8_ATAGACCTCGGGAGTA,2.2808984989373386
37782,0.18648749597570308,8__nan,PertCortex_8_ATAGACCTCTTGGGTA,3.7567195899436787
37783,0.07028166915794808,8__nan,PertCortex_8_ATCACGACATCAGTAC,2.405911042132573
37784,0.21481112324678067,8__nan,PertCortex_8_ATCACGAGTAGCGTGA,2.8036279176240697
37785,0.1077314618066538,8__nan,PertCortex_8_ATCACGAGTAGGAGTC,4.849395951323934
37786,0.053924270201754096,8__nan,PertCortex_8_ATCACGATCATAACCG,4.311502728407729
37787,0.08604323904205223,8__nan,PertCortex_8_ATCACGATCCAATGGT,2.951839167594254
37788,0.06138327750472598,8__nan,PertCortex_8_ATCACGATCCGAGCCA,3.3426416094722735
37789,0.0361701085079395,8__nan,PertCortex_8_ATCACGATCCGCAAGC,4.966515161975656
37790,0.17017707238130758,8__nan,PertCortex_8_ATCACGATCTCCTATA,3.844665798164763
37791,0.16547804948336028,8__nan,PertCortex_8_ATCATCTAGAAACCTA,4.059902163398108
37792,0.09401761160605342,8__nan,PertCortex_8_ATCATCTAGAAGGTGA,3.9307023912936647
37793,0.1887379411395569,8__nan,PertCortex_8_ATCATCTCATACCATG,4.447969906229368
37794,0.1624749942843573,8__nan,PertCortex_8_ATCATCTTCAGAGGTG,3.5294232191492196
37795,0.06033858312231836,8__nan,PertCortex_8_ATCATGGAGTGGGTTG,3.1706170101670303
37796,0.07339553972109043,8__nan,PertCortex_8_ATCATGGCACCGAATT,3.5442487985306537
37797,0.0421464168306231,8__nan,PertCortex_8_ATCATGGGTGGCCCTA,3.928094012100918
37798,0.030196129438811146,8__nan,PertCortex_8_ATCCACCAGGCAGTCA,2.9252449340729965
37799,0.06281613982554869,8__nan,PertCortex_8_ATCCACCAGTGTCCCG,3.5797682702538864
37800,0.030522343047586865,8__nan,PertCortex_8_ATCCACCCACTAAGTC,2.5076435698141704
37801,0.11452650973133559,8__nan,PertCortex_8_ATCCACCGTACAGCAG,4.821243572307998
37802,0.2859797493644626,8__nan,PertCortex_8_ATCCACCGTTTCCACC,1.8943869127232966
37803,0.12034897866906323,8__nan,PertCortex_8_ATCCACCTCAAAGTAG,2.950327983434893
37804,0.1903034277791479,8__nan,PertCortex_8_ATCCACCTCCTGCAGG,3.103036637976211
37805,0.32367249255788894,8__nan,PertCortex_8_ATCCGAACACTGTTAG,1.7034024861320065
37806,0.2962769301049643,8__nan,PertCortex_8_ATCCGAAGTGCCTTGG,2.7464276026882426
37807,0.10839047269179511,8__nan,PertCortex_8_ATCCGAATCGGCTTGG,4.681703016728168
37808,0.12749261447972718,8__nan,PertCortex_8_ATCGAGTCACAAGACG,5.172950290631878
37809,0.14752536292815727,8__nan,PertCortex_8_ATCGAGTGTCCAGTGC,5.462788935951732
37810,0.07546649257366969,8__nan,PertCortex_8_ATCGAGTTCAAACGGG,3.0672389529598156
37811,0.1393738602362192,8__nan,PertCortex_8_ATCGAGTTCAATCTCT,5.641006671119925
37812,0.0915997647779727,8__nan,PertCortex_8_ATCTACTAGCGGATCA,3.336125150848512
37813,0.10069081399324335,8__nan,PertCortex_8_ATCTACTGTCGAAAGC,4.308729541519918
37814,0.023666263259157716,8__nan,PertCortex_8_ATCTACTTCAATAAGG,3.0142503286127225
37815,0.17422060649198595,8__nan,PertCortex_8_ATCTACTTCGCAAACT,4.554750706349183
37816,0.26756199797815167,8__nan,PertCortex_8_ATCTACTTCGGAAATA,2.190092805079362
37817,0.29788099821196495,8__nan,PertCortex_8_ATCTGCCAGGTGTGGT,3.944099286754964
37818,0.20535713762346042,8__nan,PertCortex_8_ATCTGCCAGTATTGGA,4.641144749709654
37819,0.061285204822865195,8__nan,PertCortex_8_ATCTGCCGTACCGTTA,5.503375028545457
37820,0.12426634223399426,8__nan,PertCortex_8_ATCTGCCGTAGTGAAT,5.1398590561516935
37821,0.0871656805924699,8__nan,PertCortex_8_ATCTGCCGTGATAAGT,4.748951740339605
37822,0.10499319750961632,8__nan,PertCortex_8_ATCTGCCTCGGCGCTA,3.1222069237756416
37823,0.2130508930615755,8__nan,PertCortex_8_ATGAGGGAGAGGTAGA,2.9056810708167395
37824,0.11059066148759109,8__nan,PertCortex_8_ATGAGGGCATGGTAGG,3.822379210828848
37825,0.11542446531911227,8__nan,PertCortex_8_ATGAGGGGTCTCTTAT,3.5086571354051093
37826,0.4911471861696921,8__nan,PertCortex_8_ATGAGGGGTGTCCTCT,2.5424937472911395
37827,0.05365106192791728,8__nan,PertCortex_8_ATGAGGGGTTCTGGTA,3.5429464607579257
37828,0.11618253966758901,8__nan,PertCortex_8_ATGCGATAGCACACAG,3.7920394260851085
37829,0.11456868674507077,8__nan,PertCortex_8_ATGCGATCATGAAGTA,4.181781906299624
37830,0.046660815713364466,8__nan,PertCortex_8_ATGCGATGTACCGTTA,2.8456171503385934
37831,0.09355445814151724,8__nan,PertCortex_8_ATGCGATTCAAACGGG,3.8625642361995807
37832,0.11535725042043246,8__nan,PertCortex_8_ATGCGATTCCGCATAA,4.107133864885436
37833,0.06430587650419162,8__nan,PertCortex_8_ATGGGAGCAGCTGCAC,3.0084518860323093
37834,0.05478191137455472,8__nan,PertCortex_8_ATGGGAGGTGCCTTGG,2.839019506043587
37835,0.09178392845063157,8__nan,PertCortex_8_ATGGGAGGTTTGGCGC,2.497455788522041
37836,0.09169188333841728,8__nan,PertCortex_8_ATGGGAGGTTTGTTGG,3.128702464825458
37837,0.16593048164872262,8__nan,PertCortex_8_ATGTGTGAGGCATGGT,2.450404113705182
37838,0.148008165153175,8__nan,PertCortex_8_ATGTGTGAGTCATGCT,2.7721025469138456
37839,0.05319706071967259,8__nan,PertCortex_8_ATGTGTGCAACACCTA,3.997667204445075
37840,0.12087904803012785,8__nan,PertCortex_8_ATGTGTGGTATATCCG,3.1353220801200443
37841,0.11601146068720519,8__nan,PertCortex_8_ATGTGTGTCTCCAACC,1.8618206541994105
37842,0.3156970013885421,8__nan,PertCortex_8_ATGTGTGTCTCTAGGA,1.8921065705640074
37843,0.11879752620577087,8__nan,PertCortex_8_ATTACTCAGCCGGTAA,5.05830027366542
37844,0.051150527589684476,8__nan,PertCortex_8_ATTACTCGTGCGATAG,3.77167286280755
37845,0.34604957247239815,8__nan,PertCortex_8_ATTACTCGTGTGACCC,1.91696910498261
37846,0.06284781417155268,8__nan,PertCortex_8_ATTACTCTCCCTAACC,4.0369914144845955
37847,0.093555442980318,8__nan,PertCortex_8_ATTACTCTCGGCATCG,2.759967359960144
37848,0.14238914193110552,8__nan,PertCortex_8_ATTACTCTCTACTTAC,4.433908443035473
37849,0.11699764303513532,8__nan,PertCortex_8_ATTATCCCACCAGATT,4.741096766294992
37850,0.04663461339821724,8__nan,PertCortex_8_ATTATCCTCACAACGT,4.82406743873174
37851,0.20419751211419454,8__nan,PertCortex_8_ATTATCCTCCGAACGC,1.2055530467235647
37852,0.17078377203934547,8__nan,PertCortex_8_ATTCTACCAATAGCAA,5.0043618955626545
37853,0.21490318164098446,8__nan,PertCortex_8_ATTCTACCACGAAATA,4.440037432061981
37854,0.1293453684474612,8__nan,PertCortex_8_ATTCTACGTATGAAAC,4.4557713090671855
37855,0.17445967003990082,8__nan,PertCortex_8_ATTCTACTCTTGGGTA,4.645224394699264
37856,0.2398795260479105,8__nan,PertCortex_8_ATTGGACCACCAGATT,2.9555586916308485
37857,0.19224512887170622,8__nan,PertCortex_8_ATTGGACGTAGCCTCG,3.540857584918207
37858,0.12508460975202548,8__nan,PertCortex_8_ATTGGACTCCTCGCAT,4.598055610841964
37859,0.17383642082750853,8__nan,PertCortex_8_ATTGGACTCCTTCAAT,4.299673745806722
37860,0.3297066008808742,8__nan,PertCortex_8_ATTGGACTCGGCTACG,2.2688076878111754
37861,0.16009774223901,8__nan,PertCortex_8_ATTGGTGCACGAAGCA,4.410607436240692
37862,0.16312834047926164,8__nan,PertCortex_8_ATTGGTGTCAAACAAG,2.7160497230960527
37863,0.12060219772284357,8__nan,PertCortex_8_ATTGGTGTCAGATAAG,3.569383162239556
37864,0.16470622280603414,8__nan,PertCortex_8_ATTGGTGTCCGTACAA,4.023714301538502
37865,0.30650999064027873,8__nan,PertCortex_8_ATTTCTGAGAACTGTA,1.5359241567438666
37866,0.1153732469887449,8__nan,PertCortex_8_ATTTCTGCAGTGGGAT,4.525404960955377
37867,0.13629599412099833,8__nan,PertCortex_8_ATTTCTGTCATTATCC,4.527622241875013
37868,0.28228184484298385,8__nan,PertCortex_8_ATTTCTGTCGATGAGG,1.8790476530884752
37869,0.11730103672552404,8__nan,PertCortex_8_ATTTCTGTCTGGGCCA,2.3830312240534033
37870,0.3636731806486582,8__nan,PertCortex_8_CAACCAAGTCTCTCTG,2.297320978673801
37871,0.511693071840617,8__nan,PertCortex_8_CAACCAATCACTATTC,1.8310304725284714
37872,0.1210648761598416,8__nan,PertCortex_8_CAACCTCAGATAGCAT,3.2182246923050086
37873,0.12496398340932843,8__nan,PertCortex_8_CAACCTCAGCTATGCT,4.767047977086279
37874,0.3442301665600004,8__nan,PertCortex_8_CAACCTCCATTGGCGC,1.8791655661165652
37875,0.15644415458683614,8__nan,PertCortex_8_CAACTAGAGCGTAGTG,5.025787846338744
37876,0.11688347533066347,8__nan,PertCortex_8_CAACTAGAGTTATCGC,3.1729275072513268
37877,0.202540868097295,8__nan,PertCortex_8_CAACTAGCACCCATTC,3.6503509546993627
37878,0.08321617394030308,8__nan,PertCortex_8_CAACTAGCACGTGAGA,4.816282212725387
37879,0.12722959393895275,8__nan,PertCortex_8_CAACTAGGTACATCCA,3.609406117775844
37880,0.10990829937522033,8__nan,PertCortex_8_CAACTAGTCGTCTGCT,3.5569466696239513
37881,0.13058812406600723,8__nan,PertCortex_8_CAACTAGTCTCGTTTA,4.696371157428291
37882,0.31135464854529865,8__nan,PertCortex_8_CAAGAAAAGACACTAA,1.6092537393742155
37883,0.18481097594606602,8__nan,PertCortex_8_CAAGAAAAGGAACTGC,4.170763038686264
37884,0.10856361975561259,8__nan,PertCortex_8_CAAGAAACAACTGGCC,4.540665244448468
37885,0.1981555782130426,8__nan,PertCortex_8_CAAGAAACATGCCTAA,4.278390234239847
37886,0.09537642385584404,8__nan,PertCortex_8_CAAGAAAGTGTTCGAT,4.318739952838355
37887,0.07770673806916578,8__nan,PertCortex_8_CAAGAAATCCTCTAGC,4.854416301729565
37888,0.1725892288728165,8__nan,PertCortex_8_CAAGAAATCGAGGTAG,5.162910623753984
37889,0.12404974504933952,8__nan,PertCortex_8_CAAGAAATCGTGACAT,4.734213085734751
37890,0.15636909955162215,8__nan,PertCortex_8_CAAGAAATCTGCTGCT,3.680713786607119
37891,-0.01827348429876578,8__nan,PertCortex_8_CAAGAAATCTGTTGAG,3.708669008170396
37892,0.08305096377750561,8__nan,PertCortex_8_CAAGATCAGCGATGAC,2.481793667800031
37893,0.16797195853775385,8__nan,PertCortex_8_CAAGATCAGTTTCCTT,2.7729928406251285
37894,0.2095781549519574,8__nan,PertCortex_8_CAAGATCCATCCAACA,1.8079852259144862
37895,0.003520725776141889,8__nan,PertCortex_8_CAAGATCCATGTCGAT,3.345004626099754
37896,0.16473626424294402,8__nan,PertCortex_8_CAAGATCGTAGCGTAG,4.07799791984536
37897,0.184393652854077,8__nan,PertCortex_8_CAAGATCGTTGAGTTC,5.2184338277071936
37898,0.24702358586665796,8__nan,PertCortex_8_CAAGATCTCATATCGG,2.50509133124576
37899,0.08676904820350258,8__nan,PertCortex_8_CAAGATCTCTTACCGC,3.927068476341682
37900,0.0010340827677974786,8__nan,PertCortex_8_CAAGGCCCACCCTATC,3.6206874160362603
37901,0.22685433064124425,8__nan,PertCortex_8_CAAGGCCCAGGTCGTC,4.694241381885834
37902,0.20478959696716825,8__nan,PertCortex_8_CAAGGCCGTCATGCAT,4.196446888063469
37903,0.21236344734286314,8__nan,PertCortex_8_CAAGTTGAGTGTACGG,2.9922417930904195
37904,0.08519188344738676,8__nan,PertCortex_8_CAAGTTGGTCAGATAA,4.984975314466182
37905,0.05820039400048223,8__nan,PertCortex_8_CAAGTTGGTCTAGCGC,2.7642120167544153
37906,0.1872950706007671,8__nan,PertCortex_8_CAAGTTGTCGTAGGAG,2.6978987225155335
37907,0.13858722595089437,8__nan,PertCortex_8_CACAAACAGAGTAAGG,4.493124704263883
37908,0.47871189577643664,8__nan,PertCortex_8_CACAAACAGATGCGAC,1.453318492032065
37909,0.04081282046844984,8__nan,PertCortex_8_CACAAACCACGGATAG,1.9760836145090628
37910,0.2669095517752094,8__nan,PertCortex_8_CACAAACCAGTCGTGC,1.9945635668070303
37911,0.26253945809437257,8__nan,PertCortex_8_CACAAACTCATGTGGT,3.2209081602812604
37912,0.13700091863834005,8__nan,PertCortex_8_CACAAACTCTGCTGCT,4.186154143386469
37913,0.09594228147891583,8__nan,PertCortex_8_CACACAAAGCCCTAAT,5.180499161812822
37914,0.10875206763068472,8__nan,PertCortex_8_CACACAACAGGTGGAT,4.148298221459171
37915,0.11864337083491125,8__nan,PertCortex_8_CACACAACAGTTCCCT,4.288897547827381
37916,0.32005580201455314,8__nan,PertCortex_8_CACACCTGTGATGCCC,2.120686692878476
37917,0.17868275938384223,8__nan,PertCortex_8_CACACCTTCTATCCTA,3.2544457741626363
37918,0.19128314918313477,8__nan,PertCortex_8_CACACTCAGACCACGA,4.323575505793997
37919,0.11427383409082319,8__nan,PertCortex_8_CACACTCGTATGCTTG,4.8705370446552765
37920,0.12442403991843594,8__nan,PertCortex_8_CACACTCTCAAACCAC,4.893840247425444
37921,0.19219027546461204,8__nan,PertCortex_8_CACAGGCAGGGTGTGT,2.486672233825392
37922,0.12201835648250567,8__nan,PertCortex_8_CACAGGCCAAGCGCTC,4.22356113166717
37923,0.1079647714019968,8__nan,PertCortex_8_CACAGGCCAATGGACG,4.938156172955582
37924,0.12498181484301102,8__nan,PertCortex_8_CACAGGCCACATAACC,3.2318422462275294
37925,0.19292214955970763,8__nan,PertCortex_8_CACAGGCTCCAGGGCT,3.4377304780967437
37926,0.1924582054267205,8__nan,PertCortex_8_CACAGGCTCCATTCTA,3.253087139755038
37927,0.19028207671835273,8__nan,PertCortex_8_CACAGTAAGACACTAA,2.3019738128651897
37928,0.1341140894017302,8__nan,PertCortex_8_CACAGTACAAACCTAC,3.250218418823334
37929,0.07453432084521143,8__nan,PertCortex_8_CACAGTACACGGACAA,2.8888832650938214
37930,0.05032339851782446,8__nan,PertCortex_8_CACAGTACACGTCAGC,3.7656970171531303
37931,0.13385511323609722,8__nan,PertCortex_8_CACAGTAGTCCAGTGC,3.957529306405694
37932,0.30899644195386755,8__nan,PertCortex_8_CACAGTAGTCCATGAT,1.7926188374350036
37933,0.059054130015116425,8__nan,PertCortex_8_CACAGTAGTTGTGGCC,3.691461449280766
37934,0.1831867882597443,8__nan,PertCortex_8_CACAGTATCCATGAGT,4.826858921446015
37935,0.1670555772955892,8__nan,PertCortex_8_CACATAGAGTTCGCAT,2.50973693217285
37936,0.1748722390680887,8__nan,PertCortex_8_CACATAGCACCTCGGA,1.468310415923211
37937,0.17899664276678104,8__nan,PertCortex_8_CACATAGGTATGCTTG,5.143420735278553
37938,0.10105117050095527,8__nan,PertCortex_8_CACATAGGTGATGCCC,5.13362556155744
37939,0.1938404420737754,8__nan,PertCortex_8_CACATAGGTGTAATGA,2.906210722719865
37940,0.06577775532937598,8__nan,PertCortex_8_CACATAGGTTGGTGGA,2.304155012834335
37941,0.1856057446326944,8__nan,PertCortex_8_CACATAGTCCCAAGTA,3.0241195605529074
37942,0.17662970508439124,8__nan,PertCortex_8_CACATTTAGACAGGCT,3.139472118999458
37943,0.09388244354986351,8__nan,PertCortex_8_CACATTTAGCACCGTC,4.2841110789862835
37944,0.0878961777395456,8__nan,PertCortex_8_CACATTTAGTTTGCGT,4.345329041902598
37945,0.18829318782295607,8__nan,PertCortex_8_CACATTTGTAATAGCA,4.9728681661128755
37946,0.07251465943668324,8__nan,PertCortex_8_CACCACTAGACTTTCG,3.8254916081387855
37947,0.055949998855343,8__nan,PertCortex_8_CACCACTAGAGAACAG,3.8572494990176134
37948,0.16729984941724582,8__nan,PertCortex_8_CACCACTAGAGTCTGG,4.963631038507098
37949,0.11362328859597483,8__nan,PertCortex_8_CACCACTAGTCCAGGA,4.201529736336538
37950,0.468323480544711,8__nan,PertCortex_8_CACCACTGTATATGGA,1.9004046574532087
37951,0.15149320434946345,8__nan,PertCortex_8_CACCACTGTTATGCGT,5.2378536202753425
37952,0.22692505871292618,8__nan,PertCortex_8_CACCACTTCGTTGCCT,2.842723882754042
37953,0.17745018401146434,8__nan,PertCortex_8_CACCACTTCTGTCAAG,2.479989693993092
37954,0.08875148840222559,8__nan,PertCortex_8_CACCAGGAGGACTGGT,2.3881163899082707
37955,0.17869385294652973,8__nan,PertCortex_8_CACCAGGCAATGGACG,3.6284516799944018
37956,0.1811450673707412,8__nan,PertCortex_8_CACCAGGGTTAGTGGG,3.125484687500218
37957,0.10994690607421782,8__nan,PertCortex_8_CACCAGGGTTCATGGT,4.435918151989258
37958,0.29534904511529914,8__nan,PertCortex_8_CACCAGGTCTCAACTT,1.7417480674980383
37959,0.15602810655021307,8__nan,PertCortex_8_CACCTTGAGTCCGTAT,2.4118977636888084
37960,0.19152068263641617,8__nan,PertCortex_8_CACCTTGGTGACTCAT,3.264987595176839
37961,0.19624206466837085,8__nan,PertCortex_8_CACCTTGGTGTAACGG,2.35066535067884
37962,0.36108297152347224,8__nan,PertCortex_8_CACCTTGTCCTATGTT,1.8001172727054249
37963,0.1829837779618925,8__nan,PertCortex_8_CACCTTGTCTGAGGGA,4.907860091510357
37964,0.2914771389581215,8__nan,PertCortex_8_CACTCCAAGTGCGTGA,2.2718443716687884
37965,0.6152560780513744,8__nan,PertCortex_8_CACTCCACAAGGGTCA,2.189346229105463
37966,0.13126818931864845,8__nan,PertCortex_8_CACTCCAGTCAATGTC,3.104550472615234
37967,0.19126269877633725,8__nan,PertCortex_8_CACTCCAGTCACCCAG,2.1591080372800264
37968,0.11723447703385945,8__nan,PertCortex_8_CAGAATCAGCTAAGAT,4.106768613617971
37969,0.08137798567861965,8__nan,PertCortex_8_CAGAATCAGCTTCGCG,3.6800686867597543
37970,0.21698635219851858,8__nan,PertCortex_8_CAGAATCCAATGGAGC,2.933449713829018
37971,0.12434943416369307,8__nan,PertCortex_8_CAGAATCCAGGGAGAG,4.177371497370255
37972,0.3378157781837792,8__nan,PertCortex_8_CAGAATCTCACGGTTA,3.0276330875469877
37973,0.16893628420351,8__nan,PertCortex_8_CAGAATCTCCGTTGCT,1.5483519433665889
37974,0.09680150350396198,8__nan,PertCortex_8_CAGAATCTCCTCATTA,2.3443746349381387
37975,0.1507383690057604,8__nan,PertCortex_8_CAGAGAGAGCCACGTC,2.9758026299681353
37976,0.16928129946448464,8__nan,PertCortex_8_CAGAGAGCAATCGAAA,4.32002736249118
37977,0.12355805581436423,8__nan,PertCortex_8_CAGAGAGTCAGGCAAG,2.5943001382434874
37978,0.15026452856004013,8__nan,PertCortex_8_CAGAGAGTCGAACTGT,4.028994895192965
37979,0.2124444155326138,8__nan,PertCortex_8_CAGATCAAGACAAAGG,2.289943238195779
37980,0.024571161350014043,8__nan,PertCortex_8_CAGATCACACCAGCAC,4.867398293705512
37981,0.3095335203402664,8__nan,PertCortex_8_CAGATCAGTCTAGTCA,2.0149793559781277
37982,0.2517300722647622,8__nan,PertCortex_8_CAGATCAGTTTGTTTC,1.724867751027938
37983,0.16760078267975545,8__nan,PertCortex_8_CAGATCATCCACGTGG,2.4678378695474943
37984,0.037828253879143486,8__nan,PertCortex_8_CAGATCATCCGAGCCA,2.818990909651331
37985,0.06774706804154798,8__nan,PertCortex_8_CAGATCATCGCCCTTA,3.868527247885917
37986,0.11959675950198631,8__nan,PertCortex_8_CAGCAGCCACACTGCG,4.61796242371158
37987,0.1751247459120146,8__nan,PertCortex_8_CAGCAGCCAGTAGAGC,4.7061080957890775
37988,0.1950520000597523,8__nan,PertCortex_8_CAGCAGCGTCTTCGTC,4.221670724203096
37989,0.18803603889999945,8__nan,PertCortex_8_CAGCAGCGTTTGTTTC,4.733769133618894
37990,0.16176890278861814,8__nan,PertCortex_8_CAGCAGCTCTCCCTGA,3.3307060047404957
37991,0.09471823465363018,8__nan,PertCortex_8_CAGCATAAGCACACAG,4.756856887949567
37992,0.020884666230841353,8__nan,PertCortex_8_CAGCATAAGCGTCTAT,4.845996630472019
37993,0.06789317841738188,8__nan,PertCortex_8_CAGCATAGTCAAACTC,2.5872086161266656
37994,0.08560255743938303,8__nan,PertCortex_8_CAGCATAGTGGCGAAT,4.082613499444929
37995,0.1824941786784316,8__nan,PertCortex_8_CAGCCGAAGGAGTACC,4.068495335026604
37996,0.2018000774663787,8__nan,PertCortex_8_CAGCCGAAGTCAATAG,2.670991516441156
37997,0.08152856676240697,8__nan,PertCortex_8_CAGCCGACAGCTTAAC,3.319403090256237
37998,0.11137938001215132,8__nan,PertCortex_8_CAGCCGACATGCCTTC,3.602979832013338
37999,0.17262981388447568,8__nan,PertCortex_8_CAGCCGAGTCGGCATC,3.400241323778228
38000,0.1819037561560054,8__nan,PertCortex_8_CAGCGACAGAGGGATA,3.571130401972431
38001,0.2150404576029509,8__nan,PertCortex_8_CAGCGACGTCTTCTCG,2.833805197266162
38002,0.12436538998302024,8__nan,PertCortex_8_CAGCGACTCTAGCACA,5.39704192611709
38003,0.11909019147806564,8__nan,PertCortex_8_CAGCTAAAGCCGGTAA,5.111632669442206
38004,0.05448218316402532,8__nan,PertCortex_8_CAGCTAACACCTCGTT,5.007165466751836
38005,0.05046595568953205,8__nan,PertCortex_8_CAGCTAAGTGCACGAA,3.7204965291716117
38006,0.5238198613735097,8__nan,PertCortex_8_CAGCTAATCACAATGC,1.8853123789960173
38007,0.17054899013472802,8__nan,PertCortex_8_CAGCTAATCACCTTAT,4.908692689307286
38008,0.5047742862556488,8__nan,PertCortex_8_CAGCTAATCCTCGCAT,1.9962697311322903
38009,0.13795658311073677,8__nan,PertCortex_8_CAGCTGGCACACAGAG,3.736799788128101
38010,0.07469501898808666,8__nan,PertCortex_8_CAGCTGGCAGTATAAG,4.920886900872671
38011,0.04940345566255765,8__nan,PertCortex_8_CAGCTGGCATACGCCG,4.448449117260083
38012,0.10592827634542286,8__nan,PertCortex_8_CAGCTGGCATATGAGA,3.2063676900919744
38013,0.48995305039729237,8__nan,PertCortex_8_CAGCTGGTCTCAACTT,1.702365999591989
38014,0.22209809949820095,8__nan,PertCortex_8_CAGGTGCCAGCCTGTG,4.420926708741498
38015,0.11824494773736352,8__nan,PertCortex_8_CAGGTGCGTGATAAGT,3.723536901441372
38016,0.16591716768528503,8__nan,PertCortex_8_CAGGTGCTCACGCGGT,3.651113018153161
38017,0.08925407894459886,8__nan,PertCortex_8_CAGGTGCTCCTTAATC,3.5891178520308435
38018,0.07560512810374652,8__nan,PertCortex_8_CAGGTGCTCCTTCAAT,3.2231642751589287
38019,0.19438337013708237,8__nan,PertCortex_8_CAGTAACGTACTTCTT,2.898870337284822
38020,0.16700375880411233,8__nan,PertCortex_8_CAGTAACGTCCGAATT,4.1095921080046605
38021,0.27035043487505916,8__nan,PertCortex_8_CAGTAACTCATGGTCA,1.794498682726488
38022,0.17979220789917694,8__nan,PertCortex_8_CAGTAACTCCTCATTA,3.9867099615959205
38023,0.06369616395998706,8__nan,PertCortex_8_CAGTCCTAGAGTCTGG,3.774493226971991
38024,0.13407991990109303,8__nan,PertCortex_8_CAGTCCTAGTAATCCC,5.591253541282484
38025,0.277708923930322,8__nan,PertCortex_8_CAGTCCTAGTGGGCTA,1.8908227509589848
38026,0.08270265348662875,8__nan,PertCortex_8_CAGTCCTCACCGAAAG,3.326746837755003
38027,0.09750263315381406,8__nan,PertCortex_8_CAGTCCTCAGCGTTCG,3.2964661938352373
38028,0.46572535820185623,8__nan,PertCortex_8_CAGTCCTCATCCTAGA,1.943363232544536
38029,0.0306390815563542,8__nan,PertCortex_8_CAGTCCTGTTCGTCTC,3.1465699950572974
38030,0.17539755953218406,8__nan,PertCortex_8_CAGTCCTTCTTGTCAT,2.23664169712846
38031,0.12817154430443903,8__nan,PertCortex_8_CATATGGAGTTGCAGG,2.356104636364564
38032,0.19440091831040673,8__nan,PertCortex_8_CATATGGCATCTATGG,4.488311783298435
38033,0.5974901522030824,8__nan,PertCortex_8_CATATGGTCCTCATTA,1.6598456119159697
38034,0.5897270931249278,8__nan,PertCortex_8_CATATGGTCTCTGCTG,1.7504097356809463
38035,0.0804394187172523,8__nan,PertCortex_8_CATATTCAGATACACA,3.4609067282353863
38036,0.14447903263462195,8__nan,PertCortex_8_CATATTCAGCAACGGT,3.477599005647811
38037,0.10414412856404855,8__nan,PertCortex_8_CATATTCAGCTTCGCG,2.457508542648254
38038,0.23828162850010384,8__nan,PertCortex_8_CATATTCAGTGTCCCG,3.0007673631092904
38039,0.20221359404862183,8__nan,PertCortex_8_CATATTCGTAAATGTG,1.739636104151678
38040,0.13603149035674644,8__nan,PertCortex_8_CATATTCTCCGAGCCA,4.927695229212332
38041,0.1566618145171192,8__nan,PertCortex_8_CATATTCTCCGTACAA,4.332753948074082
38042,0.07791303886475924,8__nan,PertCortex_8_CATATTCTCTTGCATT,4.738439250294324
38043,0.09214976742762604,8__nan,PertCortex_8_CATCAAGAGATAGGAG,5.049469908364761
38044,0.08142247414482469,8__nan,PertCortex_8_CATCAAGAGTACATGA,2.9286153314248202
38045,0.1239381328870422,8__nan,PertCortex_8_CATCAAGCACGGCGTT,2.9736226982358347
38046,0.07857660772118508,8__nan,PertCortex_8_CATCAAGGTGGTCTCG,3.7192473670202397
38047,0.14475585548473635,8__nan,PertCortex_8_CATCAAGTCCGCAGTG,5.11450201036197
38048,0.19396237234208688,8__nan,PertCortex_8_CATCAGAAGAGTCTGG,2.539768447626112
38049,0.42376761893747283,8__nan,PertCortex_8_CATCAGACAGTCACTA,2.17699968948415
38050,0.035030955825696215,8__nan,PertCortex_8_CATCAGACATGTCTCC,1.9416949277793443
38051,0.03820066610701674,8__nan,PertCortex_8_CATCAGATCCTTTCTC,2.8426296900511416
38052,0.06618033491220633,8__nan,PertCortex_8_CATCCACAGCCATCGC,4.456573351099365
38053,0.13663811657694128,8__nan,PertCortex_8_CATCCACCAGCTGTGC,3.113269872901397
38054,0.19537722882207936,8__nan,PertCortex_8_CATCCACCAGTGGAGT,2.41104182181194
38055,0.10234008116712524,8__nan,PertCortex_8_CATCCACTCCTTTCTC,3.655958954035341
38056,0.06064310870618946,8__nan,PertCortex_8_CATCGAAAGAGTTGGC,4.347809329688594
38057,0.12981450694901764,8__nan,PertCortex_8_CATCGAACAGTTTACG,5.1001620077071435
38058,0.17753175670461277,8__nan,PertCortex_8_CATCGAAGTCAGAGGT,3.9787166852447107
38059,0.1170262224807202,8__nan,PertCortex_8_CATCGAATCGCCCTTA,2.8236924735407714
38060,0.3596268672348704,8__nan,PertCortex_8_CATCGAATCGTTTGCC,1.8887758406782795
38061,0.371573318992966,8__nan,PertCortex_8_CATCGGGAGTTGAGAT,3.804114762202642
38062,0.14222920741895714,8__nan,PertCortex_8_CATCGGGCAAACGTGG,5.134533357572894
38063,0.1358770522632373,8__nan,PertCortex_8_CATCGGGCAGTCAGCC,5.328350808892208
38064,0.18054346228310406,8__nan,PertCortex_8_CATCGGGGTACTCAAC,4.828525440384853
38065,0.16170383456058612,8__nan,PertCortex_8_CATGACAAGTACGTTC,3.913942791810196
38066,0.46351854072567,8__nan,PertCortex_8_CATGACACAACTGCGC,1.7557154098902374
38067,0.02969499330978863,8__nan,PertCortex_8_CATGACACAGGGAGAG,2.2399989311282513
38068,0.09987392630799617,8__nan,PertCortex_8_CATGACAGTCGGCATC,4.5710809160229235
38069,0.06941760728421291,8__nan,PertCortex_8_CATGACATCACAGTAC,2.6867496165590947
38070,0.04403288631514469,8__nan,PertCortex_8_CATGACATCAGCAACT,2.5652305651845375
38071,0.1286331749004443,8__nan,PertCortex_8_CATGACATCATTGCGA,4.622021362803985
38072,0.11004615530541381,8__nan,PertCortex_8_CATGCCTAGCTATGCT,4.035554759683464
38073,0.08762974275663322,8__nan,PertCortex_8_CATGCCTGTTCAACCA,3.512964245303195
38074,0.17043877932880133,8__nan,PertCortex_8_CATGCCTTCTGGCGTG,2.798153455688379
38075,0.06753914280175788,8__nan,PertCortex_8_CATGGCGAGAGTTGGC,4.980698964611803
38076,0.14004361851985664,8__nan,PertCortex_8_CATGGCGCACAGCGTC,4.848175533329516
38077,0.10572278123129338,8__nan,PertCortex_8_CATGGCGGTGCCTGCA,5.277571914168541
38078,0.11762091101867372,8__nan,PertCortex_8_CATTATCAGCTAACTC,4.0227209241844495
38079,0.13116711338695666,8__nan,PertCortex_8_CATTATCAGTTCGCAT,5.0594412191302816
38080,0.1288891526968988,8__nan,PertCortex_8_CATTATCCATACAGCT,4.917885650537657
38081,0.1223473753863693,8__nan,PertCortex_8_CATTATCGTCAGAATA,3.219996909783392
38082,0.11854445804431467,8__nan,PertCortex_8_CATTATCTCTACCTGC,3.3548752870911396
38083,0.10465519188285317,8__nan,PertCortex_8_CATTCGCCAAGTAATG,4.135102434517053
38084,0.305745098838736,8__nan,PertCortex_8_CATTCGCCATTTCAGG,1.8213394659681739
38085,0.10618238632990082,8__nan,PertCortex_8_CATTCGCTCCTATGTT,4.114517960680211
38086,0.17877818739325285,8__nan,PertCortex_8_CATTCGCTCTCGATGA,5.499232488287722
38087,0.11746939154131641,8__nan,PertCortex_8_CCAATCCGTACCGTTA,4.538672741616563
38088,0.1295757677454314,8__nan,PertCortex_8_CCAATCCGTGATGATA,3.3273809482392362
38089,0.14533422137072796,8__nan,PertCortex_8_CCAATCCTCAGAGGTG,3.0477970981895113
38090,0.1759825532540775,8__nan,PertCortex_8_CCACCTAAGGATATAC,5.234108850395276
38091,0.09704411580752392,8__nan,PertCortex_8_CCACCTAAGTGGGTTG,3.1251015671707227
38092,0.33609997352921717,8__nan,PertCortex_8_CCACCTACACGAAATA,1.69057602695639
38093,0.11893745274428853,8__nan,PertCortex_8_CCACCTAGTCGACTGC,3.3880398515518872
38094,0.542681129413398,8__nan,PertCortex_8_CCACGGAAGCCACGCT,1.5033923084364638
38095,0.0834751567027556,8__nan,PertCortex_8_CCACGGAAGGCTCTTA,3.92134175915314
38096,0.3550531585752432,8__nan,PertCortex_8_CCACGGATCCTGCCAT,2.321425383414824
38097,0.14271931185119868,8__nan,PertCortex_8_CCACGGATCGCTAGCG,4.863338801568216
38098,0.16547250717374404,8__nan,PertCortex_8_CCACGGATCTTACCTA,4.019770269542647
38099,0.1395277989152576,8__nan,PertCortex_8_CCACTACGTCCTGCTT,5.393978003764032
38100,0.21229551820615492,8__nan,PertCortex_8_CCACTACTCCCAAGAT,2.506373812094149
38101,0.07680718298209716,8__nan,PertCortex_8_CCAGCGACAGATTGCT,3.3229641254286757
38102,0.1805489615923495,8__nan,PertCortex_8_CCAGCGAGTCCCTACT,2.698116113132801
38103,0.09444720772273277,8__nan,PertCortex_8_CCATGTCCATCCAACA,4.13197282052072
38104,0.19019187372104623,8__nan,PertCortex_8_CCATGTCCATTTGCCC,2.5607586220394483
38105,0.13275811254709236,8__nan,PertCortex_8_CCATGTCGTATAGTAG,4.441635247200951
38106,0.10501434849555424,8__nan,PertCortex_8_CCATGTCGTCAAACTC,3.0946750203222773
38107,0.054330949940816047,8__nan,PertCortex_8_CCATGTCGTCTTTCAT,3.0400904077704305
38108,0.1706472827748409,8__nan,PertCortex_8_CCATGTCGTTAGATGA,4.491950694046279
38109,0.07053413912875085,8__nan,PertCortex_8_CCATTCGAGAGCTTCT,2.284379396046167
38110,0.09073171117990403,8__nan,PertCortex_8_CCATTCGCAGGGATTG,3.490032342534165
38111,0.1116134620076822,8__nan,PertCortex_8_CCATTCGCAGTAACGG,4.0678966029065124
38112,0.07265222080486716,8__nan,PertCortex_8_CCATTCGGTACCAGTT,3.780589387516495
38113,0.06669927198173181,8__nan,PertCortex_8_CCCAATCCAAGCCATT,4.36927531038044
38114,0.17938015266521976,8__nan,PertCortex_8_CCCAATCCAGGTGCCT,4.480412106508165
38115,0.1566639067533389,8__nan,PertCortex_8_CCCAATCGTAGCGATG,3.669760358570942
38116,0.39987988179704204,8__nan,PertCortex_8_CCCAATCGTGTGACGA,2.011591917957675
38117,0.13959623069756097,8__nan,PertCortex_8_CCCAATCGTGTTTGGT,2.7341794525302894
38118,0.12639187862994608,8__nan,PertCortex_8_CCCAGTTAGACTAGGC,3.5977896320436056
38119,0.134279339278452,8__nan,PertCortex_8_CCCAGTTCACCCAGTG,5.0135493640275195
38120,0.08485669803888622,8__nan,PertCortex_8_CCCAGTTCAGACAAGC,3.979270138688351
38121,0.16665698294409334,8__nan,PertCortex_8_CCCAGTTGTAAATACG,5.436313336821865
38122,0.16638967599574983,8__nan,PertCortex_8_CCCAGTTGTTCCAACA,4.97994866965086
38123,0.18850781175941653,8__nan,PertCortex_8_CCCAGTTGTTCGCTAA,2.641070764944019
38124,0.43191598414348814,8__nan,PertCortex_8_CCCAGTTTCAACACTG,2.1134187472396184
38125,0.17229693510416277,8__nan,PertCortex_8_CCCAGTTTCCGAACGC,3.348194597624065
38126,0.08946031451506066,8__nan,PertCortex_8_CCCAGTTTCCTCCTAG,5.154143264204549
38127,0.1715556830407209,8__nan,PertCortex_8_CCCAGTTTCTGCTTGC,3.424497189743085
38128,0.09344978835153304,8__nan,PertCortex_8_CCCTCCTAGACTACAA,3.860988787586388
38129,0.09685332094198354,8__nan,PertCortex_8_CCCTCCTCAGTGAGTG,3.072909890287765
38130,0.33652543452728917,8__nan,PertCortex_8_CCCTCCTGTAACGACG,2.2119700216522897
38131,0.41375607324879343,8__nan,PertCortex_8_CCCTCCTGTATGAAAC,1.563383581079886
38132,0.12580376555261308,8__nan,PertCortex_8_CCCTCCTGTTGTACAC,5.152918828437115
38133,0.10238838048953149,8__nan,PertCortex_8_CCCTCCTTCACTTCAT,4.177707128157786
38134,0.1877647045617983,8__nan,PertCortex_8_CCCTCCTTCAGATAAG,2.7390791661019733
38135,0.08839992293484214,8__nan,PertCortex_8_CCGGGATAGACTGGGT,4.013353031018664
38136,0.1132559155557737,8__nan,PertCortex_8_CCGGGATCAAGAGGCT,2.367985135178458
38137,0.11431029146197082,8__nan,PertCortex_8_CCGGGATCAATGTAAG,4.914164703805908
38138,0.45388777316883755,8__nan,PertCortex_8_CCGGGATCAGAAGCAC,1.5173646585966616
38139,0.1441795010099024,8__nan,PertCortex_8_CCGGGATCAGCCTTGG,5.079996619335366
38140,0.13159792604910328,8__nan,PertCortex_8_CCGGGATGTACTCGCG,5.057259151644489
38141,0.1480189618577309,8__nan,PertCortex_8_CCGGGATGTCTGCCAG,3.398016309173121
38142,0.14142435275434412,8__nan,PertCortex_8_CCGGTAGAGTCGCCGT,4.223099769204725
38143,0.07458650669673954,8__nan,PertCortex_8_CCGGTAGGTTTGACAC,4.387872875798172
38144,0.14400335986592783,8__nan,PertCortex_8_CCGGTAGTCCGCAGTG,3.5478339924206366
38145,0.3414329405289128,8__nan,PertCortex_8_CCGGTAGTCTGTGCAA,3.3990045751241134
38146,0.31919552180425886,8__nan,PertCortex_8_CCGTACTAGCACCGTC,2.1435058863106953
38147,0.15664498377431454,8__nan,PertCortex_8_CCGTACTAGCAGCGTA,4.382951233239631
38148,0.1235910210170136,8__nan,PertCortex_8_CCGTACTAGCTCCTTC,3.6360541137442497
38149,0.1680588439687596,8__nan,PertCortex_8_CCGTACTCAAGGGTCA,4.91660334477155
38150,0.07099106821402873,8__nan,PertCortex_8_CCGTACTCAGACGCCT,3.286476063316405
38151,0.1217764016891246,8__nan,PertCortex_8_CCGTACTTCCTCAACC,5.195362934298033
38152,0.1411548487504328,8__nan,PertCortex_8_CCGTGGAGTAGGCATG,4.5197135812159885
38153,0.06321406977243134,8__nan,PertCortex_8_CCGTGGAGTATAATGG,2.841395748322675
38154,0.11321916414876916,8__nan,PertCortex_8_CCGTGGAGTCAGCTAT,4.940225842040724
38155,0.06205008750580187,8__nan,PertCortex_8_CCGTGGAGTCGATTGT,4.075543590173433
38156,0.11339446016209889,8__nan,PertCortex_8_CCGTTCATCACAGGCC,3.9344435904933244
38157,0.34554127976141324,8__nan,PertCortex_8_CCGTTCATCCATTCTA,2.2473002227542205
38158,0.1736472303028491,8__nan,PertCortex_8_CCTAAAGAGCTAGTTC,5.066022985717865
38159,0.09931083624798455,8__nan,PertCortex_8_CCTAAAGCATGCTAGT,3.2448611578881574
38160,0.07380917000630982,8__nan,PertCortex_8_CCTAAAGGTCGTGGCT,3.295138735589985
38161,0.12568369553192604,8__nan,PertCortex_8_CCTACACAGTAGCGGT,4.013907480109952
38162,0.485716952177625,8__nan,PertCortex_8_CCTACACAGTCCTCCT,1.825194088634895
38163,0.20868262315996666,8__nan,PertCortex_8_CCTACACAGTGGGTTG,2.8028047009094643
38164,0.12222720242104075,8__nan,PertCortex_8_CCTACACCAGCGATCC,5.353169394763268
38165,0.08078308730501092,8__nan,PertCortex_8_CCTACACGTTATGTGC,4.188401469786224
38166,0.05754869626950735,8__nan,PertCortex_8_CCTACACTCATAAAGG,4.103799633169135
38167,0.29849905272714583,8__nan,PertCortex_8_CCTACCAAGCGATCCC,2.293483607037029
38168,0.08209904708176317,8__nan,PertCortex_8_CCTACCAGTACTCGCG,3.3310951136520353
38169,0.1547224142077433,8__nan,PertCortex_8_CCTACCAGTAGCACGA,4.353591923651991
38170,0.14027583456756304,8__nan,PertCortex_8_CCTACCAGTGCTAGCC,3.262121193144698
38171,0.0562944182203816,8__nan,PertCortex_8_CCTAGCTAGCAGGCTA,3.0786196362677174
38172,0.12123053495890426,8__nan,PertCortex_8_CCTAGCTAGGTAGCTG,4.639381750393762
38173,0.04169888535968998,8__nan,PertCortex_8_CCTAGCTCACGTAAGG,3.007179274771454
38174,0.1976905625607363,8__nan,PertCortex_8_CCTAGCTCACTGTGTA,3.0659594426577974
38175,0.1851960848552785,8__nan,PertCortex_8_CCTAGCTCAGAGTGTG,2.2696217024986134
38176,0.0491592228777646,8__nan,PertCortex_8_CCTAGCTCAGTAGAGC,3.141597103706745
38177,0.046883146608335036,8__nan,PertCortex_8_CCTAGCTGTCGAATCT,4.470309717411733
38178,0.10342778314073867,8__nan,PertCortex_8_CCTAGCTTCTAAGCCA,3.5954181312108786
38179,0.1782706258129873,8__nan,PertCortex_8_CCTATTACACATTCGA,3.931205505062894
38180,0.21901813281108837,8__nan,PertCortex_8_CCTATTACAGCTTCGG,4.939837957919759
38181,0.1637445366014819,8__nan,PertCortex_8_CCTATTACAGTCAGAG,3.640872726566311
38182,0.11961733205994449,8__nan,PertCortex_8_CCTATTATCAAGGTAA,4.648157944268987
38183,0.15585118617044216,8__nan,PertCortex_8_CCTATTATCGTTACGA,4.8823175138599
38184,0.15447766552183353,8__nan,PertCortex_8_CCTCTGAAGGTGCAAC,3.301780536932173
38185,0.14587561958320736,8__nan,PertCortex_8_CCTCTGAAGTGGTAGC,3.797552729995291
38186,0.1880337040657403,8__nan,PertCortex_8_CCTCTGATCACCATAG,3.337986952358752
38187,0.0781945395845021,8__nan,PertCortex_8_CCTTACGAGGCGACAT,5.245732317105069
38188,0.16210130650084564,8__nan,PertCortex_8_CCTTACGCAAAGAATC,4.20497508776204
38189,0.13735599650347083,8__nan,PertCortex_8_CCTTACGTCCAAATGC,4.6464524244504535
38190,0.006757384457324417,8__nan,PertCortex_8_CCTTCCCAGAACAACT,4.286859900482306
38191,0.3200183374452098,8__nan,PertCortex_8_CCTTCCCAGCTATGCT,1.5736848179577856
38192,0.21189489435292144,8__nan,PertCortex_8_CCTTCCCAGTCAATAG,4.149515771717603
38193,0.11771161502667797,8__nan,PertCortex_8_CCTTCCCCAACAACCT,4.0377725683904275
38194,0.18390233804949183,8__nan,PertCortex_8_CCTTCCCTCTTGTACT,4.71426331536855
38195,0.19675699000174388,8__nan,PertCortex_8_CCTTCGAAGACACGAC,2.822239870161087
38196,0.16123295953994807,8__nan,PertCortex_8_CCTTCGAAGAGGACGG,4.742390114222844
38197,0.13281742784628967,8__nan,PertCortex_8_CCTTCGAAGTCAATAG,4.698202155667832
38198,0.13545193408714337,8__nan,PertCortex_8_CCTTCGACATGCTGGC,4.668395647183983
38199,0.17079339113595615,8__nan,PertCortex_8_CCTTCGACATTACCTT,2.08232000336457
38200,0.2042179043665899,8__nan,PertCortex_8_CCTTCGAGTGACGCCT,3.4425055378885583
38201,0.06285964007779529,8__nan,PertCortex_8_CCTTCGAGTTCTCATT,3.691145855833798
38202,0.1065692559701349,8__nan,PertCortex_8_CCTTCGATCGCGCCAA,3.6119120063165373
38203,0.030907017000078592,8__nan,PertCortex_8_CCTTTCTAGCTGATAA,2.27729660269678
38204,0.19811784669511906,8__nan,PertCortex_8_CCTTTCTAGGATGGTC,3.8461895701043103
38205,0.1405441810883862,8__nan,PertCortex_8_CCTTTCTAGTACGACG,4.135915006630871
38206,0.1922006250362798,8__nan,PertCortex_8_CCTTTCTCATTCGACA,4.45318352449312
38207,0.18969720833353101,8__nan,PertCortex_8_CCTTTCTGTCGCGAAA,5.103474041579104
38208,0.13602319045632033,8__nan,PertCortex_8_CGAACATCAATGTAAG,5.360584244009566
38209,0.06685339785391715,8__nan,PertCortex_8_CGAACATCATTAGCCA,2.5167649458473114
38210,0.08944041395345376,8__nan,PertCortex_8_CGAACATGTCTAAACC,3.0393003547620574
38211,0.13556999892745591,8__nan,PertCortex_8_CGAACATGTTCACGGC,4.563468711696194
38212,0.11921952676965088,8__nan,PertCortex_8_CGAACATTCAGATAAG,4.142073444525428
38213,0.09978283769247323,8__nan,PertCortex_8_CGAACATTCAGGTAAA,2.4580288887362447
38214,0.1560744920051903,8__nan,PertCortex_8_CGAACATTCGGTGTTA,3.181609800514391
38215,0.15150944002718678,8__nan,PertCortex_8_CGAACATTCTGGTTCC,3.92318740393874
38216,0.10413191650326376,8__nan,PertCortex_8_CGAATGTAGAGATGAG,3.502730279466824
38217,0.2381768744380735,8__nan,PertCortex_8_CGAATGTAGCGTGAAC,2.2254865311329173
38218,0.19563942842046594,8__nan,PertCortex_8_CGAATGTCAGGGTACA,3.1742219303643178
38219,0.15368949489310668,8__nan,PertCortex_8_CGAATGTGTCGCTTTC,4.156390518893107
38220,0.15830507770665003,8__nan,PertCortex_8_CGAATGTGTCTCACCT,2.512262484059335
38221,0.14509517236751598,8__nan,PertCortex_8_CGAATGTTCTATGTGG,3.2080041230579335
38222,0.5302676466566365,8__nan,PertCortex_8_CGACCTTTCCGTCATC,1.8443385661656229
38223,0.12895584097207313,8__nan,PertCortex_8_CGACCTTTCTCGCTTG,4.8969191080359735
38224,0.03532133137133343,8__nan,PertCortex_8_CGACCTTTCTTGCATT,3.0480442622979016
38225,0.1942876025410906,8__nan,PertCortex_8_CGACTTCAGGGCTCTC,4.029238230568198
38226,0.1305924349147998,8__nan,PertCortex_8_CGACTTCAGTACGCGA,4.783656166619511
38227,0.3541234153183497,8__nan,PertCortex_8_CGACTTCCAGACAAAT,2.2173316183467717
38228,0.1262888563298635,8__nan,PertCortex_8_CGAGAAGCACATGGGA,5.542164119659166
38229,0.10602739492988499,8__nan,PertCortex_8_CGAGAAGCACATTTCT,4.740170336554778
38230,0.30726183013970093,8__nan,PertCortex_8_CGAGAAGTCCACGTTC,4.035327242804739
38231,0.08365501100361374,8__nan,PertCortex_8_CGAGAAGTCTAACTTC,2.387456804640897
38232,0.14090835627196788,8__nan,PertCortex_8_CGAGCACAGAAACGCC,3.764074523634159
38233,0.1128191648766806,8__nan,PertCortex_8_CGAGCACAGTGTTTGC,2.4361321817526633
38234,0.1380933424535556,8__nan,PertCortex_8_CGAGCACCAAGGACAC,4.975341568225411
38235,0.1549632911602538,8__nan,PertCortex_8_CGAGCACCACGAAGCA,1.899838216176975
38236,0.1503860995129818,8__nan,PertCortex_8_CGAGCACCACGCCAGT,4.005317236801126
38237,0.2516089170049239,8__nan,PertCortex_8_CGAGCACCAGGAATGC,3.656873164992523
38238,0.13579195367213953,8__nan,PertCortex_8_CGAGCACCATCCGGGT,2.663391261115839
38239,0.15258568421682192,8__nan,PertCortex_8_CGAGCACGTACGCTGC,4.023212524525107
38240,0.10092888379034068,8__nan,PertCortex_8_CGAGCACTCATGTAGC,4.216726148627123
38241,0.09159336743518058,8__nan,PertCortex_8_CGAGCCAGTATATGGA,4.1518684908851595
38242,0.10195367844405488,8__nan,PertCortex_8_CGAGCCAGTATGGTTC,3.54397044129178
38243,0.04772128062518193,8__nan,PertCortex_8_CGATCGGCAGCTCCGA,3.3836889923484943
38244,0.12704093152363793,8__nan,PertCortex_8_CGATCGGCATCTACGA,3.9261456142026647
38245,0.11898232848644376,8__nan,PertCortex_8_CGATCGGGTACATCCA,2.7084316299608138
38246,0.08759184406105262,8__nan,PertCortex_8_CGATCGGTCTACCTGC,4.540700812342356
38247,0.1504620541741109,8__nan,PertCortex_8_CGATGGCAGATCTGAA,5.138593334728609
38248,0.24718653526934095,8__nan,PertCortex_8_CGATGGCAGCAATATG,1.7795189452853715
38249,0.035624306982289015,8__nan,PertCortex_8_CGATGGCAGGTAAACT,4.818077665445079
38250,0.09648792327800693,8__nan,PertCortex_8_CGATGGCCAAAGGTGC,3.0503336307669415
38251,0.1551500100640633,8__nan,PertCortex_8_CGATGGCCACTCGACG,3.0625269052340265
38252,0.18718709778617817,8__nan,PertCortex_8_CGATGGCGTACGCACC,4.503389423647085
38253,0.25273252026952003,8__nan,PertCortex_8_CGATTGAAGAACAATC,2.8025224031549567
38254,0.06498716785122971,8__nan,PertCortex_8_CGATTGAAGCCATCGC,2.9294887995584
38255,0.07380961085947171,8__nan,PertCortex_8_CGATTGATCATTGCCC,3.9026683296526206
38256,0.12138304701166713,8__nan,PertCortex_8_CGATTGATCCAGTATG,3.520947157191019
38257,0.09270792752907016,8__nan,PertCortex_8_CGATTGATCTGCCAGG,2.850972125139524
38258,0.10384416604347252,8__nan,PertCortex_8_CGCCAAGAGGCATGGT,4.919043815586927
38259,0.0992173167887376,8__nan,PertCortex_8_CGCCAAGCACAAGACG,2.5241722589512663
38260,0.20378878869096376,8__nan,PertCortex_8_CGCCAAGTCATCATTC,3.100835420312795
38261,0.08981472314778184,8__nan,PertCortex_8_CGCGGTAAGTTCGCAT,3.9721242678339546
38262,0.12778941469755356,8__nan,PertCortex_8_CGCGGTACAGTCACTA,3.5444634156816655
38263,0.15425863792110728,8__nan,PertCortex_8_CGCGGTAGTCTTCAAG,3.5764412301433097
38264,0.08477165010090244,8__nan,PertCortex_8_CGCGGTATCACTTATC,4.973389048485509
38265,0.176919327583794,8__nan,PertCortex_8_CGCGGTATCGTACCGG,4.254004003582478
38266,0.0723647038367043,8__nan,PertCortex_8_CGCGGTATCTCGTTTA,2.2577469058009068
38267,0.1088007741146383,8__nan,PertCortex_8_CGCGTTTAGCGATGAC,2.7130942496178223
38268,0.13548615839957504,8__nan,PertCortex_8_CGCGTTTAGTGCCATT,4.326916515263775
38269,0.2071723123093046,8__nan,PertCortex_8_CGCGTTTCACGCGAAA,2.513039018229388
38270,0.11338930808590933,8__nan,PertCortex_8_CGCGTTTGTGACTACT,3.2534279727672395
38271,0.13899571252495402,8__nan,PertCortex_8_CGCGTTTTCCACGTGG,3.361377829960501
38272,0.15466494071484288,8__nan,PertCortex_8_CGCTATCAGCGTAATA,4.5599547803075104
38273,0.21004299813138255,8__nan,PertCortex_8_CGCTATCCACGAAAGC,1.8145589169109726
38274,0.15174970904350019,8__nan,PertCortex_8_CGCTATCTCATGCTCC,5.346618143669671
38275,0.19797172862913387,8__nan,PertCortex_8_CGCTGGACATAGACTC,3.177358946524278
38276,0.15316100767516969,8__nan,PertCortex_8_CGCTGGATCCTTGCCA,3.2517841361001047
38277,0.029883634965833274,8__nan,PertCortex_8_CGCTTCAGTACAGCAG,4.602224816439786
38278,0.13545264083721023,8__nan,PertCortex_8_CGCTTCAGTGCAACGA,4.2844612033467
38279,0.17802201292035158,8__nan,PertCortex_8_CGGACACAGACCGGAT,5.038448760618878
38280,0.03720560461776722,8__nan,PertCortex_8_CGGACACAGATGTTAG,3.9352078825241508
38281,0.16022034457549264,8__nan,PertCortex_8_CGGACACTCTCTGCTG,3.4017177809964134
38282,0.11177577193274206,8__nan,PertCortex_8_CGGACGTAGAAACGCC,2.6121361735671043
38283,0.15349220413679085,8__nan,PertCortex_8_CGGACGTCATCAGTCA,4.68048541262377
38284,0.1239883790234956,8__nan,PertCortex_8_CGGACGTTCAGTGCAT,3.063223157940003
38285,0.11102126498341573,8__nan,PertCortex_8_CGGACGTTCCCGACTT,3.6572828477314743
38286,0.1721993205499105,8__nan,PertCortex_8_CGGACTGAGCTCTCGG,3.7680611110820124
38287,0.15964764728633263,8__nan,PertCortex_8_CGGACTGCACGGATAG,4.51476447504803
38288,0.14114677719971147,8__nan,PertCortex_8_CGGACTGCAGGAATGC,2.9891304298655994
38289,0.10993893197453664,8__nan,PertCortex_8_CGGACTGCATGAAGTA,3.956467745358164
38290,0.14219808112581683,8__nan,PertCortex_8_CGGACTGGTGAGTATA,4.596756762097597
38291,0.12465776924751397,8__nan,PertCortex_8_CGGAGCTGTACGCACC,3.6892167575600165
38292,0.08230715435177535,8__nan,PertCortex_8_CGGAGCTGTAGCTAAA,4.108151357400718
38293,0.172326644079781,8__nan,PertCortex_8_CGGAGCTGTTCGCGAC,4.744559455811522
38294,0.42133698564297273,8__nan,PertCortex_8_CGGAGCTTCATCTGCC,2.2198279143190103
38295,0.10705450515080508,8__nan,PertCortex_8_CGGAGCTTCGTCCGTT,5.035126035982855
38296,0.15681537586688765,8__nan,PertCortex_8_CGGAGTCAGACCTAGG,3.9047458968915434
38297,0.058856761996910076,8__nan,PertCortex_8_CGGAGTCAGCGTAATA,3.1068090737587046
38298,0.12501131726090534,8__nan,PertCortex_8_CGGAGTCGTAACGACG,1.8000627873985344
38299,0.17787518272537348,8__nan,PertCortex_8_CGGAGTCTCCGCATAA,3.3742917913687402
38300,0.18005826740389053,8__nan,PertCortex_8_CGGCTAGAGATATGCA,3.3382214254313354
38301,0.11590522175464506,8__nan,PertCortex_8_CGGCTAGAGGTAAACT,5.246161577264961
38302,0.11581570453379465,8__nan,PertCortex_8_CGGCTAGGTAGTACCT,3.050281818289022
38303,0.11973142312091904,8__nan,PertCortex_8_CGGCTAGGTCATGCCG,3.8639680818293343
38304,0.08320896443778737,8__nan,PertCortex_8_CGGCTAGGTCCAACTA,3.417527721014271
38305,0.03824689582712718,8__nan,PertCortex_8_CGGCTAGGTCCTCTTG,4.016346542236233
38306,0.3543119875897769,8__nan,PertCortex_8_CGGCTAGTCAAGGCTT,1.9558989968596443
38307,0.14519706095088458,8__nan,PertCortex_8_CGGGTCACAGCCTGTG,5.001834263820413
38308,0.0652647544865898,8__nan,PertCortex_8_CGGGTCAGTGTTTGGT,3.6814500483866164
38309,0.10747876242943656,8__nan,PertCortex_8_CGGGTCATCATGCAAC,3.924210927161245
38310,0.3980188047019392,8__nan,PertCortex_8_CGGGTCATCCCTCTTT,2.041607764463505
38311,0.17495322250726433,8__nan,PertCortex_8_CGGGTCATCCTTAATC,2.6118243784854496
38312,0.50348571226373,8__nan,PertCortex_8_CGGGTCATCTTCAACT,1.4754040566112205
38313,0.05183579326686339,8__nan,PertCortex_8_CGGTTAAAGCTAGTTC,3.2226804759072487
38314,0.17137324768077658,8__nan,PertCortex_8_CGGTTAACAATCCGAT,4.400680966156406
38315,0.08562126254660611,8__nan,PertCortex_8_CGGTTAATCTACTCAT,3.2499297599979373
38316,0.09975203539950499,8__nan,PertCortex_8_CGTAGCGAGGGAAACA,5.112376053253269
38317,0.14346826466152238,8__nan,PertCortex_8_CGTAGCGAGTACTTGC,2.6231436011689575
38318,0.12577418992407724,8__nan,PertCortex_8_CGTAGCGCAAGTAATG,2.983084154977452
38319,0.36680418476891424,8__nan,PertCortex_8_CGTAGGCTCTGCGTAA,1.5818649545018761
38320,0.27650381949959113,8__nan,PertCortex_8_CGTCACTAGATGGCGT,2.3323802253611086
38321,0.17310714576553568,8__nan,PertCortex_8_CGTCACTCACCAGATT,2.6894705941463086
38322,0.04295011443956555,8__nan,PertCortex_8_CGTCACTCATTCTCAT,4.0591597069365
38323,0.15560565187371694,8__nan,PertCortex_8_CGTCACTGTTTGACTG,3.995234691892855
38324,0.1311536515588997,8__nan,PertCortex_8_CGTCACTTCAACGAAA,4.880808376695044
38325,0.051313561073098764,8__nan,PertCortex_8_CGTCACTTCTATCCCG,4.0954796801455595
38326,0.15594158150068702,8__nan,PertCortex_8_CGTCAGGAGGGTGTTG,3.3987018417143466
38327,0.2973217225524615,8__nan,PertCortex_8_CGTCAGGAGTGCCATT,1.9501735848026036
38328,0.4586239131981125,8__nan,PertCortex_8_CGTCAGGCACCTGGTG,2.385356180997489
38329,0.15592228958126164,8__nan,PertCortex_8_CGTCAGGGTCATACTG,4.11729672411401
38330,0.10366346145357128,8__nan,PertCortex_8_CGTCAGGGTGGCCCTA,3.914866978935018
38331,0.11753304042948295,8__nan,PertCortex_8_CGTCAGGGTTGTACAC,4.720873955962057
38332,0.12377586122438024,8__nan,PertCortex_8_CGTCAGGTCTTTCCTC,3.6681275243926628
38333,0.20941136114167028,8__nan,PertCortex_8_CGTCCATCAAGCGTAG,4.44139051303657
38334,0.05373611150374882,8__nan,PertCortex_8_CGTCCATCAGTCCTTC,4.631572439845368
38335,0.06261114033350344,8__nan,PertCortex_8_CGTCCATGTACTTAGC,3.4211671434346007
38336,0.20649445723242865,8__nan,PertCortex_8_CGTCCATGTTCGTGAT,2.743424474586265
38337,0.1171685101913175,8__nan,PertCortex_8_CGTCCATTCTCTGCTG,3.316982865534126
38338,0.02956351646696078,8__nan,PertCortex_8_CGTCCATTCTTGACGA,3.979553665099317
38339,0.18077162382937445,8__nan,PertCortex_8_CGTCTACAGACGACGT,2.7789694440736183
38340,0.1216598510973229,8__nan,PertCortex_8_CGTCTACGTGTGCCTG,3.334895071866378
38341,0.16664163912009278,8__nan,PertCortex_8_CGTGAGCCAAGAGTCG,2.9936485506345654
38342,0.19700823200720283,8__nan,PertCortex_8_CGTGAGCGTAGAGCTG,4.969982715751854
38343,0.11124716195669636,8__nan,PertCortex_8_CGTGAGCGTTCCACTC,3.5869497379312656
38344,0.03383595781974337,8__nan,PertCortex_8_CGTGTAAAGCAAATCA,4.261085293355496
38345,0.1582493128649157,8__nan,PertCortex_8_CGTGTAAAGTGTACTC,5.385134683374617
38346,0.09841241466349594,8__nan,PertCortex_8_CGTGTAACACGAAATA,3.514903767175598
38347,0.10545021085050318,8__nan,PertCortex_8_CGTGTCTCAATCCGAT,2.2949630175314826
38348,0.24080775796261555,8__nan,PertCortex_8_CGTTAGAGTAAGGATT,3.3097825609306573
38349,0.1932081867659337,8__nan,PertCortex_8_CGTTAGAGTCTCCATC,5.359847031610128
38350,0.010726765118916808,8__nan,PertCortex_8_CGTTCTGAGCTCTCGG,3.3353639017910477
38351,0.0973317364337261,8__nan,PertCortex_8_CGTTCTGCACTCGACG,4.486442752227339
38352,0.14292969124307078,8__nan,PertCortex_8_CGTTCTGGTACGACCC,4.763564149035961
38353,0.16043391748403896,8__nan,PertCortex_8_CGTTCTGGTTGACGTT,4.61005478017889
38354,0.5523252403098854,8__nan,PertCortex_8_CGTTGGGAGCGTGTCC,1.528116942244425
38355,0.6417409648688706,8__nan,PertCortex_8_CGTTGGGAGCTAGCCC,1.844463441980868
38356,0.08170099372143705,8__nan,PertCortex_8_CGTTGGGCATCCCACT,2.6491206805826466
38357,0.15064551637736637,8__nan,PertCortex_8_CGTTGGGGTACCCAAT,4.88265984734191
38358,0.48468656380025205,8__nan,PertCortex_8_CGTTGGGGTCTAGCCG,1.6088285633771884
38359,0.10724358339408215,8__nan,PertCortex_8_CGTTGGGGTTCGCGAC,3.206167720351749
38360,0.27203411060464944,8__nan,PertCortex_8_CTAACTTAGGGAGTAA,2.3002327761378503
38361,0.04557031551843676,8__nan,PertCortex_8_CTAACTTCACCGTTGG,3.8498758312236525
38362,0.1018670935874484,8__nan,PertCortex_8_CTAACTTCACGCGAAA,3.1746038128011205
38363,0.12424573144255144,8__nan,PertCortex_8_CTAACTTCAGTATCTG,5.144953476978932
38364,0.12116085383681417,8__nan,PertCortex_8_CTAACTTTCGTGGGAA,4.029732656409289
38365,0.14341072428232243,8__nan,PertCortex_8_CTAAGACTCCGTCAAA,4.709044431940334
38366,0.13292420788507478,8__nan,PertCortex_8_CTAAGACTCGTTTGCC,3.9004482463245185
38367,0.14244473855711234,8__nan,PertCortex_8_CTAATGGAGAGACGAA,4.851832209136298
38368,0.160106300872671,8__nan,PertCortex_8_CTAATGGAGATATACG,3.152674947289389
38369,0.5260706888604894,8__nan,PertCortex_8_CTAATGGCAATAGCGG,2.4180909432805078
38370,0.4689964153268871,8__nan,PertCortex_8_CTAATGGCACCTCGGA,1.9135238486082058
38371,0.10161740305924112,8__nan,PertCortex_8_CTAATGGCACTTCTGC,2.80030318394686
38372,0.14670383186388175,8__nan,PertCortex_8_CTAATGGGTACTCTCC,3.6916085511706305
38373,0.2105326000573592,8__nan,PertCortex_8_CTAATGGTCATGTCTT,2.8141941320554844
38374,0.12298186173922203,8__nan,PertCortex_8_CTAATGGTCCGAAGAG,4.409604094067517
38375,0.12608445087476608,8__nan,PertCortex_8_CTAATGGTCGTAGGTT,2.5571918477225153
38376,0.09473586434398676,8__nan,PertCortex_8_CTACACCAGAGGTTAT,4.320024289311083
38377,0.07926308302234512,8__nan,PertCortex_8_CTACACCCACTCGACG,5.029738534010241
38378,0.17029875802289146,8__nan,PertCortex_8_CTACATTCAGCTGCAC,3.625907981939935
38379,0.12131153435957794,8__nan,PertCortex_8_CTACATTCATGGTTGT,4.530070803793647
38380,0.12554903961003405,8__nan,PertCortex_8_CTACATTGTGGTACAG,4.18457133446496
38381,0.1552273846297327,8__nan,PertCortex_8_CTACCCAAGTGCCAGA,3.822712225308539
38382,0.12275602497648948,8__nan,PertCortex_8_CTACCCACACCAACCG,3.097890547675996
38383,0.15053773733542344,8__nan,PertCortex_8_CTACCCACAGGGTTAG,4.039695084915356
38384,0.09619415235912493,8__nan,PertCortex_8_CTACCCACAGTTCATG,3.473110048769917
38385,0.2194352354495387,8__nan,PertCortex_8_CTACCCATCAAGATCC,2.6236902589474664
38386,0.03739641906327326,8__nan,PertCortex_8_CTACGTCAGAGGACGG,2.887284537457729
38387,0.15559848449660313,8__nan,PertCortex_8_CTACGTCCAAGACGTG,4.436912759343806
38388,0.032187026255902175,8__nan,PertCortex_8_CTACGTCCAAGTTGTC,3.9023699976404367
38389,0.08292646387248377,8__nan,PertCortex_8_CTACGTCGTACAGCAG,4.952987493776498
38390,0.3445601517298337,8__nan,PertCortex_8_CTACGTCGTCCTCCAT,1.5609543979731242
38391,0.04566987125339162,8__nan,PertCortex_8_CTACGTCGTTCGCTAA,3.8624552710755853
38392,0.15769671516118544,8__nan,PertCortex_8_CTACGTCTCACAACGT,2.9863942025590813
38393,0.14967229841826657,8__nan,PertCortex_8_CTACGTCTCACGATGT,4.702162015699966
38394,0.3296187493633886,8__nan,PertCortex_8_CTACGTCTCTTCATGT,2.193495132287847
38395,0.030650791717230383,8__nan,PertCortex_8_CTAGAGTAGAACTGTA,3.238596888991545
38396,0.4330869620064867,8__nan,PertCortex_8_CTAGAGTCAGACAAAT,2.5012979246860443
38397,0.20755665906765053,8__nan,PertCortex_8_CTAGAGTGTCAAACTC,2.714751789417358
38398,0.11713598770162026,8__nan,PertCortex_8_CTAGAGTGTTCAACCA,3.265397534404995
38399,0.06880380800094273,8__nan,PertCortex_8_CTAGAGTTCACAAACC,5.0942578421747875
38400,0.20623016719942333,8__nan,PertCortex_8_CTAGCCTAGTAGCGGT,4.8845470797410595
38401,0.16123135947519743,8__nan,PertCortex_8_CTAGCCTCAGGAATGC,5.155157175625386
38402,0.12975490004233595,8__nan,PertCortex_8_CTAGCCTGTTCACGGC,4.041345457220935
38403,0.14313870217189723,8__nan,PertCortex_8_CTAGTGAAGAAACCGC,4.68131293435686
38404,0.09232633961584506,8__nan,PertCortex_8_CTAGTGACAGATAATG,2.677731060882774
38405,0.1425303420237294,8__nan,PertCortex_8_CTAGTGAGTCCGAATT,3.770248415149808
38406,0.07774719571670972,8__nan,PertCortex_8_CTAGTGATCAACGGGA,3.784447313727389
38407,0.24267865087710644,8__nan,PertCortex_8_CTCACACAGGATGCGT,2.353303904162397
38408,0.1302249666148684,8__nan,PertCortex_8_CTCACACCAGCTGCAC,3.7989401023234923
38409,0.07593621708024045,8__nan,PertCortex_8_CTCACACGTAGATTAG,3.345733106163656
38410,0.11092860149049817,8__nan,PertCortex_8_CTCACACTCTTGTATC,3.172332129821708
38411,0.09430772978167465,8__nan,PertCortex_8_CTCAGAAAGAGACTAT,5.169848158460016
38412,0.03990675128508337,8__nan,PertCortex_8_CTCAGAAGTAGGCATG,5.062710548625563
38413,0.207331655174511,8__nan,PertCortex_8_CTCATTACAGCCTGTG,3.9396869136790555
38414,0.09175939712326762,8__nan,PertCortex_8_CTCATTAGTTCTGTTT,5.211884877095778
38415,0.07847007490399821,8__nan,PertCortex_8_CTCCTAGCAACCGCCA,5.281996593559185
38416,0.2065111759876616,8__nan,PertCortex_8_CTCCTAGTCTTAGCCC,3.3699128549797353
38417,0.07130873160809932,8__nan,PertCortex_8_CTCGAAAAGTATCTCG,3.669847697570536
38418,0.03905497701832945,8__nan,PertCortex_8_CTCGAAACAAGTACCT,3.8136925465843725
38419,0.13083732301926715,8__nan,PertCortex_8_CTCGAAACAGCCACCA,3.287621616189238
38420,0.0878167166125409,8__nan,PertCortex_8_CTCGAAACATCGATGT,4.016059798995041
38421,0.09404242647264525,8__nan,PertCortex_8_CTCGAAAGTAGGAGTC,3.5061249022998884
38422,0.07306242578372996,8__nan,PertCortex_8_CTCGAAATCATATCGG,2.883302321329026
38423,0.11491239308821696,8__nan,PertCortex_8_CTCGAGGAGTGTACGG,5.166587994883465
38424,0.0910024626153842,8__nan,PertCortex_8_CTCGAGGGTGCGAAAC,5.075093587660403
38425,0.1741740060374879,8__nan,PertCortex_8_CTCGGAGCACCACCAG,3.1197887943369005
38426,0.13503783611172704,8__nan,PertCortex_8_CTCGGAGCAGGTGGAT,3.7466570120421365
38427,0.11110160458840222,8__nan,PertCortex_8_CTCGGAGGTAGCAAAT,4.6879704838750405
38428,0.12540808182646476,8__nan,PertCortex_8_CTCGGAGGTCTCTCGT,4.441927069001976
38429,0.028505750712310183,8__nan,PertCortex_8_CTCGGAGTCGGAAACG,4.029653854269639
38430,0.1276311703878088,8__nan,PertCortex_8_CTCGGGACAGGTCCAC,5.279805235867519
38431,0.08173723061979356,8__nan,PertCortex_8_CTCGGGAGTAGCTCCG,4.456686777506096
38432,0.1200581616676842,8__nan,PertCortex_8_CTCGGGAGTTCACGGC,5.5682476646426515
38433,0.23038447363465525,8__nan,PertCortex_8_CTCGTACAGCTGAACG,2.8731697830321954
38434,0.11815324187201559,8__nan,PertCortex_8_CTCGTACAGGCCGAAT,3.565529935370142
38435,0.1231542904990696,8__nan,PertCortex_8_CTCGTACCACGAAGCA,3.5921332829161092
38436,0.167135581330347,8__nan,PertCortex_8_CTCGTACGTTAGATGA,2.849889407063772
38437,0.15796515552620213,8__nan,PertCortex_8_CTCGTACGTTGTCTTT,2.5964339289553284
38438,0.12478488699968077,8__nan,PertCortex_8_CTCGTCAAGTGTTTGC,4.934439345607567
38439,0.17198304584237192,8__nan,PertCortex_8_CTCGTCACAATAGCAA,2.681388818349896
38440,0.18003679954979557,8__nan,PertCortex_8_CTCGTCACAGGAATGC,3.7186134763596694
38441,0.09571495087907841,8__nan,PertCortex_8_CTCTAATCACGGTAAG,2.1416184283589765
38442,0.1127524406952668,8__nan,PertCortex_8_CTCTAATGTGCCTTGG,4.873620795747405
38443,0.07052553566515556,8__nan,PertCortex_8_CTCTAATTCCGCGTTT,3.965049470902091
38444,0.12632759011167358,8__nan,PertCortex_8_CTCTACGAGTAGTGCG,5.221263328834965
38445,0.13714500213760297,8__nan,PertCortex_8_CTCTACGCAACGATGG,3.951111422502946
38446,0.14233501470140564,8__nan,PertCortex_8_CTCTACGGTCCCTACT,5.556421224745322
38447,0.14634767074228333,8__nan,PertCortex_8_CTCTACGGTCGCATCG,5.443933346270598
38448,0.3877597974257395,8__nan,PertCortex_8_CTCTACGTCGCCGTGA,1.342003913977887
38449,0.11482442378390713,8__nan,PertCortex_8_CTCTGGTAGGCACATG,2.372416118635648
38450,0.18314593320497088,8__nan,PertCortex_8_CTCTGGTAGTGACATA,4.577395313681047
38451,0.0984765002755901,8__nan,PertCortex_8_CTCTGGTCACCAGTTA,2.8207684838925955
38452,0.11284381512701086,8__nan,PertCortex_8_CTCTGGTGTCAGTGGA,3.702920550069724
38453,0.11358149417326573,8__nan,PertCortex_8_CTCTGGTGTGTGTGCC,4.518262570626185
38454,0.15447468324609576,8__nan,PertCortex_8_CTGAAACAGATGGCGT,3.2556161399114525
38455,0.17907964107059288,8__nan,PertCortex_8_CTGAAACAGGCTACGA,3.6684858085992733
38456,0.5954589901916599,8__nan,PertCortex_8_CTGAAACAGGTGACCA,1.5467221846228698
38457,0.38308360360069954,8__nan,PertCortex_8_CTGAAACCATTAACCG,2.294994776998701
38458,0.11440121769010311,8__nan,PertCortex_8_CTGAAACGTCACAAGG,4.593824602064869
38459,0.13572456552403162,8__nan,PertCortex_8_CTGAAACTCAACACCA,3.142100472923319
38460,0.1916327881218678,8__nan,PertCortex_8_CTGAAGTAGAATCTCC,2.8830615791812026
38461,0.07636108300018093,8__nan,PertCortex_8_CTGAAGTCAATGACCT,3.1581941085797944
38462,0.20611126663971194,8__nan,PertCortex_8_CTGAAGTCAGTCCTTC,3.164362499623221
38463,0.17250034480969903,8__nan,PertCortex_8_CTGAAGTCATGAAGTA,5.346187976713361
38464,0.08371455669109873,8__nan,PertCortex_8_CTGAAGTGTACCCAAT,2.9653150198397125
38465,0.04819689779069164,8__nan,PertCortex_8_CTGAAGTGTAGAAAGG,3.353216818258719
38466,0.12968746760653962,8__nan,PertCortex_8_CTGAAGTTCGCAAACT,4.786414264740211
38467,0.1007594788666335,8__nan,PertCortex_8_CTGATAGAGCGAAGGG,4.065271603338603
38468,0.11635542684697907,8__nan,PertCortex_8_CTGATAGCAGGTCCAC,3.1630483634853053
38469,0.1929223515203612,8__nan,PertCortex_8_CTGATAGCATTCCTGC,2.9131258057025198
38470,0.1488986843098359,8__nan,PertCortex_8_CTGATAGGTACCAGTT,2.147765262636012
38471,0.08999661523642917,8__nan,PertCortex_8_CTGATAGGTCTACCTC,3.6713210918920804
38472,0.1219001293088456,8__nan,PertCortex_8_CTGATCCCACACCGAC,3.8472731774980202
38473,0.0838458082543868,8__nan,PertCortex_8_CTGATCCCATAGAAAC,3.891744851003681
38474,0.22890499550675478,8__nan,PertCortex_8_CTGATCCTCAGATAAG,3.6579723412407184
38475,0.11317860619341259,8__nan,PertCortex_8_CTGATCCTCCTAGGGC,2.3602656069308012
38476,0.5880211718599169,8__nan,PertCortex_8_CTGCCTAAGATGGGTC,1.9230058492238926
38477,0.21017807431099203,8__nan,PertCortex_8_CTGCCTACAGATGAGC,3.1268716269683625
38478,0.13493118731403425,8__nan,PertCortex_8_CTGCCTAGTCAACATC,3.173320912615682
38479,0.178730669376318,8__nan,PertCortex_8_CTGCCTATCAACACAC,4.586944304141889
38480,0.11677236217816687,8__nan,PertCortex_8_CTGCGGAGTCGGCATC,2.9433780061529693
38481,0.28262892085311525,8__nan,PertCortex_8_CTGCGGAGTCTAAACC,2.0885879698335126
38482,0.14404451545029684,8__nan,PertCortex_8_CTGCGGATCAGTGCAT,4.346561388955197
38483,0.11234688593804251,8__nan,PertCortex_8_CTGCGGATCCAAAGTC,3.838004702164675
38484,0.02391494316202044,8__nan,PertCortex_8_CTGCTGTCAATACGCT,4.94043450407977
38485,0.16135544216833558,8__nan,PertCortex_8_CTGCTGTTCAGCTTAG,4.934278418924224
38486,0.11920727826703843,8__nan,PertCortex_8_CTGCTGTTCGCACTCT,4.217484043383676
38487,0.4118588420833845,8__nan,PertCortex_8_CTGCTGTTCGGTTCGG,1.5959456074893632
38488,0.4345684926802739,8__nan,PertCortex_8_CTGGTCTCACGTAAGG,2.0434208111882954
38489,0.4218806792005225,8__nan,PertCortex_8_CTGGTCTCAGATCCAT,1.936079337006269
38490,0.04121134229251647,8__nan,PertCortex_8_CTGGTCTCATCGGGTC,4.852317518305085
38491,0.08721229330157435,8__nan,PertCortex_8_CTGTGCTAGAGCTATA,3.464111794408025
38492,0.16647286036469316,8__nan,PertCortex_8_CTGTGCTAGTGCGTGA,3.826337520695242
38493,0.07541460428342822,8__nan,PertCortex_8_CTGTGCTCACTTAAGC,4.885612382154697
38494,0.054770309597772446,8__nan,PertCortex_8_CTGTGCTGTAAGGATT,3.7421194107756675
38495,0.6179471187208379,8__nan,PertCortex_8_CTGTTTAAGAGACGAA,1.6725867950385551
38496,0.04577528428539673,8__nan,PertCortex_8_CTGTTTAGTAATCACC,2.5789735054768235
38497,0.5454862934827259,8__nan,PertCortex_8_CTGTTTAGTACATGTC,1.8384585628566328
38498,0.07924242351482985,8__nan,PertCortex_8_CTGTTTATCCGCGTTT,5.074267030521182
38499,0.06949732527189104,8__nan,PertCortex_8_CTGTTTATCTTAACCT,5.192021008642628
38500,0.23941492938238287,8__nan,PertCortex_8_CTTAACTAGATGTGGC,3.3679349572994632
38501,0.06139707001618827,8__nan,PertCortex_8_CTTAACTAGGTACTCT,4.095635039308392
38502,0.16647514315003856,8__nan,PertCortex_8_CTTAACTAGGTGATTA,3.9325659537293616
38503,0.10026569489892012,8__nan,PertCortex_8_CTTAACTGTCTTCTCG,2.3177335504217362
38504,0.2189310118702877,8__nan,PertCortex_8_CTTAACTGTGCACTTA,2.6480484828410726
38505,0.169703882833494,8__nan,PertCortex_8_CTTAACTTCAACCATG,4.3276823547875765
38506,0.10910415431540114,8__nan,PertCortex_8_CTTAACTTCTGTACGA,3.5612542620979806
38507,0.157344504003654,8__nan,PertCortex_8_CTTACCGAGAGGACGG,2.795186960282025
38508,0.036756990643143854,8__nan,PertCortex_8_CTTACCGAGATGTGTA,5.010634450811089
38509,0.20352023569531225,8__nan,PertCortex_8_CTTACCGAGCGTAGTG,2.39791885962414
38510,0.14796417010078974,8__nan,PertCortex_8_CTTACCGAGTACCGGA,4.690190376926319
38511,0.060729241651665135,8__nan,PertCortex_8_CTTAGGAGTAAACGCG,2.5912012343324013
38512,0.17480321306897353,8__nan,PertCortex_8_CTTAGGAGTACGCTGC,4.123761926078752
38513,0.07414299332443391,8__nan,PertCortex_8_CTTAGGAGTGTTCGAT,3.3017457173192164
38514,0.12751289989713324,8__nan,PertCortex_8_CTTAGGATCGCCCTTA,4.259366217031293
38515,0.20010111920909313,8__nan,PertCortex_8_CTTCTCTAGCTCCTCT,3.1465766768781904
38516,0.15980095932211494,8__nan,PertCortex_8_CTTCTCTGTGGTACAG,4.961919323122174
38517,0.11824158276805316,8__nan,PertCortex_8_CTTCTCTTCCCTCTTT,4.525199548256313
38518,0.14515306982725365,8__nan,PertCortex_8_CTTGGCTTCCCTAACC,4.9094823785945465
38519,0.13253193108397673,8__nan,PertCortex_8_CTTTGCGCATGGGAAC,5.234279205510229
38520,0.10718971106539982,8__nan,PertCortex_8_GAAACTCAGAAGGTTT,4.41186595827209
38521,0.14651694237531965,8__nan,PertCortex_8_GAAACTCAGTACGACG,4.350518650013146
38522,0.08649368733770545,8__nan,PertCortex_8_GAAACTCCAAGAAAGG,4.4123491927961185
38523,0.07801270912277228,8__nan,PertCortex_8_GAAACTCCACAGACTT,4.858500827854454
38524,0.1293018966964057,8__nan,PertCortex_8_GAAACTCCAGCGTAAG,4.952252767202791
38525,0.1754416790037601,8__nan,PertCortex_8_GAAACTCCATACCATG,5.39637583993635
38526,0.03492045509008639,8__nan,PertCortex_8_GAAATGACACATTCGA,3.100888013067164
38527,0.11255724134163589,8__nan,PertCortex_8_GAAATGAGTGATAAGT,2.4670109928409767
38528,0.12852572122822928,8__nan,PertCortex_8_GAAATGATCCACTCCA,4.075512574629427
38529,0.5262782647483014,8__nan,PertCortex_8_GAACATCAGCAGATCG,1.6147454884949708
38530,0.224860874939729,8__nan,PertCortex_8_GAACATCAGTACATGA,4.628692410565404
38531,0.09990161753316784,8__nan,PertCortex_8_GAACCTACAAGACGTG,3.2872656459238705
38532,0.11968769791017071,8__nan,PertCortex_8_GAACCTACACAGAGGT,5.25118750637212
38533,0.18595222975741163,8__nan,PertCortex_8_GAACCTAGTCTCACCT,4.21949375027141
38534,0.05165946603018768,8__nan,PertCortex_8_GAACGGACACATTTCT,3.991792248943344
38535,0.09290305023756613,8__nan,PertCortex_8_GAACGGACACTCAGGC,1.711616876906076
38536,0.09681393041686343,8__nan,PertCortex_8_GAACGGAGTCAATGTC,3.309305519343531
38537,0.02642592803956915,8__nan,PertCortex_8_GAACGGAGTCTGGAGA,2.703791166987746
38538,0.13376092924503197,8__nan,PertCortex_8_GAACGGATCGTAGGTT,4.686231949840592
38539,0.11336364446360837,8__nan,PertCortex_8_GAAGCAGAGTCGCCGT,3.5790022838279074
38540,0.09797107123911623,8__nan,PertCortex_8_GAAGCAGCATGTCGAT,3.6533259440039867
38541,0.14173163248129392,8__nan,PertCortex_8_GAAGCAGTCGGATGTT,3.3367116105258674
38542,0.09615938890554475,8__nan,PertCortex_8_GAATAAGCAAGGGTCA,4.379471139772807
38543,0.08391598519831497,8__nan,PertCortex_8_GAATAAGCATACGCTA,4.834831891925945
38544,0.13005469739595968,8__nan,PertCortex_8_GAATAAGGTCCATGAT,3.34040819458759
38545,0.12589755931013094,8__nan,PertCortex_8_GAATAAGGTGTAATGA,2.977434998600743
38546,0.042207533798087386,8__nan,PertCortex_8_GAATAAGTCGGTGTCG,3.2421943617779543
38547,0.06900697916708701,8__nan,PertCortex_8_GAATAAGTCTGAGGGA,4.845302533834582
38548,0.10837481972232432,8__nan,PertCortex_8_GAATGAACATTTGCCC,5.11685330535359
38549,0.18995642060855497,8__nan,PertCortex_8_GACACGCAGAATGTTG,3.0873081119344103
38550,0.1750429605471728,8__nan,PertCortex_8_GACACGCAGGGAAACA,4.889171750713427
38551,0.13552208351328743,8__nan,PertCortex_8_GACACGCGTCTGATCA,5.576610837227116
38552,0.12269935570384374,8__nan,PertCortex_8_GACACGCGTCTGGAGA,4.836778377965645
38553,0.04588818035174231,8__nan,PertCortex_8_GACAGAGGTACCGGCT,4.339660247729234
38554,0.13454503676033996,8__nan,PertCortex_8_GACAGAGTCACTCTTA,4.670919267551811
38555,0.10889638483253608,8__nan,PertCortex_8_GACAGAGTCAGAGACG,3.6306266723418585
38556,0.23050275982149931,8__nan,PertCortex_8_GACAGAGTCAGCATGT,3.3906494523351767
38557,0.08493481034045837,8__nan,PertCortex_8_GACAGAGTCAGCCTAA,4.219510675778067
38558,0.11040230829302894,8__nan,PertCortex_8_GACAGAGTCATAAAGG,3.4984195193928986
38559,0.10068497530736392,8__nan,PertCortex_8_GACAGAGTCGGATGTT,3.9192198544567387
38560,0.18253960986796533,8__nan,PertCortex_8_GACCAATAGCTGCCCA,4.900367190381308
38561,0.17839155331990672,8__nan,PertCortex_8_GACCAATTCCTCAACC,4.85400542970485
38562,0.15182401554904382,8__nan,PertCortex_8_GACCTGGAGCGTGAGT,4.957300415823634
38563,0.5582470920890407,8__nan,PertCortex_8_GACCTGGAGGTAGCCA,1.6472698034615851
38564,0.26332506281411644,8__nan,PertCortex_8_GACCTGGCACGGTTTA,2.598953534626856
38565,0.06605334289441407,8__nan,PertCortex_8_GACCTGGCATGCGCAC,3.880033612234971
38566,0.05992646325928853,8__nan,PertCortex_8_GACCTGGTCAACACCA,4.842318180657363
38567,0.09821125795020023,8__nan,PertCortex_8_GACGCGTAGCGACGTA,2.246523418469361
38568,0.2004356182050598,8__nan,PertCortex_8_GACGCGTCAAGTCTAC,2.785605520735742
38569,0.09009214489058923,8__nan,PertCortex_8_GACGCGTCAGCCTGTG,5.473024440803551
38570,0.20664395602743005,8__nan,PertCortex_8_GACGCGTCAGTCACTA,2.920029115739862
38571,0.17018019315419103,8__nan,PertCortex_8_GACGCGTGTAGAAAGG,1.5268862610333112
38572,0.16377846802666812,8__nan,PertCortex_8_GACGCGTGTCGAAAGC,5.0138549086600035
38573,0.2543249379143641,8__nan,PertCortex_8_GACGGCTAGCGTGTCC,1.522628726874813
38574,0.06942403282153982,8__nan,PertCortex_8_GACGGCTCAATGGAGC,3.016352272225411
38575,0.14018530003971577,8__nan,PertCortex_8_GACGGCTCACATGACT,2.9587149746403942
38576,0.11429264501087201,8__nan,PertCortex_8_GACGGCTTCCGCAAGC,3.262523351213121
38577,0.11693713078158899,8__nan,PertCortex_8_GACGGCTTCTAGAGTC,2.1087382151241316
38578,0.08912201259928462,8__nan,PertCortex_8_GACGTGCAGAAAGTGG,3.2802195470522033
38579,0.24735899587066418,8__nan,PertCortex_8_GACGTGCAGTGAAGAG,2.545314507991672
38580,0.07388390459191911,8__nan,PertCortex_8_GACGTGCAGTGGAGTC,4.606008335104669
38581,0.1719888446767635,8__nan,PertCortex_8_GACGTGCGTACTCAAC,2.0932167470019514
38582,0.44843463544081713,8__nan,PertCortex_8_GACGTGCTCAGAGACG,1.9536101250234996
38583,0.1205566993168514,8__nan,PertCortex_8_GACGTGCTCCTTGACC,4.864179543636623
38584,0.12354549919562433,8__nan,PertCortex_8_GACGTTAAGGTTACCT,3.257871979799959
38585,0.2255984363036216,8__nan,PertCortex_8_GACTAACAGTGCAAGC,2.7486909948012337
38586,0.0468595313794766,8__nan,PertCortex_8_GACTAACCACGGATAG,3.6829049997874255
38587,0.2285405867283288,8__nan,PertCortex_8_GACTAACGTCAAAGCG,1.585811805894021
38588,0.1330584099596168,8__nan,PertCortex_8_GACTAACTCCGAATGT,5.059820970094126
38589,0.16018073275415812,8__nan,PertCortex_8_GACTAACTCGGCATCG,4.779132266042311
38590,0.07121024610255777,8__nan,PertCortex_8_GACTACACAAGAGGCT,3.9553486293203513
38591,0.20290075173663014,8__nan,PertCortex_8_GACTACACAGATGGCA,2.7399963061246444
38592,0.3548929071525865,8__nan,PertCortex_8_GACTACACAGCGAACA,2.051414189760627
38593,0.12291482501404263,8__nan,PertCortex_8_GACTACATCCTCGCAT,2.910985846031733
38594,0.19701685038461353,8__nan,PertCortex_8_GACTACATCGTGGGAA,3.7490901697052004
38595,0.10687759382235545,8__nan,PertCortex_8_GACTGCGCAAGTCTAC,4.266323814092339
38596,0.10980492650869463,8__nan,PertCortex_8_GACTGCGCACAGACAG,4.532065343900583
38597,0.13647972108795758,8__nan,PertCortex_8_GACTGCGGTGGACGAT,4.020363670294894
38598,0.10590173907322545,8__nan,PertCortex_8_GAGCAGAAGAAAGTGG,4.174724863075561
38599,0.12620740512715814,8__nan,PertCortex_8_GAGCAGAAGGTTCCTA,2.450581950036728
38600,0.21134309126779863,8__nan,PertCortex_8_GAGCAGAGTAAAGTCA,4.698814614814489
38601,0.2505552791279646,8__nan,PertCortex_8_GAGCAGAGTAAGTGGC,2.8458051362137566
38602,0.13776513070499624,8__nan,PertCortex_8_GAGCAGAGTTCAGGCC,3.580518196839671
38603,0.09135520994559337,8__nan,PertCortex_8_GAGCAGATCATAAAGG,4.1005886081084535
38604,0.029173201831293002,8__nan,PertCortex_8_GAGCAGATCTACTTAC,3.826109362508678
38605,0.18334218425900992,8__nan,PertCortex_8_GAGGTGAAGCTCCTCT,3.28750499104311
38606,0.13381500332086835,8__nan,PertCortex_8_GAGGTGACAATAAGCA,4.288616163462491
38607,0.08603055157890759,8__nan,PertCortex_8_GAGGTGACACATGACT,2.7913643374904624
38608,0.19660937017006305,8__nan,PertCortex_8_GAGGTGATCTCTGCTG,4.610108292413153
38609,0.16588538420470678,8__nan,PertCortex_8_GAGTCCGAGACAGGCT,5.21921521228372
38610,0.13987614924568284,8__nan,PertCortex_8_GAGTCCGAGACCTTTG,2.9628827339178594
38611,0.3056564317924607,8__nan,PertCortex_8_GAGTCCGCAGACACTT,2.3142262162431315
38612,0.025459066339988276,8__nan,PertCortex_8_GAGTCCGCATGTAGTC,3.0400582099336635
38613,0.13621165240532745,8__nan,PertCortex_8_GAGTCCGTCAAGGCTT,2.9007864981902847
38614,0.10472106659789342,8__nan,PertCortex_8_GAGTCCGTCATAGCAC,4.081188498196829
38615,0.025536438864047318,8__nan,PertCortex_8_GATCAGTAGATGGCGT,3.45404351493383
38616,0.09624106590774484,8__nan,PertCortex_8_GATCAGTAGGTGCACA,5.25277199588016
38617,0.028717458279746016,8__nan,PertCortex_8_GATCAGTAGTCGTACT,4.949919489869142
38618,0.11409164710899741,8__nan,PertCortex_8_GATCAGTAGTCGTTTG,4.654611284176558
38619,0.11459115624661269,8__nan,PertCortex_8_GATCAGTTCATTTGGG,4.266408274440315
38620,0.20742926916435708,8__nan,PertCortex_8_GATCGATAGGAATCGC,2.6743875912395065
38621,0.08994261358557845,8__nan,PertCortex_8_GATCGATCATCATCCC,3.77534723130094
38622,0.04782554717505868,8__nan,PertCortex_8_GATCGATGTAGCGTCC,4.3850904966816
38623,0.08463220916828668,8__nan,PertCortex_8_GATCGATGTCTAGTGT,2.705763798516182
38624,0.07244140538696592,8__nan,PertCortex_8_GATCGATTCTCCAACC,4.8119524454582185
38625,0.07889307033137008,8__nan,PertCortex_8_GATCGCGCACGTGAGA,4.525665016273979
38626,0.03427841743223626,8__nan,PertCortex_8_GATCGCGGTAAGTGTA,3.7409663751271367
38627,0.0882016994134232,8__nan,PertCortex_8_GATCGCGTCAGGCCCA,3.913554662174766
38628,0.18950272191540968,8__nan,PertCortex_8_GATCGTAAGCCCTAAT,4.198979564081756
38629,0.12611898006883673,8__nan,PertCortex_8_GATCGTACAAAGTCAA,5.011950451777778
38630,0.10959387707449325,8__nan,PertCortex_8_GATCGTACACATGTGT,3.444700898474427
38631,0.1379923018698146,8__nan,PertCortex_8_GATCGTAGTAGATTAG,3.3631990195564083
38632,0.1272793777563116,8__nan,PertCortex_8_GATCGTATCCCATTTA,3.846765516546523
38633,0.16525790110791888,8__nan,PertCortex_8_GATCGTATCTACGAGT,2.781166398119477
38634,0.11312817236034968,8__nan,PertCortex_8_GATCTAGAGAGTACCG,5.345748911218592
38635,0.08666233992333507,8__nan,PertCortex_8_GATCTAGCACAAGACG,2.1258988318671594
38636,0.2725080794673162,8__nan,PertCortex_8_GATCTAGCATCGGACC,1.8263834442734919
38637,0.15229767963840143,8__nan,PertCortex_8_GATCTAGGTCTAGAGG,5.197348006875202
38638,0.168437378768503,8__nan,PertCortex_8_GATCTAGTCCGAATGT,4.425712442371656
38639,0.0916029877773633,8__nan,PertCortex_8_GATCTAGTCTCGCATC,3.304355943245544
38640,0.1848148096782936,8__nan,PertCortex_8_GATCTAGTCTTGGGTA,4.891411719683439
38641,0.5487168983600365,8__nan,PertCortex_8_GATGAAAAGTACGTAA,1.7786209310527947
38642,0.13599914541738306,8__nan,PertCortex_8_GATGAGGAGTCTCCTC,2.7878367825638835
38643,0.23004227172520744,8__nan,PertCortex_8_GATGAGGGTCAAGCGA,2.333652795496709
38644,0.10701607634806964,8__nan,PertCortex_8_GATGAGGGTCCTAGCG,4.184750292725632
38645,0.1642102484205478,8__nan,PertCortex_8_GATGAGGGTCTTCGTC,4.420068837658192
38646,0.09321279210368771,8__nan,PertCortex_8_GATGAGGGTGCGCTTG,2.9685009699568874
38647,0.12240079746739833,8__nan,PertCortex_8_GATGCTACAATGGAAT,3.7964561552384466
38648,0.128789915925416,8__nan,PertCortex_8_GATGCTACAGGTCCAC,4.379040177871656
38649,0.14057358089260644,8__nan,PertCortex_8_GATGCTACATTCACTT,2.807745512948381
38650,0.09293655511978383,8__nan,PertCortex_8_GATGCTAGTAGCGCTC,3.915154747725901
38651,0.21013698978274706,8__nan,PertCortex_8_GATGCTAGTCAAGCGA,2.9277850811031576
38652,0.0824222035504133,8__nan,PertCortex_8_GATGCTAGTGCCTTGG,3.469109036800896
38653,0.03436771003535581,8__nan,PertCortex_8_GATGCTAGTGTTGGGA,4.13501803620224
38654,0.0950106763956237,8__nan,PertCortex_8_GATGCTATCGAATGCT,3.066571846947886
38655,0.1795583804658223,8__nan,PertCortex_8_GATTCAGCAAAGTCAA,3.368823143325987
38656,0.19403939718818178,8__nan,PertCortex_8_GATTCAGTCGCATGAT,5.000873682290392
38657,0.09609328191485235,8__nan,PertCortex_8_GATTCAGTCGTCGTTC,3.45455615922158
38658,0.1986190308373313,8__nan,PertCortex_8_GCAAACTAGGATGGAA,4.3254592392092786
38659,0.18744692062950497,8__nan,PertCortex_8_GCAAACTGTGGTGTAG,5.244958748799466
38660,0.08896224970263049,8__nan,PertCortex_8_GCAATCAAGAAGGTTT,4.980251815782751
38661,0.4837307356185207,8__nan,PertCortex_8_GCAATCACACAACGTT,1.5316419860755757
38662,0.10073946279691759,8__nan,PertCortex_8_GCAATCACATTAGCCA,2.9184010714097544
38663,0.09868648865601905,8__nan,PertCortex_8_GCAATCAGTGCACGAA,4.579844296424315
38664,0.14875855627496817,8__nan,PertCortex_8_GCACATACACAGATTC,2.4032709015816907
38665,0.11181945905072571,8__nan,PertCortex_8_GCACATAGTAGCAAAT,4.8703718424399325
38666,0.247587257123594,8__nan,PertCortex_8_GCACTCTCATGGTCAT,2.173502304859202
38667,0.11697820457838472,8__nan,PertCortex_8_GCACTCTGTCAGCTAT,4.925422372672795
38668,0.11468710804195016,8__nan,PertCortex_8_GCACTCTGTTCATGGT,3.22900383966387
38669,0.14825421267814565,8__nan,PertCortex_8_GCACTCTTCGTAGGTT,4.705093529444486
38670,0.1648062248031836,8__nan,PertCortex_8_GCAGCCACAATGGTCT,5.354424410245456
38671,0.15909293660270238,8__nan,PertCortex_8_GCAGCCAGTCTTGATG,3.3500902732040334
38672,0.18261970091179577,8__nan,PertCortex_8_GCAGCCATCAACACGT,2.390194175003205
38673,0.20988486250866695,8__nan,PertCortex_8_GCAGCCATCTAACGGT,1.9090449249920416
38674,0.057324897112569384,8__nan,PertCortex_8_GCAGTTACACGAGAGT,3.7452799088258284
38675,0.19487107405988585,8__nan,PertCortex_8_GCAGTTAGTAAGGGCT,4.74896460778163
38676,0.1879626922762237,8__nan,PertCortex_8_GCAGTTATCAGCTCGG,2.7970178826846612
38677,0.12519402554016673,8__nan,PertCortex_8_GCATACAAGTGCGATG,3.8538425602380286
38678,0.14313444554946425,8__nan,PertCortex_8_GCATACACAACACGCC,2.46232800578123
38679,0.07958625424211647,8__nan,PertCortex_8_GCATACACAGGACGTA,3.080928479055542
38680,0.06272536602199134,8__nan,PertCortex_8_GCATACACATGAAGTA,3.436534792324864
38681,0.05413303761787156,8__nan,PertCortex_8_GCATACATCATGCAAC,4.81410571066731
38682,0.059781486193690454,8__nan,PertCortex_8_GCATACATCCAGAAGG,3.516148145259171
38683,0.13350843714148883,8__nan,PertCortex_8_GCATGATAGTACGATA,4.774990746113983
38684,0.4092938899673345,8__nan,PertCortex_8_GCATGATAGTAGTGCG,1.6519826789021574
38685,0.21363206372930013,8__nan,PertCortex_8_GCATGATAGTGTACGG,2.2703375049781935
38686,0.14663133683099114,8__nan,PertCortex_8_GCATGATAGTTCCACA,3.244503326465928
38687,0.11273964638761184,8__nan,PertCortex_8_GCATGATTCGGTGTCG,4.475141827227862
38688,0.255735473565645,8__nan,PertCortex_8_GCATGCGAGAAGATTC,2.435301704382613
38689,0.14734687019876755,8__nan,PertCortex_8_GCATGCGAGTAACCCT,3.937477965657965
38690,0.11712815857609803,8__nan,PertCortex_8_GCATGCGAGTCATGCT,3.413254095365953
38691,0.14599531926232875,8__nan,PertCortex_8_GCATGCGGTATCGCAT,2.948710072795662
38692,0.02878878579308269,8__nan,PertCortex_8_GCATGCGGTTGGAGGT,3.2130420063838336
38693,0.23951581907510383,8__nan,PertCortex_8_GCATGCGTCGGAAACG,3.148006290369174
38694,0.008459403936386627,8__nan,PertCortex_8_GCATGTAAGAGCTTCT,3.285523830861306
38695,0.11465960420295562,8__nan,PertCortex_8_GCATGTAGTCAATGTC,2.410028281490111
38696,0.29908984606835587,8__nan,PertCortex_8_GCATGTAGTCTGGTCG,4.116752185288993
38697,0.08329183854248098,8__nan,PertCortex_8_GCCAAATAGATCGGGT,3.370901438663325
38698,0.3443494797159498,8__nan,PertCortex_8_GCCAAATAGCTGGAAC,2.0844411666076157
38699,0.012888220006224884,8__nan,PertCortex_8_GCCAAATCAGACAGGT,1.7311056522341974
38700,0.09601484723384457,8__nan,PertCortex_8_GCCAAATTCCCTAACC,4.794641494336205
38701,0.07960187662809261,8__nan,PertCortex_8_GCCTCTAAGCTAAGAT,3.7444674515750607
38702,0.43442712499616937,8__nan,PertCortex_8_GCCTCTACATGTAGTC,2.1235226713755657
38703,0.18285975331372226,8__nan,PertCortex_8_GCCTCTAGTTAAGAAC,1.9389981932185443
38704,0.4528838265587262,8__nan,PertCortex_8_GCGACCAAGAGTTGGC,2.03994251204858
38705,0.1885667020504818,8__nan,PertCortex_8_GCGACCAGTCCTCTTG,5.0767698730304405
38706,0.350083589237619,8__nan,PertCortex_8_GCGACCAGTGGCCCTA,2.0642618779561372
38707,0.26029101174626995,8__nan,PertCortex_8_GCGACCATCAATACCG,1.7253645209669475
38708,0.12166949492910513,8__nan,PertCortex_8_GCGAGAAAGAAGGGTA,3.1885370351337006
38709,0.3213727828660146,8__nan,PertCortex_8_GCGAGAAAGACAAGCC,2.320323546609722
38710,0.09393024070404093,8__nan,PertCortex_8_GCGAGAACACGCGAAA,3.8034130057015645
38711,0.1545055902099981,8__nan,PertCortex_8_GCGAGAAGTCGCTTCT,4.648682084006297
38712,0.07788430832638898,8__nan,PertCortex_8_GCGAGAAGTTGAGTTC,3.218986576555506
38713,0.1696247757405116,8__nan,PertCortex_8_GCGAGAATCATCGCTC,3.3655005145810883
38714,0.13719034934564,8__nan,PertCortex_8_GCGCAACAGACCTAGG,4.596360904029791
38715,0.04271417216945022,8__nan,PertCortex_8_GCGCAACAGACGCAAC,5.628205905883063
38716,0.292083740861813,8__nan,PertCortex_8_GCGCAACGTAACGTTC,2.2348543014508357
38717,0.09539664494253726,8__nan,PertCortex_8_GCGCAACGTATATGGA,3.018337337183655
38718,0.13834608382841346,8__nan,PertCortex_8_GCGCAACGTTCTGTTT,3.890825289674861
38719,0.38809601919074765,8__nan,PertCortex_8_GCGCAACGTTGAGGTG,2.235594089217756
38720,0.12624413120370395,8__nan,PertCortex_8_GCGCAGTAGCCAACAG,4.348912122121242
38721,0.12166888149710113,8__nan,PertCortex_8_GCGCAGTTCTCCTATA,4.511613717568062
38722,0.46450234849509486,8__nan,PertCortex_8_GCGCCAAAGCTAGTCT,1.7308455566907497
38723,0.2505306748150609,8__nan,PertCortex_8_GCGCCAAAGTTTAGGA,2.095792667719939
38724,0.14854261289206572,8__nan,PertCortex_8_GCGCCAATCTTAACCT,2.3397909204282623
38725,0.1686781482386098,8__nan,PertCortex_8_GCGCGATAGCCCTAAT,3.942440961929835
38726,0.10184349636020514,8__nan,PertCortex_8_GCGCGATAGTGTGGCA,4.73358335738381
38727,0.1790771497781106,8__nan,PertCortex_8_GCGCGATGTAAGTGGC,2.9910979184425597
38728,0.17006933691337994,8__nan,PertCortex_8_GCGGGTTCAATCGAAA,2.3878578739143395
38729,0.40591833286778717,8__nan,PertCortex_8_GCGGGTTCAGACAAAT,1.821970244146233
38730,0.1797447902194644,8__nan,PertCortex_8_GCGGGTTCAGTCAGAG,2.7707827798781226
38731,0.10052147338305123,8__nan,PertCortex_8_GCGGGTTGTGATAAAC,4.203338169769966
38732,0.16202077212812271,8__nan,PertCortex_8_GCGGGTTGTTCCACTC,4.674873552388701
38733,0.10144627664916014,8__nan,PertCortex_8_GCGGGTTTCAGGATCT,1.9056810914832185
38734,0.17622459242203317,8__nan,PertCortex_8_GCTCCTAAGGAGCGTT,2.7558721167455933
38735,0.155868304230932,8__nan,PertCortex_8_GCTCCTAAGGCTAGCA,3.390872644652807
38736,0.1671867215911443,8__nan,PertCortex_8_GCTCCTACAGATAATG,4.33886417130359
38737,0.15067305646665716,8__nan,PertCortex_8_GCTCCTAGTCTTGATG,1.8768084530496119
38738,0.19463879027383982,8__nan,PertCortex_8_GCTCCTAGTGAACCTT,2.927177094933708
38739,0.1547034306370452,8__nan,PertCortex_8_GCTCTGTAGACAATAC,5.093988768124411
38740,0.0838336714052061,8__nan,PertCortex_8_GCTCTGTAGCTAGTTC,2.659785807084691
38741,0.06790904219011781,8__nan,PertCortex_8_GCTCTGTGTCGACTAT,3.1679643161396065
38742,0.09734165550605339,8__nan,PertCortex_8_GCTCTGTGTCTAGTCA,3.607439471097212
38743,0.46275574667821134,8__nan,PertCortex_8_GCTCTGTGTCTTCTCG,1.6871845864239716
38744,0.07053858370265573,8__nan,PertCortex_8_GCTCTGTGTTCGCGAC,2.817911056305361
38745,0.1288349780546311,8__nan,PertCortex_8_GCTCTGTGTTGCTCCT,2.50163046790749
38746,0.12865712965242396,8__nan,PertCortex_8_GCTCTGTGTTTGGGCC,3.1945175320641352
38747,0.05882334988072664,8__nan,PertCortex_8_GCTGCAGCAAACAACA,3.774308734211272
38748,0.16937431583828935,8__nan,PertCortex_8_GCTGCGAAGGGCTTCC,3.254080395127705
38749,0.15273778610019817,8__nan,PertCortex_8_GCTGCGATCGTCCGTT,4.439940193358834
38750,0.15457212532757186,8__nan,PertCortex_8_GCTGCGATCTTTAGTC,3.273698281311447
38751,0.1446391227957358,8__nan,PertCortex_8_GCTGCTTCATACGCCG,5.082077292571841
38752,0.12474576110609649,8__nan,PertCortex_8_GCTGGGTGTTCGCTAA,4.627607064093762
38753,0.4924181372534128,8__nan,PertCortex_8_GCTGGGTTCACCTTAT,1.7136742570893218
38754,0.1271312326244608,8__nan,PertCortex_8_GCTGGGTTCTCGAGTA,4.376825906959381
38755,0.11092908098523543,8__nan,PertCortex_8_GCTTCCAAGTGCCAGA,4.390193726366579
38756,0.088817388423505,8__nan,PertCortex_8_GCTTGAAGTATTAGCC,4.594860067756176
38757,0.05374832026799617,8__nan,PertCortex_8_GGAAAGCGTACCGTTA,3.2270345763949155
38758,0.13399616525920974,8__nan,PertCortex_8_GGAAAGCTCAATACCG,4.904349620008116
38759,0.12845334156898852,8__nan,PertCortex_8_GGAAAGCTCAATCTCT,3.083268965704674
38760,0.24991833795342092,8__nan,PertCortex_8_GGAACTTAGAAACGCC,4.8890194467669
38761,0.3459150004873215,8__nan,PertCortex_8_GGAACTTCAATCGGTT,2.117700597067169
38762,0.11673746397281695,8__nan,PertCortex_8_GGAACTTCAGTAAGAT,3.8201046276756863
38763,0.11860678838376282,8__nan,PertCortex_8_GGAACTTGTGTATGGG,3.8153489020123352
38764,0.1919463108194598,8__nan,PertCortex_8_GGAATAAAGTGCTGCC,3.555342644740883
38765,0.043749373328978956,8__nan,PertCortex_8_GGAATAACAATGGATA,3.7926955657562353
38766,0.18434510220028674,8__nan,PertCortex_8_GGAATAACACGAGGTA,4.797836985524506
38767,0.08279086782285297,8__nan,PertCortex_8_GGAATAACAGCCTTTC,5.191077147230229
38768,0.4752792186092667,8__nan,PertCortex_8_GGAATAACATTCACTT,1.7899660577634873
38769,0.1276591068676975,8__nan,PertCortex_8_GGAATAATCATGCAAC,3.33999115681612
38770,0.03183991278990535,8__nan,PertCortex_8_GGAATAATCCACGTTC,3.3408796710448825
38771,0.12210204089714764,8__nan,PertCortex_8_GGACAAGGTAGGCATG,4.915793246621117
38772,0.11218251831967126,8__nan,PertCortex_8_GGACAAGTCGTACCGG,3.2666578903526493
38773,0.1131786409338443,8__nan,PertCortex_8_GGACAGACAGGGTATG,3.8089387791725158
38774,0.3323769527632263,8__nan,PertCortex_8_GGACAGAGTCAGAAGC,2.166523879222642
38775,0.28634690933049045,8__nan,PertCortex_8_GGACAGAGTTGATTGC,2.3404025298436633
38776,0.16829684724366095,8__nan,PertCortex_8_GGACATTAGAGTACCG,2.6761080480149486
38777,0.05147288072075491,8__nan,PertCortex_8_GGACATTCAGCTGGCT,4.265718312485197
38778,0.1043054293169114,8__nan,PertCortex_8_GGACATTGTAAGCACG,2.821712273419654
38779,0.07574064307490708,8__nan,PertCortex_8_GGACATTGTGTGACCC,4.139872856057257
38780,0.3129965448019867,8__nan,PertCortex_8_GGACATTTCAAGCCTA,2.690189318036193
38781,0.15357660356681385,8__nan,PertCortex_8_GGACGTCAGCTACCGC,4.541062390515184
38782,0.17654124933541465,8__nan,PertCortex_8_GGAGCAACAAAGGAAG,3.4685089150942465
38783,0.17213775472876625,8__nan,PertCortex_8_GGAGCAACAGCCTGTG,4.565124483326162
38784,0.1022662632583907,8__nan,PertCortex_8_GGAGCAACATTCCTGC,4.093004774731574
38785,0.12029514478323432,8__nan,PertCortex_8_GGAGCAAGTTAAGATG,4.6853050396652725
38786,0.1457933215767836,8__nan,PertCortex_8_GGATGTTAGGCCCTTG,4.817208082689047
38787,0.12525945251495682,8__nan,PertCortex_8_GGATGTTCAAGCCGCT,2.996275323362542
38788,0.10374674560415546,8__nan,PertCortex_8_GGATGTTCAGTATCTG,3.3718339205421572
38789,0.15580451661253947,8__nan,PertCortex_8_GGATGTTTCTGAGGGA,4.971949519413691
38790,0.09510108522988042,8__nan,PertCortex_8_GGATTACGTCTAGAGG,4.445929449205814
38791,0.10316794220391359,8__nan,PertCortex_8_GGATTACTCGGAAACG,4.148859144380504
38792,0.11771112152277792,8__nan,PertCortex_8_GGCAATTAGAGCTGGT,4.844784171309832
38793,0.06381305991841155,8__nan,PertCortex_8_GGCAATTAGGACGAAA,2.8377002116448815
38794,0.2499053814161369,8__nan,PertCortex_8_GGCAATTTCGGTGTCG,4.246248115446815
38795,0.05724493006101132,8__nan,PertCortex_8_GGCCGATTCAAACCAC,3.7653960442132064
38796,0.1910465259221237,8__nan,PertCortex_8_GGCCGATTCAGGCAAG,1.4194535005397484
38797,0.07025589335097705,8__nan,PertCortex_8_GGCGACTAGTGTTGAA,3.131185724766723
38798,0.1205328431304728,8__nan,PertCortex_8_GGCGACTCAACCGCCA,4.716855489243004
38799,0.0994870226667746,8__nan,PertCortex_8_GGCGACTCACATTTCT,3.90023174224097
38800,0.11407308822956563,8__nan,PertCortex_8_GGCGACTCACTGTCGG,3.5110456269571624
38801,0.14550574973778777,8__nan,PertCortex_8_GGCGACTGTGATGATA,2.628367196763973
38802,0.08643325247102474,8__nan,PertCortex_8_GGCGACTTCAAGATCC,1.83685287314679
38803,0.02638035843660981,8__nan,PertCortex_8_GGCGACTTCCGGGTGT,3.326375430223393
38804,0.12256338337476101,8__nan,PertCortex_8_GGCGTGTCAGATTGCT,5.671111984558785
38805,0.1778220973213852,8__nan,PertCortex_8_GGCGTGTCAGTTCATG,5.0508093350639225
38806,0.05872223523660309,8__nan,PertCortex_8_GGCGTGTTCGGGAGTA,2.8009772671054076
38807,0.05919926455485151,8__nan,PertCortex_8_GGCTCGAAGGCATGGT,3.0884540833101837
38808,0.1634814266405032,8__nan,PertCortex_8_GGCTCGACATTGGCGC,3.076147459142741
38809,0.06236484431291555,8__nan,PertCortex_8_GGCTCGAGTAAGTTCC,1.4355931326069675
38810,0.18199812507175586,8__nan,PertCortex_8_GGCTCGAGTGCTGTAT,2.5621581478912896
38811,0.16523488935278988,8__nan,PertCortex_8_GGCTCGAGTGTAAGTA,4.8872103690374535
38812,0.176818327748982,8__nan,PertCortex_8_GGCTCGATCGGTGTCG,3.5417094681652217
38813,0.10411325315422244,8__nan,PertCortex_8_GGCTCGATCTTACCTA,5.439536620119243
38814,0.10193166334135532,8__nan,PertCortex_8_GGCTGGTAGTCATGCT,3.435985231388053
38815,0.09161230914802833,8__nan,PertCortex_8_GGCTGGTCAAAGCAAT,5.116968813356082
38816,0.07569408129258125,8__nan,PertCortex_8_GGCTGGTTCGGCATCG,4.837495482837141
38817,0.08369915795301086,8__nan,PertCortex_8_GGGAATGAGCACGCCT,3.7306454781514478
38818,0.16919517704537196,8__nan,PertCortex_8_GGGAATGAGGATCGCA,3.5087059315421167
38819,0.18104485214379323,8__nan,PertCortex_8_GGGAATGAGTGTGAAT,3.3244180511020724
38820,0.15496118971575734,8__nan,PertCortex_8_GGGAATGCAGGCAGTA,3.8504245716588614
38821,0.12666588249225394,8__nan,PertCortex_8_GGGAATGGTGCGCTTG,2.6350677798413846
38822,0.1689700339900954,8__nan,PertCortex_8_GGGAATGTCCTTAATC,5.164638195583986
38823,0.1595119070257172,8__nan,PertCortex_8_GGGAATGTCTAACTCT,3.1537130458430385
38824,0.0910669282398974,8__nan,PertCortex_8_GGGACCTAGGAATGGA,3.800016932338368
38825,0.10321011382835414,8__nan,PertCortex_8_GGGACCTCAGATCTGT,3.2520211613641035
38826,0.18985278564773625,8__nan,PertCortex_8_GGGACCTCATCACAAC,4.464289966692717
38827,0.3958780698741197,8__nan,PertCortex_8_GGGACCTGTACACCGC,1.7514700112293855
38828,0.06336586214494151,8__nan,PertCortex_8_GGGACCTGTGAGTGAC,2.733163125577935
38829,0.10509730140132872,8__nan,PertCortex_8_GGGACCTGTGTTCGAT,4.4637981351046125
38830,0.09902964266105257,8__nan,PertCortex_8_GGGACCTGTTACGTCA,5.1773712526561955
38831,0.08254583008944136,8__nan,PertCortex_8_GGGACCTTCGTAGATC,2.901899136275987
38832,0.08827994432349866,8__nan,PertCortex_8_GGGAGATCACATGACT,2.8470305914829006
38833,0.13503994711997672,8__nan,PertCortex_8_GGGAGATCATTTCACT,5.40796133563685
38834,0.11585300003712337,8__nan,PertCortex_8_GGGATGAAGCCGGTAA,3.4398328447519257
38835,0.11480675971059748,8__nan,PertCortex_8_GGGATGAAGTTCGATC,5.451993350170217
38836,0.09091481821092919,8__nan,PertCortex_8_GGGATGACACAGAGGT,3.603113433005662
38837,0.05475046207798022,8__nan,PertCortex_8_GGGATGACATGCAATC,2.5001428046923375
38838,0.17954960814868517,8__nan,PertCortex_8_GGGATGATCGGAGCAA,5.254101646754525
38839,0.027807290470151427,8__nan,PertCortex_8_GGGCACTAGGCGACAT,3.0584416288834646
38840,0.09199362786172163,8__nan,PertCortex_8_GGGCACTAGTGTCTCA,5.04914449272512
38841,0.17331105157032245,8__nan,PertCortex_8_GGGCACTCAAATCCGT,3.2556500073448786
38842,0.05143946357865566,8__nan,PertCortex_8_GGGCACTCAAGACGTG,3.3077639853208765
38843,0.11976400142438724,8__nan,PertCortex_8_GGGCACTCACTGTGTA,4.3265150287735255
38844,0.08470081861168506,8__nan,PertCortex_8_GGGCACTGTAGCACGA,4.867986885291806
38845,0.21530652744552384,8__nan,PertCortex_8_GGGCACTGTCTCTTTA,2.80467346120582
38846,0.04491113158407004,8__nan,PertCortex_8_GGGCACTGTGTAATGA,3.4972557166291125
38847,0.02026800211371079,8__nan,PertCortex_8_GGGCACTGTTCCATGA,3.5047238695764547
38848,0.11546759225210475,8__nan,PertCortex_8_GGGCACTTCTTTCCTC,3.953792696891057
38849,0.14081726998388994,8__nan,PertCortex_8_GGGCATCCAGCTTAAC,4.562830431692691
38850,0.07836424870795275,8__nan,PertCortex_8_GGGCATCCATGGGACA,2.74493521193109
38851,0.12073510573194973,8__nan,PertCortex_8_GGGCATCGTCACACGC,3.046588157916673
38852,0.1382921687609587,8__nan,PertCortex_8_GGGCATCGTTGGTTTG,5.142964792066814
38853,0.10744806295396915,8__nan,PertCortex_8_GGGCATCTCCTACAGA,4.561654255733167
38854,0.38748029731877137,8__nan,PertCortex_8_GGGTCTGAGATGGCGT,1.4018874790100626
38855,0.23174164755240578,8__nan,PertCortex_8_GGGTCTGCATCACGAT,3.3919351622274334
38856,0.14833483334397887,8__nan,PertCortex_8_GGGTCTGCATGAGCGA,3.7970214534432105
38857,0.0781249512923412,8__nan,PertCortex_8_GGGTCTGGTGCCTGGT,4.461890900559485
38858,0.41638228826347407,8__nan,PertCortex_8_GGGTCTGTCGAGGTAG,2.0126765988372606
38859,0.16797245643441816,8__nan,PertCortex_8_GGGTTGCCAATTCCTT,5.327220291251115
38860,0.09573712490406537,8__nan,PertCortex_8_GGGTTGCCACCATGTA,3.5654586756412385
38861,0.0676490554772166,8__nan,PertCortex_8_GGGTTGCGTGATGTGG,3.059182744090046
38862,0.06519993122618158,8__nan,PertCortex_8_GGGTTGCTCTTCTGGC,4.28421987917705
38863,0.11189785366801516,8__nan,PertCortex_8_GGTATTGAGTCCATAC,3.17960048474099
38864,0.10757115281341048,8__nan,PertCortex_8_GGTATTGCAACACCTA,3.433975021511901
38865,0.13358406950963472,8__nan,PertCortex_8_GGTATTGCAGTATGCT,4.425406363934417
38866,0.21157635070294356,8__nan,PertCortex_8_GGTATTGGTATAGGGC,3.4609395906751264
38867,0.05759038406537464,8__nan,PertCortex_8_GGTATTGGTCTGCGGT,3.3813972949906947
38868,0.06148009746377276,8__nan,PertCortex_8_GGTGAAGAGCTGTCTA,3.028752228563782
38869,0.11506909906070417,8__nan,PertCortex_8_GGTGAAGCATCAGTAC,3.7931862099930065
38870,0.252623669093753,8__nan,PertCortex_8_GGTGAAGGTATATGGA,2.3186124869185347
38871,0.1553255276058936,8__nan,PertCortex_8_GGTGCGTAGTATGACA,2.8393042447427614
38872,0.579469088915442,8__nan,PertCortex_8_GGTGCGTCATTCTCAT,1.6455845960925748
38873,0.13745353138321167,8__nan,PertCortex_8_GGTGCGTTCATGTGGT,4.389052148879262
38874,0.11592209643178546,8__nan,PertCortex_8_GGTGTTAAGATCTGAA,4.703250311808649
38875,0.09560685200872165,8__nan,PertCortex_8_GGTGTTAAGTACGCGA,4.907798043287494
38876,0.15789384630935369,8__nan,PertCortex_8_GGTGTTACATGTAGTC,2.8446786908743107
38877,0.11129562809108783,8__nan,PertCortex_8_GGTGTTAGTTGCCTCT,4.472253312194184
38878,0.1885493925878209,8__nan,PertCortex_8_GGTGTTATCATAACCG,2.6946896721835314
38879,0.16591366374924302,8__nan,PertCortex_8_GGTGTTATCCCAAGTA,4.026955199159563
38880,0.1602374211277128,8__nan,PertCortex_8_GGTGTTATCCGCGCAA,1.8972302522126938
38881,0.09492453745985362,8__nan,PertCortex_8_GGTGTTATCTTACCGC,5.297797760649013
38882,0.11587852048258132,8__nan,PertCortex_8_GTAACGTAGCTGTTCA,4.816073703258139
38883,0.12232752996362373,8__nan,PertCortex_8_GTAACGTCAGCCAATT,4.218319520297513
38884,0.11405233924148522,8__nan,PertCortex_8_GTAACGTCATCACAAC,3.218803509583336
38885,0.5131573702896406,8__nan,PertCortex_8_GTAACGTTCGCACTCT,1.673514720755301
38886,0.08786797738976918,8__nan,PertCortex_8_GTACGTAGTCTAAACC,3.8735436967696746
38887,0.2554940579571379,8__nan,PertCortex_8_GTACGTAGTGTGCCTG,3.9785659018343593
38888,0.15553690988589905,8__nan,PertCortex_8_GTACTCCAGAGGTTGC,4.750602638612843
38889,0.2069436882030067,8__nan,PertCortex_8_GTACTCCCACGTCAGC,4.598120829933827
38890,0.16066628581406595,8__nan,PertCortex_8_GTACTCCCATCGATTG,3.1274310990177896
38891,0.05067733289603338,8__nan,PertCortex_8_GTACTCCTCAGGATCT,2.048537579781773
38892,0.07660511170542758,8__nan,PertCortex_8_GTACTTTAGCCCTAAT,2.2882426841300956
38893,0.13731263433893534,8__nan,PertCortex_8_GTACTTTGTGCATCTA,5.013951407558439
38894,0.121884322271061,8__nan,PertCortex_8_GTACTTTGTGTAATGA,4.392641584162337
38895,0.10448048145158116,8__nan,PertCortex_8_GTACTTTTCCGCATAA,4.862454075015469
38896,0.12978940622266633,8__nan,PertCortex_8_GTACTTTTCTAACGGT,4.942066291052134
38897,0.140576734279782,8__nan,PertCortex_8_GTAGGCCTCAGTCCCT,3.663459667091046
38898,0.1460808730326335,8__nan,PertCortex_8_GTAGGCCTCGGTCCGA,4.009723095718555
38899,0.04142569637313532,8__nan,PertCortex_8_GTAGTCAAGTCTTGCA,2.5258141414155246
38900,0.040849713146793636,8__nan,PertCortex_8_GTAGTCACAATGACCT,3.3009121852023844
38901,0.20378173530989802,8__nan,PertCortex_8_GTAGTCAGTACTCAAC,4.867220281205126
38902,0.10828194056110489,8__nan,PertCortex_8_GTAGTCAGTCGCGTGT,4.600527902630147
38903,0.1546716423299111,8__nan,PertCortex_8_GTATCTTAGCGTTTAC,2.9973523532187727
38904,0.15309169458154193,8__nan,PertCortex_8_GTATCTTAGTAGCCGA,2.856229480058955
38905,0.07928821713425378,8__nan,PertCortex_8_GTATCTTCAAGCTGAG,2.7066979196115244
38906,0.0954406914857441,8__nan,PertCortex_8_GTATCTTGTCCCTTGT,2.334527738686635
38907,0.3349645312024227,8__nan,PertCortex_8_GTATCTTTCAAGGCTT,3.871207362668365
38908,0.1288577419263756,8__nan,PertCortex_8_GTATCTTTCTACTTAC,3.2646501300310575
38909,0.23343026539086473,8__nan,PertCortex_8_GTATTCTAGTGCGATG,2.2787636361976884
38910,0.0585837415439048,8__nan,PertCortex_8_GTATTCTCATCAGTAC,3.4686474903875206
38911,0.0737359662919087,8__nan,PertCortex_8_GTATTCTTCCCGGATG,4.0855668277257156
38912,0.33987904558042276,8__nan,PertCortex_8_GTCAAGTCAGTCTTCC,2.5981770667714326
38913,0.12526170457981156,8__nan,PertCortex_8_GTCAAGTTCCGTAGTA,3.2420187157919207
38914,0.22129548551955663,8__nan,PertCortex_8_GTCAAGTTCTGCTGCT,3.9599327831550983
38915,0.15206794810248464,8__nan,PertCortex_8_GTCACAAAGGCTAGGT,3.292011067397537
38916,0.12084562210225615,8__nan,PertCortex_8_GTCACAACACCATGTA,4.228876678387044
38917,0.08025594120573229,8__nan,PertCortex_8_GTCACAACAGCCTGTG,4.305975952552824
38918,0.06989260742523062,8__nan,PertCortex_8_GTCACAACATTAACCG,3.91005417430446
38919,0.24563813119061909,8__nan,PertCortex_8_GTCACAATCACCATAG,1.7889170202373956
38920,0.1546277943571007,8__nan,PertCortex_8_GTCACAATCCAGTAGT,3.011763786888454
38921,0.10202166509458845,8__nan,PertCortex_8_GTCACAATCCTCTAGC,4.151229371657749
38922,0.2085826175152558,8__nan,PertCortex_8_GTCACGGGTGCAGGTA,1.6258550086541492
38923,0.048783432891785806,8__nan,PertCortex_8_GTCACGGTCGTGGACC,3.5821979517234626
38924,0.12438756066957801,8__nan,PertCortex_8_GTCACGGTCTAACTCT,3.718861683326606
38925,0.09730128308996394,8__nan,PertCortex_8_GTCATTTAGCTAGTTC,4.842895185781393
38926,0.18635709901607964,8__nan,PertCortex_8_GTCATTTAGGAACTGC,5.3929878334609525
38927,0.1347524296175415,8__nan,PertCortex_8_GTCATTTGTGTTCTTT,5.045897962564115
38928,0.09819698591093556,8__nan,PertCortex_8_GTCCTCAAGCGAGAAA,4.6103077918083875
38929,0.17731000081518333,8__nan,PertCortex_8_GTCCTCAAGGTGTGGT,2.543788269026804
38930,0.10908014644927573,8__nan,PertCortex_8_GTCCTCATCATGCAAC,3.2908271207354995
38931,0.07512869988009155,8__nan,PertCortex_8_GTCGGGTAGAGTCTGG,3.986549062997351
38932,0.1920903887227412,8__nan,PertCortex_8_GTCGGGTCATTCACTT,4.416485157682996
38933,0.12040276528109284,8__nan,PertCortex_8_GTCGGGTGTTAAAGTG,4.036602704926343
38934,0.12657726524387977,8__nan,PertCortex_8_GTCGGGTTCCCTCAGT,3.6061091287320814
38935,0.13926278582343188,8__nan,PertCortex_8_GTCGGGTTCTGGCGAC,4.188885837346361
38936,0.08072546134014412,8__nan,PertCortex_8_GTCGTAAAGCGCCTTG,3.5053777822274776
38937,0.21275666898412196,8__nan,PertCortex_8_GTCGTAAAGTTGCAGG,1.7630583016340482
38938,0.10568989212751895,8__nan,PertCortex_8_GTCGTAACACAGGAGT,4.223589334640802
38939,0.10565277729920866,8__nan,PertCortex_8_GTCGTAACAGGCAGTA,4.350901016745296
38940,0.11895835695424822,8__nan,PertCortex_8_GTCGTAATCGCCTGAG,5.633901195370285
38941,0.09288953379710532,8__nan,PertCortex_8_GTCTCGTAGACAGGCT,3.2073336996066697
38942,0.12628663377714394,8__nan,PertCortex_8_GTCTCGTAGCTAAACA,3.807911256900108
38943,0.16743903724976691,8__nan,PertCortex_8_GTCTCGTCAAGAAGAG,3.5498810850708096
38944,0.06959405840849982,8__nan,PertCortex_8_GTCTCGTCAAGCTGGA,3.0601042465425494
38945,0.09724826364114471,8__nan,PertCortex_8_GTCTCGTCACGTTGGC,4.1120118942517605
38946,0.03457564449875439,8__nan,PertCortex_8_GTCTCGTCAGCCAGAA,3.4912130981633553
38947,0.21121108697434254,8__nan,PertCortex_8_GTCTCGTGTAACGACG,2.578153374524716
38948,0.14234139285766706,8__nan,PertCortex_8_GTCTCGTGTAGATTAG,4.951160321667902
38949,0.134094331839757,8__nan,PertCortex_8_GTCTCGTGTGTGCGTC,3.7113321219174518
38950,0.04722880420686967,8__nan,PertCortex_8_GTCTCGTGTTAGGGTG,3.3230661877551015
38951,0.11982819644236317,8__nan,PertCortex_8_GTCTCGTGTTGATTGC,3.5731579067331047
38952,0.1643720495513532,8__nan,PertCortex_8_GTCTCGTTCGCATGGC,3.073335644555269
38953,0.10813441497921722,8__nan,PertCortex_8_GTCTTCGAGACGCAAC,5.270105934210745
38954,0.09218559731298505,8__nan,PertCortex_8_GTCTTCGGTACTTGAC,5.263534372621189
38955,0.2639037495635726,8__nan,PertCortex_8_GTCTTCGGTGAAGGCT,2.4028701893122797
38956,0.22324033500938628,8__nan,PertCortex_8_GTCTTCGGTTAGGGTG,3.0829613677565484
38957,0.08701339261384762,8__nan,PertCortex_8_GTCTTCGTCAAACCAC,4.800305258863101
38958,0.1393809419004067,8__nan,PertCortex_8_GTGAAGGAGATCCCGC,4.765537390338397
38959,0.11778267768600302,8__nan,PertCortex_8_GTGAAGGGTAGGGACT,3.1892371602953262
38960,0.14425091085121847,8__nan,PertCortex_8_GTGAAGGGTATCGCAT,5.193458522513401
38961,0.3060712120595106,8__nan,PertCortex_8_GTGAAGGGTCGTGGCT,2.282021079459856
38962,0.22703398751329223,8__nan,PertCortex_8_GTGAAGGGTGTTCTTT,2.550837197208985
38963,0.23982658187180042,8__nan,PertCortex_8_GTGAAGGTCAAGGTAA,3.674455989750326
38964,0.30935312513072133,8__nan,PertCortex_8_GTGCAGCCACCAACCG,2.162089778596571
38965,0.10171146666659964,8__nan,PertCortex_8_GTGCAGCGTATTAGCC,2.7038316031418237
38966,0.16581415293575588,8__nan,PertCortex_8_GTGCAGCTCAAGGCTT,2.669892534232395
38967,0.16689271475413758,8__nan,PertCortex_8_GTGCAGCTCGCGTAGC,4.762056189817378
38968,0.07389293918767248,8__nan,PertCortex_8_GTGCATAAGCGTAATA,3.4729604028944876
38969,0.575924686136839,8__nan,PertCortex_8_GTGCATACATACTCTT,1.5025549875393451
38970,0.36217980678184625,8__nan,PertCortex_8_GTGCATAGTTCAGGCC,1.9084067291277724
38971,0.18305152398208424,8__nan,PertCortex_8_GTGCGGTAGATCTGCT,4.425190254260057
38972,0.08434438790410245,8__nan,PertCortex_8_GTGCGGTAGTCGCCGT,3.194961716054212
38973,0.11733733705153193,8__nan,PertCortex_8_GTGCTTCAGGAGTACC,3.110810827995309
38974,0.1312313083339188,8__nan,PertCortex_8_GTGCTTCAGGGCTTGA,3.679266852031068
38975,0.05442870015826834,8__nan,PertCortex_8_GTGCTTCGTAAGGATT,3.520917176466175
38976,0.15289983749440278,8__nan,PertCortex_8_GTGCTTCGTAGCGCAA,3.4326541169339535
38977,0.16654615128144512,8__nan,PertCortex_8_GTGCTTCGTCCCTTGT,4.6705880878171175
38978,0.11446322078140554,8__nan,PertCortex_8_GTGGGTCCAAGAAAGG,4.426661850521939
38979,0.14958493731558964,8__nan,PertCortex_8_GTGGGTCCAAGCTGAG,4.625004107003102
38980,0.09280241646914719,8__nan,PertCortex_8_GTGGGTCCAAGTCTGT,3.424375306170266
38981,0.09096894308784019,8__nan,PertCortex_8_GTGTGCGAGAGTAATC,4.370689574938755
38982,0.2304007114051403,8__nan,PertCortex_8_GTGTGCGAGGGTCGAT,3.2221738881678603
38983,0.04151137984832756,8__nan,PertCortex_8_GTGTGCGCAAGAAAGG,3.5468747671637866
38984,0.23135467991428332,8__nan,PertCortex_8_GTGTGCGCATGCCTAA,1.9560490053672648
38985,0.14244306090665357,8__nan,PertCortex_8_GTGTGCGGTCCGCTGA,4.469554050525517
38986,0.10220762583619251,8__nan,PertCortex_8_GTGTGCGGTGCCTGTG,4.500856345855957
38987,0.1071850583100189,8__nan,PertCortex_8_GTGTGCGGTGTGAAAT,3.348830895172533
38988,0.16935638126221492,8__nan,PertCortex_8_GTGTTAGAGCAATCTC,3.0350603160265384
38989,0.13127878415522332,8__nan,PertCortex_8_GTGTTAGAGGATGCGT,2.520115473739759
38990,0.14911827792934942,8__nan,PertCortex_8_GTGTTAGAGGCATGTG,3.151245921401584
38991,0.2715876791621679,8__nan,PertCortex_8_GTGTTAGGTAGTAGTA,1.3092549494916539
38992,0.0423916759476273,8__nan,PertCortex_8_GTGTTAGGTGGCGAAT,4.0044946760896725
38993,0.5026953556054669,8__nan,PertCortex_8_GTGTTAGTCGTACCGG,1.7654446935625203
38994,0.17888198722524937,8__nan,PertCortex_8_GTTAAGCAGACGACGT,4.392924862503956
38995,0.14246109242131763,8__nan,PertCortex_8_GTTAAGCAGAGCTTCT,4.176883904817787
38996,0.16465671317904979,8__nan,PertCortex_8_GTTAAGCCAATCGGTT,3.528900918813751
38997,0.09343100543650802,8__nan,PertCortex_8_GTTAAGCGTACAAGTA,4.21345837398993
38998,0.4752255322470578,8__nan,PertCortex_8_GTTAAGCGTGCCTTGG,1.8264595012664682
38999,0.2007958049546203,8__nan,PertCortex_8_GTTAAGCTCAGTTCGA,4.952449379747994
39000,0.1358798661727465,8__nan,PertCortex_8_GTTAAGCTCGATCCCT,2.648720160094057
39001,0.16069439851511794,8__nan,PertCortex_8_GTTACAGTCAAGCCTA,5.266726176200138
39002,0.2560974977701899,8__nan,PertCortex_8_GTTACAGTCAATACCG,2.559538361084102
39003,0.1627280454452324,8__nan,PertCortex_8_GTTACAGTCAGCATGT,4.49583605295222
39004,0.15767359132117034,8__nan,PertCortex_8_GTTACAGTCATTGCGA,4.166373322708388
39005,0.21938561133614157,8__nan,PertCortex_8_GTTACAGTCCTTGGTC,5.278494130907472
39006,0.1400044186365044,8__nan,PertCortex_8_GTTACAGTCGGTGTTA,5.298100805500293
39007,0.03483243987428157,8__nan,PertCortex_8_GTTCATTCAGTGAGTG,3.384062061818768
39008,0.1722941357052685,8__nan,PertCortex_8_GTTCATTGTAGAAAGG,4.273125194305195
39009,0.037359809428268276,8__nan,PertCortex_8_GTTCATTGTCAGAAGC,3.4138980166360153
39010,0.22362394901802138,8__nan,PertCortex_8_GTTCATTGTTCACGGC,2.6684298795058092
39011,0.3423960301503425,8__nan,PertCortex_8_GTTCATTTCACTGGGC,2.038147746692811
39012,0.16975069068706036,8__nan,PertCortex_8_GTTCGGGAGACTAAGT,2.8719741444024374
39013,0.1094889315471601,8__nan,PertCortex_8_GTTCGGGGTACAGTTC,2.8083022626550314
39014,0.15339998813494546,8__nan,PertCortex_8_GTTCGGGGTCCAACTA,2.636204831691522
39015,0.14397208340691756,8__nan,PertCortex_8_GTTCGGGGTCGCATCG,4.696504854892913
39016,0.10833271817834234,8__nan,PertCortex_8_GTTCGGGGTGATAAAC,3.8616304056974213
39017,0.10661015166956152,8__nan,PertCortex_8_GTTCGGGTCAACTCTT,3.7692210618991973
39018,0.14570639476988412,8__nan,PertCortex_8_GTTCGGGTCCCGGATG,5.080923712483405
39019,0.11066609156732665,8__nan,PertCortex_8_GTTCGGGTCTGAGTGT,4.542187396016697
39020,0.08087817259246755,8__nan,PertCortex_8_GTTCTCGCACCGATAT,3.6262953300557026
39021,0.05537572046936258,8__nan,PertCortex_8_GTTCTCGCATCGTCGG,3.254498734726488
39022,0.04803267716580964,8__nan,PertCortex_8_GTTCTCGGTCGGCACT,4.222809147742081
39023,0.0633729415120581,8__nan,PertCortex_8_GTTCTCGTCCATGAAC,3.04422164165774
39024,0.1416721361841193,8__nan,PertCortex_8_GTTCTCGTCGGTCTAA,2.7769762529374438
39025,0.1490709831503969,8__nan,PertCortex_8_GTTTCTAAGCTGCAAG,2.7372446485316333
39026,0.08830390588746498,8__nan,PertCortex_8_GTTTCTAGTGTTCTTT,3.0857697137131543
39027,0.1750248801864016,8__nan,PertCortex_8_GTTTCTATCACCTTAT,3.11122815424008
39028,0.2126973590546009,8__nan,PertCortex_8_GTTTCTATCGACAGCC,2.0691346356536213
39029,0.165845846805684,8__nan,PertCortex_8_TAAACCGAGACTTTCG,5.08789607184926
39030,0.5518781759062603,8__nan,PertCortex_8_TAAACCGAGAGTACCG,1.635938376533949
39031,0.12393795573724989,8__nan,PertCortex_8_TAAACCGAGGTGGGTT,1.9850998282162118
39032,0.10711917860712179,8__nan,PertCortex_8_TAAACCGAGTAGCGGT,2.9048321713381937
39033,0.11032350072254675,8__nan,PertCortex_8_TAAACCGCAGCATACT,2.667376907194683
39034,0.3864836143039433,8__nan,PertCortex_8_TAAGAGAAGAGGTAGA,1.6264629313987577
39035,0.019960167017233063,8__nan,PertCortex_8_TAAGAGACACAAGCCC,2.9603573241217735
39036,0.1507970741758712,8__nan,PertCortex_8_TAAGAGAGTCCGACGT,3.019507070462773
39037,0.07877092867429147,8__nan,PertCortex_8_TAAGAGAGTGTATGGG,4.235221316237352
39038,0.09046709153329856,8__nan,PertCortex_8_TAAGAGATCGCAAACT,3.6795512916603292
39039,0.15903531049898462,8__nan,PertCortex_8_TAAGAGATCTGTCTAT,5.054185568128949
39040,0.13588038440691116,8__nan,PertCortex_8_TAAGCGTCAGGATTGG,4.177566817153672
39041,0.1497885547237259,8__nan,PertCortex_8_TAAGCGTGTTCAGACT,2.049840513479415
39042,0.09279514425364248,8__nan,PertCortex_8_TAAGCGTTCAATACCG,3.4236862427752666
39043,0.15161349234322524,8__nan,PertCortex_8_TAAGCGTTCAGCTGGC,3.5406594097712234
39044,0.08844573842126267,8__nan,PertCortex_8_TAAGCGTTCCTCAACC,3.9162405940988325
39045,0.17082756302941027,8__nan,PertCortex_8_TAAGTGCAGCAATATG,3.027778822172515
39046,0.14339310161487634,8__nan,PertCortex_8_TAAGTGCAGGATGGAA,3.4296528947491716
39047,0.07851754760458089,8__nan,PertCortex_8_TAAGTGCGTGCAGGTA,3.4848374010849974
39048,0.08971585569118329,8__nan,PertCortex_8_TAAGTGCTCCCAAGTA,3.5533253614059506
39049,0.08863890246516094,8__nan,PertCortex_8_TACACGAAGAGCCTAG,1.8782124544296395
39050,0.08564393225595812,8__nan,PertCortex_8_TACACGAAGGGTATCG,3.5321551788163177
39051,0.10269343852978968,8__nan,PertCortex_8_TACACGACAACCGCCA,5.588448594593078
39052,0.0706574160747205,8__nan,PertCortex_8_TACACGACACGGCCAT,3.0914149023472666
39053,0.06510552527250091,8__nan,PertCortex_8_TACACGACAGCGTAAG,2.9700311457065665
39054,0.18836244430525723,8__nan,PertCortex_8_TACACGACATGTCGAT,2.9609228077165475
39055,0.10468020623088513,8__nan,PertCortex_8_TACACGAGTACCATCA,4.977194542155526
39056,0.10479332069679581,8__nan,PertCortex_8_TACACGAGTATTCGTG,4.746765280365685
39057,0.17627497397363887,8__nan,PertCortex_8_TACAGTGCAAGTCTAC,4.938881332518802
39058,0.19486263161260778,8__nan,PertCortex_8_TACAGTGCAGTTCATG,4.739677811870458
39059,0.06913918613523674,8__nan,PertCortex_8_TACAGTGTCATCACCC,4.803942086973131
39060,0.13152696229480046,8__nan,PertCortex_8_TACCTATAGAGCTGGT,3.7537804426507253
39061,0.12046807242283608,8__nan,PertCortex_8_TACCTATAGGATCGCA,3.0924415503047196
39062,0.17042965678248367,8__nan,PertCortex_8_TACCTATAGTTGTCGT,3.9029874558376885
39063,0.1537523566315217,8__nan,PertCortex_8_TACCTATGTCTCGTTC,4.987507912784671
39064,0.1635552943993047,8__nan,PertCortex_8_TACCTTACAGATGAGC,3.389187290523485
39065,0.08710189054701609,8__nan,PertCortex_8_TACCTTACATGGGAAC,3.5359034198372328
39066,0.11580847523957147,8__nan,PertCortex_8_TACCTTACATGTAAGA,3.1640490217730357
39067,0.10538550864242806,8__nan,PertCortex_8_TACCTTAGTACCGTTA,4.858552976176799
39068,0.308756947805741,8__nan,PertCortex_8_TACCTTAGTAGCTGCC,2.2042369685292624
39069,0.1505726771952244,8__nan,PertCortex_8_TACCTTAGTCCATCCT,4.018811715033672
39070,0.07110042645787086,8__nan,PertCortex_8_TACCTTAGTCGGCTCA,3.4291364305834726
39071,0.12512897754741395,8__nan,PertCortex_8_TACCTTAGTGCTAGCC,3.9751935168267907
39072,0.1834733124445701,8__nan,PertCortex_8_TACGGATAGAATTGTG,5.304420301899363
39073,0.30544968978593356,8__nan,PertCortex_8_TACGGATAGGATGGAA,4.107435039730053
39074,0.056044178845122576,8__nan,PertCortex_8_TACGGATCAAAGAATC,3.6532631416826518
39075,0.10887320379496453,8__nan,PertCortex_8_TACGGATCACGAAGCA,4.945426632932414
39076,0.12213482885701059,8__nan,PertCortex_8_TACGGATGTCATATCG,4.644394713111326
39077,0.08753992504239702,8__nan,PertCortex_8_TACGGATTCAACGAAA,3.9772597561148286
39078,0.0632692872770532,8__nan,PertCortex_8_TACGGATTCACCGGGT,2.4683920089207505
39079,0.10090202778156579,8__nan,PertCortex_8_TACGGGCCACTGCCAG,4.493786170704684
39080,0.0929310903645324,8__nan,PertCortex_8_TACGGGCCAGACTCGC,3.3312523496369293
39081,0.1889929851007687,8__nan,PertCortex_8_TACGGGCTCCACTGGG,5.098527541371618
39082,0.1939601325801078,8__nan,PertCortex_8_TACGGGCTCCGTAGTA,3.342449754393795
39083,0.10268340042502025,8__nan,PertCortex_8_TACGGGCTCTTACCGC,3.2806988775816777
39084,0.2549273454097294,8__nan,PertCortex_8_TACGGTAAGAATAGGG,2.7884365959471644
39085,0.1679065837287646,8__nan,PertCortex_8_TACGGTAAGCCAGTTT,3.3749457913254712
39086,0.09246500861518374,8__nan,PertCortex_8_TACGGTAAGGCACATG,4.520649694745278
39087,0.2680858573461818,8__nan,PertCortex_8_TACGGTAGTTGTGGCC,2.537440754533155
39088,0.07393351543565768,8__nan,PertCortex_8_TACGGTATCAAAGTAG,4.139294385545278
39089,0.05573203628413689,8__nan,PertCortex_8_TACTCATAGCAGGTCA,3.839388062618312
39090,0.14309810207448606,8__nan,PertCortex_8_TACTCATCAAACAACA,3.412412580216225
39091,0.06255006862585723,8__nan,PertCortex_8_TACTCATCAACACCTA,4.06399872687377
39092,0.1256826857392688,8__nan,PertCortex_8_TACTCATCATCCCACT,3.349529846873269
39093,0.16716706879431817,8__nan,PertCortex_8_TACTCATGTGGCTCCA,4.967151856214825
39094,0.17915968040902228,8__nan,PertCortex_8_TACTCGCCAAGAAGAG,5.195220066467265
39095,0.12253571296432654,8__nan,PertCortex_8_TACTCGCCAGTCGTGC,4.94041124783308
39096,0.15510179732674234,8__nan,PertCortex_8_TACTCGCGTACCAGTT,4.221959276163569
39097,0.07091068306288073,8__nan,PertCortex_8_TACTTACAGTTCGATC,3.9226571542782516
39098,0.42498736332726944,8__nan,PertCortex_8_TACTTACCAGCGTTCG,1.8245383154662576
39099,0.09359788256214832,8__nan,PertCortex_8_TACTTACGTAGCGATG,3.7808954831928103
39100,0.11714395360686133,8__nan,PertCortex_8_TACTTACGTTATCGGT,4.312854767567922
39101,0.15061002315812513,8__nan,PertCortex_8_TACTTGTAGAGTACAT,4.657671030131724
39102,0.11925938953661669,8__nan,PertCortex_8_TACTTGTTCCGAACGC,4.383975470909263
39103,0.13149662413539542,8__nan,PertCortex_8_TACTTGTTCTCGCATC,4.239804031142272
39104,0.12438854585104321,8__nan,PertCortex_8_TAGACCACACGACGAA,5.1558200784153465
39105,0.052370907836274856,8__nan,PertCortex_8_TAGACCACAGGACGTA,2.5571578220289766
39106,0.2535515312196286,8__nan,PertCortex_8_TAGACCACATTTGCTT,3.1837627702875926
39107,0.07075410663804876,8__nan,PertCortex_8_TAGACCAGTATGCTTG,3.720008541158883
39108,0.09634162538001427,8__nan,PertCortex_8_TAGACCAGTGTTTGGT,4.689748796977996
39109,0.1398950684722725,8__nan,PertCortex_8_TAGACCATCAACGCTA,4.030321885942074
39110,0.17829239759683818,8__nan,PertCortex_8_TAGAGCTCAAACCCAT,2.1962698273857777
39111,0.3446240471714643,8__nan,PertCortex_8_TAGCCGGAGATGGCGT,1.410720197101348
39112,0.2301332997068727,8__nan,PertCortex_8_TAGCCGGAGCTTATCG,2.9198878902828396
39113,0.1626287129436857,8__nan,PertCortex_8_TAGCCGGGTACGCTGC,2.7977774875849333
39114,0.12022007582015534,8__nan,PertCortex_8_TAGCCGGGTCACACGC,3.2642422554051347
39115,0.17340512669121227,8__nan,PertCortex_8_TAGCCGGGTGCTGTAT,3.635382568970771
39116,0.1946763336904446,8__nan,PertCortex_8_TAGCCGGGTTGGTGGA,2.9890543450244134
39117,0.09099278948728287,8__nan,PertCortex_8_TAGCCGGTCTAACGGT,3.3802361830484653
39118,0.10285415613602293,8__nan,PertCortex_8_TAGGCATAGTCATGCT,4.728386542802175
39119,0.07398328197300467,8__nan,PertCortex_8_TAGGCATCAAAGTCAA,4.283888241499952
39120,0.11458612822388115,8__nan,PertCortex_8_TAGGCATGTTCTGGTA,3.316472319257677
39121,0.10693405691210156,8__nan,PertCortex_8_TAGTGGTAGAACAACT,4.630232990798163
39122,0.1063080305905959,8__nan,PertCortex_8_TAGTGGTTCATTGCGA,3.123703065159449
39123,0.06506555062968668,8__nan,PertCortex_8_TAGTTGGAGGCTACGA,4.888280225795096
39124,0.15267704289255601,8__nan,PertCortex_8_TAGTTGGGTCCCTACT,3.5755998450568462
39125,0.161554673434404,8__nan,PertCortex_8_TAGTTGGGTCCTCCAT,2.106760692321949
39126,0.1217144777398508,8__nan,PertCortex_8_TAGTTGGTCCCAAGTA,3.6159056209439657
39127,0.07744498032797431,8__nan,PertCortex_8_TATCAGGAGCGCCTCA,4.863028532823918
39128,0.08554367880474557,8__nan,PertCortex_8_TATCAGGAGTGTTTGC,5.413542186683295
39129,0.3653307346143243,8__nan,PertCortex_8_TATCAGGGTTATCGGT,3.957775776115563
39130,0.12933363545000534,8__nan,PertCortex_8_TATCAGGTCAATCACG,5.29891698478396
39131,0.3054276525645604,8__nan,PertCortex_8_TATCAGGTCGGTCCGA,2.0047252382335485
39132,0.16890488720727065,8__nan,PertCortex_8_TATCAGGTCTTAGCCC,3.856846981197678
39133,0.15804116525806303,8__nan,PertCortex_8_TATCTCAGTTCACGGC,4.82362686408017
39134,0.3307453261528289,8__nan,PertCortex_8_TATCTCATCAGTTAGC,2.1554553995295955
39135,0.11832204079200725,8__nan,PertCortex_8_TATGCCCAGAGGGATA,2.556211274248595
39136,0.09250383763388668,8__nan,PertCortex_8_TATGCCCAGGGTCGAT,2.6699208722046333
39137,0.1875350530972487,8__nan,PertCortex_8_TATGCCCGTCTGCCAG,3.922278184263442
39138,0.027460110672935377,8__nan,PertCortex_8_TATGCCCGTGCGGTAA,3.5029188902795587
39139,0.15337471434942657,8__nan,PertCortex_8_TATGCCCTCATGTCCC,5.368692484086155
39140,0.21872257593843328,8__nan,PertCortex_8_TATTACCAGGGAACGG,2.657851692478135
39141,0.058102051110348385,8__nan,PertCortex_8_TATTACCTCCTATTCA,3.31349568119915
39142,0.11680570345818239,8__nan,PertCortex_8_TCAACGAAGACTGGGT,3.2758071682542305
39143,0.1116373827878697,8__nan,PertCortex_8_TCAACGAAGCGGATCA,4.2432254778358836
39144,0.10786216762031416,8__nan,PertCortex_8_TCAACGAGTAAGAGGA,3.634383537270328
39145,0.22954575399559027,8__nan,PertCortex_8_TCAACGAGTCCCGACA,2.514396628011909
39146,0.23652302092261226,8__nan,PertCortex_8_TCAACGAGTGACCAAG,2.4470536820182702
39147,0.10523603017456165,8__nan,PertCortex_8_TCAATCTAGGAACTGC,3.3897793310217756
39148,0.13658310645452393,8__nan,PertCortex_8_TCAATCTGTCACAAGG,3.00784418706596
39149,0.5021793186226364,8__nan,PertCortex_8_TCAATCTGTCCATCCT,1.8067451474948881
39150,0.18618624755317636,8__nan,PertCortex_8_TCAATCTGTCCGTTAA,3.026406872904181
39151,0.1486303742219394,8__nan,PertCortex_8_TCAATCTGTTCGTTGA,5.148687558827841
39152,0.05035690435077241,8__nan,PertCortex_8_TCAATCTTCACATAGC,3.3025348361020677
39153,0.18593420548543,8__nan,PertCortex_8_TCAATCTTCGGTTAAC,2.5664853803999876
39154,0.15835612224177065,8__nan,PertCortex_8_TCAATCTTCTTCCTTC,2.4475743351509185
39155,0.17608650983256877,8__nan,PertCortex_8_TCACAAGCACCCATGG,4.594496223217711
39156,0.10824083930155547,8__nan,PertCortex_8_TCACAAGCAGAAGCAC,3.5252473043433765
39157,0.016382477336725484,8__nan,PertCortex_8_TCACAAGCAGATCGGA,3.0081667680132744
39158,0.23316213835854666,8__nan,PertCortex_8_TCACAAGCATGCCTTC,2.1252799049630813
39159,0.07148754563471876,8__nan,PertCortex_8_TCACAAGGTAGATTAG,4.3255924925238745
39160,0.16512743226673834,8__nan,PertCortex_8_TCACAAGTCATGCAAC,3.0488007337950696
39161,0.060680699846183704,8__nan,PertCortex_8_TCACGAAGTATTAGCC,3.9945408111640957
39162,0.19968753259819477,8__nan,PertCortex_8_TCAGATGCAATTGCTG,2.5519182078044507
39163,0.15081050443232227,8__nan,PertCortex_8_TCAGATGGTTCAGCGC,2.257381430111629
39164,0.055889568650177635,8__nan,PertCortex_8_TCAGATGTCAGCTCTC,3.7040528912691224
39165,0.18399447431027713,8__nan,PertCortex_8_TCAGCAAAGACAGAGA,2.412251927173149
39166,0.09218653044904461,8__nan,PertCortex_8_TCAGCAAAGCGTTGCC,2.902414968880431
39167,0.08133972068196903,8__nan,PertCortex_8_TCAGCAAAGGACAGCT,4.6499643873825915
39168,0.18120348555736374,8__nan,PertCortex_8_TCAGCAAGTAAACGCG,3.2938145925858744
39169,0.10904569239113632,8__nan,PertCortex_8_TCAGCAATCTGCAAGT,4.243702582187543
39170,0.07523225728471193,8__nan,PertCortex_8_TCAGCTCAGAAACCTA,3.975512576543766
39171,0.08643121591190828,8__nan,PertCortex_8_TCAGCTCAGTATGACA,3.516739060411356
39172,0.05607933601658501,8__nan,PertCortex_8_TCAGCTCCAATCCGAT,3.113403971015884
39173,0.2253538149927356,8__nan,PertCortex_8_TCAGCTCCACATTCGA,4.771304491958212
39174,0.09494962216499885,8__nan,PertCortex_8_TCAGCTCCACTAGTAC,3.2189045019751528
39175,0.13372360942266015,8__nan,PertCortex_8_TCAGCTCCAGGATCGA,5.131802806471951
39176,0.1538649408149903,8__nan,PertCortex_8_TCAGCTCCATCTCGCT,4.353513853427321
39177,0.17543679318704708,8__nan,PertCortex_8_TCAGCTCCATGCATGT,2.6944597143622193
39178,0.3308301575556124,8__nan,PertCortex_8_TCAGGATCACCGGAAA,2.267992766831164
39179,0.08833034141768076,8__nan,PertCortex_8_TCAGGATCATCCGTGG,4.327970070032511
39180,0.45816335063415675,8__nan,PertCortex_8_TCAGGATGTACCGTAT,1.9570531323649634
39181,0.10026029846576372,8__nan,PertCortex_8_TCAGGATTCAGCATGT,3.8913898553122857
39182,0.054520328570119625,8__nan,PertCortex_8_TCAGGATTCATATCGG,3.592617253680859
39183,0.1320328243883658,8__nan,PertCortex_8_TCAGGATTCTCGCATC,3.5413376029742314
39184,0.16685760337177835,8__nan,PertCortex_8_TCAGGTACAGAAGCAC,3.3448395608926647
39185,0.34975651106336714,8__nan,PertCortex_8_TCATTACAGCAACGGT,1.8299074851090114
39186,0.13813935578183573,8__nan,PertCortex_8_TCATTACAGGAGCGTT,3.2295212784819243
39187,0.15666502286984196,8__nan,PertCortex_8_TCATTACAGTGTGGCA,3.883247065576772
39188,0.1502373796688166,8__nan,PertCortex_8_TCATTACCATGAAGTA,4.860757921803108
39189,0.15483181481367717,8__nan,PertCortex_8_TCATTACGTGAACCTT,4.989168627120267
39190,0.11805470343513405,8__nan,PertCortex_8_TCATTTGGTTGATTGC,5.15362518229744
39191,0.14098681585589015,8__nan,PertCortex_8_TCATTTGTCTTGTTTG,3.0582316673990197
39192,0.07206788193863775,8__nan,PertCortex_8_TCCACACAGGCACATG,4.032952652016948
39193,0.07306565752282672,8__nan,PertCortex_8_TCCACACAGTAACCCT,3.6871056506084616
39194,0.12118351057297207,8__nan,PertCortex_8_TCCACACAGTAATCCC,3.6055683613980736
39195,0.4690073353276181,8__nan,PertCortex_8_TCCACACCACTTCTGC,1.7456960354347903
39196,0.1522433246840078,8__nan,PertCortex_8_TCCACACCAGGGCATA,5.080765940021493
39197,0.13312117661233536,8__nan,PertCortex_8_TCCACACCATAGGATA,3.8085610522669775
39198,0.09817893947484516,8__nan,PertCortex_8_TCCACACCATGAACCT,4.134967038504181
39199,0.11997658751797069,8__nan,PertCortex_8_TCCACACTCGACGGAA,2.985214878796419
39200,0.12722851920878617,8__nan,PertCortex_8_TCCACACTCGCGGATC,5.138912792830762
39201,0.3414309976597842,8__nan,PertCortex_8_TCCCGATAGGTGCTAG,2.131851732585218
39202,0.19915578620441976,8__nan,PertCortex_8_TCCCGATCAACAACCT,3.057391544657027
39203,0.1704095665432251,8__nan,PertCortex_8_TCCCGATCACTGCCAG,2.61510044383767
39204,0.10753499408302265,8__nan,PertCortex_8_TCCCGATCACTGTTAG,3.41473692242581
39205,0.18875002405480873,8__nan,PertCortex_8_TCGAGGCCAGATCGGA,2.908974647599242
39206,0.13260401977390815,8__nan,PertCortex_8_TCGAGGCTCGCGGATC,4.6506632014717395
39207,0.14819316054299306,8__nan,PertCortex_8_TCGCGAGCACCAGCAC,4.959137018790756
39208,0.20195312148135156,8__nan,PertCortex_8_TCGCGAGGTCTAAACC,3.0167134379460525
39209,0.05695334989374344,8__nan,PertCortex_8_TCGCGAGGTTCGTTGA,3.598304848790566
39210,0.1258998406630601,8__nan,PertCortex_8_TCGCGAGTCTTGAGGT,4.7793988486271175
39211,0.17145358851225556,8__nan,PertCortex_8_TCGCGTTCAAACGTGG,3.7965613667129885
39212,0.14332584647777136,8__nan,PertCortex_8_TCGCGTTTCAGCTGGC,4.531301111722996
39213,0.06640957823927764,8__nan,PertCortex_8_TCGCGTTTCCCTCTTT,3.7088257837853282
39214,0.06005312741936005,8__nan,PertCortex_8_TCGCGTTTCCTCGCAT,2.735171203621705
39215,0.08457442124435426,8__nan,PertCortex_8_TCGGGACAGCACGCCT,3.613604903068827
39216,0.521536678496097,8__nan,PertCortex_8_TCGGGACAGTAAGTAC,1.6138415965656796
39217,0.1027447975710776,8__nan,PertCortex_8_TCGGGACAGTAGATGT,4.224791298078909
39218,0.07418053438061167,8__nan,PertCortex_8_TCGGGACGTCGTTGTA,3.482040592244674
39219,0.18458119177346557,8__nan,PertCortex_8_TCGGGACTCCAAGCCG,3.241313244394898
39220,0.15156721386793587,8__nan,PertCortex_8_TCGGGACTCGTACCGG,4.865688988828326
39221,0.09535728921170909,8__nan,PertCortex_8_TCGGGACTCTGTACGA,4.32579622284352
39222,0.0609219738695739,8__nan,PertCortex_8_TCGGTAACACAGAGGT,2.7102319826042276
39223,0.18453069056627655,8__nan,PertCortex_8_TCGGTAACAGGATCGA,3.252661039655028
39224,0.17206342797686444,8__nan,PertCortex_8_TCGGTAAGTCTCCACT,3.0303970316978157
39225,0.062258262170761136,8__nan,PertCortex_8_TCGGTAAGTCTTCAAG,2.434586090581469
39226,0.15591887478724686,8__nan,PertCortex_8_TCGGTAAGTTCCATGA,4.64969485472542
39227,0.43233150719369123,8__nan,PertCortex_8_TCGTACCAGCTGCGAA,2.1032876601727732
39228,0.12981921723415354,8__nan,PertCortex_8_TCGTACCCACAGGTTT,4.504359138447656
39229,0.20346045048621278,8__nan,PertCortex_8_TCGTACCCAGCTCGAC,2.6368401208868772
39230,0.06134869780588102,8__nan,PertCortex_8_TCGTACCCATCCGGGT,3.6689972831592206
39231,0.05406544062887257,8__nan,PertCortex_8_TCGTACCGTGCAGGTA,4.35348570371654
39232,0.1466349594402747,8__nan,PertCortex_8_TCGTACCTCATGCATG,4.198305154140215
39233,0.1405241040101894,8__nan,PertCortex_8_TCGTACCTCCGTTGTC,4.193342301217316
39234,0.15943610767300626,8__nan,PertCortex_8_TCGTACCTCCTAAGTG,4.817079260840447
39235,0.053541138029075945,8__nan,PertCortex_8_TCGTAGAAGCAATCTC,3.602807466683057
39236,0.16307627951367293,8__nan,PertCortex_8_TCGTAGATCATGTCTT,2.6603710431609433
39237,0.34504812903865206,8__nan,PertCortex_8_TCTATTGAGTACGATA,2.317409642511761
39238,0.1905194102160391,8__nan,PertCortex_8_TCTCATAAGCGTTCCG,4.007064620569506
39239,0.2723222476377292,8__nan,PertCortex_8_TCTCATACAATAACGA,2.46104291994542
39240,0.12509617772971388,8__nan,PertCortex_8_TCTCATAGTAATCACC,4.920451884401878
39241,0.1288515130760893,8__nan,PertCortex_8_TCTCATAGTTGTGGCC,4.8861195015360375
39242,0.10241245387923276,8__nan,PertCortex_8_TCTCATATCTGCAAGT,3.0663765008192057
39243,0.07495870699679026,8__nan,PertCortex_8_TCTCTAAAGGTGCTTT,3.5114566035137895
39244,0.16302926308370722,8__nan,PertCortex_8_TCTCTAACAGTAAGCG,2.8965440287371402
39245,0.2469626953212909,8__nan,PertCortex_8_TCTCTAAGTAAGTTCC,3.0278638125483064
39246,0.07516332125537473,8__nan,PertCortex_8_TCTCTAAGTTTGTGTG,5.185585179084292
39247,0.07450476544815646,8__nan,PertCortex_8_TCTCTAATCCTCCTAG,5.2725723178759
39248,0.1310008269765252,8__nan,PertCortex_8_TCTCTAATCTTGTCAT,4.843680153198313
39249,0.12449786185905867,8__nan,PertCortex_8_TCTGAGACAGATCCAT,3.9797604543879053
39250,0.3589193631176714,8__nan,PertCortex_8_TCTGAGAGTCCGAACC,3.001467641649963
39251,0.21731834125861002,8__nan,PertCortex_8_TCTGAGATCCGAATGT,2.1951892009611464
39252,0.014539027723127344,8__nan,PertCortex_8_TCTGAGATCGACCAGC,2.9216700190448295
39253,0.18003880516162624,8__nan,PertCortex_8_TCTGGAACACAGGTTT,4.666890843127207
39254,0.07222612147927228,8__nan,PertCortex_8_TCTGGAACACATTCGA,2.7590203193116776
39255,0.0720156641997645,8__nan,PertCortex_8_TCTGGAATCACTTCAT,3.9401245478571587
39256,0.1350096853934832,8__nan,PertCortex_8_TCTGGAATCGACCAGC,3.81534538357976
39257,0.11322197780678941,8__nan,PertCortex_8_TCTTCGGCAGTAAGAT,2.6282877670304883
39258,0.1561876534867032,8__nan,PertCortex_8_TCTTCGGCATTACCTT,5.2668832185028585
39259,0.12963493049359578,8__nan,PertCortex_8_TCTTCGGTCGCAGGCT,4.171128506150933
39260,0.12967712573371526,8__nan,PertCortex_8_TCTTTCCAGCTCTCGG,4.247491508778232
39261,0.10346684139251247,8__nan,PertCortex_8_TCTTTCCAGGTGACCA,3.7570963593789544
39262,0.154479009104252,8__nan,PertCortex_8_TCTTTCCCAGGACGTA,2.9986607960403577
39263,0.18832078111209122,8__nan,PertCortex_8_TCTTTCCCATACCATG,4.692352288183702
39264,0.5066626649098591,8__nan,PertCortex_8_TCTTTCCGTGTATGGG,1.8880362205755015
39265,0.22420441710542818,8__nan,PertCortex_8_TCTTTCCTCACAGGCC,2.731745605544635
39266,0.13087937295742608,8__nan,PertCortex_8_TGAAAGAAGATCCGAG,2.7541678057372154
39267,0.15274092806744274,8__nan,PertCortex_8_TGAAAGACATTAACCG,3.1344532385097748
39268,0.10058400353165295,8__nan,PertCortex_8_TGAAAGAGTGGAAAGA,2.9840664947830136
39269,0.08230274556224641,8__nan,PertCortex_8_TGACAACAGGCAAAGA,3.764117177827548
39270,0.06921686747579225,8__nan,PertCortex_8_TGACAACCATTAACCG,3.9318616416594896
39271,0.07680824189129053,8__nan,PertCortex_8_TGACAACGTGAGGCTA,5.335876621615396
39272,0.1898253352260816,8__nan,PertCortex_8_TGACAACGTTGAGGTG,3.2291977087841635
39273,0.09091242190150005,8__nan,PertCortex_8_TGACAACTCATGCATG,4.05079721238456
39274,0.08172284891746522,8__nan,PertCortex_8_TGACAACTCCGGCACA,3.2888334028291615
39275,0.08153736588549207,8__nan,PertCortex_8_TGACGGCAGGTACTCT,4.444205233206807
39276,0.11500890893082381,8__nan,PertCortex_8_TGACGGCAGTGTTTGC,4.602693373913507
39277,0.131210532887908,8__nan,PertCortex_8_TGACGGCCAATCCGAT,3.2020637575430992
39278,0.0910760905861121,8__nan,PertCortex_8_TGACGGCCACGAAAGC,2.6986821326689507
39279,0.06682433631769265,8__nan,PertCortex_8_TGACGGCCAGTCGATT,5.009813135798892
39280,0.16739627443861327,8__nan,PertCortex_8_TGACGGCGTTTGCATG,1.7575270573097597
39281,0.1755606344225047,8__nan,PertCortex_8_TGACGGCTCAGCATGT,4.272411717171653
39282,0.15099884171297726,8__nan,PertCortex_8_TGACGGCTCGGCGCTA,5.307457736689066
39283,0.18986385184366622,8__nan,PertCortex_8_TGACGGCTCGGTTCGG,4.391411733225574
39284,0.10887670271892873,8__nan,PertCortex_8_TGACGGCTCGTAGGAG,2.7802156027603293
39285,0.16940330312261145,8__nan,PertCortex_8_TGACTAGAGAGTACAT,3.237884223397256
39286,0.08428703187469526,8__nan,PertCortex_8_TGACTAGAGGGTCTCC,3.8910580895841638
39287,0.1426113487242423,8__nan,PertCortex_8_TGACTAGAGGTGATTA,4.635206042498361
39288,0.11636253645378296,8__nan,PertCortex_8_TGACTAGGTGACGCCT,5.514457774861577
39289,0.1308359830506845,8__nan,PertCortex_8_TGACTAGTCCATGAGT,5.0958118964270085
39290,0.01821930937354032,8__nan,PertCortex_8_TGACTAGTCCCTTGTG,3.667375102042286
39291,0.17903857442281298,8__nan,PertCortex_8_TGACTTTAGATCTGAA,5.010217389699995
39292,0.07907738239540928,8__nan,PertCortex_8_TGACTTTCAATGAATG,2.885913063193611
39293,0.0898825200551281,8__nan,PertCortex_8_TGACTTTCATCGGAAG,4.760014510583962
39294,0.2919181544076223,8__nan,PertCortex_8_TGACTTTGTCTCAACA,2.8758226025149645
39295,0.18327141363894436,8__nan,PertCortex_8_TGACTTTGTGTGAATA,3.1324117006755117
39296,0.1535748566423273,8__nan,PertCortex_8_TGACTTTGTTCGAATC,2.7712229719339265
39297,0.14529943936558443,8__nan,PertCortex_8_TGACTTTTCACTTCAT,4.655355015775525
39298,0.05218059689051401,8__nan,PertCortex_8_TGACTTTTCGAACTGT,4.072511714307526
39299,0.07037208266614493,8__nan,PertCortex_8_TGACTTTTCGTTTGCC,2.2877950937706086
39300,0.13020575372062604,8__nan,PertCortex_8_TGACTTTTCTACTCAT,4.821074777149353
39301,0.20053434385647528,8__nan,PertCortex_8_TGAGAGGCATACGCCG,3.9501984096125815
39302,0.27196115919257785,8__nan,PertCortex_8_TGAGAGGTCACTATTC,1.712921541068209
39303,0.1804955519517409,8__nan,PertCortex_8_TGAGCATAGTACGACG,2.325581529531752
39304,0.1963870838096122,8__nan,PertCortex_8_TGAGCATCAATGCCAT,2.7834147522090054
39305,0.19155745995241835,8__nan,PertCortex_8_TGAGCATCATTTGCTT,3.4885429100016143
39306,0.362565348597447,8__nan,PertCortex_8_TGAGCATGTTGGACCC,2.211314047764166
39307,0.04331450542860642,8__nan,PertCortex_8_TGAGCATTCCTAGAAC,3.2704945626998017
39308,0.06750332578883844,8__nan,PertCortex_8_TGAGCCGGTCGCGTGT,4.441173036743499
39309,0.04673421848094907,8__nan,PertCortex_8_TGAGCCGTCTGCGTAA,2.599725224619227
39310,0.10543847014993113,8__nan,PertCortex_8_TGAGGGAAGATGTGGC,3.853382267560504
39311,0.15716625302194454,8__nan,PertCortex_8_TGAGGGAAGGAGTACC,2.6954396357559225
39312,0.43919046958984664,8__nan,PertCortex_8_TGAGGGACAAAGTGCG,2.0639272810383744
39313,0.1625792714080105,8__nan,PertCortex_8_TGAGGGACAGAAGCAC,5.141546450117351
39314,0.16405138365433716,8__nan,PertCortex_8_TGAGGGAGTGATAAAC,3.538629381249707
39315,0.1262730280485442,8__nan,PertCortex_8_TGAGGGAGTGTTAAGA,3.4057070782662775
39316,0.11896785313296378,8__nan,PertCortex_8_TGAGGGAGTGTTTGTG,5.29044723277873
39317,0.2983751176477859,8__nan,PertCortex_8_TGAGGGATCTCGGACG,1.9218384974278429
39318,0.10143155092459342,8__nan,PertCortex_8_TGATTTCAGACACGAC,4.893288572602269
39319,0.09463546908049873,8__nan,PertCortex_8_TGATTTCGTAGGCTGA,3.451778504512962
39320,0.1604325746795169,8__nan,PertCortex_8_TGCACCTAGCGCCTCA,2.3679000218237203
39321,0.14458125314277998,8__nan,PertCortex_8_TGCACCTCACTTAAGC,5.887116625771116
39322,0.14215960089322555,8__nan,PertCortex_8_TGCACCTCATCTCGCT,3.957740691589039
39323,0.03653080263945458,8__nan,PertCortex_8_TGCACCTCATTCACTT,3.2635187151882747
39324,0.08669948458272161,8__nan,PertCortex_8_TGCACCTGTGAGGCTA,3.5290843855905476
39325,0.09308647985370044,8__nan,PertCortex_8_TGCACCTGTGCAGGTA,4.147876381569569
39326,0.10868410339652068,8__nan,PertCortex_8_TGCCAAAAGCGATGAC,3.3069047276699277
39327,0.18514545084256842,8__nan,PertCortex_8_TGCCAAAGTACCGTAT,4.624978267838979
39328,0.15140429451256807,8__nan,PertCortex_8_TGCCAAAGTACTTCTT,5.0704110962405595
39329,0.23845703887076944,8__nan,PertCortex_8_TGCCAAAGTATTAGCC,2.2871172709089778
39330,0.18211647704219297,8__nan,PertCortex_8_TGCCAAAGTGCGCTTG,3.290894661780474
39331,0.07972115952358542,8__nan,PertCortex_8_TGCCAAATCAAACGGG,4.924171765510377
39332,0.1177242105194765,8__nan,PertCortex_8_TGCCCATAGGGAACGG,4.941592965351696
39333,0.15004978832899984,8__nan,PertCortex_8_TGCCCATGTAGAGCTG,5.0843037359513055
39334,0.1191106509097287,8__nan,PertCortex_8_TGCCCATTCCATTCTA,3.4820380747380306
39335,0.12329914409485106,8__nan,PertCortex_8_TGCCCTAAGCGAAGGG,5.283778549742549
39336,0.18014165524398712,8__nan,PertCortex_8_TGCCCTAAGCGATGAC,2.333899063566943
39337,0.11550478645811696,8__nan,PertCortex_8_TGCCCTAAGCTCAACT,1.8052360129400815
39338,0.07186699714432097,8__nan,PertCortex_8_TGCCCTACATGTTCCC,4.947727071159494
39339,0.0892185673548821,8__nan,PertCortex_8_TGCCCTATCGTTTGCC,3.344861900884978
39340,0.1454448043391042,8__nan,PertCortex_8_TGCGCAGCAGCTATTG,2.4790320226265514
39341,0.11702987878687278,8__nan,PertCortex_8_TGCGCAGGTAAACCTC,4.883888526801297
39342,0.08080390116511972,8__nan,PertCortex_8_TGCGCAGGTGAAATCA,5.004319075818769
39343,0.11248920233726495,8__nan,PertCortex_8_TGCGCAGTCCGTTGTC,3.255349720793317
39344,0.15193391833546696,8__nan,PertCortex_8_TGCGGGTCACAAGTAA,4.432832116378635
39345,0.09571405677202728,8__nan,PertCortex_8_TGCGGGTCAGTCTTCC,5.544102721001829
39346,0.25715515163424535,8__nan,PertCortex_8_TGCGGGTCATCCAACA,3.0591789821880186
39347,0.0595014160773541,8__nan,PertCortex_8_TGCGGGTGTAGTAGTA,3.0232813953032984
39348,0.1383472261540392,8__nan,PertCortex_8_TGCGGGTTCACAGTAC,3.57505739416263
39349,0.14268579629366776,8__nan,PertCortex_8_TGCGTGGAGAAACCTA,3.91489605130714
39350,0.09527927739091478,8__nan,PertCortex_8_TGCGTGGAGAGTCGGT,3.8003954882076854
39351,0.1444855535175161,8__nan,PertCortex_8_TGCGTGGAGTTTAGGA,5.279102098582985
39352,0.0844126150584975,8__nan,PertCortex_8_TGCGTGGCAGTTCATG,3.455592240483036
39353,0.09241507517211157,8__nan,PertCortex_8_TGCGTGGGTCACCTAA,4.746153578513594
39354,0.11675605818842472,8__nan,PertCortex_8_TGCGTGGGTTCGCGAC,4.510410566810331
39355,0.04569022771067809,8__nan,PertCortex_8_TGCGTGGTCGGCTTGG,3.421356501651738
39356,0.12193009463059228,8__nan,PertCortex_8_TGCTACCAGAGACTAT,1.7438267076305518
39357,0.31188602532935694,8__nan,PertCortex_8_TGCTACCAGAGCTGCA,2.329040939806457
39358,0.0815032563919999,8__nan,PertCortex_8_TGCTACCAGATCCCAT,3.1462255192443735
39359,0.19323903742484028,8__nan,PertCortex_8_TGCTACCAGTGGAGAA,5.113718409909263
39360,0.0873796096369577,8__nan,PertCortex_8_TGCTACCGTAAAGGAG,3.5465252004947594
39361,0.1842590634109715,8__nan,PertCortex_8_TGCTACCGTCCGACGT,3.4610126357487014
39362,0.1406283032937817,8__nan,PertCortex_8_TGCTACCGTTGCGCAC,3.9461983368984552
39363,0.09466004030713446,8__nan,PertCortex_8_TGCTGCTAGCGTGAGT,2.642958235292209
39364,0.16319418043522593,8__nan,PertCortex_8_TGCTGCTAGTGAATTG,5.465515633855124
39365,0.12460639992004674,8__nan,PertCortex_8_TGCTGCTCACAGCGTC,4.988558231497133
39366,0.09212844085329211,8__nan,PertCortex_8_TGCTGCTCACGCGAAA,3.9594712183540164
39367,0.1183667158782113,8__nan,PertCortex_8_TGCTGCTGTTAAGAAC,3.3000997674293084
39368,0.07651313340464418,8__nan,PertCortex_8_TGCTGCTTCAATACCG,3.6691245706612747
39369,0.10254875909013078,8__nan,PertCortex_8_TGCTGCTTCGATGAGG,3.2495926192368443
39370,0.44149649502198385,8__nan,PertCortex_8_TGCTGCTTCTGGTGTA,1.8676237552259671
39371,0.17955108858915725,8__nan,PertCortex_8_TGGACGCAGCCACTAT,2.8042102328550453
39372,0.11302386429879535,8__nan,PertCortex_8_TGGACGCGTCCTGCTT,3.466993809297765
39373,0.14890128596792146,8__nan,PertCortex_8_TGGCCAGAGCCAGAAC,5.198462292201975
39374,0.18734953701244172,8__nan,PertCortex_8_TGGCCAGAGGAATTAC,2.865602585039036
39375,0.14130321173747923,8__nan,PertCortex_8_TGGCCAGAGTCAAGCG,2.935110816382108
39376,0.09259851166817556,8__nan,PertCortex_8_TGGCCAGCAGGAATCG,3.275056598603257
39377,0.21351717245726193,8__nan,PertCortex_8_TGGCCAGGTGCAGGTA,3.0122501909224684
39378,0.0775078386180224,8__nan,PertCortex_8_TGGCCAGTCACAACGT,2.716425984910504
39379,0.509486033464552,8__nan,PertCortex_8_TGGCGCAGTAGCTCCG,1.8588030027298197
39380,0.2781973942149136,8__nan,PertCortex_8_TGGCGCAGTCCGAGTC,2.009909411227845
39381,0.15424043306970384,8__nan,PertCortex_8_TGGCGCATCAGGCCCA,2.6876911381742072
39382,0.14895690762724467,8__nan,PertCortex_8_TGGCTGGAGGGCTCTC,2.461945250044897
39383,0.5106428061795509,8__nan,PertCortex_8_TGGCTGGAGTATCGAA,1.6153614414455653
39384,0.14892932098988282,8__nan,PertCortex_8_TGGCTGGAGTTACGGG,2.2746003424888066
39385,0.024018123310485834,8__nan,PertCortex_8_TGGCTGGCACACAGAG,3.1247945395746264
39386,0.12450301936018633,8__nan,PertCortex_8_TGGCTGGGTACGACCC,3.459656221444687
39387,0.12555746806896304,8__nan,PertCortex_8_TGGCTGGGTATCGCAT,4.865907031981893
39388,0.16853899169615458,8__nan,PertCortex_8_TGGCTGGGTCTCCATC,3.447352923740562
39389,0.18175038115581435,8__nan,PertCortex_8_TGGCTGGTCTCGAGTA,2.177832759323429
39390,0.0900312623823369,8__nan,PertCortex_8_TGGGAAGAGACAGACC,2.513111868202035
39391,0.049976078374784974,8__nan,PertCortex_8_TGGGAAGAGTTACCCA,3.894155066451484
39392,0.21556353437091594,8__nan,PertCortex_8_TGGGAAGCATCCTAGA,1.2804208317170647
39393,0.11493742592991005,8__nan,PertCortex_8_TGGGAAGCATCGGGTC,3.2382821211398793
39394,0.055437770687763684,8__nan,PertCortex_8_TGGGCGTCAAAGCAAT,3.85586531547791
39395,0.1027595383790218,8__nan,PertCortex_8_TGGGCGTTCATCGATG,3.538644728931263
39396,0.1465635241168262,8__nan,PertCortex_8_TGGTTAGGTCGAGTTT,3.05524757298663
39397,0.10019235588897826,8__nan,PertCortex_8_TGGTTAGGTGGGTCAA,4.208770208275131
39398,0.0667516973275054,8__nan,PertCortex_8_TGGTTCCAGCGTTTAC,3.5124312085026443
39399,0.14085018567592858,8__nan,PertCortex_8_TGGTTCCCAGGACCCT,4.438070175553819
39400,0.11473124136416384,8__nan,PertCortex_8_TGGTTCCCATCACGAT,3.2960126031808277
39401,0.19338275278280181,8__nan,PertCortex_8_TGGTTCCTCATTCACT,4.8531418016513435
39402,0.04778288957243129,8__nan,PertCortex_8_TGGTTCCTCGAGGTAG,4.033936964938395
39403,0.4333511068097236,8__nan,PertCortex_8_TGTATTCAGACTGGGT,1.081334202062607
39404,0.16412597546750143,8__nan,PertCortex_8_TGTATTCAGAGGGCTT,2.972320756085831
39405,0.07453347211923558,8__nan,PertCortex_8_TGTATTCGTCATACTG,4.664024998911383
39406,0.16535037024701527,8__nan,PertCortex_8_TGTATTCTCAGCTCGG,3.2747308031502302
39407,0.21572064162766763,8__nan,PertCortex_8_TGTCCCAAGTCTCCTC,4.910335913712974
39408,0.13095305397332824,8__nan,PertCortex_8_TGTCCCAGTAGAAAGG,2.668846693817925
39409,0.10267377693731704,8__nan,PertCortex_8_TGTGGTATCAGTTGAC,3.467287285602325
39410,0.13994930286676344,8__nan,PertCortex_8_TGTGGTATCGAGGTAG,3.8168686314496973
39411,0.1598704362011166,8__nan,PertCortex_8_TGTGTTTAGAGGTAGA,4.247808460353663
39412,0.09748045878955111,8__nan,PertCortex_8_TGTGTTTCAGTGAGTG,2.744485477360057
39413,0.05978930379341502,8__nan,PertCortex_8_TGTGTTTCATGACATC,2.2898826907701824
39414,0.08774066531246524,8__nan,PertCortex_8_TGTGTTTGTATTACCG,3.5529387003220463
39415,0.06996440792538479,8__nan,PertCortex_8_TGTGTTTGTCTCTCGT,3.755872018603582
39416,0.20249086283765097,8__nan,PertCortex_8_TGTTCCGAGAACAACT,2.414353466376356
39417,0.1264608555885192,8__nan,PertCortex_8_TGTTCCGCACTAAGTC,3.675428209573453
39418,0.0632935664233265,8__nan,PertCortex_8_TGTTCCGGTCCAGTTA,2.467016068157158
39419,0.12395820183203363,8__nan,PertCortex_8_TGTTCCGGTCTCACCT,5.1920749873320675
39420,0.306378026955011,8__nan,PertCortex_8_TGTTCCGGTTCAACCA,3.16418656502234
39421,0.11051688393962678,8__nan,PertCortex_8_TGTTCCGGTTGATTCG,5.331256481391997
39422,0.3030757152829304,8__nan,PertCortex_8_TGTTCCGTCACAATGC,2.4377803563263614
39423,0.10919229214164766,8__nan,PertCortex_8_TGTTCCGTCCGCGTTT,3.597143046832597
39424,0.1873577726864352,8__nan,PertCortex_8_TGTTCCGTCTGGGCCA,1.7564757418459371
39425,0.16738214460070305,8__nan,PertCortex_8_TTAACTCAGAAGGGTA,2.261459664989836
39426,0.1276701619128387,8__nan,PertCortex_8_TTAACTCAGGACGAAA,2.4326918945150435
39427,0.16716381856237195,8__nan,PertCortex_8_TTAACTCAGTAATCCC,3.1686424035947285
39428,0.07746996016237866,8__nan,PertCortex_8_TTAACTCAGTGAACGC,3.2400000626893752
39429,0.1401826509364621,8__nan,PertCortex_8_TTAACTCAGTGACTCT,4.834985695736201
39430,0.09883596038340872,8__nan,PertCortex_8_TTAACTCAGTTTGCGT,2.71578827893703
39431,0.1461729611741421,8__nan,PertCortex_8_TTAACTCCATGCCTTC,2.788968687546949
39432,0.07327113749091313,8__nan,PertCortex_8_TTAACTCGTAAGAGAG,4.185632855491391
39433,0.13703447376299258,8__nan,PertCortex_8_TTAACTCGTGTGGTTT,4.367722310398036
39434,0.24610324680246587,8__nan,PertCortex_8_TTAACTCTCGGGAGTA,2.5967403039518486
39435,0.05305125457078238,8__nan,PertCortex_8_TTAGGACCACCGAATT,4.141674395985125
39436,0.134032095609882,8__nan,PertCortex_8_TTAGGACTCAGAGGTG,2.524254764065473
39437,0.1277934638414201,8__nan,PertCortex_8_TTAGGACTCTTGCCGT,3.0096255691319467
39438,0.1937866507714184,8__nan,PertCortex_8_TTAGGCAAGGACGAAA,2.830286305975179
39439,0.1745109442040916,8__nan,PertCortex_8_TTAGGCACAATCACAC,4.718495190588674
39440,0.09017187056808951,8__nan,PertCortex_8_TTAGGCATCGACAGCC,3.34490324563217
39441,0.10107586289436186,8__nan,PertCortex_8_TTAGGCATCGCGTAGC,2.3874854765798093
39442,0.4870274984778419,8__nan,PertCortex_8_TTAGTTCAGGGTTCCC,1.7158181225263878
39443,0.18843579653090434,8__nan,PertCortex_8_TTAGTTCCAGTTAACC,3.794761309721577
39444,0.1241283819281971,8__nan,PertCortex_8_TTAGTTCCATACAGCT,2.9106329857222737
39445,0.049780577312101476,8__nan,PertCortex_8_TTAGTTCTCTCGCTTG,2.9319978071382393
39446,0.3283278140409418,8__nan,PertCortex_8_TTATGCTAGACACTAA,2.509932843486596
39447,0.22930620206080826,8__nan,PertCortex_8_TTATGCTTCAGTTCGA,2.6043530376405224
39448,0.13758732145243618,8__nan,PertCortex_8_TTCCCAGAGGGTATCG,1.7061264978775275
39449,0.08165489489912356,8__nan,PertCortex_8_TTCCCAGGTCTAGTCA,2.2994319490183766
39450,0.18024954854876435,8__nan,PertCortex_8_TTCCCAGGTTAGTGGG,4.618965405818188
39451,0.21006610108513737,8__nan,PertCortex_8_TTCCCAGTCAGATAAG,4.559810904396812
39452,0.19241153389561727,8__nan,PertCortex_8_TTCGAAGAGGAGCGTT,3.012100865526169
39453,0.0888247955470039,8__nan,PertCortex_8_TTCGAAGAGTGAAGTT,3.733038390557685
39454,0.5070457037441229,8__nan,PertCortex_8_TTCGAAGCATTGAGCT,1.9136004967064524
39455,0.10695479690928288,8__nan,PertCortex_8_TTCGAAGTCCTTTACA,2.3369717938942927
39456,0.2566297398606535,8__nan,PertCortex_8_TTCGGTCCACGAAACG,1.759784440766739
39457,0.12237483622987928,8__nan,PertCortex_8_TTCGGTCCATGTTCCC,3.9738255709728536
39458,0.1310213094205781,8__nan,PertCortex_8_TTCGGTCCATTTCACT,4.015593235333355
39459,0.17442451781265922,8__nan,PertCortex_8_TTCGGTCGTAAGAGAG,3.016213775013646
39460,0.2103312934773517,8__nan,PertCortex_8_TTCGGTCTCAGAGACG,5.08712735548244
39461,0.3040498776744825,8__nan,PertCortex_8_TTCGGTCTCTTCTGGC,2.186094633680087
39462,0.05217193552575277,8__nan,PertCortex_8_TTCTACAAGCGTGTCC,4.403836544190064
39463,0.43852121517721404,8__nan,PertCortex_8_TTCTACAAGGCATGTG,1.881280065925892
39464,0.17706922793106553,8__nan,PertCortex_8_TTCTACAGTAACGCGA,3.1123874316815496
39465,0.32979671046868897,8__nan,PertCortex_8_TTCTACAGTTCGTGAT,1.6712201244629243
39466,0.21884577048855913,8__nan,PertCortex_8_TTCTCAACAATCTGCA,2.641892558869641
39467,0.18516521839409048,8__nan,PertCortex_8_TTCTCAAGTATCAGTC,2.3501762246788167
39468,0.43730992069062175,8__nan,PertCortex_8_TTCTCAAGTTGGGACA,2.4269980195810117
39469,0.14465589673679574,8__nan,PertCortex_8_TTCTCAAGTTTAGGAA,4.402029733180468
39470,0.14314115120318213,8__nan,PertCortex_8_TTCTCAATCTCTTGAT,2.4845811218980924
39471,0.09580608233257355,8__nan,PertCortex_8_TTCTCAATCTGCCAGG,3.6537034482972017
39472,0.13740306921213657,8__nan,PertCortex_8_TTCTTAGAGGTACTCT,4.819450259513408
39473,0.17193949115254517,8__nan,PertCortex_8_TTCTTAGGTAAGGGAA,3.5854172142177756
39474,0.1431065840434647,8__nan,PertCortex_8_TTCTTAGGTAGCGTGA,4.067877086486354
39475,0.03823640455049793,8__nan,PertCortex_8_TTCTTAGGTTCACGGC,4.208237751267203
39476,0.08543818539654628,8__nan,PertCortex_8_TTCTTAGGTTCAGGCC,3.0539786655859817
39477,0.0606982779102145,8__nan,PertCortex_8_TTCTTAGTCACCAGGC,4.121719868348065
39478,0.09547951518699682,8__nan,PertCortex_8_TTCTTAGTCACCTCGT,4.7976487929107945
39479,0.09222717820992644,8__nan,PertCortex_8_TTCTTAGTCTTAGCCC,4.414536422087815
39480,0.49777274912364267,8__nan,PertCortex_8_TTGAACGCAACAACCT,1.5006179713339067
39481,0.05599874803009328,8__nan,PertCortex_8_TTGAACGGTCTAGTGT,3.1016845298102353
39482,0.16439962823472706,8__nan,PertCortex_8_TTGAACGGTTCGCGAC,3.503050982089733
39483,0.13199344966759577,8__nan,PertCortex_8_TTGAACGTCCTTGGTC,5.174710317038087
39484,0.08827609598038266,8__nan,PertCortex_8_TTGACTTCAGGGATTG,2.954598634695747
39485,0.10518004327692516,8__nan,PertCortex_8_TTGACTTCATCTCCCA,5.348027335197322
39486,0.1887142389278596,8__nan,PertCortex_8_TTGACTTGTATCTGCA,2.9447814487644624
39487,0.14883364258303966,8__nan,PertCortex_8_TTGCCGTCAATCCGAT,4.935460134544397
39488,0.11367442889279161,8__nan,PertCortex_8_TTGCCGTCAGGATCGA,4.206490230117734
39489,0.10602830928230904,8__nan,PertCortex_8_TTGCCGTGTCGCTTTC,4.240955694666564
39490,0.21413889875972839,8__nan,PertCortex_8_TTGCCGTTCTATCGCC,2.701211048372704
39491,0.11381707312674973,8__nan,PertCortex_8_TTGCGTCAGCAAATCA,4.840909883209962
39492,0.07118092252292242,8__nan,PertCortex_8_TTGCGTCCACCAGCAC,3.7705172293535125
39493,0.1352541770122622,8__nan,PertCortex_8_TTGCGTCCAGTGGAGT,5.420678689435531
39494,0.2933701916784663,8__nan,PertCortex_8_TTGCGTCCATCCCACT,2.4353775259789536
39495,0.10940261880167132,8__nan,PertCortex_8_TTGCGTCTCTGTCCGT,2.837142940218725
39496,0.11040674657998673,8__nan,PertCortex_8_TTGGAACAGCTACCTA,4.413459518950767
39497,0.07409266963636456,8__nan,PertCortex_8_TTGGAACGTACAGTTC,4.538251043963349
39498,0.18883439959772136,8__nan,PertCortex_8_TTGGAACGTTTCGCTC,3.873776161993708
39499,0.15313656386122584,8__nan,PertCortex_8_TTGGAACTCTTGCAAG,4.876236902451343
39500,0.07957964495302791,8__nan,PertCortex_8_TTGGCAAAGAAGGCCT,3.9178526325855647
39501,0.07892301573041126,8__nan,PertCortex_8_TTGGCAAAGGCTCATT,3.491599599152505
39502,0.5502365785712616,8__nan,PertCortex_8_TTGGCAAGTTGCTCCT,1.6048848906636395
39503,0.21500689403809395,8__nan,PertCortex_8_TTGGCAATCTACCTGC,4.596298810950476
39504,0.14262203368919157,8__nan,PertCortex_8_TTGTAGGAGGAGTTTA,4.446279778541284
39505,0.07240534995448826,8__nan,PertCortex_8_TTGTAGGAGTCTCGGC,2.992438444698404
39506,0.14981530101606277,8__nan,PertCortex_8_TTGTAGGCAATTCCTT,3.468572115009002
39507,0.37479844181543126,8__nan,PertCortex_8_TTGTAGGCAGTCCTTC,1.8335215329315893
39508,0.10243207396653452,8__nan,PertCortex_8_TTGTAGGCATCGGACC,3.515647602394816
39509,0.16299929729988574,8__nan,PertCortex_8_TTGTAGGTCAGTGTTG,5.095106513579864
39510,0.43369948697880717,8__nan,PertCortex_8_TTGTAGGTCTTCAACT,2.0011094026156275
39511,0.13374527689630566,8__nan,PertCortex_8_TTTACTGCAAATTGCC,3.261056463570954
39512,0.048257997200091045,8__nan,PertCortex_8_TTTACTGCATCACGTA,1.9459419601469548
39513,0.12588675248096134,8__nan,PertCortex_8_TTTACTGGTTCAGACT,3.796430333496394
39514,0.13349031755957796,8__nan,PertCortex_8_TTTACTGGTTCGCGAC,4.192900483115642
39515,0.12410415237372731,8__nan,PertCortex_8_TTTATGCCAAACCTAC,4.590226434723822
39516,0.1363033127012285,8__nan,PertCortex_8_TTTCCTCAGCAGCCTC,4.625416383441642
39517,0.08208796551448605,8__nan,PertCortex_8_TTTCCTCAGGACCACA,2.304679193005999
39518,0.19410750028682042,8__nan,PertCortex_8_TTTCCTCAGGGCTTGA,2.3797888507714564
39519,0.09952379911028614,8__nan,PertCortex_8_TTTCCTCCAAATCCGT,3.058755277429099
39520,0.11743932065129287,8__nan,PertCortex_8_TTTCCTCGTGCTCTTC,4.7979175201939235
39521,0.37884116157223674,8__nan,PertCortex_8_TTTCCTCGTTGGAGGT,1.8481872413593414
39522,0.09804526492899698,8__nan,PertCortex_8_TTTCCTCTCAAGAAGT,3.749785358626666
39523,0.15113666669607909,8__nan,PertCortex_8_TTTCCTCTCTTATCTG,4.959254976466105
39524,0.04931912575178136,8__nan,PertCortex_8_TTTCCTCTCTTGTATC,3.5273201509370002
39525,0.16079548685989892,8__nan,PertCortex_8_TTTGCGCAGCGAGAAA,2.7606226299568815
39526,0.15438491947707447,8__nan,PertCortex_8_TTTGCGCAGGGCTTCC,3.2443442017850135
39527,0.09626199119349702,8__nan,PertCortex_8_TTTGCGCGTTCGCGAC,4.5211885881119365
39528,0.14589581544605415,8__nan,PertCortex_8_TTTGCGCGTTGAGGTG,3.0433461454605286
39529,0.10697725686575496,8__nan,PertCortex_8_TTTGCGCGTTTGGCGC,3.980937686241732
39530,0.09738924767608902,8__nan,PertCortex_8_TTTGCGCTCAGATAAG,4.453960434957633
39531,0.027159612031221803,8__nan,PertCortex_8_TTTGGTTCACGTCAGC,2.6126217749673195
39532,0.3523689969672273,8__nan,PertCortex_8_TTTGGTTGTTCCATGA,2.1946187596866795
39533,0.168172427400217,8__nan,PertCortex_8_TTTGGTTTCCCAAGTA,3.663243988013127
39534,0.1117854357311049,8__nan,PertCortex_8_TTTGTCAAGCGCTTAT,4.933338279061235
39535,0.08761617274284138,8__nan,PertCortex_8_TTTGTCACACTTAACG,4.074434194926511
39536,0.17029239973081473,8__nan,PertCortex_8_TTTGTCAGTAAGCACG,4.207424362074441
39537,0.08035153970687413,9__nan,PertCortex_9_AAACCTGCAGCTGTTA,4.242203580453288
39538,0.1522713275367048,9__nan,PertCortex_9_AAACCTGTCCAGAGGA,2.985250252639312
39539,0.5273077762052443,9__nan,PertCortex_9_AAAGATGCATGCCTAA,1.8409351526427717
39540,0.11688102137295317,9__nan,PertCortex_9_AAAGATGGTCTGATCA,3.390267791104286
39541,0.2008539243761638,9__nan,PertCortex_9_AAAGCAAAGTGGACGT,4.684722460885373
39542,0.11395930340706215,9__nan,PertCortex_9_AAAGCAAAGTGGGATC,4.940595739098259
39543,0.45281527544726774,9__nan,PertCortex_9_AAAGCAACAGCCACCA,1.9390290045607315
39544,0.2491438832195425,9__nan,PertCortex_9_AAAGCAAGTCCGACGT,2.3523586498057374
39545,0.2134783343839629,9__nan,PertCortex_9_AAAGCAATCATGTCTT,2.550610851202353
39546,0.40082833219694464,9__nan,PertCortex_9_AAAGTAGGTCAGAATA,2.043666864216213
39547,0.11130992640217253,9__nan,PertCortex_9_AAAGTAGTCACATAGC,4.458697811416848
39548,0.17586660310238825,9__nan,PertCortex_9_AAATGCCTCATCTGCC,3.216505353736943
39549,0.10091016367840012,9__nan,PertCortex_9_AACACGTCATCGACGC,3.8491779492777467
39550,0.11935495580814726,9__nan,PertCortex_9_AACACGTGTAGGGTAC,4.033269554449
39551,0.07663649013519812,9__nan,PertCortex_9_AACCATGGTCGGGTCT,3.8970789319392765
39552,0.030749120446057845,9__nan,PertCortex_9_AACCGCGAGCGTGTCC,3.2385173329926817
39553,0.13806190356195477,9__nan,PertCortex_9_AACCGCGGTTAGAACA,5.648778805079319
39554,0.44218938714139944,9__nan,PertCortex_9_AACCGCGTCAAGCCTA,1.623039848355254
39555,0.5520818807994209,9__nan,PertCortex_9_AACGTTGTCAGCTCGG,1.489426635679754
39556,0.15247708596752546,9__nan,PertCortex_9_AACTCAGAGATCCCGC,5.303280604644869
39557,0.04218118612684514,9__nan,PertCortex_9_AACTCAGAGTGGGTTG,3.3419444618117122
39558,0.18833123140615746,9__nan,PertCortex_9_AACTCCCCACGTCTCT,3.1674243114142726
39559,0.20520500876080314,9__nan,PertCortex_9_AACTCTTAGGATGTAT,2.337112658180811
39560,0.07578084888117441,9__nan,PertCortex_9_AACTCTTCAACTGCTA,3.4729681592021824
39561,0.5264513399439681,9__nan,PertCortex_9_AACTGGTCATGGTTGT,1.731448498370363
39562,0.48898546859750225,9__nan,PertCortex_9_AACTGGTGTGCAACTT,1.707374843594653
39563,0.2862087337663318,9__nan,PertCortex_9_AACTGGTGTGTGCGTC,2.6059552858493826
39564,0.045955846823887335,9__nan,PertCortex_9_AACTGGTTCCAGATCA,2.951338194005279
39565,0.1479350677043395,9__nan,PertCortex_9_AACTGGTTCTGCTGTC,4.406944825145931
39566,0.21949929642654575,9__nan,PertCortex_9_AACTTTCCAAGCTGGA,2.473885551968103
39567,0.12897658135923065,9__nan,PertCortex_9_AACTTTCGTATTCGTG,3.0180802850017114
39568,0.15120655824653909,9__nan,PertCortex_9_AAGACCTTCTCTGAGA,4.083248055532274
39569,0.17158487553058255,9__nan,PertCortex_9_AAGGAGCTCGTCTGCT,4.370194939559737
39570,0.12571850932969747,9__nan,PertCortex_9_AAGGCAGAGGAGCGAG,4.422047928067918
39571,0.5865428111324944,9__nan,PertCortex_9_AAGGCAGGTAGGGTAC,1.627944720664154
39572,0.08581185811054794,9__nan,PertCortex_9_AAGGTTCGTGCACGAA,3.688528487872645
39573,0.15281133164008248,9__nan,PertCortex_9_AAGGTTCGTGTCGCTG,3.4201914544572127
39574,0.5501996863303815,9__nan,PertCortex_9_AAGGTTCTCGAGGTAG,1.228436922426834
39575,0.19052519333352164,9__nan,PertCortex_9_AAGGTTCTCTAGAGTC,3.4539082826183276
39576,0.23104786372048958,9__nan,PertCortex_9_AAGGTTCTCTGCTGTC,3.448369362838371
39577,0.3427097764433126,9__nan,PertCortex_9_AAGTCTGAGCGACGTA,2.499598273568524
39578,0.42084334005483803,9__nan,PertCortex_9_AAGTCTGAGTAACCCT,1.9534013383921118
39579,0.2826106845608001,9__nan,PertCortex_9_AAGTCTGGTACAGTGG,1.993662886560314
39580,0.1418062974682186,9__nan,PertCortex_9_AAGTCTGGTGGTCTCG,3.382174108045684
39581,0.26041047808745066,9__nan,PertCortex_9_AATCCAGGTTATCCGA,1.8555959903602472
39582,0.1318932904506321,9__nan,PertCortex_9_AATCCAGGTTTAGCTG,3.809044509609613
39583,0.1743713045316954,9__nan,PertCortex_9_AATCGGTCACCATGTA,3.182680359921308
39584,0.07574302056471946,9__nan,PertCortex_9_AATCGGTCACGACTCG,3.194743326516775
39585,0.20536087595935618,9__nan,PertCortex_9_AATCGGTTCACCCGAG,3.5097067872252983
39586,0.19432914914885008,9__nan,PertCortex_9_ACACCAAAGCTCAACT,4.39927379659812
39587,0.14227677850781495,9__nan,PertCortex_9_ACACCAACACCGAATT,4.233025186133278
39588,0.14351316797143954,9__nan,PertCortex_9_ACACCAATCAGGCGAA,5.176029905084811
39589,0.30040411932941463,9__nan,PertCortex_9_ACACCAATCTGCTGTC,4.0743481521113525
39590,0.1457472400005056,9__nan,PertCortex_9_ACACCCTCACCAGATT,3.6574419208222997
39591,0.06046982802926195,9__nan,PertCortex_9_ACACCCTCACGTTGGC,3.6733482231295027
39592,0.15558040157918984,9__nan,PertCortex_9_ACACCCTGTAACGTTC,2.7704422962458204
39593,0.28313888079665805,9__nan,PertCortex_9_ACACCCTTCGTCTGCT,1.9430550273247438
39594,0.13503432772913102,9__nan,PertCortex_9_ACACCGGCATTAGCCA,2.868684218073002
39595,0.20731509696266023,9__nan,PertCortex_9_ACACTGAAGTGAAGTT,4.626509351382125
39596,0.5070972339378159,9__nan,PertCortex_9_ACACTGACAATGGAAT,1.7407494900430183
39597,0.1198359012165409,9__nan,PertCortex_9_ACACTGACAGATCCAT,5.027421127906009
39598,0.14457959654147615,9__nan,PertCortex_9_ACACTGACATGTTGAC,3.9261633688028574
39599,0.11671256414700577,9__nan,PertCortex_9_ACACTGAGTCTAGTGT,4.09431507701486
39600,0.6040704875498231,9__nan,PertCortex_9_ACACTGATCGCAAGCC,1.425939868000593
39601,0.13310219925750513,9__nan,PertCortex_9_ACAGCCGCACCAGTTA,4.917133661669684
39602,0.16132047718880713,9__nan,PertCortex_9_ACAGCCGGTTAAGACA,2.3020431486401263
39603,0.06160031669320798,9__nan,PertCortex_9_ACAGCTAAGTCGTTTG,4.284797324190442
39604,0.0669224462984544,9__nan,PertCortex_9_ACATACGGTAGTACCT,5.624395687642951
39605,0.10019768690449446,9__nan,PertCortex_9_ACATCAGCACTTCGAA,4.260333364204459
39606,0.2866402207462121,9__nan,PertCortex_9_ACATGGTCACAGATTC,2.660874772147229
39607,0.19305904754879208,9__nan,PertCortex_9_ACATGGTTCGCCATAA,3.533733088322963
39608,0.07929441108028315,9__nan,PertCortex_9_ACCAGTAAGCGACGTA,3.9334421577769607
39609,0.13176588574157452,9__nan,PertCortex_9_ACCAGTACACGCTTTC,3.487015143705689
39610,0.08492921562073401,9__nan,PertCortex_9_ACCAGTATCATGTCCC,2.4782371172807216
39611,0.181210521997566,9__nan,PertCortex_9_ACCCACTAGCTAGCCC,3.0625249401125103
39612,0.19300698670296657,9__nan,PertCortex_9_ACCCACTAGCTGCAAG,1.8971435467297315
39613,0.3062473054879272,9__nan,PertCortex_9_ACCCACTGTCAATACC,1.9326637199035595
39614,0.20444467612040593,9__nan,PertCortex_9_ACCGTAAAGATACACA,2.033120084674741
39615,0.5351774184957557,9__nan,PertCortex_9_ACCGTAAAGCTGCCCA,1.7588889996134958
39616,0.15367317018905707,9__nan,PertCortex_9_ACCGTAATCAAAGACA,3.1556253139560777
39617,0.26709118544749577,9__nan,PertCortex_9_ACCTTTAAGGGTTTCT,1.6302671120628256
39618,0.21642060103933117,9__nan,PertCortex_9_ACCTTTACACAGACAG,1.8329947725281373
39619,0.16420631094860655,9__nan,PertCortex_9_ACGAGCCCAAGAAGAG,5.239327374252662
39620,0.17129028914947136,9__nan,PertCortex_9_ACGAGCCCAGTTAACC,3.8262552454045147
39621,0.12219097557537674,9__nan,PertCortex_9_ACGAGCCGTCTTCAAG,2.8598804993434532
39622,0.39164872877030543,9__nan,PertCortex_9_ACGAGCCTCCCAGGTG,2.054645899683209
39623,0.40817602167531686,9__nan,PertCortex_9_ACGAGGAGTCTAGTGT,1.6571195442861204
39624,0.13617931530374613,9__nan,PertCortex_9_ACGAGGAGTTTGGGCC,3.209101013981308
39625,0.12104017431594224,9__nan,PertCortex_9_ACGAGGATCTGTCTCG,4.654885050984961
39626,0.10802908548766307,9__nan,PertCortex_9_ACGATACAGCGTAATA,4.236837060809167
39627,0.23738370513020482,9__nan,PertCortex_9_ACGATACGTTCGCTAA,3.052679834194773
39628,0.1986343181889232,9__nan,PertCortex_9_ACGATACTCCACGACG,2.3198354018377287
39629,0.03580006487344868,9__nan,PertCortex_9_ACGATACTCGGAAATA,4.443171749543935
39630,0.0771248363256206,9__nan,PertCortex_9_ACGATGTGTTACCGAT,3.5666331544778336
39631,0.37602563798909394,9__nan,PertCortex_9_ACGCAGCAGCCACGCT,1.857614631150656
39632,0.09346835973068589,9__nan,PertCortex_9_ACGCAGCTCAGCTCTC,4.048749544282646
39633,0.11034105557780076,9__nan,PertCortex_9_ACGCAGCTCATTGCCC,2.6861138784116756
39634,0.1261703832691587,9__nan,PertCortex_9_ACGCCAGAGGGTGTGT,4.6478821673313835
39635,0.08158052165947795,9__nan,PertCortex_9_ACGCCGAAGATCTGCT,2.5407715449145236
39636,0.2620987876926989,9__nan,PertCortex_9_ACGCCGACAGTCAGCC,2.4140904033143022
39637,0.1393717374964317,9__nan,PertCortex_9_ACGCCGAGTCAAGCGA,3.91336638796842
39638,0.22205759136287181,9__nan,PertCortex_9_ACGCCGATCATCTGTT,4.769973942245858
39639,0.1534409669666626,9__nan,PertCortex_9_ACGGCCAGTAGTACCT,4.112116415716695
39640,0.1407185354666576,9__nan,PertCortex_9_ACGGGTCAGCCCAATT,4.244925061610242
39641,0.19026944219152822,9__nan,PertCortex_9_ACGGGTCAGGGTATCG,4.969532296685747
39642,0.22611669606632676,9__nan,PertCortex_9_ACGGGTCCAACACCTA,2.9766054518690988
39643,0.16542788341379314,9__nan,PertCortex_9_ACGGGTCGTACACCGC,4.855539022104443
39644,0.12124954436768273,9__nan,PertCortex_9_ACGGGTCGTATATGAG,5.000379252144216
39645,0.3459233398719305,9__nan,PertCortex_9_ACGGGTCTCGAGCCCA,2.2564692149480305
39646,0.130431448234575,9__nan,PertCortex_9_ACGTCAACATTCCTCG,3.4196217108821854
39647,0.19287139731944306,9__nan,PertCortex_9_ACGTCAAGTTATGCGT,3.1447773834811024
39648,0.12031097812268424,9__nan,PertCortex_9_ACGTCAAGTTCCACGG,4.708235270564779
39649,0.1418679097784115,9__nan,PertCortex_9_ACGTCAATCGCGGATC,5.2469532854786936
39650,0.062252998148725626,9__nan,PertCortex_9_ACTATCTCAACTGGCC,2.468958932389829
39651,0.2336907456120652,9__nan,PertCortex_9_ACTATCTCAGAGCCAA,2.6353692063359477
39652,0.11909320014933303,9__nan,PertCortex_9_ACTATCTGTAAGGGAA,3.3349433674369533
39653,0.12866189255897328,9__nan,PertCortex_9_ACTGAACCAGAGTGTG,5.013458443554617
39654,0.12466496085963527,9__nan,PertCortex_9_ACTGAGTTCGGTTAAC,4.374030809119223
39655,0.1884482805310232,9__nan,PertCortex_9_ACTGAGTTCTTTAGTC,3.218383445890201
39656,0.48031510164400903,9__nan,PertCortex_9_ACTGATGAGCCAGTTT,1.5892270559271133
39657,0.20391873884663345,9__nan,PertCortex_9_ACTGATGAGTTAGGTA,4.610199495139676
39658,0.2174247024054137,9__nan,PertCortex_9_ACTGATGCACCAGGCT,2.5906568448495144
39659,0.12743287764658875,9__nan,PertCortex_9_ACTGATGCAGACGCCT,4.526728827001334
39660,0.2391057141695487,9__nan,PertCortex_9_ACTGATGGTTTGGCGC,4.6833413035440845
39661,0.1733189792294254,9__nan,PertCortex_9_ACTGCTCAGGGAGTAA,4.385788665582831
39662,0.12184082724107535,9__nan,PertCortex_9_ACTGCTCGTACCGTAT,3.378642833386088
39663,0.13341829484323792,9__nan,PertCortex_9_ACTGCTCTCACCACCT,4.43097070612703
39664,0.12262251057506132,9__nan,PertCortex_9_ACTGTCCAGACTTGAA,3.8922652299097926
39665,0.21067032677397296,9__nan,PertCortex_9_ACTGTCCAGCTAAACA,2.3145741905489903
39666,0.07819644236689906,9__nan,PertCortex_9_ACTGTCCAGGCTAGCA,4.517547294075607
39667,0.25451217017848554,9__nan,PertCortex_9_ACTGTCCCAGTCAGCC,2.1941843054698738
39668,0.08552987712420791,9__nan,PertCortex_9_ACTGTCCGTCGAGTTT,4.255146249524061
39669,0.1527753057404837,9__nan,PertCortex_9_ACTGTCCTCATCTGTT,3.279353218380055
39670,0.2750393409055451,9__nan,PertCortex_9_ACTTACTAGAGTAAGG,2.209630677570499
39671,0.16683525533659482,9__nan,PertCortex_9_ACTTACTAGCTATGCT,4.871779180604081
39672,0.4621374739032428,9__nan,PertCortex_9_ACTTGTTCAGGTCGTC,1.929168039708459
39673,0.17821880977684076,9__nan,PertCortex_9_ACTTGTTGTACGAAAT,4.896902872423076
39674,0.08398872489197648,9__nan,PertCortex_9_ACTTGTTGTCATGCCG,3.412348130743798
39675,0.13195587610884973,9__nan,PertCortex_9_ACTTGTTTCAATAAGG,3.2758663367552634
39676,0.35220161884999845,9__nan,PertCortex_9_AGAATAGCATGCCTTC,2.0219246487686404
39677,0.08066671177497792,9__nan,PertCortex_9_AGAATAGCATTACCTT,4.288694459109152
39678,0.4102407006298466,9__nan,PertCortex_9_AGAATAGGTCAACATC,1.8686644391741625
39679,0.1842779303829499,9__nan,PertCortex_9_AGACGTTAGAGATGAG,2.7947546292648613
39680,0.20779800921269032,9__nan,PertCortex_9_AGACGTTAGCGTCTAT,2.56051764446169
39681,0.6357440902180471,9__nan,PertCortex_9_AGACGTTGTGTGACGA,1.4965516396282774
39682,0.34011868693898156,9__nan,PertCortex_9_AGACGTTGTTCCACGG,1.6743284132414027
39683,0.43578080251608386,9__nan,PertCortex_9_AGACGTTTCCTTGGTC,1.6345625595600455
39684,0.12223891473230618,9__nan,PertCortex_9_AGAGCGATCACTTACT,3.2306425474598788
39685,0.30109412258618656,9__nan,PertCortex_9_AGAGCGATCAGTCAGT,1.7077282232067506
39686,0.1222082617510231,9__nan,PertCortex_9_AGAGCTTAGCGATTCT,3.706525474504625
39687,0.15562873683995282,9__nan,PertCortex_9_AGAGCTTAGGATCGCA,3.2718096596335915
39688,0.11659567910781508,9__nan,PertCortex_9_AGAGCTTCAATCACAC,4.994799714106148
39689,0.1769114587686604,9__nan,PertCortex_9_AGAGCTTCACGCTTTC,2.8005146949819664
39690,0.19539307487285723,9__nan,PertCortex_9_AGAGCTTGTATATGAG,4.35968242422948
39691,0.14230147848356664,9__nan,PertCortex_9_AGAGCTTTCACGCATA,2.3558973148388964
39692,0.1170507315317207,9__nan,PertCortex_9_AGAGTGGAGAAGGCCT,5.061935218033341
39693,0.1536091108916103,9__nan,PertCortex_9_AGATCTGAGATAGCAT,4.195394103012855
39694,0.2326147421550193,9__nan,PertCortex_9_AGATCTGAGTCCTCCT,1.9576618930755554
39695,0.20757538954411606,9__nan,PertCortex_9_AGATCTGCATACGCCG,2.630118166158496
39696,0.12473033579973614,9__nan,PertCortex_9_AGATCTGGTTGGTAAA,3.661053055701841
39697,0.24380733393932666,9__nan,PertCortex_9_AGATTGCAGAATGTTG,3.4866462115132917
39698,0.25590158172405303,9__nan,PertCortex_9_AGATTGCCAACCGCCA,2.592760741853608
39699,0.08760897275975046,9__nan,PertCortex_9_AGATTGCGTCGACTAT,3.323305635161517
39700,0.11425002786592073,9__nan,PertCortex_9_AGATTGCGTCTAGCCG,4.631604433937833
39701,0.16051625121332772,9__nan,PertCortex_9_AGATTGCGTGAGGCTA,4.975102779517605
39702,0.5150915935497209,9__nan,PertCortex_9_AGCAGCCAGATGGCGT,1.6008673561130529
39703,0.06835410519687479,9__nan,PertCortex_9_AGCATACAGCTGCCCA,4.081707072847477
39704,0.19675559191559336,9__nan,PertCortex_9_AGCATACCAAGGCTCC,2.4436342938804563
39705,0.16880957693827117,9__nan,PertCortex_9_AGCATACGTAGGACAC,3.3350277230721814
39706,0.06050772185473667,9__nan,PertCortex_9_AGCATACTCACGCATA,2.1687271493229274
39707,0.1254308894683693,9__nan,PertCortex_9_AGCCTAAAGGGAACGG,4.463750819548155
39708,0.43209234067709845,9__nan,PertCortex_9_AGCCTAAAGGGTGTGT,1.7691631777484735
39709,0.4815300340003389,9__nan,PertCortex_9_AGCCTAACAGCATACT,1.810946381640579
39710,0.3791016619711184,9__nan,PertCortex_9_AGCGGTCGTCTGATCA,1.970336420803624
39711,0.18557294235902824,9__nan,PertCortex_9_AGCGGTCTCACCTCGT,4.3530167136329325
39712,0.12292965575056762,9__nan,PertCortex_9_AGCGTATAGTCTTGCA,3.5449587446337643
39713,0.2183204818503149,9__nan,PertCortex_9_AGCGTATAGTTAAGTG,2.917978433785165
39714,0.2720471712063917,9__nan,PertCortex_9_AGCGTCGGTTGGAGGT,1.763964312077389
39715,0.11071116746081025,9__nan,PertCortex_9_AGCTCCTCACGGTAGA,3.905103999924448
39716,0.11511928023973629,9__nan,PertCortex_9_AGCTCCTCAGCCTATA,4.345377875577506
39717,0.2359741983294189,9__nan,PertCortex_9_AGCTCCTGTACCATCA,4.067683906191704
39718,0.09323545736057168,9__nan,PertCortex_9_AGCTCCTGTCACTTCC,3.087110814203383
39719,0.18741107468816007,9__nan,PertCortex_9_AGCTCCTGTCTTCTCG,3.939341394227678
39720,0.2938669873546067,9__nan,PertCortex_9_AGCTCCTTCATAGCAC,2.161873538017821
39721,0.1493277504672137,9__nan,PertCortex_9_AGCTCTCCAGTAAGCG,4.550865072624874
39722,0.488262619621965,9__nan,PertCortex_9_AGCTCTCTCAGAGCTT,1.5350975316466906
39723,0.1330931539041473,9__nan,PertCortex_9_AGCTCTCTCCTTGCCA,5.513514518320593
39724,0.11940665751678269,9__nan,PertCortex_9_AGCTCTCTCGCGGATC,4.202253958303917
39725,0.1673040309943027,9__nan,PertCortex_9_AGCTTGAGTCCCTACT,2.8188516456526873
39726,0.16126534138755236,9__nan,PertCortex_9_AGCTTGATCATTATCC,3.9915208096878505
39727,0.525749452291251,9__nan,PertCortex_9_AGCTTGATCGCCGTGA,1.668149088023779
39728,0.5135823538225762,9__nan,PertCortex_9_AGGCCACAGTCTCAAC,1.6736997771957196
39729,0.054889226353356996,9__nan,PertCortex_9_AGGCCACGTGCGCTTG,3.0667705374812377
39730,0.09519909336886329,9__nan,PertCortex_9_AGGCCGTCATACGCCG,2.987926641018217
39731,0.03900502671196119,9__nan,PertCortex_9_AGGCCGTCATCCAACA,3.2538679044430774
39732,0.22896613713247513,9__nan,PertCortex_9_AGGCCGTGTACCCAAT,4.354858890866279
39733,0.1269770364133079,9__nan,PertCortex_9_AGGGAGTGTCGAAAGC,3.7610119621295706
39734,0.15667344329468802,9__nan,PertCortex_9_AGGGAGTGTTGTGGCC,2.3819390773411
39735,0.17876571247888487,9__nan,PertCortex_9_AGGGAGTTCACGAAGG,3.591465722974768
39736,0.43845529656924653,9__nan,PertCortex_9_AGGGAGTTCATGTCCC,1.5915443409920715
39737,0.09796750371590744,9__nan,PertCortex_9_AGGGATGAGCGTAGTG,4.622363563857704
39738,0.1636758795970384,9__nan,PertCortex_9_AGGGATGGTCACACGC,5.151087537697167
39739,0.563472121946519,9__nan,PertCortex_9_AGGTCATGTAGAAGGA,1.5152057079983587
39740,0.07706830428900943,9__nan,PertCortex_9_AGGTCATGTTTGTGTG,2.8923241189851665
39741,0.2381040932078065,9__nan,PertCortex_9_AGGTCATTCCGTCATC,2.719034631736148
39742,0.21206238462355753,9__nan,PertCortex_9_AGGTCCGAGAGGTAGA,3.3137266924934314
39743,0.1520948374630205,9__nan,PertCortex_9_AGTAGTCGTAGCGCAA,5.097973250287385
39744,0.10488482385939894,9__nan,PertCortex_9_AGTCTTTAGTCCATAC,3.3471150851076694
39745,0.5367302647047242,9__nan,PertCortex_9_AGTCTTTGTATCAGTC,1.6440615033049926
39746,0.2347469724304237,9__nan,PertCortex_9_AGTGAGGTCAGTCCCT,4.600873906564542
39747,0.17176683891734987,9__nan,PertCortex_9_AGTGGGAAGCTAACTC,4.752927580694113
39748,0.10159142370495176,9__nan,PertCortex_9_AGTGGGAAGTACGCGA,4.068087772591676
39749,0.5068705582791955,9__nan,PertCortex_9_AGTGGGAGTACATCCA,1.343481371599065
39750,0.0900339476960476,9__nan,PertCortex_9_AGTGGGAGTCGACTGC,2.775633359529633
39751,0.14855932370163633,9__nan,PertCortex_9_AGTGGGAGTGTGACGA,4.912764396704752
39752,0.016611816892844373,9__nan,PertCortex_9_AGTGTCACACAACTGT,3.4960971413402753
39753,0.2010607069659723,9__nan,PertCortex_9_AGTGTCAGTAAGGGAA,4.119733648338263
39754,0.3237285474606044,9__nan,PertCortex_9_AGTTGGTAGCAGCCTC,2.3307574869315992
39755,0.5204034716581557,9__nan,PertCortex_9_AGTTGGTTCCGTAGTA,1.8234650685174105
39756,0.06087612554800701,9__nan,PertCortex_9_AGTTGGTTCCTTGACC,3.421466492916291
39757,0.1219158952013743,9__nan,PertCortex_9_ATAACGCAGCGCTCCA,3.9192280648438174
39758,0.15258400519972598,9__nan,PertCortex_9_ATAACGCCAGATGGGT,2.763749427956769
39759,0.1774232239803322,9__nan,PertCortex_9_ATAACGCCAGCCACCA,4.886424188874672
39760,0.09341852468913756,9__nan,PertCortex_9_ATAACGCGTTCATGGT,3.9426956228045538
39761,0.11224468354022149,9__nan,PertCortex_9_ATAACGCTCTAGAGTC,4.290530070348348
39762,0.1971027165012685,9__nan,PertCortex_9_ATAACGCTCTGAAAGA,3.5124084248666234
39763,0.14097676083971694,9__nan,PertCortex_9_ATAAGAGAGTAGTGCG,4.172518453492152
39764,0.3582671234629887,9__nan,PertCortex_9_ATAAGAGGTAAGTTCC,1.6931852040894328
39765,0.19437936133094372,9__nan,PertCortex_9_ATAAGAGGTAGCTAAA,4.7426677518466365
39766,0.007782232380670553,9__nan,PertCortex_9_ATAAGAGGTGACGCCT,3.101308083241371
39767,0.6128144449475992,9__nan,PertCortex_9_ATAGACCGTATATCCG,2.1883967067192525
39768,0.23170860362471168,9__nan,PertCortex_9_ATAGACCGTGGTGTAG,4.90424951333167
39769,0.1297186147130341,9__nan,PertCortex_9_ATAGACCTCGCAGGCT,3.920625112278847
39770,0.23870335081488156,9__nan,PertCortex_9_ATCACGAAGAAGGCCT,4.822990378582578
39771,0.11301396851622116,9__nan,PertCortex_9_ATCATCTAGAATAGGG,4.155078981100334
39772,0.22392744136284345,9__nan,PertCortex_9_ATCATCTAGCTGAACG,2.4685847205525797
39773,0.1918820279223355,9__nan,PertCortex_9_ATCATCTTCACCAGGC,4.77240924861385
39774,0.2005959377787186,9__nan,PertCortex_9_ATCCACCTCATAGCAC,2.9579359512377663
39775,0.36024550982925124,9__nan,PertCortex_9_ATCCGAAAGAGCTATA,2.0340661310615697
39776,0.17024771723310472,9__nan,PertCortex_9_ATCCGAACAACGATCT,2.1740164082130247
39777,0.11118800619150543,9__nan,PertCortex_9_ATCCGAACATTAACCG,4.2151045964141565
39778,0.11095710859880825,9__nan,PertCortex_9_ATCGAGTCATGCCTTC,2.932859084910543
39779,0.1770992351541453,9__nan,PertCortex_9_ATCGAGTTCCGCATCT,4.81115860701008
39780,0.16171514776907484,9__nan,PertCortex_9_ATCTACTAGACCTTTG,4.177199154139265
39781,0.16599908058900253,9__nan,PertCortex_9_ATCTACTCAAGTACCT,3.0577784020094487
39782,0.1033836696457519,9__nan,PertCortex_9_ATCTACTCACGACGAA,4.692932714339519
39783,0.13528796531678203,9__nan,PertCortex_9_ATCTACTCAGACAGGT,4.432112579021473
39784,0.18126831289501755,9__nan,PertCortex_9_ATCTACTGTGGTGTAG,5.001535460507921
39785,0.11047668943817769,9__nan,PertCortex_9_ATCTGCCGTTCGCTAA,3.2211461773491687
39786,0.1094184122463446,9__nan,PertCortex_9_ATCTGCCTCATAACCG,3.86442680132835
39787,0.5520547281825217,9__nan,PertCortex_9_ATGAGGGAGCGTTTAC,1.6019961955141047
39788,0.2656133855549366,9__nan,PertCortex_9_ATGAGGGAGTCATCCA,2.1367039466826965
39789,0.16288176930001821,9__nan,PertCortex_9_ATGAGGGCATACCATG,4.049748052819275
39790,0.15778496417158694,9__nan,PertCortex_9_ATGAGGGGTTCCTCCA,3.438138824970868
39791,0.4240430751015256,9__nan,PertCortex_9_ATGCGATGTTGTGGCC,1.7260938113771278
39792,0.21018154354964277,9__nan,PertCortex_9_ATGGGAGAGAGATGAG,2.1719537759780225
39793,0.21415439895732397,9__nan,PertCortex_9_ATGGGAGCAAGTCATC,1.9033333532852794
39794,0.10540114096187721,9__nan,PertCortex_9_ATGTGTGAGTGGGATC,3.7110844712934803
39795,0.08672432218855979,9__nan,PertCortex_9_ATGTGTGCATTCTTAC,3.720639491832718
39796,0.2825806425225541,9__nan,PertCortex_9_ATGTGTGTCGTGGGAA,1.172843285464204
39797,0.1692729665101894,9__nan,PertCortex_9_ATTACTCAGATATGCA,4.951050025250466
39798,0.44697245343302844,9__nan,PertCortex_9_ATTACTCAGCCAGTTT,1.609639334256066
39799,0.3645592386999355,9__nan,PertCortex_9_ATTACTCAGTGTTAGA,2.085925655490306
39800,0.12896151134640846,9__nan,PertCortex_9_ATTACTCAGTTCGCAT,4.683674812698493
39801,0.11953041426571463,9__nan,PertCortex_9_ATTATCCAGTGGACGT,3.7714983160600966
39802,0.20319277508429773,9__nan,PertCortex_9_ATTCTACGTCCTGCTT,3.180526349280838
39803,0.19091863863960762,9__nan,PertCortex_9_ATTGGACCACAACGTT,3.229717717558986
39804,0.04846084048599674,9__nan,PertCortex_9_ATTTCTGCACCCATGG,3.7899592386139966
39805,0.09710974641020445,9__nan,PertCortex_9_ATTTCTGCAGTAAGAT,4.216975965865719
39806,0.21221128449914312,9__nan,PertCortex_9_ATTTCTGCATCATCCC,4.4520182637509915
39807,0.0798514487598678,9__nan,PertCortex_9_ATTTCTGGTCAAAGCG,3.7199496351594434
39808,0.11607688864055658,9__nan,PertCortex_9_ATTTCTGGTTTGGGCC,2.9015875006477483
39809,0.15212301356144503,9__nan,PertCortex_9_CAACCAAGTACGCTGC,3.593135365757038
39810,0.19560940468632163,9__nan,PertCortex_9_CAACCTCTCTCTAAGG,4.064829652968275
39811,0.13458469316674243,9__nan,PertCortex_9_CAACTAGCACGGTTTA,2.990718879623286
39812,0.49945250909771527,9__nan,PertCortex_9_CAACTAGGTCTTCAAG,1.7201249709548665
39813,0.1313992473031556,9__nan,PertCortex_9_CAACTAGGTTAAGGGC,3.8969170803220528
39814,0.11466332016909261,9__nan,PertCortex_9_CAACTAGTCCTAGGGC,4.782851376478406
39815,0.18866056262906503,9__nan,PertCortex_9_CAAGATCAGCCACTAT,3.3742302825168893
39816,0.6452197762283676,9__nan,PertCortex_9_CAAGATCGTGTTTGGT,1.3093895066715453
39817,0.019781090622740118,9__nan,PertCortex_9_CAAGATCTCAAAGACA,3.5666848193097582
39818,0.14018681829383095,9__nan,PertCortex_9_CAAGATCTCGCGATCG,3.9972223829992206
39819,0.09371903710212492,9__nan,PertCortex_9_CAAGGCCCAAAGCGGT,3.1654696560083013
39820,0.18622151074561985,9__nan,PertCortex_9_CAAGGCCGTAAGCACG,4.479389044977616
39821,0.07003222571788743,9__nan,PertCortex_9_CACAAACAGTGAACAT,4.225804551471205
39822,0.06928038140529459,9__nan,PertCortex_9_CACAAACAGTTAACGA,4.405909275971198
39823,0.30691346118729673,9__nan,PertCortex_9_CACAAACCAAGCTGTT,2.3478146699901217
39824,0.12438998136740798,9__nan,PertCortex_9_CACAAACCACATCCGG,3.361261630667755
39825,0.4816708969948644,9__nan,PertCortex_9_CACACAAAGAAACCGC,1.6216795819689287
39826,0.27179605508223426,9__nan,PertCortex_9_CACACCTCAGTTAACC,4.803757488677939
39827,0.5061628920836104,9__nan,PertCortex_9_CACACTCAGAGCCTAG,1.856655973461702
39828,0.10804875283435648,9__nan,PertCortex_9_CACACTCGTGTGCGTC,3.429822353986291
39829,0.13668331445582196,9__nan,PertCortex_9_CACACTCTCGAACTGT,3.912937525314589
39830,0.11639780076125791,9__nan,PertCortex_9_CACATAGAGTGGTCCC,3.9237139678236237
39831,0.11114874324844583,9__nan,PertCortex_9_CACATAGCAAGTCTAC,2.6831661359838144
39832,0.078524127819589,9__nan,PertCortex_9_CACATAGCAATCTGCA,4.52339252919012
39833,0.16005491727957807,9__nan,PertCortex_9_CACATAGCACAGACAG,5.001679180821793
39834,0.36609375335615846,9__nan,PertCortex_9_CACATAGCAGCGATCC,3.4095808712139237
39835,0.11115023568889025,9__nan,PertCortex_9_CACATAGGTGTATGGG,3.0791582460035167
39836,0.5187198561551706,9__nan,PertCortex_9_CACATTTAGCGGATCA,1.709660310794519
39837,0.19474840308017002,9__nan,PertCortex_9_CACATTTAGGACAGAA,4.255074931882876
39838,0.08156054021227528,9__nan,PertCortex_9_CACATTTCATTGAGCT,4.194223481779111
39839,0.1173111302240041,9__nan,PertCortex_9_CACATTTGTTATGTGC,4.472673804178626
39840,0.11781335470424718,9__nan,PertCortex_9_CACCACTAGGTAGCTG,3.1905831543782406
39841,0.10078839379695533,9__nan,PertCortex_9_CACCACTTCCGCGCAA,3.361134163653875
39842,0.2156701998135092,9__nan,PertCortex_9_CACCACTTCTCTGCTG,4.235564072990169
39843,0.18873147156689896,9__nan,PertCortex_9_CACCAGGCACGGTGTC,2.946456111309506
39844,0.1687043153026693,9__nan,PertCortex_9_CACCAGGTCTCACATT,4.523548946397039
39845,0.14181295731789983,9__nan,PertCortex_9_CACCAGGTCTCTAGGA,4.650042801055833
39846,0.15788226022774562,9__nan,PertCortex_9_CACTCCAAGTGTTAGA,4.7677818886749135
39847,0.058527103878406435,9__nan,PertCortex_9_CACTCCACAAGTAGTA,2.7688958357334363
39848,0.06400949087215477,9__nan,PertCortex_9_CACTCCACAAGTTAAG,4.3305993475415985
39849,0.22315867494052619,9__nan,PertCortex_9_CAGAATCAGAAAGTGG,2.494064722044771
39850,0.4239040878142717,9__nan,PertCortex_9_CAGAATCCAAATACAG,2.0919151707617556
39851,0.1063799400158201,9__nan,PertCortex_9_CAGAGAGGTTATCACG,4.244784510198143
39852,0.10149195674363329,9__nan,PertCortex_9_CAGATCACAGACAAAT,4.50056879568286
39853,0.18823831613088884,9__nan,PertCortex_9_CAGATCAGTAAGTAGT,4.354723557597986
39854,0.19509956597425668,9__nan,PertCortex_9_CAGATCAGTCAAACTC,5.068362925081222
39855,0.5563830352879345,9__nan,PertCortex_9_CAGATCATCTTCGGTC,1.7034796247884942
39856,0.096692513280916,9__nan,PertCortex_9_CAGCAGCCATCGGGTC,2.657979983063212
39857,0.15276617263204642,9__nan,PertCortex_9_CAGCATAAGATGAGAG,4.706419067919102
39858,0.34103098449794894,9__nan,PertCortex_9_CAGCATAAGGGCTCTC,3.462061349264263
39859,0.04589661051211129,9__nan,PertCortex_9_CAGCCGAAGTAGGTGC,2.526304682856897
39860,0.08860605019828456,9__nan,PertCortex_9_CAGCCGACATGCCACG,5.0110809344140685
39861,0.09727580517781653,9__nan,PertCortex_9_CAGCCGAGTCTCTCGT,4.726109759362886
39862,0.08403502045538724,9__nan,PertCortex_9_CAGCCGATCGAACTGT,3.047737965550423
39863,0.18370049962226895,9__nan,PertCortex_9_CAGCGACAGCCTATGT,3.455054608059444
39864,0.12386160187277981,9__nan,PertCortex_9_CAGCGACAGGATGTAT,3.832004390561617
39865,0.5505601020418304,9__nan,PertCortex_9_CAGCGACCAGTCTTCC,1.9213084028488512
39866,0.04586748261993134,9__nan,PertCortex_9_CAGCTAATCCAACCAA,4.0684238226577
39867,0.12490459841969895,9__nan,PertCortex_9_CAGCTGGAGCAGATCG,4.198651656823041
39868,0.24384132922937837,9__nan,PertCortex_9_CAGCTGGAGTATCGAA,4.255265295628942
39869,0.09247162876602866,9__nan,PertCortex_9_CAGCTGGTCACCACCT,3.348974576844402
39870,0.06671408299153392,9__nan,PertCortex_9_CAGCTGGTCCGCTGTT,3.846186973544196
39871,0.180224162594992,9__nan,PertCortex_9_CAGGTGCCAGCTATTG,4.4017999118906825
39872,0.4780339077751795,9__nan,PertCortex_9_CAGGTGCCATAAAGGT,1.8773777735854784
39873,0.14850692831899265,9__nan,PertCortex_9_CAGGTGCGTTGTGGAG,3.6958701693687415
39874,0.17038302824374393,9__nan,PertCortex_9_CAGGTGCTCCTAAGTG,2.6671418228425905
39875,0.13055900345802451,9__nan,PertCortex_9_CAGTAACCATGTCGAT,5.392785662052444
39876,0.13593661609518978,9__nan,PertCortex_9_CAGTCCTTCACCGTAA,3.7983022562403703
39877,0.09298828741010591,9__nan,PertCortex_9_CAGTCCTTCAGCAACT,3.36598221986727
39878,0.13703572902189717,9__nan,PertCortex_9_CAGTCCTTCTCTGCTG,2.989961187783594
39879,0.08779823210288297,9__nan,PertCortex_9_CATATGGAGGCAAAGA,2.754513437592676
39880,0.2545054603809359,9__nan,PertCortex_9_CATATTCAGGCAGTCA,3.226318490802738
39881,0.11940044791245912,9__nan,PertCortex_9_CATATTCGTTGACGTT,4.756216688325661
39882,0.05271273867744717,9__nan,PertCortex_9_CATCAAGGTAAAGTCA,4.507224898109436
39883,0.2748368632920347,9__nan,PertCortex_9_CATCAGACACAACGTT,1.7672526318409982
39884,0.41063485944713174,9__nan,PertCortex_9_CATCAGACAGGCTGAA,1.9732824609853206
39885,0.2619794542616144,9__nan,PertCortex_9_CATCAGATCTCGCTTG,3.172908696887801
39886,0.14875295659523774,9__nan,PertCortex_9_CATCCACGTCCGTGAC,3.3385105649386535
39887,0.14951461107043507,9__nan,PertCortex_9_CATCCACTCCATGAGT,3.2802378191909196
39888,0.1772302658644915,9__nan,PertCortex_9_CATCGAAGTTCAGCGC,4.7508895272510525
39889,0.14791708774588708,9__nan,PertCortex_9_CATCGAATCTCTTGAT,2.6458383164120316
39890,0.19646726001390769,9__nan,PertCortex_9_CATCGGGAGTAAGTAC,5.205897048205022
39891,0.18211620602309223,9__nan,PertCortex_9_CATCGGGCACAAGTAA,3.2411449298010604
39892,0.1410750876863988,9__nan,PertCortex_9_CATCGGGGTAGCACGA,3.3696404691625284
39893,0.09908477965752109,9__nan,PertCortex_9_CATCGGGTCAACGCTA,4.932182947809477
39894,0.07834558358670934,9__nan,PertCortex_9_CATCGGGTCACTGGGC,3.068378320282128
39895,0.07788387560655047,9__nan,PertCortex_9_CATGACAAGCTACCTA,3.340004575772955
39896,0.5928869453886939,9__nan,PertCortex_9_CATGACACACGGTAAG,1.2561003651246103
39897,0.1242200703649791,9__nan,PertCortex_9_CATGCCTCACTAAGTC,1.6346589094405293
39898,0.166818527115938,9__nan,PertCortex_9_CATGCCTTCCAGATCA,4.166221663061032
39899,0.17460687918668855,9__nan,PertCortex_9_CATGGCGAGAATTGTG,3.707541215480235
39900,0.13224151777205853,9__nan,PertCortex_9_CATGGCGCACGCATCG,3.967222970369588
39901,0.6871006066962368,9__nan,PertCortex_9_CATTATCAGCACAGGT,1.8304480795054514
39902,0.08350134627452686,9__nan,PertCortex_9_CATTATCTCGTCTGAA,3.3310290314922586
39903,0.2573584516350453,9__nan,PertCortex_9_CATTCGCAGACTGTAA,1.8180081786681483
39904,0.34979141074703674,9__nan,PertCortex_9_CATTCGCAGTGTCCCG,0.8366587774378296
39905,0.3986492182911417,9__nan,PertCortex_9_CATTCGCGTTCCATGA,1.81742554456896
39906,0.12906313759354132,9__nan,PertCortex_9_CATTCGCGTTTACTCT,4.706823920545485
39907,0.37192184772340947,9__nan,PertCortex_9_CATTCGCTCCGAATGT,2.3043067779249506
39908,0.5295892689593108,9__nan,PertCortex_9_CCAATCCAGTCAATAG,1.7283830546953332
39909,0.11006841380890868,9__nan,PertCortex_9_CCAATCCGTGTCAATC,3.335451798937016
39910,0.20207493437473065,9__nan,PertCortex_9_CCACCTAAGGTGTTAA,4.19265623542898
39911,0.18805834043460548,9__nan,PertCortex_9_CCACCTAAGTCCCACG,4.684176191090319
39912,0.3301044226809525,9__nan,PertCortex_9_CCACCTAAGTTCGCAT,4.029479056400329
39913,0.1662864433106328,9__nan,PertCortex_9_CCACCTACAAGTAGTA,4.140998595162144
39914,0.17948783966700585,9__nan,PertCortex_9_CCACCTAGTACACCGC,3.988678331608953
39915,0.13802532349991792,9__nan,PertCortex_9_CCACGGACACATTAGC,4.049388392923103
39916,0.1654437282511827,9__nan,PertCortex_9_CCACGGAGTCTTGTCC,3.2793714072580844
39917,0.327321531882382,9__nan,PertCortex_9_CCACGGATCACGGTTA,2.445241520691293
39918,0.11041792896780368,9__nan,PertCortex_9_CCACTACAGCGATATA,4.8552490164490045
39919,0.03575765037794781,9__nan,PertCortex_9_CCACTACAGTAGCCGA,4.129191030050111
39920,0.02610458296611391,9__nan,PertCortex_9_CCACTACCATCCTTGC,3.827473096131618
39921,0.5487367188254114,9__nan,PertCortex_9_CCACTACGTGCTGTAT,1.3546840319043385
39922,0.345842938366227,9__nan,PertCortex_9_CCACTACTCATATCGG,1.8334694884567706
39923,0.21011287401532186,9__nan,PertCortex_9_CCACTACTCGAGAGCA,2.1226700792077717
39924,0.10680786521786974,9__nan,PertCortex_9_CCAGCGATCAAGAAGT,4.50442479657111
39925,0.15897480099263478,9__nan,PertCortex_9_CCATGTCTCAGTCAGT,4.672046366367583
39926,0.09074250360249082,9__nan,PertCortex_9_CCATGTCTCTTTAGGG,4.614942140336105
39927,0.09656971437862932,9__nan,PertCortex_9_CCATTCGAGGAGTCTG,3.648923716603504
39928,0.11569265752343465,9__nan,PertCortex_9_CCATTCGGTTACTGAC,4.3382736423583275
39929,0.3511033906816328,9__nan,PertCortex_9_CCCAATCCACGACGAA,2.1813689174569255
39930,0.15394287971343817,9__nan,PertCortex_9_CCCAATCTCACGCATA,4.748547629676021
39931,0.12104683003989482,9__nan,PertCortex_9_CCCAATCTCAGCTGGC,2.6224214546902185
39932,0.12940729963836695,9__nan,PertCortex_9_CCCAGTTGTCCAGTTA,5.220545894585231
39933,0.1085009237209685,9__nan,PertCortex_9_CCCAGTTGTTATGTGC,3.601816304589867
39934,0.2205266409605833,9__nan,PertCortex_9_CCCAGTTTCGCTTAGA,3.0525840317088084
39935,0.34850386234309993,9__nan,PertCortex_9_CCCATACAGTAGGTGC,2.1526120664043575
39936,0.11671199062146584,9__nan,PertCortex_9_CCCATACCATCAGTAC,3.140564545243306
39937,0.0847972383261923,9__nan,PertCortex_9_CCCATACTCATTTGGG,3.8639389616420017
39938,0.17038537429001843,9__nan,PertCortex_9_CCGTACTTCAGATAAG,3.49211190415961
39939,0.2027482765636664,9__nan,PertCortex_9_CCGTACTTCATTGCCC,1.8961094812612693
39940,0.1400606430080931,9__nan,PertCortex_9_CCGTGGATCCACGTTC,5.1056257895280766
39941,0.1439579720803633,9__nan,PertCortex_9_CCGTGGATCTGTCAAG,4.0458139619457665
39942,0.5586814005102463,9__nan,PertCortex_9_CCGTTCACATTGGCGC,1.7908618714283353
39943,0.4471754814537604,9__nan,PertCortex_9_CCTAAAGGTAGTGAAT,2.087670036858412
39944,0.11856019309697116,9__nan,PertCortex_9_CCTAAAGTCAATCACG,4.123945816035408
39945,0.1661349971350937,9__nan,PertCortex_9_CCTAAAGTCTGTGCAA,2.168970971134988
39946,0.38999644458026034,9__nan,PertCortex_9_CCTACACAGACTGTAA,1.6419662874802035
39947,0.24217622228084684,9__nan,PertCortex_9_CCTACACCAGCTATTG,3.239524760123291
39948,0.31185054463865514,9__nan,PertCortex_9_CCTACACGTCTAACGT,4.4719552976201475
39949,0.10326075862940319,9__nan,PertCortex_9_CCTACACTCCGTAGTA,2.2459571099648645
39950,0.08371749441133022,9__nan,PertCortex_9_CCTACCACATGTAGTC,3.9538201096261782
39951,0.06856289158984742,9__nan,PertCortex_9_CCTACCATCCGCGGTA,5.191543023042263
39952,0.22206126695960518,9__nan,PertCortex_9_CCTAGCTAGCAGCGTA,2.788233689111963
39953,0.1714639417143289,9__nan,PertCortex_9_CCTAGCTCAGCGATCC,4.6321260673052365
39954,0.16058138069306632,9__nan,PertCortex_9_CCTAGCTTCTTGTTTG,4.436545105175203
39955,0.1573793432484354,9__nan,PertCortex_9_CCTATTAAGGCATGGT,4.865917285964293
39956,0.14200388549616844,9__nan,PertCortex_9_CCTATTAAGTGTACGG,5.30555989178297
39957,0.14590946289822326,9__nan,PertCortex_9_CCTATTAGTTCTGGTA,3.5479767001170086
39958,0.3598610713780403,9__nan,PertCortex_9_CCTCAGTCACGTAAGG,2.3350084026058378
39959,0.1673412692829788,9__nan,PertCortex_9_CCTCAGTCACTAAGTC,4.956161527844474
39960,0.23492631519408388,9__nan,PertCortex_9_CCTCAGTCACTCTGTC,4.244182678896117
39961,0.20497447958829296,9__nan,PertCortex_9_CCTCAGTGTTATTCTC,4.324872497853972
39962,0.1546323991465583,9__nan,PertCortex_9_CCTCTGAAGCAGACTG,4.050780643534112
39963,0.6427115121708374,9__nan,PertCortex_9_CCTCTGAAGGACAGCT,1.4114550964368509
39964,0.11526838956545664,9__nan,PertCortex_9_CCTCTGAGTCCAGTTA,4.200263592790207
39965,0.13818591100777147,9__nan,PertCortex_9_CCTCTGATCAAACCGT,3.6340825569241866
39966,0.39731087842077156,9__nan,PertCortex_9_CCTTACGGTATAGGGC,2.4393146475562406
39967,0.3953221530525296,9__nan,PertCortex_9_CCTTACGGTGAACCTT,1.835188458200508
39968,0.16254331471681183,9__nan,PertCortex_9_CCTTACGGTGTAATGA,4.232867346952172
39969,0.28576992866140805,9__nan,PertCortex_9_CCTTACGTCTCCAGGG,1.777924154399032
39970,0.14832587667412722,9__nan,PertCortex_9_CCTTCCCAGTATCGAA,4.926430617867216
39971,0.4887540175416355,9__nan,PertCortex_9_CCTTCCCAGTGACATA,1.8602545500661127
39972,0.16103377462782906,9__nan,PertCortex_9_CCTTCGAAGAACTCGG,4.960330643566572
39973,0.069140716049745,9__nan,PertCortex_9_CCTTCGAAGCCAGGAT,3.2763096943027903
39974,0.08720755562244767,9__nan,PertCortex_9_CCTTCGACAGATGGCA,3.816805691622516
39975,0.182242051373726,9__nan,PertCortex_9_CCTTCGACAGTTCATG,4.825451404943488
39976,0.18406245593285003,9__nan,PertCortex_9_CCTTCGAGTCACCTAA,2.8842940474239347
39977,0.15886838338217832,9__nan,PertCortex_9_CCTTTCTAGCTGAACG,4.748339395451544
39978,0.36311407202308077,9__nan,PertCortex_9_CGAACATCACATGTGT,1.6367062233674414
39979,0.15903166446906236,9__nan,PertCortex_9_CGAACATTCTACCTGC,3.5082833097929487
39980,0.29113496088343715,9__nan,PertCortex_9_CGAATGTAGCTACCGC,2.098724494123535
39981,0.11001703000881739,9__nan,PertCortex_9_CGAATGTAGGATATAC,3.2415362859545778
39982,0.1996913151996482,9__nan,PertCortex_9_CGAATGTAGTTCGATC,3.7728661022299503
39983,0.16964719839207054,9__nan,PertCortex_9_CGACCTTAGACTACAA,4.307487762910383
39984,0.17192730128904765,9__nan,PertCortex_9_CGACCTTAGGTTACCT,5.333615537111758
39985,0.12079586324122986,9__nan,PertCortex_9_CGACCTTGTAAGGGCT,4.404401837966587
39986,0.2159686164662051,9__nan,PertCortex_9_CGACTTCAGAAACCAT,2.6726391755220202
39987,0.4906274495772036,9__nan,PertCortex_9_CGACTTCAGAGCTTCT,1.492002606190303
39988,0.1438164712404946,9__nan,PertCortex_9_CGACTTCGTTCCACGG,3.670791892945119
39989,0.16595843177763675,9__nan,PertCortex_9_CGAGAAGTCGCGCCAA,4.484001944971618
39990,0.4546279783460961,9__nan,PertCortex_9_CGAGCACAGATATGCA,1.77809058752526
39991,0.18916640378766209,9__nan,PertCortex_9_CGAGCACAGCTCTCGG,2.5315899970485463
39992,0.08301551710442384,9__nan,PertCortex_9_CGAGCACAGGTGTTAA,4.341504271077199
39993,0.20553901078682532,9__nan,PertCortex_9_CGAGCACCAGACGTAG,4.497226558631507
39994,0.08527735687631788,9__nan,PertCortex_9_CGAGCACCATCAGTAC,2.815219457236649
39995,0.1425054418975256,9__nan,PertCortex_9_CGAGCCATCAGGCAAG,3.451826186026516
39996,0.1825503051369289,9__nan,PertCortex_9_CGAGCCATCGAGGTAG,2.415476255560883
39997,0.16863054275143766,9__nan,PertCortex_9_CGATCGGCAAGCTGAG,4.476208001996327
39998,0.47147440475585006,9__nan,PertCortex_9_CGATCGGCACGCCAGT,1.7201277578907344
39999,0.06694747951631998,9__nan,PertCortex_9_CGATCGGGTCGCGGTT,3.6065849200694733
40000,0.5300893527124072,9__nan,PertCortex_9_CGATGGCCAAGCTGAG,1.4752603392985801
40001,0.036449777129931325,9__nan,PertCortex_9_CGATGTACAATCCGAT,3.0234934903785597
40002,0.2188663722143867,9__nan,PertCortex_9_CGATTGAAGGTGCACA,3.3539795821541256
40003,0.16114994511827496,9__nan,PertCortex_9_CGATTGAAGTGGTAAT,2.458246195348637
40004,0.11449782382189737,9__nan,PertCortex_9_CGATTGACAACGATCT,3.523301634442507
40005,0.09169527499684375,9__nan,PertCortex_9_CGATTGACATTGGTAC,4.327396867361653
40006,0.11341633633084801,9__nan,PertCortex_9_CGCCAAGCACTGTTAG,4.2103063265782765
40007,0.5395111145798529,9__nan,PertCortex_9_CGCCAAGCAGCGTCCA,1.1106016820567635
40008,0.10697877869872614,9__nan,PertCortex_9_CGCGGTACAAGGTTCT,3.935630528456125
40009,0.17768121907622852,9__nan,PertCortex_9_CGCGGTAGTATTCGTG,2.917443278644232
40010,0.24996466167059242,9__nan,PertCortex_9_CGCGTTTAGAAGCCCA,2.124971227701696
40011,0.16384355514215235,9__nan,PertCortex_9_CGCGTTTAGACCGGAT,2.8298454366458836
40012,0.3248797297742465,9__nan,PertCortex_9_CGCGTTTCACATTCGA,2.073614427636518
40013,0.06304733686842309,9__nan,PertCortex_9_CGCTATCAGAATCTCC,4.5947104294773125
40014,0.13036689271941404,9__nan,PertCortex_9_CGCTATCGTTTGGCGC,5.14733783159613
40015,0.13317289839849183,9__nan,PertCortex_9_CGCTGGACAGTGGAGT,2.967859848579039
40016,0.3801983273825375,9__nan,PertCortex_9_CGCTGGATCGGCGCAT,2.367733106548774
40017,0.13264418687452686,9__nan,PertCortex_9_CGCTTCAAGTGCGTGA,3.1778388827533135
40018,0.08470275037684118,9__nan,PertCortex_9_CGCTTCAGTTGTCTTT,4.227750376268927
40019,0.41908004905141305,9__nan,PertCortex_9_CGGACACAGAGACTAT,2.021002183878064
40020,0.16197511246634502,9__nan,PertCortex_9_CGGACACGTGTGCGTC,4.462533539842761
40021,0.13381909593792493,9__nan,PertCortex_9_CGGACGTAGTGTTAGA,4.5702995269830655
40022,0.16805409647672212,9__nan,PertCortex_9_CGGACGTTCACCCGAG,4.53510802848767
40023,0.10929362780170557,9__nan,PertCortex_9_CGGACGTTCTGGTTCC,3.6349261790456975
40024,0.17637360777496733,9__nan,PertCortex_9_CGGACTGGTGTGTGCC,2.364097808287107
40025,0.5059344817918814,9__nan,PertCortex_9_CGGAGCTAGCTAGCCC,1.6823482102497214
40026,0.26949612119120686,9__nan,PertCortex_9_CGGAGCTCACACCGCA,1.9694670300734147
40027,0.12652056073901546,9__nan,PertCortex_9_CGGAGCTGTCGGCTCA,4.5761138096276195
40028,0.11788799958249695,9__nan,PertCortex_9_CGGAGCTTCGAACGGA,2.73113530497989
40029,0.16280918594058097,9__nan,PertCortex_9_CGGAGCTTCTGGGCCA,5.203754451258863
40030,0.13554920003352577,9__nan,PertCortex_9_CGGAGTCCATTAGCCA,3.152764096452725
40031,0.11587359372437618,9__nan,PertCortex_9_CGGAGTCGTAGGAGTC,1.898404160829265
40032,0.3702795888501994,9__nan,PertCortex_9_CGGAGTCTCTTGTATC,1.8379566604844417
40033,0.5585186318873853,9__nan,PertCortex_9_CGGCTAGCAAAGGAAG,1.607531964855919
40034,0.14051968580309315,9__nan,PertCortex_9_CGGCTAGGTGGTGTAG,3.9040543497326037
40035,0.16927569332387205,9__nan,PertCortex_9_CGGGTCAAGCGATCCC,2.4380941135047105
40036,0.6506780030834857,9__nan,PertCortex_9_CGGGTCAAGGACACCA,1.296178688905745
40037,0.023744725775415608,9__nan,PertCortex_9_CGGGTCAGTTAAAGTG,3.1793864884593757
40038,0.38116604585191816,9__nan,PertCortex_9_CGGGTCAGTTGGGACA,1.6811039986150818
40039,0.12118691904096023,9__nan,PertCortex_9_CGGTTAACACATCCAA,4.280598166526297
40040,0.11317022338350724,9__nan,PertCortex_9_CGGTTAACACGAAAGC,3.6627878419022286
40041,0.20168716910911177,9__nan,PertCortex_9_CGGTTAAGTCAGATAA,4.816101854155718
40042,0.07194611155813867,9__nan,PertCortex_9_CGTAGGCTCGCCATAA,3.824991267941735
40043,0.06883985543093282,9__nan,PertCortex_9_CGTCACTCATCAGTCA,3.5885688601932872
40044,0.11508674981499951,9__nan,PertCortex_9_CGTCACTTCAGAAATG,4.0450097277405765
40045,0.18703671688771564,9__nan,PertCortex_9_CGTCAGGCAATGGTCT,4.261754662650104
40046,0.1461221176752192,9__nan,PertCortex_9_CGTCCATCAGAGTGTG,5.231400072363529
40047,0.15410150653418875,9__nan,PertCortex_9_CGTCTACAGTCGAGTG,3.57520085342481
40048,0.09965952281805798,9__nan,PertCortex_9_CGTCTACCAACTGCTA,4.915184142238895
40049,0.1765634533635686,9__nan,PertCortex_9_CGTCTACTCCCATTTA,4.3679118421514
40050,0.1779022822271445,9__nan,PertCortex_9_CGTGAGCAGCCGCCTA,2.9846764693826837
40051,0.07100014453138721,9__nan,PertCortex_9_CGTGAGCCACGACTCG,3.9280236673351876
40052,0.35396994881782073,9__nan,PertCortex_9_CGTGAGCTCATTGCGA,2.0231338592504615
40053,0.09363771942949389,9__nan,PertCortex_9_CGTGTAACACGTGAGA,3.0515764230370106
40054,0.10689232270991572,9__nan,PertCortex_9_CGTGTAATCCAAGTAC,4.0211014361380695
40055,0.17303100660021592,9__nan,PertCortex_9_CGTGTAATCCGGGTGT,5.422924873675892
40056,0.11613225093898168,9__nan,PertCortex_9_CGTGTAATCCTAAGTG,4.454522070062396
40057,0.09081736989128375,9__nan,PertCortex_9_CGTGTCTTCGAGAGCA,3.6625808499785464
40058,0.48429080126820456,9__nan,PertCortex_9_CGTTAGAAGTACACCT,1.908961355118779
40059,0.19300431188284062,9__nan,PertCortex_9_CGTTCTGAGCTAGGCA,1.9748651003793056
40060,0.1511467054048004,9__nan,PertCortex_9_CGTTCTGCACAAGTAA,4.3329026420627965
40061,0.13632939820885842,9__nan,PertCortex_9_CGTTCTGGTTCAGTAC,4.4102936462878475
40062,0.19117135737263274,9__nan,PertCortex_9_CGTTCTGTCTGTTTGT,4.558484352011985
40063,0.14680649343153312,9__nan,PertCortex_9_CGTTGGGAGCGGATCA,3.30656958764767
40064,0.0897780096106224,9__nan,PertCortex_9_CGTTGGGTCTTGTATC,3.9777516444242114
40065,0.5438433352545301,9__nan,PertCortex_9_CTAACTTAGTGACTCT,1.782600780438288
40066,0.5059717981238466,9__nan,PertCortex_9_CTAACTTCAACTTGAC,1.7434618924734677
40067,0.10323052167290235,9__nan,PertCortex_9_CTAACTTTCGCCTGTT,3.7135705058483484
40068,0.14559602600286076,9__nan,PertCortex_9_CTAACTTTCTCGCTTG,4.393878059607811
40069,0.13542484076389028,9__nan,PertCortex_9_CTAAGACAGACCACGA,3.893988614516782
40070,0.15554542478958394,9__nan,PertCortex_9_CTAAGACAGCGGCTTC,4.662627679511091
40071,0.12079639242304101,9__nan,PertCortex_9_CTAATGGCATCATCCC,3.4393906068000617
40072,0.4265464479443244,9__nan,PertCortex_9_CTAATGGGTAGAAGGA,1.9845166592798669
40073,0.0853692046103817,9__nan,PertCortex_9_CTAATGGGTTTGCATG,3.328153641812132
40074,0.10611374619697723,9__nan,PertCortex_9_CTACACCAGATCCTGT,3.4911069584236585
40075,0.08724622567421132,9__nan,PertCortex_9_CTACACCAGGATATAC,4.444880607780882
40076,0.16361434372147132,9__nan,PertCortex_9_CTACACCCACCTCGGA,4.629710409377791
40077,0.07211345225612431,9__nan,PertCortex_9_CTACACCCATGCAATC,4.14933579405507
40078,0.15936858252501146,9__nan,PertCortex_9_CTACATTCAGGCTCAC,3.238276416599013
40079,0.467418130055822,9__nan,PertCortex_9_CTACATTGTGGTCCGT,1.5908742013721853
40080,0.10354975525374926,9__nan,PertCortex_9_CTACATTTCGAGGTAG,3.2285881072721274
40081,0.11720602763172974,9__nan,PertCortex_9_CTACCCAAGGCAGTCA,4.023033693607082
40082,0.05224816143492756,9__nan,PertCortex_9_CTACCCACAGACAAGC,3.816792790643075
40083,0.21485148428383727,9__nan,PertCortex_9_CTACCCACAGACGTAG,5.047947306204031
40084,0.18364588193276626,9__nan,PertCortex_9_CTACGTCTCATATCGG,4.422626319653766
40085,0.2275290168367466,9__nan,PertCortex_9_CTAGAGTGTATCACCA,4.5748455534548755
40086,0.192400151762249,9__nan,PertCortex_9_CTAGAGTTCCGATATG,2.0747524544660267
40087,0.21039908062704468,9__nan,PertCortex_9_CTAGCCTAGCAGCCTC,4.752555789438436
40088,0.1802509248513272,9__nan,PertCortex_9_CTAGTGAGTAGGGTAC,4.490713141122303
40089,0.1644417776558484,9__nan,PertCortex_9_CTAGTGAGTCGCCATG,2.9928669186576724
40090,0.2153199092501821,9__nan,PertCortex_9_CTCACACAGGAATTAC,5.052634053040071
40091,0.0017084150474469203,9__nan,PertCortex_9_CTCACACAGGCGATAC,4.614856368959497
40092,0.1270508440333192,9__nan,PertCortex_9_CTCACACCAAGAGGCT,4.998017458470067
40093,0.22676561141373192,9__nan,PertCortex_9_CTCACACGTGTCCTCT,2.1835307650777667
40094,0.2690645113670258,9__nan,PertCortex_9_CTCATTACAAACGTGG,1.9607463383413446
40095,0.12373719338715308,9__nan,PertCortex_9_CTCATTAGTCCGCTGA,4.950487302462504
40096,0.14746433363818826,9__nan,PertCortex_9_CTCATTAGTTGTTTGG,4.260723079303247
40097,0.09599064209607877,9__nan,PertCortex_9_CTCCTAGAGGAGCGAG,3.887588335005501
40098,0.08696141464450514,9__nan,PertCortex_9_CTCGAAATCCAACCAA,3.836039679599453
40099,0.1666532396422238,9__nan,PertCortex_9_CTCGAGGCATCGGGTC,2.7124188779259604
40100,0.22035316501482988,9__nan,PertCortex_9_CTCGGGACAAGACACG,3.5590509022452914
40101,0.12759955885906688,9__nan,PertCortex_9_CTCGGGACATACGCTA,3.691881719948823
40102,0.2104907634311989,9__nan,PertCortex_9_CTCGGGAGTATATGAG,3.404933270572515
40103,0.23020273201259445,9__nan,PertCortex_9_CTCGGGAGTTCTCATT,2.011865608832224
40104,0.1338172331440872,9__nan,PertCortex_9_CTCGTACAGTCGTTTG,4.72735729247505
40105,0.6331429715935302,9__nan,PertCortex_9_CTCGTACTCTTGCAAG,1.8643048677845966
40106,0.07084348997474636,9__nan,PertCortex_9_CTCGTCAAGCGATTCT,4.968422895151412
40107,0.1325184678287584,9__nan,PertCortex_9_CTCGTCAGTCTGATCA,3.7045202191510436
40108,0.07478365066669145,9__nan,PertCortex_9_CTCGTCAGTGCCTTGG,4.652239282528283
40109,0.0784056540127414,9__nan,PertCortex_9_CTCGTCATCTGCGTAA,4.939469432040827
40110,0.48310975812484036,9__nan,PertCortex_9_CTCTAATAGCTCCCAG,1.7715232257902649
40111,0.1233100338271548,9__nan,PertCortex_9_CTCTAATGTCTAGCGC,4.569868663075019
40112,0.2809136541145542,9__nan,PertCortex_9_CTCTAATTCACCACCT,1.8012849540969864
40113,0.16979271747847066,9__nan,PertCortex_9_CTCTAATTCAGTGTTG,3.9823990770710194
40114,0.12020513031179286,9__nan,PertCortex_9_CTCTACGAGCTAAGAT,5.144545530955078
40115,0.11961296825757729,9__nan,PertCortex_9_CTCTACGGTTATGTGC,3.9464831949735237
40116,0.09555550422984423,9__nan,PertCortex_9_CTCTGGTCAAGCTGTT,3.831892078593463
40117,0.17371701493131697,9__nan,PertCortex_9_CTCTGGTCATCGGAAG,4.188042767055187
40118,0.37578138614053463,9__nan,PertCortex_9_CTCTGGTGTATGCTTG,3.477030498180148
40119,0.20110206253450916,9__nan,PertCortex_9_CTCTGGTGTGAGGCTA,2.5709054064018737
40120,0.040157921247338295,9__nan,PertCortex_9_CTCTGGTTCCCTAATT,3.9568388350700525
40121,0.16540813149938138,9__nan,PertCortex_9_CTGAAACAGCGATGAC,4.253533008664011
40122,0.20822795266617591,9__nan,PertCortex_9_CTGAAACGTGTTGGGA,2.6170711828673983
40123,0.20990394772680804,9__nan,PertCortex_9_CTGAAACTCCGTTGCT,3.5526180578153577
40124,0.20017005370687907,9__nan,PertCortex_9_CTGAAGTCATCGGACC,1.7993927475035263
40125,0.11311757418736487,9__nan,PertCortex_9_CTGAAGTGTATGGTTC,4.53770687290863
40126,0.07170853002882346,9__nan,PertCortex_9_CTGAAGTGTTAAGACA,4.453509720843531
40127,0.15810958461825428,9__nan,PertCortex_9_CTGAAGTTCTGCTGTC,4.440197763255384
40128,0.18884397187292515,9__nan,PertCortex_9_CTGATAGAGCCACGTC,3.887392869467828
40129,0.26947288049313767,9__nan,PertCortex_9_CTGATAGCATCACCCT,1.661443721455148
40130,0.24935893733612693,9__nan,PertCortex_9_CTGATCCCACACAGAG,2.2709100767768966
40131,0.5205407585344304,9__nan,PertCortex_9_CTGCCTACAGTAACGG,1.606736417800315
40132,0.10311721913523064,9__nan,PertCortex_9_CTGCCTAGTAACGCGA,4.185163575708919
40133,0.2259110662484748,9__nan,PertCortex_9_CTGCCTATCCAACCAA,1.5560566574402446
40134,0.16776428995494647,9__nan,PertCortex_9_CTGCGGACAGGTCTCG,2.274702061986973
40135,0.16725671814084966,9__nan,PertCortex_9_CTGCTGTGTGTAAGTA,3.648109934369411
40136,0.14322177765931618,9__nan,PertCortex_9_CTGGTCTGTGGTACAG,3.875122248789155
40137,0.05952637675075506,9__nan,PertCortex_9_CTGTGCTCAAGCCGCT,3.341807453858847
40138,0.5257228832030559,9__nan,PertCortex_9_CTGTGCTGTTTAGCTG,1.8193877436847434
40139,0.20990866151213677,9__nan,PertCortex_9_CTGTGCTTCGCCATAA,5.057299357705708
40140,0.20737143714002965,9__nan,PertCortex_9_CTGTTTACATTCTTAC,4.927402902173426
40141,0.11512225219088328,9__nan,PertCortex_9_CTTAACTAGCTGTCTA,3.728988244734952
40142,0.21665983443787334,9__nan,PertCortex_9_CTTAACTTCGATCCCT,3.3627916004461045
40143,0.16198992042475588,9__nan,PertCortex_9_CTTACCGCAACTTGAC,4.735293470267416
40144,0.5627597593917522,9__nan,PertCortex_9_CTTACCGGTCATTAGC,1.8303705832774524
40145,0.15315678001069458,9__nan,PertCortex_9_CTTACCGTCTCTTGAT,3.6784764140309933
40146,0.5208855922665682,9__nan,PertCortex_9_CTTAGGAAGCGCCTTG,1.456040870536395
40147,0.45343053570350456,9__nan,PertCortex_9_CTTAGGAGTAGCCTCG,2.060806135889435
40148,0.19871383805519613,9__nan,PertCortex_9_CTTAGGATCATCGGAT,5.054699650258796
40149,0.15423346745586955,9__nan,PertCortex_9_CTTAGGATCCTAGGGC,4.442465834522405
40150,0.13027697211393033,9__nan,PertCortex_9_CTTCTCTGTACATGTC,3.5281503326934205
40151,0.13532032666335225,9__nan,PertCortex_9_CTTGGCTAGTACTTGC,3.633584150259541
40152,0.15689970264168412,9__nan,PertCortex_9_CTTGGCTCAAGTCTGT,3.7150948276107036
40153,0.5276460161651678,9__nan,PertCortex_9_CTTGGCTGTGTGACCC,1.5065600314663838
40154,0.1278458489565227,9__nan,PertCortex_9_GAAACTCCAATAAGCA,3.3033086337548956
40155,0.1372228874891435,9__nan,PertCortex_9_GAAACTCCAGCCTTGG,3.3027449266210023
40156,0.1915988639422798,9__nan,PertCortex_9_GAAACTCCATCAGTAC,4.52533775260763
40157,0.048255190607634384,9__nan,PertCortex_9_GAACATCGTACCGGCT,2.413338479635804
40158,0.16115350135895715,9__nan,PertCortex_9_GAACATCGTCGACTGC,5.341628233279832
40159,0.3420830650617725,9__nan,PertCortex_9_GAACATCTCAAGATCC,3.221875998603733
40160,0.11310038392666567,9__nan,PertCortex_9_GAACCTAAGCTCCTCT,3.800870437984584
40161,0.027812654988093204,9__nan,PertCortex_9_GAACCTACAGTAACGG,3.46958849562386
40162,0.09842329479383066,9__nan,PertCortex_9_GAACCTATCTCCGGTT,4.501965781199706
40163,0.19282541126161365,9__nan,PertCortex_9_GAACGGAGTGATGCCC,3.361586664936582
40164,0.20168592863452764,9__nan,PertCortex_9_GAACGGATCGGCGGTT,2.1713933432953456
40165,0.1406943155331253,9__nan,PertCortex_9_GAAGCAGCAAAGGTGC,3.355129863250214
40166,0.05238670083894176,9__nan,PertCortex_9_GAAGCAGCAGGTCTCG,3.209607612331482
40167,0.1985776027386227,9__nan,PertCortex_9_GAAGCAGGTACGAAAT,3.8591477184954726
40168,0.09221618175852328,9__nan,PertCortex_9_GAAGCAGGTCAGATAA,3.006523659511677
40169,0.1601773151921544,9__nan,PertCortex_9_GAATAAGAGGTGCTTT,2.55511643081953
40170,0.05736873835389977,9__nan,PertCortex_9_GAATAAGAGTGTGGCA,4.798992963942204
40171,0.1851542794328842,9__nan,PertCortex_9_GAATAAGGTTCAGACT,2.983537240084425
40172,0.10075032689044691,9__nan,PertCortex_9_GACACGCCACCATGTA,3.856835567732087
40173,0.13131504978896344,9__nan,PertCortex_9_GACACGCCAGTTCATG,3.3418368253268436
40174,0.5994907335858611,9__nan,PertCortex_9_GACACGCGTACCTACA,1.6305968074796746
40175,0.16656288398997646,9__nan,PertCortex_9_GACAGAGAGCATCATC,4.390725085626426
40176,0.17978695384829352,9__nan,PertCortex_9_GACAGAGAGGCAAAGA,3.125120858454541
40177,0.16391514628304277,9__nan,PertCortex_9_GACAGAGAGTGGAGTC,4.004172414573139
40178,0.4264368722726254,9__nan,PertCortex_9_GACCAATCAGCATACT,1.7791505811940642
40179,0.27083493093057964,9__nan,PertCortex_9_GACCTGGCAAAGGAAG,2.4383701391544337
40180,0.16410472155633096,9__nan,PertCortex_9_GACCTGGCATTCCTGC,3.16655630926283
40181,0.19451362828661067,9__nan,PertCortex_9_GACGCGTGTTCAGCGC,5.34626056891627
40182,0.0829700067843865,9__nan,PertCortex_9_GACGCGTTCAGTTCGA,3.0816180877327364
40183,0.07701390635545184,9__nan,PertCortex_9_GACGTGCCAATCTGCA,3.4393647988072025
40184,0.18331054867104363,9__nan,PertCortex_9_GACGTGCCAGAAGCAC,5.007868788659497
40185,0.05398243691174913,9__nan,PertCortex_9_GACGTGCGTAGGCTGA,4.060061222113958
40186,0.07512289908974479,9__nan,PertCortex_9_GACGTGCGTTATCACG,3.546169934857585
40187,0.1592606978618716,9__nan,PertCortex_9_GACGTGCTCAGTTAGC,4.961412701340604
40188,0.33988690647842895,9__nan,PertCortex_9_GACGTTAAGAGCCCAA,1.6578359625283865
40189,0.2525325955835981,9__nan,PertCortex_9_GACGTTAAGATGCGAC,4.803606351651526
40190,0.08326516335999415,9__nan,PertCortex_9_GACGTTATCCTCTAGC,4.447591779264544
40191,0.13342682612885204,9__nan,PertCortex_9_GACTAACCATTCTCAT,4.2449630503256435
40192,0.3655445740431938,9__nan,PertCortex_9_GACTAACGTGATAAAC,2.259718694050711
40193,0.13204131508243908,9__nan,PertCortex_9_GACTAACTCAAGGTAA,4.997379757612605
40194,0.19076365999301287,9__nan,PertCortex_9_GACTGCGCACATTTCT,3.6738450580450244
40195,0.18074025650783088,9__nan,PertCortex_9_GACTGCGCAGTCACTA,2.9312572861149544
40196,0.09107328367633763,9__nan,PertCortex_9_GAGGTGACATGTAGTC,2.567412183599612
40197,0.2521887734490695,9__nan,PertCortex_9_GAGGTGAGTCCAAGTT,1.2289110125064044
40198,0.10104069632659039,9__nan,PertCortex_9_GAGGTGAGTCCGACGT,5.124249327637803
40199,0.14281658339894598,9__nan,PertCortex_9_GAGGTGAGTTAGTGGG,4.780976023090783
40200,0.13830641224002202,9__nan,PertCortex_9_GAGGTGATCCAAACTG,3.4117998535570755
40201,0.09216669510542784,9__nan,PertCortex_9_GAGTCCGAGGATGGAA,2.695810450740774
40202,0.09482172244833269,9__nan,PertCortex_9_GAGTCCGCATTGGCGC,4.081155052747594
40203,0.11292122530247374,9__nan,PertCortex_9_GAGTCCGTCTTGGGTA,3.661778295620412
40204,0.13488785648194931,9__nan,PertCortex_9_GATCAGTCATTCCTCG,4.688552190877238
40205,0.16755415456219083,9__nan,PertCortex_9_GATCAGTTCGGCATCG,4.099777145559199
40206,0.08568668670825254,9__nan,PertCortex_9_GATCGATAGATCTGAA,3.595327854490055
40207,0.14126996864404565,9__nan,PertCortex_9_GATCGATAGCGGATCA,4.976736494032017
40208,0.2615316399895255,9__nan,PertCortex_9_GATCGATAGGCGTACA,4.9597024308388376
40209,0.06993202683592412,9__nan,PertCortex_9_GATCGATAGGTGACCA,3.3935129861859603
40210,0.15896986383773065,9__nan,PertCortex_9_GATCGATGTGCAACTT,4.844210079199851
40211,0.18262178698402126,9__nan,PertCortex_9_GATCGATTCTCTTGAT,5.2281335348839075
40212,0.13944602076674267,9__nan,PertCortex_9_GATCGTATCACAATGC,3.06767621808309
40213,0.4304001691564167,9__nan,PertCortex_9_GATCTAGAGTACGCGA,1.692186131435874
40214,0.24783061661559586,9__nan,PertCortex_9_GATCTAGCAACACGCC,3.4279492621907526
40215,0.48735223760736524,9__nan,PertCortex_9_GATGAAAAGCCACTAT,1.563279430241928
40216,0.08049451976992504,9__nan,PertCortex_9_GATGAAAGTCGAACAG,2.688488257308113
40217,0.07792926295000271,9__nan,PertCortex_9_GATGAGGCATCCTAGA,4.432050173024521
40218,0.16463512900558191,9__nan,PertCortex_9_GATGAGGGTTTGGCGC,4.24269539704345
40219,0.6502452294880124,9__nan,PertCortex_9_GATGAGGGTTTGGGCC,1.3024293172520196
40220,0.15204806863520773,9__nan,PertCortex_9_GATGAGGTCCTATGTT,1.802770726161964
40221,0.07588264275001035,9__nan,PertCortex_9_GATGCTACACAACGCC,4.114729453354972
40222,0.1737192670892265,9__nan,PertCortex_9_GATTCAGCACAGACTT,5.005543023817254
40223,0.24893721336568536,9__nan,PertCortex_9_GATTCAGCATGTCCTC,2.729359751311568
40224,0.17883800456071208,9__nan,PertCortex_9_GATTCAGGTAAACACA,4.82734655650324
40225,0.10770619606637778,9__nan,PertCortex_9_GCAAACTAGCCACTAT,3.2979038402544236
40226,0.26710842701894827,9__nan,PertCortex_9_GCAAACTCATAAAGGT,2.1247777228162223
40227,0.1778877570823637,9__nan,PertCortex_9_GCAATCAGTCAGAATA,2.3916555296958686
40228,0.153200817836197,9__nan,PertCortex_9_GCACATACACGGCCAT,5.824458562256471
40229,0.18794752350397817,9__nan,PertCortex_9_GCACATACATATGAGA,3.3345953804067396
40230,0.16341179560248345,9__nan,PertCortex_9_GCACATAGTTGACGTT,2.23297443607007
40231,0.1737846825628092,9__nan,PertCortex_9_GCACATATCCGCGCAA,4.164644618796948
40232,0.14000708135237447,9__nan,PertCortex_9_GCACATATCTGTCCGT,4.8485701280566795
40233,0.12633862182699832,9__nan,PertCortex_9_GCACTCTAGCGATAGC,4.620357058761536
40234,0.5006505646562774,9__nan,PertCortex_9_GCACTCTAGGGCTTCC,1.6621810957577412
40235,0.17013919181250856,9__nan,PertCortex_9_GCACTCTCATGTCGAT,4.2005411044616725
40236,0.09057046657601155,9__nan,PertCortex_9_GCACTCTGTCCTAGCG,4.690088836172246
40237,0.11339395508076526,9__nan,PertCortex_9_GCACTCTGTTTCGCTC,3.142226558456786
40238,0.1993717324025216,9__nan,PertCortex_9_GCACTCTTCACGATGT,4.416859291400162
40239,0.14322391078253757,9__nan,PertCortex_9_GCACTCTTCGTCCAGG,2.5479531930543264
40240,0.22951910356945973,9__nan,PertCortex_9_GCACTCTTCGTGACAT,4.572554191603021
40241,0.1984597058334817,9__nan,PertCortex_9_GCAGCCAAGCGGATCA,4.1313766445694835
40242,0.1581486302653829,9__nan,PertCortex_9_GCAGTTACACATTAGC,4.567733346915121
40243,0.18593166452070595,9__nan,PertCortex_9_GCAGTTAGTTAGTGGG,4.156005481498247
40244,0.5324996365772485,9__nan,PertCortex_9_GCAGTTATCGAATGGG,1.6360825802502446
40245,0.1890418913621588,9__nan,PertCortex_9_GCATACAAGACGCACA,4.544732436422355
40246,0.3182400315895972,9__nan,PertCortex_9_GCATACAAGGATGGTC,2.071866184058118
40247,0.09166323404728186,9__nan,PertCortex_9_GCATACAGTAGCGTAG,3.700472010466703
40248,0.1706567261136006,9__nan,PertCortex_9_GCATGATCAGATCCAT,5.061023863379136
40249,0.09831027610130909,9__nan,PertCortex_9_GCATGATCAGCGTCCA,3.10827716750328
40250,0.30353450373377533,9__nan,PertCortex_9_GCATGATGTATGAATG,1.5982215779336197
40251,0.19258329984929368,9__nan,PertCortex_9_GCATGCGAGTACGCGA,4.2589409482002685
40252,0.23105398159004245,9__nan,PertCortex_9_GCATGCGTCCTCCTAG,2.860981058954027
40253,0.11403401560360175,9__nan,PertCortex_9_GCATGTAAGATCTGCT,3.4795753394557667
40254,0.3986930800345373,9__nan,PertCortex_9_GCATGTAAGTAACCCT,1.4951202370789252
40255,0.07560688730149978,9__nan,PertCortex_9_GCCAAATCAGACGCAA,4.31221634765666
40256,0.16758454296272582,9__nan,PertCortex_9_GCCAAATGTTCTGGTA,4.690797969863849
40257,0.07246613034642263,9__nan,PertCortex_9_GCCTCTACACATGGGA,3.4761809662386836
40258,0.2152934655680217,9__nan,PertCortex_9_GCCTCTAGTCCGTCAG,5.030791448164434
40259,0.4783564583026605,9__nan,PertCortex_9_GCGACCAAGTGACATA,1.6763710139080445
40260,0.08738252301656965,9__nan,PertCortex_9_GCGACCATCCTCGCAT,3.3739916054006485
40261,0.08515224646053693,9__nan,PertCortex_9_GCGAGAAAGTGTCCCG,3.5593890825495684
40262,0.1780160349604722,9__nan,PertCortex_9_GCGAGAAGTTGTCTTT,5.061875649249759
40263,0.1076844665975601,9__nan,PertCortex_9_GCGAGAATCGGTGTCG,4.163205227916943
40264,0.19857327088958043,9__nan,PertCortex_9_GCGAGAATCTGAGGGA,3.0589351985261866
40265,0.142576463368123,9__nan,PertCortex_9_GCGCAGTTCATCTGTT,4.461056567880143
40266,0.19785514537366244,9__nan,PertCortex_9_GCGCAGTTCATGCTCC,4.222233450329814
40267,0.1668898179745631,9__nan,PertCortex_9_GCGCCAAAGCGATCCC,3.5645319986101303
40268,0.10143187168397497,9__nan,PertCortex_9_GCGCCAAGTCGAATCT,4.9021262513095465
40269,0.23487358344697493,9__nan,PertCortex_9_GCGCCAAGTTCTGAAC,4.553440241173855
40270,0.10371378030903483,9__nan,PertCortex_9_GCGCCAATCATCTGCC,3.159834730170233
40271,0.3996490291777483,9__nan,PertCortex_9_GCGCGATAGCCACGCT,3.8705997445062077
40272,0.09635640689497708,9__nan,PertCortex_9_GCGCGATTCTACGAGT,3.2543340863894357
40273,0.3660257999955676,9__nan,PertCortex_9_GCGGGTTCACATTAGC,2.3071260148920922
40274,0.1094483373062333,9__nan,PertCortex_9_GCGGGTTTCGTCCAGG,3.5011219101585276
40275,0.23189423208907745,9__nan,PertCortex_9_GCTCCTAAGGGCATGT,1.7954437730274904
40276,0.14034077090484484,9__nan,PertCortex_9_GCTCCTAGTCCTCCAT,3.23132813373844
40277,0.18021816711228278,9__nan,PertCortex_9_GCTCCTATCGTACCGG,3.6629820358429717
40278,0.03287104363453251,9__nan,PertCortex_9_GCTCTGTAGACCGGAT,5.1176682742129485
40279,0.4903168523342508,9__nan,PertCortex_9_GCTGCAGAGGAGCGAG,1.9491208498729111
40280,0.11136100856785128,9__nan,PertCortex_9_GCTGCAGCAAGGTTCT,3.9718173710640112
40281,0.14273470775314723,9__nan,PertCortex_9_GCTGCAGGTACAGCAG,5.025900489267064
40282,0.1488864350059716,9__nan,PertCortex_9_GCTGCAGGTCTTCAAG,4.67762793102479
40283,0.23015546635702072,9__nan,PertCortex_9_GCTGCAGTCAGCAACT,1.875586065674012
40284,0.23725925130061354,9__nan,PertCortex_9_GCTGCAGTCGGAAATA,3.587618553126251
40285,0.14350665429340803,9__nan,PertCortex_9_GCTGCGAGTTATGTGC,4.523929708001785
40286,0.13627858146244462,9__nan,PertCortex_9_GCTGCGATCATGTCTT,3.142925990175677
40287,0.2043566231780928,9__nan,PertCortex_9_GCTGCTTAGAGACGAA,2.508725833239289
40288,0.12437728285416018,9__nan,PertCortex_9_GCTGCTTCAATGAATG,5.457027855168573
40289,0.1325036079149447,9__nan,PertCortex_9_GCTGGGTAGGCGATAC,4.040810690151636
40290,0.16510521093859612,9__nan,PertCortex_9_GCTGGGTCACGTGAGA,4.814942590627235
40291,0.15943488756819427,9__nan,PertCortex_9_GCTGGGTGTCATCCCT,4.740448184858694
40292,0.20419776798948192,9__nan,PertCortex_9_GCTGGGTGTCTAAAGA,3.862493360547641
40293,0.12328880036968942,9__nan,PertCortex_9_GCTGGGTTCTTCTGGC,5.209951128283692
40294,0.1679997724920128,9__nan,PertCortex_9_GCTTCCAAGGATTCGG,4.19352016104611
40295,0.21506574450868315,9__nan,PertCortex_9_GCTTCCAAGTAGTGCG,2.8196060041339868
40296,0.14376813666680832,9__nan,PertCortex_9_GCTTCCACATCCGGGT,2.681831567468845
40297,0.2581981700189724,9__nan,PertCortex_9_GCTTCCACATGGTCAT,1.957912858038302
40298,0.14739470498625004,9__nan,PertCortex_9_GCTTGAAAGAGGGATA,2.398799351571992
40299,0.04338867419639366,9__nan,PertCortex_9_GCTTGAAAGCAGCCTC,4.750944492778721
40300,0.19773552946439646,9__nan,PertCortex_9_GCTTGAACACGGCTAC,4.928894258194576
40301,0.13266054696168536,9__nan,PertCortex_9_GCTTGAAGTGGCGAAT,3.5138314587840576
40302,0.09247930648371806,9__nan,PertCortex_9_GCTTGAATCGGAGGTA,5.284033284050176
40303,0.12014020287206618,9__nan,PertCortex_9_GGAAAGCCATGTTGAC,4.109639982564993
40304,0.15089846402805437,9__nan,PertCortex_9_GGAAAGCTCTGGGCCA,5.427688423878948
40305,0.11543643409441876,9__nan,PertCortex_9_GGAACTTAGACTAAGT,3.9504898887821813
40306,0.29592708225800446,9__nan,PertCortex_9_GGAACTTCAAGAAGAG,4.727268075672649
40307,0.13875662548703763,9__nan,PertCortex_9_GGAACTTTCCAACCAA,3.559859617904298
40308,0.13837767844536242,9__nan,PertCortex_9_GGAACTTTCCAGTATG,2.646266750405078
40309,0.20725479603159377,9__nan,PertCortex_9_GGAATAACATTGGCGC,4.394608555491616
40310,0.09706658066463121,9__nan,PertCortex_9_GGAATAAGTCAACTGT,2.927090772599871
40311,0.1401235467037883,9__nan,PertCortex_9_GGAATAAGTCTCTTAT,4.390716903131863
40312,0.10671720115647187,9__nan,PertCortex_9_GGAATAATCATTATCC,4.488552695412427
40313,0.17359562492715985,9__nan,PertCortex_9_GGACAAGAGGTGGGTT,4.23173325253971
40314,0.2544717033195657,9__nan,PertCortex_9_GGACAAGCACGTGAGA,2.092501090619147
40315,0.20532612375993747,9__nan,PertCortex_9_GGACAAGCACTAGTAC,3.005581694313835
40316,0.07141585711877976,9__nan,PertCortex_9_GGACAAGTCCATGAGT,3.439828171065006
40317,0.17795734610962716,9__nan,PertCortex_9_GGACAGACACTGTGTA,4.4845064281198415
40318,0.02650335552860085,9__nan,PertCortex_9_GGACATTTCTGGTTCC,3.608781543366653
40319,0.21082584271206545,9__nan,PertCortex_9_GGACGTCCAAGTTAAG,3.3697914455130458
40320,0.08736012713651377,9__nan,PertCortex_9_GGACGTCCATGCCCGA,2.582553417339003
40321,0.16208805158576156,9__nan,PertCortex_9_GGACGTCGTCGAACAG,2.5604405971982027
40322,0.3926650705163977,9__nan,PertCortex_9_GGACGTCGTGCGATAG,2.0383543471975587
40323,0.12558472225921619,9__nan,PertCortex_9_GGACGTCTCCTTTCTC,3.6946990405041515
40324,0.21895609865763546,9__nan,PertCortex_9_GGAGCAAGTAGCTGCC,2.1089861686391993
40325,0.35046425784954405,9__nan,PertCortex_9_GGATGTTTCCCTAATT,1.626856992038904
40326,0.5013758743481476,9__nan,PertCortex_9_GGATTACAGGGCTTCC,1.6719027101800301
40327,0.07806901389288537,9__nan,PertCortex_9_GGATTACGTGTGTGCC,3.1067632338572353
40328,0.12808832328516598,9__nan,PertCortex_9_GGCAATTCAAGCTGAG,4.4485839577605875
40329,0.12352227557808555,9__nan,PertCortex_9_GGCAATTCAGGACCCT,4.608212574677835
40330,0.47439435807498004,9__nan,PertCortex_9_GGCAATTCATTACGAC,2.001838979375649
40331,0.07565124417604567,9__nan,PertCortex_9_GGCCGATAGCCCAATT,3.9340982967773863
40332,0.16388565089121462,9__nan,PertCortex_9_GGCCGATGTTTGTGTG,5.1883032875960415
40333,0.1335763544856278,9__nan,PertCortex_9_GGCGACTCATTGGCGC,4.239404585275825
40334,0.14559013603641016,9__nan,PertCortex_9_GGCGACTTCAGGCCCA,5.0407793503713805
40335,0.0967477506209234,9__nan,PertCortex_9_GGCGTGTAGTCCATAC,5.798902677964246
40336,0.3322846769300427,9__nan,PertCortex_9_GGCGTGTCACATAACC,2.288602882278419
40337,0.24407218459212132,9__nan,PertCortex_9_GGCGTGTGTCAATACC,2.0988974663394124
40338,0.0578776996539676,9__nan,PertCortex_9_GGCGTGTTCTGGAGCC,2.0008244026075968
40339,0.1459041804767557,9__nan,PertCortex_9_GGCTCGATCGGATGTT,5.401594311931123
40340,0.16793301030503763,9__nan,PertCortex_9_GGGAATGCAAATACAG,3.612974188182737
40341,0.25967510151524076,9__nan,PertCortex_9_GGGAATGCACACCGAC,2.4727217975325093
40342,0.21208599204579962,9__nan,PertCortex_9_GGGAATGGTTCGCGAC,4.2099176053742156
40343,0.07172031918738339,9__nan,PertCortex_9_GGGACCTGTATATCCG,3.9910029450949516
40344,0.377779607112619,9__nan,PertCortex_9_GGGACCTTCCGCATCT,1.996873383794455
40345,0.3675167763985474,9__nan,PertCortex_9_GGGAGATGTAGGCATG,2.2016771288659753
40346,0.08209501541325315,9__nan,PertCortex_9_GGGAGATGTAGGGACT,4.20691752828038
40347,0.12627675054320223,9__nan,PertCortex_9_GGGAGATGTCACCCAG,3.6127735849704776
40348,0.05434211405751431,9__nan,PertCortex_9_GGGATGACATGCCTAA,4.193608940996317
40349,0.12083941458029357,9__nan,PertCortex_9_GGGATGAGTCTAGCCG,3.5607875433973604
40350,0.16852362162466003,9__nan,PertCortex_9_GGGATGAGTTTGACAC,3.102851968188674
40351,0.17829233105859418,9__nan,PertCortex_9_GGGATGATCGTACCGG,4.749392731912571
40352,0.10661630684632281,9__nan,PertCortex_9_GGGCACTAGACATAAC,3.6567613255010554
40353,0.09175821303423705,9__nan,PertCortex_9_GGGCACTCATCGGGTC,3.8179209475987346
40354,0.08433558630721188,9__nan,PertCortex_9_GGGCACTCATTACCTT,4.239111347483891
40355,0.14736789341925713,9__nan,PertCortex_9_GGGCACTGTCGTTGTA,4.310335944677784
40356,0.1779468571658278,9__nan,PertCortex_9_GGGCACTGTCTAACGT,4.925049924588643
40357,0.35125467724388776,9__nan,PertCortex_9_GGGCATCAGAGGTAGA,1.599430519246594
40358,0.0774822076125956,9__nan,PertCortex_9_GGGCATCAGCACAGGT,4.399566280936128
40359,0.10914723096854827,9__nan,PertCortex_9_GGGCATCCAACGATGG,4.186819331529153
40360,0.16654393886480168,9__nan,PertCortex_9_GGGTCTGGTAGTAGTA,4.701698320517028
40361,0.06599798543164231,9__nan,PertCortex_9_GGGTCTGGTGAGCGAT,2.8364558340475123
40362,0.15742577158050497,9__nan,PertCortex_9_GGGTCTGGTTTACTCT,4.903259502183579
40363,0.0451830982292704,9__nan,PertCortex_9_GGGTTGCAGCAAATCA,2.9755147332811993
40364,0.23872026651237252,9__nan,PertCortex_9_GGTATTGAGAACAATC,5.1585894766895475
40365,0.12595509860897977,9__nan,PertCortex_9_GGTGAAGAGAGCTGGT,2.797851656341193
40366,0.14621911343639912,9__nan,PertCortex_9_GGTGCGTCAACACCTA,4.217428759444213
40367,0.14908728969670346,9__nan,PertCortex_9_GGTGTTAAGGTGCACA,4.142339190770259
40368,0.1287407927183361,9__nan,PertCortex_9_GGTGTTAGTTCGTTGA,3.3758685876545043
40369,0.23093433331927446,9__nan,PertCortex_9_GGTGTTATCTTCAACT,4.4752552819608935
40370,0.10046743758562783,9__nan,PertCortex_9_GGTGTTATCTTTCCTC,5.1536173104461716
40371,0.5331626755299077,9__nan,PertCortex_9_GTAACGTAGTCCAGGA,1.6417916993995505
40372,0.41918670458529156,9__nan,PertCortex_9_GTAACGTCACAGCGTC,2.1932585599364094
40373,0.10160422363601493,9__nan,PertCortex_9_GTAACGTTCTTTACAC,4.965349548064011
40374,0.19061789405120114,9__nan,PertCortex_9_GTAACTGAGACTGGGT,4.5454666895813665
40375,0.10008940237249815,9__nan,PertCortex_9_GTACGTACAGTGAGTG,3.7651898426678025
40376,0.461771734490774,9__nan,PertCortex_9_GTACTCCGTCAATGTC,1.5831355783019898
40377,0.17864795998111035,9__nan,PertCortex_9_GTACTCCTCTACTATC,5.7243049994479716
40378,0.23634246145505294,9__nan,PertCortex_9_GTACTTTAGGCAAAGA,4.915850348837359
40379,0.1465183332334803,9__nan,PertCortex_9_GTAGGCCAGGGATACC,4.520493808179191
40380,0.053765885132887825,9__nan,PertCortex_9_GTAGTCAAGGCATTGG,3.3532071306973767
40381,0.16706880983287492,9__nan,PertCortex_9_GTAGTCACACACCGCA,4.481576984081306
40382,0.1684986803239867,9__nan,PertCortex_9_GTAGTCACAGCCTTGG,4.675769334206578
40383,0.16164944668059347,9__nan,PertCortex_9_GTAGTCAGTAGCTTGT,4.856339871541372
40384,0.453052654706879,9__nan,PertCortex_9_GTAGTCATCTGATTCT,2.040161409521413
40385,0.17987841054529735,9__nan,PertCortex_9_GTATCTTTCACATAGC,3.9021936961472514
40386,0.08249444618505525,9__nan,PertCortex_9_GTATCTTTCTGGTTCC,3.864255284108598
40387,0.15323878177991584,9__nan,PertCortex_9_GTATTCTAGTACGCGA,3.6269854233713903
40388,0.15391029710036921,9__nan,PertCortex_9_GTATTCTCACGTCAGC,3.2153515834129895
40389,0.1287997632694418,9__nan,PertCortex_9_GTATTCTCAGTCCTTC,3.6932940462462995
40390,0.0349823811218756,9__nan,PertCortex_9_GTCAAGTGTGACTCAT,3.469381196858195
40391,0.10263613934927958,9__nan,PertCortex_9_GTCACAATCGTCCAGG,2.7271597802487033
40392,0.23189044082427815,9__nan,PertCortex_9_GTCACGGCACTTACGA,2.7932693891879325
40393,0.3182656646547162,9__nan,PertCortex_9_GTCACGGCAGTATCTG,1.6829170902719808
40394,0.1432768806754367,9__nan,PertCortex_9_GTCACGGCATTATCTC,4.8007922195934505
40395,0.10447530804228043,9__nan,PertCortex_9_GTCATTTGTAAGAGAG,4.190306754446432
40396,0.15840554499505727,9__nan,PertCortex_9_GTCATTTGTGGACGAT,3.685239153197376
40397,0.38489209230913013,9__nan,PertCortex_9_GTCCTCACATTCCTCG,2.1588548289905907
40398,0.1496063842694342,9__nan,PertCortex_9_GTCCTCAGTATTACCG,5.066534101770727
40399,0.17894370696101872,9__nan,PertCortex_9_GTCCTCAGTCGGGTCT,4.534397107513547
40400,0.17560269514046506,9__nan,PertCortex_9_GTCCTCATCCTTTACA,5.2729187731873735
40401,0.18712348784401278,9__nan,PertCortex_9_GTCGGGTCAAGTCATC,4.225586733706319
40402,0.12618560963816247,9__nan,PertCortex_9_GTCGTAAAGAAGATTC,5.008641901483421
40403,0.09176264969151149,9__nan,PertCortex_9_GTCGTAAAGATCACGG,4.633368845572868
40404,0.13305961897091656,9__nan,PertCortex_9_GTCGTAACAACTTGAC,5.057498882044712
40405,0.20102403485978693,9__nan,PertCortex_9_GTCGTAATCTGCGGCA,3.436645159159032
40406,0.13087429095397912,9__nan,PertCortex_9_GTCTCGTCAATGGAAT,4.472770274801072
40407,0.37724224338229195,9__nan,PertCortex_9_GTCTCGTCACAGCCCA,2.109210679955546
40408,0.5301682115617121,9__nan,PertCortex_9_GTCTCGTTCCAAACTG,1.7388133350777089
40409,0.2756166306535937,9__nan,PertCortex_9_GTCTTCGGTGCCTGCA,1.8877290285723394
40410,0.1474044946608564,9__nan,PertCortex_9_GTGAAGGGTAAACCTC,3.6204031305104563
40411,0.13995359543300956,9__nan,PertCortex_9_GTGAAGGGTCAGAGGT,3.091804183561687
40412,0.45869665856913994,9__nan,PertCortex_9_GTGAAGGTCGGCTTGG,1.9332852906200533
40413,0.2961285814416278,9__nan,PertCortex_9_GTGCAGCTCTGTCCGT,2.063425024872951
40414,0.09435453455567784,9__nan,PertCortex_9_GTGCATAAGGATATAC,4.635769654234646
40415,0.1598789896705985,9__nan,PertCortex_9_GTGCATAAGTGGACGT,2.694376174437525
40416,0.1991341629099933,9__nan,PertCortex_9_GTGCATATCATGGTCA,4.962260603429382
40417,0.23586370655646718,9__nan,PertCortex_9_GTGCGGTAGTCCTCCT,4.922478338145751
40418,0.20852266902358443,9__nan,PertCortex_9_GTGCGGTCATCCTTGC,2.644055259021445
40419,0.1775378674919869,9__nan,PertCortex_9_GTGCGGTGTGCGCTTG,2.843535869352903
40420,0.13497291227922747,9__nan,PertCortex_9_GTGCTTCCAGTTCCCT,5.030143859162485
40421,0.07329291313486286,9__nan,PertCortex_9_GTGCTTCGTCAAAGAT,3.449447556359953
40422,0.2615785503374879,9__nan,PertCortex_9_GTGCTTCGTGTAAGTA,1.7291080411324562
40423,0.1461747378281081,9__nan,PertCortex_9_GTGGGTCAGTATCGAA,3.120749468949084
40424,0.15492796151152605,9__nan,PertCortex_9_GTGGGTCCAACGATCT,4.652409312263146
40425,0.13966847347675632,9__nan,PertCortex_9_GTGGGTCCAAGACACG,4.869954896494919
40426,0.16490214261362096,9__nan,PertCortex_9_GTGGGTCCAATGAAAC,4.903086215512973
40427,0.330120255480015,9__nan,PertCortex_9_GTGTGCGAGTACACCT,2.0948042265169944
40428,0.09799281858280243,9__nan,PertCortex_9_GTGTGCGCAATGGAAT,4.734233960563507
40429,0.6179944550724975,9__nan,PertCortex_9_GTGTGCGGTCACTTCC,2.008683446715851
40430,0.19260734931183296,9__nan,PertCortex_9_GTGTGCGGTGGCTCCA,4.317447538388711
40431,0.28491403628066136,9__nan,PertCortex_9_GTGTTAGCACACAGAG,2.3688369307930994
40432,0.11095801277177425,9__nan,PertCortex_9_GTGTTAGGTCACAAGG,2.457982489395439
40433,0.5257451503451698,9__nan,PertCortex_9_GTGTTAGGTTGAGTTC,1.7113030906745035
40434,0.6190356389936323,9__nan,PertCortex_9_GTGTTAGTCCTAAGTG,1.483660082203075
40435,0.48815953961518715,9__nan,PertCortex_9_GTTAAGCGTAGCGTCC,1.4046956754824338
40436,0.11201923419204181,9__nan,PertCortex_9_GTTAAGCTCGACCAGC,3.4852555742080673
40437,0.16798580332017413,9__nan,PertCortex_9_GTTACAGAGTGCCATT,4.161664414405571
40438,0.09760796256674868,9__nan,PertCortex_9_GTTACAGGTAAGAGGA,5.429781830350251
40439,0.2657842136672865,9__nan,PertCortex_9_GTTACAGTCTATCGCC,3.3972926999992485
40440,0.1234176775972234,9__nan,PertCortex_9_GTTCATTAGATAGCAT,2.9741865830780188
40441,0.07992615687434082,9__nan,PertCortex_9_GTTCATTAGTACGTAA,2.5968813012886263
40442,0.15852138674221686,9__nan,PertCortex_9_GTTCATTCATCCGTGG,4.654646400891824
40443,0.20941756222824223,9__nan,PertCortex_9_GTTCATTGTACTCAAC,5.073885232501032
40444,0.1328565074406885,9__nan,PertCortex_9_GTTCATTTCACTTCAT,3.513167272392555
40445,0.06593919169221564,9__nan,PertCortex_9_GTTCATTTCCACGAAT,4.625564087515981
40446,0.11907332206470007,9__nan,PertCortex_9_GTTCGGGAGTGGGATC,3.2513577424334286
40447,0.12233254304545596,9__nan,PertCortex_9_GTTCGGGCAAGCCATT,3.9021598609241064
40448,0.05177805578327878,9__nan,PertCortex_9_GTTCGGGCAAGCTGGA,3.598304356390106
40449,0.17615675581246285,9__nan,PertCortex_9_GTTCGGGGTAGCGCAA,3.9516960448941867
40450,0.18054956965624172,9__nan,PertCortex_9_GTTCTCGGTCCGAACC,3.659080622872583
40451,0.5509336998174593,9__nan,PertCortex_9_GTTTCTACAATAACGA,1.7007094887319127
40452,0.12086941543044011,9__nan,PertCortex_9_GTTTCTACAGATGAGC,3.230097904540699
40453,0.1522197195334971,9__nan,PertCortex_9_GTTTCTAGTTTGCATG,4.443719273558168
40454,0.12681611241151297,9__nan,PertCortex_9_TAAGAGAAGGCTATCT,5.61371900471026
40455,0.17889394298297728,9__nan,PertCortex_9_TAAGAGATCACCGGGT,4.582225372417433
40456,0.07063177381906327,9__nan,PertCortex_9_TAAGAGATCGCCAAAT,3.4366141238257546
40457,0.16648783609539095,9__nan,PertCortex_9_TAAGCGTCATACGCCG,3.5443619969769635
40458,0.13225732193711207,9__nan,PertCortex_9_TAAGTGCTCCAGTATG,2.8470937683630693
40459,0.14211851464216985,9__nan,PertCortex_9_TAAGTGCTCCGCGGTA,4.3987035136559545
40460,0.139315457065057,9__nan,PertCortex_9_TAAGTGCTCCGTCAAA,2.1121402224534984
40461,0.293058863038074,9__nan,PertCortex_9_TACACGAAGAGTTGGC,3.8540981376565813
40462,0.07958042649846349,9__nan,PertCortex_9_TACACGACAAGCGATG,3.7302890084510305
40463,0.12730731101018072,9__nan,PertCortex_9_TACACGATCACATAGC,3.114047322390253
40464,0.16153378109013347,9__nan,PertCortex_9_TACCTATAGATCTGCT,3.407590204730942
40465,0.15119329141420204,9__nan,PertCortex_9_TACCTATCACCAACCG,4.30691227597052
40466,0.0711214884676323,9__nan,PertCortex_9_TACCTTAAGCGTCAAG,3.597122937353598
40467,0.19712932385596854,9__nan,PertCortex_9_TACCTTAGTATAAACG,4.9762530263998235
40468,0.24162729920500978,9__nan,PertCortex_9_TACCTTAGTTAAGATG,3.9593982443868097
40469,0.1262724848452649,9__nan,PertCortex_9_TACCTTATCACCAGGC,4.041099045219564
40470,0.09365595796186495,9__nan,PertCortex_9_TACCTTATCCTATTCA,4.5134107756286435
40471,0.14578778419698774,9__nan,PertCortex_9_TACGGATTCCGTTGCT,3.6343377912357626
40472,0.2710944776665866,9__nan,PertCortex_9_TACGGGCAGATCACGG,1.4560648060900316
40473,0.13505223003869568,9__nan,PertCortex_9_TACGGGCCAAGTCTAC,4.348759360260851
40474,0.0989222628763757,9__nan,PertCortex_9_TACGGTAGTCGTTGTA,3.652790525060414
40475,0.14062443932510382,9__nan,PertCortex_9_TACTCATCAGCTCGAC,3.6223932884492727
40476,0.16950444965476585,9__nan,PertCortex_9_TACTCGCTCCTGTACC,4.971406316930574
40477,0.17784868358862177,9__nan,PertCortex_9_TACTTACAGACTTGAA,3.9108002953543477
40478,0.1533784928471405,9__nan,PertCortex_9_TACTTACTCATTCACT,4.585638756033163
40479,0.16896698825575326,9__nan,PertCortex_9_TACTTGTCATGCCTAA,4.751734101567084
40480,0.057101151867949305,9__nan,PertCortex_9_TACTTGTGTACCGGCT,4.100780461883345
40481,0.16248415154867224,9__nan,PertCortex_9_TAGACCAGTAAACCTC,3.2594199490178988
40482,0.065419579839982,9__nan,PertCortex_9_TAGAGCTAGTTACGGG,4.932149221155481
40483,0.13459950446081365,9__nan,PertCortex_9_TAGCCGGAGCCCTAAT,5.1640698866360655
40484,0.17406232321354134,9__nan,PertCortex_9_TAGGCATAGACAAAGG,4.476963063195637
40485,0.16912705948910853,9__nan,PertCortex_9_TAGGCATCATTAGCCA,4.39010497589226
40486,0.15571832505908484,9__nan,PertCortex_9_TAGGCATTCCTAGTGA,4.8479224673665575
40487,0.5382615072899762,9__nan,PertCortex_9_TAGTGGTAGACAAGCC,1.7423714098044696
40488,0.19973290171666028,9__nan,PertCortex_9_TAGTGGTAGAGTCGGT,4.575936763960062
40489,0.26862220049451785,9__nan,PertCortex_9_TAGTGGTAGTCTCGGC,4.937694113117032
40490,0.1323562552291822,9__nan,PertCortex_9_TAGTGGTCAGACACTT,4.853916459812232
40491,0.10571790502099027,9__nan,PertCortex_9_TAGTGGTTCCACGTTC,2.7744044634032172
40492,0.36956816905647427,9__nan,PertCortex_9_TATCAGGAGCTCCCAG,1.392066302786677
40493,0.16468698607653537,9__nan,PertCortex_9_TATCTCAGTAAATGAC,3.4837691737788075
40494,0.28440399141359346,9__nan,PertCortex_9_TATGCCCTCGTCACGG,1.6052339664291895
40495,0.19116685251398835,9__nan,PertCortex_9_TATTACCCAGTAAGAT,3.120663153914782
40496,0.10412110160749721,9__nan,PertCortex_9_TCAACGAAGCGATCCC,2.655142453732689
40497,0.12928887958252266,9__nan,PertCortex_9_TCAATCTCACTTCTGC,4.637255504106124
40498,0.24785392297208161,9__nan,PertCortex_9_TCAATCTCAGACACTT,2.542326030557012
40499,0.11337864687506442,9__nan,PertCortex_9_TCAATCTGTCAGCTAT,3.5146827085863115
40500,0.13190607527690548,9__nan,PertCortex_9_TCAATCTGTGCGATAG,3.9798206108049055
40501,0.14191082771013197,9__nan,PertCortex_9_TCACAAGAGTGAACAT,4.657030106529602
40502,0.08712724648305582,9__nan,PertCortex_9_TCACAAGCAGCCTATA,2.9379400694094375
40503,0.034147203024826114,9__nan,PertCortex_9_TCACAAGTCGCTAGCG,2.989992945184654
40504,0.11567613249572672,9__nan,PertCortex_9_TCACGAAAGCGAAGGG,3.625111265431559
40505,0.06617991186612189,9__nan,PertCortex_9_TCACGAACAGTAAGAT,3.189885027883676
40506,0.14661344394087789,9__nan,PertCortex_9_TCAGATGAGAGGACGG,3.7929648254521573
40507,0.22655276020478912,9__nan,PertCortex_9_TCAGATGCAAAGTCAA,4.314332960135779
40508,0.08515482438861309,9__nan,PertCortex_9_TCAGCAAAGCTGTCTA,5.2838199593136155
40509,0.17199423082038265,9__nan,PertCortex_9_TCAGCTCCAAGGTGTG,3.1498652337755892
40510,0.19071745485280706,9__nan,PertCortex_9_TCAGCTCGTCAAAGCG,3.1028920414833663
40511,0.1546556167064898,9__nan,PertCortex_9_TCAGGATCACCTCGTT,3.928847095644873
40512,0.26505099580796576,9__nan,PertCortex_9_TCAGGATCACTTAACG,2.179743028163397
40513,0.0835191090973761,9__nan,PertCortex_9_TCAGGATCAGACGCCT,4.304137716056484
40514,0.25374590374819495,9__nan,PertCortex_9_TCAGGATTCCTGTAGA,2.320967338791272
40515,0.035311153625666954,9__nan,PertCortex_9_TCAGGTAAGGGATGGG,4.365653440154605
40516,0.17591401504623583,9__nan,PertCortex_9_TCAGGTATCCACTGGG,4.173738846135908
40517,0.0941716502287269,9__nan,PertCortex_9_TCATTACAGTCTCAAC,4.115628889022509
40518,0.2490351524310048,9__nan,PertCortex_9_TCATTACGTCTTCTCG,2.5785134691775804
40519,0.0972570277529995,9__nan,PertCortex_9_TCATTTGAGCCGTCGT,2.9473553556127006
40520,0.4888848233113474,9__nan,PertCortex_9_TCATTTGGTTCTGGTA,1.5497272077631101
40521,0.16546439445592837,9__nan,PertCortex_9_TCCACACCAACTTGAC,3.7399914179625444
40522,0.5094862545680859,9__nan,PertCortex_9_TCCACACCAGAGCCAA,1.5425053329600769
40523,0.38599951018234185,9__nan,PertCortex_9_TCCACACGTCAGTGGA,2.0372008744012717
40524,0.16352962650705036,9__nan,PertCortex_9_TCCACACTCTAACCGA,4.071927347797631
40525,0.02920890532910471,9__nan,PertCortex_9_TCCCGATAGCGAAGGG,2.6786788989603236
40526,0.5882632822177879,9__nan,PertCortex_9_TCCCGATCAGTACACT,1.3298216336811757
40527,0.5151884312089302,9__nan,PertCortex_9_TCCCGATGTGTGAATA,1.6147724539481476
40528,0.24405164141449792,9__nan,PertCortex_9_TCCCGATTCCTAGTGA,3.0856359009341037
40529,0.12418082653780084,9__nan,PertCortex_9_TCGAGGCTCTGTTGAG,3.394699819506274
40530,0.1837497601585126,9__nan,PertCortex_9_TCGCGAGAGGATATAC,4.499362044443376
40531,0.09301542900372355,9__nan,PertCortex_9_TCGCGAGAGTGTGGCA,3.314392592341964
40532,0.16155957791744863,9__nan,PertCortex_9_TCGCGAGTCACGGTTA,3.323619759994939
40533,0.08160048783345482,9__nan,PertCortex_9_TCGCGTTAGCCAGGAT,4.31997257023183
40534,0.09453143795859659,9__nan,PertCortex_9_TCGCGTTTCCTATGTT,4.43684914666945
40535,0.19315460494353376,9__nan,PertCortex_9_TCGGGACAGTGAACGC,4.384616448625762
40536,0.15998772044521908,9__nan,PertCortex_9_TCGGGACAGTGGGCTA,4.565158240260322
40537,0.18786941813702007,9__nan,PertCortex_9_TCGGGACCACGCCAGT,4.661098447147943
40538,0.08333117837451631,9__nan,PertCortex_9_TCGGTAAAGCTAAACA,4.212491892541153
40539,0.09050995715212747,9__nan,PertCortex_9_TCGGTAAAGTTAAGTG,3.0532326596115094
40540,0.1025484369761615,9__nan,PertCortex_9_TCGGTAAGTCGAATCT,3.760894863262237
40541,0.07808645488769807,9__nan,PertCortex_9_TCGTACCCAGGCGATA,3.1629546619990934
40542,0.23846597335650802,9__nan,PertCortex_9_TCGTACCTCTAGAGTC,3.6730344518423035
40543,0.23491585089337144,9__nan,PertCortex_9_TCGTAGAAGATAGTCA,4.342435740632339
40544,0.15311906144934986,9__nan,PertCortex_9_TCGTAGAAGGAGCGAG,5.295750990477521
40545,0.37000552408274007,9__nan,PertCortex_9_TCGTAGAAGGCAGTCA,1.914848811598101
40546,0.12392253971858527,9__nan,PertCortex_9_TCGTAGAAGTGTTGAA,4.248157671576701
40547,0.28436008140340086,9__nan,PertCortex_9_TCGTAGACAGCCAATT,2.3040354703386265
40548,0.18347791577469194,9__nan,PertCortex_9_TCGTAGATCGTATCAG,3.922638072947372
40549,0.2157136146657641,9__nan,PertCortex_9_TCTCATAAGCTCAACT,3.8539385359629614
40550,0.5382189413051968,9__nan,PertCortex_9_TCTCATAAGCTGATAA,1.8032900343689366
40551,0.18739203544230712,9__nan,PertCortex_9_TCTCATAAGTGGGATC,4.386911095254189
40552,0.19059145026490143,9__nan,PertCortex_9_TCTCATAGTCGACTAT,5.092647425873926
40553,0.5209069714171842,9__nan,PertCortex_9_TCTCATAGTCGTTGTA,1.9029106373329687
40554,0.10700438275417597,9__nan,PertCortex_9_TCTCATAGTTAAGTAG,3.3699292469005
40555,0.15500844042272197,9__nan,PertCortex_9_TCTCTAAAGCTGCCCA,4.317268098296414
40556,0.33794573378243137,9__nan,PertCortex_9_TCTCTAAAGTCCCACG,1.7519108562442105
40557,0.13945768930202998,9__nan,PertCortex_9_TCTCTAAGTACGACCC,3.4278450935398515
40558,0.26468241567294115,9__nan,PertCortex_9_TCTGAGACACATTAGC,2.441442991214496
40559,0.14386596269040164,9__nan,PertCortex_9_TCTGAGATCACAACGT,4.041846478058671
40560,0.15306144877806674,9__nan,PertCortex_9_TCTGGAACAAGACACG,3.8299779501915046
40561,0.2824599351963646,9__nan,PertCortex_9_TCTGGAATCATCATTC,4.325700197757931
40562,0.14608990897018156,9__nan,PertCortex_9_TCTGGAATCGCGGATC,4.385495740159994
40563,0.15002022194075923,9__nan,PertCortex_9_TCTTCGGCAAAGCGGT,4.735550324845757
40564,0.10978030168499577,9__nan,PertCortex_9_TCTTCGGCAAGTCTAC,3.084317011895552
40565,0.22969367235994517,9__nan,PertCortex_9_TCTTTCCAGGATGGTC,3.8053813094346967
40566,0.3391332001973244,9__nan,PertCortex_9_TCTTTCCCAGTAAGCG,1.6353074405266175
40567,0.20850394834191466,9__nan,PertCortex_9_TCTTTCCTCGGATGGA,4.994464980372398
40568,0.2118484038469051,9__nan,PertCortex_9_TGAAAGAAGTGGCACA,4.156383027947022
40569,0.06990992295675579,9__nan,PertCortex_9_TGAAAGAGTATATCCG,4.700349751337537
40570,0.5460950275548396,9__nan,PertCortex_9_TGACAACAGCAGGCTA,1.780841491246379
40571,0.13101371863185343,9__nan,PertCortex_9_TGACAACCAGATCCAT,3.0837493887849647
40572,0.1842385824086987,9__nan,PertCortex_9_TGACGGCAGAGGTTGC,2.0910405807633854
40573,0.10072032883907418,9__nan,PertCortex_9_TGACGGCCAGCTCGAC,4.694069180055917
40574,0.09724722242587616,9__nan,PertCortex_9_TGACGGCGTCTCTTTA,4.330350629474218
40575,0.15331002398103577,9__nan,PertCortex_9_TGACGGCTCGTTGACA,4.8843137816663535
40576,0.08369758652114641,9__nan,PertCortex_9_TGACTAGCAGTTAACC,3.665448654246689
40577,0.5138492005464966,9__nan,PertCortex_9_TGACTAGGTATGGTTC,1.736525594096559
40578,0.7193757852488327,9__nan,PertCortex_9_TGACTAGTCGATAGAA,1.2329972714688866
40579,0.09653312968596311,9__nan,PertCortex_9_TGAGAGGAGACACTAA,5.050726066143873
40580,0.12346150900822422,9__nan,PertCortex_9_TGAGAGGCATCGTCGG,4.509393785133671
40581,0.0958345444331806,9__nan,PertCortex_9_TGAGAGGTCATGCATG,4.116103387236849
40582,0.17501677447711003,9__nan,PertCortex_9_TGAGCATAGTTTAGGA,3.7473206686688654
40583,0.3320649443426455,9__nan,PertCortex_9_TGAGCATTCCTAGAAC,2.1468038869425365
40584,0.22771696878204986,9__nan,PertCortex_9_TGAGCCGAGTAAGTAC,3.2127029312315494
40585,0.07690466958141504,9__nan,PertCortex_9_TGAGCCGGTGCATCTA,2.5543695278750382
40586,0.13335813708741195,9__nan,PertCortex_9_TGAGCCGTCCCTCTTT,2.2903570777974274
40587,0.1070346169082986,9__nan,PertCortex_9_TGAGGGAAGAGACGAA,3.4388404540546307
40588,0.507777513811615,9__nan,PertCortex_9_TGAGGGAAGATATACG,1.6953074578229959
40589,0.38866158687958163,9__nan,PertCortex_9_TGAGGGAAGATGGCGT,1.9261057991196295
40590,0.46926370892924896,9__nan,PertCortex_9_TGAGGGACATCAGTAC,1.8523978471516973
40591,0.3186245789302063,9__nan,PertCortex_9_TGAGGGAGTAAGGGAA,1.2563936502420723
40592,0.15107692442117768,9__nan,PertCortex_9_TGAGGGAGTAGTGAAT,2.4208742373767116
40593,0.16899028981777453,9__nan,PertCortex_9_TGATTTCAGCGTGTCC,4.286081534350488
40594,0.19220830472348538,9__nan,PertCortex_9_TGATTTCAGTTCGCAT,2.4733456790676764
40595,0.0842535109084592,9__nan,PertCortex_9_TGATTTCGTACCGGCT,3.888150893093881
40596,0.2031903799312421,9__nan,PertCortex_9_TGCACCTCATCGGAAG,4.9343025080368985
40597,0.09221024124386012,9__nan,PertCortex_9_TGCACCTCATTCCTGC,4.488871739616203
40598,0.5335302432490746,9__nan,PertCortex_9_TGCCAAACAAGGTTTC,1.6522939609571918
40599,0.10454735933119431,9__nan,PertCortex_9_TGCCAAAGTGGAAAGA,4.696202543440866
40600,0.6684903632505426,9__nan,PertCortex_9_TGCCCATCAAGTAATG,1.5714804232363748
40601,0.5074173561573754,9__nan,PertCortex_9_TGCCCATTCGTGGTCG,1.6585835673030882
40602,0.1090560357732813,9__nan,PertCortex_9_TGCCCTAAGCTCCTTC,4.261434546426147
40603,0.10533013368502296,9__nan,PertCortex_9_TGCCCTAAGGAGTTGC,3.73830091877461
40604,0.522313924052726,9__nan,PertCortex_9_TGCCCTACAAGAGTCG,1.7167999641263045
40605,0.3424217917860134,9__nan,PertCortex_9_TGCCCTACATCACAAC,1.852889592873192
40606,0.09681185615921098,9__nan,PertCortex_9_TGCCCTATCTAAGCCA,3.7097898853713858
40607,0.18959245301331223,9__nan,PertCortex_9_TGCGCAGAGGGTATCG,4.87750603492659
40608,0.47175252970314013,9__nan,PertCortex_9_TGCGCAGCATGGATGG,1.6251061135914906
40609,0.2651271928548547,9__nan,PertCortex_9_TGCGTGGAGGATGGTC,4.281352195910105
40610,0.10462939971528643,9__nan,PertCortex_9_TGCGTGGCAAACTGCT,4.07204086606676
40611,0.18923406034850768,9__nan,PertCortex_9_TGCGTGGGTACGCTGC,5.251909778104865
40612,0.10776658548407067,9__nan,PertCortex_9_TGCGTGGGTCAAGCGA,4.104992150552945
40613,0.12413861030133191,9__nan,PertCortex_9_TGCGTGGGTCGCGGTT,4.827030671363991
40614,0.13259635679096934,9__nan,PertCortex_9_TGCGTGGTCAAAGACA,2.2159675249057416
40615,0.5536339023809294,9__nan,PertCortex_9_TGCTACCCATCTGGTA,1.6856144212060231
40616,0.20920464604275651,9__nan,PertCortex_9_TGCTGCTAGTCATCCA,3.27527758918221
40617,0.1702558936372274,9__nan,PertCortex_9_TGCTGCTCAAGCCTAT,3.8938705593666962
40618,0.04960069987062948,9__nan,PertCortex_9_TGCTGCTCACATTTCT,3.297961235099951
40619,0.4091755685989551,9__nan,PertCortex_9_TGCTGCTGTATTACCG,1.813808343734534
40620,0.13851538648377712,9__nan,PertCortex_9_TGGACGCAGCGTCAAG,5.584246437510286
40621,0.4798640266093726,9__nan,PertCortex_9_TGGACGCCAAAGAATC,1.7668297489890608
40622,0.32160119298768036,9__nan,PertCortex_9_TGGACGCTCCGCGCAA,3.647297490029154
40623,0.18579979755044979,9__nan,PertCortex_9_TGGCGCAAGAGCAATT,3.7883200473885768
40624,0.13445686138353732,9__nan,PertCortex_9_TGGCGCACAGCCTTTC,3.8729998768648928
40625,0.1806873701660419,9__nan,PertCortex_9_TGGCGCACATCCAACA,4.5825654229716575
40626,0.4770924482520264,9__nan,PertCortex_9_TGGCGCAGTTTGTGTG,1.5117518023749066
40627,0.5035067791328426,9__nan,PertCortex_9_TGGCGCATCCGAACGC,1.4507066107574276
40628,0.3018706221992835,9__nan,PertCortex_9_TGGCTGGCACGGCTAC,2.355308196723173
40629,0.28234059098106146,9__nan,PertCortex_9_TGGCTGGCAGGGCATA,2.0557675312597334
40630,0.07780008161512975,9__nan,PertCortex_9_TGGCTGGGTTCGCTAA,2.562404909905867
40631,0.06242700533109588,9__nan,PertCortex_9_TGGGAAGAGAGTCTGG,4.539125737094048
40632,0.20240475587276144,9__nan,PertCortex_9_TGGGCGTAGTTATCGC,3.2143411727549953
40633,0.09125980063860167,9__nan,PertCortex_9_TGGTTAGAGGCGTACA,4.127775779763889
40634,0.10728991527309145,9__nan,PertCortex_9_TGGTTAGTCAGAAATG,5.549955845360404
40635,0.11208034303274249,9__nan,PertCortex_9_TGGTTCCAGCAATCTC,4.170511748523546
40636,0.13887243049567102,9__nan,PertCortex_9_TGTATTCCAGCGAACA,4.28971324014926
40637,0.0687575626687972,9__nan,PertCortex_9_TGTATTCCAGCTGTTA,3.5313668681035106
40638,0.23754609474574376,9__nan,PertCortex_9_TGTATTCTCGCGGATC,3.972289699790016
40639,0.14737695251352517,9__nan,PertCortex_9_TGTCCCAAGCGAAGGG,4.454897376817438
40640,0.06559711304223224,9__nan,PertCortex_9_TGTCCCAAGCTAGGCA,2.5505379207092345
40641,0.28114328070684985,9__nan,PertCortex_9_TGTCCCACAAACGCGA,2.0671389816622514
40642,0.19799247048154836,9__nan,PertCortex_9_TGTGGTAAGCATCATC,4.578442759221962
40643,0.07638804449473757,9__nan,PertCortex_9_TGTGGTACACTGTGTA,2.724366841999276
40644,0.16186205980200435,9__nan,PertCortex_9_TGTGTTTAGTCCTCCT,2.6721015413218403
40645,0.13682279733848174,9__nan,PertCortex_9_TGTGTTTGTCGCTTCT,2.374596968126869
40646,0.12101785722939488,9__nan,PertCortex_9_TGTGTTTTCATTATCC,3.7773182290169083
40647,0.18807225383647433,9__nan,PertCortex_9_TGTGTTTTCGCCTGAG,3.2706628860066305
40648,0.09287115885834003,9__nan,PertCortex_9_TGTGTTTTCGTCCGTT,3.263598979763172
40649,0.13770874347570533,9__nan,PertCortex_9_TGTTCCGAGTGTCCCG,3.459440380459012
40650,0.1686033763092907,9__nan,PertCortex_9_TGTTCCGCAAGCTGTT,1.9860272129541345
40651,0.1758900423420271,9__nan,PertCortex_9_TTAACTCAGAAGGGTA,4.522305837045016
40652,0.0817201991970247,9__nan,PertCortex_9_TTAACTCGTGTTTGTG,2.893754409428758
40653,0.12184319496066143,9__nan,PertCortex_9_TTAACTCTCGTCCGTT,3.7114738505093268
40654,0.1235273747581235,9__nan,PertCortex_9_TTAGGACGTTCTCATT,3.6529330632363526
40655,0.07001469548120019,9__nan,PertCortex_9_TTAGGCAGTGCCTTGG,4.28594113735576
40656,0.11485424185923854,9__nan,PertCortex_9_TTAGGCATCTCTAGGA,2.5669136369356487
40657,0.04817018396474366,9__nan,PertCortex_9_TTAGTTCAGAACAATC,4.370528294987888
40658,0.11167019660950847,9__nan,PertCortex_9_TTAGTTCAGCCAACAG,4.595183770624994
40659,0.21199518766011874,9__nan,PertCortex_9_TTAGTTCGTCAAGCGA,4.372745842630654
40660,0.4439118562297487,9__nan,PertCortex_9_TTAGTTCGTCAATACC,1.8175419072832977
40661,0.11607910688244931,9__nan,PertCortex_9_TTAGTTCTCCACTCCA,4.351255188143494
40662,0.14259008535578055,9__nan,PertCortex_9_TTAGTTCTCCATGAGT,3.630815871778069
40663,0.13513413162119517,9__nan,PertCortex_9_TTCCCAGCATGACATC,4.676398901153845
40664,0.39050162520536075,9__nan,PertCortex_9_TTCCCAGGTTAAAGAC,2.634900923888893
40665,0.12822033323972507,9__nan,PertCortex_9_TTCCCAGGTTGATTGC,4.360291848230145
40666,0.17112567983785942,9__nan,PertCortex_9_TTCCCAGTCGTCACGG,4.722406113530868
40667,0.06105654920336716,9__nan,PertCortex_9_TTCGAAGAGGACACCA,4.455261871167083
40668,0.13483428239575862,9__nan,PertCortex_9_TTCGAAGAGTCTTGCA,3.245143179226352
40669,0.14864951428102924,9__nan,PertCortex_9_TTCGAAGCAAGCGATG,4.858726553974923
40670,0.18695338459852825,9__nan,PertCortex_9_TTCGAAGGTAAGTGTA,4.884339503611665
40671,0.19931348394789866,9__nan,PertCortex_9_TTCGAAGTCGCCATAA,3.099764264707694
40672,0.5049371427605817,9__nan,PertCortex_9_TTCGAAGTCTGAGGGA,1.6161938773476103
40673,0.17159817050743986,9__nan,PertCortex_9_TTCGGTCCAAGCGATG,5.127325696114038
40674,0.1673742613031949,9__nan,PertCortex_9_TTCGGTCCACACGCTG,4.902868869540269
40675,0.1838708093919016,9__nan,PertCortex_9_TTCTACACATTCTTAC,4.747260188893579
40676,0.1783877801263791,9__nan,PertCortex_9_TTCTCAAAGTTACCCA,4.291634284067301
40677,0.09463061129333145,9__nan,PertCortex_9_TTCTCCTGTTCCACAA,4.026262030799209
40678,0.29424904542891983,9__nan,PertCortex_9_TTCTTAGAGGCTCAGA,2.0226179133018407
40679,0.16349648909511227,9__nan,PertCortex_9_TTCTTAGCAGTATGCT,3.5097295046221224
40680,0.4039004435442506,9__nan,PertCortex_9_TTCTTAGTCCTCAACC,1.6622308503524041
40681,0.11397622486037381,9__nan,PertCortex_9_TTGAACGAGTGTTTGC,4.9410653226862085
40682,0.05427793136189092,9__nan,PertCortex_9_TTGAACGCAGCCTTGG,4.787254090992568
40683,0.0851927860464508,9__nan,PertCortex_9_TTGACTTCAAACGCGA,5.426096707650555
40684,0.18439965199640238,9__nan,PertCortex_9_TTGACTTTCATGTGGT,2.7301671025296255
40685,0.48791994378861414,9__nan,PertCortex_9_TTGCGTCAGCAGGCTA,1.6275162033875286
40686,0.36223849144129433,9__nan,PertCortex_9_TTGCGTCAGGGAAACA,1.624138357873735
40687,0.1832144547643116,9__nan,PertCortex_9_TTGCGTCCAGTCACTA,1.6901492942562473
40688,0.1755758467844309,9__nan,PertCortex_9_TTGGAACAGCTGGAAC,5.111364278358603
40689,0.07900812212624618,9__nan,PertCortex_9_TTGGAACCAGAGCCAA,3.3430079501208976
40690,0.08615152437441315,9__nan,PertCortex_9_TTGGAACGTACGACCC,3.856087732682215
40691,0.4707689719366714,9__nan,PertCortex_9_TTGGAACGTAGCCTAT,1.7697676558756925
40692,0.4327141923256966,9__nan,PertCortex_9_TTGGCAACAATAGCAA,2.232282195249182
40693,0.22093706925220255,9__nan,PertCortex_9_TTGGCAACATCGGTTA,4.424830457801887
40694,0.12531175920845175,9__nan,PertCortex_9_TTGGCAACATGGTTGT,4.728854296882659
40695,0.21070030727680986,9__nan,PertCortex_9_TTGGCAACATGTCTCC,4.2755409231923025
40696,0.31021098301570516,9__nan,PertCortex_9_TTGGCAAGTGACAAAT,2.0108142038089647
40697,0.19328982574194253,9__nan,PertCortex_9_TTGTAGGGTGATAAGT,5.050604503854324
40698,0.12724813297088425,9__nan,PertCortex_9_TTGTAGGTCTGGCGTG,3.5623711831916234
40699,0.18810023231255896,9__nan,PertCortex_9_TTTACTGAGGACGAAA,4.147049472690204
40700,0.08698303613851989,9__nan,PertCortex_9_TTTACTGGTCTCACCT,3.4382096284211285
40701,0.5462909371595475,9__nan,PertCortex_9_TTTACTGGTTGGTTTG,1.4544822010952572
40702,0.14748467687628372,9__nan,PertCortex_9_TTTACTGTCCGCGGTA,3.352440735626585
40703,0.09902713986633906,9__nan,PertCortex_9_TTTCCTCGTCGCATAT,4.4975872369423335
40704,0.3153780496191519,9__nan,PertCortex_9_TTTGCGCCAATGTTGC,4.1630777031550945
40705,0.19451020008553174,9__nan,PertCortex_9_TTTGGTTCAAGCCATT,3.6536785804690157
40706,0.10065479760471066,9__nan,PertCortex_9_TTTGGTTGTGAAAGAG,3.668849880847266
40707,0.2120938289762278,10__nan,PertCortex_10_AAACCTGCAGACGTAG,1.9917118392814708
40708,0.1561145547857501,10__nan,PertCortex_10_AAACCTGGTCGAGTTT,4.409279462993346
40709,0.0715112755806181,10__nan,PertCortex_10_AAACCTGGTCGCGAAA,3.425080864872937
40710,0.1354106080061503,10__nan,PertCortex_10_AAAGTAGCAATGTAAG,3.9906080147604577
40711,0.029558574409794022,10__nan,PertCortex_10_AAAGTAGGTCCGTGAC,2.6735057340014245
40712,0.20109625260361716,10__nan,PertCortex_10_AACACGTGTCGAGTTT,4.031213518159636
40713,0.17487378996130898,10__nan,PertCortex_10_AACCATGGTCATATGC,4.008422088513173
40714,0.12672300356249183,10__nan,PertCortex_10_AACCGCGGTAATCACC,5.088607090234991
40715,0.528603209753952,10__nan,PertCortex_10_AACCGCGTCAGCTCTC,1.639374750483445
40716,0.18519195536846184,10__nan,PertCortex_10_AACGTTGCATATGAGA,2.4430236192158334
40717,0.18950396248132398,10__nan,PertCortex_10_AACTCCCCAAAGTCAA,4.098417514089355
40718,0.0875555149458042,10__nan,PertCortex_10_AACTCTTTCTTAGCCC,3.9815587696728434
40719,0.4816911245651676,10__nan,PertCortex_10_AAGACCTAGATCTGAA,1.7028178555395375
40720,0.21792959191222655,10__nan,PertCortex_10_AAGGAGCGTTAAGATG,4.582985562317115
40721,0.14261397607980894,10__nan,PertCortex_10_AAGGCAGCACGCGAAA,2.5062523399954997
40722,0.18287840656829307,10__nan,PertCortex_10_AAGGTTCGTACTCAAC,5.025305477584728
40723,0.10363349467217542,10__nan,PertCortex_10_AAGTCTGAGGAGCGAG,3.977227158857453
40724,0.19933130682623035,10__nan,PertCortex_10_AATCGGTAGGGCACTA,4.270143054264257
40725,0.19507052067231476,10__nan,PertCortex_10_ACACCCTAGATGGCGT,2.292260041220367
40726,0.23505978453493417,10__nan,PertCortex_10_ACAGCTACAAGGACTG,4.372650549373438
40727,0.08390803077179687,10__nan,PertCortex_10_ACATACGGTCACTGGC,3.6317356156739486
40728,0.2247059233679477,10__nan,PertCortex_10_ACATCAGCAAGGGTCA,3.2357194972784513
40729,0.3765830860150641,10__nan,PertCortex_10_ACCAGTACAACAACCT,1.6192166519430105
40730,0.12248626233026347,10__nan,PertCortex_10_ACCAGTATCGGCGCTA,3.781755988752069
40731,0.18625519239153257,10__nan,PertCortex_10_ACCTTTAGTGTCAATC,4.430108516800941
40732,0.4791939177546694,10__nan,PertCortex_10_ACGCAGCAGAATTCCC,1.640790757635747
40733,0.0521038352654975,10__nan,PertCortex_10_ACGGCCAGTCGAATCT,3.2620990510829437
40734,0.26325466496936367,10__nan,PertCortex_10_ACTGCTCAGTCGCCGT,3.194276810981827
40735,0.10026515455064246,10__nan,PertCortex_10_ACTTACTAGTGATCGG,3.300612447637294
40736,0.19648258810046848,10__nan,PertCortex_10_ACTTGTTCAAACTGCT,4.460200957118935
40737,0.2475453132491615,10__nan,PertCortex_10_ACTTGTTCACCGGAAA,2.138455986973397
40738,0.12400052106059166,10__nan,PertCortex_10_AGACGTTGTTGTCTTT,4.218175093610717
40739,0.6066963709655373,10__nan,PertCortex_10_AGATCTGAGAAGAAGC,1.5704526486594679
40740,0.5090214995324313,10__nan,PertCortex_10_AGATTGCCAGCGATCC,1.6006680680579002
40741,0.12472113415045992,10__nan,PertCortex_10_AGATTGCCATCCAACA,3.7954002031514404
40742,0.13458902775391302,10__nan,PertCortex_10_AGCAGCCCAACGATCT,3.6729316787940123
40743,0.6108369681926031,10__nan,PertCortex_10_AGCAGCCTCACGCGGT,1.601728229671391
40744,0.1559585362144069,10__nan,PertCortex_10_AGCATACTCTCACATT,3.0966125294213054
40745,0.12155222433661332,10__nan,PertCortex_10_AGCGGTCAGGCTAGAC,4.524842452734882
40746,0.3433394995935732,10__nan,PertCortex_10_AGCGTCGGTTCGCTAA,1.4812794623462975
40747,0.13381626803057067,10__nan,PertCortex_10_AGCTCCTAGCCACGCT,5.345974694951838
40748,0.374068547439488,10__nan,PertCortex_10_AGCTCCTTCTGGCGTG,2.0538935631908206
40749,0.23901864287806676,10__nan,PertCortex_10_AGCTCTCGTTCAGGCC,1.7924924585938646
40750,0.18628588588341663,10__nan,PertCortex_10_AGGCCACGTTGCCTCT,4.255264799827499
40751,0.08876439872354815,10__nan,PertCortex_10_AGGCCACTCCAGAAGG,4.023087985419691
40752,0.1477461338991878,10__nan,PertCortex_10_AGGCCGTCATACCATG,5.093621116398671
40753,0.3924011340443884,10__nan,PertCortex_10_AGGGAGTCACGACTCG,2.042118124835307
40754,0.32024584432650716,10__nan,PertCortex_10_AGGGAGTTCGCCGTGA,2.0603622286834704
40755,0.5188880685212387,10__nan,PertCortex_10_AGGGATGTCATTGCCC,1.8344848186227278
40756,0.23335220293792916,10__nan,PertCortex_10_AGGTCATGTGATGTGG,4.427452518788624
40757,0.5693199803454735,10__nan,PertCortex_10_AGTAGTCCACACTGCG,2.137904186659697
40758,0.14869555648699287,10__nan,PertCortex_10_AGTAGTCCATAAGACA,4.498600067900583
40759,0.23940920067557958,10__nan,PertCortex_10_AGTCTTTAGTGTGGCA,4.075774849822995
40760,0.1392061058164405,10__nan,PertCortex_10_AGTGGGACAATCTACG,4.739399085551312
40761,0.16136997865964806,10__nan,PertCortex_10_AGTGGGATCTGAGTGT,4.571611786219755
40762,0.09350644674120442,10__nan,PertCortex_10_AGTGTCAAGAGACTTA,3.375866856178962
40763,0.2723915648822666,10__nan,PertCortex_10_AGTGTCAGTGAGTATA,1.720007426942987
40764,0.17525292677634688,10__nan,PertCortex_10_AGTGTCATCACGAAGG,3.2752732376661884
40765,0.5902978901669764,10__nan,PertCortex_10_AGTTGGTGTATATGAG,1.556226310726278
40766,0.12589801274562723,10__nan,PertCortex_10_ATAAGAGCATGGTCAT,3.6279796951175007
40767,0.5622733912570482,10__nan,PertCortex_10_ATAAGAGTCGGCATCG,1.6584211463028509
40768,0.4343586765018796,10__nan,PertCortex_10_ATCACGACACCAGGTC,1.9801179842215075
40769,0.23686206755387376,10__nan,PertCortex_10_ATCACGACAGCTGGCT,2.0789395718799635
40770,0.22892775408831473,10__nan,PertCortex_10_ATCACGAGTAGCCTCG,2.4482930744188267
40771,0.11892499562617102,10__nan,PertCortex_10_ATCATCTGTGTCCTCT,4.564071664955743
40772,0.18498352333612889,10__nan,PertCortex_10_ATCCGAATCAACACGT,2.423955903720778
40773,0.5359958790698918,10__nan,PertCortex_10_ATGAGGGAGGCAAAGA,1.8340914182145407
40774,0.1918341117695465,10__nan,PertCortex_10_ATGCGATCATACTACG,3.8299115788737246
40775,0.4249508430345837,10__nan,PertCortex_10_ATGCGATGTGCATCTA,1.633539175323964
40776,0.08756241816877454,10__nan,PertCortex_10_ATGGGAGCAGAGTGTG,2.903164568818348
40777,0.2962769044361168,10__nan,PertCortex_10_ATGGGAGTCTCTAGGA,2.336261215584888
40778,0.1499255227959955,10__nan,PertCortex_10_ATGTGTGCACCTCGGA,3.086838400554762
40779,0.1925370146487998,10__nan,PertCortex_10_ATTGGTGCACTGCCAG,5.085249647320732
40780,0.08228216944186759,10__nan,PertCortex_10_ATTTCTGCAATCCAAC,3.4578536927976216
40781,0.2141988285660468,10__nan,PertCortex_10_CAACCAAGTCTTGATG,3.1350475881801056
40782,0.5600829323308896,10__nan,PertCortex_10_CAACCTCAGAGCCCAA,1.6331747660542941
40783,0.2367458212377701,10__nan,PertCortex_10_CAACCTCAGATCTGCT,4.454444539896763
40784,0.4426328245689788,10__nan,PertCortex_10_CAAGATCAGTTAACGA,2.0261657487084244
40785,0.302891795614614,10__nan,PertCortex_10_CAAGGCCAGTTGTAGA,1.9960571620177183
40786,0.18779215043778427,10__nan,PertCortex_10_CAAGGCCTCGCCAAAT,4.663856971293124
40787,0.21415344150344853,10__nan,PertCortex_10_CAAGTTGAGGTAGCTG,3.11314083255963
40788,0.37609189441685376,10__nan,PertCortex_10_CAAGTTGGTATGGTTC,2.085394715168136
40789,0.25135520603652284,10__nan,PertCortex_10_CACAAACCAAAGAATC,2.0089720967210885
40790,0.5618717235771221,10__nan,PertCortex_10_CACACCTGTTCGAATC,1.710629446266566
40791,0.5018023812173249,10__nan,PertCortex_10_CACAGGCCAAGGACAC,1.7944312873991748
40792,0.19464298967072438,10__nan,PertCortex_10_CACCACTCACGGCGTT,4.258520521363436
40793,0.2883972173860196,10__nan,PertCortex_10_CACCAGGCACAAGCCC,2.3523274979439113
40794,0.44246093957885746,10__nan,PertCortex_10_CACCAGGCACATCCAA,1.9825333639410183
40795,0.44632325662572764,10__nan,PertCortex_10_CACCAGGGTCATATGC,1.9759330754160562
40796,0.2578082324569262,10__nan,PertCortex_10_CACCTTGAGCCAGTTT,2.616700432131607
40797,0.15457634210511328,10__nan,PertCortex_10_CACTCCAAGGGTGTGT,3.4640275705217984
40798,0.14861966657719244,10__nan,PertCortex_10_CAGATCAAGCGTAGTG,3.416604006545402
40799,0.2735475193319479,10__nan,PertCortex_10_CAGCTAAAGTCGCCGT,2.111155832096593
40800,0.12740409150354964,10__nan,PertCortex_10_CAGCTAACAAGCCGCT,4.932905013992568
40801,0.17222795361133172,10__nan,PertCortex_10_CAGCTAACATTCCTGC,2.3943972524806494
40802,0.17372298960432428,10__nan,PertCortex_10_CAGCTAATCGTAGGTT,4.674395528798288
40803,0.1692699028334223,10__nan,PertCortex_10_CATATGGGTTTGACTG,5.045203879273548
40804,0.15519620930263242,10__nan,PertCortex_10_CATCAAGCAAACTGTC,3.4518894637811135
40805,0.20091477436648403,10__nan,PertCortex_10_CATCAGACATCACGAT,4.802087010281548
40806,0.17922290922772977,10__nan,PertCortex_10_CATCAGAGTAGCGTAG,4.606338011675878
40807,0.21887506115860986,10__nan,PertCortex_10_CATCGAAAGCCACCTG,1.9466036622513243
40808,0.08228724686012986,10__nan,PertCortex_10_CATCGAACACACAGAG,2.6661174326016535
40809,0.30483913031380844,10__nan,PertCortex_10_CATCGAATCTCCCTGA,2.1195570482652175
40810,0.13649693912020203,10__nan,PertCortex_10_CATCGGGAGCACAGGT,4.509192625428938
40811,0.34003804040010926,10__nan,PertCortex_10_CATCGGGGTATTAGCC,1.9415696413898111
40812,0.482898653004637,10__nan,PertCortex_10_CATCGGGGTTCGTCTC,1.6515905433160891
40813,0.24809884109115798,10__nan,PertCortex_10_CATGACACAGGTTTCA,4.463536401075648
40814,0.12423906897760703,10__nan,PertCortex_10_CATGCCTTCTACGAGT,3.2116789077321224
40815,0.10594250483905646,10__nan,PertCortex_10_CATGGCGGTTGTTTGG,4.02488125517993
40816,0.6179555998793814,10__nan,PertCortex_10_CATTATCTCTCGGACG,1.127848359458485
40817,0.1601733437369107,10__nan,PertCortex_10_CATTCGCAGTACGCGA,4.904236145421578
40818,0.09045487011955512,10__nan,PertCortex_10_CCACCTAAGAGACGAA,4.321830438808497
40819,0.13520937083054194,10__nan,PertCortex_10_CCACCTATCTCACATT,2.5550627255323723
40820,0.15553672473102684,10__nan,PertCortex_10_CCATGTCTCAGTACGT,4.190034615672342
40821,0.4964596951681543,10__nan,PertCortex_10_CCCAGTTAGCGATGAC,1.881641968290647
40822,0.1651826623919052,10__nan,PertCortex_10_CCCTCCTCACCCAGTG,3.7684377235717186
40823,0.42442393814972246,10__nan,PertCortex_10_CCGGGATCAATGACCT,1.6136445442258556
40824,0.09114245438083567,10__nan,PertCortex_10_CCGGGATTCAGCGACC,2.3645362216726014
40825,0.127211469110367,10__nan,PertCortex_10_CCGTACTGTTCAGCGC,4.073539627822109
40826,0.2349367551929995,10__nan,PertCortex_10_CCGTTCATCTCTGAGA,2.9637017178815577
40827,0.13679119819131508,10__nan,PertCortex_10_CCTAGCTAGCAATATG,4.774346385422295
40828,0.46139973083331737,10__nan,PertCortex_10_CCTAGCTCACACATGT,1.5661294346924604
40829,0.5661090389783127,10__nan,PertCortex_10_CCTCAGTCAGGAATGC,1.4814284423643658
40830,0.5089932192421229,10__nan,PertCortex_10_CCTCTGAGTAAGTGGC,1.6713948492923747
40831,0.13148457142892805,10__nan,PertCortex_10_CCTTCCCCAGCGAACA,4.3245303524064
40832,0.5231732459673754,10__nan,PertCortex_10_CCTTCGATCTCGCTTG,1.8100107227319564
40833,0.23699921784714598,10__nan,PertCortex_10_CGAATGTCATTTGCTT,4.257017007377128
40834,0.15656276224666624,10__nan,PertCortex_10_CGACCTTCAGATGAGC,3.564026708389693
40835,0.1609986411652558,10__nan,PertCortex_10_CGAGAAGTCAAACGGG,4.591317182605271
40836,0.3183877649855107,10__nan,PertCortex_10_CGAGCCAGTTACGACT,1.4610457164879243
40837,0.08950131661998448,10__nan,PertCortex_10_CGAGCCATCGCACTCT,3.680647829313494
40838,0.4868413550541956,10__nan,PertCortex_10_CGATTGAAGGATGGAA,1.6610007392267165
40839,0.08394717959023493,10__nan,PertCortex_10_CGATTGAAGTGCTGCC,3.320187941366467
40840,0.1286431498733753,10__nan,PertCortex_10_CGATTGACAACACGCC,4.898836485853296
40841,0.07732089622166367,10__nan,PertCortex_10_CGCGGTAAGTCGTTTG,4.133357897810971
40842,0.5706663271147617,10__nan,PertCortex_10_CGCTATCAGAAACGCC,1.5615477213751456
40843,0.552713837921167,10__nan,PertCortex_10_CGCTATCCACTGTTAG,1.592626268602733
40844,0.5565990605546466,10__nan,PertCortex_10_CGGACACGTGACAAAT,1.518607745285813
40845,0.12351341979057569,10__nan,PertCortex_10_CGGCTAGCAGCTGTAT,4.889233574237535
40846,0.37584490436961654,10__nan,PertCortex_10_CGGTTAATCGCATGAT,1.9041201439305828
40847,0.06541932048348101,10__nan,PertCortex_10_CGTCAGGAGTGCAAGC,3.012756131304759
40848,0.1537044667030605,10__nan,PertCortex_10_CGTCAGGGTCATACTG,3.830253480767115
40849,0.22061219900172077,10__nan,PertCortex_10_CGTCCATCACAAGACG,2.0021409286046756
40850,0.3015701988694282,10__nan,PertCortex_10_CGTCCATTCAAGAAGT,2.123861285367144
40851,0.14147615770670077,10__nan,PertCortex_10_CGTCTACAGGCCATAG,4.546447142882311
40852,0.2105887361937388,10__nan,PertCortex_10_CGTGAGCTCACTTCAT,3.841796227906075
40853,0.15966616113666518,10__nan,PertCortex_10_CGTGTAAGTTAAGAAC,4.177601242953278
40854,0.0907427784166829,10__nan,PertCortex_10_CGTTCTGTCTGATTCT,2.531054714691696
40855,0.05273333427610384,10__nan,PertCortex_10_CGTTGGGTCAAGGTAA,2.751530463228941
40856,0.6997816091418076,10__nan,PertCortex_10_CTAAGACCAAAGGTGC,1.2045693744701724
40857,0.17992297324229198,10__nan,PertCortex_10_CTAATGGTCACGGTTA,4.452466240191228
40858,0.13876469454573748,10__nan,PertCortex_10_CTACACCGTTCACGGC,3.0183294620799517
40859,0.29455235924501444,10__nan,PertCortex_10_CTACACCTCCGCAGTG,2.248426502307749
40860,0.12256837474822203,10__nan,PertCortex_10_CTACCCACATGCCACG,3.15197218949704
40861,0.13926458496957336,10__nan,PertCortex_10_CTAGTGACAAATCCGT,4.995212707366876
40862,0.160699585985664,10__nan,PertCortex_10_CTCACACTCATCTGTT,4.857567193010114
40863,0.45175998568201986,10__nan,PertCortex_10_CTCCTAGAGATCCCAT,1.9373911391131227
40864,0.46793019217307197,10__nan,PertCortex_10_CTCGGGACATGCAACT,1.8240127749114197
40865,0.24396995345532826,10__nan,PertCortex_10_CTCGTACGTCCGCTGA,1.8072043115884808
40866,0.19711621979879873,10__nan,PertCortex_10_CTCGTCATCTACGAGT,4.487172678006254
40867,0.018784427445226327,10__nan,PertCortex_10_CTCTAATTCCTAGGGC,3.314259542825201
40868,0.23975780436113575,10__nan,PertCortex_10_CTGAAACGTAATCGTC,2.4648204411295356
40869,0.23708135859189255,10__nan,PertCortex_10_CTGAAGTCACCCATGG,3.4282046488449485
40870,0.11309508254745053,10__nan,PertCortex_10_CTGAAGTGTGTTAAGA,5.128696786146279
40871,0.12566815787262064,10__nan,PertCortex_10_CTGATAGAGGACGAAA,2.887711645539969
40872,0.6164946610694935,10__nan,PertCortex_10_CTGATCCGTCTAGTGT,1.4221474526060027
40873,0.09688003800507268,10__nan,PertCortex_10_CTGCCTATCATCGGAT,3.118376926904074
40874,0.11357720968144866,10__nan,PertCortex_10_CTGCGGACACAGCCCA,2.6463149222523166
40875,0.11852956970539595,10__nan,PertCortex_10_CTGCTGTAGCTACCGC,3.6578857511445846
40876,0.06807859489136507,10__nan,PertCortex_10_CTGCTGTTCTCGGACG,3.8184830101833076
40877,0.2731004500026729,10__nan,PertCortex_10_CTGGTCTAGGAATGGA,1.9637904519835323
40878,0.5523044638074988,10__nan,PertCortex_10_CTGGTCTGTACAAGTA,1.4461746014367856
40879,0.17751404501886278,10__nan,PertCortex_10_CTTAACTCAGTTCATG,4.1125617531256955
40880,0.1856208852380818,10__nan,PertCortex_10_CTTAGGACAACGATGG,4.655354818980649
40881,0.1326145783464619,10__nan,PertCortex_10_GAAACTCAGGGCTTGA,3.1940858259239113
40882,0.04423429770368564,10__nan,PertCortex_10_GAACGGACATTGGGCC,4.360661628389849
40883,0.1082113764492995,10__nan,PertCortex_10_GAACGGAGTTCCGTCT,3.412294526205905
40884,0.14036167591116175,10__nan,PertCortex_10_GAAGCAGCAGTACACT,4.632320900867264
40885,0.1647371253918347,10__nan,PertCortex_10_GAAGCAGTCGTCTGCT,3.3824989514286097
40886,0.16270092108897072,10__nan,PertCortex_10_GACACGCCAACACCCG,3.406551255850806
40887,0.13189933989573674,10__nan,PertCortex_10_GACCTGGAGCTAAGAT,4.414510430714989
40888,0.4931466395462503,10__nan,PertCortex_10_GACGCGTCATCTACGA,1.8647835476306163
40889,0.3077233603754596,10__nan,PertCortex_10_GACGGCTGTCCGACGT,1.772295920142195
40890,0.3021650590366967,10__nan,PertCortex_10_GACGTTAAGTAACCCT,1.9599826848059585
40891,0.1442897228950231,10__nan,PertCortex_10_GACTACAAGCGTGAAC,2.3722396956447156
40892,0.4177137940580255,10__nan,PertCortex_10_GACTGCGAGTCGTTTG,2.152410404283249
40893,0.5723123152037705,10__nan,PertCortex_10_GAGGTGAAGTGTACCT,1.5674647044795267
40894,0.4345858629406601,10__nan,PertCortex_10_GAGGTGAGTTTACTCT,2.0903280519696104
40895,0.11377467566271267,10__nan,PertCortex_10_GAGTCCGCACCCATTC,1.8113504448837772
40896,0.4780478188539115,10__nan,PertCortex_10_GATCAGTCAAGGTGTG,1.4393685155887856
40897,0.13790909656566985,10__nan,PertCortex_10_GATCAGTTCTTTACAC,4.578027165710462
40898,0.13283689638937451,10__nan,PertCortex_10_GATCGTAAGACCACGA,3.199386083984466
40899,0.09293004941715412,10__nan,PertCortex_10_GATCTAGGTTGATTGC,2.899406757420501
40900,0.3831563967737316,10__nan,PertCortex_10_GATGAGGAGAAGGTTT,1.8199597127669347
40901,0.604447326927485,10__nan,PertCortex_10_GATGAGGTCGTTACAG,1.5030053935176642
40902,0.48879008262710943,10__nan,PertCortex_10_GATGCTAAGATATACG,1.9402375855980958
40903,0.2661140048918201,10__nan,PertCortex_10_GATGCTAGTACCGAGA,3.2274931410352448
40904,0.46016612349958325,10__nan,PertCortex_10_GATTCAGAGCGTCAAG,2.101499837300246
40905,0.7020772971997414,10__nan,PertCortex_10_GCAGCCATCCAAGCCG,1.2158374258372997
40906,0.21007077484302636,10__nan,PertCortex_10_GCATACAAGTGTGGCA,2.980263339836854
40907,0.5707442834393004,10__nan,PertCortex_10_GCATACACAATGACCT,1.3861330747380067
40908,0.4618412164561878,10__nan,PertCortex_10_GCATACACAGTGGGAT,2.395728742763673
40909,0.15872376284679307,10__nan,PertCortex_10_GCATGCGAGTGAACGC,4.667747136103475
40910,0.7476289333236357,10__nan,PertCortex_10_GCCAAATAGGCTAGCA,1.020602135491297
40911,0.19849840681746472,10__nan,PertCortex_10_GCCAAATGTAATTGGA,2.6253850671909547
40912,0.15427840548183538,10__nan,PertCortex_10_GCCTCTATCGGTTAAC,3.5644311672193667
40913,0.5940083426431493,10__nan,PertCortex_10_GCGAGAAGTGCGATAG,1.2684561937957917
40914,0.33532962569895514,10__nan,PertCortex_10_GCGCAACTCCTCAATT,2.4682931007467506
40915,0.10492554731939192,10__nan,PertCortex_10_GCGCAGTAGTGGAGTC,4.103495174284968
40916,0.07015312257081648,10__nan,PertCortex_10_GCGCAGTGTCTCACCT,4.154298933892413
40917,0.6243712462221753,10__nan,PertCortex_10_GCGCGATGTACACCGC,1.1375905536936335
40918,0.6145742554114111,10__nan,PertCortex_10_GCTCCTACACTCGACG,1.4305380712550182
40919,0.1056238643260856,10__nan,PertCortex_10_GCTCTGTCAAGCCGTC,4.051959390827895
40920,0.11973787518666108,10__nan,PertCortex_10_GCTGCAGTCGAATGGG,3.639350847692134
40921,0.6180122417733273,10__nan,PertCortex_10_GCTGCGAGTACCCAAT,1.1561781497704475
40922,0.10508858140653848,10__nan,PertCortex_10_GCTTCCAAGGGTGTTG,4.401774892748377
40923,0.19112557621996398,10__nan,PertCortex_10_GCTTGAACAGCATGAG,3.11169124051808
40924,0.7164636670856501,10__nan,PertCortex_10_GCTTGAATCAATCTCT,1.0921800067821057
40925,0.18536601117943075,10__nan,PertCortex_10_GGAAAGCGTAAACGCG,4.765234720006278
40926,0.4196584269877722,10__nan,PertCortex_10_GGAAAGCTCAACGCTA,2.248259743940696
40927,0.15164102635010696,10__nan,PertCortex_10_GGACATTTCTGCCCTA,3.443372747213752
40928,0.24208696090361315,10__nan,PertCortex_10_GGAGCAACAGTCGTGC,1.3104940683242903
40929,0.3917299549733949,10__nan,PertCortex_10_GGCAATTGTAGGAGTC,1.75778136627008
40930,0.12312371837585737,10__nan,PertCortex_10_GGCCGATCATCGGACC,5.173597475378848
40931,0.6192435822169943,10__nan,PertCortex_10_GGCGACTAGGTTCCTA,1.404314767774473
40932,0.07646607975502745,10__nan,PertCortex_10_GGCGACTCATTGGTAC,3.8774893271442843
40933,0.15312406049904576,10__nan,PertCortex_10_GGCTCGAAGAGTAAGG,4.1245388277529385
40934,0.13591490842231016,10__nan,PertCortex_10_GGCTCGACAGATGGGT,3.996216299519913
40935,0.11268136631970085,10__nan,PertCortex_10_GGCTGGTAGTAGGCCA,3.9384702462934524
40936,0.09653304932630302,10__nan,PertCortex_10_GGCTGGTCACGCGAAA,2.7626236088457587
40937,0.13032790734286231,10__nan,PertCortex_10_GGCTGGTTCCCAAGTA,3.9432483818612996
40938,0.4374392339014819,10__nan,PertCortex_10_GGGAATGCAGATCCAT,2.2408269375466077
40939,0.11481502480744031,10__nan,PertCortex_10_GGGACCTCATCCCATC,3.917645113015645
40940,0.20999840838941825,10__nan,PertCortex_10_GGGACCTTCCGTAGTA,3.784571571746741
40941,0.2714398237648722,10__nan,PertCortex_10_GGGATGATCAACCATG,3.5662209502612403
40942,0.21633024047964322,10__nan,PertCortex_10_GGGCACTAGCACCGCT,1.3187922695492102
40943,0.0868611796549169,10__nan,PertCortex_10_GGGCATCAGGGCACTA,3.8203348249585773
40944,0.6067578852161385,10__nan,PertCortex_10_GGGCATCTCGTGGTCG,1.4476550445814391
40945,0.16935228955421538,10__nan,PertCortex_10_GGGTCTGAGTTAGCGG,5.340494272618311
40946,0.28101115873599225,10__nan,PertCortex_10_GGTATTGGTACATCCA,2.452138301480193
40947,0.09161510927860322,10__nan,PertCortex_10_GGTATTGGTTACAGAA,4.099312032072628
40948,0.1983086145472553,10__nan,PertCortex_10_GGTGAAGAGGGAGTAA,3.660273686434034
40949,0.09645029484560572,10__nan,PertCortex_10_GGTGCGTCATAGGATA,3.5093342396554643
40950,0.29011465573122164,10__nan,PertCortex_10_GGTGTTAGTGCCTGCA,1.568566563869833
40951,0.2918700831597783,10__nan,PertCortex_10_GTAACTGCAGTCGATT,2.060787153992209
40952,0.06660042088930143,10__nan,PertCortex_10_GTACGTATCACCCGAG,4.389623243837136
40953,0.4946376368740397,10__nan,PertCortex_10_GTAGTCAGTTGTCTTT,1.8967317632110312
40954,0.1257649596447738,10__nan,PertCortex_10_GTATCTTAGGAATGGA,4.264759143408888
40955,0.4065560158719844,10__nan,PertCortex_10_GTATTCTCAGAAGCAC,1.943100057218163
40956,0.3665578485420115,10__nan,PertCortex_10_GTCAAGTCAAGCGAGT,2.1130541694463654
40957,0.15516482767545017,10__nan,PertCortex_10_GTCACAACATGTTGAC,4.749973538857079
40958,0.13771651877800406,10__nan,PertCortex_10_GTCCTCACAGGAATGC,4.7855437192170935
40959,0.17298841735193202,10__nan,PertCortex_10_GTCGGGTGTGTAACGG,4.294586149211592
40960,0.5792361419979841,10__nan,PertCortex_10_GTCGTAAAGATGCCAG,1.5092622929816895
40961,0.0750690864585307,10__nan,PertCortex_10_GTCTCGTCAGAAGCAC,3.5341583075833305
40962,0.5140661130607587,10__nan,PertCortex_10_GTCTTCGAGATCACGG,1.7660619358930625
40963,0.5711184411898848,10__nan,PertCortex_10_GTCTTCGCAAGGACTG,1.6407076355815478
40964,0.15473074708772602,10__nan,PertCortex_10_GTGCAGCGTTGGTGGA,4.898469155295977
40965,0.5775920792823017,10__nan,PertCortex_10_GTGCAGCTCTTGGGTA,2.0265758030380034
40966,0.454283333673868,10__nan,PertCortex_10_GTGCATACAGCTTAAC,2.0321556712513957
40967,0.4884060007052263,10__nan,PertCortex_10_GTGCATAGTTCTCATT,1.6453779993909379
40968,0.11450624294400268,10__nan,PertCortex_10_GTGCTTCAGCAGCCTC,3.323376026362741
40969,0.34468269445368044,10__nan,PertCortex_10_GTGTTAGAGACCCACC,1.8523287205271826
40970,0.2222799099538188,10__nan,PertCortex_10_GTGTTAGGTGTATGGG,3.2172372368286677
40971,0.26340227218047196,10__nan,PertCortex_10_GTGTTAGTCTCGGACG,2.7106875700982354
40972,0.5659512236876586,10__nan,PertCortex_10_GTTCTCGTCCGTCAAA,1.698689498819764
40973,0.597471011737929,10__nan,PertCortex_10_TAAACCGCATTAGCCA,1.4466006390212434
40974,0.2092374611472098,10__nan,PertCortex_10_TAAGAGAAGGCTCTTA,2.5993971390718964
40975,0.05852862926964843,10__nan,PertCortex_10_TAAGTGCAGGCTCTTA,3.401184961423307
40976,0.16832244038199162,10__nan,PertCortex_10_TACACGAAGCCTCGTG,3.966914352485766
40977,0.12984902359764036,10__nan,PertCortex_10_TACACGAAGGCGACAT,3.9013340300855677
40978,0.25611755646626083,10__nan,PertCortex_10_TACACGACAATAGAGT,4.303532006814197
40979,0.5295766507631934,10__nan,PertCortex_10_TACAGTGAGGAGCGTT,1.8543453401089487
40980,0.14345485241169248,10__nan,PertCortex_10_TACCTATAGTTGAGAT,4.1344848393049665
40981,0.2957463025097318,10__nan,PertCortex_10_TACGGGCGTCTTCTCG,2.198429158932957
40982,0.5469072066049343,10__nan,PertCortex_10_TACGGGCGTTCTGGTA,1.7118564528475195
40983,0.5403395699880826,10__nan,PertCortex_10_TACGGTATCTGAGTGT,1.7088872054269049
40984,0.22992347866454893,10__nan,PertCortex_10_TACTTGTAGTTACCCA,3.7891715912285324
40985,0.15808840369344743,10__nan,PertCortex_10_TACTTGTTCAAAGACA,3.5625712144912822
40986,0.5433390235802522,10__nan,PertCortex_10_TAGAGCTCAGATGGGT,1.6378445124067107
40987,0.0851492554298403,10__nan,PertCortex_10_TAGAGCTCATCGGACC,4.088770223397757
40988,0.16630144151691936,10__nan,PertCortex_10_TAGCCGGTCTAACCGA,3.7718605980148476
40989,0.06262795327265565,10__nan,PertCortex_10_TAGGCATCATGAACCT,3.2013509850506408
40990,0.2659987194444002,10__nan,PertCortex_10_TAGTGGTGTAGGGTAC,1.7737936684656286
40991,0.19161676098880162,10__nan,PertCortex_10_TAGTTGGAGAGGTTAT,4.3136041807876015
40992,0.3435285018256565,10__nan,PertCortex_10_TAGTTGGGTTATGTGC,2.053480420901287
40993,0.47098147554883835,10__nan,PertCortex_10_TATCTCACACAGACAG,1.9588076124865075
40994,0.11061524514685721,10__nan,PertCortex_10_TATGCCCGTGACTACT,2.6236986829468507
40995,0.17389611382689305,10__nan,PertCortex_10_TCAATCTTCAGCTCTC,3.6919533510959734
40996,0.6343267629820116,10__nan,PertCortex_10_TCACAAGAGTTTAGGA,1.3735277337271716
40997,0.2711901177767003,10__nan,PertCortex_10_TCACAAGTCGTACCGG,3.4007226935929933
40998,0.12168306384976146,10__nan,PertCortex_10_TCAGCTCCAGATCCAT,3.1654484038572326
40999,0.5315999613574559,10__nan,PertCortex_10_TCAGGATAGCTACCGC,1.727371628700911
41000,0.44593195104153166,10__nan,PertCortex_10_TCAGGATTCTCTAGGA,1.765554230261565
41001,0.5295887196464276,10__nan,PertCortex_10_TCAGGTATCTAGAGTC,1.779250101192468
41002,0.1559799360741144,10__nan,PertCortex_10_TCGAGGCGTGACGCCT,4.668124901191289
41003,0.08266889964638756,10__nan,PertCortex_10_TCGCGAGCACAGCCCA,3.975591819993289
41004,0.4262055690836359,10__nan,PertCortex_10_TCGCGTTAGAACTCGG,2.2523951003917957
41005,0.170619005057075,10__nan,PertCortex_10_TCGCGTTAGCGAAGGG,3.5542396590047716
41006,0.6419876362078893,10__nan,PertCortex_10_TCGCGTTTCGTCTGCT,1.303057436926999
41007,0.5477580287036052,10__nan,PertCortex_10_TCGGGACAGATGCGAC,1.843346706633452
41008,0.07364489261025627,10__nan,PertCortex_10_TCGTACCAGGTCATCT,3.2814686972014133
41009,0.38964121458994705,10__nan,PertCortex_10_TCGTAGAAGCGTTCCG,2.1142477726361983
41010,0.18669990639129724,10__nan,PertCortex_10_TCTCATATCGGATGTT,4.017090140209861
41011,0.1799017459259198,10__nan,PertCortex_10_TCTGAGACAGGCTGAA,4.660861508465399
41012,0.11672168986305718,10__nan,PertCortex_10_TCTTCGGTCGACAGCC,3.3734648995790013
41013,0.5362755729160491,10__nan,PertCortex_10_TCTTTCCAGGCATGGT,1.7362876834889294
41014,0.1296207390160029,10__nan,PertCortex_10_TCTTTCCCAGTGGAGT,4.080499242982687
41015,0.29954057522706284,10__nan,PertCortex_10_TCTTTCCGTCTGCCAG,2.288637700915616
41016,0.1474722419530415,10__nan,PertCortex_10_TGAAAGATCAGTCCCT,3.838381214612908
41017,0.6498992958969917,10__nan,PertCortex_10_TGACAACAGTGTCTCA,1.6302989015266753
41018,0.11119328929665483,10__nan,PertCortex_10_TGACGGCAGCCAACAG,3.677120459783254
41019,0.11915031541272736,10__nan,PertCortex_10_TGACTTTAGATATGGT,4.087837718527164
41020,0.5890114332330602,10__nan,PertCortex_10_TGAGCCGAGCGTTTAC,1.6708080604780127
41021,0.37165009107513614,10__nan,PertCortex_10_TGATTTCCACCCTATC,1.8746470225312923
41022,0.13211232492515448,10__nan,PertCortex_10_TGCACCTTCGCCCTTA,3.7463631928750263
41023,0.5403726322602554,10__nan,PertCortex_10_TGCCCATCAGTATAAG,1.370871523450161
41024,0.11126982845656919,10__nan,PertCortex_10_TGCCCTAAGTGGAGAA,3.4335118028424967
41025,0.6999865472226489,10__nan,PertCortex_10_TGCGCAGCAGATGAGC,1.1536095619969273
41026,0.4435554753756473,10__nan,PertCortex_10_TGCGCAGGTACGCTGC,1.944743558030729
41027,0.16475505133295273,10__nan,PertCortex_10_TGCGGGTCATCTACGA,3.814019644531914
41028,0.10505777950635221,10__nan,PertCortex_10_TGCGTGGCAAAGTGCG,4.146546671118828
41029,0.07499556916870202,10__nan,PertCortex_10_TGCTACCCAGGCTCAC,4.01051033609445
41030,0.22128979671743076,10__nan,PertCortex_10_TGCTGCTCACCAGTTA,3.9826399794421907
41031,0.09166652995718613,10__nan,PertCortex_10_TGGCTGGCATAGAAAC,3.870668420285613
41032,0.09923149694143715,10__nan,PertCortex_10_TGGGAAGCACGTTGGC,3.4439953889975987
41033,0.4234330592077783,10__nan,PertCortex_10_TGGGCGTCATCACCCT,1.9819770420472236
41034,0.17403711689692114,10__nan,PertCortex_10_TGGTTAGAGCGATCCC,3.691339340038921
41035,0.6602650261239603,10__nan,PertCortex_10_TGGTTCCAGGGTTCCC,1.3982189048894806
41036,0.1787554845524874,10__nan,PertCortex_10_TGTCCCAAGCCATCGC,3.1319977378561266
41037,0.5759350740455172,10__nan,PertCortex_10_TGTCCCATCTCTAGGA,1.60953476042482
41038,0.11245296214082867,10__nan,PertCortex_10_TGTGTTTGTAGCTCCG,4.126052135578623
41039,0.1872258278622761,10__nan,PertCortex_10_TGTTCCGCACTGTTAG,3.6746911993875697
41040,0.12881651220948673,10__nan,PertCortex_10_TTAACTCTCTGTGCAA,2.7322084570300404
41041,0.6661073874059255,10__nan,PertCortex_10_TTAGGACCACAAGTAA,1.7346242897887105
41042,0.5600209507142626,10__nan,PertCortex_10_TTATGCTTCGTACGGC,1.4066579143576388
41043,0.5622007941852912,10__nan,PertCortex_10_TTCCCAGAGCCATCGC,1.6866629570325011
41044,0.6415054572099708,10__nan,PertCortex_10_TTCCCAGCATTATCTC,1.4703044269900443
41045,0.5337633288243152,10__nan,PertCortex_10_TTCGAAGCAGACGCTC,2.0772612357577946
41046,0.6118702943989627,10__nan,PertCortex_10_TTCGAAGGTTCGTCTC,1.4148785034408584
41047,0.004624126094286878,10__nan,PertCortex_10_TTCGGTCCACGGCGTT,3.345176488973007
41048,0.5517960355635125,10__nan,PertCortex_10_TTCTACATCACTATTC,1.8297856074401921
41049,0.25954969391418237,10__nan,PertCortex_10_TTCTACATCTCTGCTG,3.2025706012240662
41050,0.08903562105429416,10__nan,PertCortex_10_TTCTACATCTGCGTAA,4.355715336051172
41051,0.5173698812916332,10__nan,PertCortex_10_TTCTCAAGTTCAGCGC,1.558033537708086
41052,0.5545900795392397,10__nan,PertCortex_10_TTCTTAGCATTGCGGC,1.4332578165665
41053,0.11079715476105642,10__nan,PertCortex_10_TTGAACGCATCGGTTA,2.235986132050758
41054,0.18035105360291256,10__nan,PertCortex_10_TTGAACGGTCTACCTC,5.294386976075374
41055,0.08825613406067398,10__nan,PertCortex_10_TTGACTTAGGACCACA,3.6523021986465825
41056,0.5863269120058044,10__nan,PertCortex_10_TTGACTTAGTAAGTAC,1.4534174181207464
41057,0.11880707176890586,10__nan,PertCortex_10_TTGACTTGTCTCCCTA,4.480462674652446
41058,0.2484926810358137,10__nan,PertCortex_10_TTGCCGTCACAGGCCT,2.4250677130692604
41059,0.4707837204975558,10__nan,PertCortex_10_TTGGAACCACTGTTAG,1.749790852391193
41060,0.2225762294519452,10__nan,PertCortex_10_TTGGAACCATCCAACA,4.60440403472211
41061,0.032715378647280066,10__nan,PertCortex_10_TTGGCAACAAGTAGTA,2.745525235740266
41062,0.5052170581476026,10__nan,PertCortex_10_TTGGCAAGTGTTTGGT,1.8144257189168806
41063,0.08344900921075901,10__nan,PertCortex_10_TTTATGCGTCAGAGGT,3.853546507023895
41064,0.5696429891770446,10__nan,PertCortex_10_TTTCCTCGTCGCTTTC,1.4476222026259564
41065,0.0914580460644945,10__nan,PertCortex_10_TTTGGTTCATTCTCAT,4.414538835635768
41066,0.24088641655762597,10__nan,PertCortex_10_TTTGGTTTCTTCGAGA,2.5329967208690567
41067,0.2867142000509569,11__nan,PertCortex_11_AAACCTGGTTACCGAT,2.283443360188531
41068,0.30895467380246316,11__nan,PertCortex_11_AAACCTGTCTATCCCG,3.2901683500659926
41069,0.15474005866923554,11__nan,PertCortex_11_AAACGGGGTGTTGGGA,4.180427536419458
41070,0.16347898690962814,11__nan,PertCortex_11_AAAGATGAGATAGCAT,3.566832911271976
41071,0.17036366927282076,11__nan,PertCortex_11_AAAGATGCACGACTCG,4.110609619142238
41072,0.33725716841477604,11__nan,PertCortex_11_AAAGCAAAGCAATATG,2.372016657285307
41073,0.6083981257766009,11__nan,PertCortex_11_AAATGCCCAAGCGATG,1.4065868521008595
41074,0.04490436855596826,11__nan,PertCortex_11_AAATGCCTCCAGTATG,3.9466838257143335
41075,0.13920667968013395,11__nan,PertCortex_11_AAATGCCTCGACCAGC,3.3812802885442608
41076,0.21526128488717047,11__nan,PertCortex_11_AACACGTAGAGATGAG,2.9015956228661706
41077,0.05142090882182837,11__nan,PertCortex_11_AACACGTAGATCTGAA,3.160649379781713
41078,0.6048583600159688,11__nan,PertCortex_11_AACACGTCAATAGAGT,1.7042973865274615
41079,0.2259703901954436,11__nan,PertCortex_11_AACCATGGTGTAAGTA,3.928730585519556
41080,0.22665396794838527,11__nan,PertCortex_11_AACCGCGTCTGTTTGT,3.9448056395248097
41081,0.20236991747524685,11__nan,PertCortex_11_AACTCAGAGTCCGTAT,3.7953484178754233
41082,0.12301593315705772,11__nan,PertCortex_11_AACTCAGGTACACCGC,2.782708523642771
41083,0.50050157052913,11__nan,PertCortex_11_AACTCCCAGTTAACGA,1.6653241931605773
41084,0.1777399055497914,11__nan,PertCortex_11_AACTCCCCAGCGTTCG,2.99121701075441
41085,0.13425287358758145,11__nan,PertCortex_11_AACTCCCCATGGATGG,4.41987998190426
41086,0.21589299500896433,11__nan,PertCortex_11_AACTCTTGTAGAAAGG,3.970954746293094
41087,0.35720914047146773,11__nan,PertCortex_11_AACTGGTAGGACCACA,2.517784360546346
41088,0.20414342608233382,11__nan,PertCortex_11_AACTTTCCATTGCGGC,3.6668599056713274
41089,0.0930210761488457,11__nan,PertCortex_11_AACTTTCTCACCCTCA,4.326709858209695
41090,0.26866026329509496,11__nan,PertCortex_11_AAGACCTCAATGGAAT,2.6833397001110515
41091,0.09801974488570712,11__nan,PertCortex_11_AAGACCTCAGAGTGTG,4.557423374752143
41092,0.5575587846526029,11__nan,PertCortex_11_AAGACCTCAGTAAGAT,1.6019769247237605
41093,0.4179763604367794,11__nan,PertCortex_11_AAGGTTCCATATACCG,2.123026360675727
41094,0.5617753808224998,11__nan,PertCortex_11_AAGTCTGAGTGGTCCC,1.623355539234466
41095,0.15774286591834846,11__nan,PertCortex_11_AAGTCTGCATCCGCGA,3.311025593260075
41096,0.17642285882556946,11__nan,PertCortex_11_AAGTCTGTCCGGCACA,3.102651407317647
41097,0.6527292588311877,11__nan,PertCortex_11_ACACCAAGTCGGCTCA,1.219168433792565
41098,0.07686898200217282,11__nan,PertCortex_11_ACACCAATCGAATGGG,3.8139980303765615
41099,0.1563423312951666,11__nan,PertCortex_11_ACACCCTGTGTGAATA,4.556998294303445
41100,0.5742299467371846,11__nan,PertCortex_11_ACACCGGGTAAGGGCT,1.5707885460871949
41101,0.6569584583965101,11__nan,PertCortex_11_ACACCGGTCTATGTGG,1.8098342920143715
41102,0.09398263797493517,11__nan,PertCortex_11_ACAGCCGCAGTATCTG,4.175117225446507
41103,0.15827029572209447,11__nan,PertCortex_11_ACAGCCGTCCCATTTA,4.183951972107136
41104,0.10124166628005213,11__nan,PertCortex_11_ACAGCCGTCGTGGTCG,3.755667870299506
41105,0.3002461377437711,11__nan,PertCortex_11_ACAGCCGTCTGGTTCC,2.8365142667988583
41106,0.1464541798282701,11__nan,PertCortex_11_ACAGCTAGTGAGGGAG,3.7913288072812024
41107,0.2882412178598239,11__nan,PertCortex_11_ACATACGAGATCCCGC,3.393987389094884
41108,0.06179701727158618,11__nan,PertCortex_11_ACATACGAGCCACTAT,4.0110657075593315
41109,0.5478201444178394,11__nan,PertCortex_11_ACATACGTCAACGGGA,1.9243986019014154
41110,0.11606727907111736,11__nan,PertCortex_11_ACATGGTCAGCTCGCA,2.511766325044502
41111,0.4945896584948233,11__nan,PertCortex_11_ACCCACTAGACATAAC,2.009139925082894
41112,0.16734246145509754,11__nan,PertCortex_11_ACCCACTCACGGTTTA,3.1331524088010987
41113,0.02211948974271067,11__nan,PertCortex_11_ACCCACTTCTTGTCAT,3.6392238487720703
41114,0.14285885476355822,11__nan,PertCortex_11_ACCGTAATCAAACGGG,3.9767938513879857
41115,0.2107063247951341,11__nan,PertCortex_11_ACGAGCCCACAACTGT,3.338906501381385
41116,0.21595278704133974,11__nan,PertCortex_11_ACGAGCCTCCACGTGG,3.4733791749270533
41117,0.49839103507153715,11__nan,PertCortex_11_ACGATACTCTATCGCC,2.0206955935558018
41118,0.10855447964727397,11__nan,PertCortex_11_ACGATGTAGTGGAGTC,3.761071670307608
41119,0.10485473587663158,11__nan,PertCortex_11_ACGATGTCAATGAAAC,3.8016858756589005
41120,0.5376119696014034,11__nan,PertCortex_11_ACGATGTTCGATGAGG,1.8068593910023283
41121,0.03979106614923012,11__nan,PertCortex_11_ACGCAGCAGGGCTTCC,3.3836565096773024
41122,0.508904327747462,11__nan,PertCortex_11_ACGCAGCCAAGACACG,1.8447331398427287
41123,0.13559077944296155,11__nan,PertCortex_11_ACGCAGCCAGCTTAAC,4.2883433089415375
41124,0.15434410348837596,11__nan,PertCortex_11_ACGGAGACAGGTCTCG,4.945597705239275
41125,0.06376469084181027,11__nan,PertCortex_11_ACGGAGAGTAGCAAAT,4.043560175337653
41126,0.5573329643964811,11__nan,PertCortex_11_ACGGCCACAGCTTAAC,1.6641960072250601
41127,0.5594420544146077,11__nan,PertCortex_11_ACTATCTAGATCCGAG,1.759037732214759
41128,0.17743643615603477,11__nan,PertCortex_11_ACTGAGTTCTTAACCT,3.7728897712179377
41129,0.14093019167956658,11__nan,PertCortex_11_ACTGATGCAGCTGCTG,3.3503314589874003
41130,0.203223436231249,11__nan,PertCortex_11_ACTGATGCATGTCTCC,4.853021092216335
41131,0.6701498045757835,11__nan,PertCortex_11_ACTGCTCTCGTTTATC,1.4134197657691043
41132,0.11260855102549205,11__nan,PertCortex_11_ACTGTCCTCACAGTAC,4.371645009678436
41133,0.12116299410444654,11__nan,PertCortex_11_ACTTGTTAGTGTGAAT,4.009548189109359
41134,0.15386063638364725,11__nan,PertCortex_11_ACTTGTTCATACGCCG,4.272920301966453
41135,0.5537171638201767,11__nan,PertCortex_11_ACTTGTTGTGCTAGCC,1.7948516735046365
41136,0.17538683021193183,11__nan,PertCortex_11_ACTTGTTTCAAGGCTT,2.983269578695999
41137,0.18409652034658358,11__nan,PertCortex_11_AGAATAGAGCTACCTA,2.6361051393023973
41138,0.21371935537609096,11__nan,PertCortex_11_AGAATAGCAAACCTAC,3.5983590646156647
41139,0.5450318097317498,11__nan,PertCortex_11_AGACGTTGTATAGGTA,1.6337897926000786
41140,0.3602189995587161,11__nan,PertCortex_11_AGACGTTTCAGCCTAA,2.513135782742236
41141,0.20989607405744715,11__nan,PertCortex_11_AGAGCGACAGACGCTC,3.8374317541514573
41142,0.30188396337453316,11__nan,PertCortex_11_AGAGTGGAGAGTGACC,2.011090597191789
41143,0.07232811056788506,11__nan,PertCortex_11_AGATCTGAGGGCACTA,3.730236648912992
41144,0.1191464261387362,11__nan,PertCortex_11_AGATCTGGTTCCGGCA,4.211995709543455
41145,0.7006516101788682,11__nan,PertCortex_11_AGATCTGGTTGATTGC,1.3394114924069174
41146,0.6536494680998987,11__nan,PertCortex_11_AGATCTGTCATGCTCC,1.9233465418704212
41147,0.24163243988156088,11__nan,PertCortex_11_AGATCTGTCCGTAGTA,1.9732398052836007
41148,0.13322319938451574,11__nan,PertCortex_11_AGCAGCCAGCCTTGAT,2.8617407142026083
41149,0.15734075075581522,11__nan,PertCortex_11_AGCAGCCCAATCCGAT,4.818076709032686
41150,0.5589011152491322,11__nan,PertCortex_11_AGCCTAAAGTAAGTAC,1.7973758057646865
41151,0.2239352534006192,11__nan,PertCortex_11_AGCCTAATCCTTTCGG,2.988439837425178
41152,0.17095209429399508,11__nan,PertCortex_11_AGCCTAATCTACCTGC,2.6553943442943257
41153,0.19511960926731273,11__nan,PertCortex_11_AGCGTCGCAGAGCCAA,3.698315778468239
41154,0.07777526833632911,11__nan,PertCortex_11_AGCTCTCAGTCCTCCT,2.6656585106138224
41155,0.1596263018108156,11__nan,PertCortex_11_AGCTCTCCACGACGAA,5.467915873094797
41156,0.4201975350080068,11__nan,PertCortex_11_AGCTTGATCGCCCTTA,1.7922632866593409
41157,0.15426567227873608,11__nan,PertCortex_11_AGGGAGTAGCAAATCA,5.187231182392251
41158,0.5736816935828225,11__nan,PertCortex_11_AGGGAGTTCTACGAGT,1.6888784621700865
41159,0.18018785052593705,11__nan,PertCortex_11_AGGGATGCAATGGTCT,3.8530082299795367
41160,0.5566465971868152,11__nan,PertCortex_11_AGGGATGGTATCGCAT,1.6787641863953109
41161,0.1303114332248166,11__nan,PertCortex_11_AGGGATGTCTCGGACG,3.8071733116785897
41162,0.28294943561018054,11__nan,PertCortex_11_AGGGTGAAGGCAGTCA,3.8386740689503283
41163,0.24308363771764332,11__nan,PertCortex_11_AGGGTGACACTTAAGC,3.4249117394552813
41164,0.5696541105552747,11__nan,PertCortex_11_AGGTCATAGCTGCGAA,1.7508359101344793
41165,0.5077014242618927,11__nan,PertCortex_11_AGGTCATAGGTCATCT,1.981175178026326
41166,0.30188045447318934,11__nan,PertCortex_11_AGGTCATCAAACCTAC,4.344160607271348
41167,0.542715947779888,11__nan,PertCortex_11_AGGTCCGAGAGGTTGC,1.8376629334246564
41168,0.22543382148387756,11__nan,PertCortex_11_AGTAGTCAGGGTATCG,3.3849054839891095
41169,0.5354302736523125,11__nan,PertCortex_11_AGTCTTTAGGCCATAG,1.922452123464101
41170,0.6658161304408944,11__nan,PertCortex_11_AGTGAGGTCTGCAGTA,1.4582827687462976
41171,0.04341225523718139,11__nan,PertCortex_11_AGTGGGACACGCTTTC,4.543060417659153
41172,0.33762076096881477,11__nan,PertCortex_11_AGTGTCACATATGCTG,2.701209551444002
41173,0.3044134902115336,11__nan,PertCortex_11_AGTTGGTTCCAAACAC,2.716015870955964
41174,0.41790301914705863,11__nan,PertCortex_11_AGTTGGTTCTAACTCT,2.227615396328729
41175,0.011670674699924275,11__nan,PertCortex_11_ATAACGCCATACCATG,4.184634767114493
41176,0.6007748647983963,11__nan,PertCortex_11_ATAAGAGCACCGCTAG,1.5750237721621958
41177,0.15139912854031679,11__nan,PertCortex_11_ATAAGAGCATAGACTC,3.51774877804944
41178,0.21370709009271321,11__nan,PertCortex_11_ATAAGAGTCATGCTCC,3.549728772670823
41179,0.5839555076852895,11__nan,PertCortex_11_ATCATCTCACCGTTGG,1.6055638962150953
41180,0.17587228019807463,11__nan,PertCortex_11_ATCATCTTCAGCACAT,3.451008403021552
41181,0.1953501294147278,11__nan,PertCortex_11_ATCCACCCAAGAGGCT,3.051415155585728
41182,0.26728530797484507,11__nan,PertCortex_11_ATCGAGTAGGCTCAGA,2.033830728424055
41183,0.3204820473415694,11__nan,PertCortex_11_ATCGAGTTCGGCGCTA,3.0207271888266223
41184,0.21977841453402935,11__nan,PertCortex_11_ATGAGGGTCATGTAGC,4.373249868592287
41185,0.5365878862065825,11__nan,PertCortex_11_ATGCGATAGGCGCTCT,1.692799825115684
41186,0.2819987194063773,11__nan,PertCortex_11_ATGCGATCAGTGGAGT,1.7384741615937702
41187,0.25867334425305183,11__nan,PertCortex_11_ATGCGATGTGGTTTCA,3.1640912951940274
41188,0.2771898973580708,11__nan,PertCortex_11_ATGCGATTCTTGAGGT,2.494591831348567
41189,0.14074417158264976,11__nan,PertCortex_11_ATGGGAGCAAACCTAC,4.592633366554751
41190,0.5854043915134062,11__nan,PertCortex_11_ATGGGAGGTTGATTGC,1.4862631131582125
41191,0.5698757651540847,11__nan,PertCortex_11_ATGTGTGTCCGGGTGT,1.6164457448641956
41192,0.5345835547184379,11__nan,PertCortex_11_ATTACTCAGGGTCTCC,1.759150426341582
41193,0.24123734283560794,11__nan,PertCortex_11_ATTCTACGTGCCTTGG,3.0169035618442406
41194,0.17713734614067525,11__nan,PertCortex_11_ATTCTACTCGCAAGCC,4.058017587820064
41195,0.15827021753828244,11__nan,PertCortex_11_ATTGGACCATGCTAGT,5.310651242537787
41196,0.4746075495777236,11__nan,PertCortex_11_ATTGGACGTCTGCCAG,2.05915737838059
41197,0.16828921437844446,11__nan,PertCortex_11_ATTGGTGGTCTAAAGA,5.462434806236397
41198,0.16824898321217696,11__nan,PertCortex_11_ATTTCTGAGACTGGGT,4.810497009452898
41199,0.22616233886870518,11__nan,PertCortex_11_CAACCAAGTAATTGGA,2.568304764816755
41200,0.24449581916358668,11__nan,PertCortex_11_CAAGAAAAGGGTCTCC,3.9020084875281387
41201,0.3283883947765212,11__nan,PertCortex_11_CAAGAAATCACCACCT,2.620678078782583
41202,0.2380071298133444,11__nan,PertCortex_11_CAAGATCAGTTCCACA,3.055683697459225
41203,0.1506753801651936,11__nan,PertCortex_11_CAAGATCGTAACGTTC,3.8089655894202274
41204,0.5538215445546409,11__nan,PertCortex_11_CAAGGCCGTGATAAAC,2.2530067172091495
41205,0.5383589738090123,11__nan,PertCortex_11_CAAGTTGGTTCTGGTA,1.9195031045728197
41206,0.4190240054678918,11__nan,PertCortex_11_CACAAACCACTTCTGC,2.113136225207048
41207,0.10618219164750597,11__nan,PertCortex_11_CACAAACGTTTGACTG,4.9321163273332225
41208,0.20926115424153172,11__nan,PertCortex_11_CACACAATCCTTTCGG,2.616391725102842
41209,0.1559792868069927,11__nan,PertCortex_11_CACACCTAGCTATGCT,3.377080145662965
41210,0.047010936171049435,11__nan,PertCortex_11_CACACCTGTCCAGTGC,2.9860639234652284
41211,0.23597662310483716,11__nan,PertCortex_11_CACAGTACAATCCGAT,3.4973658279839994
41212,0.6304995228756264,11__nan,PertCortex_11_CACAGTATCGCAGGCT,1.5629684653339337
41213,0.16516072440275492,11__nan,PertCortex_11_CACATAGCAAACTGCT,2.3827787633565376
41214,0.4385348656112542,11__nan,PertCortex_11_CACCACTAGTGGCACA,1.8905781839035307
41215,0.4132630475140248,11__nan,PertCortex_11_CACCACTAGTGGTAGC,1.9892109904518032
41216,0.21780268703134076,11__nan,PertCortex_11_CACCAGGGTGTAACGG,4.044800070796215
41217,0.20819543106717298,11__nan,PertCortex_11_CACCTTGAGAGTGAGA,3.622578078326625
41218,0.13753442812230915,11__nan,PertCortex_11_CACCTTGTCAGCAACT,3.6507328297784793
41219,0.3503324138690897,11__nan,PertCortex_11_CACCTTGTCCACGACG,2.1665806318713563
41220,0.19496892109987554,11__nan,PertCortex_11_CACTCCACATTCTTAC,3.528943547748363
41221,0.14424043465043973,11__nan,PertCortex_11_CAGCAGCGTGCAACGA,3.0682409229197973
41222,0.15354350617588433,11__nan,PertCortex_11_CAGCCGAGTTGAGGTG,2.3451600844212543
41223,0.15227748094411336,11__nan,PertCortex_11_CAGCGACTCGGAGCAA,3.0966795063098127
41224,0.24423838156557373,11__nan,PertCortex_11_CAGCTAAAGATCCTGT,3.480692925013913
41225,0.4384387232034621,11__nan,PertCortex_11_CAGCTAAAGCTAGCCC,2.2585470916140156
41226,0.32042359997694114,11__nan,PertCortex_11_CAGCTGGCAGAGCCAA,2.0210818914187914
41227,0.2264686677417984,11__nan,PertCortex_11_CAGGTGCCAGCCAGAA,3.5421443677010207
41228,0.461053399248375,11__nan,PertCortex_11_CAGTAACCAATCTGCA,2.4142886557313847
41229,0.2603029711995385,11__nan,PertCortex_11_CAGTAACGTTATCACG,2.5089756200922455
41230,0.5345236369654096,11__nan,PertCortex_11_CAGTAACTCGGCCGAT,1.9168481070550834
41231,0.17949576125939237,11__nan,PertCortex_11_CAGTCCTAGGCACATG,4.409805298020272
41232,0.30695287723687525,11__nan,PertCortex_11_CAGTCCTCATGTTCCC,2.5142022867510874
41233,0.42646262181175404,11__nan,PertCortex_11_CATATGGCACGACGAA,2.1608852847330136
41234,0.12829347637717906,11__nan,PertCortex_11_CATATGGTCCGCGGTA,2.8865976617344242
41235,0.1793869971317513,11__nan,PertCortex_11_CATCAAGGTCCCGACA,4.486229723186746
41236,0.5191050648554754,11__nan,PertCortex_11_CATCAGAAGTGTACTC,2.058183180838598
41237,0.4765690854922771,11__nan,PertCortex_11_CATCAGAGTATAGGTA,2.754964173964081
41238,0.5998948599424128,11__nan,PertCortex_11_CATCCACTCCAGATCA,1.526794992600604
41239,0.07663770346139427,11__nan,PertCortex_11_CATCGGGGTAAATACG,4.092632010181567
41240,0.2416066421457627,11__nan,PertCortex_11_CATGACAAGTGCGTGA,3.3557780275143188
41241,0.3971610099652011,11__nan,PertCortex_11_CATGACAGTACGCACC,1.7530716555808488
41242,0.1753517647385678,11__nan,PertCortex_11_CATGACATCTTTCCTC,4.697660299667063
41243,0.3492269127505214,11__nan,PertCortex_11_CATGGCGGTTAAGGGC,1.612744663986517
41244,0.5661582955823028,11__nan,PertCortex_11_CATTCGCAGTCAAGCG,1.588590129706608
41245,0.6671919137743809,11__nan,PertCortex_11_CATTCGCTCCGCATCT,1.7434729927213743
41246,0.12779764690233955,11__nan,PertCortex_11_CCAATCCCATGGATGG,3.031111810702194
41247,0.21430148565682083,11__nan,PertCortex_11_CCAATCCGTTGTCGCG,3.576528008231401
41248,0.46460600608174096,11__nan,PertCortex_11_CCACCTAGTTCAGACT,1.8775487001651017
41249,0.20352408434832814,11__nan,PertCortex_11_CCACCTATCAGTCAGT,4.723486558038261
41250,0.12042325893536505,11__nan,PertCortex_11_CCACCTATCGATAGAA,4.633915896412671
41251,0.21086802306270871,11__nan,PertCortex_11_CCACGGAGTGTGTGCC,3.715916731637586
41252,0.14491218320662583,11__nan,PertCortex_11_CCACTACGTACAGTTC,3.8692257178136695
41253,0.15084882603448366,11__nan,PertCortex_11_CCAGCGAAGAAGGGTA,4.8219819371724775
41254,0.09508434945716222,11__nan,PertCortex_11_CCATGTCAGTCATGCT,2.9668736351134237
41255,0.1595237882862406,11__nan,PertCortex_11_CCATTCGTCATCTGTT,5.538787503915881
41256,0.13910021258136462,11__nan,PertCortex_11_CCCAATCTCGTACCGG,4.602979478928596
41257,0.24520168197025505,11__nan,PertCortex_11_CCCAGTTCAGTCGATT,3.4154567613682167
41258,0.0669487027904696,11__nan,PertCortex_11_CCCAGTTGTACATCCA,4.796820836242741
41259,0.15451398388737406,11__nan,PertCortex_11_CCCAGTTGTGGACGAT,5.316580056365788
41260,0.20169367610955552,11__nan,PertCortex_11_CCCATACCACAACTGT,3.4804324278689727
41261,0.2112384622512464,11__nan,PertCortex_11_CCCATACTCTTCGAGA,5.02269241813265
41262,0.12989921689571518,11__nan,PertCortex_11_CCCTCCTCAAACCCAT,4.0366434566872345
41263,0.09491215651077556,11__nan,PertCortex_11_CCCTCCTCATCGGGTC,2.701636188822256
41264,0.3939969117118175,11__nan,PertCortex_11_CCGGTAGAGGGTATCG,1.7409322953652386
41265,0.1473853942269847,11__nan,PertCortex_11_CCGGTAGGTTCGCTAA,3.9481747173115362
41266,0.2873874426026324,11__nan,PertCortex_11_CCGTACTGTATAAACG,1.6423083282502675
41267,0.5962920184209309,11__nan,PertCortex_11_CCGTGGACAAACGTGG,2.275239134065076
41268,0.19718718551150108,11__nan,PertCortex_11_CCGTTCACAGACAAAT,4.424006039627854
41269,0.1325770904531646,11__nan,PertCortex_11_CCGTTCATCTATCCTA,5.041597250172972
41270,0.2601086897298892,11__nan,PertCortex_11_CCTAAAGTCCTCAACC,3.435647471135718
41271,0.20608256491970398,11__nan,PertCortex_11_CCTACACCAATGAAAC,3.0445250954761267
41272,0.10105062974556207,11__nan,PertCortex_11_CCTACACGTGCGGTAA,3.398435305732903
41273,0.083279599403297,11__nan,PertCortex_11_CCTACCAGTCGCTTTC,4.748277328286516
41274,0.16399121296561125,11__nan,PertCortex_11_CCTAGCTAGGACATTA,3.309896245424295
41275,0.26070836484963295,11__nan,PertCortex_11_CCTAGCTCAATCGGTT,3.156964044727503
41276,0.23228510531792337,11__nan,PertCortex_11_CCTAGCTGTAGGAGTC,4.293990191875475
41277,0.679860234866619,11__nan,PertCortex_11_CCTATTACATCGGACC,1.799096344891383
41278,0.12727983005434,11__nan,PertCortex_11_CCTATTAGTAGCGCAA,3.474637599845936
41279,0.14705923342621333,11__nan,PertCortex_11_CCTCTGAAGTTAACGA,4.494874774721626
41280,0.156788716766884,11__nan,PertCortex_11_CCTCTGATCTATCCTA,3.893798185914644
41281,0.17942517214813883,11__nan,PertCortex_11_CCTTACGCAAGCGTAG,4.946609028585731
41282,0.6226684379130408,11__nan,PertCortex_11_CCTTACGTCTGCCCTA,1.5068862094719457
41283,0.4023090397655322,11__nan,PertCortex_11_CCTTCCCCAAGTAATG,2.314421484633537
41284,0.1728011395898524,11__nan,PertCortex_11_CCTTCCCGTAGCCTCG,4.778973612725962
41285,0.2478499475527558,11__nan,PertCortex_11_CCTTCCCTCTCTGTCG,3.083141841894898
41286,0.7639451369266592,11__nan,PertCortex_11_CCTTTCTCAATCGGTT,0.9763065941382121
41287,0.6598544485598546,11__nan,PertCortex_11_CGAATGTCACCAGGTC,1.303806887713569
41288,0.17995282535548063,11__nan,PertCortex_11_CGAATGTGTCTCACCT,3.2310256147089103
41289,0.2110498358351234,11__nan,PertCortex_11_CGAGCACAGTACTTGC,4.534578793968198
41290,0.49990181981740045,11__nan,PertCortex_11_CGATCGGGTCGCATAT,1.8321369346796874
41291,0.2379494679341449,11__nan,PertCortex_11_CGATCGGGTTAAGTAG,3.2238507885915886
41292,0.270326920457799,11__nan,PertCortex_11_CGATGGCAGTCGTTTG,3.1404902766637215
41293,0.09061926422891826,11__nan,PertCortex_11_CGATGGCGTGTTAAGA,2.0414510600795177
41294,0.13785544383839043,11__nan,PertCortex_11_CGATGGCGTTTGTGTG,3.0845739114751805
41295,0.6860356831182066,11__nan,PertCortex_11_CGATGGCTCTGCGACG,1.2304268790296082
41296,0.09209907759509883,11__nan,PertCortex_11_CGATTGATCGGTCCGA,3.6252634799730568
41297,0.1757302799620226,11__nan,PertCortex_11_CGCCAAGCACGAAGCA,4.501836730778518
41298,0.60384900424707,11__nan,PertCortex_11_CGCCAAGGTTTGTGTG,1.4967251931523455
41299,0.48411328177877977,11__nan,PertCortex_11_CGCGGTACAGAAGCAC,1.983960868684336
41300,0.6092399159200128,11__nan,PertCortex_11_CGCGGTAGTCTCCACT,1.422722711758447
41301,0.13603803929826458,11__nan,PertCortex_11_CGCGGTAGTTATGCGT,3.338231568705049
41302,0.5846271871194662,11__nan,PertCortex_11_CGCTATCAGAATTGTG,1.7725580555430243
41303,0.14770995120158864,11__nan,PertCortex_11_CGCTATCAGCGATAGC,4.934859815705939
41304,0.11756979936130796,11__nan,PertCortex_11_CGCTGGAAGTGGCACA,4.476282657203228
41305,0.6906272668537203,11__nan,PertCortex_11_CGCTGGAGTACAAGTA,1.7407219186717098
41306,0.1285550919821805,11__nan,PertCortex_11_CGCTGGATCACCTTAT,4.24784321919616
41307,0.4989312965325054,11__nan,PertCortex_11_CGGAGCTCAAGGTTTC,1.9718960843732989
41308,0.48394066457468077,11__nan,PertCortex_11_CGGAGCTCACGGCGTT,1.7596923761426302
41309,0.056609949453190936,11__nan,PertCortex_11_CGGAGTCCACTGAAGG,3.3499219806834395
41310,0.19777812332044553,11__nan,PertCortex_11_CGGAGTCCAGATCTGT,3.340115924840625
41311,0.1683435784345712,11__nan,PertCortex_11_CGGCTAGCACGAAACG,3.888853597864202
41312,0.5121399206267868,11__nan,PertCortex_11_CGGCTAGCACGTGAGA,1.8955768098079415
41313,0.08066486426467027,11__nan,PertCortex_11_CGGTTAACACAGATTC,4.382530829564147
41314,0.06826916336201604,11__nan,PertCortex_11_CGTCACTAGTCTCAAC,3.7491109860340557
41315,0.20640336916898502,11__nan,PertCortex_11_CGTCACTAGTGGGATC,3.2638187383688537
41316,0.4949854619827678,11__nan,PertCortex_11_CGTCTACGTGGTTTCA,1.8539609566480009
41317,0.5026744914211002,11__nan,PertCortex_11_CGTGAGCGTCCGACGT,1.9230136501319315
41318,0.12921325954175752,11__nan,PertCortex_11_CGTGAGCTCGGATGGA,3.8018597636050337
41319,0.22980794885110956,11__nan,PertCortex_11_CGTGTAAGTCGCGTGT,3.787273766644873
41320,0.48552840984380335,11__nan,PertCortex_11_CGTGTAATCCTAGAAC,2.0128676684272944
41321,0.029041782563344574,11__nan,PertCortex_11_CGTGTCTAGGCATGTG,4.391897886746704
41322,0.12343569958119187,11__nan,PertCortex_11_CGTGTCTCAAGCTGTT,4.63145896284097
41323,0.5937657221480623,11__nan,PertCortex_11_CGTTCTGAGTGATCGG,1.41743686112592
41324,0.17755461476556333,11__nan,PertCortex_11_CGTTGGGTCACCCGAG,4.28400320137351
41325,0.29011203533635793,11__nan,PertCortex_11_CTAACTTAGTGAATTG,2.4533267892634294
41326,0.1983775013378807,11__nan,PertCortex_11_CTAACTTCATAGAAAC,3.6998833601779086
41327,0.641964050565488,11__nan,PertCortex_11_CTAACTTGTCCCTTGT,1.5083436664096754
41328,0.061636863140665965,11__nan,PertCortex_11_CTAAGACCAGTATCTG,3.038712332953274
41329,0.29945297537975274,11__nan,PertCortex_11_CTACATTCATGTCCTC,3.439608885762835
41330,0.18190256641977243,11__nan,PertCortex_11_CTACGTCAGATATGCA,4.1444528514740275
41331,0.27298807418606286,11__nan,PertCortex_11_CTACGTCCACCAGTTA,3.698336124637288
41332,0.44209049160938624,11__nan,PertCortex_11_CTACGTCTCGTTTATC,2.351328148727831
41333,0.1833402193076279,11__nan,PertCortex_11_CTAGAGTCAGGTGGAT,2.9736973401015576
41334,0.09888189207642324,11__nan,PertCortex_11_CTAGAGTGTCCATCCT,5.102895658548523
41335,0.2431936336707726,11__nan,PertCortex_11_CTAGCCTCACAACGTT,3.000510642258851
41336,0.23246426734381367,11__nan,PertCortex_11_CTCACACAGTCGCCGT,3.21880204586464
41337,0.5505011917141125,11__nan,PertCortex_11_CTCACACTCTGTTGAG,1.8173111752224744
41338,0.2218940953417335,11__nan,PertCortex_11_CTCAGAAAGACATAAC,4.4360607490273525
41339,0.3932424803957545,11__nan,PertCortex_11_CTCATTAAGGATATAC,2.2341592377642447
41340,0.5877575537630043,11__nan,PertCortex_11_CTCATTACATGTCCTC,1.616220360830217
41341,0.31544656038640545,11__nan,PertCortex_11_CTCGAAAGTCTAACGT,3.968732575157137
41342,0.0876362093319051,11__nan,PertCortex_11_CTCGAGGTCCAGGGCT,4.3741224803391905
41343,0.4088965769549355,11__nan,PertCortex_11_CTCGGAGAGTCCGTAT,2.886877499990417
41344,0.1746745965883794,11__nan,PertCortex_11_CTCGGAGGTTAGTGGG,3.7842029147343275
41345,0.19069873557421824,11__nan,PertCortex_11_CTCGGGATCGGGAGTA,3.603803387533182
41346,0.18719166933140993,11__nan,PertCortex_11_CTCGGGATCTTGTTTG,5.042536067206545
41347,0.055936394493416926,11__nan,PertCortex_11_CTCGTACAGTTGTAGA,4.359019583769909
41348,0.1912978987842333,11__nan,PertCortex_11_CTCGTCAAGACGCTTT,4.413340374309505
41349,0.4202946780305426,11__nan,PertCortex_11_CTCTAATCACGCCAGT,1.225632535103437
41350,0.2297730022206374,11__nan,PertCortex_11_CTCTACGAGTCTCCTC,3.491196105510428
41351,0.08033593200175938,11__nan,PertCortex_11_CTCTACGCACACATGT,3.4839514235533287
41352,0.2755897774413577,11__nan,PertCortex_11_CTCTACGGTCAACTGT,2.6803189570151407
41353,0.5035611812289957,11__nan,PertCortex_11_CTCTACGGTTATGTGC,2.029090586190409
41354,0.2575951872729521,11__nan,PertCortex_11_CTGAAACAGATATGCA,3.808562806685218
41355,0.5662843111035994,11__nan,PertCortex_11_CTGAAACCAATCAGAA,1.7529569097831146
41356,0.0851347360636599,11__nan,PertCortex_11_CTGAAACTCAACACGT,4.392323451576896
41357,0.297992243945841,11__nan,PertCortex_11_CTGAAGTAGCCGATTT,3.1414282611622744
41358,0.190833031662701,11__nan,PertCortex_11_CTGAAGTCACCAGTTA,2.961494110860927
41359,0.33064400844919783,11__nan,PertCortex_11_CTGATAGCACGAAATA,3.1137329901054085
41360,0.531948965752138,11__nan,PertCortex_11_CTGATCCCATCTCGCT,1.9445545477868356
41361,0.18692353334700293,11__nan,PertCortex_11_CTGCGGACAGCGTAAG,3.6975059418185046
41362,0.2480296681112485,11__nan,PertCortex_11_CTGCGGAGTACCATCA,3.618240168591192
41363,0.17565812221279756,11__nan,PertCortex_11_CTGCTGTCAGGCTGAA,3.281867051781125
41364,0.6556055501104531,11__nan,PertCortex_11_CTGTTTACACAGACTT,1.8705873416426078
41365,0.20410052478016727,11__nan,PertCortex_11_CTGTTTATCTACTTAC,2.9122096013247196
41366,0.1940895462874119,11__nan,PertCortex_11_CTTAACTTCGCTTGTC,3.6828095106137253
41367,0.08727998202508903,11__nan,PertCortex_11_CTTACCGCAGTGGAGT,3.622604194084945
41368,0.1431681700522245,11__nan,PertCortex_11_CTTACCGGTTCTGGTA,3.396267802165231
41369,0.0651126765702957,11__nan,PertCortex_11_CTTTGCGGTGATGATA,4.382510642185876
41370,0.09704231502522612,11__nan,PertCortex_11_GAAACTCTCCAGAAGG,4.324290240789283
41371,0.711041739311949,11__nan,PertCortex_11_GAACATCCAAGCGTAG,1.4279963866682575
41372,0.17627215768894558,11__nan,PertCortex_11_GAACATCTCCTTTCGG,3.277038084000705
41373,0.10895274611072236,11__nan,PertCortex_11_GAACCTAAGACTGGGT,3.554932963077966
41374,0.08876086198361306,11__nan,PertCortex_11_GAACCTACACACTGCG,4.332645555705107
41375,0.27399568339776553,11__nan,PertCortex_11_GAACGGAAGACTCGGA,3.27483899183225
41376,0.13336730855180062,11__nan,PertCortex_11_GAACGGAAGGGTTTCT,4.316928105184114
41377,0.11488847308449673,11__nan,PertCortex_11_GAACGGAGTAAGTTCC,4.265037590348053
41378,0.06065123064858193,11__nan,PertCortex_11_GAACGGATCACCATAG,4.097208545497944
41379,0.19882034744198068,11__nan,PertCortex_11_GAAGCAGAGACCACGA,2.790534268546047
41380,0.1436858774336387,11__nan,PertCortex_11_GAAGCAGAGCCGGTAA,3.2976199909744865
41381,0.10323441629073887,11__nan,PertCortex_11_GAAGCAGAGTACGTAA,4.530647395689874
41382,0.2611548602451953,11__nan,PertCortex_11_GAAGCAGGTCTTGTCC,3.44664099425876
41383,0.15194209812318438,11__nan,PertCortex_11_GAAGCAGGTGCCTGTG,3.537975780620582
41384,0.09481230987416558,11__nan,PertCortex_11_GAAGCAGTCGAATGCT,2.958495471364865
41385,0.39638029027241245,11__nan,PertCortex_11_GAATAAGAGATCCCGC,2.8490700578059167
41386,0.2890035922993154,11__nan,PertCortex_11_GAATAAGTCTTTACAC,2.6891524341938857
41387,0.18046817628724984,11__nan,PertCortex_11_GAATGAACACCAGGTC,3.01957335842224
41388,0.09698328807265566,11__nan,PertCortex_11_GACAGAGGTACAGACG,3.537097348564176
41389,0.11947971416653372,11__nan,PertCortex_11_GACCAATGTAAGAGAG,4.1097801960681455
41390,0.3849905044608494,11__nan,PertCortex_11_GACCAATGTGTCGCTG,2.759457054758911
41391,0.0650091113021246,11__nan,PertCortex_11_GACGCGTAGCTGATAA,3.2767089544382357
41392,0.12575752030042947,11__nan,PertCortex_11_GACGCGTCAGTAAGCG,4.842290520680355
41393,0.22969766141668843,11__nan,PertCortex_11_GACGGCTCATGAACCT,3.479925443402639
41394,0.21266650311939725,11__nan,PertCortex_11_GACGTTAAGAAACGAG,3.4296367735462496
41395,0.21744033925495831,11__nan,PertCortex_11_GACGTTAGTGCGATAG,3.8925768224502324
41396,0.08465538858055964,11__nan,PertCortex_11_GACTAACAGAAGGCCT,4.088596870219352
41397,0.13452631156916608,11__nan,PertCortex_11_GACTACACAATGACCT,3.5024145787530085
41398,0.059902092304637986,11__nan,PertCortex_11_GACTACACAGTCCTTC,3.565324961289344
41399,0.04509790713958407,11__nan,PertCortex_11_GACTGCGGTATTACCG,3.1843183664432284
41400,0.12156732079036703,11__nan,PertCortex_11_GAGCAGACATCCGGGT,3.1577157115239833
41401,0.08628651511191225,11__nan,PertCortex_11_GAGCAGATCAGAGACG,4.112335653189226
41402,0.07378521233209943,11__nan,PertCortex_11_GAGGTGACATGATCCA,4.240225336150988
41403,0.15177464197542573,11__nan,PertCortex_11_GAGGTGATCTAACGGT,4.732627536877619
41404,0.05014951860313496,11__nan,PertCortex_11_GAGTCCGCATGCCTTC,3.5500518035095117
41405,0.09947189094248335,11__nan,PertCortex_11_GAGTCCGTCGCCGTGA,3.422631672120714
41406,0.23669790005512786,11__nan,PertCortex_11_GATCAGTCAATGAATG,3.016796406641992
41407,0.27503319576619745,11__nan,PertCortex_11_GATCAGTCATTCACTT,4.383622705321035
41408,0.6215317754720464,11__nan,PertCortex_11_GATCGATCAATTGCTG,1.8916633099512519
41409,0.4790345181948029,11__nan,PertCortex_11_GATCTAGCACCGATAT,2.398474498119438
41410,0.3814233984485805,11__nan,PertCortex_11_GATCTAGCACGAGAGT,2.3601239685001767
41411,0.2569735729134481,11__nan,PertCortex_11_GATGAAAAGCCCAACC,2.0300317271608628
41412,0.2756831524678056,11__nan,PertCortex_11_GATGAAATCACCTTAT,2.9860433956098897
41413,0.17387105484591067,11__nan,PertCortex_11_GATGAAATCGTCTGAA,4.762026926186325
41414,0.24577662578461681,11__nan,PertCortex_11_GATGAGGCAACTGGCC,3.0057441434142724
41415,0.04612147511465141,11__nan,PertCortex_11_GATGCTACATCTATGG,3.0329901782053286
41416,0.290997338763588,11__nan,PertCortex_11_GATGCTAGTCTCTTAT,2.6639914918770424
41417,0.10166980141642294,11__nan,PertCortex_11_GATGCTATCTACGAGT,4.34537249770925
41418,0.19986777055331403,11__nan,PertCortex_11_GCAAACTAGAGTAAGG,2.9471465131889407
41419,0.43984026775060386,11__nan,PertCortex_11_GCAAACTGTACTTAGC,2.321445599058812
41420,0.09628254069571592,11__nan,PertCortex_11_GCAAACTGTTTGCATG,3.804758878399507
41421,0.13388317813858813,11__nan,PertCortex_11_GCACTCTGTGTGAATA,2.7068137215942145
41422,0.18054219220631681,11__nan,PertCortex_11_GCACTCTTCTACGAGT,3.987067052397249
41423,0.08048788988580147,11__nan,PertCortex_11_GCAGCCATCAAAGACA,4.837741803096211
41424,0.4834811643617661,11__nan,PertCortex_11_GCAGTTACATGATCCA,2.024469453931954
41425,0.055002597307199655,11__nan,PertCortex_11_GCAGTTATCAATAAGG,4.595254934559408
41426,0.5574622746273453,11__nan,PertCortex_11_GCATACAGTTCGTTGA,2.251807346594792
41427,0.13615810419806662,11__nan,PertCortex_11_GCATGATGTTGGAGGT,3.6252467685487395
41428,0.21056307131338486,11__nan,PertCortex_11_GCATGATTCGGAAACG,3.342078680953689
41429,0.23828775948505118,11__nan,PertCortex_11_GCCAAATCATCGGTTA,3.129751507065749
41430,0.10722124542100324,11__nan,PertCortex_11_GCCAAATTCCGTAGTA,4.895175549385201
41431,0.15300482038765803,11__nan,PertCortex_11_GCGAGAACACATTCGA,3.286823885660675
41432,0.07246591310831234,11__nan,PertCortex_11_GCGCAACAGTAATCCC,3.8749175415563974
41433,0.13378318517184679,11__nan,PertCortex_11_GCGCAGTAGGGTTCCC,4.133533074253239
41434,0.5650958586511491,11__nan,PertCortex_11_GCGCAGTGTCGTTGTA,2.2094951182302855
41435,0.1470201531551915,11__nan,PertCortex_11_GCGGGTTAGGAATTAC,3.7738415981265936
41436,0.2036391725417291,11__nan,PertCortex_11_GCTCTGTAGATGCGAC,3.629729419599987
41437,0.08469589665957063,11__nan,PertCortex_11_GCTGCAGGTTATCCGA,2.5460506003900756
41438,0.10473145286057237,11__nan,PertCortex_11_GCTGCAGTCCAGATCA,4.449148465368032
41439,0.19804044337925789,11__nan,PertCortex_11_GCTGCGACAAAGGTGC,3.045663406207067
41440,0.24431090853479998,11__nan,PertCortex_11_GCTGCTTCAAGTCTAC,3.341374855612877
41441,0.5383481187215425,11__nan,PertCortex_11_GCTGCTTGTGCATCTA,2.3306701153686755
41442,0.14942189858439067,11__nan,PertCortex_11_GCTGGGTCATGGGACA,5.054606398649106
41443,0.32087941860868574,11__nan,PertCortex_11_GGAAAGCAGATGAGAG,2.715196629026269
41444,0.5067927215869695,11__nan,PertCortex_11_GGAACTTAGGCTAGCA,2.7361824521781073
41445,0.19101510123463553,11__nan,PertCortex_11_GGACAGACATTTCACT,4.918141685621972
41446,0.14134356904874842,11__nan,PertCortex_11_GGACATTCATGTTGAC,4.005146406183762
41447,0.20092593550067128,11__nan,PertCortex_11_GGACGTCCAGCATACT,3.659197154479535
41448,0.009913396058002582,11__nan,PertCortex_11_GGACGTCTCAGTTAGC,3.8504938535562205
41449,0.07747456746374087,11__nan,PertCortex_11_GGAGCAAGTTGATTCG,4.389183877984015
41450,0.18776729310809873,11__nan,PertCortex_11_GGATGTTAGCTGCCCA,3.509530831215109
41451,0.1210002849474922,11__nan,PertCortex_11_GGATGTTAGGCAGGTT,3.9014711486178877
41452,0.10997521650925304,11__nan,PertCortex_11_GGATGTTCAGGTGCCT,3.203879750955764
41453,0.18359873878311966,11__nan,PertCortex_11_GGATGTTGTCGAACAG,3.6435746697434057
41454,0.1126984659096745,11__nan,PertCortex_11_GGATTACCAGAGTGTG,3.6129181374247668
41455,0.07236931188144696,11__nan,PertCortex_11_GGCAATTGTAGCTGCC,3.874824435796364
41456,0.17145776523326253,11__nan,PertCortex_11_GGCCGATCATGCCCGA,2.702547642402841
41457,0.19746879005695656,11__nan,PertCortex_11_GGCGACTAGACGCAAC,5.186671099521835
41458,0.13245365414797391,11__nan,PertCortex_11_GGCGACTAGGGTGTTG,3.520876709855869
41459,0.20804538850213058,11__nan,PertCortex_11_GGCGTGTCAGGATTGG,2.924070252200219
41460,0.49245975708171835,11__nan,PertCortex_11_GGCGTGTCATTGTGCA,1.6399226877214939
41461,0.05980294013619135,11__nan,PertCortex_11_GGCGTGTTCCCGGATG,4.532993872927156
41462,0.3888242343062893,11__nan,PertCortex_11_GGCTCGAGTGCACGAA,2.455004134270787
41463,0.10299126556520279,11__nan,PertCortex_11_GGCTCGAGTTCGTGAT,3.4852995569234024
41464,0.09588640205451227,11__nan,PertCortex_11_GGCTGGTAGAGTACCG,3.180072792857536
41465,0.598311084915947,11__nan,PertCortex_11_GGCTGGTCAGTGGAGT,1.8942267428694792
41466,0.48797854440585003,11__nan,PertCortex_11_GGGACCTAGCTCAACT,2.302410156954369
41467,0.2151968707631295,11__nan,PertCortex_11_GGGACCTAGGAGTTTA,3.6108504479724473
41468,0.18710419949808016,11__nan,PertCortex_11_GGGACCTTCAAACAAG,3.4789863683739397
41469,0.4399787410394978,11__nan,PertCortex_11_GGGAGATTCTAACTTC,2.040894694822524
41470,0.13816544708752518,11__nan,PertCortex_11_GGGATGATCGGCATCG,5.381895132162419
41471,0.38230591292141264,11__nan,PertCortex_11_GGGCACTTCCCTTGCA,2.5982404802024734
41472,0.2719042328296207,11__nan,PertCortex_11_GGGCATCCAGTATGCT,3.108205512576086
41473,0.5233173460169062,11__nan,PertCortex_11_GGGCATCGTTCAGGCC,1.8759303130281677
41474,0.11277184968508332,11__nan,PertCortex_11_GGGTCTGCAACTGGCC,2.9944366419385826
41475,0.23287125171906092,11__nan,PertCortex_11_GGGTCTGCACATCCAA,3.151019893898927
41476,0.12955964740248116,11__nan,PertCortex_11_GGGTCTGTCTCGCATC,3.3619514763893847
41477,0.17695730748250219,11__nan,PertCortex_11_GGGTTGCAGGTAAACT,3.9245453465275215
41478,0.26158835898480065,11__nan,PertCortex_11_GGTATTGAGAAACCTA,2.1061885251195895
41479,0.27613314390406674,11__nan,PertCortex_11_GGTATTGTCCCTTGCA,3.7183872708974848
41480,0.2947186341064852,11__nan,PertCortex_11_GGTGTTAAGGTGACCA,2.6408189185983146
41481,0.2116207806214859,11__nan,PertCortex_11_GGTGTTATCACAATGC,3.3065477031620287
41482,0.11635417002823285,11__nan,PertCortex_11_GTAACGTCATGCGCAC,4.574017217573427
41483,0.3831369097427498,11__nan,PertCortex_11_GTACTCCGTTGAGTTC,2.32764648480067
41484,0.0955971982510161,11__nan,PertCortex_11_GTACTTTGTACCGCTG,3.3684841134416077
41485,0.16119352711394092,11__nan,PertCortex_11_GTAGGCCCACATCCGG,3.6174609906037247
41486,0.164586807035913,11__nan,PertCortex_11_GTATCTTAGGCCCTTG,2.6298684791759483
41487,0.09489381859634752,11__nan,PertCortex_11_GTATCTTCAAGTAATG,2.841643192411556
41488,0.20909399457165764,11__nan,PertCortex_11_GTATTCTTCCTGCCAT,3.3211462162618
41489,0.15820156102540123,11__nan,PertCortex_11_GTCAAGTAGGGTGTTG,3.02995625666254
41490,0.22286155797901172,11__nan,PertCortex_11_GTCAAGTTCCACGAAT,2.9825658940723243
41491,0.139538795124621,11__nan,PertCortex_11_GTCACAACAGTTTACG,3.562419350402435
41492,0.4397141480479792,11__nan,PertCortex_11_GTCACGGTCATCGCTC,2.2245596367090577
41493,0.1559608185561474,11__nan,PertCortex_11_GTCATTTTCACTATTC,5.001787183839093
41494,0.32664984648824985,11__nan,PertCortex_11_GTCATTTTCGGATGTT,4.0638499817258715
41495,0.454252055286544,11__nan,PertCortex_11_GTCGGGTAGATAGGAG,2.010609925847827
41496,0.172998537708383,11__nan,PertCortex_11_GTCGGGTTCGACGGAA,2.7830510343983255
41497,0.4239489024756429,11__nan,PertCortex_11_GTCGTAAAGTGAACGC,1.9596560319646688
41498,0.16270213902304756,11__nan,PertCortex_11_GTCTCGTGTCCGTGAC,3.699705310559173
41499,0.26251243966949533,11__nan,PertCortex_11_GTGAAGGTCAAAGACA,3.469511013262692
41500,0.21718531522890486,11__nan,PertCortex_11_GTGCTTCGTGTGAAAT,2.569058099221317
41501,0.1348189846947694,11__nan,PertCortex_11_GTGTGCGCACAGATTC,4.792183538417511
41502,0.10537104177377275,11__nan,PertCortex_11_GTGTTAGAGACTAAGT,3.2342317123441773
41503,0.12356592614039988,11__nan,PertCortex_11_GTGTTAGTCTCAAGTG,2.8018304648049757
41504,0.05798453343046896,11__nan,PertCortex_11_GTTAAGCCACGTAAGG,4.770508897763354
41505,0.5808748991877472,11__nan,PertCortex_11_GTTAAGCGTCATTAGC,2.0830259229120673
41506,0.6414115586962826,11__nan,PertCortex_11_GTTACAGGTCTTGCGG,2.015773495377475
41507,0.0860778236175457,11__nan,PertCortex_11_GTTACAGGTGCAGACA,5.496915488050155
41508,0.1753263129714483,11__nan,PertCortex_11_GTTACAGGTTCCACTC,3.285740774587429
41509,0.2349927930348587,11__nan,PertCortex_11_GTTCATTAGCGATATA,2.2899312347942424
41510,0.19817869831910245,11__nan,PertCortex_11_GTTCGGGCAAGTAGTA,3.75850490526634
41511,0.11523944428273766,11__nan,PertCortex_11_TAAACCGAGGCAATTA,3.9093571372691978
41512,0.14173223957761275,11__nan,PertCortex_11_TAAGCGTCAGCTGGCT,4.436454965476612
41513,0.24049437394354195,11__nan,PertCortex_11_TAAGTGCAGTTATCGC,4.851402331310284
41514,0.5632404429614437,11__nan,PertCortex_11_TACCTATAGAAGAAGC,1.9182719729418227
41515,0.13474365440238942,11__nan,PertCortex_11_TACCTATAGACTTTCG,4.898135658985628
41516,0.10830309227321121,11__nan,PertCortex_11_TACGGATCATCGGAAG,4.918121755923834
41517,0.570019892894168,11__nan,PertCortex_11_TACGGATGTGGCAAAC,1.7095830560094063
41518,0.18053069614675266,11__nan,PertCortex_11_TACGGGCCAAGGGTCA,3.398559896202421
41519,0.06862817974602467,11__nan,PertCortex_11_TACGGTAAGATCGATA,3.5132118864084942
41520,0.5200739914934327,11__nan,PertCortex_11_TACGGTAGTCAACATC,2.4025954952680406
41521,0.14872261332010075,11__nan,PertCortex_11_TACTCATAGTGGAGTC,2.783249344611288
41522,0.21030089034212354,11__nan,PertCortex_11_TACTCATTCACCGTAA,3.2403533987251483
41523,0.518310088025575,11__nan,PertCortex_11_TACTCGCAGGAATCGC,1.6966345297912904
41524,0.053540878883590076,11__nan,PertCortex_11_TACTCGCCATTCTTAC,3.900918729183887
41525,0.1275385010128251,11__nan,PertCortex_11_TACTCGCGTGTAACGG,4.938659559036881
41526,0.054273860122169795,11__nan,PertCortex_11_TACTTACAGAAGAAGC,3.8656780139475413
41527,0.2463519616133667,11__nan,PertCortex_11_TACTTACAGGACAGCT,2.519259731790133
41528,0.15510752004284847,11__nan,PertCortex_11_TACTTGTCATGGTCTA,5.847898164965587
41529,0.1766153591098073,11__nan,PertCortex_11_TACTTGTGTTGAGTTC,2.7938566898695893
41530,0.5866660334743699,11__nan,PertCortex_11_TAGAGCTAGTGGGTTG,1.426923440648854
41531,0.166368132872557,11__nan,PertCortex_11_TAGAGCTGTACTCAAC,3.677790797018566
41532,0.46284121322305116,11__nan,PertCortex_11_TAGAGCTGTCAAAGCG,1.9556338375530067
41533,0.10673656341663934,11__nan,PertCortex_11_TAGCCGGAGAGGTAGA,4.170106645551742
41534,0.12618706111066177,11__nan,PertCortex_11_TAGGCATCAGGAACGT,4.09714516263126
41535,0.12037294861943887,11__nan,PertCortex_11_TAGGCATGTTAAGATG,4.844761460564532
41536,0.391941026243675,11__nan,PertCortex_11_TAGTGGTCAGGAATGC,2.4125377031991477
41537,0.4544585715026441,11__nan,PertCortex_11_TAGTGGTGTCTAACGT,1.939061298553278
41538,0.3140350752353931,11__nan,PertCortex_11_TAGTTGGTCCGAGCCA,3.2244384120789995
41539,0.12724648099038224,11__nan,PertCortex_11_TATCAGGCACCAACCG,3.977822024533809
41540,0.1232957090263643,11__nan,PertCortex_11_TATCTCACAGCTTCGG,4.298315035338215
41541,0.4405791065369756,11__nan,PertCortex_11_TATCTCATCTTAGAGC,2.0615424894557166
41542,0.12340697931302572,11__nan,PertCortex_11_TATGCCCAGCGCCTCA,4.043486547508297
41543,0.09486784201556246,11__nan,PertCortex_11_TATGCCCGTAAGGGCT,5.012264517763124
41544,0.45724670190822364,11__nan,PertCortex_11_TCAACGACATGTCTCC,2.1052632859299694
41545,0.5631112093837232,11__nan,PertCortex_11_TCAATCTAGATCCGAG,2.0568652585662317
41546,0.16154364712660682,11__nan,PertCortex_11_TCAATCTCAGGATTGG,4.674352984205681
41547,0.07643437780211863,11__nan,PertCortex_11_TCAATCTGTCGAACAG,4.062131204749392
41548,0.503223914979632,11__nan,PertCortex_11_TCACAAGAGGGCATGT,2.0699756833597904
41549,0.10462789179133869,11__nan,PertCortex_11_TCACGAACAGGGATTG,4.370762581692832
41550,0.5784499058957017,11__nan,PertCortex_11_TCACGAATCTCTGAGA,2.4516426983647843
41551,0.37332694479523476,11__nan,PertCortex_11_TCATTACAGTAGGTGC,2.7262892677638555
41552,0.057955326063982224,11__nan,PertCortex_11_TCATTTGAGCGAAGGG,3.656039622431623
41553,0.5696390169781321,11__nan,PertCortex_11_TCATTTGAGGTTCCTA,2.167831831407081
41554,0.5784834005836691,11__nan,PertCortex_11_TCATTTGTCATAAAGG,1.5484759270924209
41555,0.416268215109949,11__nan,PertCortex_11_TCCCGATAGACCACGA,2.853206383364651
41556,0.11689674171509803,11__nan,PertCortex_11_TCGAGGCAGGCGACAT,4.397545667833441
41557,0.4493852872445208,11__nan,PertCortex_11_TCGCGAGAGCCCGAAA,2.4416181705751563
41558,0.2537649948610001,11__nan,PertCortex_11_TCGCGTTAGAGGTAGA,2.558215269781683
41559,0.5797108363962572,11__nan,PertCortex_11_TCGCGTTAGTGTCCCG,2.06425469828774
41560,0.15540907310236035,11__nan,PertCortex_11_TCGCGTTGTAGCGATG,3.0958711644839667
41561,0.6840838238671796,11__nan,PertCortex_11_TCGGGACAGGATTCGG,1.4480147685754257
41562,0.27966350026654424,11__nan,PertCortex_11_TCGGGACCATCCTTGC,2.5403014474703696
41563,0.5803975242842034,11__nan,PertCortex_11_TCGGGACGTTCGTTGA,1.6335703297258282
41564,0.40264894221163455,11__nan,PertCortex_11_TCGGTAAAGCCGTCGT,2.0882323806734644
41565,0.17155662251943177,11__nan,PertCortex_11_TCGGTAATCTCAAGTG,3.280108544846032
41566,0.5608736854667888,11__nan,PertCortex_11_TCGTACCGTGTTCTTT,1.8611773395537112
41567,0.10035905661419671,11__nan,PertCortex_11_TCGTACCGTTCCGTCT,4.049716930464223
41568,0.2643486086849461,11__nan,PertCortex_11_TCTCATAGTAGGAGTC,4.054402587560714
41569,0.09207962143343905,11__nan,PertCortex_11_TCTCTAACATGGGACA,4.060162411541611
41570,0.14944804251060645,11__nan,PertCortex_11_TCTGAGATCTTAGAGC,2.9597539739366177
41571,0.10386599841086076,11__nan,PertCortex_11_TCTGGAAAGCTAGGCA,3.8375958835313524
41572,0.025127908488736868,11__nan,PertCortex_11_TCTGGAAAGTGTACCT,4.597855517808483
41573,0.2087152068568622,11__nan,PertCortex_11_TCTGGAAGTTAGAACA,3.6751254539629388
41574,0.23325321864618997,11__nan,PertCortex_11_TCTGGAATCCCAGGTG,3.667817644364418
41575,0.09962481386649867,11__nan,PertCortex_11_TCTTCGGCAACAACCT,4.923053706902243
41576,0.12922833267274986,11__nan,PertCortex_11_TCTTTCCAGTGGCACA,4.1433688523379795
41577,0.30224285795722694,11__nan,PertCortex_11_TCTTTCCCAGATGGGT,2.4972658112677153
41578,0.29732145951744693,11__nan,PertCortex_11_TCTTTCCCAGGTTTCA,2.549936673618253
41579,0.13346753407335843,11__nan,PertCortex_11_TGAAAGAAGCTAACAA,2.495960619697179
41580,0.12781176598722593,11__nan,PertCortex_11_TGAAAGAAGTTAGGTA,4.242466007040748
41581,0.1839574281167955,11__nan,PertCortex_11_TGAAAGACACAGACTT,4.220737763315008
41582,0.2846777948935937,11__nan,PertCortex_11_TGACAACAGACACGAC,3.1695418875360297
41583,0.22456356685745046,11__nan,PertCortex_11_TGACAACAGCGTCTAT,3.245889151079519
41584,0.1177068890311722,11__nan,PertCortex_11_TGACAACGTAGCCTAT,4.721441690839618
41585,0.11697599700640952,11__nan,PertCortex_11_TGACAACGTCATGCCG,4.5542622414535145
41586,0.24614999995811737,11__nan,PertCortex_11_TGACTAGGTGTGCCTG,2.6639819379620677
41587,0.1378782546159376,11__nan,PertCortex_11_TGAGAGGAGCTGCCCA,3.8236265804673235
41588,0.09288708350743918,11__nan,PertCortex_11_TGATTTCCACATAACC,3.7388980187264034
41589,0.04922896647097662,11__nan,PertCortex_11_TGCACCTGTGAGGGAG,3.2907438077877886
41590,0.0894844309518129,11__nan,PertCortex_11_TGCACCTTCATGTAGC,3.824797583926006
41591,0.0972283915402799,11__nan,PertCortex_11_TGCCAAAGTCTCAACA,3.8149561680868884
41592,0.39497100768332216,11__nan,PertCortex_11_TGCCCATCATGACGGA,2.8093739476008404
41593,0.15083221356937795,11__nan,PertCortex_11_TGCCCATGTAGCGCAA,2.873013893905354
41594,0.18407196229441194,11__nan,PertCortex_11_TGCCCTATCCTTCAAT,3.5649385170857295
41595,0.11496484068171821,11__nan,PertCortex_11_TGCGCAGGTGAAGGCT,4.939302236890775
41596,0.19678596841382423,11__nan,PertCortex_11_TGCTACCCACATTAGC,3.415072567785429
41597,0.12852443490084306,11__nan,PertCortex_11_TGGACGCGTCCGAACC,4.755847551741192
41598,0.2689770039585125,11__nan,PertCortex_11_TGGACGCTCACGACTA,3.354104434200347
41599,0.26545360603389356,11__nan,PertCortex_11_TGGCCAGCAGGTTTCA,4.447157429176286
41600,0.5129457103786125,11__nan,PertCortex_11_TGGCCAGTCCTTTACA,1.6398070255756425
41601,0.25742936588126253,11__nan,PertCortex_11_TGGCGCACAAACTGTC,2.9508854083691194
41602,0.2425951650029422,11__nan,PertCortex_11_TGGGAAGAGGAGTCTG,4.258252256466928
41603,0.08796547373695195,11__nan,PertCortex_11_TGGTTAGTCCTTTACA,3.6664993356043665
41604,0.11250638039488406,11__nan,PertCortex_11_TGGTTAGTCTGTCTCG,3.692646336173499
41605,0.10600523298942603,11__nan,PertCortex_11_TGGTTCCCAGCTCCGA,2.694238427349822
41606,0.07412243252027606,11__nan,PertCortex_11_TGGTTCCCATGCGCAC,3.874650700645047
41607,0.14423764489654087,11__nan,PertCortex_11_TGTATTCAGCATCATC,4.731041178286224
41608,0.15411298357199582,11__nan,PertCortex_11_TGTGGTAAGGCCCGTT,4.291608075924612
41609,0.12013255003191355,11__nan,PertCortex_11_TGTGGTACACCATGTA,4.723854511919819
41610,0.09030838300267369,11__nan,PertCortex_11_TGTGGTATCACCCTCA,5.053446369738922
41611,0.1392541728533731,11__nan,PertCortex_11_TGTGTTTGTAATCACC,3.31645722484619
41612,0.561191771484623,11__nan,PertCortex_11_TGTGTTTGTGGTACAG,1.938247554447245
41613,0.2434513892795725,11__nan,PertCortex_11_TGTGTTTTCGCGTTTC,1.4569540988371217
41614,0.16706189882123468,11__nan,PertCortex_11_TTAGGACGTTCCGTCT,4.018096320852451
41615,0.3253241144743886,11__nan,PertCortex_11_TTAGGCACACTCGACG,2.096801249190098
41616,0.1382819910391668,11__nan,PertCortex_11_TTAGTTCCAAGCCGTC,3.8885356366489243
41617,0.14386710042813505,11__nan,PertCortex_11_TTAGTTCGTTCAACCA,4.361263701635092
41618,0.16902122563746647,11__nan,PertCortex_11_TTATGCTTCCACGACG,4.379090375847156
41619,0.22971987869985044,11__nan,PertCortex_11_TTCCCAGTCAGTACGT,3.5249257906426337
41620,0.3149818209027477,11__nan,PertCortex_11_TTCGAAGTCGAGGTAG,2.436757749012867
41621,0.536624713717471,11__nan,PertCortex_11_TTCGGTCAGACTCGGA,2.1241602836915354
41622,0.5627672167986123,11__nan,PertCortex_11_TTCTACAAGGAGCGTT,1.724254931063406
41623,0.05861559485871458,11__nan,PertCortex_11_TTCTACATCAGTTAGC,5.069720932857323
41624,0.22711801799364043,11__nan,PertCortex_11_TTCTCAAGTACTCTCC,5.205505535907058
41625,0.10415107591604673,11__nan,PertCortex_11_TTCTCCTCATAGTAAG,4.363132118275338
41626,0.4187350270504077,11__nan,PertCortex_11_TTCTTAGTCGAACTGT,3.1383819348868056
41627,0.17601939857067278,11__nan,PertCortex_11_TTGAACGGTGCTGTAT,3.9971851469972077
41628,0.3372028774277508,11__nan,PertCortex_11_TTGCGTCAGTACGTTC,2.1714420533508694
41629,0.1540131857843406,11__nan,PertCortex_11_TTGCGTCTCTATCCTA,4.703722843483236
41630,0.32804273410678,11__nan,PertCortex_11_TTGCGTCTCTTATCTG,2.1935395811353935
41631,0.14823608685814207,11__nan,PertCortex_11_TTGGAACCAGTCGTGC,2.6754664757827493
41632,0.432801789285851,11__nan,PertCortex_11_TTGTAGGAGGCGTACA,2.2519396965673932
41633,0.18721751989406105,11__nan,PertCortex_11_TTTACTGTCACAACGT,4.521309513796068
41634,0.1669528415620988,11__nan,PertCortex_11_TTTCCTCAGGCAATTA,3.7112932804156915
41635,0.06926838936796935,11__nan,PertCortex_11_TTTCCTCTCGCACTCT,3.3927013254578116
41636,0.14570108503170992,11__nan,PertCortex_11_TTTGCGCCAAGAAGAG,2.9339676095353866
41637,0.23103820598755756,11__nan,PertCortex_11_TTTGCGCTCATCTGTT,3.1213363445775584
41638,0.5931404282814522,11__nan,PertCortex_11_TTTGTCAAGCGCTTAT,1.5778388209655945
41639,0.21888282720131425,11__nan,PertCortex_11_TTTGTCACATCTGGTA,3.9031231263445845
41640,0.6073629918566944,12__nan,PertCortex_12_AAACCTGAGAAGGACA,1.7867824278463404
41641,0.037593624214534944,12__nan,PertCortex_12_AAACCTGAGCCAGTAG,4.529387462540897
41642,0.14206150040568813,12__nan,PertCortex_12_AAACCTGAGTCAATAG,3.6781683334121444
41643,0.5671035439335935,12__nan,PertCortex_12_AAACCTGCAAGAAGAG,2.2732593338974145
41644,0.45136459896096925,12__nan,PertCortex_12_AAACCTGGTATCACCA,2.1554232368671236
41645,0.16129993798562384,12__nan,PertCortex_12_AAACCTGTCGCGCCAA,2.2497268336678817
41646,0.21537761003579292,12__nan,PertCortex_12_AAAGATGGTCCGAAGA,3.599173771709882
41647,0.3504986932031138,12__nan,PertCortex_12_AAAGATGTCATCACCC,2.623312463261367
41648,0.02612571376613825,12__nan,PertCortex_12_AAAGCAAAGCAGATCG,2.9904071802408017
41649,0.5908254164723782,12__nan,PertCortex_12_AAAGCAACATTAGGCT,1.7092523962557908
41650,0.11094668021740621,12__nan,PertCortex_12_AAAGTAGTCCTACAGA,4.004086774681123
41651,0.11127462970041989,12__nan,PertCortex_12_AAATGCCTCCACTGGG,3.8127254981865235
41652,0.677739050433174,12__nan,PertCortex_12_AAATGCCTCGGAAACG,1.5635377288655294
41653,0.19279248627002782,12__nan,PertCortex_12_AACACGTTCAGTACGT,3.999688749205308
41654,0.11955097032464096,12__nan,PertCortex_12_AACACGTTCGTGGACC,4.225780658244935
41655,0.5612908789649604,12__nan,PertCortex_12_AACCATGCAGGTGGAT,2.355453102827696
41656,0.038320173004425716,12__nan,PertCortex_12_AACCATGGTAGCGTAG,4.869432641499948
41657,0.21503054641852362,12__nan,PertCortex_12_AACCGCGAGGTAAACT,2.87827445651867
41658,0.10690733170857147,12__nan,PertCortex_12_AACTCAGGTTAGATGA,4.2256897547539864
41659,0.1190323941381556,12__nan,PertCortex_12_AACTCCCAGACTCGGA,4.244608259949595
41660,0.25514215270626006,12__nan,PertCortex_12_AACTCCCAGGCTAGAC,2.896287902137725
41661,0.18148850088041252,12__nan,PertCortex_12_AACTCCCCAAGGTTCT,3.5624745867278036
41662,0.45210290602800646,12__nan,PertCortex_12_AACTCCCGTGAGTGAC,2.168445611845632
41663,0.14728267796588032,12__nan,PertCortex_12_AACTCCCTCAAGCCTA,4.805611832094728
41664,0.22076467074390851,12__nan,PertCortex_12_AACTCCCTCCACGTGG,3.118644876280163
41665,0.4947725777232524,12__nan,PertCortex_12_AACTCCCTCTTCGAGA,2.1532726972725746
41666,0.11446124578875737,12__nan,PertCortex_12_AACTCTTGTCGCGTGT,4.702509229591752
41667,0.2544869961095256,12__nan,PertCortex_12_AACTCTTTCTGCCAGG,2.9410745171778947
41668,0.6003244627168565,12__nan,PertCortex_12_AACTCTTTCTGCTGCT,2.019946194561838
41669,0.3192953070625321,12__nan,PertCortex_12_AACTGGTGTGTTGAGG,3.128191972304955
41670,0.02133097819408288,12__nan,PertCortex_12_AACTGGTTCAGGATCT,3.7253001304763913
41671,0.08304736497709936,12__nan,PertCortex_12_AACTTTCCAGTGGAGT,4.343241039780819
41672,0.15007159053247932,12__nan,PertCortex_12_AACTTTCCATGGTTGT,2.7722615032043696
41673,0.2494478339803877,12__nan,PertCortex_12_AACTTTCGTAAATACG,3.729257867896224
41674,0.10529634825278374,12__nan,PertCortex_12_AAGACCTAGGCTAGGT,3.1478731119002554
41675,0.19065825231782693,12__nan,PertCortex_12_AAGACCTCATACTCTT,1.9374016423854532
41676,0.15639397307421712,12__nan,PertCortex_12_AAGCCGCTCACTTCAT,3.247037636623478
41677,0.14868984101583452,12__nan,PertCortex_12_AAGGAGCCACCCATTC,4.401057399346838
41678,0.1791859919742565,12__nan,PertCortex_12_AAGGCAGCACTCAGGC,5.417748930351567
41679,0.07196198943683114,12__nan,PertCortex_12_AAGGCAGGTGTGCCTG,4.196397294425707
41680,0.1088962474118771,12__nan,PertCortex_12_AAGTCTGCAATGACCT,4.111309669367807
41681,0.1189960112001138,12__nan,PertCortex_12_AAGTCTGCACGGTAGA,4.47161226783795
41682,0.3761475263633184,12__nan,PertCortex_12_AATCGGTTCTATCGCC,1.4941772233003767
41683,0.10505527543697049,12__nan,PertCortex_12_ACACCAACAAAGCAAT,4.4625366325992815
41684,0.09058960386098805,12__nan,PertCortex_12_ACACCAATCCGGCACA,4.47154934000253
41685,0.11197835290915518,12__nan,PertCortex_12_ACACCCTAGTAAGTAC,4.635536553384544
41686,0.22675810512667405,12__nan,PertCortex_12_ACACCCTCAGACAGGT,2.8456226250768184
41687,0.13987719413893868,12__nan,PertCortex_12_ACACCGGAGGGATGGG,5.087429640878427
41688,0.2170380744533037,12__nan,PertCortex_12_ACACTGACATATACGC,4.978090428421144
41689,0.5777639742875602,12__nan,PertCortex_12_ACAGCCGTCATTTGGG,1.9315392306966481
41690,0.6136845401307017,12__nan,PertCortex_12_ACAGCTATCTTAGAGC,1.9735914518180528
41691,0.258136210752843,12__nan,PertCortex_12_ACATACGGTCAGATAA,2.9616510226280175
41692,0.22382929386232484,12__nan,PertCortex_12_ACATCAGCAACTTGAC,3.921573139535818
41693,0.13488353784004198,12__nan,PertCortex_12_ACATCAGCAGGACGTA,3.2570417542901744
41694,0.1512938725623742,12__nan,PertCortex_12_ACCAGTAGTATGGTTC,4.438331621278541
41695,0.059442781592507536,12__nan,PertCortex_12_ACCAGTAGTTCTCATT,1.9343869168328829
41696,0.48112186531774537,12__nan,PertCortex_12_ACCCACTGTGATGTGG,2.310661635536954
41697,0.10368983680438455,12__nan,PertCortex_12_ACCCACTTCCCTGACT,3.9001152666130046
41698,0.4220798658832781,12__nan,PertCortex_12_ACCGTAACACAGTCGC,2.187887850144464
41699,0.0842247253060195,12__nan,PertCortex_12_ACCTTTAAGGCTAGAC,3.4449258067028565
41700,0.2810837757727168,12__nan,PertCortex_12_ACGAGCCAGAGAGCTC,2.0722059922031133
41701,0.15860152623973964,12__nan,PertCortex_12_ACGAGCCGTCTCTTAT,2.944549192774609
41702,0.1090189101716466,12__nan,PertCortex_12_ACGAGCCGTTATGCGT,3.585150317234445
41703,0.19736421259519704,12__nan,PertCortex_12_ACGAGCCTCCAAGTAC,3.7165714429200167
41704,0.07186659869425148,12__nan,PertCortex_12_ACGATGTAGTTGTCGT,3.5259942732323504
41705,0.055060710967788785,12__nan,PertCortex_12_ACGCAGCCATTCCTCG,3.5658908439542785
41706,0.10385159151018619,12__nan,PertCortex_12_ACGCAGCTCCTCTAGC,3.6237834563833013
41707,0.12301631529392458,12__nan,PertCortex_12_ACGCCAGCAGACACTT,3.640293115163302
41708,0.08921615446908451,12__nan,PertCortex_12_ACGCCAGCAGGCTCAC,3.9671441632440327
41709,0.020063534365632577,12__nan,PertCortex_12_ACGCCGAGTGAGGCTA,3.283856932839083
41710,0.0919356302207232,12__nan,PertCortex_12_ACGGAGAAGTGAAGTT,4.103334504233933
41711,0.5374146702667981,12__nan,PertCortex_12_ACGGAGACAGGAATGC,2.653100989167853
41712,0.15099600855209144,12__nan,PertCortex_12_ACGGAGATCTAGAGTC,2.8387088660804443
41713,0.14937681760208182,12__nan,PertCortex_12_ACGGCCATCAAAGACA,3.738049919430214
41714,0.12473900792069542,12__nan,PertCortex_12_ACGGGCTAGGAATTAC,3.5435904988085767
41715,0.11043593322860475,12__nan,PertCortex_12_ACGGGCTGTTCGGCAC,3.7381545224872026
41716,0.11282630774540706,12__nan,PertCortex_12_ACGGGTCAGAATGTGT,3.4371071982498296
41717,0.06453078433488056,12__nan,PertCortex_12_ACGGGTCGTCTCCACT,3.316843508795781
41718,0.10607745665489865,12__nan,PertCortex_12_ACGGGTCGTTCCCGAG,4.415512453684234
41719,0.5099176428864287,12__nan,PertCortex_12_ACGGGTCTCATGTCCC,1.9447165384001497
41720,0.18351895932189657,12__nan,PertCortex_12_ACGGGTCTCCAAACTG,4.991868615884201
41721,0.1213667967896159,12__nan,PertCortex_12_ACGTCAAGTATAATGG,3.5774085945178067
41722,0.04537359537384675,12__nan,PertCortex_12_ACTATCTGTTGATTCG,3.8367102114967304
41723,0.2143945041655881,12__nan,PertCortex_12_ACTATCTTCCCTCTTT,4.61906076548039
41724,0.26547925273146394,12__nan,PertCortex_12_ACTGAACAGTTAACGA,2.932916603172235
41725,0.17287892484457634,12__nan,PertCortex_12_ACTGAACGTACCGTAT,4.1546020532654175
41726,0.21715327640872137,12__nan,PertCortex_12_ACTGAGTAGGGAGTAA,3.708364418559811
41727,0.18065188288617848,12__nan,PertCortex_12_ACTGAGTTCGTCTGCT,2.813527598814816
41728,0.26208512541549084,12__nan,PertCortex_12_ACTGAGTTCTGAAAGA,2.574769471939145
41729,0.0733546034834587,12__nan,PertCortex_12_ACTGATGCATGCTAGT,4.093105200010569
41730,0.1818359091524739,12__nan,PertCortex_12_ACTGATGTCAGGTTCA,4.2455485422820765
41731,0.09760435750115136,12__nan,PertCortex_12_ACTGCTCAGACTTTCG,4.14785055671092
41732,0.08239626923115048,12__nan,PertCortex_12_ACTGTCCCAGGTGGAT,4.732450943064403
41733,0.20154761996989587,12__nan,PertCortex_12_ACTGTCCCATGGTCAT,3.840101767346219
41734,0.3176987679171016,12__nan,PertCortex_12_ACTGTCCGTTGGAGGT,1.7642349794385537
41735,0.07279247144785611,12__nan,PertCortex_12_ACTGTCCTCGAATGCT,2.943173300392613
41736,0.5921084034623613,12__nan,PertCortex_12_ACTGTCCTCGCCGTGA,1.9028443602749858
41737,0.4163233167585119,12__nan,PertCortex_12_ACTTACTCAATAGCGG,2.170025034035132
41738,0.3691557843120233,12__nan,PertCortex_12_ACTTACTTCATCGATG,2.4054616404587046
41739,0.4273779753234424,12__nan,PertCortex_12_ACTTACTTCGTACCGG,2.2176636461375647
41740,0.09494956406335872,12__nan,PertCortex_12_ACTTGTTCAGGACCCT,3.6237419243455293
41741,0.6154772316434842,12__nan,PertCortex_12_ACTTGTTCATAGAAAC,2.0638057261683134
41742,0.28010733705682445,12__nan,PertCortex_12_ACTTTCATCAGGCGAA,2.7851624833960904
41743,0.14183434950130014,12__nan,PertCortex_12_ACTTTCATCGGCTACG,3.451453665968873
41744,0.2876618688543489,12__nan,PertCortex_12_AGAGCGAAGAGCAATT,2.594797340276272
41745,0.08592664909257736,12__nan,PertCortex_12_AGAGCGAAGCGTTTAC,3.936777464627122
41746,0.14052262030446086,12__nan,PertCortex_12_AGAGCGAGTAATAGCA,3.8035774453494784
41747,0.08793095307177698,12__nan,PertCortex_12_AGAGCTTGTTTGACAC,3.374848724010276
41748,0.09767440414208321,12__nan,PertCortex_12_AGAGTGGAGCTGGAAC,4.012815064575901
41749,0.06293252505136919,12__nan,PertCortex_12_AGATTGCTCAAACCGT,3.9236272425508183
41750,0.22667031315633493,12__nan,PertCortex_12_AGCAGCCCACATGGGA,4.179704218166687
41751,0.3793514275721046,12__nan,PertCortex_12_AGCAGCCTCCACTCCA,2.253251184315318
41752,0.5552303927755523,12__nan,PertCortex_12_AGCAGCCTCTTAGAGC,2.1502028647902716
41753,0.41567333787340843,12__nan,PertCortex_12_AGCATACGTAGCAAAT,3.3946825975906214
41754,0.4179503334607992,12__nan,PertCortex_12_AGCATACGTTCCGTCT,2.8899217984070713
41755,0.2031877524580159,12__nan,PertCortex_12_AGCATACTCGCCCTTA,3.4755077605921643
41756,0.202606061446795,12__nan,PertCortex_12_AGCGGTCAGGTTCCTA,2.8409961842658107
41757,0.11339372011038151,12__nan,PertCortex_12_AGCGTATAGACCTAGG,5.6637176526443165
41758,0.18298229127209004,12__nan,PertCortex_12_AGCGTATGTAAGGGCT,3.6256111388795946
41759,0.14920632307890114,12__nan,PertCortex_12_AGCGTATGTACTTGAC,4.618078628624664
41760,0.07373821553658536,12__nan,PertCortex_12_AGCGTATTCGCATGGC,3.7803853285179057
41761,0.2325538203936949,12__nan,PertCortex_12_AGCGTCGAGTGAAGAG,3.340104139891354
41762,0.48945030245267496,12__nan,PertCortex_12_AGCGTCGCAATCCAAC,1.9673025956403098
41763,0.2294652156976702,12__nan,PertCortex_12_AGCGTCGCACAGCGTC,2.4948021985403614
41764,0.28307926938506844,12__nan,PertCortex_12_AGCGTCGCAGCCACCA,4.608573950307898
41765,0.11503081477016515,12__nan,PertCortex_12_AGCGTCGGTTTCGCTC,1.5645128996359106
41766,0.44007999077117244,12__nan,PertCortex_12_AGCTCCTAGTAATCCC,2.2715201246309418
41767,0.19157594082227505,12__nan,PertCortex_12_AGCTCTCCAAGTCATC,2.7117278739893163
41768,0.0915853513956879,12__nan,PertCortex_12_AGCTTGACAGTGACAG,4.419842314176445
41769,0.27273025996024547,12__nan,PertCortex_12_AGGCCACGTTCGTGAT,2.517563513775871
41770,0.4154414282171323,12__nan,PertCortex_12_AGGCCGTAGACAATAC,1.715674763585787
41771,0.6759231410184977,12__nan,PertCortex_12_AGGGATGGTGACTACT,1.6794158828949621
41772,0.09748957172292953,12__nan,PertCortex_12_AGGGTGAGTACCGCTG,4.2341863635621175
41773,0.3881157341195945,12__nan,PertCortex_12_AGGTCATCAAGTTGTC,2.0623051440615563
41774,0.16923081843759952,12__nan,PertCortex_12_AGGTCCGGTCTAGCGC,3.1264301782656827
41775,0.16990263735554997,12__nan,PertCortex_12_AGTAGTCCAGGGCATA,2.724341266960529
41776,0.05198426331289849,12__nan,PertCortex_12_AGTAGTCGTCCGTTAA,3.3001080760591934
41777,0.08037129586834119,12__nan,PertCortex_12_AGTCTTTGTTCCAACA,3.389634338701396
41778,0.2856492764272706,12__nan,PertCortex_12_AGTGAGGAGCTACCGC,1.5550076175743135
41779,0.4363144103903502,12__nan,PertCortex_12_AGTGTCACAGTAGAGC,1.4319045477272858
41780,0.017991707493558797,12__nan,PertCortex_12_ATAACGCTCAATACCG,4.25640883675828
41781,0.5149934423773905,12__nan,PertCortex_12_ATAAGAGAGGGCTTGA,2.489283135593653
41782,0.09306506763238212,12__nan,PertCortex_12_ATAAGAGTCTGGTTCC,3.125961171759599
41783,0.05406278783171879,12__nan,PertCortex_12_ATAGACCGTACGACCC,4.048624917808373
41784,0.061152135572719465,12__nan,PertCortex_12_ATAGACCGTACTCTCC,5.120455763203212
41785,0.09891478336532343,12__nan,PertCortex_12_ATCACGAAGGATTCGG,4.152042280715473
41786,0.15765381952098043,12__nan,PertCortex_12_ATCACGAAGTACGTTC,3.586054339109316
41787,0.35395427074451935,12__nan,PertCortex_12_ATCACGACACATCTTT,1.4738655722469416
41788,0.07888190902788109,12__nan,PertCortex_12_ATCACGAGTCTAGCCG,3.6145029403582756
41789,0.07294420825977341,12__nan,PertCortex_12_ATCACGATCCTATGTT,3.782479959893889
41790,0.6304259038514809,12__nan,PertCortex_12_ATCACGATCTTAGAGC,1.9492883438849182
41791,0.07730163276254937,12__nan,PertCortex_12_ATCATCTAGACTGTAA,4.708107581525612
41792,0.33238591067274253,12__nan,PertCortex_12_ATCATCTAGATAGGAG,2.363605297109769
41793,0.6307087858621537,12__nan,PertCortex_12_ATCATCTAGCTCAACT,1.8366038015774906
41794,0.14031867711385984,12__nan,PertCortex_12_ATCATCTAGTACGTTC,4.04312050954288
41795,0.36392571376094873,12__nan,PertCortex_12_ATCATCTCAAGCCGCT,1.243644100535253
41796,0.112120692901915,12__nan,PertCortex_12_ATCATCTTCGCCATAA,4.256348394436299
41797,0.10088989220539028,12__nan,PertCortex_12_ATCATGGCACATCTTT,4.067788214399657
41798,0.10897279502856846,12__nan,PertCortex_12_ATCATGGCAGCATGAG,4.466899703457011
41799,0.2365212757429807,12__nan,PertCortex_12_ATCCACCAGGCTAGAC,3.2638455605232366
41800,0.11301766076016363,12__nan,PertCortex_12_ATCCACCAGTGTACCT,4.079569778544003
41801,0.15176636157935675,12__nan,PertCortex_12_ATCCACCTCCTATGTT,2.4521820880418024
41802,0.1529707051050559,12__nan,PertCortex_12_ATCCGAAAGTATCGAA,3.7260425079178123
41803,0.07480908110515906,12__nan,PertCortex_12_ATCCGAATCAGGTAAA,3.181959987579987
41804,0.430346768897274,12__nan,PertCortex_12_ATCCGAATCTCTGCTG,2.307701607516282
41805,0.3350267940354738,12__nan,PertCortex_12_ATCGAGTAGTCCATAC,3.3286522445187243
41806,0.6175160173067156,12__nan,PertCortex_12_ATCGAGTCACGAAGCA,1.523284666357351
41807,0.12932939601441582,12__nan,PertCortex_12_ATCGAGTTCAATCTCT,3.8448975786048587
41808,0.11238776054058024,12__nan,PertCortex_12_ATCGAGTTCAGCCTAA,4.575773766779206
41809,0.1502037901920553,12__nan,PertCortex_12_ATCGAGTTCGTATCAG,3.18359245785166
41810,0.09078249012677397,12__nan,PertCortex_12_ATCGAGTTCTCCAGGG,4.706039264978818
41811,0.48141788508608646,12__nan,PertCortex_12_ATCTACTGTGCAGACA,2.06077907199784
41812,0.13883612526298827,12__nan,PertCortex_12_ATCTGCCGTTCGAATC,4.560335324100917
41813,0.2009883661662527,12__nan,PertCortex_12_ATCTGCCGTTCGGCAC,1.8851441074015571
41814,0.15631000180459817,12__nan,PertCortex_12_ATGAGGGAGCCCAATT,3.977107833723637
41815,0.024526840745313173,12__nan,PertCortex_12_ATGCGATAGACTAGGC,4.849126568414626
41816,0.5269408576192326,12__nan,PertCortex_12_ATGCGATAGGATGTAT,2.662719210309936
41817,0.46374495110262426,12__nan,PertCortex_12_ATGGGAGGTTCCACGG,2.0165525004811498
41818,0.09262920685499156,12__nan,PertCortex_12_ATGTGTGAGGGAACGG,3.9728626366796074
41819,0.24064825756604497,12__nan,PertCortex_12_ATGTGTGCAGGAATCG,2.511340435259565
41820,0.30185161925582343,12__nan,PertCortex_12_ATTACTCCACGAAACG,3.6490895110318085
41821,0.19557364571253288,12__nan,PertCortex_12_ATTATCCCACCAGGTC,3.066410950717409
41822,0.532567264329584,12__nan,PertCortex_12_ATTCTACGTACGCTGC,2.239482890633535
41823,0.12615451548664264,12__nan,PertCortex_12_ATTCTACTCGGCTACG,4.4776716521996205
41824,0.2789230341955222,12__nan,PertCortex_12_ATTGGTGCATATGCTG,4.001420176882569
41825,0.09393525797149026,12__nan,PertCortex_12_ATTTCTGAGCACAGGT,5.10316804894951
41826,0.07869499593353724,12__nan,PertCortex_12_CAACCAAAGTAAGTAC,2.2289354684468647
41827,0.18425816156820932,12__nan,PertCortex_12_CAACCTCCAGGTGCCT,3.4404442342609363
41828,0.1842173793885006,12__nan,PertCortex_12_CAACCTCTCCACGTTC,4.466298201525581
41829,0.21527689286222437,12__nan,PertCortex_12_CAACTAGAGGCCATAG,3.2909248977254113
41830,0.17693939088729235,12__nan,PertCortex_12_CAAGAAAGTACTCAAC,2.397957177548426
41831,0.006585866356375089,12__nan,PertCortex_12_CAAGATCAGACGCAAC,4.488556385486885
41832,0.12011115839568438,12__nan,PertCortex_12_CAAGATCGTCCGAATT,3.644002550586534
41833,0.18582168381577518,12__nan,PertCortex_12_CAAGATCTCTAACTTC,2.732270404109362
41834,0.07826242372503069,12__nan,PertCortex_12_CAAGGCCCATTGTGCA,3.8481025410018255
41835,0.18060746568625147,12__nan,PertCortex_12_CAAGGCCTCTTGCCGT,2.680423268145233
41836,0.5906403851358109,12__nan,PertCortex_12_CAAGTTGTCTCCGGTT,1.9286839468853432
41837,0.16439585635722997,12__nan,PertCortex_12_CACAAACAGCTAGTTC,3.443482773859625
41838,0.16169879705562137,12__nan,PertCortex_12_CACAAACAGTGGGATC,3.415168912506066
41839,0.12954797481428207,12__nan,PertCortex_12_CACAAACGTCACACGC,5.044834106489252
41840,0.04764839150388662,12__nan,PertCortex_12_CACAAACGTTGTCGCG,3.674730821553759
41841,0.12324357896991486,12__nan,PertCortex_12_CACAAACTCTGATTCT,3.2588799668341135
41842,0.020117835978315318,12__nan,PertCortex_12_CACACAACAAACCCAT,4.102401033940354
41843,0.11262289496479627,12__nan,PertCortex_12_CACACCTCACTGTCGG,3.7788032206206217
41844,0.17902876778133928,12__nan,PertCortex_12_CACAGGCAGAGTGAGA,2.9038968942776617
41845,0.06186333723067248,12__nan,PertCortex_12_CACAGGCAGGCATGTG,3.0880488870285085
41846,0.47619729029656477,12__nan,PertCortex_12_CACAGGCCACCTTGTC,2.2746231719938788
41847,0.06455897124117345,12__nan,PertCortex_12_CACAGTATCACGAAGG,4.2398131574368465
41848,0.19401904299403125,12__nan,PertCortex_12_CACATAGCAGGGTTAG,2.9075100563504965
41849,0.2574164970742461,12__nan,PertCortex_12_CACATTTAGCTCCTCT,2.1571334115159972
41850,0.15097022923488568,12__nan,PertCortex_12_CACATTTCAGATCTGT,4.138503655810562
41851,0.06824928668460234,12__nan,PertCortex_12_CACATTTCATGCTGGC,4.071022720721005
41852,0.07797495366793664,12__nan,PertCortex_12_CACATTTTCCACGAAT,4.502931249797219
41853,0.05817619419423368,12__nan,PertCortex_12_CACATTTTCGAGAGCA,3.708306258422007
41854,0.12292501211969868,12__nan,PertCortex_12_CACCACTAGAGCTGGT,5.05355273710973
41855,0.21320162084482724,12__nan,PertCortex_12_CACCACTGTCTCTTAT,3.3766059162628426
41856,0.12510468793503843,12__nan,PertCortex_12_CACCACTTCTCAAGTG,4.187088175240846
41857,0.23974263201890933,12__nan,PertCortex_12_CACCAGGGTTGTTTGG,4.06501649586453
41858,0.13350470739660916,12__nan,PertCortex_12_CACCAGGTCCATGAGT,4.119736526779497
41859,0.1871570282804567,12__nan,PertCortex_12_CACCAGGTCCTACAGA,4.693663878754015
41860,0.12408441501859227,12__nan,PertCortex_12_CACCTTGAGACTAAGT,4.52003701869298
41861,0.1488185115748744,12__nan,PertCortex_12_CACCTTGAGCACCGTC,2.8028374309063175
41862,0.2309206536075461,12__nan,PertCortex_12_CACCTTGTCCGATATG,2.6294735981067334
41863,0.14786290187183582,12__nan,PertCortex_12_CACTCCAAGAGGTAGA,4.327127621173353
41864,0.028965525933562473,12__nan,PertCortex_12_CACTCCAAGGTACTCT,3.1917900007507742
41865,0.15872528779385825,12__nan,PertCortex_12_CACTCCATCAAGGCTT,4.646678138495754
41866,0.10390158233356185,12__nan,PertCortex_12_CAGAATCCAATAGCAA,3.5392999876066558
41867,0.28718844186606096,12__nan,PertCortex_12_CAGAATCCATGACATC,2.5881988005987924
41868,0.13345013927583713,12__nan,PertCortex_12_CAGAGAGTCAAGGCTT,3.7223269586358385
41869,0.08061241351828963,12__nan,PertCortex_12_CAGCAGCAGGAGTACC,2.923528586506055
41870,0.25786932090788867,12__nan,PertCortex_12_CAGCAGCAGTGGTAGC,2.5700068214536858
41871,0.25762315478444403,12__nan,PertCortex_12_CAGCAGCGTAGGCATG,2.6775537135827654
41872,0.045785859896936086,12__nan,PertCortex_12_CAGCAGCTCAATAAGG,3.6258779181795613
41873,0.03401946271441934,12__nan,PertCortex_12_CAGCATAAGACATAAC,4.609511582927089
41874,0.10117884353158535,12__nan,PertCortex_12_CAGCATAAGGCATGGT,3.8547156750103304
41875,0.1292524357198803,12__nan,PertCortex_12_CAGCATAGTGCATCTA,4.298460228062158
41876,0.24037960274455664,12__nan,PertCortex_12_CAGCCGAAGCAGATCG,3.3364930551841327
41877,0.2727905372896802,12__nan,PertCortex_12_CAGCCGAAGTCGAGTG,1.6813196983869605
41878,0.5253553202025036,12__nan,PertCortex_12_CAGCCGACAGACGTAG,1.7934010160654932
41879,0.10976492273252848,12__nan,PertCortex_12_CAGCCGATCATGCTCC,3.0697515179300354
41880,0.17636998062955578,12__nan,PertCortex_12_CAGCGACCACTTGGAT,4.7253529667116645
41881,0.4315645228262888,12__nan,PertCortex_12_CAGCGACTCGTGGTCG,2.1200874953502145
41882,0.20790274623028362,12__nan,PertCortex_12_CAGCTAACAGCCAGAA,2.518890032372953
41883,0.5769683808408351,12__nan,PertCortex_12_CAGCTAAGTCACTTCC,2.0979980104976867
41884,0.2112012265628728,12__nan,PertCortex_12_CAGCTAAGTTTAAGCC,3.0957748200869757
41885,0.13720107354145278,12__nan,PertCortex_12_CAGGTGCGTACTTAGC,4.440996964056508
41886,0.1509628084315071,12__nan,PertCortex_12_CAGTAACCAAGGTGTG,3.5435224742587623
41887,0.15861436528777823,12__nan,PertCortex_12_CAGTAACCACGTAAGG,5.069648769336472
41888,0.185260573839634,12__nan,PertCortex_12_CAGTCCTCATCACAAC,3.1376465964476132
41889,0.18543149704727932,12__nan,PertCortex_12_CAGTCCTGTAGAAGGA,3.1061139690552118
41890,0.18130691397600288,12__nan,PertCortex_12_CATATGGCACGAAAGC,4.172705113780062
41891,0.11061679784526873,12__nan,PertCortex_12_CATATGGTCACGAAGG,3.878535121210625
41892,0.18352511757417297,12__nan,PertCortex_12_CATATTCAGAAACCAT,3.0972629980483415
41893,0.12963217249787856,12__nan,PertCortex_12_CATATTCCAGCTGCAC,2.8508719817328405
41894,0.09191666413802292,12__nan,PertCortex_12_CATCAAGGTTACGGAG,4.114955464664392
41895,0.5515388478005266,12__nan,PertCortex_12_CATCAAGTCGCCATAA,2.144835744911652
41896,0.5408478092958185,12__nan,PertCortex_12_CATCAAGTCGGTTAAC,1.659060016723951
41897,0.09146770985908349,12__nan,PertCortex_12_CATCAAGTCTACTTAC,4.161498893529117
41898,0.2459414423651911,12__nan,PertCortex_12_CATCAGACAAGTACCT,3.152419230039498
41899,0.35846255827216295,12__nan,PertCortex_12_CATCAGATCACGAAGG,2.368319248976015
41900,0.10930529724776337,12__nan,PertCortex_12_CATCCACGTGACTACT,3.3146726007164227
41901,0.34542941312602676,12__nan,PertCortex_12_CATCGAAGTGATGATA,2.3438438940187845
41902,0.22675567756845458,12__nan,PertCortex_12_CATCGAATCGACAGCC,2.192498071838277
41903,0.28062759518765334,12__nan,PertCortex_12_CATGACAAGGGAAACA,2.2587209661321266
41904,0.14408696138371094,12__nan,PertCortex_12_CATGACATCAAACAAG,3.9087516150374415
41905,0.5390205883353891,12__nan,PertCortex_12_CATGACATCCAGAAGG,2.2969562394382446
41906,0.13116830859305284,12__nan,PertCortex_12_CATGCCTAGAGGTTAT,4.288554574477336
41907,0.3799510070582789,12__nan,PertCortex_12_CATGCCTCAAAGTCAA,2.460512189907236
41908,0.24233698242992788,12__nan,PertCortex_12_CATGCCTGTAATCACC,4.004926533421534
41909,0.2358323055017438,12__nan,PertCortex_12_CATGCCTTCCCTCAGT,4.04515692866425
41910,0.2533140278247325,12__nan,PertCortex_12_CATGGCGCATCAGTAC,3.795155613994833
41911,0.07503382468775863,12__nan,PertCortex_12_CATGGCGCATTGTGCA,1.8336828695040368
41912,0.23036732762960896,12__nan,PertCortex_12_CATTATCCATCGGGTC,2.6522197824850644
41913,0.5323753370283439,12__nan,PertCortex_12_CATTCGCAGATGGCGT,2.0967320191101115
41914,0.24478623417333803,12__nan,PertCortex_12_CATTCGCAGGGTGTTG,3.645940912325098
41915,0.049992195747596696,12__nan,PertCortex_12_CATTCGCCAGTATGCT,3.6019017067392323
41916,0.10501217719380901,12__nan,PertCortex_12_CCAATCCAGCAGGTCA,4.566432824115403
41917,0.3570548465600876,12__nan,PertCortex_12_CCAATCCTCGGATGGA,3.2097263483929357
41918,0.10967615687012333,12__nan,PertCortex_12_CCACCTAGTCTTCGTC,3.0261564855790377
41919,0.08113176464578246,12__nan,PertCortex_12_CCACGGACAATGTAAG,3.3009818534895254
41920,0.08276855655939241,12__nan,PertCortex_12_CCACGGACAGCTCCGA,4.710339303164052
41921,0.5985415381204425,12__nan,PertCortex_12_CCACGGAGTTCACGGC,1.9859290493719364
41922,0.08800104983311584,12__nan,PertCortex_12_CCACTACAGGGTCTCC,4.037989761003243
41923,0.1304506227977915,12__nan,PertCortex_12_CCACTACCACAGTCGC,3.8547815696063465
41924,0.594353373635626,12__nan,PertCortex_12_CCACTACTCCCAAGAT,1.9307880396557753
41925,0.23046104265509357,12__nan,PertCortex_12_CCAGCGACAGTGACAG,2.7258200709077083
41926,0.10614871025101168,12__nan,PertCortex_12_CCATGTCAGATTACCC,3.1980571384640384
41927,0.08625742810180473,12__nan,PertCortex_12_CCATGTCCACGAAGCA,3.663551734169484
41928,0.110979107643282,12__nan,PertCortex_12_CCATGTCGTACTCGCG,3.8277179066686986
41929,0.07609867325848381,12__nan,PertCortex_12_CCATGTCGTAGAGCTG,4.0590285709102885
41930,0.19136156562184362,12__nan,PertCortex_12_CCATGTCGTAGGAGTC,3.2885473039562045
41931,0.13961201610048488,12__nan,PertCortex_12_CCATTCGGTTACGGAG,4.58607776750948
41932,0.1314291089207179,12__nan,PertCortex_12_CCCAATCAGTGTACTC,3.920030339179737
41933,0.07474273459436759,12__nan,PertCortex_12_CCCAATCGTCCCTTGT,4.021249085541111
41934,0.5783159821360951,12__nan,PertCortex_12_CCCAATCTCGGAAATA,2.2470143045384767
41935,0.2703555268641526,12__nan,PertCortex_12_CCCAGTTAGCCGGTAA,2.0636480259928547
41936,0.4141343485366887,12__nan,PertCortex_12_CCCAGTTAGTGGTAGC,2.3100587071526024
41937,0.05430977927089505,12__nan,PertCortex_12_CCCAGTTCAAAGTGCG,3.749437229219553
41938,0.295279469166937,12__nan,PertCortex_12_CCCAGTTTCTCGGACG,2.992730023242229
41939,0.4968153994887689,12__nan,PertCortex_12_CCCATACAGATGCCAG,2.4487860620222155
41940,0.5047384188118533,12__nan,PertCortex_12_CCCTCCTTCATGTAGC,1.8058397884036825
41941,0.3786716619618888,12__nan,PertCortex_12_CCGGGATCAAGGCTCC,2.6485738604987845
41942,0.09157684083463664,12__nan,PertCortex_12_CCGGGATGTTACGCGC,3.809404219759607
41943,0.215752985884303,12__nan,PertCortex_12_CCGGGATTCTGTCTAT,2.339268590752373
41944,0.18593661088200938,12__nan,PertCortex_12_CCGGTAGAGTCGTACT,2.887256890065387
41945,0.18105226164776755,12__nan,PertCortex_12_CCGGTAGCATTCGACA,2.2484895544836125
41946,0.10165317513809552,12__nan,PertCortex_12_CCGGTAGGTCAACTGT,3.9394210561409437
41947,0.1380353319240643,12__nan,PertCortex_12_CCGGTAGGTCTTTCAT,3.398217700235326
41948,-0.0023932202186478083,12__nan,PertCortex_12_CCGTACTCACCAGGTC,4.8465947976483
41949,0.0941450744528031,12__nan,PertCortex_12_CCGTACTGTGACGCCT,3.0974495492117384
41950,0.5319735163661078,12__nan,PertCortex_12_CCGTACTTCTTGGGTA,2.0912128841528803
41951,0.05208134769827222,12__nan,PertCortex_12_CCGTGGAGTAAGAGAG,3.496517734771849
41952,0.1674419447512361,12__nan,PertCortex_12_CCGTTCAAGATGCCAG,4.836817836863942
41953,0.24381019599297318,12__nan,PertCortex_12_CCGTTCACAGATAATG,2.354905319125224
41954,0.1677209466493734,12__nan,PertCortex_12_CCGTTCAGTATAGGGC,3.477650637018761
41955,0.19719206031762532,12__nan,PertCortex_12_CCGTTCATCGGATGTT,2.5538677904986127
41956,0.16579685957526968,12__nan,PertCortex_12_CCTAAAGGTCTAGGTT,2.7079236469173127
41957,0.4266316684552277,12__nan,PertCortex_12_CCTACACTCAGGCGAA,2.1750403591914296
41958,0.18108516295560584,12__nan,PertCortex_12_CCTACACTCGTGGGAA,3.7513983511339783
41959,0.1593346693377538,12__nan,PertCortex_12_CCTACCACAGCCTATA,3.103221716973516
41960,0.1193952376443643,12__nan,PertCortex_12_CCTACCATCCTGTACC,4.136833653661088
41961,0.45347567059222027,12__nan,PertCortex_12_CCTACCATCTAACTCT,2.3578211434115155
41962,0.07895596800612026,12__nan,PertCortex_12_CCTAGCTGTGTAACGG,4.263196430146623
41963,0.2155161043819494,12__nan,PertCortex_12_CCTATTAAGCCCGAAA,4.301705635208349
41964,0.10505674290094728,12__nan,PertCortex_12_CCTATTACAAGCTGAG,3.6894101929853225
41965,0.1089930132458364,12__nan,PertCortex_12_CCTATTACATGCCTAA,4.049937872668715
41966,0.04871866809089695,12__nan,PertCortex_12_CCTATTAGTAAATGTG,4.288861917987599
41967,0.06342838936225008,12__nan,PertCortex_12_CCTCAGTAGGCAAAGA,3.8756793968415493
41968,0.3646530474168768,12__nan,PertCortex_12_CCTCAGTAGTAGGCCA,3.9291962818662824
41969,0.10041674067028426,12__nan,PertCortex_12_CCTCTGAGTTGACGTT,4.776998125867713
41970,0.6339510569156417,12__nan,PertCortex_12_CCTCTGATCTGCCCTA,2.026609020229195
41971,0.19142375835174538,12__nan,PertCortex_12_CCTTACGGTTCCACTC,3.5967598192915613
41972,0.1594151878238834,12__nan,PertCortex_12_CCTTCGATCAGCTTAG,3.3962763173487693
41973,0.08479717440435003,12__nan,PertCortex_12_CCTTTCTAGGCGCTCT,3.3088478626149813
41974,0.5009284834155859,12__nan,PertCortex_12_CGAACATAGCTGCCCA,2.652214199673543
41975,0.48940768377166455,12__nan,PertCortex_12_CGAACATAGGATGTAT,2.259838821553104
41976,0.6657622896010632,12__nan,PertCortex_12_CGAACATAGTGACATA,1.9141491875256038
41977,0.09143213664152147,12__nan,PertCortex_12_CGAACATAGTGTTAGA,3.3385329335415674
41978,0.1762030505978677,12__nan,PertCortex_12_CGAACATGTTCGGCAC,4.0513990556475274
41979,0.5296051224000845,12__nan,PertCortex_12_CGAACATTCTCTAGGA,2.3340918808486677
41980,0.11006834832206827,12__nan,PertCortex_12_CGAATGTGTAGTAGTA,3.2439581282798327
41981,0.2295208943550646,12__nan,PertCortex_12_CGAATGTGTCGCGAAA,2.489038478874986
41982,0.20530250894353902,12__nan,PertCortex_12_CGAATGTGTGGAAAGA,3.4006971102425805
41983,0.3107808151144168,12__nan,PertCortex_12_CGAATGTTCCGAGCCA,2.682798769446398
41984,0.1266285857826366,12__nan,PertCortex_12_CGACCTTAGAACTCGG,5.226014609285705
41985,0.5822474732979293,12__nan,PertCortex_12_CGACCTTAGTCTCCTC,2.4034980189237904
41986,0.02039393860378968,12__nan,PertCortex_12_CGACCTTGTTGGACCC,3.4352009853343173
41987,0.36310260941384703,12__nan,PertCortex_12_CGACCTTTCTTTAGGG,2.6135584792042716
41988,0.6133108004630395,12__nan,PertCortex_12_CGACTTCTCAAGATCC,1.7365244581394077
41989,0.11268327870557356,12__nan,PertCortex_12_CGAGAAGGTATATCCG,2.725300476062137
41990,0.21214570593233298,12__nan,PertCortex_12_CGAGAAGTCTCAACTT,2.891427919175279
41991,0.1174210079444705,12__nan,PertCortex_12_CGAGAAGTCTTCCTTC,4.82075894855693
41992,0.13724673953032301,12__nan,PertCortex_12_CGAGCACAGCTAGGCA,4.315888823537522
41993,0.22038437897329533,12__nan,PertCortex_12_CGAGCACTCCCGACTT,4.075443036382802
41994,0.1264830332765164,12__nan,PertCortex_12_CGAGCCAGTAGCGTCC,3.962010687781988
41995,0.17156469277723702,12__nan,PertCortex_12_CGATCGGAGTGTACGG,3.7206838203124493
41996,0.1630128239308157,12__nan,PertCortex_12_CGATCGGGTAAGTGTA,4.087647080484093
41997,0.5039899288877888,12__nan,PertCortex_12_CGATCGGTCTTCATGT,2.3078960391300813
41998,0.6311701440810492,12__nan,PertCortex_12_CGATGGCCAGAAGCAC,1.895017470535672
41999,0.6555544827324231,12__nan,PertCortex_12_CGATGGCCAGATCCAT,1.9855404951019113
42000,0.1667712999668934,12__nan,PertCortex_12_CGATGGCCATGGTAGG,4.430665014837192
42001,0.07893103404768442,12__nan,PertCortex_12_CGATGGCGTCCGTGAC,3.991647178075591
42002,0.08490718725797175,12__nan,PertCortex_12_CGATGGCTCAGCTCGG,3.3606936773524705
42003,0.12426575361199838,12__nan,PertCortex_12_CGATGTAAGATCTGAA,4.161752244159506
42004,0.13076021662528073,12__nan,PertCortex_12_CGATTGACAGGGATTG,3.720030884879287
42005,0.16269962529049767,12__nan,PertCortex_12_CGCCAAGAGGATGGTC,3.4339207148116895
42006,0.14894916390443053,12__nan,PertCortex_12_CGCCAAGCAACTGGCC,3.8731610488461947
42007,0.08562600681194046,12__nan,PertCortex_12_CGCCAAGGTAGGGTAC,3.432105924426447
42008,0.15716805735059444,12__nan,PertCortex_12_CGCGGTAGTATTACCG,3.8881111781647903
42009,0.6619156691193634,12__nan,PertCortex_12_CGCGGTAGTCTGCGGT,1.7530018560419323
42010,0.2359138919876332,12__nan,PertCortex_12_CGCGGTATCAGCTTAG,2.8301648822488192
42011,0.5513823948713013,12__nan,PertCortex_12_CGCGTTTAGTGTTGAA,2.152538481936594
42012,0.5378883707374179,12__nan,PertCortex_12_CGCTGGAGTCTCCACT,2.137549336681461
42013,0.17018046720831467,12__nan,PertCortex_12_CGCTTCACATTGGCGC,4.184847077574106
42014,0.10375919912789172,12__nan,PertCortex_12_CGCTTCAGTAGCTTGT,3.6730272055772524
42015,0.11799524317877146,12__nan,PertCortex_12_CGCTTCAGTCAGATAA,2.5321319091619907
42016,0.36408356914651185,12__nan,PertCortex_12_CGCTTCATCGGAGCAA,2.7627788019225585
42017,0.5247653982948706,12__nan,PertCortex_12_CGGACACAGTCAAGGC,1.6276163414874372
42018,0.21943379343476171,12__nan,PertCortex_12_CGGACACCACGGATAG,2.9056274170412055
42019,0.08763259636723382,12__nan,PertCortex_12_CGGACACTCGAATGGG,4.165880384231932
42020,0.5055394373442184,12__nan,PertCortex_12_CGGACGTCATAAAGGT,2.202792555801953
42021,0.09598867402140238,12__nan,PertCortex_12_CGGACTGAGTCCGGTC,3.8231344613212923
42022,0.33155966483325267,12__nan,PertCortex_12_CGGACTGGTCATATCG,1.9882089899221471
42023,0.509806908316871,12__nan,PertCortex_12_CGGAGCTAGCCTATGT,2.2309774107349067
42024,0.23289738269389432,12__nan,PertCortex_12_CGGAGCTCAATAGCAA,4.069994396200964
42025,0.09700421626909347,12__nan,PertCortex_12_CGGAGCTCAGTATCTG,2.9118207384205452
42026,0.24745414871268123,12__nan,PertCortex_12_CGGAGTCAGGAGCGAG,2.582575049963153
42027,0.45830734201066187,12__nan,PertCortex_12_CGGGTCAAGGCTACGA,2.3182108222620506
42028,0.16730488444607247,12__nan,PertCortex_12_CGGGTCAAGTCCCACG,3.5021853737131323
42029,0.07987084950016594,12__nan,PertCortex_12_CGGGTCACATCAGTCA,4.6040186970194155
42030,0.05766424135649541,12__nan,PertCortex_12_CGGGTCAGTCCGAATT,2.823503609664328
42031,0.05104114115758117,12__nan,PertCortex_12_CGGGTCATCAAGAAGT,3.7344464718443873
42032,0.12429761471778197,12__nan,PertCortex_12_CGGGTCATCTCGGACG,4.054381930806141
42033,0.16936813058861766,12__nan,PertCortex_12_CGTAGCGTCAGTTAGC,3.3371321948021637
42034,0.0882432977463562,12__nan,PertCortex_12_CGTCACTTCGTTACGA,4.01454590724282
42035,0.08898658841792056,12__nan,PertCortex_12_CGTCTACGTGCTAGCC,4.4364882741701965
42036,0.5747435999662697,12__nan,PertCortex_12_CGTGTAAGTCATCCCT,2.3895708157204254
42037,0.556546946004019,12__nan,PertCortex_12_CGTGTAATCCTATTCA,2.0182038167596312
42038,0.05376262395568124,12__nan,PertCortex_12_CGTGTCTGTCAATGTC,4.156219985518544
42039,0.35316669839833326,12__nan,PertCortex_12_CGTGTCTGTCATACTG,2.247488821333607
42040,0.1666362209236598,12__nan,PertCortex_12_CGTGTCTGTGTGTGCC,3.4490974694073637
42041,0.17599842815937328,12__nan,PertCortex_12_CGTTAGAAGGATATAC,3.806117397948963
42042,0.13094016346623413,12__nan,PertCortex_12_CGTTAGAAGTAGCGGT,3.968627013051958
42043,0.18386766508256275,12__nan,PertCortex_12_CGTTAGACAAAGCGGT,2.7972455206304994
42044,0.49477984221742266,12__nan,PertCortex_12_CGTTAGATCCGAACGC,1.7142106764284941
42045,0.16536558574007737,12__nan,PertCortex_12_CGTTCTGCAGTCCTTC,3.3878359398700266
42046,0.05593547930496515,12__nan,PertCortex_12_CGTTCTGGTCGCGGTT,3.032794256834955
42047,0.06831925755641913,12__nan,PertCortex_12_CGTTGGGCATCCCATC,3.942960964052109
42048,0.6316946870468146,12__nan,PertCortex_12_CTAACTTCAAGCGAGT,1.896540393409653
42049,0.04102925020274044,12__nan,PertCortex_12_CTAACTTGTATGAATG,4.005187739192489
42050,0.41722962011049664,12__nan,PertCortex_12_CTAACTTGTCCTCTTG,2.1549592861202536
42051,0.24034450702320934,12__nan,PertCortex_12_CTAACTTTCTACCAGA,3.0144276029676123
42052,0.10747580415779295,12__nan,PertCortex_12_CTAAGACAGGCTAGGT,4.048358568826113
42053,0.20915829540860786,12__nan,PertCortex_12_CTAATGGCAGCCTTGG,4.490539288736779
42054,0.3408198005796651,12__nan,PertCortex_12_CTACACCTCCTATGTT,2.1556330549451577
42055,0.03105637878686902,12__nan,PertCortex_12_CTACATTAGCGATTCT,3.9990865633834427
42056,0.34908205584027535,12__nan,PertCortex_12_CTACATTTCGCGATCG,2.8969133156917097
42057,0.11392578342499811,12__nan,PertCortex_12_CTACGTCGTCCAACTA,4.530889808575224
42058,0.24249183209440286,12__nan,PertCortex_12_CTAGCCTAGCTCCTCT,2.6586717385345375
42059,0.12614734932594487,12__nan,PertCortex_12_CTAGCCTAGCTCCTTC,4.6370136776295166
42060,0.15069598793554964,12__nan,PertCortex_12_CTAGCCTGTCACAAGG,4.895257182213644
42061,0.16559234882245816,12__nan,PertCortex_12_CTAGTGAAGAACAACT,3.5191361185464993
42062,0.060960846730097704,12__nan,PertCortex_12_CTAGTGACAGGCGATA,4.130054493831343
42063,0.09229894114107086,12__nan,PertCortex_12_CTCACACAGCCAGGAT,2.6651893869997414
42064,0.6123000165519287,12__nan,PertCortex_12_CTCACACCATGGAATA,1.8169159284673533
42065,0.08680834393742196,12__nan,PertCortex_12_CTCAGAACACATCCAA,4.138072746680416
42066,0.26637913454151513,12__nan,PertCortex_12_CTCCTAGCAGCCAATT,2.7573198020174354
42067,0.29391977518251183,12__nan,PertCortex_12_CTCCTAGTCGCTGATA,3.272121563966621
42068,0.053045219917547695,12__nan,PertCortex_12_CTCGAAAAGGACCACA,3.836972209401562
42069,0.5744018051759066,12__nan,PertCortex_12_CTCGAAATCAAACAAG,2.3390581459666464
42070,0.1110088577880352,12__nan,PertCortex_12_CTCGAGGGTCCGAGTC,3.307691393931733
42071,0.5266757173219186,12__nan,PertCortex_12_CTCGGAGCACCCAGTG,2.0310396397396038
42072,0.025883842977862465,12__nan,PertCortex_12_CTCGGAGGTTAGATGA,3.2285662890912867
42073,0.17254560884990444,12__nan,PertCortex_12_CTCGGAGTCAGCCTAA,4.42437803110666
42074,0.12105953983677796,12__nan,PertCortex_12_CTCGGGAAGACTAGAT,3.8468327185405933
42075,0.45437785507395095,12__nan,PertCortex_12_CTCGGGACAACTGCGC,2.8796179780309457
42076,0.516160746721651,12__nan,PertCortex_12_CTCGGGAGTTGATTCG,2.2391752282591626
42077,0.5307032459113188,12__nan,PertCortex_12_CTCGGGATCTACTCAT,1.582845187998891
42078,0.1886255729473186,12__nan,PertCortex_12_CTCGTACAGATAGCAT,3.53728674012068
42079,0.18423114629317414,12__nan,PertCortex_12_CTCGTACAGCTTCGCG,3.4686208926143722
42080,0.43416616718639073,12__nan,PertCortex_12_CTCGTACCAATGGATA,3.6708504125181514
42081,0.1440356895137541,12__nan,PertCortex_12_CTCGTCAGTAAGGATT,3.588348220438232
42082,0.5529836178051242,12__nan,PertCortex_12_CTCGTCAGTCACAAGG,2.4105870952421427
42083,0.19333053311338633,12__nan,PertCortex_12_CTCGTCATCAGGTAAA,3.495510419309271
42084,0.18542885557539027,12__nan,PertCortex_12_CTCTAATCACTTCGAA,3.4404318879507922
42085,0.18170391914841338,12__nan,PertCortex_12_CTCTAATCATCGGTTA,2.499572342317054
42086,0.1421702516142934,12__nan,PertCortex_12_CTCTAATGTACGACCC,4.693000481546713
42087,0.142755519756886,12__nan,PertCortex_12_CTCTAATTCTCGGACG,2.283122830982398
42088,0.5967384354304233,12__nan,PertCortex_12_CTCTACGCAGCCAATT,2.120266464853914
42089,0.12269617141375803,12__nan,PertCortex_12_CTGATAGCAAGTTCTG,4.149413611925607
42090,0.10801791020676323,12__nan,PertCortex_12_CTGATCCCACATGGGA,4.143051274259361
42091,0.12602696942022718,12__nan,PertCortex_12_CTGCCTAAGCAAATCA,4.06573370159902
42092,0.5997644992333507,12__nan,PertCortex_12_CTGCCTACATGCCCGA,2.2224573531860377
42093,0.20157276574860614,12__nan,PertCortex_12_CTGCCTAGTAGAAAGG,4.024944315509533
42094,0.1577261011010345,12__nan,PertCortex_12_CTGCGGAAGCAACGGT,2.62965282474278
42095,0.3425364359158362,12__nan,PertCortex_12_CTGCGGACATACTCTT,2.5519437254654314
42096,0.12493890524789397,12__nan,PertCortex_12_CTGCGGAGTCACTTCC,3.073688991310449
42097,0.06349113923476346,12__nan,PertCortex_12_CTGCGGAGTGGTGTAG,3.8870361809946843
42098,0.3180045694285594,12__nan,PertCortex_12_CTGCGGATCTGGTGTA,2.0845264302494972
42099,0.4121933189267488,12__nan,PertCortex_12_CTGGTCTTCGGATGTT,2.048876222580592
42100,0.19109960549329355,12__nan,PertCortex_12_CTGTGCTCACATTAGC,3.404831044550384
42101,0.1471669391379311,12__nan,PertCortex_12_CTGTTTAGTCACTTCC,3.6383811676766165
42102,0.18738229319068794,12__nan,PertCortex_12_CTTAACTAGTTTCCTT,3.5488229174436454
42103,0.1084938824628521,12__nan,PertCortex_12_CTTAACTGTATGAAAC,4.069628317788733
42104,0.5157475737468191,12__nan,PertCortex_12_CTTAACTTCCCTTGCA,2.7423998325911065
42105,0.046781268071533655,12__nan,PertCortex_12_CTTAGGAAGAGAGCTC,4.094300279237547
42106,0.08940091162994028,12__nan,PertCortex_12_CTTAGGAGTCGTGGCT,4.285245882809461
42107,0.16562050353778474,12__nan,PertCortex_12_CTTCTCTAGCTCTCGG,4.065793403616054
42108,0.414921708451988,12__nan,PertCortex_12_CTTGGCTCAAGTAGTA,2.303462684115817
42109,0.12503546963232914,12__nan,PertCortex_12_CTTGGCTGTCCTCTTG,4.087159224070392
42110,0.5203195545132336,12__nan,PertCortex_12_CTTTGCGTCCTCAACC,2.0200430127872413
42111,0.13926768339391737,12__nan,PertCortex_12_GAAACTCGTTTGCATG,3.5974939966744772
42112,0.4980307249023739,12__nan,PertCortex_12_GAAACTCTCTGCTTGC,1.9339567746591666
42113,0.6574074718076789,12__nan,PertCortex_12_GAAATGAAGCTGGAAC,1.7188257469408492
42114,0.11550282409621986,12__nan,PertCortex_12_GAAATGAGTTATCCGA,4.45131916357978
42115,0.018700240582351396,12__nan,PertCortex_12_GAACATCCAAGAGTCG,3.8647708779489864
42116,0.35374923777949474,12__nan,PertCortex_12_GAACATCCACGTCTCT,2.734025100096796
42117,0.5332114323432163,12__nan,PertCortex_12_GAACATCGTCTTCGTC,2.597937075645379
42118,0.12121299627845851,12__nan,PertCortex_12_GAACCTAAGTAACCCT,3.8327878931444337
42119,0.12221443693260718,12__nan,PertCortex_12_GAACCTACACGAGGTA,4.314102187472651
42120,0.1531333314231005,12__nan,PertCortex_12_GAACCTAGTCTCCATC,3.4825655507286415
42121,0.0210299911536112,12__nan,PertCortex_12_GAACCTATCTGCTGTC,4.786320415096453
42122,0.15868560050984448,12__nan,PertCortex_12_GAACGGACAGTCGATT,3.512440792720154
42123,0.1828989143847384,12__nan,PertCortex_12_GAACGGATCGACGGAA,3.043945119599928
42124,0.5546545343821381,12__nan,PertCortex_12_GAAGCAGAGCGCTTAT,2.0258256488615127
42125,0.07428449979902221,12__nan,PertCortex_12_GAAGCAGCAGGTTTCA,4.4357343758524745
42126,0.17731053844702688,12__nan,PertCortex_12_GAATGAAAGTAGTGCG,3.39680485737396
42127,0.20367754121743098,12__nan,PertCortex_12_GACCAATCAAAGGCGT,2.7281230761179605
42128,0.2219426423838709,12__nan,PertCortex_12_GACCAATCAACGCACC,2.969213285236657
42129,0.1705468540905738,12__nan,PertCortex_12_GACCAATGTGAGGCTA,3.3536691655498654
42130,0.17328651635158832,12__nan,PertCortex_12_GACCTGGCAAGTTGTC,2.110814479770811
42131,0.1724538295125519,12__nan,PertCortex_12_GACGCGTAGATCTGCT,2.722776648743157
42132,0.24656176664098584,12__nan,PertCortex_12_GACGCGTAGCAGGCTA,2.9215032619532257
42133,0.10310515697342357,12__nan,PertCortex_12_GACGCGTGTATAGTAG,4.681901108791526
42134,0.5733019902707984,12__nan,PertCortex_12_GACGTGCAGAGTACAT,2.0574612795099707
42135,0.12459015470630108,12__nan,PertCortex_12_GACGTGCAGCCCGAAA,2.965442491353727
42136,0.1308979414892142,12__nan,PertCortex_12_GACGTGCCAAAGTGCG,3.5503500960933616
42137,0.13891391610400114,12__nan,PertCortex_12_GACGTTACAGGGCATA,3.9886372242850268
42138,0.16632424229515164,12__nan,PertCortex_12_GACGTTAGTCTAGCCG,4.9770544053581895
42139,0.1952845515752994,12__nan,PertCortex_12_GACTAACAGATGCGAC,2.9897914168849864
42140,0.5803246856762475,12__nan,PertCortex_12_GACTAACAGGATGGAA,1.7323034364255663
42141,0.09405348962361212,12__nan,PertCortex_12_GACTAACCACGTAAGG,3.9628686338854293
42142,0.23466149564416897,12__nan,PertCortex_12_GACTACAAGTACATGA,2.628223273546318
42143,0.14961693477279267,12__nan,PertCortex_12_GACTACACACGAAACG,4.176311874578265
42144,0.4738126689579773,12__nan,PertCortex_12_GACTGCGAGCGGATCA,2.5748008390987827
42145,0.1589526461878188,12__nan,PertCortex_12_GAGGTGAAGCGATGAC,3.814454516670767
42146,0.07004539970023083,12__nan,PertCortex_12_GAGGTGAGTAATAGCA,3.5651072204762073
42147,0.1387956561423442,12__nan,PertCortex_12_GAGTCCGTCCCTCAGT,4.1516918532116645
42148,0.11618343423289107,12__nan,PertCortex_12_GATCAGTTCTGCAGTA,3.687193356369726
42149,0.15016631995025864,12__nan,PertCortex_12_GATCAGTTCTGTACGA,3.7121967999842638
42150,0.18320312423382826,12__nan,PertCortex_12_GATCGATAGAGTACAT,2.4884998343298763
42151,0.19736914244694398,12__nan,PertCortex_12_GATCGATCAAGAAAGG,3.0770546780279613
42152,0.1341280995532675,12__nan,PertCortex_12_GATCGATGTGTTGAGG,4.199045042862326
42153,0.22082442853064727,12__nan,PertCortex_12_GATCGCGGTCACAAGG,3.582524445043373
42154,0.13247284378709492,12__nan,PertCortex_12_GATCGCGGTGAGTGAC,3.658606483386925
42155,0.18644720686450428,12__nan,PertCortex_12_GATCGTATCATTTGGG,4.402496647317287
42156,0.15251415740263655,12__nan,PertCortex_12_GATCGTATCCTCTAGC,2.4491179456959773
42157,0.2242256927045476,12__nan,PertCortex_12_GATCTAGAGGAGTCTG,4.413680099456934
42158,0.06615034896326133,12__nan,PertCortex_12_GATCTAGGTCCGTCAG,3.734828120511672
42159,0.5364464495639218,12__nan,PertCortex_12_GATGAAATCATCGGAT,2.2807233476466933
42160,0.27227909818114715,12__nan,PertCortex_12_GATGAGGAGACAGAGA,3.243699737004027
42161,0.07952500272570552,12__nan,PertCortex_12_GATGCTATCTGTCTAT,3.041214960388548
42162,0.5297401378709771,12__nan,PertCortex_12_GATTCAGAGCTTTGGT,2.726141340126164
42163,0.11748066377409695,12__nan,PertCortex_12_GATTCAGCATCGGTTA,3.8030500853771207
42164,0.09112742120742795,12__nan,PertCortex_12_GATTCAGGTGAGTATA,4.330021287948667
42165,0.401119109263841,12__nan,PertCortex_12_GATTCAGTCACCGGGT,1.4795169419555214
42166,0.3476133319268951,12__nan,PertCortex_12_GATTCAGTCATTATCC,2.3284364286071577
42167,0.0931635640860831,12__nan,PertCortex_12_GCAAACTCAAACTGTC,3.9797276793728567
42168,0.08913314067328348,12__nan,PertCortex_12_GCAATCACACGGATAG,4.1382671079781685
42169,0.14606773536071394,12__nan,PertCortex_12_GCAATCAGTCATATCG,3.003554458791193
42170,0.12627470185035278,12__nan,PertCortex_12_GCACATAGTTATCCGA,4.401083811412482
42171,0.15867586451876045,12__nan,PertCortex_12_GCACTCTGTGTGCGTC,4.236163575671248
42172,0.19049164311587186,12__nan,PertCortex_12_GCAGCCATCCGAGCCA,3.1395494666323165
42173,0.2407359098147619,12__nan,PertCortex_12_GCAGTTACAACTGCGC,3.7203886056682123
42174,0.2702176379347867,12__nan,PertCortex_12_GCAGTTACACGGCCAT,4.440066145158942
42175,0.3660989251398819,12__nan,PertCortex_12_GCATACACAGCGTTCG,2.5621441944805956
42176,0.05473566312772858,12__nan,PertCortex_12_GCATGATCAAGAAGAG,3.649116892200509
42177,0.5190698805737526,12__nan,PertCortex_12_GCATGTACAATGTTGC,1.7392317889348834
42178,0.07414648028559637,12__nan,PertCortex_12_GCATGTAGTTCGCTAA,2.4828988988925786
42179,0.21990294034388402,12__nan,PertCortex_12_GCCAAATTCTCCCTGA,2.8980035526572836
42180,0.49648847586952827,12__nan,PertCortex_12_GCGACCACATAGGATA,2.169844482557544
42181,0.17377780975803053,12__nan,PertCortex_12_GCGAGAACATGCATGT,3.907122130228125
42182,0.5520693200649751,12__nan,PertCortex_12_GCGCAACCACTTCGAA,1.8619183976670532
42183,0.15479949328035653,12__nan,PertCortex_12_GCGCAACTCTCGCATC,1.4465435732410847
42184,0.0696822735602013,12__nan,PertCortex_12_GCGCAGTAGAGCCCAA,3.7408624498117953
42185,0.1124036016871721,12__nan,PertCortex_12_GCGCAGTAGATGTCGG,2.901972064684956
42186,0.5021986850424686,12__nan,PertCortex_12_GCGCCAAAGCTTTGGT,1.9879779063589271
42187,0.21646778942272815,12__nan,PertCortex_12_GCGCCAACAGTAAGCG,2.9369829939249485
42188,0.45799517612154084,12__nan,PertCortex_12_GCGCCAAGTCAGTGGA,2.3541791209584435
42189,0.11507607365688033,12__nan,PertCortex_12_GCGCCAAGTTGAGTTC,4.165901961945996
42190,0.0637619296980972,12__nan,PertCortex_12_GCGCCAATCCACGTTC,3.852641586714159
42191,0.06370873744888633,12__nan,PertCortex_12_GCGCCAATCGTCCGTT,3.987303166809016
42192,0.33318787107258313,12__nan,PertCortex_12_GCGCCAATCTCGCATC,2.086034345263418
42193,0.19079282724378174,12__nan,PertCortex_12_GCGCGATAGGCAAAGA,2.7830957540020447
42194,0.6834349205235707,12__nan,PertCortex_12_GCGCGATCATTCCTCG,1.7103475407462105
42195,0.0952459539971241,12__nan,PertCortex_12_GCGGGTTGTACCATCA,4.185395297696931
42196,0.5313504345540851,12__nan,PertCortex_12_GCGGGTTGTCTCCCTA,2.64931008427184
42197,0.17776985199420883,12__nan,PertCortex_12_GCTCCTAAGGCTACGA,3.4209292044902475
42198,0.17267745280031307,12__nan,PertCortex_12_GCTCCTAAGGTGTTAA,2.9015624650422587
42199,0.1466313809900713,12__nan,PertCortex_12_GCTCCTAGTCGAAAGC,3.3922677569896877
42200,0.5005053193707616,12__nan,PertCortex_12_GCTCTGTAGTTGAGTA,2.4894074149690995
42201,0.17199614100055166,12__nan,PertCortex_12_GCTCTGTCACTAAGTC,4.9851549679300895
42202,0.24373035429371634,12__nan,PertCortex_12_GCTGCGAAGCGTAATA,3.958575806141128
42203,0.09478115112436887,12__nan,PertCortex_12_GCTGCGAAGGAGTAGA,4.423446631199933
42204,0.09332449335153195,12__nan,PertCortex_12_GCTGCGAAGTAGCGGT,3.846661845559407
42205,0.06587615573291751,12__nan,PertCortex_12_GCTGCTTCATGACGGA,3.894995321990856
42206,0.11878258189857467,12__nan,PertCortex_12_GCTGCTTGTCTAAACC,4.54497058638413
42207,0.1553450155790139,12__nan,PertCortex_12_GCTGCTTGTTGTCGCG,4.06746678406499
42208,0.2676393023420855,12__nan,PertCortex_12_GCTGCTTTCCTTGGTC,3.0975845235832313
42209,0.17842785022035232,12__nan,PertCortex_12_GCTTCCAAGGATGGTC,2.9273747666962318
42210,0.04807685447262528,12__nan,PertCortex_12_GCTTCCAAGGTGCTTT,3.9680951627352847
42211,0.16626920874452328,12__nan,PertCortex_12_GCTTCCAGTCGTGGCT,3.576840700040519
42212,0.08102863754511896,12__nan,PertCortex_12_GCTTCCATCCCGACTT,2.8905193380415084
42213,0.09293835890248826,12__nan,PertCortex_12_GCTTGAAAGACGACGT,3.975644633079044
42214,0.07277392070307227,12__nan,PertCortex_12_GCTTGAAAGAGACTTA,3.600956794931294
42215,0.5433400740909132,12__nan,PertCortex_12_GCTTGAAAGATAGCAT,2.556296470084271
42216,0.0885127102725608,12__nan,PertCortex_12_GGAACTTAGCTAGTCT,4.15190020444121
42217,0.23929273356033426,12__nan,PertCortex_12_GGAACTTAGTGGAGAA,2.189523883653546
42218,0.16974933953942745,12__nan,PertCortex_12_GGAATAACAATGGAGC,3.0198309964816583
42219,0.163663611489231,12__nan,PertCortex_12_GGAATAACACAGACAG,3.477875025246929
42220,0.18692016067366105,12__nan,PertCortex_12_GGAATAACATCCTTGC,3.692843858191454
42221,0.1993075178005112,12__nan,PertCortex_12_GGAATAAGTCTCTTTA,2.573133744683699
42222,0.07916873354778976,12__nan,PertCortex_12_GGAATAATCCAGATCA,4.301019535152495
42223,0.15036500728178342,12__nan,PertCortex_12_GGACAAGAGAGCTTCT,3.762883548725535
42224,0.49259370914668116,12__nan,PertCortex_12_GGACAAGGTGAGGCTA,1.6269684747831237
42225,0.12534648616509134,12__nan,PertCortex_12_GGACGTCAGAGTCGGT,4.312409786571983
42226,0.5148724165092595,12__nan,PertCortex_12_GGATGTTCACCCTATC,2.306668863818695
42227,0.1296753904754719,12__nan,PertCortex_12_GGATGTTGTTGTGGAG,2.7580966769035973
42228,0.18130236969536195,12__nan,PertCortex_12_GGATTACAGTCAAGGC,3.8084525963484257
42229,0.2523035311357101,12__nan,PertCortex_12_GGCAATTCACTGCCAG,4.174659862273628
42230,0.10207119963698941,12__nan,PertCortex_12_GGCAATTCATCGGACC,3.772853610216381
42231,0.11424163011797052,12__nan,PertCortex_12_GGCAATTGTCGATTGT,4.145207263763633
42232,0.32968784672278745,12__nan,PertCortex_12_GGCAATTGTTAAGGGC,2.0332664695398366
42233,0.6384550445005668,12__nan,PertCortex_12_GGCCGATCAAGAGGCT,1.8309914458324896
42234,0.09635900805831413,12__nan,PertCortex_12_GGCCGATGTCCATGAT,4.365184731551789
42235,0.07688744590580879,12__nan,PertCortex_12_GGCGACTGTCTGGAGA,3.9533072991435154
42236,0.6617848492575358,12__nan,PertCortex_12_GGCGTGTGTCGGCACT,1.4743487840608167
42237,0.14921449928971645,12__nan,PertCortex_12_GGCGTGTGTTATTCTC,4.803342885064803
42238,0.09860824009024617,12__nan,PertCortex_12_GGCGTGTTCTAGAGTC,4.069357876691068
42239,0.18848144101702638,12__nan,PertCortex_12_GGCTCGAAGCCGATTT,4.029716570012823
42240,0.17559085540333463,12__nan,PertCortex_12_GGCTCGAAGTCTCCTC,2.9467703552103677
42241,0.644239388152587,12__nan,PertCortex_12_GGCTGGTCACGGTAGA,1.9630803546991662
42242,0.47868434901421425,12__nan,PertCortex_12_GGGAATGAGCAAATCA,2.6304546776326694
42243,0.5917197628542726,12__nan,PertCortex_12_GGGACCTTCACCAGGC,1.9402905817424687
42244,0.08670692443679605,12__nan,PertCortex_12_GGGAGATGTACCGGCT,4.152841290682875
42245,0.3527407054163123,12__nan,PertCortex_12_GGGAGATGTTGCGTTA,2.605170790760137
42246,0.06935522448575053,12__nan,PertCortex_12_GGGAGATTCTGGGCCA,4.113052438716019
42247,0.0803778565505767,12__nan,PertCortex_12_GGGATGACAGGGAGAG,3.4772016669448083
42248,0.20454410605432827,12__nan,PertCortex_12_GGGATGACAGGGATTG,2.81327464349129
42249,0.07015953708973091,12__nan,PertCortex_12_GGGATGACAGTTAACC,3.8756551481551367
42250,0.10489745905503815,12__nan,PertCortex_12_GGGCACTAGACACTAA,3.739862373043285
42251,0.1777310844809493,12__nan,PertCortex_12_GGGCACTAGTGGTAAT,2.859812039926102
42252,0.11420853379815937,12__nan,PertCortex_12_GGGCACTCATTGGTAC,3.8125144505862756
42253,0.11913523646887506,12__nan,PertCortex_12_GGGCACTTCTAACCGA,3.921721325504633
42254,0.12889618531112162,12__nan,PertCortex_12_GGGTCTGAGCAATCTC,3.6410315204831214
42255,0.42342697896780646,12__nan,PertCortex_12_GGGTTGCCATCTCCCA,1.601546372257814
42256,0.07855891901114632,12__nan,PertCortex_12_GGTATTGAGCCAGTTT,4.23584738369976
42257,0.0737318543513586,12__nan,PertCortex_12_GGTATTGAGGACATTA,4.191548080771808
42258,0.6661641902883314,12__nan,PertCortex_12_GGTATTGAGTACGTAA,1.6502214579442505
42259,0.4004626197568285,12__nan,PertCortex_12_GGTATTGCATGGATGG,2.0883115755802435
42260,0.16396972772149535,12__nan,PertCortex_12_GGTGAAGAGCAATCTC,3.2304647070950323
42261,0.10102809069380349,12__nan,PertCortex_12_GGTGAAGAGTGGGCTA,4.3784000084135055
42262,0.3146950167369979,12__nan,PertCortex_12_GGTGAAGTCCTGCTTG,2.251601755328777
42263,0.2464755510698239,12__nan,PertCortex_12_GGTGCGTAGACAAAGG,4.227865572627411
42264,0.19096457281081097,12__nan,PertCortex_12_GGTGCGTCATGGTCAT,2.8316058965582624
42265,0.16999847280494393,12__nan,PertCortex_12_GGTGTTATCTCCGGTT,2.998197241139438
42266,0.34738184491080587,12__nan,PertCortex_12_GTAACGTAGTATTGGA,3.1014767581734426
42267,0.13746839682483744,12__nan,PertCortex_12_GTAACTGTCCTCAATT,5.033309913723539
42268,0.04448891442750337,12__nan,PertCortex_12_GTACGTAGTGCGCTTG,4.9410099110444206
42269,0.46395722175997645,12__nan,PertCortex_12_GTACGTATCGTGGACC,1.924512768177753
42270,0.3981524517087221,12__nan,PertCortex_12_GTACTCCCATAAAGGT,2.271393216749181
42271,0.19083520966790984,12__nan,PertCortex_12_GTACTCCTCCCTAATT,4.502503576277147
42272,0.10417924751513838,12__nan,PertCortex_12_GTACTTTAGCACCGCT,4.104055020462773
42273,0.1086416340454814,12__nan,PertCortex_12_GTACTTTGTCTAGCCG,4.1178132910263825
42274,0.07616397759065337,12__nan,PertCortex_12_GTACTTTTCCTAGGGC,5.018158099737526
42275,0.556229061184006,12__nan,PertCortex_12_GTACTTTTCGGATGTT,2.3206171650265133
42276,0.17303260884550423,12__nan,PertCortex_12_GTAGGCCGTCGCTTCT,3.016405388905392
42277,0.5099789343845287,12__nan,PertCortex_12_GTAGTCACAAGCGCTC,2.172277292185185
42278,0.2529361303608808,12__nan,PertCortex_12_GTAGTCACAGCTGCAC,3.0816621496237513
42279,0.2254817545132749,12__nan,PertCortex_12_GTATCTTCAGAAGCAC,2.538660556650164
42280,0.5525827838737429,12__nan,PertCortex_12_GTATCTTTCAAGGCTT,2.2925729206253247
42281,0.2279402987969832,12__nan,PertCortex_12_GTCAAGTCACCAGCAC,4.278447033363784
42282,0.13059713674115453,12__nan,PertCortex_12_GTCAAGTGTAGCCTCG,3.854965125597352
42283,0.12952257091842737,12__nan,PertCortex_12_GTCACAAGTAGTAGTA,3.2617229218617987
42284,0.03881118198662165,12__nan,PertCortex_12_GTCACAAGTTGGTGGA,3.3900541601493224
42285,0.3168714210215368,12__nan,PertCortex_12_GTCACAATCCTGCCAT,2.089137266694762
42286,0.2350131495771378,12__nan,PertCortex_12_GTCACGGTCCTTCAAT,2.8053458581264348
42287,0.14169937444374417,12__nan,PertCortex_12_GTCACGGTCGTTGACA,4.724183102556285
42288,0.4412371513090025,12__nan,PertCortex_12_GTCATTTAGTCCGTAT,2.378419388982329
42289,0.1315762140881698,12__nan,PertCortex_12_GTCATTTCACCAGATT,3.218686179802916
42290,0.09284613827694434,12__nan,PertCortex_12_GTCATTTCACTCGACG,4.941282912878903
42291,0.5216086452399695,12__nan,PertCortex_12_GTCATTTGTGGAAAGA,1.7411016773338877
42292,0.19104143865546624,12__nan,PertCortex_12_GTCGGGTCATCGGTTA,4.27460357089167
42293,0.19870571610906218,12__nan,PertCortex_12_GTCGGGTTCAAAGTAG,3.4072927229997454
42294,0.07452355476474387,12__nan,PertCortex_12_GTCGGGTTCTGATACG,4.69049394020835
42295,0.17061969829095264,12__nan,PertCortex_12_GTCGTAAAGCTCAACT,4.173421090478101
42296,0.1048873764471981,12__nan,PertCortex_12_GTCGTAAGTCTAGGTT,4.242977342835604
42297,0.40042043316582354,12__nan,PertCortex_12_GTCGTAATCTGCTTGC,2.2496189926799315
42298,0.08325480691714404,12__nan,PertCortex_12_GTGAAGGCACTACAGT,4.224789673048865
42299,0.14459188108176402,12__nan,PertCortex_12_GTGCAGCAGGATGGTC,5.200685170397726
42300,0.03154077438928772,12__nan,PertCortex_12_GTGCAGCAGGCACATG,3.6365314341352843
42301,0.17533912496859502,12__nan,PertCortex_12_GTGCAGCCAAGCGATG,3.48660690165275
42302,-0.005100928852345911,12__nan,PertCortex_12_GTGCAGCCAGCTGTAT,4.047243331974198
42303,0.34381821276855723,12__nan,PertCortex_12_GTGCAGCGTTTGACTG,4.457198150241072
42304,0.11375671214911931,12__nan,PertCortex_12_GTGCAGCTCAACGGCC,3.8716923638719454
42305,0.14752304350171835,12__nan,PertCortex_12_GTGCAGCTCACAACGT,3.866483693536421
42306,0.1162272463212138,12__nan,PertCortex_12_GTGCAGCTCTTTCCTC,4.344391363870262
42307,0.06416772174281792,12__nan,PertCortex_12_GTGCGGTAGGAATCGC,3.7800784586674725
42308,0.16110850548702838,12__nan,PertCortex_12_GTGCGGTTCCCTTGCA,3.5379441817425956
42309,0.26055509938237986,12__nan,PertCortex_12_GTGCGGTTCGGAAATA,3.1189923715912955
42310,0.22013655618150707,12__nan,PertCortex_12_GTGCTTCAGTGGAGTC,3.3376898690068217
42311,0.12566664786656892,12__nan,PertCortex_12_GTGCTTCGTGACAAAT,4.395499061777527
42312,0.0723301624796489,12__nan,PertCortex_12_GTGTGCGAGTCTCCTC,4.0488059349290095
42313,0.38390255925013156,12__nan,PertCortex_12_GTGTGCGCAGGGTATG,2.13512159306281
42314,0.4321966975929441,12__nan,PertCortex_12_GTGTGCGTCATGCAAC,2.7784530447473466
42315,0.29971493175719127,12__nan,PertCortex_12_GTGTTAGAGTAAGTAC,2.2722766812345956
42316,0.17778585263975258,12__nan,PertCortex_12_GTGTTAGCATAAGACA,4.137311296332335
42317,0.09601633978944274,12__nan,PertCortex_12_GTGTTAGCATATACGC,4.131226811363043
42318,0.10563946813662305,12__nan,PertCortex_12_GTGTTAGGTTCAGTAC,3.2112844219367633
42319,0.09758292406421462,12__nan,PertCortex_12_GTTAAGCCACACGCTG,2.2354167211073723
42320,0.24957843614125116,12__nan,PertCortex_12_GTTAAGCTCCTTGGTC,2.61008772535116
42321,0.5478154527919697,12__nan,PertCortex_12_GTTACAGCATACGCTA,1.1623806450945897
42322,0.29120842423824783,12__nan,PertCortex_12_GTTCTCGAGACTAGGC,2.318592019271976
42323,0.1421801658160277,12__nan,PertCortex_12_GTTCTCGCACGAGAGT,4.47584941166498
42324,0.10745543506845326,12__nan,PertCortex_12_GTTCTCGCAGCATACT,3.894596521270135
42325,0.13239317204458279,12__nan,PertCortex_12_GTTTCTAAGAGAACAG,4.162390139434443
42326,0.1286931314434506,12__nan,PertCortex_12_TAAACCGTCCGAACGC,3.8790007867497165
42327,0.06819056925582945,12__nan,PertCortex_12_TAAGAGACAATCACAC,4.1950343643969195
42328,0.3836498623799554,12__nan,PertCortex_12_TAAGAGATCATGGTCA,1.7753410668413325
42329,0.2789727783401713,12__nan,PertCortex_12_TAAGTGCAGTGCGATG,2.102450887910962
42330,0.553877270124712,12__nan,PertCortex_12_TACACGACACCACCAG,1.6832969830770246
42331,0.17625609019339858,12__nan,PertCortex_12_TACACGACAGATGGCA,4.59061199903551
42332,0.24557955780336294,12__nan,PertCortex_12_TACAGTGCACCTCGGA,2.1540819322099054
42333,0.06854899768014548,12__nan,PertCortex_12_TACAGTGGTTTCCACC,3.61795050472704
42334,0.07584251542644188,12__nan,PertCortex_12_TACCTTAAGGAGTTGC,3.4872348575937786
42335,0.15525634249736192,12__nan,PertCortex_12_TACCTTAGTTGTGGCC,3.5410283097891333
42336,0.14987283631138473,12__nan,PertCortex_12_TACCTTATCGCCTGTT,2.6142443038036856
42337,0.0764352567244842,12__nan,PertCortex_12_TACGGATAGAAACGCC,3.9527056565162026
42338,0.21611549939190944,12__nan,PertCortex_12_TACGGATCATGCAATC,2.6191134189702887
42339,0.07114315349830266,12__nan,PertCortex_12_TACGGGCCATTGAGCT,3.5299263672209835
42340,0.08456074065178004,12__nan,PertCortex_12_TACGGTAAGGACCACA,3.7383766151344515
42341,0.10558904296092417,12__nan,PertCortex_12_TACGGTACAGACGCAA,3.720487702168174
42342,0.09981016628288067,12__nan,PertCortex_12_TACTCATCAGATTGCT,3.9988389820842043
42343,0.07035204295398248,12__nan,PertCortex_12_TACTCATTCACAACGT,3.8764790251016303
42344,0.42255392735991126,12__nan,PertCortex_12_TACTCGCCAAGCGATG,2.337609237724655
42345,0.06354116700539396,12__nan,PertCortex_12_TACTTACAGACTAAGT,3.945362765333128
42346,0.1796318385576514,12__nan,PertCortex_12_TAGACCAAGATCTGAA,4.87559104466957
42347,0.22164549744195608,12__nan,PertCortex_12_TAGACCACACCGAAAG,3.1799070504813907
42348,0.1409270576103786,12__nan,PertCortex_12_TAGACCATCAACGGCC,3.0891608766382626
42349,0.2952676969350333,12__nan,PertCortex_12_TAGCCGGAGACTTTCG,2.6439664754457937
42350,0.5276623851204877,12__nan,PertCortex_12_TAGCCGGAGCAGCGTA,1.6827135701053395
42351,0.058491023422251515,12__nan,PertCortex_12_TAGCCGGCAAGAGGCT,3.944269335128719
42352,0.21260744919906202,12__nan,PertCortex_12_TAGCCGGCAGCCAGAA,3.4477514258817386
42353,0.45035962924009193,12__nan,PertCortex_12_TAGCCGGGTGTAATGA,1.8864203719350967
42354,0.2649193631022139,12__nan,PertCortex_12_TAGCCGGGTTCGCTAA,3.1248415972169337
42355,-0.014771827665436743,12__nan,PertCortex_12_TAGTGGTGTAGCTAAA,4.709329901794318
42356,0.5731977781814924,12__nan,PertCortex_12_TATCAGGAGTGGGCTA,1.877625828768715
42357,0.17164229647718798,12__nan,PertCortex_12_TATCAGGTCATGTCTT,3.0077691801337747
42358,0.5774789991718731,12__nan,PertCortex_12_TATCAGGTCCAGTAGT,1.8728663712506763
42359,0.04356506442313654,12__nan,PertCortex_12_TATGCCCTCCCAGGTG,3.977373268555742
42360,0.2426065385023252,12__nan,PertCortex_12_TATGCCCTCGCCCTTA,4.089734611358593
42361,0.44095878821697027,12__nan,PertCortex_12_TATTACCCAATCGAAA,2.2837810123939914
42362,0.08757726467343786,12__nan,PertCortex_12_TATTACCGTCGAATCT,4.344199545837732
42363,0.1952722713237192,12__nan,PertCortex_12_TATTACCTCGATAGAA,3.1068809328660953
42364,0.006661553853016753,12__nan,PertCortex_12_TCAACGAAGATCCTGT,3.3417840305223367
42365,0.315658702820708,12__nan,PertCortex_12_TCAATCTAGTGCGATG,1.9317765959697986
42366,0.13870085873345026,12__nan,PertCortex_12_TCAATCTGTATGAAAC,2.543169360156519
42367,0.11997743006657158,12__nan,PertCortex_12_TCAATCTGTCCATCCT,3.9881103798239623
42368,0.19457772212063024,12__nan,PertCortex_12_TCACGAAAGCCGTCGT,3.560108945582638
42369,0.14616587665931854,12__nan,PertCortex_12_TCACGAACAGGTGGAT,4.50668565817733
42370,0.10610376565134835,12__nan,PertCortex_12_TCACGAATCAGCAACT,3.039643470973374
42371,0.13219265317543102,12__nan,PertCortex_12_TCAGATGAGTTGAGTA,2.9089913306665327
42372,0.05599344762427423,12__nan,PertCortex_12_TCAGATGCATGTTGAC,3.1522979802792497
42373,0.13475412285099742,12__nan,PertCortex_12_TCAGCAAAGGTAAACT,4.17533628986411
42374,0.04930620576534151,12__nan,PertCortex_12_TCAGCAAAGTTCCACA,4.540701042538859
42375,0.4506420884166044,12__nan,PertCortex_12_TCAGCAACATGAACCT,2.4414037665047346
42376,0.5610423662323727,12__nan,PertCortex_12_TCAGCTCCAAATTGCC,1.6473818917919123
42377,0.1535902898497897,12__nan,PertCortex_12_TCAGCTCGTTTGACTG,2.629333353881169
42378,0.10209548785102011,12__nan,PertCortex_12_TCAGCTCTCATAAAGG,3.5266181666239973
42379,0.23763725196357507,12__nan,PertCortex_12_TCAGGTAAGTGGGTTG,1.5390132592145371
42380,0.07891690862872099,12__nan,PertCortex_12_TCAGGTACAGTGAGTG,4.094846827070959
42381,0.10588833128464023,12__nan,PertCortex_12_TCATTACAGCCACGTC,3.109480081656288
42382,0.3790522742379792,12__nan,PertCortex_12_TCATTACGTTGAGGTG,2.008331059134978
42383,0.22509664557150566,12__nan,PertCortex_12_TCATTTGGTCAACATC,3.411820583864879
42384,0.2618294277211995,12__nan,PertCortex_12_TCCACACGTTCTGTTT,2.345949918851246
42385,0.5973376948039761,12__nan,PertCortex_12_TCCCGATTCTGCAAGT,1.837435953383367
42386,0.19329033995922573,12__nan,PertCortex_12_TCGAGGCGTTCGCTAA,3.219933288180576
42387,0.06989429470793143,12__nan,PertCortex_12_TCGCGAGCAGGATTGG,3.3120132574402406
42388,0.36161814958507077,12__nan,PertCortex_12_TCGCGAGTCTTTACGT,2.388143981260382
42389,0.5541102452466286,12__nan,PertCortex_12_TCGCGTTCAAGCCATT,1.6964020510815627
42390,0.20844572792772914,12__nan,PertCortex_12_TCGCGTTTCGCAAGCC,3.887546484950641
42391,0.3564692683066662,12__nan,PertCortex_12_TCGGGACAGCGTCTAT,2.240904157790306
42392,0.34266327179009576,12__nan,PertCortex_12_TCGGGACCAGTAGAGC,2.4241064385141655
42393,0.1550630247930953,12__nan,PertCortex_12_TCGGGACGTTCGGCAC,4.274762070066414
42394,0.21259764398991307,12__nan,PertCortex_12_TCGGGACGTTGAACTC,3.108736728197519
42395,0.16336045013000805,12__nan,PertCortex_12_TCGGTAAAGTGCCAGA,4.836988108417332
42396,0.05694859550602495,12__nan,PertCortex_12_TCGTACCAGGCTAGCA,2.7903929673914574
42397,0.24314561015344097,12__nan,PertCortex_12_TCGTACCCAACTGCGC,2.962365763356555
42398,0.11531838963060893,12__nan,PertCortex_12_TCGTACCCAAGAAAGG,4.306696004296404
42399,0.12016221657226704,12__nan,PertCortex_12_TCGTAGATCTCAAACG,3.2996661811474732
42400,0.4600696312496537,12__nan,PertCortex_12_TCTATTGCAGCTGCTG,1.9238950302592326
42401,0.3289712246904684,12__nan,PertCortex_12_TCTATTGGTCACACGC,2.5842256907375805
42402,0.1661566841366911,12__nan,PertCortex_12_TCTCATAGTGTGCGTC,3.7909466238961786
42403,0.18861377528335324,12__nan,PertCortex_12_TCTCTAAAGTGAACGC,3.755194488884538
42404,0.12349966648014875,12__nan,PertCortex_12_TCTCTAACACCAGGCT,4.723167741571962
42405,0.3259101339701926,12__nan,PertCortex_12_TCTCTAAGTCGGATCC,2.141225329055981
42406,0.13581191547205024,12__nan,PertCortex_12_TCTCTAATCAGGCCCA,3.6064008972877617
42407,0.3578611806616706,12__nan,PertCortex_12_TCTCTAATCCCAAGAT,2.1091965952760026
42408,0.1326179752636872,12__nan,PertCortex_12_TCTGAGAAGGATCGCA,3.9381553159176974
42409,0.25624154221517426,12__nan,PertCortex_12_TCTGAGAAGTTGTAGA,4.524255439040446
42410,0.09855902300852591,12__nan,PertCortex_12_TCTGAGACAGCGATCC,3.6290505574235183
42411,0.4835011863737917,12__nan,PertCortex_12_TCTGAGAGTCAACATC,2.5683950790603927
42412,0.29843100641441683,12__nan,PertCortex_12_TCTGGAAAGAAGATTC,3.930705800261555
42413,0.10285378052764357,12__nan,PertCortex_12_TCTGGAAAGGCAGTCA,4.96446307853448
42414,0.269265211045509,12__nan,PertCortex_12_TGAAAGAGTAAGAGGA,2.3560597571791773
42415,0.1673811496214796,12__nan,PertCortex_12_TGACGGCAGACCCACC,3.800944281786384
42416,0.07514571180535605,12__nan,PertCortex_12_TGACGGCGTATAAACG,3.3435759945620216
42417,0.05834772103726611,12__nan,PertCortex_12_TGACGGCGTTGAGTTC,4.0300722487122025
42418,0.06325126197278166,12__nan,PertCortex_12_TGACGGCTCAGTTGAC,3.26639509720183
42419,0.18431330172007718,12__nan,PertCortex_12_TGACTAGAGTATTGGA,3.9717539589160604
42420,0.15741796046008907,12__nan,PertCortex_12_TGACTAGGTTCGAATC,2.8610774566545825
42421,0.4229717764003826,12__nan,PertCortex_12_TGACTAGTCTCTTGAT,2.086510086742453
42422,0.15803154196886893,12__nan,PertCortex_12_TGACTAGTCTGGTATG,3.5860439462414013
42423,0.2614513054792885,12__nan,PertCortex_12_TGACTTTAGCCGTCGT,3.0880552739644394
42424,0.600636099119397,12__nan,PertCortex_12_TGACTTTAGTTCGATC,2.116694283207368
42425,0.6492641600316975,12__nan,PertCortex_12_TGACTTTCACTCGACG,1.8221468643192504
42426,0.5065855300598143,12__nan,PertCortex_12_TGACTTTGTTCAGGCC,2.2651873861846012
42427,0.1435816800046493,12__nan,PertCortex_12_TGAGGGAGTTGTCGCG,4.067765368568667
42428,0.5627978294079243,12__nan,PertCortex_12_TGCACCTAGCCCAATT,1.8723728541266138
42429,0.15053333145298262,12__nan,PertCortex_12_TGCACCTAGGCCGAAT,2.617893620286457
42430,0.26425805999816865,12__nan,PertCortex_12_TGCACCTCAGCGTAAG,3.4339659471095874
42431,0.3117424584894167,12__nan,PertCortex_12_TGCCAAATCATCATTC,4.129349203495601
42432,0.6001693306988728,12__nan,PertCortex_12_TGCCCATAGTCAAGGC,1.9749893532797127
42433,0.1026673611140708,12__nan,PertCortex_12_TGCCCATCACCACCAG,3.957118989061464
42434,0.13333823853704768,12__nan,PertCortex_12_TGCCCATGTTATCCGA,2.7320713660141553
42435,0.09867016556474197,12__nan,PertCortex_12_TGCCCATTCTCGGACG,3.6627960001678592
42436,0.11023954885476987,12__nan,PertCortex_12_TGCCCTAGTATAATGG,3.9281487990545365
42437,0.04507996792557005,12__nan,PertCortex_12_TGCGCAGAGGGTCTCC,3.182177617380703
42438,0.054545384464530944,12__nan,PertCortex_12_TGCGCAGCACGTAAGG,3.7955870510732153
42439,0.4991100145366165,12__nan,PertCortex_12_TGCGCAGTCAACCATG,2.10273460381084
42440,0.13824118283161238,12__nan,PertCortex_12_TGCGCAGTCTAACTCT,2.8611442975626704
42441,0.06854590036574007,12__nan,PertCortex_12_TGCTACCAGTAACCCT,4.783148782344413
42442,0.5161733942198294,12__nan,PertCortex_12_TGCTACCCAGGTGCCT,1.626397796594489
42443,0.10008837493961835,12__nan,PertCortex_12_TGCTGCTAGGATGCGT,2.8235561692785875
42444,0.18254906075326044,12__nan,PertCortex_12_TGCTGCTAGTAATCCC,4.006112818256759
42445,0.1943612075727017,12__nan,PertCortex_12_TGCTGCTCACCCATGG,3.4038559497204686
42446,0.07278065607285103,12__nan,PertCortex_12_TGCTGCTGTCATGCCG,4.055242396521386
42447,0.5142244628959365,12__nan,PertCortex_12_TGGCCAGAGCGTTGCC,2.2114911628889535
42448,0.11035697876823126,12__nan,PertCortex_12_TGGCCAGGTATTCTCT,2.4321227016729017
42449,0.1284459419825261,12__nan,PertCortex_12_TGGCCAGGTGCCTGCA,3.5158715754816563
42450,0.09015170316892474,12__nan,PertCortex_12_TGGCGCATCCTATGTT,4.020150435453022
42451,0.125757620124781,12__nan,PertCortex_12_TGGCGCATCGGACAAG,3.445198716865723
42452,0.04921916345629801,12__nan,PertCortex_12_TGGCTGGAGAAACGAG,4.182487655719266
42453,0.5448072604749176,12__nan,PertCortex_12_TGGCTGGCACCTATCC,2.015990810055414
42454,0.051569011810298215,12__nan,PertCortex_12_TGGCTGGTCATTATCC,3.172965427620638
42455,0.37576688788654616,12__nan,PertCortex_12_TGGGAAGGTTGATTGC,1.9977812738497696
42456,0.3020554433287149,12__nan,PertCortex_12_TGGGCGTAGGAATGGA,2.677346209723317
42457,0.18450254377698216,12__nan,PertCortex_12_TGGGCGTCACATAACC,3.153496106662719
42458,0.4930388062089903,12__nan,PertCortex_12_TGGGCGTGTCCGTCAG,1.6631076394187916
42459,0.07630583960979472,12__nan,PertCortex_12_TGGTTAGCACGTTGGC,4.168283163201005
42460,0.23610664314007254,12__nan,PertCortex_12_TGGTTAGTCTTGTATC,3.643199540038401
42461,0.11964771606874561,12__nan,PertCortex_12_TGGTTCCAGCTAAGAT,3.8741505280266875
42462,0.6061299643614851,12__nan,PertCortex_12_TGGTTCCCAGGGCATA,2.12300222657827
42463,0.06541649414581288,12__nan,PertCortex_12_TGGTTCCTCGCCAAAT,4.406577231847118
42464,0.1594776729130367,12__nan,PertCortex_12_TGTGTTTAGAGCTGGT,1.98761345926108
42465,0.4165996630342865,12__nan,PertCortex_12_TGTGTTTCAATACGCT,2.688903458853889
42466,0.09039648144245246,12__nan,PertCortex_12_TGTTCCGAGCCCAATT,3.555626542805764
42467,0.19517676600218933,12__nan,PertCortex_12_TGTTCCGAGCCCGAAA,4.197783469004637
42468,0.04751450017297206,12__nan,PertCortex_12_TGTTCCGGTCGCATAT,3.7403372648051225
42469,0.2801247349323374,12__nan,PertCortex_12_TTAACTCCAGACGCCT,3.2263529109824933
42470,0.148873637709431,12__nan,PertCortex_12_TTAGGACAGAGAGCTC,4.43529271704693
42471,0.22313137394418453,12__nan,PertCortex_12_TTAGGACCACAGGCCT,3.1007764752447846
42472,0.5432154255783185,12__nan,PertCortex_12_TTAGGACTCATGCATG,2.018703279746551
42473,0.13311877644847842,12__nan,PertCortex_12_TTAGGCAGTAAGAGGA,3.965403646210003
42474,0.11887947285817449,12__nan,PertCortex_12_TTAGGCAGTCGGCACT,4.5811317540479575
42475,0.30068584540516674,12__nan,PertCortex_12_TTAGGCATCAAGGTAA,2.1113542243925325
42476,0.3029976254928473,12__nan,PertCortex_12_TTAGGCATCATACGGT,2.669147175763198
42477,0.12483486344547842,12__nan,PertCortex_12_TTAGGCATCGACGGAA,3.798647375534438
42478,0.6917205779263723,12__nan,PertCortex_12_TTAGTTCCAGACGCTC,1.4272967081181933
42479,0.055552823338059484,12__nan,PertCortex_12_TTATGCTAGATGCGAC,3.189094337515948
42480,0.09477699227857977,12__nan,PertCortex_12_TTATGCTGTGATGTGG,3.0078601244551466
42481,0.02361366420942871,12__nan,PertCortex_12_TTCCCAGAGACAGAGA,4.067328225127089
42482,0.149188764376212,12__nan,PertCortex_12_TTCCCAGTCCGAAGAG,4.683791128980573
42483,0.07379462713686376,12__nan,PertCortex_12_TTCCCAGTCCGCGGTA,2.4086042742620672
42484,0.05363455569010093,12__nan,PertCortex_12_TTCGAAGAGGAGTTGC,3.4370219429062194
42485,0.5093724517822357,12__nan,PertCortex_12_TTCGAAGCAATCGGTT,2.0508450050028397
42486,0.07834423688185732,12__nan,PertCortex_12_TTCGAAGGTTTACTCT,2.635014513611028
42487,0.15003196186630552,12__nan,PertCortex_12_TTCGGTCAGGTCGGAT,3.5763675770411156
42488,0.3538660894539347,12__nan,PertCortex_12_TTCGGTCCACACTGCG,3.0114255367977596
42489,0.1131829217251859,12__nan,PertCortex_12_TTCTACACAGTTCCCT,2.8739300537745396
42490,0.26902360237539047,12__nan,PertCortex_12_TTCTACACATCATCCC,2.948633102540689
42491,0.16818519043596075,12__nan,PertCortex_12_TTCTACAGTCTGATCA,4.8487123352883446
42492,0.08240525861172711,12__nan,PertCortex_12_TTCTCAACATTGGGCC,3.8446757649498675
42493,0.3464177312750286,12__nan,PertCortex_12_TTCTCAAGTCCCTTGT,1.857101777378632
42494,0.1705875816537403,12__nan,PertCortex_12_TTCTCAATCTCCTATA,3.5347738036178904
42495,0.12329915178956373,12__nan,PertCortex_12_TTCTCAATCTTGTACT,3.038148821339302
42496,0.362090534135484,12__nan,PertCortex_12_TTCTCAATCTTTAGGG,2.4448213259712026
42497,0.08688761078527321,12__nan,PertCortex_12_TTCTCCTCAGTAGAGC,4.544601110706783
42498,0.24770363351763447,12__nan,PertCortex_12_TTCTCCTCATGCATGT,2.498851187159612
42499,0.05779852692885369,12__nan,PertCortex_12_TTCTCCTGTATAATGG,3.9245994042393093
42500,0.19906263235901112,12__nan,PertCortex_12_TTCTTAGGTTACGTCA,3.8432167302007274
42501,0.054879306536260324,12__nan,PertCortex_12_TTGAACGAGCTACCGC,3.3480673942566126
42502,0.15904782054549405,12__nan,PertCortex_12_TTGAACGTCAACGAAA,5.104442527805302
42503,0.16649200958423369,12__nan,PertCortex_12_TTGACTTAGGGCTTGA,3.3601462474931942
42504,0.45108478211287956,12__nan,PertCortex_12_TTGCCGTCAAATTGCC,1.9489313577756084
42505,0.04769089069950226,12__nan,PertCortex_12_TTGCCGTGTGCACCAC,4.100678635040823
42506,0.27927558370091604,12__nan,PertCortex_12_TTGTAGGCATGCGCAC,1.9269471782560186
42507,0.16119481748483727,12__nan,PertCortex_12_TTGTAGGGTTGAGTTC,2.816817119399619
42508,0.03796849925215188,12__nan,PertCortex_12_TTTACTGCAAGACACG,3.8363506392313242
42509,0.25282315416021756,12__nan,PertCortex_12_TTTATGCCAAGCCATT,3.0943579480438546
42510,0.05076738308719208,12__nan,PertCortex_12_TTTATGCGTATTACCG,4.25474760166729
42511,0.2898368228607193,12__nan,PertCortex_12_TTTATGCTCAACCATG,1.9309394199618086
42512,0.0885435034831963,12__nan,PertCortex_12_TTTATGCTCAAGGCTT,5.143914006657253
42513,0.5582828133927203,12__nan,PertCortex_12_TTTATGCTCCCTGACT,2.497386314074408
42514,0.21863900090890104,12__nan,PertCortex_12_TTTCCTCTCTTCTGGC,3.2216956757922146
42515,0.1764450093338777,12__nan,PertCortex_12_TTTGCGCAGAGCCCAA,2.899013872580128
42516,0.19877678496063844,12__nan,PertCortex_12_TTTGCGCCATTGGGCC,3.457306230656986
42517,0.07303671951510066,12__nan,PertCortex_12_TTTGCGCGTGACGGTA,3.9293445358593226
42518,0.590691762191712,12__nan,PertCortex_12_TTTGGTTAGTTCGCAT,1.7041607786501958
42519,0.20152149834947009,12__nan,PertCortex_12_TTTGGTTCACCTCGTT,2.72591923412131
42520,0.15754273637928795,12__nan,PertCortex_12_TTTGTCAAGATCCTGT,4.366539337490716
42521,0.1406038168640548,12__nan,PertCortex_12_TTTGTCACAGGGATTG,3.7797843337301376
42522,0.6013870298548647,12__nan,PertCortex_12_TTTGTCATCAAACCAC,1.5558248459390749
42523,0.282721673978156,13__nan,PertCortex_13_AAACCTGCACACAGAG,1.8365285681208106
42524,0.4730179390233362,13__nan,PertCortex_13_AAACGGGAGCGATGAC,1.9487672621127607
42525,0.11909658580708272,13__nan,PertCortex_13_AAACGGGAGTCAATAG,3.930765287118924
42526,0.09327436702903483,13__nan,PertCortex_13_AAACGGGGTTGAGGTG,3.9313513685380075
42527,0.5791924394047033,13__nan,PertCortex_13_AAAGATGAGATAGGAG,2.1739672063380175
42528,0.07414035155857561,13__nan,PertCortex_13_AAAGCAATCCGTCAAA,4.2230339854514645
42529,0.18831485843511558,13__nan,PertCortex_13_AAAGCAATCGGAATCT,3.623625504553148
42530,0.058882460107998615,13__nan,PertCortex_13_AAAGCAATCGTACGGC,3.5917682537573437
42531,0.19733358946345048,13__nan,PertCortex_13_AAAGTAGAGATCCTGT,4.541107944402051
42532,0.0957745850608945,13__nan,PertCortex_13_AAAGTAGCAGGGTATG,3.4526043644624287
42533,0.18293025028009247,13__nan,PertCortex_13_AACACGTGTTGAACTC,4.324323735921733
42534,0.20280237698147288,13__nan,PertCortex_13_AACACGTTCTAGAGTC,3.630617236951252
42535,0.24419161219350533,13__nan,PertCortex_13_AACCATGAGAGAGCTC,3.5749129129961905
42536,0.10528693465746482,13__nan,PertCortex_13_AACCATGTCTCGGACG,3.1042296006709713
42537,0.20244574510831148,13__nan,PertCortex_13_AACGTTGTCGGAGCAA,2.8856755137704577
42538,0.10411820512224362,13__nan,PertCortex_13_AACTCCCCAGCATACT,4.240177996800124
42539,0.17789632967757638,13__nan,PertCortex_13_AACTCTTCATCGATGT,2.7919098606202697
42540,0.14372913195063566,13__nan,PertCortex_13_AACTGGTAGTACGTAA,2.6219909307390337
42541,0.4195623450410315,13__nan,PertCortex_13_AACTGGTGTTGGGACA,2.165455313334935
42542,0.2895324252905823,13__nan,PertCortex_13_AACTGGTTCACAATGC,2.3135598682959744
42543,0.16633794173951538,13__nan,PertCortex_13_AAGACCTAGGCATGGT,4.740923013555379
42544,0.13929564406702558,13__nan,PertCortex_13_AAGCCGCCAGTTAACC,2.6078836362250093
42545,0.1033212219922724,13__nan,PertCortex_13_AAGGAGCCACGGCCAT,2.683271903067069
42546,0.16901174962141038,13__nan,PertCortex_13_AAGGAGCTCTGTCCGT,3.0235299119958143
42547,0.08820361538326763,13__nan,PertCortex_13_AAGGTTCAGTTAGGTA,3.3140967911726555
42548,0.26428624296382014,13__nan,PertCortex_13_AAGGTTCTCCTGCCAT,2.283445998548078
42549,0.15387740500363,13__nan,PertCortex_13_AAGTCTGCAAACTGTC,4.723658955845727
42550,0.176794864545154,13__nan,PertCortex_13_AATCGGTCATGGGACA,3.458118674338495
42551,0.1635669090550738,13__nan,PertCortex_13_AATCGGTTCTACTTAC,3.1213579327166947
42552,0.07295506113119005,13__nan,PertCortex_13_ACACCCTCACAGCGTC,3.8623872681910982
42553,0.09198872004536356,13__nan,PertCortex_13_ACACCGGGTGCAACGA,4.134917129752061
42554,0.2314365975083774,13__nan,PertCortex_13_ACACCGGTCGGAAATA,2.1622898828584756
42555,0.1703855820392519,13__nan,PertCortex_13_ACACTGAAGTGAAGAG,3.5445293812070404
42556,0.1270509257957053,13__nan,PertCortex_13_ACACTGAAGTTGTCGT,2.197195126408097
42557,0.27097724900549464,13__nan,PertCortex_13_ACACTGAGTAGAGGAA,1.9460760274100257
42558,0.11765115283399524,13__nan,PertCortex_13_ACACTGATCCCAAGTA,4.68538166148128
42559,0.1636158450851113,13__nan,PertCortex_13_ACAGCCGAGATCTGAA,2.986753126938839
42560,0.2655749475448073,13__nan,PertCortex_13_ACAGCCGGTCGAATCT,3.1274600582885137
42561,0.41469389960147607,13__nan,PertCortex_13_ACATCAGAGCTTATCG,2.2866811695062355
42562,0.0631609280126277,13__nan,PertCortex_13_ACATCAGAGGCTCAGA,4.289339097517612
42563,0.23202372454494136,13__nan,PertCortex_13_ACATCAGAGTAAGTAC,3.339284173491901
42564,0.18533309881684648,13__nan,PertCortex_13_ACATCAGCATTTCAGG,4.467661436776307
42565,0.21596015691740808,13__nan,PertCortex_13_ACATGGTTCGCCATAA,3.3988627497848998
42566,0.46931403920596615,13__nan,PertCortex_13_ACCAGTAAGTGGGTTG,2.0185413336170157
42567,0.17953530161354125,13__nan,PertCortex_13_ACCAGTATCTTACCTA,3.4468297897455744
42568,0.06005166283826027,13__nan,PertCortex_13_ACCCACTCATTGTGCA,4.213978800273697
42569,0.08764584227480446,13__nan,PertCortex_13_ACCCACTGTCAAACTC,3.8133716932679382
42570,0.26205788150807224,13__nan,PertCortex_13_ACCCACTTCCATGCTC,3.0371876668607403
42571,0.2835560587666273,13__nan,PertCortex_13_ACCGTAAGTTAAAGAC,2.6428208431487765
42572,0.2091264824527664,13__nan,PertCortex_13_ACCTTTAGTGTCAATC,2.4812559457963705
42573,0.5124508068699671,13__nan,PertCortex_13_ACCTTTATCACTCCTG,1.6275775004034636
42574,0.2248459127197755,13__nan,PertCortex_13_ACCTTTATCCGTTGCT,2.312570093904593
42575,0.030092941984742876,13__nan,PertCortex_13_ACGAGCCGTCGCATCG,3.398372327961948
42576,0.21819428741045852,13__nan,PertCortex_13_ACGAGCCGTCGTTGTA,2.4745728598899133
42577,0.1149532914712695,13__nan,PertCortex_13_ACGATACGTATATCCG,2.5926894029557004
42578,0.04381806440885964,13__nan,PertCortex_13_ACGATGTAGGAATGGA,3.453363645958281
42579,0.15574753451308507,13__nan,PertCortex_13_ACGATGTGTACGAAAT,4.587040679042198
42580,0.17025171158243735,13__nan,PertCortex_13_ACGATGTGTAGCTTGT,3.697980140874436
42581,0.12240361907826755,13__nan,PertCortex_13_ACGCCAGAGCCTATGT,4.252194896519034
42582,0.3611108139366756,13__nan,PertCortex_13_ACGCCGACAGACGCAA,2.509846435206344
42583,0.07789268131973992,13__nan,PertCortex_13_ACGGCCAAGATCCCGC,3.7793246694657507
42584,0.1377998625707454,13__nan,PertCortex_13_ACGGGCTGTACCGCTG,2.939237689112305
42585,0.35413598150632125,13__nan,PertCortex_13_ACGGGCTGTTGGTGGA,3.107762749174881
42586,0.16648676569123938,13__nan,PertCortex_13_ACGGGCTGTTGTACAC,4.518318225998272
42587,0.29067446683598747,13__nan,PertCortex_13_ACGTCAAAGCATCATC,2.4168957750056634
42588,0.11808497343034706,13__nan,PertCortex_13_ACGTCAATCTTTAGTC,4.241396937742941
42589,0.08569453507382782,13__nan,PertCortex_13_ACTGAACAGCGATAGC,3.624507307463905
42590,0.09472390290076717,13__nan,PertCortex_13_ACTGAACCAGGTCCAC,3.7656486816607013
42591,0.2301463113623661,13__nan,PertCortex_13_ACTGAGTTCGAACTGT,3.6490771934034343
42592,0.08981088145254705,13__nan,PertCortex_13_ACTGATGAGAGTTGGC,4.227802040030941
42593,0.4276218292305759,13__nan,PertCortex_13_ACTGATGAGGGCTCTC,2.9517976177481047
42594,0.27105776434619344,13__nan,PertCortex_13_ACTGCTCCAGCCTGTG,2.438014778198086
42595,0.04661236849728125,13__nan,PertCortex_13_ACTGCTCGTAAGGGCT,3.8437289009490536
42596,0.301010522668497,13__nan,PertCortex_13_ACTGCTCGTCCAGTAT,1.9600534998579013
42597,0.37949246501706285,13__nan,PertCortex_13_ACTGTCCGTTGTACAC,1.8768407575639372
42598,0.06170180389002526,13__nan,PertCortex_13_ACTGTCCTCCATTCTA,4.939148363085057
42599,0.08387376716760173,13__nan,PertCortex_13_ACTTACTAGTGTCCAT,3.903234807100368
42600,0.3689997051808588,13__nan,PertCortex_13_ACTTGTTCAACTTGAC,1.8044350806400948
42601,0.1606295178843569,13__nan,PertCortex_13_ACTTGTTGTCATTAGC,3.682180156681485
42602,0.1318537077349065,13__nan,PertCortex_13_ACTTGTTGTGTTTGTG,2.685642829991455
42603,0.5818456090068209,13__nan,PertCortex_13_ACTTGTTTCCTTTACA,1.4061851259195335
42604,0.16521956618129943,13__nan,PertCortex_13_AGAATAGTCTTCTGGC,3.710200618996532
42605,0.04038642427490948,13__nan,PertCortex_13_AGACGTTAGTACGTTC,3.3101159934643385
42606,0.18009122045120254,13__nan,PertCortex_13_AGACGTTTCGATGAGG,3.968992989792321
42607,0.42264170387096645,13__nan,PertCortex_13_AGAGCTTAGTACTTGC,2.1324981962059857
42608,0.20386043772699444,13__nan,PertCortex_13_AGAGTGGCACAGCGTC,3.5238964311636485
42609,0.20661597774498186,13__nan,PertCortex_13_AGATCTGCAAGTCATC,3.3456378750618385
42610,0.2542185116706966,13__nan,PertCortex_13_AGATTGCCAACGATCT,3.07877690552668
42611,0.2312807854770587,13__nan,PertCortex_13_AGCAGCCAGCCTATGT,3.900959017324845
42612,0.37561596301457256,13__nan,PertCortex_13_AGCAGCCCAGGATCGA,2.138968908580322
42613,0.15419379936521765,13__nan,PertCortex_13_AGCAGCCTCACAGTAC,3.169794439687797
42614,0.0464025647128139,13__nan,PertCortex_13_AGCATACAGCCTTGAT,4.605874980743908
42615,0.1731775059535052,13__nan,PertCortex_13_AGCATACCAGTTCCCT,4.257795146243381
42616,0.0649922035613323,13__nan,PertCortex_13_AGCATACTCACTTCAT,4.5624111032911125
42617,0.17630625122649185,13__nan,PertCortex_13_AGCATACTCTCCGGTT,4.705564822203622
42618,0.002766541515405991,13__nan,PertCortex_13_AGCCTAAAGAGTACCG,3.947888246798978
42619,0.5061100896744226,13__nan,PertCortex_13_AGCCTAACATACGCTA,1.7441233496109887
42620,0.19116634415738698,13__nan,PertCortex_13_AGCCTAAGTATGAATG,3.1877393018452795
42621,0.08781279391233948,13__nan,PertCortex_13_AGCCTAAGTTACAGAA,3.842068655937476
42622,0.337511749639494,13__nan,PertCortex_13_AGCCTAATCGCCAAAT,2.9438802990183706
42623,0.18585542204080124,13__nan,PertCortex_13_AGCGTATCAGCTCGAC,2.459209920752658
42624,0.12349051657693552,13__nan,PertCortex_13_AGCGTCGTCCTCCTAG,3.8898712565510096
42625,0.07172152950688811,13__nan,PertCortex_13_AGCTCCTTCAGAGGTG,2.804142604466287
42626,0.14736828515346748,13__nan,PertCortex_13_AGCTCTCAGCTCTCGG,3.276359732996802
42627,0.15600353006061796,13__nan,PertCortex_13_AGCTCTCAGGGTTTCT,3.995692233720231
42628,0.16898451941324782,13__nan,PertCortex_13_AGCTCTCTCACAGTAC,2.9002223669107865
42629,0.10292986145762559,13__nan,PertCortex_13_AGCTTGACACAACGTT,4.146299952935503
42630,0.021745865932164116,13__nan,PertCortex_13_AGCTTGATCTCTGCTG,2.576386622730075
42631,0.1484940011722021,13__nan,PertCortex_13_AGGCCACTCAGTTTGG,3.248739420181664
42632,0.11734435753730026,13__nan,PertCortex_13_AGGCCGTCACCCATGG,3.6124796697560932
42633,0.11274987403498048,13__nan,PertCortex_13_AGGCCGTTCTTGCCGT,4.496434540148139
42634,0.09114830408223892,13__nan,PertCortex_13_AGGGATGGTCGAACAG,3.519131191020563
42635,0.09999678240553828,13__nan,PertCortex_13_AGGGTGAAGTCCCACG,3.5907215372445407
42636,0.2723393273387124,13__nan,PertCortex_13_AGGGTGATCCCTTGTG,3.6653741431055264
42637,0.2282929926669254,13__nan,PertCortex_13_AGGTCATAGTGGTAGC,4.820753742461955
42638,0.10473678773343138,13__nan,PertCortex_13_AGGTCCGAGACCACGA,3.9668356712164443
42639,0.14324231903768783,13__nan,PertCortex_13_AGTAGTCAGGTACTCT,2.938918142007647
42640,0.45523621994566393,13__nan,PertCortex_13_AGTAGTCTCGGTGTCG,2.0555041853192972
42641,0.17765850321713111,13__nan,PertCortex_13_AGTGAGGTCACGCATA,2.540560264070274
42642,0.08330033760509063,13__nan,PertCortex_13_AGTGGGAAGGAGTACC,4.38267909009726
42643,0.4447064801799671,13__nan,PertCortex_13_AGTGGGAGTCAGGACA,2.3558437804428003
42644,0.0730486185165757,13__nan,PertCortex_13_AGTGTCAAGCCGATTT,2.5817418215010886
42645,0.2089983788000609,13__nan,PertCortex_13_AGTGTCACACCCATGG,3.599187417079499
42646,0.2387582527863415,13__nan,PertCortex_13_AGTGTCATCATCACCC,3.2061411769799877
42647,0.3164894760131957,13__nan,PertCortex_13_AGTTGGTAGTAATCCC,1.7028698078497504
42648,0.07756051789052677,13__nan,PertCortex_13_AGTTGGTTCAACACAC,3.749017593347448
42649,0.15911816494238457,13__nan,PertCortex_13_AGTTGGTTCGTTTATC,3.714029546106865
42650,0.33275081277649454,13__nan,PertCortex_13_ATAAGAGTCAAACCGT,2.219609587133339
42651,0.2644945564429648,13__nan,PertCortex_13_ATCACGACATATGAGA,2.587617458142705
42652,0.22868283765752995,13__nan,PertCortex_13_ATCACGAGTACATCCA,2.616240317783203
42653,0.3177461943624397,13__nan,PertCortex_13_ATCACGAGTCAGGACA,1.860613483487389
42654,0.2659532161067727,13__nan,PertCortex_13_ATCACGAGTCCGAACC,2.937217844640617
42655,0.3583697734089185,13__nan,PertCortex_13_ATCATCTAGACCCACC,3.0151453808887774
42656,0.3874399601304578,13__nan,PertCortex_13_ATCATCTAGTGGCACA,2.2423680702309814
42657,0.12758415456115765,13__nan,PertCortex_13_ATCATGGAGCTGAAAT,3.8635904219602377
42658,0.25029870136942983,13__nan,PertCortex_13_ATCCACCAGCGTCAAG,3.2730096698400586
42659,0.30727621877390315,13__nan,PertCortex_13_ATCCACCAGGTGCTTT,2.23598225866344
42660,0.16727522504147893,13__nan,PertCortex_13_ATCCACCGTGGACGAT,2.348550881666698
42661,0.30750740975914526,13__nan,PertCortex_13_ATCCGAAAGCGATGAC,2.3586021263220975
42662,0.11944974367372793,13__nan,PertCortex_13_ATCTACTAGCGTGAGT,3.755336402549267
42663,0.35542327669265633,13__nan,PertCortex_13_ATCTGCCCATCTGGTA,2.2555081984596073
42664,0.20764795013655446,13__nan,PertCortex_13_ATCTGCCGTCACACGC,3.339090183051528
42665,0.18768314296817082,13__nan,PertCortex_13_ATGCGATGTCGCTTCT,3.8084571836726067
42666,0.13010903582799058,13__nan,PertCortex_13_ATGGGAGCACCAGATT,4.355566293071883
42667,0.24454464368656315,13__nan,PertCortex_13_ATGTGTGTCAAGGTAA,2.6218794244519983
42668,0.10437580501196843,13__nan,PertCortex_13_ATTATCCAGGGTCTCC,3.806786878838445
42669,0.07058366261398956,13__nan,PertCortex_13_ATTCTACTCGGAAACG,3.4230679341297554
42670,0.17859869455360872,13__nan,PertCortex_13_ATTGGTGGTCTCGTTC,2.90834162267665
42671,0.1376017185353539,13__nan,PertCortex_13_ATTTCTGGTAAACGCG,2.929900176576071
42672,0.46632998618172833,13__nan,PertCortex_13_CAACCAAGTCATGCCG,2.5700008389629256
42673,0.13528098788696588,13__nan,PertCortex_13_CAACCTCAGTAATCCC,3.122861604831933
42674,0.05396299969004301,13__nan,PertCortex_13_CAACCTCGTAGCGCTC,2.395195386435829
42675,0.19917535805233882,13__nan,PertCortex_13_CAACCTCTCAGAGGTG,3.0571033786844892
42676,0.24337817699591396,13__nan,PertCortex_13_CAACCTCTCGCACTCT,3.757482667639444
42677,0.35004040324033764,13__nan,PertCortex_13_CAACTAGAGGACACCA,2.051175096586708
42678,0.24200157542137724,13__nan,PertCortex_13_CAACTAGAGTGGACGT,3.4716243700624507
42679,0.14958009393592864,13__nan,PertCortex_13_CAACTAGCACATCCAA,4.242123006306008
42680,0.23831845794164438,13__nan,PertCortex_13_CAACTAGGTCGACTAT,2.8563810318998204
42681,0.240521037782892,13__nan,PertCortex_13_CAACTAGGTTCCATGA,4.350783808809389
42682,0.1769530407206924,13__nan,PertCortex_13_CAAGAAACACCAGGTC,3.5851582042770507
42683,0.1149817155290165,13__nan,PertCortex_13_CAAGAAATCCATGAAC,4.706011297636213
42684,0.13901428846548725,13__nan,PertCortex_13_CAAGGCCCAGGTGCCT,2.5319364982591144
42685,0.4329428136570793,13__nan,PertCortex_13_CAAGTTGAGGAGCGAG,2.043726525009963
42686,0.11018522341306912,13__nan,PertCortex_13_CAAGTTGGTTGGGACA,4.056763565405125
42687,0.34635393661035163,13__nan,PertCortex_13_CACAAACAGGAGTAGA,2.2060825095946868
42688,0.21669342063891858,13__nan,PertCortex_13_CACACAAAGTAATCCC,4.162589106501774
42689,0.25946821775881446,13__nan,PertCortex_13_CACACAATCGTAGGTT,2.498264230225013
42690,0.18081082732132298,13__nan,PertCortex_13_CACACTCAGGAATCGC,4.079851213560163
42691,0.14473186953334877,13__nan,PertCortex_13_CACACTCAGTCCTCCT,3.3043326398964012
42692,0.2892447416392195,13__nan,PertCortex_13_CACAGGCGTGCGATAG,2.526032724916051
42693,0.16486015328545392,13__nan,PertCortex_13_CACAGGCTCATCATTC,3.207094264713782
42694,0.11447434069182956,13__nan,PertCortex_13_CACATTTAGTGTACCT,4.820586061784014
42695,0.19476685961118276,13__nan,PertCortex_13_CACATTTCAAAGTCAA,3.020890074384276
42696,0.052070812202129835,13__nan,PertCortex_13_CACCTTGTCAAACCGT,2.9509539603617037
42697,0.14701352921327865,13__nan,PertCortex_13_CACTCCACACGAGAGT,4.433246954545733
42698,0.08949573200401578,13__nan,PertCortex_13_CAGAATCCATTGTGCA,2.7412772235960934
42699,0.13832941988519842,13__nan,PertCortex_13_CAGAATCGTTCCGGCA,3.988660934481123
42700,0.3907484596706311,13__nan,PertCortex_13_CAGAGAGTCGCGTTTC,2.1535602012496295
42701,0.6281291203916676,13__nan,PertCortex_13_CAGATCATCTTGAGGT,1.4490709036581428
42702,0.14522913795963283,13__nan,PertCortex_13_CAGCAGCGTTCTGTTT,3.668867057257474
42703,0.2636406110028063,13__nan,PertCortex_13_CAGCCGAAGGACAGAA,3.075374034622715
42704,0.08930938243817829,13__nan,PertCortex_13_CAGCCGATCTCTTATG,3.4855894628657413
42705,0.11408841035715508,13__nan,PertCortex_13_CAGCGACGTGCACGAA,4.7842032922003535
42706,0.07904438388870128,13__nan,PertCortex_13_CAGGTGCAGAAACCTA,3.7744146200945923
42707,0.11840588357805848,13__nan,PertCortex_13_CAGGTGCTCTGGTTCC,3.176080850757187
42708,0.27134781494006677,13__nan,PertCortex_13_CAGTAACGTCCCTACT,3.4178301715029047
42709,0.3081377714746574,13__nan,PertCortex_13_CAGTAACTCTAGCACA,2.468830721417178
42710,0.10904309994734168,13__nan,PertCortex_13_CAGTCCTTCGCAGGCT,4.585095775624771
42711,0.1338239565978289,13__nan,PertCortex_13_CAGTCCTTCTTTAGGG,4.195443292224715
42712,0.5164557394562124,13__nan,PertCortex_13_CATCAGATCAGCTTAG,1.784169734520945
42713,0.41245039247510923,13__nan,PertCortex_13_CATCCACCACGCCAGT,1.8995168910737166
42714,0.3067868332970629,13__nan,PertCortex_13_CATCCACCAGCTGCTG,1.818585712331952
42715,0.0335352858690262,13__nan,PertCortex_13_CATCCACCAGTTTACG,3.3983956752478717
42716,0.0899360326915462,13__nan,PertCortex_13_CATGACAGTCACCCAG,3.8227721075326717
42717,0.07791437646286967,13__nan,PertCortex_13_CATGGCGGTGCACGAA,3.474409295419805
42718,0.11502676831944164,13__nan,PertCortex_13_CATTATCAGCTCAACT,3.653917048360178
42719,0.07532558112690285,13__nan,PertCortex_13_CATTATCAGTGAACAT,3.4700115466962207
42720,0.22242530026122212,13__nan,PertCortex_13_CCAATCCCATTCTTAC,2.3874032984058093
42721,0.14201021282770035,13__nan,PertCortex_13_CCACCTAGTTGCGCAC,3.882289092960392
42722,0.5037678434800494,13__nan,PertCortex_13_CCATGTCCATGGTCAT,1.8581993320261585
42723,0.04961615231465416,13__nan,PertCortex_13_CCCAATCAGCTAGGCA,4.312004157116828
42724,0.14773532937933748,13__nan,PertCortex_13_CCCAATCCAAGGTTTC,3.7452548031148982
42725,0.455856010022133,13__nan,PertCortex_13_CCCAATCTCACTCTTA,2.1337431205011406
42726,0.2945561018226147,13__nan,PertCortex_13_CCCAGTTAGAGGACGG,2.3394538646001224
42727,0.14182344458188564,13__nan,PertCortex_13_CCCATACAGTGCCAGA,3.903052907669655
42728,0.5519364919016276,13__nan,PertCortex_13_CCCATACGTTTGGGCC,1.6826912785500754
42729,0.12357628464941352,13__nan,PertCortex_13_CCCTCCTAGCCGATTT,4.2190674205520535
42730,0.07628028015861255,13__nan,PertCortex_13_CCGGTAGCATTCTTAC,4.399391265624978
42731,0.2535090769364087,13__nan,PertCortex_13_CCGGTAGGTTAGATGA,2.9240963122742634
42732,0.13553825027839386,13__nan,PertCortex_13_CCGTACTAGAATGTGT,1.4728803415526588
42733,0.14067211958840944,13__nan,PertCortex_13_CCGTACTTCACCATAG,4.283765337131916
42734,0.12342857686387851,13__nan,PertCortex_13_CCGTGGAAGCCACTAT,3.034960132442432
42735,0.41931155570913364,13__nan,PertCortex_13_CCGTGGACAAGGCTCC,1.7056280403061772
42736,0.10132682745414102,13__nan,PertCortex_13_CCGTGGAGTGACTCAT,3.514809663855578
42737,0.08192795122033569,13__nan,PertCortex_13_CCGTGGATCCTACAGA,3.70297808114869
42738,0.05477778640943452,13__nan,PertCortex_13_CCTAAAGGTCCAGTAT,3.8472940290075925
42739,0.06633656650636448,13__nan,PertCortex_13_CCTAGCTAGGTCGGAT,4.591932827673241
42740,0.1472337302579495,13__nan,PertCortex_13_CCTATTAAGTCCGGTC,3.533630646301533
42741,0.238901636816535,13__nan,PertCortex_13_CCTCTGAGTGCGAAAC,2.667685808044275
42742,0.22616692826427165,13__nan,PertCortex_13_CCTTCGACAGGACCCT,3.0030062630026757
42743,0.5604021067414912,13__nan,PertCortex_13_CCTTCGATCAGCTTAG,1.5617675490419847
42744,0.1845973750325391,13__nan,PertCortex_13_CCTTCGATCGCACTCT,2.0717942255471
42745,0.14251314389125497,13__nan,PertCortex_13_CCTTTCTAGGCTACGA,3.4353132076157302
42746,0.03091768954948333,13__nan,PertCortex_13_CCTTTCTTCTACTCAT,3.8325564450389185
42747,0.09662329421168614,13__nan,PertCortex_13_CGAACATCAAGACACG,3.3030213572740914
42748,0.23021771948429615,13__nan,PertCortex_13_CGAACATGTAGCTTGT,3.600375616711829
42749,0.09685422540316382,13__nan,PertCortex_13_CGAATGTAGACAATAC,4.249223824959778
42750,0.2710222202060501,13__nan,PertCortex_13_CGACCTTGTTACGACT,2.098685538671575
42751,0.07218445790343896,13__nan,PertCortex_13_CGACTTCGTAGCTGCC,3.8572686638923193
42752,0.2324642479636442,13__nan,PertCortex_13_CGAGAAGCACGGACAA,2.27161025113906
42753,0.19525885936910625,13__nan,PertCortex_13_CGAGAAGCACTTAACG,3.351180424202559
42754,0.7016406871375735,13__nan,PertCortex_13_CGAGAAGTCCTATGTT,1.804554177670203
42755,0.20164951190210098,13__nan,PertCortex_13_CGAGCCAAGCCCAACC,2.5196489191014306
42756,0.0861481475473366,13__nan,PertCortex_13_CGAGCCAGTCCAGTGC,3.8423470436955687
42757,0.16216088574035448,13__nan,PertCortex_13_CGAGCCATCTACCAGA,3.691146534776235
42758,0.12805020288288288,13__nan,PertCortex_13_CGAGCCATCTCGGACG,4.230224406478649
42759,0.29025653865456813,13__nan,PertCortex_13_CGATCGGCATGCATGT,2.123635285132937
42760,0.11884038017522426,13__nan,PertCortex_13_CGATGGCGTGAGCGAT,4.841841661997709
42761,0.1597585132518151,13__nan,PertCortex_13_CGATGGCTCAAAGTAG,2.9391803539875507
42762,0.160979267388506,13__nan,PertCortex_13_CGATGTATCTCTAAGG,3.273630145155708
42763,0.03385415397929172,13__nan,PertCortex_13_CGATTGATCATCGATG,3.7235841093779785
42764,0.3516681547349742,13__nan,PertCortex_13_CGCCAAGTCACTTATC,2.0703907917274487
42765,0.2608140410549884,13__nan,PertCortex_13_CGCGGTAGTCTCAACA,2.837782141419798
42766,0.1670502421698288,13__nan,PertCortex_13_CGCTATCGTCTGCCAG,3.01780523903661
42767,0.12510610487156323,13__nan,PertCortex_13_CGCTGGAGTAGTACCT,3.2355351542973323
42768,0.09951279398672311,13__nan,PertCortex_13_CGCTGGAGTGCAACGA,3.8124545005303125
42769,0.07178825194252648,13__nan,PertCortex_13_CGCTGGAGTGCAACTT,4.330151252051219
42770,0.2581470269386855,13__nan,PertCortex_13_CGCTGGATCACGATGT,2.522160369722056
42771,0.1614994725967585,13__nan,PertCortex_13_CGCTTCAGTGCGCTTG,2.7984179034475822
42772,0.2019087028084331,13__nan,PertCortex_13_CGCTTCAGTTACGGAG,3.01716316497957
42773,0.22136804814169733,13__nan,PertCortex_13_CGGACACAGTTCGATC,3.783181179549155
42774,0.0976827918621491,13__nan,PertCortex_13_CGGACACTCGATCCCT,3.6022803842940876
42775,0.36410774601753265,13__nan,PertCortex_13_CGGACGTGTCACACGC,2.0671763337277946
42776,0.49064938373370864,13__nan,PertCortex_13_CGGACGTGTTGATTCG,1.6067528175717887
42777,0.2342089370925079,13__nan,PertCortex_13_CGGACGTTCACCACCT,3.6330040619328208
42778,0.1441037126729549,13__nan,PertCortex_13_CGGACGTTCGACCAGC,2.936956057008813
42779,0.16036772082796613,13__nan,PertCortex_13_CGGACTGGTCTAGCGC,3.5413186659963314
42780,0.024394150945117078,13__nan,PertCortex_13_CGGAGTCAGGGTCGAT,4.151522664797307
42781,0.06691191465865504,13__nan,PertCortex_13_CGGAGTCCAGGGTATG,4.7158201900566965
42782,0.12465176816097776,13__nan,PertCortex_13_CGGAGTCTCGAATGCT,4.056999293126634
42783,0.16056714705442074,13__nan,PertCortex_13_CGGCTAGAGTTACCCA,4.319729875922134
42784,0.3728532036351907,13__nan,PertCortex_13_CGGCTAGCACGTCTCT,2.4474834475149962
42785,0.21304160980534914,13__nan,PertCortex_13_CGGGTCATCTAACTGG,3.1898848201957217
42786,0.45701727963315086,13__nan,PertCortex_13_CGGTTAAAGTCATCCA,2.298905403276863
42787,0.09833741022802658,13__nan,PertCortex_13_CGGTTAACACTATCTT,2.361679700155983
42788,0.5690221733533718,13__nan,PertCortex_13_CGGTTAATCGACAGCC,1.5042757094508374
42789,0.1661237316781892,13__nan,PertCortex_13_CGTAGCGCACTTACGA,3.0858075810269785
42790,0.14127039375927006,13__nan,PertCortex_13_CGTAGCGTCTCGCATC,3.00268086200413
42791,0.1032723652674539,13__nan,PertCortex_13_CGTAGGCAGAGCTGCA,3.3221368306685055
42792,0.11087887845343516,13__nan,PertCortex_13_CGTAGGCGTAAGGGCT,3.7750400779525033
42793,0.0027263725403715955,13__nan,PertCortex_13_CGTAGGCTCGGGAGTA,3.7712571892177023
42794,0.09757438295092297,13__nan,PertCortex_13_CGTCACTCATCCAACA,2.012568236546603
42795,0.5203496556769245,13__nan,PertCortex_13_CGTCACTTCAAACCAC,1.8883064417412894
42796,0.5075462985197229,13__nan,PertCortex_13_CGTCTACCAGGAATCG,2.3665389169993616
42797,0.12400630639535834,13__nan,PertCortex_13_CGTGTAAAGTTCGCGC,3.201827822570895
42798,0.061693260234386045,13__nan,PertCortex_13_CGTGTAACAAGCGAGT,4.252633201796767
42799,0.24630730978543694,13__nan,PertCortex_13_CGTGTAATCCCACTTG,2.871199660489453
42800,0.3673457600088085,13__nan,PertCortex_13_CGTTAGAAGAGCAATT,1.6954751092007454
42801,0.05799654070938353,13__nan,PertCortex_13_CGTTCTGAGTGTTGAA,4.531791934809421
42802,0.21603870383185106,13__nan,PertCortex_13_CGTTGGGAGATGCCAG,2.479346341551999
42803,0.11627846823908927,13__nan,PertCortex_13_CGTTGGGTCGCTGATA,2.6114902274462373
42804,0.05999499554195836,13__nan,PertCortex_13_CTAACTTTCTCACATT,4.194184954299475
42805,0.2473768792653071,13__nan,PertCortex_13_CTAAGACTCACTTCAT,2.4259534770908204
42806,0.11747068947049324,13__nan,PertCortex_13_CTAATGGCATGGATGG,3.4886662423784895
42807,0.37138105042475156,13__nan,PertCortex_13_CTACATTAGCCACGCT,2.1036538133952316
42808,0.19824422852203977,13__nan,PertCortex_13_CTACATTCAACTGCGC,3.2870884012113923
42809,0.11265081268829447,13__nan,PertCortex_13_CTACCCACATCTGGTA,2.9920155751770694
42810,0.39687384052099123,13__nan,PertCortex_13_CTACCCAGTCTCTCTG,2.1420068640198435
42811,0.18394248818236855,13__nan,PertCortex_13_CTAGCCTCAACTGCTA,2.645764580644709
42812,0.035093965199774244,13__nan,PertCortex_13_CTAGCCTCACAAGCCC,3.046997145026812
42813,0.07417506272460671,13__nan,PertCortex_13_CTAGTGAGTCTAGTGT,3.1464717479165873
42814,0.3055542444406792,13__nan,PertCortex_13_CTCACACGTAGATTAG,2.544442630540092
42815,0.20807520410612257,13__nan,PertCortex_13_CTCAGAAGTAACGACG,3.8860933144972125
42816,0.07116627308668236,13__nan,PertCortex_13_CTCATTAAGACTGTAA,4.334325814745662
42817,0.3457232035190632,13__nan,PertCortex_13_CTCATTAAGTGTACCT,3.2977196857798905
42818,0.3649045093405657,13__nan,PertCortex_13_CTCGAAATCCACTGGG,2.3263159321872546
42819,-0.004233576792127707,13__nan,PertCortex_13_CTCGGAGTCCTCCTAG,2.4060608970535635
42820,0.46518380628568096,13__nan,PertCortex_13_CTCGGGAAGAAGGGTA,2.7389425596632333
42821,0.11109876395443323,13__nan,PertCortex_13_CTCGGGAGTCGACTAT,4.31874336037374
42822,0.09059392092631768,13__nan,PertCortex_13_CTCGTACAGAAGATTC,4.576717319117841
42823,0.0857055235867449,13__nan,PertCortex_13_CTCTAATCAAAGTCAA,3.2280596312167855
42824,0.023845161324966533,13__nan,PertCortex_13_CTCTAATCAGCTTCGG,3.9382478665851752
42825,0.03870623972617607,13__nan,PertCortex_13_CTCTAATGTAGAGTGC,4.060166620199359
42826,0.14154256668568793,13__nan,PertCortex_13_CTCTAATTCGTAGGTT,3.841054875928094
42827,0.18290247118992176,13__nan,PertCortex_13_CTCTACGTCAACGGGA,2.7667778816657007
42828,0.128804818065332,13__nan,PertCortex_13_CTCTGGTCAGATAATG,4.022098557210632
42829,0.18600352538377893,13__nan,PertCortex_13_CTGAAACAGATCTGCT,3.6992975222269022
42830,0.44173162456987286,13__nan,PertCortex_13_CTGAAACAGTAGCCGA,2.366864876746932
42831,0.09842273787989797,13__nan,PertCortex_13_CTGAAGTCAAGGTTCT,3.0966049035343315
42832,0.21453452566514722,13__nan,PertCortex_13_CTGAAGTCATAGAAAC,4.017895312573762
42833,0.04425302469953545,13__nan,PertCortex_13_CTGAAGTGTAGGGACT,3.340886985162865
42834,0.36009085588566436,13__nan,PertCortex_13_CTGAAGTTCCCAAGTA,1.5703332434085382
42835,0.17453664223418738,13__nan,PertCortex_13_CTGATCCAGATCCGAG,2.920417033378404
42836,0.18715094038173583,13__nan,PertCortex_13_CTGATCCGTTTGGGCC,3.2911968770541518
42837,0.1559245513176009,13__nan,PertCortex_13_CTGCCTAGTGAGGGAG,2.932730762630056
42838,0.07535767100118243,13__nan,PertCortex_13_CTGCGGAAGGGTTTCT,4.1504131432963804
42839,0.08123030903747243,13__nan,PertCortex_13_CTGCGGAGTTCCACAA,2.2817689077346825
42840,0.20118640036249674,13__nan,PertCortex_13_CTGGTCTCATTCTCAT,2.94989934476917
42841,0.15204628140910284,13__nan,PertCortex_13_CTGGTCTTCATGCATG,2.94696558621452
42842,0.0600038227222483,13__nan,PertCortex_13_CTGTGCTGTTGCGTTA,4.006079223030818
42843,0.09538412031910234,13__nan,PertCortex_13_CTGTTTATCCGGGTGT,2.5054805857094555
42844,0.33735611368166063,13__nan,PertCortex_13_CTGTTTATCTACTCAT,2.302220516801871
42845,0.1785104848840195,13__nan,PertCortex_13_CTTAACTAGGCACATG,3.353467377581124
42846,0.07679230488311581,13__nan,PertCortex_13_CTTAGGAAGTACATGA,3.5292131741290405
42847,0.19609294019958182,13__nan,PertCortex_13_CTTAGGAGTACTCGCG,2.9518785393871
42848,0.22099030957962335,13__nan,PertCortex_13_CTTCTCTGTACCAGTT,2.6895547091440912
42849,0.15563048446635364,13__nan,PertCortex_13_CTTCTCTTCTATCCCG,2.92551888068084
42850,0.06904500313567324,13__nan,PertCortex_13_CTTGGCTGTCCATCCT,4.091501290035966
42851,0.07342376513735167,13__nan,PertCortex_13_GAACATCAGTCCTCCT,2.8441143507890243
42852,0.16366197855608997,13__nan,PertCortex_13_GAACATCTCCGCAAGC,3.3883171737176982
42853,0.09975882762274221,13__nan,PertCortex_13_GAAGCAGAGACATAAC,3.965253269763746
42854,0.16263611728175467,13__nan,PertCortex_13_GAATAAGAGCTAGTTC,3.9306818158541854
42855,0.18982257118494167,13__nan,PertCortex_13_GAATAAGAGTACGCCC,4.92892033304783
42856,0.20148587090669315,13__nan,PertCortex_13_GAATGAAGTCGACTGC,2.727216165141991
42857,0.25244540538730725,13__nan,PertCortex_13_GACACGCGTAATCGTC,2.152394355188715
42858,0.23185394642349785,13__nan,PertCortex_13_GACAGAGCACTTCGAA,2.324191523031215
42859,0.4132772495238905,13__nan,PertCortex_13_GACAGAGTCTCGAGTA,2.1175651327525498
42860,0.40462232005040405,13__nan,PertCortex_13_GACCAATCACGTCTCT,2.2070875548503675
42861,0.5674042903872255,13__nan,PertCortex_13_GACCAATGTTAAGATG,1.617960705250166
42862,0.1660074380101643,13__nan,PertCortex_13_GACCTGGAGACCCACC,3.2444804601507284
42863,0.11669466849856784,13__nan,PertCortex_13_GACGCGTAGCAATCTC,3.6361204145840094
42864,0.09248973033241413,13__nan,PertCortex_13_GACGTGCTCACGAAGG,3.3436536408056656
42865,0.16109519818921586,13__nan,PertCortex_13_GACGTTATCCTATGTT,3.5827126181925415
42866,0.07724963467315889,13__nan,PertCortex_13_GACTAACCATGGGAAC,4.173637539897387
42867,0.4841984322998938,13__nan,PertCortex_13_GACTACAGTCTCCATC,1.7056511840832886
42868,0.15497033488651707,13__nan,PertCortex_13_GACTGCGCAGTCGATT,3.4432447078412984
42869,0.30182866708708184,13__nan,PertCortex_13_GAGCAGAAGATGTGTA,2.3107691939097523
42870,0.09783653574135047,13__nan,PertCortex_13_GAGCAGAGTCGCTTCT,2.873986936331964
42871,0.11448439613421738,13__nan,PertCortex_13_GAGGTGAAGAGTCTGG,3.6931132404799416
42872,0.062060390482524326,13__nan,PertCortex_13_GATCGATAGCTTATCG,4.313880824971377
42873,0.22405372609880825,13__nan,PertCortex_13_GATCGATGTGTTAAGA,3.312679782423296
42874,0.13236098214838107,13__nan,PertCortex_13_GATCTAGTCTGTGCAA,4.8415496345384454
42875,0.306676642281939,13__nan,PertCortex_13_GATGAAAAGTATGACA,2.1282291814053154
42876,0.0548175211060264,13__nan,PertCortex_13_GATGAAAGTCTCCCTA,3.9441160506465835
42877,0.13027280077069206,13__nan,PertCortex_13_GATGAGGGTATCACCA,3.7478890029108243
42878,0.021447707588139697,13__nan,PertCortex_13_GATGAGGTCATTCACT,4.2454548179871665
42879,0.26331905652865056,13__nan,PertCortex_13_GATGCTAAGCGTTTAC,2.0596442835767292
42880,0.08910583612347626,13__nan,PertCortex_13_GATGCTAGTATCACCA,4.096814910605451
42881,0.4138209791389153,13__nan,PertCortex_13_GCAAACTTCAACTCTT,2.628377591742004
42882,0.2303496869863352,13__nan,PertCortex_13_GCAATCAAGTGCTGCC,3.037739559058935
42883,0.51267580420484,13__nan,PertCortex_13_GCAATCAGTGCTTCTC,1.8985604699053367
42884,0.33692521753491006,13__nan,PertCortex_13_GCACTCTCAGTCCTTC,2.355025357394261
42885,0.08675140685609037,13__nan,PertCortex_13_GCACTCTGTATCTGCA,2.768493223101298
42886,0.5466348756293659,13__nan,PertCortex_13_GCACTCTGTGAGTGAC,1.8777745163271298
42887,0.250166670136785,13__nan,PertCortex_13_GCAGTTAAGCTTATCG,2.1011682662230657
42888,0.13890012031346424,13__nan,PertCortex_13_GCATACACAGGTGGAT,2.60797802486851
42889,0.16013900435364636,13__nan,PertCortex_13_GCATACATCCTGTAGA,2.659916500772456
42890,0.1512040694453872,13__nan,PertCortex_13_GCATGATGTCTAACGT,4.195309134537572
42891,0.1598830306042039,13__nan,PertCortex_13_GCATGATTCGGACAAG,2.4977177176724537
42892,0.3685622273597264,13__nan,PertCortex_13_GCATGTAAGCTAACTC,1.7721881936742603
42893,0.10486002712143311,13__nan,PertCortex_13_GCATGTAGTCTAGTCA,4.337276924535127
42894,0.10572479913050234,13__nan,PertCortex_13_GCATGTAGTGTTTGTG,3.426013781366278
42895,0.23270660197181176,13__nan,PertCortex_13_GCCAAATTCGAGAACG,2.7223889376885935
42896,0.09711373311339393,13__nan,PertCortex_13_GCGACCAAGCGATATA,3.6664412949679708
42897,0.4497295987574495,13__nan,PertCortex_13_GCGAGAATCAACACCA,2.629968832925705
42898,0.1140149399146161,13__nan,PertCortex_13_GCGCAACGTAAACGCG,3.2905652105849623
42899,0.10548126618177582,13__nan,PertCortex_13_GCGCAACTCCTAAGTG,2.5194857786852243
42900,0.15930202330007304,13__nan,PertCortex_13_GCGCGATTCTTTAGGG,2.8286627634210952
42901,0.2548551857944384,13__nan,PertCortex_13_GCGGGTTCACGAAATA,2.6054949073965874
42902,0.18757997419989952,13__nan,PertCortex_13_GCTGCGAGTTTGTGTG,2.850217095078727
42903,0.1560367157162374,13__nan,PertCortex_13_GCTGGGTGTTGGAGGT,2.9051930421131797
42904,0.2541154141441257,13__nan,PertCortex_13_GCTTCCAAGATCCCGC,1.879069909456904
42905,0.2234756012984713,13__nan,PertCortex_13_GCTTCCAAGTACGCCC,3.2326176583816006
42906,0.096249886060626,13__nan,PertCortex_13_GCTTGAAGTCACACGC,4.428658265765176
42907,0.2022605080682346,13__nan,PertCortex_13_GGAACTTAGGATTCGG,2.805285778462969
42908,0.5830405832614773,13__nan,PertCortex_13_GGACAAGTCTTGTCAT,1.7676456779753893
42909,0.18735106537542123,13__nan,PertCortex_13_GGACATTCAACTGGCC,3.8427563325291176
42910,0.4012533724697669,13__nan,PertCortex_13_GGACATTCAAGGTTCT,2.056783656807221
42911,0.16855508177284523,13__nan,PertCortex_13_GGACGTCTCACAGTAC,3.5507715564566733
42912,0.12540472413318102,13__nan,PertCortex_13_GGAGCAAGTGGAAAGA,2.9134396121761568
42913,0.1569444555838661,13__nan,PertCortex_13_GGAGCAATCCTGTAGA,3.449218993411311
42914,0.2945963709453645,13__nan,PertCortex_13_GGATGTTGTAGAAGGA,3.338008341987471
42915,0.07081864297355464,13__nan,PertCortex_13_GGATGTTTCTGTCTAT,2.74444863950771
42916,0.4577991123128395,13__nan,PertCortex_13_GGATTACGTCAGAAGC,1.8928370887136012
42917,0.1613483971848836,13__nan,PertCortex_13_GGCAATTTCCAGTAGT,4.549929787768902
42918,0.09292346910805281,13__nan,PertCortex_13_GGCGACTTCCTCGCAT,4.522392925474242
42919,0.04151453084693719,13__nan,PertCortex_13_GGCGACTTCCTCTAGC,5.23631653819243
42920,0.33902738607523103,13__nan,PertCortex_13_GGCGTGTTCATCGATG,3.145842189151583
42921,0.13196318797482756,13__nan,PertCortex_13_GGCTGGTCATGTAGTC,2.730690811968872
42922,0.05727921124390075,13__nan,PertCortex_13_GGCTGGTGTACAGTTC,2.4914256254564675
42923,0.25860573058819003,13__nan,PertCortex_13_GGCTGGTGTTTAGGAA,2.7988784791050274
42924,0.1932481899801947,13__nan,PertCortex_13_GGGAATGAGCTAAACA,2.3998757299021958
42925,0.1598373354749792,13__nan,PertCortex_13_GGGACCTCATCTACGA,3.3847669645934757
42926,0.2599476545078138,13__nan,PertCortex_13_GGGAGATAGAATCTCC,2.373026306094517
42927,0.16680605921192265,13__nan,PertCortex_13_GGGAGATGTATAGGTA,2.625027548128019
42928,0.15272676381461175,13__nan,PertCortex_13_GGGAGATGTCACTGGC,4.625848432597626
42929,0.257424560822517,13__nan,PertCortex_13_GGGATGATCTGCGGCA,2.6224298434296363
42930,0.20425883689298333,13__nan,PertCortex_13_GGGTCTGAGTGGGTTG,2.6564011596578907
42931,0.28245474004486787,13__nan,PertCortex_13_GGGTTGCTCTGTTTGT,3.4534325228548783
42932,0.06568071802721942,13__nan,PertCortex_13_GGTGAAGAGGGAACGG,4.556473173422352
42933,0.02149541081168914,13__nan,PertCortex_13_GGTGCGTGTCCTAGCG,4.147332845235316
42934,0.06087640207225058,13__nan,PertCortex_13_GGTGCGTGTTACCGAT,4.397208778276543
42935,0.05822670258886043,13__nan,PertCortex_13_GGTGTTAAGTTGCAGG,2.9837771166429814
42936,0.14290891918232104,13__nan,PertCortex_13_GGTGTTATCTTACCGC,2.5211700602404896
42937,0.17971476471395506,13__nan,PertCortex_13_GTAACGTGTAAACCTC,3.0243350140951697
42938,0.26526038058966855,13__nan,PertCortex_13_GTACGTATCTGGGCCA,2.115153525677696
42939,0.16269043177088477,13__nan,PertCortex_13_GTACTCCGTCAAGCGA,3.1617000072813157
42940,0.15987801803905277,13__nan,PertCortex_13_GTACTCCGTCTCCCTA,4.218843824578445
42941,0.40093662303702154,13__nan,PertCortex_13_GTACTTTGTCCGTTAA,2.2417448714470316
42942,0.2991636169885968,13__nan,PertCortex_13_GTATCTTCAATGACCT,2.1213896612404097
42943,0.008529135897227771,13__nan,PertCortex_13_GTATCTTCAGATGAGC,2.3458086137033622
42944,0.22481498147317325,13__nan,PertCortex_13_GTATTCTTCTCTGAGA,2.9500876742250894
42945,0.08328090752918724,13__nan,PertCortex_13_GTCAAGTAGCTGGAAC,4.38836944746659
42946,0.4237226439634262,13__nan,PertCortex_13_GTCAAGTTCTGCGTAA,1.8984977478777103
42947,0.2963412345519743,13__nan,PertCortex_13_GTCACGGGTTACGTCA,3.549713317279917
42948,0.5267453781735211,13__nan,PertCortex_13_GTCACGGTCCACGTTC,2.488316566339582
42949,0.35703810090844545,13__nan,PertCortex_13_GTCGGGTAGCGATTCT,2.1660490150669776
42950,0.0969793994641597,13__nan,PertCortex_13_GTCGGGTGTGCGATAG,2.8585339433395593
42951,0.21847389640358006,13__nan,PertCortex_13_GTCGTAAGTTACTGAC,2.059511793717714
42952,0.38505650440024836,13__nan,PertCortex_13_GTCGTAATCCGAATGT,2.060064976725503
42953,0.5117427131322224,13__nan,PertCortex_13_GTCTCGTAGCGTAATA,1.729338683792626
42954,0.10931207527108039,13__nan,PertCortex_13_GTCTCGTGTCAAAGCG,4.093623481729068
42955,0.1056277193996961,13__nan,PertCortex_13_GTCTCGTGTCTAAAGA,3.637595311617536
42956,0.3251461616119549,13__nan,PertCortex_13_GTCTTCGAGACCACGA,1.8017725120125625
42957,0.23374851098001603,13__nan,PertCortex_13_GTCTTCGTCATATCGG,3.0843772200233603
42958,0.19487709374938664,13__nan,PertCortex_13_GTGAAGGGTCATATCG,3.2729112795409496
42959,0.09115095385629866,13__nan,PertCortex_13_GTGCAGCAGATCTGCT,3.52624579651128
42960,0.14816875348329492,13__nan,PertCortex_13_GTGCAGCAGTACGTTC,3.320386310405935
42961,0.04183942192571378,13__nan,PertCortex_13_GTGCAGCGTTAAGATG,2.915379252047029
42962,0.4095628753307043,13__nan,PertCortex_13_GTGCAGCTCAGATAAG,1.8641460857181222
42963,0.3053074515129146,13__nan,PertCortex_13_GTGCGGTCACTGCCAG,1.893149431778438
42964,0.4028660532278863,13__nan,PertCortex_13_GTGGGTCAGGGTCTCC,2.194469522919569
42965,0.3704855978341708,13__nan,PertCortex_13_GTGGGTCAGGTGTTAA,2.063645225954843
42966,0.20894984518562018,13__nan,PertCortex_13_GTGGGTCGTGGTTTCA,3.1038355269340814
42967,0.1566373092245598,13__nan,PertCortex_13_GTGGGTCTCTGGTGTA,4.075564596868555
42968,0.25980267169087384,13__nan,PertCortex_13_GTGTGCGAGCCCAACC,3.0227253339219673
42969,0.2596351508779759,13__nan,PertCortex_13_GTGTGCGGTAGTGAAT,1.690386504398843
42970,0.21572459713384132,13__nan,PertCortex_13_GTGTTAGCACATTAGC,3.2081233771435103
42971,0.14362645765025922,13__nan,PertCortex_13_GTGTTAGGTAGCTGCC,4.169207105785412
42972,0.11359239025665466,13__nan,PertCortex_13_GTTAAGCCAGTCGATT,3.4098586342503467
42973,0.6012255910859504,13__nan,PertCortex_13_GTTAAGCTCCATTCTA,1.4854947376884284
42974,0.46840121574337945,13__nan,PertCortex_13_GTTAAGCTCTGGTATG,1.7535155132849425
42975,0.43484504060220774,13__nan,PertCortex_13_GTTCATTAGGTGTTAA,2.093625371959615
42976,0.6468605075346587,13__nan,PertCortex_13_GTTCATTGTTTAGCTG,1.953851680295593
42977,0.20439699366126118,13__nan,PertCortex_13_GTTCGGGAGACCACGA,3.3415387352963655
42978,0.1791571061363208,13__nan,PertCortex_13_GTTCGGGGTCGACTAT,3.197998311560808
42979,0.1512231877750012,13__nan,PertCortex_13_GTTCGGGTCATAAAGG,2.653939330133655
42980,0.16132752505331044,13__nan,PertCortex_13_GTTCGGGTCGGTGTTA,3.8283021924578327
42981,0.14571534845980844,13__nan,PertCortex_13_GTTCGGGTCGTGGACC,3.2332825296023047
42982,0.3299870439325541,13__nan,PertCortex_13_GTTCTCGAGGCCCTTG,3.155588156326695
42983,0.3244433455718888,13__nan,PertCortex_13_GTTCTCGGTGTTAAGA,2.5743472203451376
42984,0.3050375220249425,13__nan,PertCortex_13_GTTCTCGGTTCACGGC,1.942508906395303
42985,0.1558744409218518,13__nan,PertCortex_13_GTTCTCGTCACGCGGT,3.1178171395042718
42986,0.28247515443685695,13__nan,PertCortex_13_TAAACCGTCACAACGT,2.422849864386411
42987,0.25647753263612855,13__nan,PertCortex_13_TAAGAGAAGACCACGA,3.087475607182585
42988,0.12257092807098878,13__nan,PertCortex_13_TAAGAGACATCATCCC,3.1565313442187413
42989,0.19585259127621385,13__nan,PertCortex_13_TAAGCGTCAACACCTA,2.473310265243495
42990,0.11232200279813281,13__nan,PertCortex_13_TAAGCGTTCTGATACG,4.269971415492444
42991,0.17510948328249293,13__nan,PertCortex_13_TAAGTGCGTCTTCAAG,3.646056401956056
42992,0.2641589987585531,13__nan,PertCortex_13_TACACGAAGCGATATA,2.691835234170267
42993,0.4822048284605014,13__nan,PertCortex_13_TACACGACAGCTATTG,2.235919589659275
42994,0.2803766957054205,13__nan,PertCortex_13_TACACGACAGCTGTAT,2.0648559586767563
42995,0.10024875199072307,13__nan,PertCortex_13_TACAGTGGTTCCGGCA,3.1141927626703754
42996,0.3070878532430219,13__nan,PertCortex_13_TACCTATAGATGGGTC,3.0041366869722324
42997,0.2221550087653339,13__nan,PertCortex_13_TACCTATGTCGGCATC,2.8238808476648196
42998,0.2246559456465778,13__nan,PertCortex_13_TACGGATGTCCCGACA,2.030260995736121
42999,0.23198533620474426,13__nan,PertCortex_13_TACGGTAAGTCCAGGA,4.16512330638665
43000,0.1346395237080186,13__nan,PertCortex_13_TACTCATCAATAGCGG,3.0770484383506314
43001,0.2614206937639067,13__nan,PertCortex_13_TACTCGCCACATGGGA,2.5616703724849614
43002,0.2384123822307341,13__nan,PertCortex_13_TAGACCACAAATACAG,2.0132892879773054
43003,0.12427422070816725,13__nan,PertCortex_13_TAGACCATCTTGAGGT,4.491382891996803
43004,0.13743419179209804,13__nan,PertCortex_13_TAGAGCTGTTTAAGCC,4.062715407715186
43005,0.06354804084232199,13__nan,PertCortex_13_TAGCCGGAGGAATCGC,4.087037702874156
43006,0.20644806596910834,13__nan,PertCortex_13_TAGCCGGGTAAGTTCC,2.849820932647927
43007,0.11141591377545633,13__nan,PertCortex_13_TAGCCGGGTACTCAAC,3.118215190048357
43008,0.1473881879170135,13__nan,PertCortex_13_TAGGCATAGACTTTCG,2.8910744046368917
43009,0.35319216651689217,13__nan,PertCortex_13_TAGTGGTCAAATTGCC,2.1847385961279877
43010,0.07115312023814259,13__nan,PertCortex_13_TAGTTGGAGGCTATCT,3.337170848332591
43011,0.4179396401970039,13__nan,PertCortex_13_TATCAGGCATGAAGTA,1.9307144876040059
43012,0.1579689567208786,13__nan,PertCortex_13_TATCAGGGTGCTAGCC,4.865587967067369
43013,0.14004409568592519,13__nan,PertCortex_13_TATCAGGTCACATAGC,3.38135997515083
43014,0.10508193080903235,13__nan,PertCortex_13_TATCTCACAACAACCT,2.9419521068544294
43015,0.17584271951963656,13__nan,PertCortex_13_TATCTCAGTATAAACG,3.061614937796511
43016,0.17746741015728548,13__nan,PertCortex_13_TCACGAAGTAACGTTC,3.2200544490924505
43017,0.1338433951761782,13__nan,PertCortex_13_TCAGATGGTCAGATAA,4.694229886237275
43018,0.14713701025690548,13__nan,PertCortex_13_TCAGCTCGTGAGTGAC,2.2218212951886454
43019,0.15645309257593834,13__nan,PertCortex_13_TCAGGATAGTTGTAGA,3.277743045986731
43020,0.14359507687935794,13__nan,PertCortex_13_TCAGGATCAGAAGCAC,3.25237391888992
43021,0.10723474272014992,13__nan,PertCortex_13_TCAGGATGTACTTAGC,4.067285040109037
43022,0.07116091523401628,13__nan,PertCortex_13_TCAGGTATCTAACTCT,5.11788494280346
43023,0.0897743853649739,13__nan,PertCortex_13_TCATTACCATTCACTT,3.222741347514666
43024,0.16420685110373703,13__nan,PertCortex_13_TCCACACGTTACGCGC,3.702218481374745
43025,0.11324125767199404,13__nan,PertCortex_13_TCCACACTCTGTACGA,3.422475477384288
43026,0.20578891910401792,13__nan,PertCortex_13_TCCCGATTCTAACTCT,3.0233657129909526
43027,0.0928840149261353,13__nan,PertCortex_13_TCGAGGCGTCCGAACC,4.289864192780093
43028,0.1969719576088681,13__nan,PertCortex_13_TCGCGTTAGCTGTCTA,2.9333097112212854
43029,0.43442843315557705,13__nan,PertCortex_13_TCGCGTTAGGAGTACC,2.6118958533622054
43030,0.13475369337581347,13__nan,PertCortex_13_TCGGGACCAGACTCGC,4.202798748360523
43031,0.1500243815562853,13__nan,PertCortex_13_TCGGGACTCGATCCCT,4.216191340840552
43032,0.1600358083960775,13__nan,PertCortex_13_TCGGTAAAGCCAGGAT,3.653093582010967
43033,0.21733413569451993,13__nan,PertCortex_13_TCGGTAACACTGTTAG,3.3240260525547867
43034,0.08130215446194203,13__nan,PertCortex_13_TCGTACCCACGGTGTC,4.09280291412114
43035,0.34278087356503906,13__nan,PertCortex_13_TCGTAGAAGAGAGCTC,1.9312271221161534
43036,0.32920031578267045,13__nan,PertCortex_13_TCTATTGTCGAATCCA,3.0749592601190914
43037,0.15326512950985174,13__nan,PertCortex_13_TCTATTGTCGCGATCG,4.056730609453399
43038,0.2364622626615803,13__nan,PertCortex_13_TCTCTAAGTGCCTGCA,2.927672369727336
43039,0.3621511230118797,13__nan,PertCortex_13_TCTTCGGGTCGCGGTT,1.667829632341203
43040,0.14406039544241278,13__nan,PertCortex_13_TCTTCGGTCGGTCTAA,4.40523081403726
43041,0.19190229569696945,13__nan,PertCortex_13_TCTTTCCAGGGCTTCC,4.073446435799934
43042,0.17548010472821995,13__nan,PertCortex_13_TCTTTCCGTAAACACA,3.9379900488586257
43043,0.058174505706824996,13__nan,PertCortex_13_TGAAAGACAGCTCGCA,3.750564275870941
43044,0.30104680811578016,13__nan,PertCortex_13_TGAAAGAGTGACTCAT,2.8882154518434606
43045,0.1560122291919199,13__nan,PertCortex_13_TGAAAGAGTTCGAATC,4.262214900937855
43046,0.4024863354558867,13__nan,PertCortex_13_TGACAACGTGCACGAA,2.128837424977952
43047,0.16950735433983025,13__nan,PertCortex_13_TGACGGCGTCGCTTTC,2.8638127004090674
43048,0.10422707148440344,13__nan,PertCortex_13_TGACTAGCAAACTGTC,3.2461731830060883
43049,0.14893482008835665,13__nan,PertCortex_13_TGACTAGCAGAGTGTG,2.542033206542275
43050,0.14718928787931757,13__nan,PertCortex_13_TGACTAGTCGGCCGAT,3.69325785441003
43051,0.25634356226611954,13__nan,PertCortex_13_TGACTTTCAAGACGTG,2.9044729763460477
43052,0.20797960277853522,13__nan,PertCortex_13_TGAGCATAGCTAAGAT,2.1128346150613453
43053,0.16008451740880567,13__nan,PertCortex_13_TGAGCATCAGCTGTAT,3.584159390465861
43054,0.21407699120255066,13__nan,PertCortex_13_TGAGCCGCAATAGCAA,2.4817293029364618
43055,0.1014525722540625,13__nan,PertCortex_13_TGAGCCGCAGTCACTA,4.179253638846454
43056,0.5521188621771577,13__nan,PertCortex_13_TGAGGGAGTAAGGGAA,2.022530927009725
43057,0.4340400602381702,13__nan,PertCortex_13_TGAGGGATCAACCAAC,1.8230178800464627
43058,0.19050021184622634,13__nan,PertCortex_13_TGATTTCGTGATGCCC,3.184460324567289
43059,0.4499506213495609,13__nan,PertCortex_13_TGCACCTAGAGCAATT,1.8165793157932368
43060,0.2426248827065671,13__nan,PertCortex_13_TGCACCTAGCATCATC,3.6937223687167036
43061,0.45640800955227573,13__nan,PertCortex_13_TGCCAAAGTCCTAGCG,1.852922308097164
43062,0.06568941594386578,13__nan,PertCortex_13_TGCCAAATCGCTAGCG,5.258301825925586
43063,0.36218412490785556,13__nan,PertCortex_13_TGCCCATGTACGCACC,1.8605365972140029
43064,0.09907842693545225,13__nan,PertCortex_13_TGCCCTAAGGACACCA,3.003328892619032
43065,0.16435932422079613,13__nan,PertCortex_13_TGCGCAGCAAGACACG,2.535755713009289
43066,0.3603015221938522,13__nan,PertCortex_13_TGCGTGGGTTCAGACT,2.4180332520149577
43067,0.21249382323545582,13__nan,PertCortex_13_TGCGTGGTCCTTTCGG,2.7368412531454016
43068,0.19311426293863568,13__nan,PertCortex_13_TGCTGCTAGTGTTGAA,3.3231484322471943
43069,0.12244092057228227,13__nan,PertCortex_13_TGCTGCTCATGTTGAC,2.949552152632797
43070,0.44686335233563584,13__nan,PertCortex_13_TGCTGCTTCAACTCTT,1.8835432396118204
43071,0.18873635554154242,13__nan,PertCortex_13_TGGCGCATCATTCACT,3.7529863568175186
43072,0.061933694642549296,13__nan,PertCortex_13_TGGCGCATCCACGTTC,4.305611319521704
43073,0.0973972002750225,13__nan,PertCortex_13_TGGGAAGAGATAGGAG,4.233355555167465
43074,0.24458582058339934,13__nan,PertCortex_13_TGGGCGTAGATATACG,2.62539433757187
43075,0.3776648056083092,13__nan,PertCortex_13_TGGGCGTCACCCATGG,2.744750412490613
43076,0.18666787678109997,13__nan,PertCortex_13_TGGGCGTCAGATCGGA,2.8742081016659586
43077,0.0828294362515423,13__nan,PertCortex_13_TGGGCGTGTCGAGTTT,4.336463422864536
43078,0.18165235146346126,13__nan,PertCortex_13_TGGTTAGCAAGGGTCA,3.269438255028489
43079,0.08967422025914216,13__nan,PertCortex_13_TGGTTAGTCACAACGT,4.0931375601441085
43080,0.37505691809150365,13__nan,PertCortex_13_TGGTTCCGTCACTTCC,1.988056513345795
43081,0.1063989543169374,13__nan,PertCortex_13_TGGTTCCTCACAGTAC,2.1900205402547064
43082,0.19397499950645605,13__nan,PertCortex_13_TGTATTCAGAGTGAGA,5.235304493099319
43083,0.16233293717260494,13__nan,PertCortex_13_TGTATTCTCCTGTACC,3.6519911417868696
43084,0.13303136511981192,13__nan,PertCortex_13_TGTCCCACACATCCGG,3.759537631112297
43085,0.4756163701034261,13__nan,PertCortex_13_TGTCCCAGTGCGATAG,2.080865112413346
43086,0.3509363772149974,13__nan,PertCortex_13_TGTCCCATCTGAGGGA,1.638192649684282
43087,0.21785987463216622,13__nan,PertCortex_13_TGTCCCATCTTTACGT,3.2803734625097687
43088,0.18193197286075774,13__nan,PertCortex_13_TGTGTTTTCATGTAGC,4.1533369616009255
43089,0.24242366367486506,13__nan,PertCortex_13_TGTGTTTTCTAACCGA,3.0600666985644183
43090,0.16266526288044325,13__nan,PertCortex_13_TTAACTCCAAGCGTAG,3.180834901311747
43091,0.14978784240688267,13__nan,PertCortex_13_TTAACTCTCCCTCAGT,4.068756155139888
43092,0.07700658235760452,13__nan,PertCortex_13_TTAACTCTCTTCGGTC,4.771218134882978
43093,0.04806189920664348,13__nan,PertCortex_13_TTAGGACGTTCACCTC,3.8735450890854395
43094,0.17759214012268495,13__nan,PertCortex_13_TTAGGCACAATGAATG,3.515000958982605
43095,0.0885747252299462,13__nan,PertCortex_13_TTAGGCACATAACCTG,3.4686769354973404
43096,0.3156632210696119,13__nan,PertCortex_13_TTAGTTCAGTGCTGCC,1.6691393260933258
43097,0.16116874284740934,13__nan,PertCortex_13_TTAGTTCAGTTCGCAT,5.287210977492357
43098,0.12495961381131371,13__nan,PertCortex_13_TTAGTTCGTCTCCACT,2.500916303927876
43099,0.034474518069734617,13__nan,PertCortex_13_TTATGCTGTACACCGC,4.3888605919400225
43100,0.45970983851055325,13__nan,PertCortex_13_TTCCCAGAGAGTGAGA,1.8815283558469933
43101,0.14613531223983708,13__nan,PertCortex_13_TTCGGTCTCGCAGGCT,4.613218505382551
43102,0.3628595247347524,13__nan,PertCortex_13_TTCTACAAGCTAGGCA,2.275390630639077
43103,0.14057619426828563,13__nan,PertCortex_13_TTCTCAAAGAAGATTC,3.1922940051203574
43104,0.22126983299748004,13__nan,PertCortex_13_TTCTTAGAGGGTGTGT,3.044865850154494
43105,0.14105202595315425,13__nan,PertCortex_13_TTCTTAGAGTGATCGG,2.4628046962059194
43106,0.32934381600420176,13__nan,PertCortex_13_TTCTTAGTCAATCACG,1.8574210027882456
43107,0.06300426510077152,13__nan,PertCortex_13_TTGAACGCACATTCGA,4.745227371012007
43108,0.12503379391438424,13__nan,PertCortex_13_TTGAACGTCCTTAATC,3.1995589483660125
43109,0.10709142042963586,13__nan,PertCortex_13_TTGCGTCTCAACACCA,3.4276805274894544
43110,0.2635036058891655,13__nan,PertCortex_13_TTGGAACCAAGCCCAC,2.499079531089853
43111,0.12226386107819937,13__nan,PertCortex_13_TTGTAGGGTGACCAAG,3.7574505495907378
43112,0.344448314488139,13__nan,PertCortex_13_TTTACTGAGTCGTTTG,2.8376308279697207
43113,0.44370088779400124,13__nan,PertCortex_13_TTTACTGGTTGCCTCT,2.2153388083756598
43114,0.15934249567488895,13__nan,PertCortex_13_TTTATGCCAGCTTCGG,3.4697746507440557
43115,0.17081017593469278,13__nan,PertCortex_13_TTTCCTCCAGCTCGAC,4.140094387095487
43116,0.24711234802672932,13__nan,PertCortex_13_TTTGCGCGTCTAAACC,2.904854813333323
43117,0.14013210800184694,13__nan,PertCortex_13_TTTGCGCTCTCTGAGA,3.016381617145008
43118,0.4536053355995678,14__nan,PertCortex_14_AAACCTGCAACTGGCC,2.2182670203741304
43119,0.25442181394529734,14__nan,PertCortex_14_AAACCTGGTAACGTTC,3.899852185670826
43120,0.3616788217439482,14__nan,PertCortex_14_AAAGATGCACCATCCT,1.7035497939347184
43121,0.2895974288428619,14__nan,PertCortex_14_AAATGCCAGGCTAGCA,3.4248165565595747
43122,0.08180136201090459,14__nan,PertCortex_14_AACTCTTAGTACGACG,4.2076895270354475
43123,0.12440537067088697,14__nan,PertCortex_14_AACTGGTTCAGTACGT,2.2939518887141457
43124,0.2274607773511831,14__nan,PertCortex_14_AACTTTCAGTTACGGG,2.8354260364939883
43125,0.5538483095769358,14__nan,PertCortex_14_AACTTTCGTGGTCCGT,1.874704499631091
43126,0.16333353236895026,14__nan,PertCortex_14_AAGGTTCTCCGCGGTA,4.501074962412571
43127,0.2678194325908859,14__nan,PertCortex_14_AAGTCTGCAAGTTCTG,2.297439639735128
43128,0.3491233009056436,14__nan,PertCortex_14_AAGTCTGTCACGGTTA,2.304859681691967
43129,0.2593706449743831,14__nan,PertCortex_14_AAGTCTGTCGACGGAA,2.7411169041188685
43130,0.2298354303801862,14__nan,PertCortex_14_ACACCAATCAGGCAAG,2.689407925447875
43131,0.567921383994514,14__nan,PertCortex_14_ACACCGGTCCACGCAG,1.510010380548729
43132,0.3747668154956585,14__nan,PertCortex_14_ACAGCCGAGTGGTAGC,2.3183543968477696
43133,0.12384722079834526,14__nan,PertCortex_14_ACAGCTATCACGCATA,4.04193329995763
43134,0.30535195536961945,14__nan,PertCortex_14_ACATCAGGTGTTAAGA,2.0494928197083775
43135,0.14654679407492577,14__nan,PertCortex_14_ACATCAGTCGGAATCT,3.0809039234071833
43136,0.21420182965638268,14__nan,PertCortex_14_ACATGGTAGAGGACGG,4.1105571484303445
43137,0.16224255672773608,14__nan,PertCortex_14_ACATGGTTCTGAAAGA,2.8283700575401864
43138,0.3100168163664829,14__nan,PertCortex_14_ACCTTTAGTTAGGGTG,2.559944157958118
43139,0.13607021760977647,14__nan,PertCortex_14_ACGAGGAGTCTGATTG,2.8823752769061257
43140,0.11010223242412161,14__nan,PertCortex_14_ACGAGGAGTTGAGGTG,4.196403855762161
43141,0.1804991525124677,14__nan,PertCortex_14_ACGATACGTAGGACAC,2.6901732006568593
43142,0.0661683076863347,14__nan,PertCortex_14_ACGATGTGTCGGCTCA,3.8114378427101374
43143,0.1476016121809532,14__nan,PertCortex_14_ACGCCGATCCAAACAC,3.5271988726597057
43144,0.08898971233484695,14__nan,PertCortex_14_ACGGAGAAGCGTCAAG,4.162098101221942
43145,0.13880959918367583,14__nan,PertCortex_14_ACGGCCAAGCAGACTG,4.2774150999556735
43146,0.24105850352289376,14__nan,PertCortex_14_ACGGGCTCACGGTAGA,3.7048278032615145
43147,0.11595727989281089,14__nan,PertCortex_14_ACGGGTCTCTCTGCTG,4.8065502340868935
43148,0.15143465826053074,14__nan,PertCortex_14_ACGTCAAAGAGTACAT,2.9605705935075397
43149,0.5611520256351463,14__nan,PertCortex_14_ACTATCTAGAGGTTGC,1.787125206481571
43150,0.18131557287092903,14__nan,PertCortex_14_ACTGAACCAACTGCTA,3.5801328407219617
43151,0.051797379363957535,14__nan,PertCortex_14_ACTGAACCATCATCCC,4.370817933941621
43152,0.2520063769291273,14__nan,PertCortex_14_ACTGAGTAGCACACAG,2.659989025520182
43153,0.49902811776685696,14__nan,PertCortex_14_ACTGAGTCAGTAACGG,1.8011016249220857
43154,0.6149686687961019,14__nan,PertCortex_14_ACTGAGTGTTCTGAAC,1.509477336520006
43155,0.11159455762402615,14__nan,PertCortex_14_ACTGCTCTCCACGTGG,4.83029116241791
43156,0.25224396017823336,14__nan,PertCortex_14_ACTGTCCCAGATGGGT,2.288108856460749
43157,0.1798532799792246,14__nan,PertCortex_14_ACTTACTGTGCAGACA,4.078339804050243
43158,0.19256609383441212,14__nan,PertCortex_14_ACTTTCATCCATGCTC,2.4133007295331463
43159,0.14134068191849009,14__nan,PertCortex_14_AGAATAGAGATCCCAT,4.032305968834694
43160,0.10299267550162564,14__nan,PertCortex_14_AGAATAGTCCTTGGTC,4.241674637544798
43161,0.1704205778188716,14__nan,PertCortex_14_AGACGTTAGTGGACGT,3.8133878570495288
43162,0.32366662361946463,14__nan,PertCortex_14_AGAGCGATCTACTATC,1.9696717832413255
43163,0.30688751944607723,14__nan,PertCortex_14_AGAGCTTAGCTCCTTC,2.7070912955974666
43164,0.10390673110027204,14__nan,PertCortex_14_AGAGCTTTCACATACG,3.4950752193347654
43165,0.19833088954699946,14__nan,PertCortex_14_AGAGTGGCATAGACTC,4.5259718844724715
43166,0.20259452836878292,14__nan,PertCortex_14_AGATCTGCACCTTGTC,2.9738246426781836
43167,0.1485382955843895,14__nan,PertCortex_14_AGCAGCCCATAGAAAC,3.698325363277767
43168,0.09220644420339667,14__nan,PertCortex_14_AGCAGCCTCAATCACG,3.1390075464812064
43169,0.15663832322689566,14__nan,PertCortex_14_AGCATACTCCGCGGTA,3.7687813959241594
43170,0.27008779173901404,14__nan,PertCortex_14_AGCCTAACACCGTTGG,3.037259328794253
43171,0.624677325651771,14__nan,PertCortex_14_AGCCTAATCATTCACT,1.4987877776418561
43172,0.27353516042446535,14__nan,PertCortex_14_AGCGTATTCATGTAGC,2.2603340621073356
43173,0.6609027202303993,14__nan,PertCortex_14_AGCGTCGAGTTCGCAT,1.9691498407987524
43174,0.5181080862591024,14__nan,PertCortex_14_AGCGTCGTCCACGAAT,1.691219382176498
43175,0.5110124308689736,14__nan,PertCortex_14_AGCTCCTGTTGCGTTA,1.9760177739195015
43176,0.13570396607271568,14__nan,PertCortex_14_AGCTCTCGTCTCTTAT,4.159985504930363
43177,0.479402814557552,14__nan,PertCortex_14_AGGCCACTCGGCGCTA,1.643900262816859
43178,0.1846880394371651,14__nan,PertCortex_14_AGGCCGTCAACGCACC,3.0099491966469096
43179,0.1649180693090791,14__nan,PertCortex_14_AGGCCGTCAAGCCCAC,3.3938748204914164
43180,0.2350027281247403,14__nan,PertCortex_14_AGGCCGTCAGTCCTTC,3.475977992884464
43181,0.199649197928423,14__nan,PertCortex_14_AGGCCGTTCCTTTACA,2.900323861181905
43182,0.16503649498832443,14__nan,PertCortex_14_AGGGTGAAGTAGGTGC,3.2813737080388017
43183,0.06372579421481442,14__nan,PertCortex_14_AGGTCATCACCAGCAC,3.823544615065187
43184,0.1024565552284851,14__nan,PertCortex_14_AGGTCCGCATTTCACT,3.0158836420685327
43185,0.6709030293351711,14__nan,PertCortex_14_AGGTCCGTCGACAGCC,1.7744587565555292
43186,0.10616888427365216,14__nan,PertCortex_14_AGTCTTTAGAGGGATA,2.9222935128212266
43187,0.5280830212503488,14__nan,PertCortex_14_ATAACGCAGTCAATAG,2.648525090291744
43188,0.177552284740391,14__nan,PertCortex_14_ATAGACCAGATGTAAC,3.700771142869766
43189,0.30611367575210097,14__nan,PertCortex_14_ATAGACCGTAGCGTCC,1.7193822406599475
43190,0.21290330848579547,14__nan,PertCortex_14_ATCACGACAAATTGCC,2.9250321500747143
43191,0.44297954113583465,14__nan,PertCortex_14_ATCACGATCCTATGTT,2.1220433299820827
43192,0.12701549231616133,14__nan,PertCortex_14_ATCATCTAGCCGTCGT,4.257933254005733
43193,0.08507171773629471,14__nan,PertCortex_14_ATCCACCGTAAGAGAG,3.537713612931814
43194,0.19515806141314473,14__nan,PertCortex_14_ATCCACCGTAATAGCA,3.3979989133066253
43195,0.14265714580683495,14__nan,PertCortex_14_ATCCACCGTCTTCAAG,2.9676249317102696
43196,0.2076316457093829,14__nan,PertCortex_14_ATCCGAACAAGGCTCC,3.8116134023611954
43197,0.1013763728088741,14__nan,PertCortex_14_ATCCGAACACCGATAT,4.7838252989783285
43198,0.3590147582016189,14__nan,PertCortex_14_ATCCGAAGTCCGTTAA,2.105560701068215
43199,0.21342027550118964,14__nan,PertCortex_14_ATCCGAATCCTTCAAT,4.865384744131937
43200,0.10583326145514274,14__nan,PertCortex_14_ATCGAGTGTCGACTAT,1.9563789431235714
43201,0.6450023137519658,14__nan,PertCortex_14_ATCGAGTTCCGCATAA,1.9802461383195287
43202,0.31125456635371995,14__nan,PertCortex_14_ATCGAGTTCTTGCAAG,3.462763196258342
43203,0.12253497023118705,14__nan,PertCortex_14_ATCTGCCCAATCGAAA,3.2680208800163237
43204,0.3091040218291253,14__nan,PertCortex_14_ATGAGGGCACATGACT,2.7548779447983662
43205,0.3024162018119328,14__nan,PertCortex_14_ATGTGTGAGGACGAAA,2.7217555805443645
43206,0.23429795431625736,14__nan,PertCortex_14_ATTACTCAGAAACGCC,2.9030407874193753
43207,0.38803803421370275,14__nan,PertCortex_14_ATTATCCAGAGTCTGG,3.545455864330391
43208,0.2084988410338925,14__nan,PertCortex_14_ATTATCCAGATCTGAA,3.191418626861205
43209,0.1547462263237508,14__nan,PertCortex_14_ATTATCCCAGCTCCGA,2.7167615940799843
43210,0.10874444324682629,14__nan,PertCortex_14_ATTGGACAGACAATAC,4.548907652828957
43211,0.4839718204986753,14__nan,PertCortex_14_ATTGGACAGCTGCCCA,2.0884095612208533
43212,0.0811230940693431,14__nan,PertCortex_14_ATTGGTGTCTTAACCT,2.9488885916831182
43213,0.12184615409301115,14__nan,PertCortex_14_ATTTCTGTCCGCGTTT,4.51636775357052
43214,0.2186636371706524,14__nan,PertCortex_14_CAACCTCCACCCTATC,3.4386718319662117
43215,0.21062007106970543,14__nan,PertCortex_14_CAACTAGAGATACACA,1.9634745276727026
43216,0.1360630523151313,14__nan,PertCortex_14_CAACTAGGTGCGCTTG,3.8050865040838198
43217,0.4765388718635186,14__nan,PertCortex_14_CAAGGCCAGTACGACG,2.232834307468973
43218,0.5615101573219738,14__nan,PertCortex_14_CAAGGCCGTCCGACGT,1.6270120471037113
43219,0.09004184679037434,14__nan,PertCortex_14_CAAGTTGAGCAGCCTC,3.9548892139849157
43220,0.10639961103795258,14__nan,PertCortex_14_CAAGTTGTCAAACGGG,3.967671410874437
43221,0.08172425647732619,14__nan,PertCortex_14_CACAAACAGCCTTGAT,3.493990802316811
43222,0.3219289373229351,14__nan,PertCortex_14_CACACCTTCTTAGAGC,2.2468903712832673
43223,0.32689844708620686,14__nan,PertCortex_14_CACATTTCAAACGCGA,2.14536061956633
43224,0.21748701332696024,14__nan,PertCortex_14_CACCACTAGACCGGAT,2.495309536625416
43225,0.5266079841160021,14__nan,PertCortex_14_CACCACTCAATTGCTG,1.599548114230428
43226,0.6924861269094027,14__nan,PertCortex_14_CACCTTGGTAGATTAG,1.616204966322709
43227,0.41911153411344165,14__nan,PertCortex_14_CAGAATCGTCCAGTAT,2.1878139194729083
43228,0.26448452468450473,14__nan,PertCortex_14_CAGCCGATCAACACTG,2.0597606860392794
43229,0.26284361508235293,14__nan,PertCortex_14_CAGGTGCCAGTGACAG,2.2750299461065016
43230,0.25262891246707847,14__nan,PertCortex_14_CATCAGAAGCTGTTCA,2.2015216408275475
43231,0.3039829815233649,14__nan,PertCortex_14_CATGACAAGGAGTCTG,2.7557521826058173
43232,0.19203644467673897,14__nan,PertCortex_14_CATGACAAGTGGTAAT,2.8753494895996807
43233,0.043471553938351566,14__nan,PertCortex_14_CATGGCGTCCCGGATG,4.001290538198555
43234,0.1306946635649334,14__nan,PertCortex_14_CATTATCGTGCGAAAC,2.9726940411552354
43235,0.4915608031095497,14__nan,PertCortex_14_CATTCGCTCTGGCGAC,2.9726485373198845
43236,0.20991471155563343,14__nan,PertCortex_14_CCAATCCGTCGAGTTT,3.569414916814998
43237,0.11103926246001523,14__nan,PertCortex_14_CCACGGAAGAAGCCCA,3.741730735439499
43238,0.3747512890349351,14__nan,PertCortex_14_CCACTACAGTCTCCTC,2.139043852160748
43239,0.0708333891016822,14__nan,PertCortex_14_CCACTACCAGTCGATT,4.317494292189302
43240,0.22133391782104722,14__nan,PertCortex_14_CCACTACGTGGTCCGT,2.0138846380123328
43241,0.07436616773318867,14__nan,PertCortex_14_CCCTCCTCAATCGGTT,2.739423291440503
43242,0.06765858485660901,14__nan,PertCortex_14_CCCTCCTTCAGCACAT,3.4999812857881896
43243,0.477077123685797,14__nan,PertCortex_14_CCCTCCTTCTATGTGG,1.8604049986367985
43244,0.2234894589148704,14__nan,PertCortex_14_CCGGTAGAGCGTGTCC,3.3408909396716773
43245,0.1586309929943664,14__nan,PertCortex_14_CCGGTAGCACCTATCC,2.6607874069177497
43246,0.4784596945607891,14__nan,PertCortex_14_CCGGTAGGTCTAGGTT,1.9635937106686565
43247,0.08630023259318004,14__nan,PertCortex_14_CCGTGGATCGACAGCC,3.4112925052767333
43248,0.062253896695061414,14__nan,PertCortex_14_CCTACACAGAATGTGT,4.702852581132283
43249,0.17355820605488592,14__nan,PertCortex_14_CCTACACCACAACTGT,3.1395244929687958
43250,0.17890265867627936,14__nan,PertCortex_14_CCTTCCCTCTGCTTGC,3.551872726791962
43251,0.2215730637442186,14__nan,PertCortex_14_CCTTTCTAGAGAGCTC,4.263252806872091
43252,0.5922433092010668,14__nan,PertCortex_14_CCTTTCTCATCTACGA,2.1511837769642863
43253,0.6383905154414647,14__nan,PertCortex_14_CGAACATCAGGACCCT,1.8116024874666865
43254,0.15042248265430774,14__nan,PertCortex_14_CGAATGTAGGACATTA,3.9047476535095793
43255,0.18029750675087633,14__nan,PertCortex_14_CGACCTTCAAGGTGTG,3.3260466213858217
43256,0.153056341114153,14__nan,PertCortex_14_CGACTTCGTTTCCACC,4.45505734130768
43257,0.29326464803803437,14__nan,PertCortex_14_CGACTTCTCCGAGCCA,2.3677123624161336
43258,0.0873778577391149,14__nan,PertCortex_14_CGAGCCAAGTGTCTCA,4.1216029391311695
43259,0.17015485186240045,14__nan,PertCortex_14_CGAGCCAGTAACGTTC,5.74499839639928
43260,0.08519036786128348,14__nan,PertCortex_14_CGAGCCATCACTCTTA,3.8164617627039226
43261,0.07460739160781134,14__nan,PertCortex_14_CGATTGAAGATGTTAG,4.485231478450652
43262,0.19446783194210965,14__nan,PertCortex_14_CGATTGATCTCAAACG,2.302721050237628
43263,0.2745584090146073,14__nan,PertCortex_14_CGCCAAGAGGGATACC,2.4748958267959247
43264,0.16879758346075882,14__nan,PertCortex_14_CGCCAAGGTTTGTGTG,4.319668574866353
43265,0.09476410438317129,14__nan,PertCortex_14_CGCGTTTCAGGCAGTA,3.861073989676009
43266,0.12002302731125901,14__nan,PertCortex_14_CGCTATCAGGGCTTCC,3.0850256986517453
43267,0.1586872335113342,14__nan,PertCortex_14_CGCTGGATCTATCGCC,4.646027827792362
43268,0.12165725506954671,14__nan,PertCortex_14_CGGACACCACCTCGGA,2.9862091548372947
43269,0.08739840380873228,14__nan,PertCortex_14_CGGACACGTTGTGGAG,1.9559990125358067
43270,0.26773850139644917,14__nan,PertCortex_14_CGGACGTAGTTAACGA,4.09120236586325
43271,0.14160788258461302,14__nan,PertCortex_14_CGGACGTTCAACACAC,2.8212356036189803
43272,0.1894082783422373,14__nan,PertCortex_14_CGGAGCTCACTGAAGG,3.2287634691746874
43273,0.16047608020713594,14__nan,PertCortex_14_CGGGTCAAGTGAACAT,2.7496390586280586
43274,0.5587824534217505,14__nan,PertCortex_14_CGGGTCACATGTCCTC,1.6833415539855447
43275,0.028302586834365775,14__nan,PertCortex_14_CGGTTAAAGTAGCGGT,4.447691607560497
43276,0.20252721279953181,14__nan,PertCortex_14_CGTAGCGTCATGTCCC,3.350631800919316
43277,0.13948945586096756,14__nan,PertCortex_14_CGTAGGCGTAACGTTC,4.4148190335515665
43278,0.6067426474986782,14__nan,PertCortex_14_CGTAGGCTCTAACTGG,1.2941914308149365
43279,0.14321477086040826,14__nan,PertCortex_14_CGTCAGGGTAGAGTGC,3.6777650056772164
43280,0.15468748954966868,14__nan,PertCortex_14_CGTGTAACACGGCCAT,2.8211924062490144
43281,0.48149990980296536,14__nan,PertCortex_14_CGTGTCTGTAGCGTAG,1.789453898898641
43282,0.17888174424127165,14__nan,PertCortex_14_CGTTCTGCACGTCTCT,3.922543166570332
43283,0.1869318325213765,14__nan,PertCortex_14_CGTTCTGTCCTTAATC,2.3721092249139826
43284,0.09008918374093182,14__nan,PertCortex_14_CGTTGGGCAGATCGGA,3.5900500006193314
43285,0.0919098097873705,14__nan,PertCortex_14_CGTTGGGTCCGCATCT,3.884758129564856
43286,0.16860515568225853,14__nan,PertCortex_14_CTACATTAGTATGACA,3.4912402090448658
43287,0.4403111194779833,14__nan,PertCortex_14_CTACCCACATCGATTG,1.9428565035680774
43288,0.16902671766436894,14__nan,PertCortex_14_CTACCCAGTCACCCAG,2.94408708402073
43289,0.17065693799270829,14__nan,PertCortex_14_CTACCCAGTCGCGTGT,2.604834886890166
43290,0.09246850855830299,14__nan,PertCortex_14_CTACGTCAGCTTATCG,2.688243048890355
43291,0.24037790427850803,14__nan,PertCortex_14_CTAGCCTTCCATGAAC,2.9748927644741756
43292,0.14317928013052977,14__nan,PertCortex_14_CTAGTGACATCGGAAG,2.5786747636028293
43293,0.13974538116483695,14__nan,PertCortex_14_CTCATTATCGCGGATC,3.3513860171504364
43294,0.12141567984148566,14__nan,PertCortex_14_CTCGAAACACCATCCT,3.3565132631366565
43295,0.270367208865723,14__nan,PertCortex_14_CTCGAGGAGAGGGCTT,2.467576630831762
43296,0.2348575870307717,14__nan,PertCortex_14_CTCGAGGAGCAGGTCA,5.0742087838173395
43297,0.08402275746295419,14__nan,PertCortex_14_CTCGAGGCAAGTCTGT,5.135400847046935
43298,0.2769849952491177,14__nan,PertCortex_14_CTCGGGATCAATCACG,2.941435950266888
43299,0.20519849130545162,14__nan,PertCortex_14_CTCGTCAGTACGACCC,4.6480922194885865
43300,0.1638214163562268,14__nan,PertCortex_14_CTCGTCATCATCATTC,3.1885153152392953
43301,0.34517596026468655,14__nan,PertCortex_14_CTCTAATCAGGAATCG,2.099525282675119
43302,0.4951696910637086,14__nan,PertCortex_14_CTCTACGAGTATGACA,1.7623002896551003
43303,0.19111425331269832,14__nan,PertCortex_14_CTCTACGGTCATGCCG,3.550101802458573
43304,0.3792579579917213,14__nan,PertCortex_14_CTGAAGTGTCGCATCG,1.9599220569299718
43305,0.2747118005742326,14__nan,PertCortex_14_CTGATCCAGTTACCCA,2.4392546153557277
43306,0.47046205971573374,14__nan,PertCortex_14_CTGCCTAGTGCCTGGT,1.7794729537382867
43307,0.08994699264527659,14__nan,PertCortex_14_CTGCGGACATTTGCTT,3.774723543810972
43308,0.07564286269200265,14__nan,PertCortex_14_CTGCGGATCCGAATGT,4.988722266329342
43309,0.18749451601441236,14__nan,PertCortex_14_CTGCTGTAGTCACGCC,2.700825993612317
43310,0.12619605887002683,14__nan,PertCortex_14_CTGCTGTCATTTCAGG,2.7174747197785205
43311,0.2886130409887321,14__nan,PertCortex_14_CTGGTCTCACCAGGTC,2.305955606073902
43312,0.4435795058126437,14__nan,PertCortex_14_CTGTGCTCAATACGCT,2.986604733249227
43313,0.24741588784737756,14__nan,PertCortex_14_CTTAACTCAGCTGTGC,3.5314452706093595
43314,0.36655832414238554,14__nan,PertCortex_14_CTTACCGAGTTCGCGC,2.080901775427617
43315,0.14616770674755722,14__nan,PertCortex_14_CTTAGGAAGAGACTAT,3.8450346352661198
43316,0.11167428835656404,14__nan,PertCortex_14_GAAATGAAGAGGGATA,4.392971914774316
43317,0.3968328329158349,14__nan,PertCortex_14_GAAATGAAGCGCCTTG,1.952639993110054
43318,0.14242270687876243,14__nan,PertCortex_14_GAACCTAAGCGTGAGT,2.908173046266903
43319,0.09487475740608116,14__nan,PertCortex_14_GAAGCAGAGCTGTCTA,3.6613266062168224
43320,0.5343273933912217,14__nan,PertCortex_14_GAAGCAGCAAAGCAAT,1.8089935224232858
43321,0.11763939713959884,14__nan,PertCortex_14_GAAGCAGCAGGCAGTA,2.6173210737365467
43322,0.17249040076924707,14__nan,PertCortex_14_GAATGAATCACTCTTA,3.821317984150076
43323,0.08311197970716334,14__nan,PertCortex_14_GACACGCGTATAATGG,4.212034892547578
43324,0.24019473243004572,14__nan,PertCortex_14_GACACGCTCGTAGGTT,2.2866193896658684
43325,0.19111113823306006,14__nan,PertCortex_14_GACCAATCAAACCCAT,3.343517954210936
43326,0.10123152009486996,14__nan,PertCortex_14_GACCTGGAGCCGATTT,2.9795001863125012
43327,0.07043174934520581,14__nan,PertCortex_14_GACCTGGAGGACCACA,4.131713204138668
43328,0.1602368365354962,14__nan,PertCortex_14_GACGCGTGTGCTCTTC,4.955771292125407
43329,0.17170382108863902,14__nan,PertCortex_14_GACGCGTTCCCTAATT,3.950810693281021
43330,0.4398045149925977,14__nan,PertCortex_14_GACGGCTGTCTGCCAG,2.6684823206323145
43331,0.11009634914164594,14__nan,PertCortex_14_GACGGCTTCGCCGTGA,3.9824267860326406
43332,0.2638736051709098,14__nan,PertCortex_14_GACGTTACATTCTCAT,2.785464680860626
43333,0.17729993246518225,14__nan,PertCortex_14_GACTAACAGTACCGGA,3.747780796494047
43334,0.13551765954230355,14__nan,PertCortex_14_GACTGCGAGTACATGA,4.770355977320007
43335,0.139908445426366,14__nan,PertCortex_14_GAGTCCGCAGGTGCCT,4.162337446182973
43336,0.2485342051954443,14__nan,PertCortex_14_GATCAGTTCACGAAGG,4.653571065686616
43337,0.18762303673832334,14__nan,PertCortex_14_GATCGCGAGACGCAAC,3.0347201800747943
43338,0.11260959336688862,14__nan,PertCortex_14_GATCGCGAGTGTTAGA,4.18447877308336
43339,0.1324778184989137,14__nan,PertCortex_14_GATCGCGGTTTCGCTC,3.121938410209608
43340,0.12846895241423936,14__nan,PertCortex_14_GATCGTACACAGACAG,2.715231184093779
43341,0.13732829195165858,14__nan,PertCortex_14_GATCGTATCCTGCAGG,2.388928641139518
43342,0.4659424647868204,14__nan,PertCortex_14_GATGAAATCGTGTAGT,1.6161015900286577
43343,0.04411785016044741,14__nan,PertCortex_14_GATGAGGCACAACGCC,4.127466874210628
43344,0.5693107177701272,14__nan,PertCortex_14_GATGAGGTCACAATGC,2.195387499387043
43345,0.09292809790981743,14__nan,PertCortex_14_GCAAACTAGTATTGGA,3.5884551013663604
43346,0.2180479637791519,14__nan,PertCortex_14_GCAATCACACTAGTAC,2.729660601205201
43347,0.18186621033843237,14__nan,PertCortex_14_GCAGCCACACCGCTAG,2.1820243277674565
43348,0.16327889850579388,14__nan,PertCortex_14_GCAGCCAGTTCTGAAC,2.7548980400383427
43349,0.10008621719245266,14__nan,PertCortex_14_GCAGCCATCTGGGCCA,3.795340389231465
43350,0.1671782276684527,14__nan,PertCortex_14_GCAGTTAAGCCAGAAC,4.866488260555255
43351,0.1057185215355257,14__nan,PertCortex_14_GCAGTTATCAGGTAAA,3.859568172680086
43352,0.20866901908511398,14__nan,PertCortex_14_GCAGTTATCGGCCGAT,2.824470342715049
43353,0.38817623958323666,14__nan,PertCortex_14_GCATGTATCAGCAACT,2.146828348673979
43354,0.17712196708094977,14__nan,PertCortex_14_GCATGTATCCTAGAAC,3.4789922903301456
43355,0.3013260590115103,14__nan,PertCortex_14_GCCAAATAGTGGGATC,2.2030422035002144
43356,0.1559735008801474,14__nan,PertCortex_14_GCCAAATCACTAGTAC,4.0748929323598455
43357,0.17192255568100148,14__nan,PertCortex_14_GCGACCAGTGCACCAC,3.8783659189989215
43358,0.23217321219914497,14__nan,PertCortex_14_GCGACCATCAACTCTT,3.9442655143149103
43359,0.08738637621689385,14__nan,PertCortex_14_GCGCAACAGGGTGTGT,2.958089139377248
43360,0.17149632224706327,14__nan,PertCortex_14_GCGCAACTCGTTGCCT,4.869350454712503
43361,0.18894203428516423,14__nan,PertCortex_14_GCGCAGTTCGGTGTTA,3.3124747203528178
43362,0.06527586686930442,14__nan,PertCortex_14_GCGCCAAAGCCCGAAA,3.0790530757445627
43363,0.2675034183551043,14__nan,PertCortex_14_GCGCCAACAAGAGTCG,2.324510364324613
43364,0.13472619113368267,14__nan,PertCortex_14_GCGCGATAGTGTTAGA,2.9724458709216033
43365,0.1250722211156184,14__nan,PertCortex_14_GCGCGATTCGCAAACT,4.75183050407923
43366,0.14649379191185197,14__nan,PertCortex_14_GCGCGATTCTTTAGGG,4.643913088096184
43367,0.22126040226801647,14__nan,PertCortex_14_GCGGGTTAGGCTCTTA,2.6770733926882317
43368,0.11137819389761433,14__nan,PertCortex_14_GCTGCTTGTCAAAGCG,3.766348579503693
43369,0.12731230927414172,14__nan,PertCortex_14_GCTGCTTGTGTGACCC,4.545218619449011
43370,0.2455827021914875,14__nan,PertCortex_14_GCTGCTTGTTGTTTGG,3.26020749469101
43371,0.5573118114538437,14__nan,PertCortex_14_GCTTCCACAATGGAGC,1.6509615927692916
43372,0.3581182206201029,14__nan,PertCortex_14_GCTTCCAGTCAGAGGT,2.4043927641239677
43373,0.3572106885483764,14__nan,PertCortex_14_GGAAAGCCATTGCGGC,2.681176832191508
43374,0.16181078785654554,14__nan,PertCortex_14_GGAAAGCTCAGCCTAA,2.671777409046198
43375,0.1339835400592518,14__nan,PertCortex_14_GGAACTTTCGAACTGT,2.8555132710250883
43376,0.5605886102693814,14__nan,PertCortex_14_GGACAAGAGAGCCCAA,1.5803948678739828
43377,0.29110884660867703,14__nan,PertCortex_14_GGACAAGAGTGGGTTG,4.389155269497706
43378,0.12028548265869612,14__nan,PertCortex_14_GGACAAGGTCAGAGGT,3.30783890114494
43379,0.1255231736752867,14__nan,PertCortex_14_GGACAGAGTTGACGTT,4.202291068465218
43380,0.10256212039873369,14__nan,PertCortex_14_GGACGTCAGCCCAGCT,4.545792558326686
43381,0.09799619103203625,14__nan,PertCortex_14_GGAGCAAGTGCGATAG,2.433329466672644
43382,0.2580665233077941,14__nan,PertCortex_14_GGATGTTAGGCCGAAT,3.535003473188564
43383,0.1271012169060865,14__nan,PertCortex_14_GGATGTTAGGTGCTAG,2.8625254555276314
43384,0.44417056172382724,14__nan,PertCortex_14_GGATTACGTGTTGAGG,1.797179073256904
43385,0.2665902623980577,14__nan,PertCortex_14_GGATTACTCTGCTTGC,2.712849130831414
43386,0.12128009238610853,14__nan,PertCortex_14_GGCCGATCAACAACCT,2.6921088302603247
43387,0.15966524617699007,14__nan,PertCortex_14_GGCGACTTCGTTTAGG,4.457133798978515
43388,0.12526894975129682,14__nan,PertCortex_14_GGCGTGTAGCTAGTCT,4.795432120023581
43389,0.16711073795264908,14__nan,PertCortex_14_GGCTGGTGTCGCATAT,4.5847822920958485
43390,0.11651429329860459,14__nan,PertCortex_14_GGGAGATTCATCGGAT,3.655223888673483
43391,0.5920857107028209,14__nan,PertCortex_14_GGGCACTAGGATCGCA,2.259265984754696
43392,0.1931981731724722,14__nan,PertCortex_14_GGGCACTCAGTTAACC,3.5774112969271274
43393,0.31415141375354244,14__nan,PertCortex_14_GGGCATCAGGTTCCTA,2.1959162249869686
43394,0.2360333305105911,14__nan,PertCortex_14_GGGCATCTCTTCAACT,3.5151017656971426
43395,0.12323722775047151,14__nan,PertCortex_14_GGGTCTGCATACAGCT,3.89843573875342
43396,0.1296524718114357,14__nan,PertCortex_14_GGTGCGTTCTTGAGGT,3.814753645561623
43397,0.6000220848108287,14__nan,PertCortex_14_GTAACTGCATGTTGAC,1.9788810360118172
43398,0.0861267993342032,14__nan,PertCortex_14_GTAGGCCAGATGTTAG,2.84442040297093
43399,0.30572962462120035,14__nan,PertCortex_14_GTAGGCCCACAGATTC,2.037198750255651
43400,0.13266772695906948,14__nan,PertCortex_14_GTAGTCAAGAATGTTG,2.4208688293999003
43401,0.21150886924633536,14__nan,PertCortex_14_GTAGTCAAGATGTGGC,4.248360983078561
43402,0.1640202698030293,14__nan,PertCortex_14_GTAGTCAAGCCAGTTT,4.50909114384496
43403,0.5876083229172164,14__nan,PertCortex_14_GTAGTCAGTCGAACAG,1.6267938315275505
43404,0.2357233806058762,14__nan,PertCortex_14_GTAGTCAGTTCCGGCA,3.101098145578416
43405,0.12767521180631283,14__nan,PertCortex_14_GTATCTTTCAATCTCT,2.342736977189159
43406,0.10344030849983792,14__nan,PertCortex_14_GTCGGGTAGCCGCCTA,3.9304808089240844
43407,0.11369649065081033,14__nan,PertCortex_14_GTGCAGCAGCTGATAA,3.927908100037139
43408,0.1745130605830338,14__nan,PertCortex_14_GTGCGGTTCCGTACAA,3.2575037603331096
43409,0.1725663825393004,14__nan,PertCortex_14_GTGCTTCCAACGATCT,3.531756617307569
43410,0.16700736356315432,14__nan,PertCortex_14_GTGCTTCGTAATCGTC,4.7088369017580645
43411,0.10541945010777752,14__nan,PertCortex_14_GTGCTTCTCGGAAATA,4.367999162250202
43412,0.13615843351110232,14__nan,PertCortex_14_GTGGGTCGTGTAACGG,3.8556675003056635
43413,0.22561539062376837,14__nan,PertCortex_14_GTGGGTCTCGGCCGAT,3.282886872373335
43414,0.13072078680476099,14__nan,PertCortex_14_GTGTGCGTCCGGCACA,3.3553102124539365
43415,0.29252871677422715,14__nan,PertCortex_14_GTTAAGCGTTTAGCTG,4.313666462266215
43416,0.3634268633266036,14__nan,PertCortex_14_GTTAAGCTCCTTTACA,1.7299275664154525
43417,0.14662436119034858,14__nan,PertCortex_14_GTTCGGGGTACCATCA,5.177089600423789
43418,0.23032598285578373,14__nan,PertCortex_14_GTTCTCGAGGCATTGG,3.217263026809913
43419,0.6736197900684001,14__nan,PertCortex_14_GTTTCTAGTTCGGGCT,1.7773553010098153
43420,0.2405398385445922,14__nan,PertCortex_14_TAAGAGATCGCGTTTC,2.953181605948279
43421,0.10667201152579019,14__nan,PertCortex_14_TAAGCGTCAGCTGGCT,3.1396294902092494
43422,0.1978377535724234,14__nan,PertCortex_14_TAAGCGTTCTTGCAAG,3.545060444143463
43423,0.10477815602946654,14__nan,PertCortex_14_TAAGTGCAGACAAGCC,3.701831493026763
43424,0.0851569359481985,14__nan,PertCortex_14_TACAGTGAGCTTCGCG,4.893368722041448
43425,0.36758190645829203,14__nan,PertCortex_14_TACCTTACAGATAATG,2.2543233195277756
43426,0.06745139782097616,14__nan,PertCortex_14_TACCTTAGTCGTGGCT,3.821079057603337
43427,0.11799360440833069,14__nan,PertCortex_14_TACCTTATCCTAGTGA,4.9756701381879305
43428,0.14376754198977162,14__nan,PertCortex_14_TACGGATGTAGCTCCG,5.022246203416423
43429,0.1574615954595708,14__nan,PertCortex_14_TACTCATAGCCACGCT,2.7748500659850697
43430,0.28794224484356035,14__nan,PertCortex_14_TACTCATCACAACGTT,1.9440884457483831
43431,0.13033173112308466,14__nan,PertCortex_14_TACTCATGTTCCACTC,3.949295696471096
43432,0.4319056127496261,14__nan,PertCortex_14_TACTCATTCAACGAAA,2.4509373647682424
43433,0.10301552829146324,14__nan,PertCortex_14_TACTCATTCCCATTTA,4.362416783820219
43434,0.3067408700515865,14__nan,PertCortex_14_TAGACCAAGTCAAGGC,2.7583419959389635
43435,0.16421845196692297,14__nan,PertCortex_14_TAGAGCTGTTCGCGAC,3.1110518670005414
43436,0.1877326730129384,14__nan,PertCortex_14_TAGAGCTTCCGATATG,2.3803950968787455
43437,0.10092197042626341,14__nan,PertCortex_14_TAGGCATGTGGCGAAT,4.357930579245132
43438,0.10414796673813963,14__nan,PertCortex_14_TAGTGGTCAATGCCAT,2.6266452415188084
43439,0.12274176280847104,14__nan,PertCortex_14_TAGTGGTGTTCCATGA,3.334163669614858
43440,0.47030583491732875,14__nan,PertCortex_14_TATCAGGAGGCACATG,1.7896013622521547
43441,0.10270513554478766,14__nan,PertCortex_14_TATGCCCAGTAGGTGC,3.9163159726401946
43442,0.07199880521858865,14__nan,PertCortex_14_TATGCCCTCTCCCTGA,4.020275161822603
43443,0.10426117482494485,14__nan,PertCortex_14_TATTACCGTATATGAG,2.771168580011349
43444,0.13605833599413086,14__nan,PertCortex_14_TCAACGAAGACTAGGC,3.2934919869450194
43445,0.07372575758274984,14__nan,PertCortex_14_TCACAAGCAAGCTGTT,3.0158843775072346
43446,0.2029289829648596,14__nan,PertCortex_14_TCACGAAAGCTAGTCT,2.9044268461495837
43447,0.22007440116661986,14__nan,PertCortex_14_TCACGAACAGACACTT,2.7857277088116708
43448,0.25243773373242073,14__nan,PertCortex_14_TCACGAATCTTTCCTC,2.5235906307233504
43449,0.032470896976792646,14__nan,PertCortex_14_TCAGCAACACCGATAT,2.2133647055223027
43450,0.1520161134863028,14__nan,PertCortex_14_TCAGCAATCTCGATGA,2.271294189095119
43451,0.08027116515695454,14__nan,PertCortex_14_TCAGGATGTAACGACG,3.785179666491765
43452,0.2581565838556055,14__nan,PertCortex_14_TCAGGTAAGACGCTTT,2.83308146594308
43453,0.47134996433970394,14__nan,PertCortex_14_TCCCGATCAGGGTTAG,1.8865177121012597
43454,0.28088785757251683,14__nan,PertCortex_14_TCCCGATTCACGACTA,2.616503621127257
43455,0.5582988870060946,14__nan,PertCortex_14_TCCCGATTCTGGTATG,2.189751581685781
43456,0.2269353346126991,14__nan,PertCortex_14_TCGAGGCCATATACGC,3.441819397132692
43457,0.21785267157935126,14__nan,PertCortex_14_TCGGGACAGAGTTGGC,2.8337093188769424
43458,0.2773856482742726,14__nan,PertCortex_14_TCGGGACGTATAAACG,2.9753119848646454
43459,0.39560950282121354,14__nan,PertCortex_14_TCGGGACTCTTGAGAC,2.061419563583381
43460,0.19572963242637037,14__nan,PertCortex_14_TCGGTAACAGCTGGCT,3.410219579713711
43461,0.27640076969903155,14__nan,PertCortex_14_TCGGTAAGTCGTGGCT,3.402091428393732
43462,0.16606720271354705,14__nan,PertCortex_14_TCGTACCAGGGTTCCC,3.0814482706027437
43463,0.2075675282199624,14__nan,PertCortex_14_TCGTAGACAATCTACG,4.45663255585403
43464,0.18991775096521296,14__nan,PertCortex_14_TCTATTGGTCTCAACA,3.3289963208182685
43465,0.3059879388003179,14__nan,PertCortex_14_TCTATTGGTGACTCAT,3.152888209839509
43466,0.019334332111698636,14__nan,PertCortex_14_TCTCTAACATTGAGCT,2.253750603320319
43467,0.16581797112755864,14__nan,PertCortex_14_TCTCTAATCATCTGTT,4.1300634011584165
43468,0.13574213316103306,14__nan,PertCortex_14_TCTGGAACATGAAGTA,3.3696287949719372
43469,0.11999975093390015,14__nan,PertCortex_14_TGAAAGATCCCGACTT,4.381274114130409
43470,0.18505624220206565,14__nan,PertCortex_14_TGACGGCAGATACACA,2.785785301098608
43471,0.40752498943203097,14__nan,PertCortex_14_TGACGGCAGCTAACAA,2.1470636827651655
43472,0.09667116094350368,14__nan,PertCortex_14_TGAGAGGCAGGGTACA,2.89553902618144
43473,0.31194078490332017,14__nan,PertCortex_14_TGAGCATTCTATCCCG,2.2196682057199335
43474,0.04900404097239289,14__nan,PertCortex_14_TGCCCATAGTTGTAGA,3.359148402151152
43475,0.11004532995617428,14__nan,PertCortex_14_TGCCCATGTACGCTGC,3.829464172379512
43476,0.5095752015187436,14__nan,PertCortex_14_TGCCCTACACGAAGCA,1.8844556567152424
43477,0.13256056037535266,14__nan,PertCortex_14_TGCCCTAGTCTCCACT,4.088272671639722
43478,0.5821100534921877,14__nan,PertCortex_14_TGCGCAGGTTCGGGCT,1.5319866103546105
43479,0.12495790970687616,14__nan,PertCortex_14_TGCGGGTAGCTCCTTC,4.352601324652741
43480,0.42166102293334307,14__nan,PertCortex_14_TGCGGGTCAGGGTATG,2.123964249321077
43481,0.2308104351341494,14__nan,PertCortex_14_TGGACGCCAGGAATGC,3.1194859400868347
43482,0.22124094477376252,14__nan,PertCortex_14_TGGCGCATCTTGAGAC,2.6398696746409094
43483,0.41094586701022323,14__nan,PertCortex_14_TGGCTGGCAATGGATA,2.095249108649925
43484,0.5631926461235935,14__nan,PertCortex_14_TGGCTGGCATTTCACT,1.6154239026364867
43485,0.15916797698070853,14__nan,PertCortex_14_TGGGAAGTCCCATTAT,2.57635427680314
43486,0.3065591938719873,14__nan,PertCortex_14_TGGGCGTTCCTGCTTG,2.2464161059553622
43487,0.3894612405587811,14__nan,PertCortex_14_TGGTTAGGTTGATTCG,1.866761576842101
43488,0.29633818576945004,14__nan,PertCortex_14_TGGTTAGTCACGCATA,2.420154415224753
43489,0.3055121847925245,14__nan,PertCortex_14_TGGTTCCTCTATCCCG,2.343588828823954
43490,0.14055816142948335,14__nan,PertCortex_14_TGTATTCGTTCACGGC,3.9218919971894746
43491,0.2852564478960635,14__nan,PertCortex_14_TGTGGTAGTCATGCAT,2.0043474274369215
43492,0.1345999845080591,14__nan,PertCortex_14_TGTGTTTAGATCCCGC,3.4550340591790136
43493,0.233001849106602,14__nan,PertCortex_14_TGTTCCGAGCTAAGAT,2.879205089379133
43494,0.330951134873034,14__nan,PertCortex_14_TTAGGCAGTGCCTGCA,2.323859606828002
43495,0.3440025902625989,14__nan,PertCortex_14_TTAGGCATCACCAGGC,2.4027811866627364
43496,0.09796096602550916,14__nan,PertCortex_14_TTAGGCATCCTAGGGC,3.952918345049801
43497,0.07779939458364042,14__nan,PertCortex_14_TTCCCAGCAGGAACGT,3.411233291471589
43498,0.185168864359763,14__nan,PertCortex_14_TTCTTAGTCCTCGCAT,2.965580003217445
43499,0.39704926371259364,14__nan,PertCortex_14_TTGAACGTCCCGACTT,2.290975746048139
43500,0.5920648287490354,14__nan,PertCortex_14_TTGCCGTTCATAAAGG,1.662798263919077
43501,0.16233671974310124,14__nan,PertCortex_14_TTGCGTCGTCACCCAG,3.9581655601037045
43502,0.27689588628619244,14__nan,PertCortex_14_TTGGAACGTGTCTGAT,2.835147426705113
43503,0.18069889390030108,14__nan,PertCortex_14_TTGGCAAAGGCGACAT,4.277838638307867
43504,0.10179216178826718,14__nan,PertCortex_14_TTGGCAACAAGAGGCT,4.390805596682991
43505,0.16210877790623296,14__nan,PertCortex_14_TTGGCAACACAAGCCC,2.4089996911034306
43506,0.22355572724954376,14__nan,PertCortex_14_TTGGCAACACCCATTC,3.6509559796405293
43507,0.18412510331272236,14__nan,PertCortex_14_TTGGCAAGTTAAAGAC,3.0858921671090602
43508,0.28207426669538527,14__nan,PertCortex_14_TTTACTGGTAGCGCTC,2.660866309614967
43509,0.09653591429869651,14__nan,PertCortex_14_TTTATGCAGGATGGTC,5.074220718752616
43510,0.22509229446502796,14__nan,PertCortex_14_TTTCCTCTCAAACCGT,3.0720438114473225
43511,0.4493202646841636,14__nan,PertCortex_14_TTTGCGCAGTAGCGGT,2.2214360388391636
43512,0.3774265932205929,14__nan,PertCortex_14_TTTGCGCGTCGAACAG,2.099964248426288
43513,0.137689703284151,14__nan,PertCortex_14_TTTGCGCGTCGCGGTT,2.3738788224676326
43514,0.17103238573486534,14__nan,PertCortex_14_TTTGCGCTCTCTAAGG,3.5791880094293123
43515,0.15077017318020228,14__nan,PertCortex_14_TTTGGTTCAGTATAAG,4.770751758619948
43516,0.09376899229074874,14__nan,PertCortex_14_TTTGGTTGTAGCGATG,4.377447944257778
43517,0.22427061385459593,14__nan,PertCortex_14_TTTGGTTTCTTGAGGT,2.8128818277723164
43518,0.18104540444122189,14__nan,PertCortex_14_TTTGTCAAGTAATCCC,4.203270852005238
43519,0.3553923017649335,14__nan,PertCortex_14_TTTGTCACACCTTGTC,4.068061519856608
43520,0.5923300337939515,15__nan,PertCortex_15_AAACCTGGTGCAACGA,1.7608134520183472
43521,0.4945736389415705,15__nan,PertCortex_15_AAACCTGTCTGGTATG,2.060716889036304
43522,0.1757766424032436,15__nan,PertCortex_15_AAACGGGGTCGACTGC,3.154682232738425
43523,0.29292489860414894,15__nan,PertCortex_15_AAAGATGAGACAATAC,3.071585895414504
43524,0.28440066338719727,15__nan,PertCortex_15_AAAGATGAGTGTCTCA,2.672868167986645
43525,0.09657937634298203,15__nan,PertCortex_15_AAAGATGCAAACTGTC,4.360676645968877
43526,0.1545026311138943,15__nan,PertCortex_15_AAAGCAAAGCATCATC,3.5152166053552762
43527,0.24850895017254782,15__nan,PertCortex_15_AAAGCAACACGTCTCT,3.060061461430507
43528,0.2018299785514065,15__nan,PertCortex_15_AAAGCAACAGTAAGCG,3.0412664735688866
43529,0.09716566359713406,15__nan,PertCortex_15_AAAGCAATCACGACTA,4.048091793633829
43530,0.1286896613115088,15__nan,PertCortex_15_AAAGCAATCCCGGATG,4.3671720905263065
43531,0.3023076487900144,15__nan,PertCortex_15_AAAGTAGAGCGATTCT,3.0683961812587457
43532,0.0824044111697261,15__nan,PertCortex_15_AAAGTAGCAAGTAGTA,4.193580960565485
43533,0.21574078581753534,15__nan,PertCortex_15_AAAGTAGCATCCGCGA,4.71384953008407
43534,0.22213508978510912,15__nan,PertCortex_15_AAAGTAGCATGGGAAC,3.585387226658367
43535,0.2600329866305549,15__nan,PertCortex_15_AAATGCCCAACAACCT,2.5070641507272393
43536,0.09380226058724639,15__nan,PertCortex_15_AAATGCCCAAGTTCTG,3.120734786235268
43537,0.28690538480438416,15__nan,PertCortex_15_AAATGCCCAGTATAAG,2.9777236864427348
43538,0.2879324319256415,15__nan,PertCortex_15_AAATGCCCATAAAGGT,2.6172074477872984
43539,0.14795347618243576,15__nan,PertCortex_15_AAATGCCTCGCTGATA,4.196788248198571
43540,0.2709408130193121,15__nan,PertCortex_15_AAATGCCTCTAGCACA,2.7318797258465217
43541,0.19119372532392884,15__nan,PertCortex_15_AACACGTAGTTGAGTA,3.45875918701374
43542,0.1104624783336825,15__nan,PertCortex_15_AACACGTCAAAGCGGT,3.7566461528668116
43543,0.2990074121115104,15__nan,PertCortex_15_AACACGTCAATCACAC,3.314078266797833
43544,0.08278074133677009,15__nan,PertCortex_15_AACACGTCAATGGAAT,3.572085984554678
43545,0.09366777832220957,15__nan,PertCortex_15_AACACGTGTTCCCGAG,2.6908116382641825
43546,0.1659882182547569,15__nan,PertCortex_15_AACACGTTCATGTGGT,3.6243473621150053
43547,0.1728990363604783,15__nan,PertCortex_15_AACCATGAGAAGATTC,4.694832618627186
43548,0.14516820642202496,15__nan,PertCortex_15_AACCATGAGCTTATCG,2.4044871802289314
43549,0.5672530456136159,15__nan,PertCortex_15_AACCATGAGGACCACA,2.381052168742243
43550,0.20203874172853012,15__nan,PertCortex_15_AACCATGCACACCGAC,4.222798264487354
43551,0.5780313124147304,15__nan,PertCortex_15_AACCATGCAGTCGATT,2.2362017160622973
43552,0.17267905303554992,15__nan,PertCortex_15_AACCATGGTATCACCA,5.113657292233567
43553,0.4555529113452452,15__nan,PertCortex_15_AACCATGGTTACAGAA,2.301201300008236
43554,0.12292047467604741,15__nan,PertCortex_15_AACCATGGTTGTACAC,4.55760089778041
43555,0.1240069305562844,15__nan,PertCortex_15_AACCGCGAGCAGCCTC,4.5134923838381145
43556,0.464525548736541,15__nan,PertCortex_15_AACCGCGGTAAGGATT,1.7050005718446437
43557,0.1079822361252225,15__nan,PertCortex_15_AACCGCGGTGTGTGCC,4.380799224020449
43558,0.0566023669469476,15__nan,PertCortex_15_AACGTTGAGCCAACAG,3.7590627740362215
43559,0.22590011634393364,15__nan,PertCortex_15_AACGTTGAGCCATCGC,3.1101122633900813
43560,0.34132494132665736,15__nan,PertCortex_15_AACGTTGCAAAGCAAT,3.0020254162661972
43561,0.022311359708722132,15__nan,PertCortex_15_AACGTTGCAGGCTGAA,3.817714787011781
43562,0.12169117741972095,15__nan,PertCortex_15_AACGTTGGTCTTCAAG,3.9257566416920753
43563,0.035376188399952206,15__nan,PertCortex_15_AACTCAGAGAAGAAGC,3.671508544561014
43564,0.10363053599804205,15__nan,PertCortex_15_AACTCAGAGGGCTTCC,3.9987874232096936
43565,0.2151194550203242,15__nan,PertCortex_15_AACTCAGGTACTCTCC,3.496911692634507
43566,0.30068088102415075,15__nan,PertCortex_15_AACTCCCAGGAGTCTG,2.288189906005137
43567,0.21878452559633804,15__nan,PertCortex_15_AACTCCCAGGGTTCCC,3.0416168508617276
43568,0.08673637931055772,15__nan,PertCortex_15_AACTCCCCAGTCAGAG,2.0579956985002243
43569,0.1925713696036431,15__nan,PertCortex_15_AACTCCCTCCTGTAGA,3.9998195319140555
43570,0.47636393301393076,15__nan,PertCortex_15_AACTCCCTCGGCTTGG,1.8422562537541038
43571,0.06440308056880849,15__nan,PertCortex_15_AACTCTTAGACTAGGC,3.5401649788128022
43572,0.12804085228537632,15__nan,PertCortex_15_AACTCTTAGGGTCGAT,4.124072507130166
43573,0.12070851640594163,15__nan,PertCortex_15_AACTCTTCAGGATTGG,3.563507162143211
43574,0.1230459208197038,15__nan,PertCortex_15_AACTGGTAGACAAGCC,4.667572028666469
43575,0.5187213323170345,15__nan,PertCortex_15_AACTGGTAGAGGACGG,2.7571537473877488
43576,0.16598633413048358,15__nan,PertCortex_15_AACTGGTAGTACTTGC,4.118306374630405
43577,0.513362776275491,15__nan,PertCortex_15_AACTGGTCAACTGCTA,1.5343627171254268
43578,0.05721469907659435,15__nan,PertCortex_15_AACTGGTCAATGGAGC,4.9950400779401045
43579,0.10490239666200286,15__nan,PertCortex_15_AACTGGTCACTGTGTA,3.1708537813778266
43580,0.14740081528331458,15__nan,PertCortex_15_AACTGGTTCATGTAGC,4.018628092374136
43581,0.09436519353639826,15__nan,PertCortex_15_AACTTTCAGGGTGTGT,4.038188451404432
43582,0.09755444427794996,15__nan,PertCortex_15_AACTTTCCAGCTCGAC,3.8318515035404546
43583,0.23223393758772307,15__nan,PertCortex_15_AACTTTCGTAAAGTCA,2.211104922328975
43584,0.5423696499427413,15__nan,PertCortex_15_AACTTTCTCGTCTGAA,1.8298357727599728
43585,0.09940151237738555,15__nan,PertCortex_15_AACTTTCTCTCGATGA,5.044963382618015
43586,0.13750464237437351,15__nan,PertCortex_15_AAGACCTCAATGACCT,4.643607529636346
43587,0.5015257911578521,15__nan,PertCortex_15_AAGACCTCAGCCTATA,2.792720394422485
43588,0.6001346025669393,15__nan,PertCortex_15_AAGACCTGTCGCGAAA,2.037293040255974
43589,0.13195421416869882,15__nan,PertCortex_15_AAGACCTGTGTGACGA,3.6618159423185497
43590,0.4587477093812597,15__nan,PertCortex_15_AAGACCTGTTCAGGCC,2.1899666061813874
43591,0.08199561637296594,15__nan,PertCortex_15_AAGCCGCGTACTTAGC,4.458123725380702
43592,0.1632320744067131,15__nan,PertCortex_15_AAGCCGCGTCCGAGTC,3.3442080469050364
43593,0.026347732651763534,15__nan,PertCortex_15_AAGCCGCTCATCGGAT,4.050352483668554
43594,0.5675463602523643,15__nan,PertCortex_15_AAGGAGCAGAAGATTC,2.161571330217801
43595,0.4293985009910284,15__nan,PertCortex_15_AAGGAGCAGAAGGCCT,2.341789326252657
43596,0.6522800143582335,15__nan,PertCortex_15_AAGGAGCCAGGGATTG,1.8523757915837564
43597,0.20353311120183454,15__nan,PertCortex_15_AAGGAGCCAGTCACTA,2.979227674312043
43598,0.23623318593657924,15__nan,PertCortex_15_AAGGAGCGTAGCGTGA,2.7667499155190582
43599,0.1687685415621425,15__nan,PertCortex_15_AAGGAGCGTGGTACAG,2.749053159510743
43600,0.17779792424426477,15__nan,PertCortex_15_AAGGAGCTCAAGGTAA,3.248967167692656
43601,0.5947188388886899,15__nan,PertCortex_15_AAGGAGCTCTTGCATT,1.9617389510157701
43602,0.13061667640819094,15__nan,PertCortex_15_AAGGCAGAGCAGGCTA,3.4114668442859433
43603,0.10563991185913535,15__nan,PertCortex_15_AAGGCAGAGCGATATA,2.8275445097373013
43604,0.12786684289112887,15__nan,PertCortex_15_AAGGCAGCATAACCTG,4.294452672371195
43605,0.031279166226195664,15__nan,PertCortex_15_AAGGCAGGTCCAGTTA,3.8668896008698463
43606,0.43981022662236874,15__nan,PertCortex_15_AAGGCAGTCGGCGCAT,3.420897885063212
43607,0.23456763769802375,15__nan,PertCortex_15_AAGGTTCAGTACGTAA,4.231744911688434
43608,0.1832542052506715,15__nan,PertCortex_15_AAGGTTCCAACACCTA,3.137521244659073
43609,0.13342900110540293,15__nan,PertCortex_15_AAGGTTCGTAGCACGA,4.377024312967603
43610,0.1893879046572359,15__nan,PertCortex_15_AAGGTTCGTGATGTCT,2.182798858382001
43611,0.2781194564023263,15__nan,PertCortex_15_AAGGTTCTCGCTAGCG,2.803558454029766
43612,0.286575201990004,15__nan,PertCortex_15_AAGTCTGAGGTACTCT,3.1623569324339047
43613,0.45065699819983357,15__nan,PertCortex_15_AAGTCTGCAGCCTTGG,3.445693993550475
43614,0.13530427434197312,15__nan,PertCortex_15_AAGTCTGGTAGAAAGG,4.50026123241376
43615,0.19076402607135864,15__nan,PertCortex_15_AAGTCTGTCGCCTGAG,2.005699159212614
43616,0.03667063389152677,15__nan,PertCortex_15_AATCCAGAGGCGTACA,3.8114412413171093
43617,0.16970333725613815,15__nan,PertCortex_15_AATCCAGCACACCGAC,3.408970052109965
43618,0.10953842819889144,15__nan,PertCortex_15_AATCCAGCAGATCGGA,4.031107764833324
43619,0.1351347222328966,15__nan,PertCortex_15_AATCGGTAGCGAAGGG,4.02572971500677
43620,0.18602324043966115,15__nan,PertCortex_15_AATCGGTAGTAGCGGT,5.134226202469327
43621,0.32200280614658,15__nan,PertCortex_15_AATCGGTCAGCTCCGA,1.7732862547935284
43622,0.18479092372264877,15__nan,PertCortex_15_AATCGGTGTTGTCGCG,4.068527861724143
43623,0.19352638318694046,15__nan,PertCortex_15_AATCGGTTCATCATTC,4.5771497868428455
43624,0.22180296472788424,15__nan,PertCortex_15_ACACCAAAGAGCTGGT,3.539089062600264
43625,0.6641634739472477,15__nan,PertCortex_15_ACACCAAAGCTGATAA,1.8914262859529023
43626,0.4033899503962939,15__nan,PertCortex_15_ACACCAAAGTTAACGA,2.3670165041362745
43627,0.09495677773281701,15__nan,PertCortex_15_ACACCAAAGTTTAGGA,4.727501295472165
43628,0.5703827414941852,15__nan,PertCortex_15_ACACCAAGTGGGTCAA,1.9094793957955165
43629,0.2613799163454931,15__nan,PertCortex_15_ACACCAATCAACACGT,4.070899928146889
43630,0.1878402461028676,15__nan,PertCortex_15_ACACCAATCACGCGGT,3.361446493846568
43631,0.20233545976775053,15__nan,PertCortex_15_ACACCCTAGGATGCGT,3.0895023938865416
43632,0.5636722235976943,15__nan,PertCortex_15_ACACCCTCAAGCTGTT,1.9716706690251184
43633,0.23400762465422753,15__nan,PertCortex_15_ACACCCTCACGGTAGA,2.162432498085221
43634,0.1417007338066832,15__nan,PertCortex_15_ACACCCTTCCGGCACA,3.4949753509574766
43635,0.3181327374032156,15__nan,PertCortex_15_ACACCCTTCCTTTCTC,3.451330053979409
43636,0.1806363400557046,15__nan,PertCortex_15_ACACCCTTCGCCTGTT,2.0990166744314958
43637,0.23199093181177344,15__nan,PertCortex_15_ACACCCTTCGGAGCAA,2.2191776708786795
43638,0.10387108943851511,15__nan,PertCortex_15_ACACCGGAGATGGCGT,4.754467286807625
43639,0.4425097007694508,15__nan,PertCortex_15_ACACCGGCAAGAGGCT,2.0288432773141514
43640,0.16028802096272965,15__nan,PertCortex_15_ACACCGGCAGGTCTCG,3.8563111978056273
43641,0.1682177800324263,15__nan,PertCortex_15_ACACCGGCAGTGGGAT,3.013843671162439
43642,0.23876614793796727,15__nan,PertCortex_15_ACACCGGGTAGAGGAA,3.422720508948181
43643,0.07333351519248522,15__nan,PertCortex_15_ACACCGGTCACGCGGT,3.720445745968325
43644,0.08055877109200452,15__nan,PertCortex_15_ACACCGGTCGTAGGTT,3.6121116526015267
43645,0.13769021590244807,15__nan,PertCortex_15_ACACTGAAGCAGCGTA,4.414723062698715
43646,0.18820097969470737,15__nan,PertCortex_15_ACACTGAAGTCACGCC,3.550625848395192
43647,0.08727078886045447,15__nan,PertCortex_15_ACAGCCGAGCAACGGT,3.659281318375133
43648,0.06791790156247698,15__nan,PertCortex_15_ACAGCCGAGCCACTAT,4.483861191537297
43649,0.1284303854438791,15__nan,PertCortex_15_ACAGCCGAGGAGTTGC,2.8065215571858078
43650,0.26483020922657824,15__nan,PertCortex_15_ACAGCCGAGTGAACGC,3.228296577114499
43651,0.08924550650567259,15__nan,PertCortex_15_ACAGCCGAGTGTTTGC,3.8032070428001243
43652,0.10152680986986257,15__nan,PertCortex_15_ACAGCCGCAAAGGCGT,5.123738308395911
43653,0.2230270877505424,15__nan,PertCortex_15_ACAGCCGCAATGTAAG,3.156847507038352
43654,0.07904955757693567,15__nan,PertCortex_15_ACAGCCGCAGCAGTTT,4.204519116401747
43655,0.07656679851548231,15__nan,PertCortex_15_ACAGCCGGTTGCTCCT,2.7652273165604115
43656,0.18360142148575173,15__nan,PertCortex_15_ACAGCCGTCACCCTCA,4.854982892039148
43657,0.05655359374379293,15__nan,PertCortex_15_ACAGCTAAGACCTAGG,4.860426087525133
43658,0.3452618716731195,15__nan,PertCortex_15_ACAGCTACAGCTGTTA,2.49370468734157
43659,0.43679137640669474,15__nan,PertCortex_15_ACATACGCACATGGGA,2.5805713322303063
43660,0.36629142321965885,15__nan,PertCortex_15_ACATACGCATATACCG,3.5830948330474035
43661,0.22514950108095236,15__nan,PertCortex_15_ACATCAGCACAGAGGT,3.2132402379993645
43662,0.3041374778122712,15__nan,PertCortex_15_ACATCAGCACCTTGTC,2.1948297556112
43663,0.11944188580435662,15__nan,PertCortex_15_ACATCAGCATGCCTAA,3.957800835255043
43664,0.11721355757392375,15__nan,PertCortex_15_ACATCAGCATTCGACA,3.9156123449965903
43665,0.5424375045142041,15__nan,PertCortex_15_ACATCAGGTGTAAGTA,2.2352636446409124
43666,0.1292281832370697,15__nan,PertCortex_15_ACATCAGGTTCAGCGC,3.1938438219356957
43667,0.2003198093355086,15__nan,PertCortex_15_ACATCAGTCTTAGCCC,2.8354035278603233
43668,0.08656062589691377,15__nan,PertCortex_15_ACATGGTAGGCAGTCA,3.4745295919641097
43669,0.1822725246966427,15__nan,PertCortex_15_ACATGGTAGGGTCGAT,3.440672899680563
43670,0.4361393958169268,15__nan,PertCortex_15_ACATGGTAGTCAATAG,2.179890758527298
43671,0.2934608103589423,15__nan,PertCortex_15_ACATGGTGTCAAACTC,3.492337369515331
43672,0.6895140690631841,15__nan,PertCortex_15_ACATGGTGTTGGTGGA,1.4921336448927507
43673,0.10921725502906986,15__nan,PertCortex_15_ACCAGTATCACCACCT,2.6974182864449294
43674,0.2708180557831512,15__nan,PertCortex_15_ACCCACTAGCCACGTC,2.9696653091323495
43675,0.08683745004472018,15__nan,PertCortex_15_ACCCACTAGGGCTTGA,4.552527544767699
43676,0.2293984365807424,15__nan,PertCortex_15_ACCCACTGTCCTCCAT,3.560909960251397
43677,0.5320625150332068,15__nan,PertCortex_15_ACCCACTTCACATACG,2.3013062066194547
43678,0.09822950154325572,15__nan,PertCortex_15_ACCCACTTCACTGGGC,4.281531948736827
43679,0.03610442891156161,15__nan,PertCortex_15_ACCCACTTCCACTCCA,4.739243172624725
43680,0.07964173190955405,15__nan,PertCortex_15_ACCCACTTCCTGCTTG,3.338749890862137
43681,0.22828943409245517,15__nan,PertCortex_15_ACCGTAAAGACGCAAC,2.780864151438059
43682,0.539038868336692,15__nan,PertCortex_15_ACCGTAAAGTTCGCAT,2.465531184467425
43683,0.1838280903812975,15__nan,PertCortex_15_ACCGTAACAAGCCCAC,2.609529418688161
43684,0.012946053699366534,15__nan,PertCortex_15_ACCGTAAGTAGCCTCG,3.3678006565452003
43685,0.16961638205187396,15__nan,PertCortex_15_ACCGTAAGTCGCTTTC,2.914797634742932
43686,0.4875646069212288,15__nan,PertCortex_15_ACCTTTAAGAAGATTC,1.960600681172972
43687,0.20236470326890033,15__nan,PertCortex_15_ACCTTTACAGCCTGTG,2.353868158157982
43688,0.11550573409377463,15__nan,PertCortex_15_ACCTTTAGTACCGTTA,4.132156565030792
43689,0.5899430272386579,15__nan,PertCortex_15_ACCTTTAGTATATGGA,2.035461753587332
43690,0.2665866945818197,15__nan,PertCortex_15_ACCTTTAGTCTGATTG,3.428821258483406
43691,0.0444361595517847,15__nan,PertCortex_15_ACCTTTATCACTCCTG,3.301571126349978
43692,0.18876658288505954,15__nan,PertCortex_15_ACCTTTATCGGCTTGG,3.3785479500275395
43693,0.0996266628088151,15__nan,PertCortex_15_ACGAGCCAGTGCTGCC,3.377274281622442
43694,0.13804948937040779,15__nan,PertCortex_15_ACGAGCCCAGAGTGTG,2.833498999858162
43695,0.5723140944297418,15__nan,PertCortex_15_ACGAGCCCATGGTAGG,2.153038569423253
43696,0.44674412665652724,15__nan,PertCortex_15_ACGAGCCTCTGTCCGT,1.8547551976202854
43697,0.05255597614009256,15__nan,PertCortex_15_ACGAGGAGTATAGGTA,4.3616751147662205
43698,0.4103583361900561,15__nan,PertCortex_15_ACGAGGATCACATAGC,2.0980422736554805
43699,0.2078669211707193,15__nan,PertCortex_15_ACGAGGATCACCATAG,2.357235366314054
43700,0.22026754583516103,15__nan,PertCortex_15_ACGAGGATCTTGAGGT,3.4659602774914813
43701,0.16445854550051747,15__nan,PertCortex_15_ACGATACAGGCGATAC,4.247018429103025
43702,0.06284309640961057,15__nan,PertCortex_15_ACGATACAGTTGAGAT,3.959902789650584
43703,0.09040970029008745,15__nan,PertCortex_15_ACGATACCAATTCCTT,4.000907986009826
43704,0.19682972841310606,15__nan,PertCortex_15_ACGATACCACATTCGA,2.4448413957859176
43705,0.17536487665165673,15__nan,PertCortex_15_ACGATACCACCTTGTC,3.2763871654548455
43706,0.23845790258522634,15__nan,PertCortex_15_ACGATACCACGGCGTT,4.322658646219299
43707,0.5788391661697959,15__nan,PertCortex_15_ACGATACCAGCTGGCT,1.8841851577011326
43708,0.08009235118241136,15__nan,PertCortex_15_ACGATACCATAGACTC,5.216678771756018
43709,0.2561890181599475,15__nan,PertCortex_15_ACGATACTCACCGGGT,2.734156630576136
43710,0.11109580631798822,15__nan,PertCortex_15_ACGATGTAGCATGGCA,3.719880677439406
43711,0.173534137476767,15__nan,PertCortex_15_ACGATGTCAACCGCCA,2.7424292762035747
43712,0.14624394836807297,15__nan,PertCortex_15_ACGATGTCACCCAGTG,3.8812213232357147
43713,0.20120883215065133,15__nan,PertCortex_15_ACGATGTGTTCACCTC,2.080658948058984
43714,0.10901801948819144,15__nan,PertCortex_15_ACGATGTGTTCAGCGC,4.2941611549630885
43715,0.04378940417903622,15__nan,PertCortex_15_ACGCAGCAGCAATCTC,2.7701670239693033
43716,0.05937455174805845,15__nan,PertCortex_15_ACGCAGCCATCGACGC,3.406652017876966
43717,0.06463379305400678,15__nan,PertCortex_15_ACGCAGCGTGAGGGAG,4.757768779853888
43718,0.04197409987479677,15__nan,PertCortex_15_ACGCAGCGTTAAGATG,3.8805611839599137
43719,0.43344353035884764,15__nan,PertCortex_15_ACGCAGCTCCTCAACC,2.208566224925766
43720,-0.010675131856219554,15__nan,PertCortex_15_ACGCAGCTCGAACTGT,3.898727572865513
43721,0.5710911690514411,15__nan,PertCortex_15_ACGCAGCTCGGCTTGG,2.4163645936110663
43722,0.26561067634203367,15__nan,PertCortex_15_ACGCAGCTCTCAAGTG,2.725980349699643
43723,0.501026090688899,15__nan,PertCortex_15_ACGCCAGAGACAGGCT,1.8180943647191066
43724,0.5922012748298104,15__nan,PertCortex_15_ACGCCAGAGCTAACAA,2.02731460949174
43725,0.48142174169589597,15__nan,PertCortex_15_ACGCCAGCACACGCTG,1.874224485715757
43726,0.114298052091591,15__nan,PertCortex_15_ACGCCAGCATGCTGGC,2.7513526777466364
43727,0.21042114123831307,15__nan,PertCortex_15_ACGCCAGTCAATACCG,2.83604535970315
43728,0.05711476559245385,15__nan,PertCortex_15_ACGCCAGTCAGCGATT,4.693196440298849
43729,0.4521517923143857,15__nan,PertCortex_15_ACGCCGAAGGTGATTA,2.1786402816329002
43730,0.13695831632257166,15__nan,PertCortex_15_ACGCCGAAGTTATCGC,4.147993160916048
43731,0.23169184470966628,15__nan,PertCortex_15_ACGCCGACAATCGAAA,2.637220212782048
43732,0.4818050683884558,15__nan,PertCortex_15_ACGCCGATCAGCGACC,2.0089407805609647
43733,0.27851282430921004,15__nan,PertCortex_15_ACGCCGATCAGGCAAG,2.8539216969956884
43734,0.23408848963473994,15__nan,PertCortex_15_ACGCCGATCTTGAGGT,2.919897587710614
43735,0.5114505957994018,15__nan,PertCortex_15_ACGGAGAAGGAGTACC,2.2575751618313706
43736,0.6071876291205089,15__nan,PertCortex_15_ACGGAGAAGGTCATCT,2.077398889403162
43737,0.1602911587246774,15__nan,PertCortex_15_ACGGAGAAGTCCTCCT,3.9646631948517226
43738,0.11034178268170852,15__nan,PertCortex_15_ACGGAGACAGACTCGC,2.5841214853010004
43739,0.42490432185966137,15__nan,PertCortex_15_ACGGAGAGTCCGAAGA,1.2537772574522144
43740,0.2935616883762539,15__nan,PertCortex_15_ACGGAGATCGACAGCC,1.827566482222799
43741,0.16701597376622732,15__nan,PertCortex_15_ACGGCCAAGGATCGCA,3.579228507671357
43742,0.10496363471874205,15__nan,PertCortex_15_ACGGCCACAGTAAGAT,4.070033472639702
43743,0.5264548631255488,15__nan,PertCortex_15_ACGGCCATCTGGTGTA,2.272369327483453
43744,0.10568066788713018,15__nan,PertCortex_15_ACGGGCTGTTGTCTTT,3.259091205987056
43745,0.1561705320155232,15__nan,PertCortex_15_ACGGGTCAGAAACGCC,3.7764997379059153
43746,0.04231519401190408,15__nan,PertCortex_15_ACGGGTCAGGCTAGGT,3.0166208578094564
43747,0.6380100982955664,15__nan,PertCortex_15_ACGTCAACAATCAGAA,2.175486523364366
43748,0.28363895756283763,15__nan,PertCortex_15_ACGTCAAGTCTACCTC,3.0402575233717224
43749,0.3470428089839801,15__nan,PertCortex_15_ACGTCAATCAACGGCC,2.240340209092
43750,0.05201453720177121,15__nan,PertCortex_15_ACGTCAATCCGCGTTT,3.002542459979548
43751,0.6188698002614883,15__nan,PertCortex_15_ACTATCTAGTACGCGA,1.8920134365742516
43752,0.24046504077272246,15__nan,PertCortex_15_ACTATCTGTGTAAGTA,2.615621371867325
43753,0.1274308790161994,15__nan,PertCortex_15_ACTATCTTCACCGTAA,4.277727865703449
43754,0.30171197214673234,15__nan,PertCortex_15_ACTGAACAGAAGGTTT,2.506982540353589
43755,0.11376411610276739,15__nan,PertCortex_15_ACTGAACAGCCCAACC,4.586875285845534
43756,0.13644746725533763,15__nan,PertCortex_15_ACTGAACCAACTGGCC,3.809576996938095
43757,0.1498575615113366,15__nan,PertCortex_15_ACTGAACTCTGTCTAT,4.9804662969507065
43758,0.0929550222965298,15__nan,PertCortex_15_ACTGAGTAGCCTATGT,4.025286523457867
43759,0.06061785623734745,15__nan,PertCortex_15_ACTGAGTCAGCGATCC,3.86857585847126
43760,0.12413449545557823,15__nan,PertCortex_15_ACTGAGTGTCAGAATA,5.619284427587696
43761,0.32907458169578974,15__nan,PertCortex_15_ACTGAGTGTCTCTTTA,2.088503006865593
43762,0.20833409780462117,15__nan,PertCortex_15_ACTGATGAGAGTAATC,2.939291588550604
43763,0.4390187894387749,15__nan,PertCortex_15_ACTGATGAGTACCGGA,2.960424713536161
43764,0.11134702368399764,15__nan,PertCortex_15_ACTGATGGTAGGACAC,4.534476217947484
43765,0.5253139550663357,15__nan,PertCortex_15_ACTGATGGTCACCTAA,2.197659279613384
43766,0.3017236921348565,15__nan,PertCortex_15_ACTGATGGTTTGTTTC,2.8008765849092137
43767,0.27302699618781967,15__nan,PertCortex_15_ACTGATGTCGTTGCCT,2.3509215391290392
43768,0.17084691830691878,15__nan,PertCortex_15_ACTGCTCAGAGAGCTC,3.8226272691861887
43769,0.14442366960132016,15__nan,PertCortex_15_ACTGCTCGTGACGGTA,4.9035544878068045
43770,0.22601626756444235,15__nan,PertCortex_15_ACTGCTCTCGGCGCTA,3.206397871849266
43771,0.27783420674412623,15__nan,PertCortex_15_ACTGTCCAGCACCGCT,3.795706038206349
43772,0.5148642748029727,15__nan,PertCortex_15_ACTGTCCAGCGTCAAG,1.7697014290745294
43773,0.5217194655978892,15__nan,PertCortex_15_ACTGTCCAGGGATGGG,1.9526554678492776
43774,0.0879331387014805,15__nan,PertCortex_15_ACTGTCCCAGTCAGCC,3.6760999993645362
43775,0.10876497104572683,15__nan,PertCortex_15_ACTGTCCCATTTCACT,3.623628234425655
43776,0.08604914887813103,15__nan,PertCortex_15_ACTGTCCGTCAGTGGA,4.57541999186536
43777,0.3068950550438339,15__nan,PertCortex_15_ACTGTCCTCTTACCTA,2.6907433309085937
43778,0.09489006555924999,15__nan,PertCortex_15_ACTTACTAGAGCTGGT,4.17805784587638
43779,0.09896182179892075,15__nan,PertCortex_15_ACTTACTAGCGTCAAG,4.796071615900386
43780,0.17357249338319844,15__nan,PertCortex_15_ACTTACTCAACAACCT,3.45429962317658
43781,0.15074751198469336,15__nan,PertCortex_15_ACTTACTCATTCACTT,4.317465237215798
43782,0.2297022794771055,15__nan,PertCortex_15_ACTTACTTCAGCAACT,2.081820809583886
43783,0.040606285909915295,15__nan,PertCortex_15_ACTTGTTAGACTTGAA,3.5884360190423488
43784,0.6224011927819619,15__nan,PertCortex_15_ACTTGTTTCATAGCAC,2.2112033943434843
43785,0.598830900677183,15__nan,PertCortex_15_ACTTGTTTCTGTCAAG,1.8963418718297402
43786,0.151309053711191,15__nan,PertCortex_15_ACTTTCAAGTTTGCGT,4.053037780003767
43787,0.15959726810400918,15__nan,PertCortex_15_ACTTTCACAGGTCTCG,4.24266720581775
43788,0.41924791797990346,15__nan,PertCortex_15_ACTTTCACAGTATCTG,1.984668044475476
43789,0.5774800920226013,15__nan,PertCortex_15_ACTTTCAGTGGTACAG,2.288562002242096
43790,0.15697713779862288,15__nan,PertCortex_15_AGAATAGAGATGTAAC,3.8126705125630007
43791,0.08486433982003508,15__nan,PertCortex_15_AGAATAGAGCACGCCT,3.803144983948894
43792,0.550341947637367,15__nan,PertCortex_15_AGAATAGAGGTACTCT,2.0435304247676154
43793,0.25974642297593126,15__nan,PertCortex_15_AGAATAGCACGAAAGC,3.203829104915052
43794,0.2025478766556756,15__nan,PertCortex_15_AGAATAGGTCATCCCT,4.02190292726124
43795,0.12759639094114106,15__nan,PertCortex_15_AGACGTTAGTCAAGGC,4.03377047322565
43796,0.010003286672755147,15__nan,PertCortex_15_AGACGTTCACGCGAAA,5.147476825988872
43797,0.5239437231161482,15__nan,PertCortex_15_AGACGTTCAGCTGGCT,2.0872352854568934
43798,0.40316793959273134,15__nan,PertCortex_15_AGAGCGAAGTGTCCAT,1.9749457764148068
43799,0.5014352225007114,15__nan,PertCortex_15_AGAGCGAGTAATTGGA,2.7106963313594474
43800,0.12347294882205101,15__nan,PertCortex_15_AGAGCGATCATGGTCA,4.183304222813424
43801,0.23388041778096763,15__nan,PertCortex_15_AGAGCGATCTAACCGA,1.691426081566416
43802,0.24333430912112894,15__nan,PertCortex_15_AGAGCTTCACGTCTCT,3.0536196326272225
43803,0.4892907457803451,15__nan,PertCortex_15_AGAGCTTCATTGCGGC,2.284548174954664
43804,0.14930624666278697,15__nan,PertCortex_15_AGAGCTTTCAGAAATG,4.65191861674538
43805,0.10333931688890508,15__nan,PertCortex_15_AGAGTGGCAGCGATCC,2.240442652990385
43806,0.6122945293658397,15__nan,PertCortex_15_AGAGTGGGTCGCTTCT,1.9020878165898185
43807,0.06338975696457624,15__nan,PertCortex_15_AGAGTGGGTTAGGGTG,4.027112831474818
43808,0.13926268231328154,15__nan,PertCortex_15_AGAGTGGGTTGAGGTG,2.7425217626193352
43809,0.08393932023656125,15__nan,PertCortex_15_AGAGTGGTCAATACCG,4.250336042870798
43810,0.15996841357950883,15__nan,PertCortex_15_AGAGTGGTCAGTCCCT,3.7200061293119697
43811,0.10937526419552517,15__nan,PertCortex_15_AGAGTGGTCTGCAGTA,3.113896706076206
43812,0.2020352527331821,15__nan,PertCortex_15_AGATCTGAGACAAGCC,3.1980647810508707
43813,0.20482838017192856,15__nan,PertCortex_15_AGATCTGTCCACGAAT,3.179741348049527
43814,0.0970594555668239,15__nan,PertCortex_15_AGATTGCAGCGATCCC,4.73070939160025
43815,0.23681434796607254,15__nan,PertCortex_15_AGATTGCAGTGAACAT,3.6045486859224476
43816,0.44089601960055086,15__nan,PertCortex_15_AGATTGCGTCTCTTTA,2.655381313599324
43817,0.10163374478369382,15__nan,PertCortex_15_AGCAGCCAGCGCTCCA,4.3294474067081365
43818,0.05300346711819296,15__nan,PertCortex_15_AGCAGCCAGGCCGAAT,3.6653241388800617
43819,0.19135231477329429,15__nan,PertCortex_15_AGCAGCCAGGTTACCT,4.127158742536941
43820,0.2813288042250051,15__nan,PertCortex_15_AGCAGCCAGTGAACAT,3.834308148408604
43821,0.1085473833519539,15__nan,PertCortex_15_AGCAGCCCAATGTTGC,3.8645053071522306
43822,0.22635342239030115,15__nan,PertCortex_15_AGCAGCCTCTTACCTA,1.9112158300272977
43823,0.2803190527739761,15__nan,PertCortex_15_AGCATACAGACATAAC,3.1142397602358813
43824,0.49119378000663766,15__nan,PertCortex_15_AGCATACAGCGTTTAC,2.995207160100785
43825,0.06216203280817989,15__nan,PertCortex_15_AGCATACCAGCGATCC,3.7827469319056592
43826,0.16450676656174615,15__nan,PertCortex_15_AGCCTAAAGAGAACAG,2.641407123002908
43827,0.16201801175036287,15__nan,PertCortex_15_AGCCTAAAGTACACCT,4.548284547203704
43828,0.21446773717520032,15__nan,PertCortex_15_AGCCTAACAGACAGGT,3.975440441504691
43829,0.13218861987607003,15__nan,PertCortex_15_AGCCTAACAGCGTTCG,2.3324604413038634
43830,0.2739583976879013,15__nan,PertCortex_15_AGCCTAATCAAGATCC,2.7503983110337082
43831,0.11827719712370435,15__nan,PertCortex_15_AGCGGTCAGGTGCTAG,3.151192717873837
43832,0.5146780528929814,15__nan,PertCortex_15_AGCGGTCAGGTGTTAA,1.7785460198280938
43833,0.1334474274772645,15__nan,PertCortex_15_AGCGGTCCAAGGCTCC,4.055070244131799
43834,0.3521341374149472,15__nan,PertCortex_15_AGCGGTCCAATAACGA,2.7268865002091665
43835,0.11867438911843321,15__nan,PertCortex_15_AGCGTATAGGCTATCT,3.022164630300884
43836,0.32719697910333156,15__nan,PertCortex_15_AGCGTATCAGATGAGC,3.609514252737257
43837,0.1902307029666546,15__nan,PertCortex_15_AGCGTATCATGTAAGA,3.1621850357443235
43838,0.20250320288656742,15__nan,PertCortex_15_AGCGTATGTACGCTGC,2.7164828315433787
43839,0.0803810514417239,15__nan,PertCortex_15_AGCGTATGTCCTGCTT,3.337998035576143
43840,0.33013581464135466,15__nan,PertCortex_15_AGCGTCGCAAGAAGAG,2.1514765270368175
43841,0.05035190328987686,15__nan,PertCortex_15_AGCGTCGCACCGTTGG,4.776148239428442
43842,0.14645131158282598,15__nan,PertCortex_15_AGCGTCGCAGGGATTG,4.328556408003927
43843,0.42304636442249793,15__nan,PertCortex_15_AGCGTCGGTCAGAAGC,2.221625005914089
43844,0.28516500186590243,15__nan,PertCortex_15_AGCGTCGGTCCAAGTT,2.6701331131209383
43845,0.42316545456422267,15__nan,PertCortex_15_AGCGTCGGTCTCTCTG,2.09147002457782
43846,0.09963330570964861,15__nan,PertCortex_15_AGCGTCGGTGCGATAG,3.9859449758543866
43847,0.22917297855944244,15__nan,PertCortex_15_AGCGTCGTCAACACCA,2.6674539887595454
43848,0.2314552897547641,15__nan,PertCortex_15_AGCTCCTAGGTGTTAA,2.030445863139681
43849,0.09848751271370379,15__nan,PertCortex_15_AGCTCCTCAGCTCCGA,2.0104623423941566
43850,0.6075073206777661,15__nan,PertCortex_15_AGCTCTCGTTACGTCA,1.352705116812065
43851,0.35492706543911456,15__nan,PertCortex_15_AGCTCTCGTTGGACCC,2.0556708313813794
43852,0.14666033890266514,15__nan,PertCortex_15_AGCTCTCGTTTCGCTC,4.601849154404708
43853,0.11431060798504925,15__nan,PertCortex_15_AGCTCTCTCGATCCCT,3.866875514079079
43854,0.033199433356851035,15__nan,PertCortex_15_AGCTCTCTCGGTGTTA,5.559828298751684
43855,0.1168675855829554,15__nan,PertCortex_15_AGCTTGAAGGCTAGAC,4.5900234662909964
43856,0.17816139559717364,15__nan,PertCortex_15_AGCTTGACATGTAGTC,4.411752696187638
43857,0.20027327713787924,15__nan,PertCortex_15_AGCTTGAGTACCATCA,2.7841745376035956
43858,0.26792833281504946,15__nan,PertCortex_15_AGGCCACAGACCACGA,2.991045633678203
43859,0.39230187119830506,15__nan,PertCortex_15_AGGCCACAGGACCACA,3.9795031569698387
43860,0.086512068226256,15__nan,PertCortex_15_AGGCCACAGGGTTTCT,3.7026238449079347
43861,0.6679991016609291,15__nan,PertCortex_15_AGGCCACCAAGTTAAG,1.802048281589292
43862,0.5275831163734894,15__nan,PertCortex_15_AGGCCACCATCTGGTA,1.5755337528071722
43863,0.2113881557266277,15__nan,PertCortex_15_AGGCCACGTATAATGG,2.728892758566853
43864,0.43159409175797114,15__nan,PertCortex_15_AGGCCACGTCCGTCAG,2.1084588261886092
43865,0.03581211001818271,15__nan,PertCortex_15_AGGCCGTGTCAGTGGA,4.16330669571122
43866,0.44845036215846207,15__nan,PertCortex_15_AGGGAGTCACTTACGA,2.287190340173402
43867,0.4229449243819752,15__nan,PertCortex_15_AGGGAGTCAGCATACT,2.001348274195703
43868,0.11956660266331616,15__nan,PertCortex_15_AGGGAGTCATCACCCT,3.8498461768715004
43869,0.4768006559797079,15__nan,PertCortex_15_AGGGAGTGTAAACCTC,2.86406753396773
43870,0.214170853409899,15__nan,PertCortex_15_AGGGAGTGTCAAAGCG,2.978355666178474
43871,0.2120938025946232,15__nan,PertCortex_15_AGGGAGTGTCCCTACT,3.8693916015873517
43872,0.1368101283182983,15__nan,PertCortex_15_AGGGAGTTCAGCACAT,3.1738058983256012
43873,0.27097694210325673,15__nan,PertCortex_15_AGGGAGTTCAGCTCTC,2.591856842164547
43874,0.12518415268172084,15__nan,PertCortex_15_AGGGAGTTCTAACTTC,3.7112688409832977
43875,0.11586701864379984,15__nan,PertCortex_15_AGGGATGTCAATACCG,3.290339072227691
43876,0.6819291966334345,15__nan,PertCortex_15_AGGGATGTCCAATGGT,1.5470674565880362
43877,0.15280412531962065,15__nan,PertCortex_15_AGGGTGAAGCCCAACC,3.2178291636318175
43878,0.10419468631606159,15__nan,PertCortex_15_AGGGTGAAGCCCGAAA,4.282398130115168
43879,0.09123538738734639,15__nan,PertCortex_15_AGGGTGAAGTATCTCG,3.981634759315947
43880,0.6266145154271898,15__nan,PertCortex_15_AGGGTGATCAAAGTAG,1.9380841249463303
43881,0.21014269672158015,15__nan,PertCortex_15_AGGGTGATCTTGCATT,2.839069884141271
43882,0.1580568839105823,15__nan,PertCortex_15_AGGTCATCATCGGTTA,4.608335480466609
43883,0.06407404893799729,15__nan,PertCortex_15_AGGTCATGTATTACCG,5.179500262482208
43884,0.13500613729782848,15__nan,PertCortex_15_AGGTCATGTCTCATCC,4.410071147469516
43885,0.14261448959459117,15__nan,PertCortex_15_AGGTCATGTGATAAAC,4.666689212933554
43886,0.2283873315396409,15__nan,PertCortex_15_AGGTCATTCATCGGAT,4.530297044702716
43887,0.1295507405954339,15__nan,PertCortex_15_AGGTCATTCGGTTAAC,3.5577863422249227
43888,0.055806289067622424,15__nan,PertCortex_15_AGGTCCGAGATATGGT,3.1999179438182273
43889,0.1855565181304671,15__nan,PertCortex_15_AGGTCCGAGGGCATGT,2.5307290735835344
43890,0.3280361799980945,15__nan,PertCortex_15_AGGTCCGGTGGAAAGA,2.4625273131340393
43891,0.5150770459676461,15__nan,PertCortex_15_AGGTCCGGTTCGTCTC,2.110265764360103
43892,0.11532772036333856,15__nan,PertCortex_15_AGTAGTCAGATCCCGC,3.8865277592927616
43893,0.1475806077121222,15__nan,PertCortex_15_AGTAGTCAGCCAACAG,3.962952380829671
43894,0.5922823458146019,15__nan,PertCortex_15_AGTAGTCAGGTGTGGT,2.0760143641239406
43895,0.16163610310311113,15__nan,PertCortex_15_AGTAGTCAGTATCTCG,3.90377299378401
43896,0.16795859446428796,15__nan,PertCortex_15_AGTAGTCGTGCACGAA,4.363573566173589
43897,0.21931977707843903,15__nan,PertCortex_15_AGTAGTCTCACTTATC,3.037973750753307
43898,0.08377404432071865,15__nan,PertCortex_15_AGTCTTTCACTTAAGC,4.379821735275006
43899,0.43880588469244297,15__nan,PertCortex_15_AGTCTTTTCACCATAG,2.137065480297621
43900,0.1856338020804206,15__nan,PertCortex_15_AGTGAGGAGGCGTACA,2.701225338172726
43901,0.1814395219260158,15__nan,PertCortex_15_AGTGAGGCAATAGAGT,2.9559469728032783
43902,0.09743235915263752,15__nan,PertCortex_15_AGTGAGGCACATAACC,4.142232363765043
43903,0.09778358430215252,15__nan,PertCortex_15_AGTGGGAAGTGACATA,3.804688266351097
43904,0.37081086839222344,15__nan,PertCortex_15_AGTGGGACAATACGCT,1.797331558630935
43905,0.04905981312303181,15__nan,PertCortex_15_AGTGGGACAATCACAC,3.868530723570661
43906,0.07403545069322004,15__nan,PertCortex_15_AGTGGGACAGGCAGTA,4.20016359885958
43907,0.06530108218968778,15__nan,PertCortex_15_AGTGGGAGTTACCAGT,2.8396723291727657
43908,0.5287846926738775,15__nan,PertCortex_15_AGTGGGATCCGATATG,1.7142092391629031
43909,0.553051998159011,15__nan,PertCortex_15_AGTGTCAAGAAACCGC,2.4478184205944715
43910,0.1238458295476088,15__nan,PertCortex_15_AGTGTCAAGAGTGACC,2.7918160442142486
43911,0.15278927891581096,15__nan,PertCortex_15_AGTGTCAGTCATATGC,2.8399921850760586
43912,0.08187129646896726,15__nan,PertCortex_15_AGTGTCAGTTCACGGC,4.4479368336300125
43913,0.06310380876974311,15__nan,PertCortex_15_AGTGTCATCACCGTAA,3.440742306224346
43914,0.1500168644532005,15__nan,PertCortex_15_AGTGTCATCGTCTGCT,4.620022364578408
43915,0.08879237531642269,15__nan,PertCortex_15_AGTTGGTAGTATTGGA,3.747164963117507
43916,0.12997848885136418,15__nan,PertCortex_15_AGTTGGTGTTGACGTT,2.899221233512712
43917,0.5056763317138054,15__nan,PertCortex_15_AGTTGGTGTTTGCATG,1.8348946511528517
43918,0.46007318140561965,15__nan,PertCortex_15_AGTTGGTTCAACGGGA,1.9744973875710514
43919,0.15878390515460677,15__nan,PertCortex_15_AGTTGGTTCCTCCTAG,4.555184258993071
43920,0.10722399028238556,15__nan,PertCortex_15_ATAACGCCAGACGCTC,3.6246929246065873
43921,0.23964477994188574,15__nan,PertCortex_15_ATAACGCGTAGGCTGA,3.0590210905102175
43922,0.4210482733219623,15__nan,PertCortex_15_ATAACGCGTCGAACAG,1.4361728638786384
43923,0.28104699087128243,15__nan,PertCortex_15_ATAACGCGTGTGACCC,3.062887772791344
43924,0.23898958220580085,15__nan,PertCortex_15_ATAACGCGTTGAGGTG,3.7063475818893012
43925,0.5729336561694496,15__nan,PertCortex_15_ATAAGAGAGTGCAAGC,2.2345202075145045
43926,0.0946575300002597,15__nan,PertCortex_15_ATAAGAGAGTTGCAGG,4.101352175363867
43927,0.1806546413772808,15__nan,PertCortex_15_ATAAGAGCAGCCAATT,2.66202579828274
43928,0.11339262905283451,15__nan,PertCortex_15_ATAAGAGCATAGACTC,2.8807781065821847
43929,0.20607501277883014,15__nan,PertCortex_15_ATAAGAGGTTATCACG,2.985366309272791
43930,0.13811071297138547,15__nan,PertCortex_15_ATAAGAGTCATCGCTC,4.817777946303425
43931,0.20033418384546206,15__nan,PertCortex_15_ATAAGAGTCCGTTGTC,4.015669756044451
43932,0.1612529009329419,15__nan,PertCortex_15_ATAAGAGTCGGCGGTT,3.2280789582908436
43933,0.12363961572188882,15__nan,PertCortex_15_ATAGACCCACGGTGTC,4.599834032530259
43934,0.048319973078380214,15__nan,PertCortex_15_ATAGACCCATCCGCGA,4.252296416785242
43935,0.13786804800888075,15__nan,PertCortex_15_ATAGACCGTGAAAGAG,4.32765586091311
43936,0.5214787976539028,15__nan,PertCortex_15_ATAGACCGTGGAAAGA,2.0180739181293457
43937,0.3992100975478016,15__nan,PertCortex_15_ATAGACCTCATGTAGC,2.4984789995213488
43938,0.26596877492341997,15__nan,PertCortex_15_ATAGACCTCGCGTAGC,2.858216261965468
43939,0.1724351280120821,15__nan,PertCortex_15_ATAGACCTCGTAGATC,2.5916285575889275
43940,0.5969025453414586,15__nan,PertCortex_15_ATCACGAAGCACCGTC,1.9200798219478725
43941,0.24222779276531622,15__nan,PertCortex_15_ATCACGACAAGTAGTA,1.5122515633106786
43942,0.451081638830899,15__nan,PertCortex_15_ATCACGACACCTCGGA,2.5110402685549937
43943,0.3283452362398582,15__nan,PertCortex_15_ATCACGACAGGATTGG,2.8518223191551884
43944,0.46700856428186277,15__nan,PertCortex_15_ATCACGACATCGGGTC,2.042459881086452
43945,0.624168649258435,15__nan,PertCortex_15_ATCACGAGTAGGCTGA,1.9645801434634904
43946,0.2215502528351852,15__nan,PertCortex_15_ATCATCTAGAAACGAG,2.7211160966691
43947,0.1971586045780943,15__nan,PertCortex_15_ATCATCTAGATCGATA,2.5013933680817657
43948,0.14300884439758696,15__nan,PertCortex_15_ATCATCTAGCGACGTA,3.865955859990599
43949,0.2401951580995665,15__nan,PertCortex_15_ATCATCTCAAGGTGTG,3.183314394242321
43950,0.15478702184480012,15__nan,PertCortex_15_ATCATCTCACGACGAA,2.756807558253814
43951,0.07348773002916137,15__nan,PertCortex_15_ATCATCTGTTTGTTTC,4.105891269781828
43952,0.20755075257591654,15__nan,PertCortex_15_ATCATCTTCAATACCG,2.9898227135761335
43953,0.30398502827562723,15__nan,PertCortex_15_ATCATCTTCATCATTC,2.3076225501369736
43954,0.19596420922414798,15__nan,PertCortex_15_ATCCACCAGGCTACGA,2.6284491327553035
43955,0.529293587606211,15__nan,PertCortex_15_ATCCACCAGTCTCGGC,2.184549801306033
43956,0.1832003404295191,15__nan,PertCortex_15_ATCCACCAGTGTTTGC,3.791429917241744
43957,0.21420580272455353,15__nan,PertCortex_15_ATCCACCCATTAACCG,3.459234705027371
43958,0.09255721379601825,15__nan,PertCortex_15_ATCCACCCATTGTGCA,4.525083037761677
43959,0.7094868371120461,15__nan,PertCortex_15_ATCCACCGTGAGGGAG,1.4818659650923294
43960,0.4357837720234201,15__nan,PertCortex_15_ATCCACCTCCTTTACA,2.751423046376261
43961,0.15484420565959542,15__nan,PertCortex_15_ATCCACCTCGAGGTAG,3.876998278415802
43962,0.15758417549195708,15__nan,PertCortex_15_ATCCGAAAGTCCGTAT,4.6090887849162465
43963,0.4195635788131095,15__nan,PertCortex_15_ATCCGAACAGATAATG,2.211737335703445
43964,0.13284941117114732,15__nan,PertCortex_15_ATCCGAACAGCCTGTG,4.589707466989354
43965,0.211687429700828,15__nan,PertCortex_15_ATCCGAAGTTCGGCAC,3.703167097925007
43966,0.16620182021116323,15__nan,PertCortex_15_ATCCGAAGTTCTGGTA,3.2576721997389773
43967,0.10643681565029278,15__nan,PertCortex_15_ATCCGAATCAGTTTGG,3.7608509792802525
43968,0.2522690356319294,15__nan,PertCortex_15_ATCCGAATCATCTGTT,2.5372562065557376
43969,0.2882095186732676,15__nan,PertCortex_15_ATCCGAATCGGTCTAA,2.958086997542379
43970,0.6222765635365064,15__nan,PertCortex_15_ATCGAGTAGCCTATGT,2.0825336209085155
43971,0.16344448029002698,15__nan,PertCortex_15_ATCGAGTCAAGGGTCA,3.2173924147417874
43972,0.2192325078888921,15__nan,PertCortex_15_ATCGAGTCATGCCTAA,3.1562986190691955
43973,0.048794819919252407,15__nan,PertCortex_15_ATCGAGTGTACAGCAG,3.5525711435097644
43974,0.08972677073876457,15__nan,PertCortex_15_ATCGAGTTCGCTTGTC,3.750775186361908
43975,0.2474943070613752,15__nan,PertCortex_15_ATCGAGTTCTTTACGT,2.2566554418774976
43976,0.08084496832140041,15__nan,PertCortex_15_ATCTACTTCAACGCTA,4.278520214501837
43977,0.3443073652682847,15__nan,PertCortex_15_ATCTACTTCATCGGAT,1.8487559137895124
43978,0.3177715432920093,15__nan,PertCortex_15_ATCTGCCAGAGCCTAG,3.005535437509115
43979,0.41965281686947065,15__nan,PertCortex_15_ATCTGCCGTAAGAGGA,2.3034656398695725
43980,0.5450242735508993,15__nan,PertCortex_15_ATCTGCCGTATCTGCA,2.250619459941905
43981,0.0935788499533012,15__nan,PertCortex_15_ATGAGGGAGCCACTAT,4.720221779510773
43982,0.0559964182942695,15__nan,PertCortex_15_ATGAGGGAGTCTTGCA,3.658986875477464
43983,0.47977738818467114,15__nan,PertCortex_15_ATGAGGGCAAGTTGTC,2.143152804361789
43984,0.027368896005394733,15__nan,PertCortex_15_ATGAGGGCATCTCGCT,3.8714079686042777
43985,0.5161969714226234,15__nan,PertCortex_15_ATGAGGGTCGTCGTTC,1.8560966453548786
43986,0.49589724857935163,15__nan,PertCortex_15_ATGAGGGTCTCCTATA,1.858546439585324
43987,0.10763222084523434,15__nan,PertCortex_15_ATGCGATAGACGACGT,3.0837238023270244
43988,0.2485787988087563,15__nan,PertCortex_15_ATGCGATCACGGTAGA,2.9963545424618747
43989,0.11706602739395364,15__nan,PertCortex_15_ATGCGATCATCACCCT,3.663426326027322
43990,0.39798287369992313,15__nan,PertCortex_15_ATGCGATCATTGCGGC,2.177364139368385
43991,0.1045726131840201,15__nan,PertCortex_15_ATGCGATGTCCGTCAG,3.9809512739817796
43992,0.10567707902525382,15__nan,PertCortex_15_ATGCGATGTGCACCAC,3.1450357097071557
43993,0.11806938614681645,15__nan,PertCortex_15_ATGCGATGTTGCCTCT,3.2368521006206423
43994,0.26176286204977434,15__nan,PertCortex_15_ATGCGATTCACCCTCA,3.4497552168133896
43995,0.18070307040092845,15__nan,PertCortex_15_ATGCGATTCCTATTCA,4.738230744330917
43996,0.20025872462013178,15__nan,PertCortex_15_ATGGGAGAGAGTAAGG,3.340483794384559
43997,0.42284136771829545,15__nan,PertCortex_15_ATGGGAGAGCAGATCG,2.3725835159327393
43998,0.21521523410569238,15__nan,PertCortex_15_ATGGGAGAGTATGACA,3.5562213534133726
43999,0.2605822524859151,15__nan,PertCortex_15_ATGGGAGAGTGTGGCA,3.3224281300333343
44000,0.5358793794652265,15__nan,PertCortex_15_ATGGGAGCATGTAGTC,2.248401624808624
44001,0.5274191706279082,15__nan,PertCortex_15_ATGTGTGAGATGCCAG,2.321201225113523
44002,0.20757683898672674,15__nan,PertCortex_15_ATGTGTGCACCAGGCT,2.8379283982346504
44003,0.1346011855184517,15__nan,PertCortex_15_ATGTGTGCAGCCTTGG,2.872086409710955
44004,0.10518051137988599,15__nan,PertCortex_15_ATGTGTGGTCACTTCC,3.8077034410153945
44005,0.04932695791213271,15__nan,PertCortex_15_ATGTGTGGTCGGATCC,4.735224502914062
44006,0.2713108739633795,15__nan,PertCortex_15_ATGTGTGTCCTTCAAT,4.587754853733353
44007,0.17161869915695743,15__nan,PertCortex_15_ATTACTCCAATGGATA,4.290833211694603
44008,0.3695954436230061,15__nan,PertCortex_15_ATTACTCCACGCGAAA,2.7898757735439585
44009,0.15858929356989526,15__nan,PertCortex_15_ATTACTCGTACCGCTG,4.6012061809033655
44010,0.13624154514807932,15__nan,PertCortex_15_ATTATCCAGAGGGCTT,2.7790751387022756
44011,0.2583796625614584,15__nan,PertCortex_15_ATTATCCCATAGTAAG,3.561626442841555
44012,0.21999227554044648,15__nan,PertCortex_15_ATTATCCGTGATAAAC,3.0013255761139344
44013,0.18975385219809593,15__nan,PertCortex_15_ATTCTACCAACCGCCA,3.053509758853528
44014,0.20980724694333927,15__nan,PertCortex_15_ATTCTACCATGAAGTA,2.9987799489822122
44015,0.0476088457007233,15__nan,PertCortex_15_ATTCTACGTTGGACCC,3.8836910581571065
44016,0.3986224961625547,15__nan,PertCortex_15_ATTCTACTCTCCAGGG,2.0239577483023905
44017,0.14065281084273587,15__nan,PertCortex_15_ATTGGACAGGCGACAT,2.115985791060826
44018,0.0872939439287819,15__nan,PertCortex_15_ATTGGACAGTACGTTC,3.705980624357607
44019,0.37568182583747367,15__nan,PertCortex_15_ATTGGACAGTTCGCGC,2.439177057121156
44020,0.0662970552811493,15__nan,PertCortex_15_ATTGGACCACAGCCCA,3.562981497052317
44021,0.13108132930987254,15__nan,PertCortex_15_ATTGGACCAGTTTACG,4.788138937051746
44022,0.2246481661948965,15__nan,PertCortex_15_ATTGGACCATCATCCC,2.4050013450874803
44023,0.4326478924722736,15__nan,PertCortex_15_ATTGGACGTAGCCTAT,1.64231716874486
44024,0.12243691046404817,15__nan,PertCortex_15_ATTGGACTCAGCTCGG,2.773844517135335
44025,0.5956992134652126,15__nan,PertCortex_15_ATTGGACTCCTGCTTG,1.9428491515181763
44026,0.1620363196543507,15__nan,PertCortex_15_ATTGGTGAGTACGACG,4.593007866348012
44027,0.19695055820895258,15__nan,PertCortex_15_ATTGGTGAGTAGTGCG,3.178160273631826
44028,0.514954967272511,15__nan,PertCortex_15_ATTGGTGCAACGCACC,1.6449014200981094
44029,0.4171179430956629,15__nan,PertCortex_15_ATTGGTGCACGGCTAC,2.7126363529339774
44030,0.11460282122903313,15__nan,PertCortex_15_ATTGGTGCACGGTAGA,4.125980606753723
44031,0.6424627986799577,15__nan,PertCortex_15_ATTTCTGAGTCCCACG,1.4785042358797318
44032,0.09765289519946607,15__nan,PertCortex_15_ATTTCTGCACCATCCT,4.542889873849148
44033,0.17445510137450249,15__nan,PertCortex_15_ATTTCTGCACCGAAAG,3.9475545191611685
44034,0.19987351164680975,15__nan,PertCortex_15_ATTTCTGGTGTCTGAT,4.22317833518403
44035,0.12287821987627989,15__nan,PertCortex_15_ATTTCTGTCAGGTTCA,3.0010706457857097
44036,0.1480907658386959,15__nan,PertCortex_15_CAACCAAAGGCCCTTG,3.2822301166985812
44037,0.11858788628064927,15__nan,PertCortex_15_CAACCAAAGGGTGTGT,2.299388489047452
44038,0.1512517959820602,15__nan,PertCortex_15_CAACCAAGTAACGACG,3.4910768154343597
44039,0.1931477757050932,15__nan,PertCortex_15_CAACCAAGTACAGTGG,3.6700335992801114
44040,0.1636602361381349,15__nan,PertCortex_15_CAACCAAGTAGAAAGG,4.492471051011891
44041,0.34759035286060674,15__nan,PertCortex_15_CAACCAAGTATGAAAC,1.8515592563285637
44042,0.16835314654712194,15__nan,PertCortex_15_CAACCAAGTGTTGAGG,3.095402205753721
44043,0.097413991633862,15__nan,PertCortex_15_CAACCTCAGTCTTGCA,2.664178532257905
44044,0.24908558391656696,15__nan,PertCortex_15_CAACCTCCAGGGTTAG,3.1780905187514286
44045,0.5842687128450168,15__nan,PertCortex_15_CAACCTCGTCATCCCT,1.5607913645173057
44046,0.23819361637780329,15__nan,PertCortex_15_CAACCTCTCTTGCAAG,3.5416032695055417
44047,0.5732673477415506,15__nan,PertCortex_15_CAACTAGCATCAGTAC,2.419170840200094
44048,0.6015572513897408,15__nan,PertCortex_15_CAACTAGGTACCAGTT,1.9959383355452007
44049,0.324601788351619,15__nan,PertCortex_15_CAACTAGGTACGACCC,2.1601859077816927
44050,0.1333327038101664,15__nan,PertCortex_15_CAACTAGGTTGAGTTC,2.6844364446144944
44051,0.2253845314543511,15__nan,PertCortex_15_CAACTAGTCAATACCG,3.879737047770307
44052,0.29661203390071406,15__nan,PertCortex_15_CAAGAAACAACACCTA,3.331930807030634
44053,0.5016767818780075,15__nan,PertCortex_15_CAAGATCAGCCATCGC,2.170931265652935
44054,0.05009093151074555,15__nan,PertCortex_15_CAAGATCAGTGGAGAA,4.431735192257435
44055,0.11673959592484578,15__nan,PertCortex_15_CAAGATCCACGTCAGC,2.3079726217214085
44056,0.19403038657262617,15__nan,PertCortex_15_CAAGATCGTTGCTCCT,3.9568747336421315
44057,0.1771174516539594,15__nan,PertCortex_15_CAAGGCCCACATTAGC,3.115718619240555
44058,0.18270573654012184,15__nan,PertCortex_15_CAAGGCCGTCTAAACC,3.8241094304408008
44059,0.04279603746832741,15__nan,PertCortex_15_CAAGGCCGTTTACTCT,4.733672203223354
44060,0.23472291032091308,15__nan,PertCortex_15_CAAGTTGAGGAATTAC,2.8902572596558027
44061,0.21634759161495395,15__nan,PertCortex_15_CAAGTTGCAAGCTGAG,4.031792171606097
44062,0.16025985907931603,15__nan,PertCortex_15_CAAGTTGGTACCTACA,4.029339426896808
44063,0.25566796362460503,15__nan,PertCortex_15_CAAGTTGTCGCCAGCA,4.589628782763215
44064,0.15917597419828658,15__nan,PertCortex_15_CAAGTTGTCGCTTAGA,2.541098025106471
44065,0.1634482984528914,15__nan,PertCortex_15_CACAAACCAATCTGCA,2.0807252281533013
44066,0.21973143398026357,15__nan,PertCortex_15_CACAAACCAGACAGGT,2.5930702452349577
44067,0.10069545092072005,15__nan,PertCortex_15_CACAAACCAGGGTTAG,3.707675924068674
44068,0.637273480275233,15__nan,PertCortex_15_CACAAACCATCACCCT,1.7047998024889117
44069,0.21643771254125718,15__nan,PertCortex_15_CACAAACGTGTTTGTG,4.173729458846874
44070,0.09475653337265913,15__nan,PertCortex_15_CACAAACTCTTGTACT,4.461429086576497
44071,0.16146985891346266,15__nan,PertCortex_15_CACACAAAGCGTTTAC,3.531590946107855
44072,0.11663459743228104,15__nan,PertCortex_15_CACACAAAGCTGGAAC,3.7863768823403787
44073,0.6618154117980747,15__nan,PertCortex_15_CACACAACATGCAATC,1.5837270346711678
44074,0.12098489054503664,15__nan,PertCortex_15_CACACAAGTCCTGCTT,3.509123855455874
44075,0.33300600883595183,15__nan,PertCortex_15_CACACAAGTTAAGAAC,2.898238542249998
44076,0.09902052321057928,15__nan,PertCortex_15_CACACAATCACGAAGG,4.348656256429422
44077,0.12461308148916514,15__nan,PertCortex_15_CACACAATCCTTGCCA,4.515176287022101
44078,0.3289137614601365,15__nan,PertCortex_15_CACACCTAGCAGCCTC,2.1158763151227022
44079,0.2017960308851009,15__nan,PertCortex_15_CACACCTAGTACACCT,2.6890820207364508
44080,0.023594390475569212,15__nan,PertCortex_15_CACACCTAGTGTTAGA,4.311597824643499
44081,0.17271903325518043,15__nan,PertCortex_15_CACACCTCATGACGGA,3.2711074570069405
44082,0.09273156730298068,15__nan,PertCortex_15_CACACCTCATGTCGAT,4.114966092048368
44083,0.2254423744057644,15__nan,PertCortex_15_CACACCTCATTGGTAC,2.8971334737422376
44084,0.08263028186629777,15__nan,PertCortex_15_CACACCTTCAGAGGTG,3.700389919765272
44085,0.1451550654175707,15__nan,PertCortex_15_CACACTCAGCCAGAAC,4.151941215279326
44086,0.5264432947107134,15__nan,PertCortex_15_CACACTCAGGTTACCT,2.3133617025754476
44087,0.34823828096030857,15__nan,PertCortex_15_CACACTCAGTCCTCCT,1.6146036553313932
44088,0.18805272774939732,15__nan,PertCortex_15_CACACTCCACCGGAAA,2.4235509817414838
44089,0.12324083535194355,15__nan,PertCortex_15_CACACTCGTTCCACAA,3.79470858462086
44090,0.19899053449259177,15__nan,PertCortex_15_CACAGGCAGGATATAC,4.05787704324697
44091,0.10541178610336782,15__nan,PertCortex_15_CACAGGCAGTCATCCA,4.480801719603841
44092,0.14905976163595708,15__nan,PertCortex_15_CACAGGCGTACTTAGC,2.889535443904224
44093,0.07259785465588695,15__nan,PertCortex_15_CACAGTACAATCAGAA,4.104174843004959
44094,0.23646942039253024,15__nan,PertCortex_15_CACAGTACACAACGCC,2.9680956079545795
44095,0.3164140597723563,15__nan,PertCortex_15_CACATAGTCGAGCCCA,3.5132925114630673
44096,0.22592951628702163,15__nan,PertCortex_15_CACATAGTCGTTGACA,4.157061164969666
44097,0.1284584942991134,15__nan,PertCortex_15_CACATTTAGAGCTGCA,5.24086171308252
44098,0.41981717030748034,15__nan,PertCortex_15_CACATTTAGTCGAGTG,3.1605487744967777
44099,0.22147172863877856,15__nan,PertCortex_15_CACATTTCAAGTCATC,3.206313769170153
44100,0.4355620942817715,15__nan,PertCortex_15_CACATTTTCATGTGGT,2.2490124857130476
44101,0.031124535204866514,15__nan,PertCortex_15_CACATTTTCTCCAACC,4.533758832363233
44102,0.48436491122827285,15__nan,PertCortex_15_CACATTTTCTTGCATT,2.113730400996563
44103,0.03142458913540945,15__nan,PertCortex_15_CACCACTCAGAGCCAA,3.4526570464003687
44104,0.19012967913059997,15__nan,PertCortex_15_CACCACTCAGCCACCA,2.4559100399756404
44105,0.3413641393336555,15__nan,PertCortex_15_CACCACTCATCCTAGA,2.5462128180443853
44106,0.017725844075682732,15__nan,PertCortex_15_CACCACTTCGGAAATA,3.8542156377180454
44107,0.04741386886932992,15__nan,PertCortex_15_CACCACTTCTAAGCCA,3.958357254108395
44108,0.2797579687707078,15__nan,PertCortex_15_CACCAGGGTATATGGA,2.192416752204177
44109,0.18327897587605022,15__nan,PertCortex_15_CACCTTGAGATGAGAG,3.825610041246512
44110,0.26797003929010144,15__nan,PertCortex_15_CACCTTGAGCAGGCTA,2.625971445337378
44111,0.3844403442046603,15__nan,PertCortex_15_CACCTTGAGGGTCTCC,2.4121618613235976
44112,0.19866748352446081,15__nan,PertCortex_15_CACCTTGGTCACTGGC,3.4263163724398584
44113,0.08393203339921958,15__nan,PertCortex_15_CACCTTGTCATGCAAC,4.44889785966313
44114,0.16959530599141262,15__nan,PertCortex_15_CACTCCACACTCTGTC,2.9379128135464008
44115,0.5041172123125222,15__nan,PertCortex_15_CACTCCAGTTCAGTAC,1.7337717849557803
44116,0.19849753376865914,15__nan,PertCortex_15_CACTCCAGTTCATGGT,3.214819444146533
44117,0.2401393440125063,15__nan,PertCortex_15_CACTCCATCAGCACAT,2.6031782121457465
44118,0.3095503818595835,15__nan,PertCortex_15_CAGAATCAGTCGAGTG,1.7087580228399843
44119,0.6119276963413286,15__nan,PertCortex_15_CAGAATCAGTGTCCAT,2.23484786137957
44120,0.11016297444252253,15__nan,PertCortex_15_CAGAATCGTAGTGAAT,3.9406858079697678
44121,0.19812796861443197,15__nan,PertCortex_15_CAGAATCGTGGTCCGT,4.260276066808417
44122,0.14123602846276562,15__nan,PertCortex_15_CAGAATCTCATATCGG,4.166015320798737
44123,0.08143041842499522,15__nan,PertCortex_15_CAGAATCTCTACGAGT,4.027052859378938
44124,0.17132251872029122,15__nan,PertCortex_15_CAGAGAGAGAGAACAG,2.8418500934456508
44125,0.14770318546165442,15__nan,PertCortex_15_CAGAGAGAGCTCCCAG,3.137940351948763
44126,0.20130148047400861,15__nan,PertCortex_15_CAGAGAGAGTGGAGAA,3.496343837465743
44127,0.22570999706074915,15__nan,PertCortex_15_CAGAGAGGTATGAATG,2.853045376656176
44128,0.11159973371550937,15__nan,PertCortex_15_CAGAGAGGTCAGGACA,3.9979934481000114
44129,0.5085241018266107,15__nan,PertCortex_15_CAGAGAGGTCGAGATG,2.168224085430523
44130,0.16743865170294137,15__nan,PertCortex_15_CAGATCAAGACAGGCT,3.966938608590449
44131,0.3535921652454929,15__nan,PertCortex_15_CAGATCAAGCGGCTTC,2.2650019478883294
44132,0.17293909679683975,15__nan,PertCortex_15_CAGATCACAATGTAAG,4.316556413902616
44133,0.13254852319573035,15__nan,PertCortex_15_CAGATCACACCGATAT,4.176273752264305
44134,0.2749079554556701,15__nan,PertCortex_15_CAGATCAGTACCTACA,2.29328091396494
44135,0.19937954578450934,15__nan,PertCortex_15_CAGATCAGTTTGTTGG,3.3653532101929233
44136,0.3692490664606724,15__nan,PertCortex_15_CAGATCATCCAGTATG,2.3320405395120787
44137,0.2663749902308194,15__nan,PertCortex_15_CAGATCATCCGTAGGC,2.7634691506928486
44138,0.06758322664437506,15__nan,PertCortex_15_CAGCAGCAGCGTGTCC,2.245898547097808
44139,0.5064846370061159,15__nan,PertCortex_15_CAGCAGCAGCTGGAAC,2.199750840611623
44140,0.3051114137637739,15__nan,PertCortex_15_CAGCAGCAGTACCGGA,3.4180360115653503
44141,0.1209687988098246,15__nan,PertCortex_15_CAGCAGCCATGGATGG,2.7361316106654865
44142,0.20691573398976443,15__nan,PertCortex_15_CAGCAGCGTAGAGGAA,3.880696697103426
44143,0.15572095949181683,15__nan,PertCortex_15_CAGCAGCTCGGTGTCG,3.9603068612256247
44144,0.13639555628502337,15__nan,PertCortex_15_CAGCATAAGACTCGGA,3.588023632682966
44145,0.13152402447729641,15__nan,PertCortex_15_CAGCATAAGAGGGCTT,4.669502943457889
44146,0.08360179862277105,15__nan,PertCortex_15_CAGCATACACTAAGTC,3.9025640379199484
44147,0.2464243747095786,15__nan,PertCortex_15_CAGCATACATACTACG,2.4642163476240815
44148,0.08317741289234734,15__nan,PertCortex_15_CAGCATAGTTCAGCGC,4.669509201576643
44149,0.13975240457647953,15__nan,PertCortex_15_CAGCCGAAGAAGCCCA,2.973951619899178
44150,0.1542817582448714,15__nan,PertCortex_15_CAGCCGAAGGAATTAC,3.5282193970731512
44151,0.1070043582292198,15__nan,PertCortex_15_CAGCCGACACTCGACG,5.220401402971725
44152,0.14719098192143792,15__nan,PertCortex_15_CAGCCGACAGTAGAGC,4.105399885492194
44153,0.5737242038201849,15__nan,PertCortex_15_CAGCCGAGTCCGAACC,1.5456824925272559
44154,0.082249048181855,15__nan,PertCortex_15_CAGCCGATCCCTCTTT,4.506440495783788
44155,0.3816947521624877,15__nan,PertCortex_15_CAGCGACAGATCCCAT,2.8152383236568803
44156,0.15103559578152628,15__nan,PertCortex_15_CAGCGACAGTGGAGAA,2.5797610108801834
44157,0.6440686359186997,15__nan,PertCortex_15_CAGCGACAGTTACCCA,2.0192315780862873
44158,0.47939530058491797,15__nan,PertCortex_15_CAGCGACGTCCGTGAC,2.5769298947083774
44159,0.3722660790071021,15__nan,PertCortex_15_CAGCGACGTCTGCCAG,2.342300530264631
44160,0.5865805849146158,15__nan,PertCortex_15_CAGCTAAAGCCGCCTA,1.9954770362642054
44161,0.10275463856618061,15__nan,PertCortex_15_CAGCTGGAGAATGTGT,4.2489690202267845
44162,0.2037196301283822,15__nan,PertCortex_15_CAGCTGGCAGTTAACC,4.3842814760783595
44163,0.26055467938388654,15__nan,PertCortex_15_CAGCTGGGTATCGCAT,4.031248773763787
44164,0.5773327308390747,15__nan,PertCortex_15_CAGCTGGGTGGTAACG,2.013408721651308
44165,0.23923282704858764,15__nan,PertCortex_15_CAGCTGGGTGTTGGGA,4.208641986764074
44166,0.04304188449189027,15__nan,PertCortex_15_CAGCTGGGTTCCAACA,4.73164084211353
44167,0.14263833326787417,15__nan,PertCortex_15_CAGCTGGTCCTGCTTG,4.157791161196068
44168,0.23504792287658113,15__nan,PertCortex_15_CAGGTGCAGCCCAGCT,3.4701866901024006
44169,0.14128510097633007,15__nan,PertCortex_15_CAGGTGCAGCCTCGTG,2.2117352014939535
44170,0.22710854433607316,15__nan,PertCortex_15_CAGGTGCAGGTCATCT,2.156623202297914
44171,0.2992958335232367,15__nan,PertCortex_15_CAGGTGCCATGTCTCC,2.7008269373740768
44172,0.19747708027185829,15__nan,PertCortex_15_CAGGTGCGTGCTTCTC,3.4945738598389506
44173,0.16171376558198955,15__nan,PertCortex_15_CAGGTGCTCCGTTGCT,4.032317165908518
44174,0.13215049779793908,15__nan,PertCortex_15_CAGGTGCTCTTTCCTC,2.0622050745061067
44175,0.12452806859475894,15__nan,PertCortex_15_CAGTAACAGGCATGGT,3.5762237710585665
44176,0.04056048695418698,15__nan,PertCortex_15_CAGTAACAGGTGATAT,4.140467557350325
44177,0.5260285004422366,15__nan,PertCortex_15_CAGTAACAGGTGCTAG,2.0568202472900476
44178,0.11269668263142975,15__nan,PertCortex_15_CAGTAACCAAAGGTGC,4.660892143286364
44179,0.42633214358707383,15__nan,PertCortex_15_CAGTAACCATCACGAT,2.949883374449531
44180,0.194130774928851,15__nan,PertCortex_15_CAGTAACGTCCAAGTT,4.139228101107616
44181,0.12041264996025111,15__nan,PertCortex_15_CAGTAACGTTCAACCA,4.1224375337598556
44182,0.4909369505996685,15__nan,PertCortex_15_CAGTAACGTTCGTCTC,2.7465551518939697
44183,0.20230899137518296,15__nan,PertCortex_15_CAGTAACTCAAAGACA,3.564682792242948
44184,0.05975622931572709,15__nan,PertCortex_15_CAGTCCTCAGCCAATT,3.0838057244804715
44185,0.07643787831425239,15__nan,PertCortex_15_CAGTCCTCATTAGGCT,3.8114211946189367
44186,0.16824155858536927,15__nan,PertCortex_15_CAGTCCTGTACGCACC,3.3264575768282074
44187,0.11886986555585993,15__nan,PertCortex_15_CAGTCCTGTAGCGCAA,3.798642265853028
44188,0.08052412546935045,15__nan,PertCortex_15_CAGTCCTGTCCGACGT,2.108149342122033
44189,0.17765279026908667,15__nan,PertCortex_15_CAGTCCTGTGAGCGAT,2.125840674147464
44190,0.1262516106232529,15__nan,PertCortex_15_CAGTCCTGTTCCAACA,2.4582031576461976
44191,0.3927735373008187,15__nan,PertCortex_15_CAGTCCTTCGCGTTTC,2.570293097625885
44192,0.09644837980126791,15__nan,PertCortex_15_CAGTCCTTCTCGTTTA,3.865997959553494
44193,0.19290348375467972,15__nan,PertCortex_15_CATATGGAGCAATCTC,2.542070576849664
44194,0.11055496812208966,15__nan,PertCortex_15_CATATGGAGCGTAGTG,5.285917794762252
44195,0.09735405722852879,15__nan,PertCortex_15_CATATGGAGGGTCTCC,3.76863523203022
44196,0.30652941217936835,15__nan,PertCortex_15_CATATGGCACAGAGGT,3.7968477647938377
44197,0.2411668522180839,15__nan,PertCortex_15_CATATGGCACATCCGG,3.3582564121771923
44198,0.09552220310531856,15__nan,PertCortex_15_CATATGGCACCGCTAG,3.0689955254288033
44199,0.24487528749439058,15__nan,PertCortex_15_CATATGGGTATCGCAT,5.430004561280959
44200,0.14898282125802034,15__nan,PertCortex_15_CATATGGTCAAACGGG,3.1004724680909197
44201,0.19589107334289466,15__nan,PertCortex_15_CATATGGTCATGTGGT,4.303181395801964
44202,0.39111260540952986,15__nan,PertCortex_15_CATATTCAGCTGAACG,2.4465625398327777
44203,0.2180922247882891,15__nan,PertCortex_15_CATATTCAGGAGTTTA,3.7882006698850272
44204,0.3157056806304227,15__nan,PertCortex_15_CATATTCTCATAGCAC,3.117941238516628
44205,0.05566078121878313,15__nan,PertCortex_15_CATATTCTCTCTGTCG,4.146151505162803
44206,0.026925567231424603,15__nan,PertCortex_15_CATCAAGCAATGACCT,4.312218100565061
44207,0.0880400389931239,15__nan,PertCortex_15_CATCAGAAGTACGTTC,4.29288121686947
44208,0.06925269870088868,15__nan,PertCortex_15_CATCAGACAATGAAAC,3.3844997887041797
44209,0.5129612708624802,15__nan,PertCortex_15_CATCCACAGACTGTAA,1.1941310428946854
44210,0.44189148303896686,15__nan,PertCortex_15_CATCCACAGAGGGATA,2.690681584870982
44211,0.27148743623404503,15__nan,PertCortex_15_CATCCACAGTGTTGAA,2.9899270425699633
44212,0.18532017848023538,15__nan,PertCortex_15_CATCCACGTTGGGACA,2.550895234325475
44213,0.48293860871233,15__nan,PertCortex_15_CATCCACTCACCCGAG,2.63646895105929
44214,0.15041865999202367,15__nan,PertCortex_15_CATCGAACAAGCCGTC,3.2867874081381308
44215,0.40545092456282583,15__nan,PertCortex_15_CATCGAATCCTCCTAG,2.0810729502578216
44216,0.14890557702618784,15__nan,PertCortex_15_CATCGGGCACCACGTG,1.6887309373197519
44217,0.11328294649795272,15__nan,PertCortex_15_CATCGGGTCACAGGCC,3.3712723464872156
44218,0.04952270183568347,15__nan,PertCortex_15_CATCGGGTCACTCCTG,3.0681097568695432
44219,0.2673980066166145,15__nan,PertCortex_15_CATCGGGTCATATCGG,3.271651992956208
44220,0.25366745871242774,15__nan,PertCortex_15_CATGACAAGACAGACC,3.3059292558751494
44221,0.15270960536319123,15__nan,PertCortex_15_CATGACAAGTTGTAGA,3.9098512688717113
44222,0.3766127202620147,15__nan,PertCortex_15_CATGACACATCTATGG,1.963229147776069
44223,0.3252190995824875,15__nan,PertCortex_15_CATGACAGTCTGATCA,3.1464771722511014
44224,0.2021225458784541,15__nan,PertCortex_15_CATGCCTTCAACACCA,4.256690324460828
44225,0.4338241035238135,15__nan,PertCortex_15_CATGCCTTCAGCAACT,2.1473769114542858
44226,0.5155328812196478,15__nan,PertCortex_15_CATGGCGAGTTTCCTT,2.755425016429491
44227,0.10845173258154167,15__nan,PertCortex_15_CATGGCGCAGTAAGCG,3.581491357385671
44228,0.5127688770254173,15__nan,PertCortex_15_CATGGCGGTCCCGACA,1.915506584176314
44229,0.02268087564981352,15__nan,PertCortex_15_CATGGCGTCCCTTGTG,4.602222737835197
44230,0.184883290372986,15__nan,PertCortex_15_CATTATCGTCTCCCTA,3.4530958474603577
44231,0.5876153302248138,15__nan,PertCortex_15_CATTATCGTGTGCGTC,1.5037602625033502
44232,0.14738298468948732,15__nan,PertCortex_15_CATTCGCAGAGATGAG,4.399517768430948
44233,0.2716322475215486,15__nan,PertCortex_15_CATTCGCAGCATGGCA,2.4452025258286563
44234,0.36454242835760825,15__nan,PertCortex_15_CATTCGCAGTCGTACT,2.057042242155128
44235,0.19938540444508707,15__nan,PertCortex_15_CATTCGCGTATTAGCC,3.6579885033231214
44236,0.14477955954411925,15__nan,PertCortex_15_CATTCGCGTCGTCTTC,3.251959384802849
44237,0.439644311203765,15__nan,PertCortex_15_CATTCGCGTCTTGTCC,1.9800691127433294
44238,0.12434597450798282,15__nan,PertCortex_15_CCAATCCAGTGAATTG,2.7503541447450472
44239,0.2351883270371506,15__nan,PertCortex_15_CCAATCCCATAGACTC,2.8179935547238153
44240,0.17062819213206998,15__nan,PertCortex_15_CCAATCCGTAAGTGGC,4.492007401914905
44241,0.24115878277273262,15__nan,PertCortex_15_CCACCTAAGAAACCTA,4.805877109197023
44242,0.05675804269475731,15__nan,PertCortex_15_CCACCTAAGCTAGCCC,4.106372529182641
44243,0.20244645111934478,15__nan,PertCortex_15_CCACCTACAGCTGCTG,2.1082121328717798
44244,0.1882801574067625,15__nan,PertCortex_15_CCACCTAGTGTGACCC,2.3022401426452435
44245,0.09140237703609051,15__nan,PertCortex_15_CCACGGAAGACCTTTG,3.6607145835161274
44246,0.3131491334589322,15__nan,PertCortex_15_CCACGGAAGACTGTAA,2.6669231356902765
44247,0.09004843893350753,15__nan,PertCortex_15_CCACGGAAGCCCAACC,4.252227786559619
44248,0.1376366021825256,15__nan,PertCortex_15_CCACGGAAGGTGGGTT,4.23822503670337
44249,0.16130636092786335,15__nan,PertCortex_15_CCACGGAGTCGGCATC,5.086773705382651
44250,0.2586626587960509,15__nan,PertCortex_15_CCACTACAGACGCACA,3.488151783356229
44251,0.12234437123783747,15__nan,PertCortex_15_CCACTACAGCAACGGT,4.020743870964396
44252,0.18905651950345417,15__nan,PertCortex_15_CCACTACAGGGTGTTG,2.761419878276985
44253,0.13867391306677002,15__nan,PertCortex_15_CCACTACCACAACGTT,4.1227440173978565
44254,0.701609496022101,15__nan,PertCortex_15_CCACTACTCCGCATCT,1.7903015001118394
44255,0.1650296524900146,15__nan,PertCortex_15_CCACTACTCTGCCAGG,3.5033363542435683
44256,0.11365796751943028,15__nan,PertCortex_15_CCAGCGAAGCCTCGTG,3.106701611113318
44257,0.043321512504704424,15__nan,PertCortex_15_CCAGCGAAGGATCGCA,4.274747406075305
44258,0.04491973642586572,15__nan,PertCortex_15_CCAGCGACATCCGTGG,2.8232154421357114
44259,0.546147162022645,15__nan,PertCortex_15_CCAGCGACATCTACGA,2.2598903598006874
44260,0.15473221848996477,15__nan,PertCortex_15_CCAGCGACATGCCTTC,3.54656291653267
44261,0.3656236129300651,15__nan,PertCortex_15_CCAGCGACATTTCAGG,2.2829329367705666
44262,0.5789233715095975,15__nan,PertCortex_15_CCAGCGATCTGGCGAC,1.960732404561468
44263,0.4410816082064711,15__nan,PertCortex_15_CCATGTCAGCCCTAAT,1.9506762623751805
44264,0.07585820556386294,15__nan,PertCortex_15_CCATGTCAGGCTATCT,3.657683040367426
44265,0.08843689338203618,15__nan,PertCortex_15_CCATGTCAGTCCGGTC,4.631582477312102
44266,0.5903586952076038,15__nan,PertCortex_15_CCATGTCCACCACCAG,2.2755255575263353
44267,0.18160607019851546,15__nan,PertCortex_15_CCATGTCCACTATCTT,3.437479035750942
44268,0.035845986232383505,15__nan,PertCortex_15_CCATGTCGTTACGCGC,3.617103359095273
44269,0.6967892081584549,15__nan,PertCortex_15_CCATGTCTCAGGTTCA,1.4119756874976437
44270,0.4808951075713292,15__nan,PertCortex_15_CCATGTCTCGGAAATA,2.101165626677439
44271,0.6090147718626616,15__nan,PertCortex_15_CCATTCGAGACGCAAC,2.1776586872902106
44272,0.17257715356629405,15__nan,PertCortex_15_CCATTCGAGTATCGAA,2.986727676198333
44273,0.3523041284764337,15__nan,PertCortex_15_CCATTCGAGTGTCTCA,2.6727918532544637
44274,0.11013586884634848,15__nan,PertCortex_15_CCATTCGCAATGTTGC,3.4747180099484978
44275,0.20663323035760695,15__nan,PertCortex_15_CCATTCGTCAGCGATT,4.232704188707473
44276,0.18258846173214965,15__nan,PertCortex_15_CCATTCGTCCTTTACA,2.880901585029168
44277,0.49754851779134435,15__nan,PertCortex_15_CCCAATCGTTGGGACA,2.7733272555930877
44278,0.3704589045288849,15__nan,PertCortex_15_CCCAATCTCACATAGC,1.2142528567636173
44279,0.1244502187574735,15__nan,PertCortex_15_CCCAGTTAGACGCTTT,3.1801443424750904
44280,0.30228327459301124,15__nan,PertCortex_15_CCCAGTTAGTCAATAG,3.2127526029487554
44281,0.6154329762773721,15__nan,PertCortex_15_CCCAGTTAGTGGCACA,1.9792979299875497
44282,0.12194561573720353,15__nan,PertCortex_15_CCCAGTTTCGAGCCCA,3.979201722549168
44283,0.2040435822739212,15__nan,PertCortex_15_CCCATACCACCATCCT,2.822029285031544
44284,0.2057872762095702,15__nan,PertCortex_15_CCCATACCAGAGTGTG,4.360979424170077
44285,0.5649934143995994,15__nan,PertCortex_15_CCCATACGTAAATGAC,2.129815748138769
44286,0.5792046824522195,15__nan,PertCortex_15_CCCATACGTCAAAGAT,1.7630142169048788
44287,0.11822021964824961,15__nan,PertCortex_15_CCCATACTCGCGTTTC,2.865772176964401
44288,0.4513364972583173,15__nan,PertCortex_15_CCCTCCTAGATGTCGG,1.9803935000490482
44289,0.5023435770045002,15__nan,PertCortex_15_CCCTCCTCATTCGACA,1.743952895713343
44290,0.4054173874857602,15__nan,PertCortex_15_CCCTCCTTCAACACTG,2.2594459542714844
44291,0.18058432876971253,15__nan,PertCortex_15_CCCTCCTTCCTGTAGA,3.246104238127238
44292,0.13997508862978195,15__nan,PertCortex_15_CCGGGATGTCATCGGC,5.408578552753111
44293,0.20384967187835118,15__nan,PertCortex_15_CCGGGATTCATGCTCC,3.6526426089717123
44294,0.5165791567939308,15__nan,PertCortex_15_CCGGGATTCGGTTCGG,1.490144238358473
44295,0.18399161512947743,15__nan,PertCortex_15_CCGGTAGCAAACCTAC,2.9486771722027108
44296,0.12761005968908273,15__nan,PertCortex_15_CCGGTAGGTACAGACG,2.799756231112379
44297,0.1532996896176235,15__nan,PertCortex_15_CCGGTAGTCTGCCAGG,4.521174482205976
44298,0.13760807051571902,15__nan,PertCortex_15_CCGGTAGTCTTCGGTC,4.213178431338498
44299,0.10126041981025286,15__nan,PertCortex_15_CCGGTAGTCTTTCCTC,3.7687485148498787
44300,0.15680564335944286,15__nan,PertCortex_15_CCGTACTTCAAACAAG,3.6427976958771713
44301,0.27067923173328656,15__nan,PertCortex_15_CCGTGGACATCACCCT,2.977301103379719
44302,0.17777689438655256,15__nan,PertCortex_15_CCGTGGATCCTCGCAT,4.437708858720653
44303,0.12254544275413905,15__nan,PertCortex_15_CCGTTCAAGCCACGCT,3.8025362912584333
44304,0.14000779619147996,15__nan,PertCortex_15_CCGTTCAAGCGTTTAC,2.6694729513608464
44305,0.39606474495986227,15__nan,PertCortex_15_CCGTTCACACGGCTAC,1.4461695938516728
44306,0.429968762303938,15__nan,PertCortex_15_CCGTTCACAGATCCAT,2.178067630499977
44307,0.434497439167569,15__nan,PertCortex_15_CCGTTCACAGGATCGA,2.43939432573901
44308,0.23458547101253768,15__nan,PertCortex_15_CCGTTCAGTATGGTTC,5.200567844600968
44309,0.47994153592892097,15__nan,PertCortex_15_CCGTTCAGTCTCTCTG,1.9722936231349781
44310,0.06140803890693385,15__nan,PertCortex_15_CCGTTCATCACTCCTG,3.5027024661160278
44311,0.5096400907276076,15__nan,PertCortex_15_CCTAAAGAGCTCTCGG,1.8624627969821035
44312,0.2883861315473851,15__nan,PertCortex_15_CCTAAAGAGGTTCCTA,2.323276600655212
44313,0.09032140268645855,15__nan,PertCortex_15_CCTAAAGCATTCGACA,3.5273541406418727
44314,0.09337578117208717,15__nan,PertCortex_15_CCTACCACATGGTCTA,3.2541506615999616
44315,0.5758933969424918,15__nan,PertCortex_15_CCTACCAGTCGGCACT,2.025269552873583
44316,0.23585690371449272,15__nan,PertCortex_15_CCTACCATCCTCTAGC,2.4471978416163784
44317,0.5260731410552435,15__nan,PertCortex_15_CCTACCATCGTAGATC,1.6806418309991418
44318,0.5696846785641828,15__nan,PertCortex_15_CCTAGCTAGTTAACGA,1.7145208848959976
44319,0.4607770498162444,15__nan,PertCortex_15_CCTAGCTCAGTCGTGC,2.847753923964454
44320,0.4269366536062449,15__nan,PertCortex_15_CCTAGCTTCTGGGCCA,2.768747280348822
44321,0.1029579471234202,15__nan,PertCortex_15_CCTAGCTTCTGTGCAA,2.6661462580984487
44322,0.5228967739940291,15__nan,PertCortex_15_CCTATTAAGGGCTTGA,2.5290555689864886
44323,0.32761014600580324,15__nan,PertCortex_15_CCTATTACACATTTCT,2.2461979306868294
44324,0.19947286496136246,15__nan,PertCortex_15_CCTATTACATGCCCGA,2.948743789959036
44325,0.206945425747758,15__nan,PertCortex_15_CCTATTAGTACGACCC,4.403161440827629
44326,0.24877241255324012,15__nan,PertCortex_15_CCTATTAGTCAGAATA,2.8704782714102643
44327,0.2578677278950773,15__nan,PertCortex_15_CCTATTAGTTGTGGAG,3.0622013428141477
44328,0.16853792931416248,15__nan,PertCortex_15_CCTCTGACACACGCTG,3.547614209066465
44329,0.6252606942123318,15__nan,PertCortex_15_CCTCTGACATCGATGT,2.087542593014908
44330,0.10982894492292354,15__nan,PertCortex_15_CCTCTGAGTTACGACT,4.3807665278332095
44331,0.1301401420205259,15__nan,PertCortex_15_CCTTACGCACCGATAT,5.114443666087731
44332,0.11854177828208612,15__nan,PertCortex_15_CCTTACGCATCACCCT,3.8086646299947358
44333,0.058817104738961574,15__nan,PertCortex_15_CCTTCCCAGTCCGGTC,3.8220497068850396
44334,0.46877307476971497,15__nan,PertCortex_15_CCTTCCCGTCATCGGC,1.933088083773914
44335,0.14729739801811587,15__nan,PertCortex_15_CCTTCCCTCATCACCC,2.9743017625506263
44336,0.21581576753830323,15__nan,PertCortex_15_CCTTCCCTCGAATCCA,3.103272669715988
44337,0.22492902861899114,15__nan,PertCortex_15_CCTTCGAAGTCCTCCT,1.7803571765913315
44338,0.1349471994455549,15__nan,PertCortex_15_CCTTCGACAAGTAATG,2.7457898523692794
44339,0.12845198322702864,15__nan,PertCortex_15_CCTTCGACATGAACCT,4.745922664632995
44340,0.12383649202960896,15__nan,PertCortex_15_CCTTCGACATTGGTAC,4.207994024029888
44341,0.12106247357889732,15__nan,PertCortex_15_CCTTCGATCACTATTC,3.1850810861187075
44342,0.2949032677734386,15__nan,PertCortex_15_CCTTCGATCTGCAGTA,3.335156090708009
44343,0.10343736132419293,15__nan,PertCortex_15_CCTTTCTAGTCGCCGT,3.8218908948097585
44344,0.09886508624224596,15__nan,PertCortex_15_CCTTTCTCACAACTGT,4.617194406294147
44345,0.18832131431281052,15__nan,PertCortex_15_CCTTTCTCAGGTCCAC,4.203519090583983
44346,0.061628495703945706,15__nan,PertCortex_15_CCTTTCTGTTGTGGAG,4.410498585374338
44347,0.08348141094066705,15__nan,PertCortex_15_CGAACATAGTTAACGA,4.519711598944789
44348,0.1890317433796198,15__nan,PertCortex_15_CGAACATCAATGGACG,2.9517057294143183
44349,0.08707885998251884,15__nan,PertCortex_15_CGAACATCACCACGTG,3.4561360944208253
44350,0.17227092909625072,15__nan,PertCortex_15_CGAACATGTATATGGA,5.717493708429592
44351,0.16103135928103238,15__nan,PertCortex_15_CGAACATGTCGCTTCT,4.521162733196834
44352,0.4506377011181776,15__nan,PertCortex_15_CGAATGTAGAGCCCAA,1.6810486883159688
44353,0.2201050173242671,15__nan,PertCortex_15_CGAATGTAGCCAACAG,3.015213911736897
44354,0.2224714923212244,15__nan,PertCortex_15_CGAATGTCAATCGAAA,2.451069205816644
44355,0.18415211755813962,15__nan,PertCortex_15_CGAATGTGTAATTGGA,2.8130497589126673
44356,0.1948470786821217,15__nan,PertCortex_15_CGAATGTTCACTCCTG,3.114241403233402
44357,0.22001969438247435,15__nan,PertCortex_15_CGAATGTTCATCATTC,2.7937916207870974
44358,0.321452317557914,15__nan,PertCortex_15_CGAATGTTCTCGATGA,2.234014774456335
44359,0.20528961147877844,15__nan,PertCortex_15_CGACCTTCAAAGCAAT,2.076609052703067
44360,0.33627553731363224,15__nan,PertCortex_15_CGACCTTGTACGCTGC,2.1386770621877207
44361,0.2335608746210028,15__nan,PertCortex_15_CGACCTTGTATGAATG,3.0471280973328936
44362,0.4721802992924177,15__nan,PertCortex_15_CGACCTTTCACAATGC,2.055069111774272
44363,0.17612198408146215,15__nan,PertCortex_15_CGACTTCAGGCGTACA,5.332866630255684
44364,0.20223212432755858,15__nan,PertCortex_15_CGACTTCAGTGAACAT,2.719442281222543
44365,0.5619031642935942,15__nan,PertCortex_15_CGACTTCGTCCGTTAA,2.3297113586660725
44366,0.5017364821111207,15__nan,PertCortex_15_CGACTTCGTTGTCTTT,1.6606448983169357
44367,0.1883593085078173,15__nan,PertCortex_15_CGACTTCTCCTTGCCA,3.9866172766297625
44368,0.09359255680204473,15__nan,PertCortex_15_CGAGAAGGTGATAAAC,3.5045856703914207
44369,0.19003620121687012,15__nan,PertCortex_15_CGAGAAGGTGTGACCC,3.7299809124977137
44370,0.23690457616563237,15__nan,PertCortex_15_CGAGAAGGTTCACCTC,2.5395671292573723
44371,0.11627829104953677,15__nan,PertCortex_15_CGAGCACAGTACTTGC,4.743439618385046
44372,0.3706286816944531,15__nan,PertCortex_15_CGAGCACCAGGGATTG,2.3764935391912974
44373,0.12190500876528146,15__nan,PertCortex_15_CGAGCACCATCCAACA,3.651271353969687
44374,0.15024729326830913,15__nan,PertCortex_15_CGAGCACGTACTTAGC,3.6449876508228742
44375,0.2403149398271022,15__nan,PertCortex_15_CGAGCACGTATCGCAT,2.7679670326577885
44376,0.10801666786794041,15__nan,PertCortex_15_CGAGCACGTCGCATCG,4.1131471951750065
44377,0.09360758010184436,15__nan,PertCortex_15_CGAGCACTCCGCGCAA,4.473881930899496
44378,0.17203065166879358,15__nan,PertCortex_15_CGAGCACTCTCATTCA,2.4055013651451915
44379,0.10743757707705472,15__nan,PertCortex_15_CGAGCCAAGAGGTAGA,3.765362067448916
44380,0.2317433183488237,15__nan,PertCortex_15_CGAGCCAAGCAATCTC,2.6027155635683115
44381,0.11858162045345125,15__nan,PertCortex_15_CGAGCCAAGCCAGAAC,2.7767876655248616
44382,0.2835769082170535,15__nan,PertCortex_15_CGAGCCACATACAGCT,3.267003945273733
44383,0.5052782834769706,15__nan,PertCortex_15_CGAGCCAGTCATGCCG,2.830831095831237
44384,0.5957169578405629,15__nan,PertCortex_15_CGATCGGCATATGGTC,1.983876613542911
44385,0.20611432785530417,15__nan,PertCortex_15_CGATCGGGTCTCCATC,4.982245643743129
44386,0.22791557575275836,15__nan,PertCortex_15_CGATCGGGTGTGCCTG,2.8070652967920893
44387,0.1867341788660794,15__nan,PertCortex_15_CGATGGCCAACACCTA,4.468483149739259
44388,0.17179229652351607,15__nan,PertCortex_15_CGATGGCGTCGAGTTT,2.304737283485518
44389,0.11832993173011666,15__nan,PertCortex_15_CGATGGCTCCTTTACA,2.9675130483353693
44390,0.34737748340327085,15__nan,PertCortex_15_CGATGTAAGAGCTATA,2.3072209100448355
44391,0.16668317614451145,15__nan,PertCortex_15_CGATGTACAATTCCTT,2.6879074795530835
44392,0.1986425878284361,15__nan,PertCortex_15_CGATGTACAGGTCCAC,4.472293968148974
44393,0.12475799343622057,15__nan,PertCortex_15_CGATGTAGTACATGTC,4.648892198727716
44394,0.1671946637639915,15__nan,PertCortex_15_CGATGTATCAAAGTAG,3.4299907834133228
44395,0.5737419389748911,15__nan,PertCortex_15_CGATTGAAGACAAAGG,1.9954755341028363
44396,0.27331924518067824,15__nan,PertCortex_15_CGATTGAAGGGCTTCC,2.0720810034289263
44397,0.13677443703664263,15__nan,PertCortex_15_CGATTGACACCTTGTC,4.843444175959068
44398,0.3475854159468128,15__nan,PertCortex_15_CGATTGATCGCGATCG,1.9724506951793623
44399,0.5480152180012107,15__nan,PertCortex_15_CGATTGATCGTAGGTT,2.0263548552422024
44400,0.08703746891284915,15__nan,PertCortex_15_CGCCAAGCAAAGCAAT,3.4044980454515636
44401,0.08433667446653209,15__nan,PertCortex_15_CGCCAAGCAGCGATCC,2.9005876356407376
44402,0.5213350321960941,15__nan,PertCortex_15_CGCCAAGCAGCTGTGC,2.034152359407843
44403,0.03533166754844942,15__nan,PertCortex_15_CGCCAAGCATAGAAAC,3.469678974066953
44404,0.11733364437662758,15__nan,PertCortex_15_CGCCAAGGTGCAACTT,3.8920856950280522
44405,0.18079978769450045,15__nan,PertCortex_15_CGCCAAGGTGTCAATC,3.58676206238437
44406,0.2882039651702071,15__nan,PertCortex_15_CGCCAAGTCTCTTATG,2.9096047104090377
44407,0.06955968523268609,15__nan,PertCortex_15_CGCGGTAAGTCGAGTG,1.9276825792323342
44408,0.22634596193049647,15__nan,PertCortex_15_CGCGGTATCTAACCGA,3.342040618763533
44409,0.21069508038167595,15__nan,PertCortex_15_CGCGTTTAGGCTCAGA,3.269180953325344
44410,0.015084216725279017,15__nan,PertCortex_15_CGCGTTTGTTATCGGT,4.333855811971327
44411,0.6560023581812456,15__nan,PertCortex_15_CGCTATCAGACTAGAT,1.7366028187800922
44412,0.18422207974401872,15__nan,PertCortex_15_CGCTATCAGAGCCCAA,3.295419633652298
44413,0.3903201647836909,15__nan,PertCortex_15_CGCTATCAGCCACGCT,3.9007803285729516
44414,0.08095004105322139,15__nan,PertCortex_15_CGCTATCCAACACCCG,2.4319745942839788
44415,0.20642827469122804,15__nan,PertCortex_15_CGCTATCCAGACGCAA,2.425565396391999
44416,0.3627207848217253,15__nan,PertCortex_15_CGCTATCGTGCTCTTC,2.729111299811405
44417,0.08455110827890822,15__nan,PertCortex_15_CGCTGGAAGAAACGCC,3.7061152360025025
44418,0.5752865711711224,15__nan,PertCortex_15_CGCTGGACAATCCAAC,2.5087713254257054
44419,0.047761096964229956,15__nan,PertCortex_15_CGCTGGAGTGCAACGA,3.1889206532732324
44420,0.2549264119238495,15__nan,PertCortex_15_CGCTGGAGTTACGCGC,3.050285194318136
44421,0.10433806879332184,15__nan,PertCortex_15_CGCTGGATCTGGCGAC,4.094731770948472
44422,0.14704319901642868,15__nan,PertCortex_15_CGCTTCAAGCATCATC,2.726079833480511
44423,0.13009303941307804,15__nan,PertCortex_15_CGCTTCAAGTGGCACA,4.689612052183904
44424,0.03878580889283647,15__nan,PertCortex_15_CGCTTCATCCCAAGAT,1.363263049107688
44425,0.0624681999812574,15__nan,PertCortex_15_CGGACACAGCAAATCA,3.9263364840141217
44426,0.23977179936247117,15__nan,PertCortex_15_CGGACACAGCGCCTCA,2.9195810844626435
44427,0.08597355444565971,15__nan,PertCortex_15_CGGACACGTGGCAAAC,3.2781412918855737
44428,0.14314062183533788,15__nan,PertCortex_15_CGGACACTCAGAGGTG,3.5165080598483933
44429,0.18225992455754397,15__nan,PertCortex_15_CGGACGTAGATGTCGG,2.5084556586795825
44430,0.43148884312607544,15__nan,PertCortex_15_CGGACGTAGTCCATAC,1.8939938798846465
44431,0.4513050499007084,15__nan,PertCortex_15_CGGACGTAGTCGCCGT,2.4477015629437817
44432,0.04426665385095189,15__nan,PertCortex_15_CGGACGTCAAGCGTAG,3.9708837213555
44433,0.23704033135007288,15__nan,PertCortex_15_CGGACGTCACGAAAGC,2.3460064508094525
44434,0.24370872909055233,15__nan,PertCortex_15_CGGACGTGTCTAAAGA,2.9044473643003608
44435,0.15154992506878737,15__nan,PertCortex_15_CGGACGTTCAGCATGT,3.8578758243017783
44436,0.12250686577939747,15__nan,PertCortex_15_CGGACTGCAGATGGGT,4.002561688290752
44437,0.15034853239984144,15__nan,PertCortex_15_CGGACTGGTCCGTGAC,3.1018398868663852
44438,0.159585909499894,15__nan,PertCortex_15_CGGACTGGTCGAGATG,2.964480203258892
44439,0.08948070289952377,15__nan,PertCortex_15_CGGACTGTCAGAGGTG,3.4869294236297783
44440,0.033438361942368246,15__nan,PertCortex_15_CGGACTGTCGAGAACG,4.033069912164392
44441,0.09497748112947324,15__nan,PertCortex_15_CGGAGCTAGAATAGGG,3.7638416704491373
44442,0.21519608629613335,15__nan,PertCortex_15_CGGAGCTAGTGTTGAA,3.7096673564656504
44443,0.10098850761755815,15__nan,PertCortex_15_CGGAGCTCAACTGCGC,4.384742133528347
44444,0.19366631249295935,15__nan,PertCortex_15_CGGAGCTGTAGCAAAT,2.484532770135942
44445,0.19094212539671723,15__nan,PertCortex_15_CGGAGCTGTGCCTGCA,2.062854604535057
44446,0.24612007520805546,15__nan,PertCortex_15_CGGAGCTTCGCGTAGC,2.9938773295098535
44447,0.02326171087506036,15__nan,PertCortex_15_CGGAGCTTCTGTCCGT,4.046892182947708
44448,0.1194746392381161,15__nan,PertCortex_15_CGGAGTCAGCAGACTG,3.572574163365871
44449,0.45675012149841354,15__nan,PertCortex_15_CGGAGTCAGGGCTTCC,1.9116386391450615
44450,0.08977019371796482,15__nan,PertCortex_15_CGGAGTCAGTAGATGT,3.124233202248687
44451,0.18855746555569122,15__nan,PertCortex_15_CGGAGTCCACGAAAGC,4.490596857982698
44452,0.06195112348762995,15__nan,PertCortex_15_CGGAGTCCAGCTATTG,2.60756518568099
44453,0.1782868306249968,15__nan,PertCortex_15_CGGGTCAAGAATGTTG,3.396207035787282
44454,0.10426747697039704,15__nan,PertCortex_15_CGGGTCAAGATGTCGG,3.485492376995526
44455,0.16454992435614496,15__nan,PertCortex_15_CGGGTCAAGTACATGA,2.940928015635259
44456,0.06293723850835456,15__nan,PertCortex_15_CGGGTCAAGTCATCCA,3.799613227894518
44457,0.11868637535286528,15__nan,PertCortex_15_CGGGTCAAGTGGCACA,4.591179234533136
44458,0.18108553447653358,15__nan,PertCortex_15_CGGGTCAAGTGGTAAT,3.4493474072905834
44459,0.06409578484659592,15__nan,PertCortex_15_CGGGTCACATCCGGGT,4.1504668239344245
44460,0.3077061727727889,15__nan,PertCortex_15_CGGGTCAGTCAACTGT,1.9204802938752759
44461,0.11097909126608677,15__nan,PertCortex_15_CGGGTCAGTCCGACGT,4.564995521314942
44462,0.020344283275163248,15__nan,PertCortex_15_CGGGTCATCTCGGACG,3.861163116305814
44463,0.5734830414342074,15__nan,PertCortex_15_CGGTTAAAGCGAGAAA,2.5237931541532954
44464,0.19748905796979666,15__nan,PertCortex_15_CGGTTAAAGCGGATCA,2.5525290154783433
44465,0.27024854296177286,15__nan,PertCortex_15_CGGTTAACATCTGGTA,3.174161430889586
44466,0.0040432906843231396,15__nan,PertCortex_15_CGGTTAAGTAGGGTAC,3.9917021034013414
44467,0.3690581993454391,15__nan,PertCortex_15_CGGTTAAGTTCAACCA,2.57869056592495
44468,0.14719230083503604,15__nan,PertCortex_15_CGTAGCGAGCTCTCGG,3.6927505689153497
44469,0.2870713537249079,15__nan,PertCortex_15_CGTAGCGGTACCGAGA,2.732680401904723
44470,0.10338726154715704,15__nan,PertCortex_15_CGTAGCGTCCAACCAA,2.1140926937155102
44471,0.07623655473191475,15__nan,PertCortex_15_CGTAGGCAGATCCCAT,4.016350354294954
44472,0.10118716625584073,15__nan,PertCortex_15_CGTAGGCGTTAAGATG,3.132510515342042
44473,0.2899020852875693,15__nan,PertCortex_15_CGTAGGCGTTGAACTC,2.0822818904209917
44474,0.13774261482264466,15__nan,PertCortex_15_CGTAGGCTCAGCGACC,5.186016797604367
44475,0.0670483827732194,15__nan,PertCortex_15_CGTAGGCTCGCGCCAA,3.784418056916326
44476,0.12790943740537034,15__nan,PertCortex_15_CGTAGGCTCTTCGAGA,2.1462812412018595
44477,0.27724859938133506,15__nan,PertCortex_15_CGTAGGCTCTTGAGAC,2.843517526482029
44478,0.13138147335100073,15__nan,PertCortex_15_CGTCACTAGACACGAC,2.7942855685539625
44479,0.2986956421845377,15__nan,PertCortex_15_CGTCACTCATGGATGG,1.8597572282352586
44480,0.3178687869045836,15__nan,PertCortex_15_CGTCACTCATGTCGAT,1.5656682446634098
44481,0.5743486755194924,15__nan,PertCortex_15_CGTCACTGTTACTGAC,2.307341117341768
44482,0.2208510674295618,15__nan,PertCortex_15_CGTCACTTCAGGCAAG,2.4505512821548447
44483,0.2961422863969194,15__nan,PertCortex_15_CGTCACTTCAGTTAGC,1.7818501778036526
44484,0.1368388984336001,15__nan,PertCortex_15_CGTCACTTCATCTGTT,2.5497634882453974
44485,0.1578528229159741,15__nan,PertCortex_15_CGTCACTTCGTTACGA,3.5813067375151624
44486,0.13622416406948404,15__nan,PertCortex_15_CGTCAGGAGAACAACT,5.194239337835724
44487,0.14123996179597664,15__nan,PertCortex_15_CGTCAGGAGAGTACAT,3.3409942301166824
44488,0.2216125506551824,15__nan,PertCortex_15_CGTCAGGAGCGATCCC,2.097915850370961
44489,0.10626937513216578,15__nan,PertCortex_15_CGTCAGGAGTAGCGGT,4.098049123285298
44490,0.43304146322329273,15__nan,PertCortex_15_CGTCAGGCACGGTAAG,1.8641312232057998
44491,0.4885271738225971,15__nan,PertCortex_15_CGTCAGGCATGATCCA,2.3836311896578946
44492,0.4582221005262577,15__nan,PertCortex_15_CGTCAGGCATGCCCGA,1.6304952973810465
44493,0.11049917879695813,15__nan,PertCortex_15_CGTCAGGTCCGCAAGC,4.207579669470212
44494,0.4294396916504036,15__nan,PertCortex_15_CGTCCATAGGCAGGTT,2.2707215666886094
44495,0.20292332053457338,15__nan,PertCortex_15_CGTCCATGTGGCCCTA,2.368040910472126
44496,0.1591707439640838,15__nan,PertCortex_15_CGTCCATTCAACACCA,3.090430457937342
44497,0.08510217623739597,15__nan,PertCortex_15_CGTCCATTCAACGAAA,4.723847248186389
44498,0.17075912185747194,15__nan,PertCortex_15_CGTCTACAGAATCTCC,3.2718905112494157
44499,0.11651689507690208,15__nan,PertCortex_15_CGTCTACCAATAGAGT,3.8018655695233834
44500,0.11111944411100962,15__nan,PertCortex_15_CGTCTACCACCTATCC,4.182091999027704
44501,0.2965878636498319,15__nan,PertCortex_15_CGTCTACCATAGACTC,2.845266831251018
44502,0.2130641867127232,15__nan,PertCortex_15_CGTCTACGTAAACACA,3.4694524712887325
44503,0.14522542025679117,15__nan,PertCortex_15_CGTCTACGTCATGCAT,3.6915595518597772
44504,0.07045326904108049,15__nan,PertCortex_15_CGTCTACGTCCCGACA,4.619346922979751
44505,0.15231969053397157,15__nan,PertCortex_15_CGTCTACGTCCGCTGA,3.2808893461258486
44506,0.2670359629223939,15__nan,PertCortex_15_CGTGAGCAGCCAGTTT,2.7947433597768114
44507,0.09731869332489691,15__nan,PertCortex_15_CGTGAGCAGGACTGGT,4.009805803317673
44508,0.09820879125056785,15__nan,PertCortex_15_CGTGAGCCAGCTTAAC,2.743294501525441
44509,0.19461811261776435,15__nan,PertCortex_15_CGTGAGCTCTTTAGGG,3.0192184664723647
44510,0.17239074042999816,15__nan,PertCortex_15_CGTGTAACAAGAGTCG,2.9333718387974703
44511,0.3852914741519265,15__nan,PertCortex_15_CGTGTAACATGCCTTC,2.562433746115836
44512,0.5703022761324065,15__nan,PertCortex_15_CGTGTAAGTTGTCTTT,1.9774627147868136
44513,0.11532040363209982,15__nan,PertCortex_15_CGTGTAATCCGCGGTA,4.254147338832838
44514,0.07121923738431493,15__nan,PertCortex_15_CGTGTCTAGCTTATCG,3.5593632803144533
44515,0.545419856851333,15__nan,PertCortex_15_CGTGTCTCACTTGGAT,2.271021417367103
44516,0.11996421487426547,15__nan,PertCortex_15_CGTGTCTTCATATCGG,4.7250547982276165
44517,0.013767759448659364,15__nan,PertCortex_15_CGTTAGAAGTGGAGAA,4.053903926336689
44518,0.4053850075390558,15__nan,PertCortex_15_CGTTAGACAAAGCGGT,2.1862208657226385
44519,0.2346253771917196,15__nan,PertCortex_15_CGTTAGAGTCATGCCG,2.312287783596016
44520,0.21766163412858824,15__nan,PertCortex_15_CGTTAGAGTCGGCACT,3.1772977281457644
44521,0.22977600000007462,15__nan,PertCortex_15_CGTTAGAGTTGTACAC,2.983521768592631
44522,0.05977872317457273,15__nan,PertCortex_15_CGTTCTGAGCTGGAAC,3.1937040983031895
44523,0.6199917849735519,15__nan,PertCortex_15_CGTTCTGAGTTATCGC,1.9319239344334824
44524,0.3646703639192071,15__nan,PertCortex_15_CGTTCTGCAGGGAGAG,2.1704166935124993
44525,0.16212515905951558,15__nan,PertCortex_15_CGTTCTGCAGTCTTCC,3.01472363199288
44526,0.09426515035063676,15__nan,PertCortex_15_CGTTCTGCATCTACGA,3.903241411979561
44527,0.14539037726377568,15__nan,PertCortex_15_CGTTCTGCATGGTAGG,3.12596674597759
44528,0.11294321171181332,15__nan,PertCortex_15_CGTTCTGGTACCGTAT,3.973676717785532
44529,0.6198696817815946,15__nan,PertCortex_15_CGTTCTGGTTTGCATG,1.7117403224899563
44530,0.2841978645708236,15__nan,PertCortex_15_CGTTCTGTCAACCAAC,3.0802623405930163
44531,0.29151708855951586,15__nan,PertCortex_15_CGTTCTGTCCGATATG,1.660422346865112
44532,0.3172285869167771,15__nan,PertCortex_15_CGTTGGGAGGTCATCT,3.690353417053399
44533,0.26747282411325163,15__nan,PertCortex_15_CGTTGGGAGTCACGCC,2.4466525336247034
44534,0.03310006625020613,15__nan,PertCortex_15_CGTTGGGCAAAGAATC,4.349888213489185
44535,0.22848848188816165,15__nan,PertCortex_15_CGTTGGGCACATTTCT,2.866795226046005
44536,0.10255577012861312,15__nan,PertCortex_15_CGTTGGGGTAATCGTC,3.5722146628985474
44537,0.20497286968000236,15__nan,PertCortex_15_CGTTGGGTCTGCTGCT,4.763904104028863
44538,0.009941933550609999,15__nan,PertCortex_15_CTAACTTAGTAACCCT,4.142767384928697
44539,0.3303507270997616,15__nan,PertCortex_15_CTAACTTAGTCGTACT,2.106755302091184
44540,0.09854387469486274,15__nan,PertCortex_15_CTAACTTCACCCTATC,3.93531999357318
44541,0.14699805556679735,15__nan,PertCortex_15_CTAACTTCAGTCGTGC,4.632423291136682
44542,0.033142575335880296,15__nan,PertCortex_15_CTAACTTCATCACAAC,4.313594516861078
44543,0.34157893261933625,15__nan,PertCortex_15_CTAACTTGTAGAAAGG,2.345866726205804
44544,0.21494671293323872,15__nan,PertCortex_15_CTAACTTTCCCTGACT,2.369250933377113
44545,0.21130503944766008,15__nan,PertCortex_15_CTAACTTTCTATGTGG,4.332531464867451
44546,0.08372759929898475,15__nan,PertCortex_15_CTAACTTTCTCTGCTG,5.440338154685354
44547,0.4284075519972332,15__nan,PertCortex_15_CTAAGACCAAGCCCAC,1.4712783301302557
44548,0.3416550891634546,15__nan,PertCortex_15_CTAAGACCATCGTCGG,2.793905585045645
44549,0.23727829114578347,15__nan,PertCortex_15_CTAAGACCATGCCTAA,3.18141139607152
44550,0.423566380196309,15__nan,PertCortex_15_CTAAGACCATTGCGGC,2.0192794859174223
44551,0.3672823565726427,15__nan,PertCortex_15_CTAAGACGTAGCGATG,3.1768564568188573
44552,0.06460220049108471,15__nan,PertCortex_15_CTAAGACGTGAAGGCT,5.017157663196041
44553,0.13233282862334506,15__nan,PertCortex_15_CTAAGACGTGGACGAT,3.867762638616904
44554,0.166518835534281,15__nan,PertCortex_15_CTAAGACTCACTGGGC,4.562577719786546
44555,0.1433509677305092,15__nan,PertCortex_15_CTAAGACTCTCAAACG,2.5386977569145053
44556,0.15936881746236609,15__nan,PertCortex_15_CTAAGACTCTCGAGTA,3.513405592041319
44557,0.12106800523900862,15__nan,PertCortex_15_CTAATGGCACCAGATT,3.6137308019827734
44558,0.1838809006775879,15__nan,PertCortex_15_CTAATGGCAGACAGGT,4.21556347666932
44559,0.09367632401020148,15__nan,PertCortex_15_CTAATGGCATTGGTAC,3.1269518723655976
44560,0.37390723710371393,15__nan,PertCortex_15_CTAATGGGTGTTAAGA,2.7596937709822456
44561,0.09879254959039259,15__nan,PertCortex_15_CTAATGGGTTAAGGGC,4.341629703820478
44562,0.4815748710605835,15__nan,PertCortex_15_CTACACCAGGCCCTCA,2.132578888275689
44563,0.193054974475896,15__nan,PertCortex_15_CTACACCAGTATGACA,2.6226990649965884
44564,0.668459478661676,15__nan,PertCortex_15_CTACACCCAGGGCATA,1.6851906084944255
44565,0.07169922467795346,15__nan,PertCortex_15_CTACACCCAGTGGGAT,3.581016438789099
44566,0.1331413146317457,15__nan,PertCortex_15_CTACACCCATTGCGGC,2.418400672603749
44567,0.14801530470755192,15__nan,PertCortex_15_CTACATTAGAGCAATT,3.1543973464017956
44568,0.2870119790535823,15__nan,PertCortex_15_CTACATTAGCAGCGTA,2.9600355211623945
44569,0.258797002744604,15__nan,PertCortex_15_CTACATTGTATATGGA,3.2115364155290935
44570,0.049278133854029856,15__nan,PertCortex_15_CTACATTGTTGAGGTG,3.853441129113347
44571,0.5823476318322474,15__nan,PertCortex_15_CTACCCAGTCGAACAG,2.7588149740583843
44572,0.12191728594940791,15__nan,PertCortex_15_CTACCCAGTTGCTCCT,4.602330877297554
44573,0.3763379363818349,15__nan,PertCortex_15_CTACCCATCTATCCTA,2.8582286946674986
44574,0.41202697915457304,15__nan,PertCortex_15_CTACCCATCTGAAAGA,2.54940510699801
44575,0.17145254628053577,15__nan,PertCortex_15_CTACCCATCTTGAGAC,4.361668043496041
44576,0.2894565075816279,15__nan,PertCortex_15_CTACGTCCAAGTAATG,3.168882989104404
44577,0.095332406683762,15__nan,PertCortex_15_CTACGTCCAGGATTGG,4.602446681211526
44578,0.13105195098674027,15__nan,PertCortex_15_CTACGTCGTGACGCCT,2.7799331195798502
44579,0.0843607421599552,15__nan,PertCortex_15_CTAGAGTAGGCACATG,4.428860478022692
44580,0.3239890659657364,15__nan,PertCortex_15_CTAGAGTGTATATGAG,3.3166104350006935
44581,0.2292825599000954,15__nan,PertCortex_15_CTAGAGTGTCAAGCGA,4.343478733803448
44582,0.20510065896069732,15__nan,PertCortex_15_CTAGAGTTCAAAGTAG,3.172291532674022
44583,0.0821803393109876,15__nan,PertCortex_15_CTAGCCTAGACAGACC,4.031390978166137
44584,0.01556098771538226,15__nan,PertCortex_15_CTAGCCTCAGCTGTGC,4.440957934258617
44585,0.19750085142134066,15__nan,PertCortex_15_CTAGCCTCATGTTGAC,2.8526094255809213
44586,0.2768706626343995,15__nan,PertCortex_15_CTAGCCTGTAGCCTAT,2.188960419944303
44587,0.5325044280237566,15__nan,PertCortex_15_CTAGCCTTCTACCTGC,1.790833754338169
44588,0.5576658223397027,15__nan,PertCortex_15_CTAGCCTTCTCGGACG,1.770183380154226
44589,0.4142704437810567,15__nan,PertCortex_15_CTAGCCTTCTTTCCTC,1.9038510602745582
44590,0.21396885158583642,15__nan,PertCortex_15_CTAGTGAAGATGCCTT,3.4740092416153145
44591,0.09716411807752466,15__nan,PertCortex_15_CTAGTGAAGTGAAGTT,4.353952219401318
44592,0.18788431203720532,15__nan,PertCortex_15_CTAGTGACAACTGCGC,3.404350281762161
44593,0.26881371998357756,15__nan,PertCortex_15_CTAGTGACATGTAGTC,3.024076551264986
44594,0.09983214059701863,15__nan,PertCortex_15_CTAGTGAGTAAGAGGA,4.120238593784318
44595,0.2909490696716024,15__nan,PertCortex_15_CTAGTGATCACTGGGC,2.4563327585269485
44596,0.15031545511613154,15__nan,PertCortex_15_CTAGTGATCCGCGTTT,4.01885593673378
44597,0.4108099454524605,15__nan,PertCortex_15_CTAGTGATCGAATCCA,2.174816967184946
44598,0.1066496467589383,15__nan,PertCortex_15_CTAGTGATCTGTTGAG,4.07496910891214
44599,0.05233654444165812,15__nan,PertCortex_15_CTCACACCATTGTGCA,3.885058235703418
44600,0.16229524230288508,15__nan,PertCortex_15_CTCACACGTGACTCAT,3.3212978245790428
44601,0.33537759872511713,15__nan,PertCortex_15_CTCACACGTTCCGGCA,2.618781989978985
44602,0.05909198672053553,15__nan,PertCortex_15_CTCACACTCACCGTAA,2.3960929627159184
44603,0.2831694753544554,15__nan,PertCortex_15_CTCAGAAAGACGCTTT,2.6546731818447933
44604,0.40599171993006555,15__nan,PertCortex_15_CTCAGAAAGCCCGAAA,1.7320774615440664
44605,0.13883813129613046,15__nan,PertCortex_15_CTCAGAAAGTTAAGTG,4.153801058429834
44606,0.046604713471728815,15__nan,PertCortex_15_CTCAGAACAGTACACT,3.5992446158388436
44607,0.12875183634125262,15__nan,PertCortex_15_CTCAGAAGTCTCTTTA,2.3600830882449837
44608,0.13107602446899333,15__nan,PertCortex_15_CTCAGAAGTGTAAGTA,2.2772436896296466
44609,0.10876339729788442,15__nan,PertCortex_15_CTCAGAATCTTACCGC,4.195406366220264
44610,0.0688069281900859,15__nan,PertCortex_15_CTCATTACACGCGAAA,3.7274294750393118
44611,0.06132074981704713,15__nan,PertCortex_15_CTCATTACACTTAACG,3.5517585268229914
44612,0.530548210756464,15__nan,PertCortex_15_CTCATTACATAGGATA,3.279636145618448
44613,0.18900758271245513,15__nan,PertCortex_15_CTCATTACATCCGTGG,3.8461030533145877
44614,0.15478398145828684,15__nan,PertCortex_15_CTCATTAGTTATGCGT,3.8526696655793633
44615,0.1475048110123451,15__nan,PertCortex_15_CTCATTAGTTTAGGAA,3.879150781901274
44616,0.08074916907999703,15__nan,PertCortex_15_CTCCTAGAGAGCTGGT,3.998197238589849
44617,0.12659545011041895,15__nan,PertCortex_15_CTCCTAGCAAGGCTCC,3.6833336347824828
44618,0.21985369745189073,15__nan,PertCortex_15_CTCCTAGCAATGAAAC,3.4459663124425752
44619,0.08583876592148511,15__nan,PertCortex_15_CTCGAAACAATGAAAC,3.807892050807006
44620,0.17411386291751443,15__nan,PertCortex_15_CTCGAAATCATGTGGT,4.06058391712257
44621,0.3673371177919692,15__nan,PertCortex_15_CTCGAAATCGTCCAGG,2.7276517704559065
44622,0.14331795257163993,15__nan,PertCortex_15_CTCGAGGAGAGACTAT,2.4187467694503844
44623,0.09093705430523381,15__nan,PertCortex_15_CTCGAGGCACGTAAGG,5.116307606366884
44624,0.30596211936135803,15__nan,PertCortex_15_CTCGAGGCATTCACTT,2.804422759648146
44625,0.26166614101204677,15__nan,PertCortex_15_CTCGAGGGTACGACCC,3.5554500279120664
44626,0.21112032613454212,15__nan,PertCortex_15_CTCGAGGGTCCGTTAA,3.035384041631026
44627,0.23475491230848605,15__nan,PertCortex_15_CTCGAGGTCAAACCGT,2.5260159607084978
44628,0.3835407999994765,15__nan,PertCortex_15_CTCGAGGTCACAGTAC,3.783954234477124
44629,0.5032475948700181,15__nan,PertCortex_15_CTCGGAGGTGAACCTT,2.1685188420201915
44630,0.2904504309234112,15__nan,PertCortex_15_CTCGGGAAGCACGCCT,2.311869458622763
44631,0.14798678133527102,15__nan,PertCortex_15_CTCGGGAAGTGAAGTT,4.303781312900817
44632,0.1369850457413796,15__nan,PertCortex_15_CTCGGGACAAGTTGTC,2.28860743791876
44633,0.2281234817676871,15__nan,PertCortex_15_CTCGGGACAGGGAGAG,2.698630095619545
44634,0.1766428441941744,15__nan,PertCortex_15_CTCGGGAGTCGTCTTC,3.9771453383881443
44635,0.5553749388600274,15__nan,PertCortex_15_CTCGGGATCAACGAAA,2.0727083277415255
44636,0.38438421338523004,15__nan,PertCortex_15_CTCGGGATCGTCACGG,1.8250810603049035
44637,0.3731738911780812,15__nan,PertCortex_15_CTCGTACAGTGAACAT,1.9815708762754016
44638,0.3826081149405187,15__nan,PertCortex_15_CTCGTACGTCAGATAA,2.2077520131820303
44639,0.08224423817913992,15__nan,PertCortex_15_CTCGTACGTCTAGCCG,3.4716364262221933
44640,0.21467715363818252,15__nan,PertCortex_15_CTCGTCAAGCCTATGT,3.346452363861418
44641,0.6387827847808257,15__nan,PertCortex_15_CTCGTCACATCTGGTA,1.9478776629286205
44642,0.18063262355747006,15__nan,PertCortex_15_CTCGTCAGTCAAAGCG,2.9026949313418338
44643,0.11814340190273996,15__nan,PertCortex_15_CTCGTCAGTCTTGATG,3.1312190759467065
44644,0.5870951356182124,15__nan,PertCortex_15_CTCGTCAGTTCCACAA,1.9396956140818784
44645,0.5683366735194619,15__nan,PertCortex_15_CTCGTCATCGAACGGA,1.6736506681437753
44646,0.0950103869756488,15__nan,PertCortex_15_CTCTAATAGACAATAC,5.281178187281966
44647,0.22190116924528697,15__nan,PertCortex_15_CTCTAATGTATGCTTG,3.661935709557536
44648,0.19421139577746566,15__nan,PertCortex_15_CTCTAATGTCCGTGAC,3.7283230911094547
44649,0.15927860638472896,15__nan,PertCortex_15_CTCTAATTCATTGCGA,1.8948595711986387
44650,0.2494351881916401,15__nan,PertCortex_15_CTCTACGAGCTGAACG,2.501277981761776
44651,0.08246576781612695,15__nan,PertCortex_15_CTCTACGAGGCATGGT,4.431004835407789
44652,0.08927849412095189,15__nan,PertCortex_15_CTCTACGAGTAACCCT,3.067520416906402
44653,0.24953199422207303,15__nan,PertCortex_15_CTCTACGAGTGTCCAT,4.632502473317925
44654,0.2109814938326417,15__nan,PertCortex_15_CTCTACGCATCCAACA,2.7477209698819753
44655,0.20134838991913365,15__nan,PertCortex_15_CTCTACGCATGAGCGA,2.958382477214848
44656,0.4467406515955459,15__nan,PertCortex_15_CTCTACGGTCGAATCT,3.580991982125746
44657,0.055846358080748566,15__nan,PertCortex_15_CTCTGGTAGAGGACGG,3.6888820561425684
44658,0.11107845735823443,15__nan,PertCortex_15_CTCTGGTAGGTGCAAC,3.6898587585533154
44659,0.1776343446397391,15__nan,PertCortex_15_CTCTGGTAGTTGAGTA,3.6522154073011777
44660,0.20514221711448907,15__nan,PertCortex_15_CTCTGGTCAAGCCGTC,4.40003611774963
44661,0.16960260551067985,15__nan,PertCortex_15_CTCTGGTCAGCGAACA,3.36413816018269
44662,0.22124551492575437,15__nan,PertCortex_15_CTCTGGTGTAGCGCTC,3.560225460483185
44663,0.28547415814880417,15__nan,PertCortex_15_CTCTGGTGTTCACGGC,2.7378838975313897
44664,0.10997876133466271,15__nan,PertCortex_15_CTCTGGTGTTGCTCCT,4.207637535884858
44665,0.09015605735960519,15__nan,PertCortex_15_CTGAAACAGAACTGTA,4.205744518599131
44666,0.06252930008593409,15__nan,PertCortex_15_CTGAAACCAGTGAGTG,5.343499387130299
44667,0.2750372575366355,15__nan,PertCortex_15_CTGAAACGTGTGAAAT,3.181483019413493
44668,0.21700958312737748,15__nan,PertCortex_15_CTGAAACTCCGCGGTA,2.5093655963146375
44669,0.08905387156094985,15__nan,PertCortex_15_CTGAAACTCTTACCGC,5.075846209853886
44670,0.6115982322296586,15__nan,PertCortex_15_CTGAAGTAGAACTGTA,1.973048284546398
44671,0.04378879405817602,15__nan,PertCortex_15_CTGAAGTAGCCATCGC,3.610327678992383
44672,0.12835207789971648,15__nan,PertCortex_15_CTGAAGTAGCGATAGC,3.9838053627117187
44673,0.15780663283840063,15__nan,PertCortex_15_CTGAAGTAGTAGCGGT,3.9703594363051735
44674,0.5540967267802839,15__nan,PertCortex_15_CTGAAGTGTCTAACGT,1.0043995295532298
44675,0.14451019309698915,15__nan,PertCortex_15_CTGAAGTGTCTAGAGG,4.475620933072569
44676,0.12121898229088052,15__nan,PertCortex_15_CTGATCCCATTGGTAC,4.290406855015531
44677,0.5529096904335172,15__nan,PertCortex_15_CTGATCCGTCTAGCGC,2.250938579447601
44678,0.16253109549692074,15__nan,PertCortex_15_CTGATCCTCGTTACAG,1.9852394515181147
44679,0.07136925167358796,15__nan,PertCortex_15_CTGCCTACAACGATCT,4.147374096186417
44680,0.2806232974858373,15__nan,PertCortex_15_CTGCCTAGTACATCCA,2.99725535102038
44681,0.19233057683575225,15__nan,PertCortex_15_CTGCGGATCCAAAGTC,4.232452913113056
44682,0.27604011475456874,15__nan,PertCortex_15_CTGCTGTAGAAGGGTA,3.090650992514485
44683,0.14555738129439041,15__nan,PertCortex_15_CTGCTGTAGAGCTGCA,3.182517964606086
44684,0.3460568659858508,15__nan,PertCortex_15_CTGCTGTAGTAGCCGA,2.9004529471142297
44685,0.511773322983806,15__nan,PertCortex_15_CTGCTGTAGTGTACGG,2.442963048892794
44686,0.36216433547163573,15__nan,PertCortex_15_CTGCTGTCAATCGGTT,2.9559215915101187
44687,0.10842252036766553,15__nan,PertCortex_15_CTGCTGTCACCTATCC,4.406448124900455
44688,0.2819541559400342,15__nan,PertCortex_15_CTGCTGTCACTCGACG,2.2119470623029187
44689,0.34164002768015156,15__nan,PertCortex_15_CTGCTGTTCTTGTACT,2.846190126225887
44690,0.21115521241221863,15__nan,PertCortex_15_CTGGTCTAGGACGAAA,3.5202407749229545
44691,0.5606835929345723,15__nan,PertCortex_15_CTGGTCTAGGGCATGT,2.2396914729779933
44692,0.1263089210628374,15__nan,PertCortex_15_CTGGTCTGTATATGGA,3.3112745292540278
44693,0.49750094124626204,15__nan,PertCortex_15_CTGTGCTAGGACTGGT,1.7717654929081037
44694,0.18614599836423762,15__nan,PertCortex_15_CTGTGCTAGTGGTCCC,3.5922347752833774
44695,0.16947721545852942,15__nan,PertCortex_15_CTGTGCTTCAGCATGT,3.628106559003655
44696,0.1446993819632672,15__nan,PertCortex_15_CTGTGCTTCATTGCGA,3.061646675295762
44697,0.17752335658539145,15__nan,PertCortex_15_CTGTGCTTCTGTTTGT,2.9401626759766195
44698,0.33344521722726056,15__nan,PertCortex_15_CTGTTTAAGTGGTAGC,3.2060639009058733
44699,0.12232872424667558,15__nan,PertCortex_15_CTGTTTAAGTTATCGC,4.05697008916255
44700,0.1260635131418512,15__nan,PertCortex_15_CTGTTTACAAGGACAC,3.023786367392422
44701,0.23583007468152659,15__nan,PertCortex_15_CTGTTTACATCATCCC,2.7024865363100234
44702,0.15739749063040523,15__nan,PertCortex_15_CTGTTTAGTGTAACGG,2.866665610793136
44703,0.4598996542739536,15__nan,PertCortex_15_CTGTTTAGTTTGGGCC,2.3330172921381123
44704,0.15588162868755037,15__nan,PertCortex_15_CTTAACTAGCGCCTCA,3.375983900018502
44705,0.07524198074625248,15__nan,PertCortex_15_CTTAACTAGTTATCGC,3.0686922744287304
44706,0.10935139401476267,15__nan,PertCortex_15_CTTAACTCAGTTTACG,3.6516083032007254
44707,0.14918238623278987,15__nan,PertCortex_15_CTTAACTGTCACAAGG,4.2421492351037635
44708,0.10194957044125924,15__nan,PertCortex_15_CTTAACTGTGTGGTTT,4.842507124700887
44709,0.05332667936748358,15__nan,PertCortex_15_CTTAACTTCAAGAAGT,5.4010800112166715
44710,0.5318095578347359,15__nan,PertCortex_15_CTTAACTTCTATGTGG,1.6756696511176719
44711,0.12395646637939237,15__nan,PertCortex_15_CTTAACTTCTTGTACT,3.8246609104290417
44712,0.3812042673662485,15__nan,PertCortex_15_CTTACCGAGACGACGT,1.910236352990621
44713,0.10017064099154106,15__nan,PertCortex_15_CTTACCGAGGATGGAA,3.9712835867230734
44714,0.08499834115166592,15__nan,PertCortex_15_CTTACCGCACAGGTTT,3.9500308205246917
44715,0.12585678587612667,15__nan,PertCortex_15_CTTAGGAAGGCGTACA,3.3161913297555485
44716,0.21145100058645616,15__nan,PertCortex_15_CTTAGGAGTAAGTGTA,4.538886803589415
44717,0.2549641025313769,15__nan,PertCortex_15_CTTAGGAGTCTAGGTT,3.089612205240457
44718,0.4437083309710484,15__nan,PertCortex_15_CTTAGGAGTTCACGGC,2.644377473651862
44719,0.04719804829499977,15__nan,PertCortex_15_CTTAGGATCCACGAAT,3.8087712433457264
44720,0.2068490276045306,15__nan,PertCortex_15_CTTCTCTAGAATTCCC,1.5701269056050728
44721,0.5236928757510068,15__nan,PertCortex_15_CTTCTCTCACTCAGGC,2.649750186701516
44722,0.5806458990140135,15__nan,PertCortex_15_CTTCTCTCAGACGCCT,1.774377102826948
44723,0.556165541655547,15__nan,PertCortex_15_CTTCTCTGTGTAAGTA,2.1393469099413975
44724,0.19749412376945333,15__nan,PertCortex_15_CTTCTCTTCCGCATAA,2.949061332748531
44725,0.20134642217683849,15__nan,PertCortex_15_CTTGGCTAGAAAGTGG,2.5671932387218077
44726,0.02990819763169308,15__nan,PertCortex_15_CTTGGCTAGAATGTGT,3.610112632594036
44727,0.25211190471379497,15__nan,PertCortex_15_CTTGGCTAGACTGTAA,2.779873989988252
44728,0.21396510184048723,15__nan,PertCortex_15_CTTGGCTAGATCCCGC,2.332340994217658
44729,0.14752656968888556,15__nan,PertCortex_15_CTTGGCTAGTCCGTAT,1.908075120146529
44730,0.13689112980209284,15__nan,PertCortex_15_CTTGGCTAGTTGAGAT,3.436935736166457
44731,0.24942666777301847,15__nan,PertCortex_15_CTTGGCTCACATCCAA,3.0869622701908357
44732,0.1827720483847991,15__nan,PertCortex_15_CTTGGCTCACTGTGTA,2.6106578831008442
44733,0.5589511306909101,15__nan,PertCortex_15_CTTGGCTCAGCCAATT,1.8567532947017094
44734,0.4966333090782833,15__nan,PertCortex_15_CTTGGCTCATCATCCC,1.696067541627981
44735,0.144905998305182,15__nan,PertCortex_15_CTTGGCTGTTGCTCCT,4.292680045806638
44736,0.15621330641276596,15__nan,PertCortex_15_CTTTGCGCAGCCTTTC,3.76820498531615
44737,0.03537054181732733,15__nan,PertCortex_15_CTTTGCGCATTCCTGC,4.048471992535634
44738,0.5017487555566279,15__nan,PertCortex_15_CTTTGCGGTACACCGC,2.7456660317499617
44739,0.19922129593835813,15__nan,PertCortex_15_CTTTGCGGTGTCAATC,2.493325303373941
44740,0.17200981909290025,15__nan,PertCortex_15_CTTTGCGTCACCACCT,4.716138888494293
44741,0.5044871384085086,15__nan,PertCortex_15_GAAACTCAGAATTGTG,2.0885605026474834
44742,0.06420111124182813,15__nan,PertCortex_15_GAAACTCAGCGTAATA,4.042979130461875
44743,0.13022571051536228,15__nan,PertCortex_15_GAAACTCCAAAGAATC,3.8014488192353597
44744,0.40962785723213274,15__nan,PertCortex_15_GAAACTCCACAAGTAA,1.4403255019068129
44745,0.12164834642414085,15__nan,PertCortex_15_GAAACTCCAGTGAGTG,3.6509249166000446
44746,0.04772611225926228,15__nan,PertCortex_15_GAAACTCGTGGGTATG,4.272431965864822
44747,0.16167658030176327,15__nan,PertCortex_15_GAAACTCGTGGGTCAA,3.6527628872361713
44748,0.6860196425153823,15__nan,PertCortex_15_GAAACTCGTTGGTGGA,1.6521710583107092
44749,0.20523450883193628,15__nan,PertCortex_15_GAAACTCTCTAACTGG,3.0408342243417765
44750,0.21904968889823945,15__nan,PertCortex_15_GAAACTCTCTGCGACG,2.526357035623564
44751,0.20611125200938168,15__nan,PertCortex_15_GAAATGACAACGATCT,3.2417840334500605
44752,0.13715242114314086,15__nan,PertCortex_15_GAAATGACACGAGAGT,2.0811556943492255
44753,0.4590007109271023,15__nan,PertCortex_15_GAAATGACAGACTCGC,1.8297347846516814
44754,0.18198761755741133,15__nan,PertCortex_15_GAAATGATCAGCTTAG,2.7855844653448374
44755,0.2025455254598929,15__nan,PertCortex_15_GAAATGATCCTTAATC,3.9815176599431834
44756,0.19176591065639734,15__nan,PertCortex_15_GAAATGATCTAGCACA,3.065319274243065
44757,0.3111722241992274,15__nan,PertCortex_15_GAACATCTCATCGCTC,2.0163305154212674
44758,0.585301932761368,15__nan,PertCortex_15_GAACATCTCCTAAGTG,1.7824890404111036
44759,0.2646640677728782,15__nan,PertCortex_15_GAACATCTCGAACTGT,2.229591176806289
44760,0.17579441757520678,15__nan,PertCortex_15_GAACCTAAGACGCACA,4.045931039565582
44761,0.4333254657274857,15__nan,PertCortex_15_GAACCTAAGGCGCTCT,2.915816736276209
44762,0.19028561333492788,15__nan,PertCortex_15_GAACCTACACTAGTAC,3.2173544899539093
44763,0.07894686455165063,15__nan,PertCortex_15_GAACCTACACTCTGTC,3.9523858197329473
44764,0.09995762604395632,15__nan,PertCortex_15_GAACGGAAGTGCCAGA,3.4652691020189836
44765,0.5717245548286134,15__nan,PertCortex_15_GAACGGACAGGCTCAC,2.3312212492025752
44766,0.11633681834916675,15__nan,PertCortex_15_GAACGGAGTCGGCTCA,3.4905152852331955
44767,0.17018257856318358,15__nan,PertCortex_15_GAACGGAGTGAGGGAG,1.7489354398722108
44768,0.3096314919278312,15__nan,PertCortex_15_GAACGGAGTGCCTTGG,2.27901428237109
44769,0.12522266203501212,15__nan,PertCortex_15_GAACGGATCAAGAAGT,4.015590610602956
44770,0.09578296976669207,15__nan,PertCortex_15_GAACGGATCTGTTGAG,2.5764822428616827
44771,0.4165235774793187,15__nan,PertCortex_15_GAAGCAGGTAAGTAGT,1.8993616132611424
44772,0.2520679583845807,15__nan,PertCortex_15_GAAGCAGGTCCGAAGA,4.311655087486413
44773,0.21830176903005527,15__nan,PertCortex_15_GAAGCAGGTTCGTTGA,3.4678425660688528
44774,0.47651115024102136,15__nan,PertCortex_15_GAAGCAGTCTTACCTA,1.7723830907812308
44775,0.16077937474683407,15__nan,PertCortex_15_GAATAAGGTGCAACGA,4.071280926639047
44776,0.2194638943191977,15__nan,PertCortex_15_GAATAAGTCGGCCGAT,2.911141192046505
44777,0.3091961182380351,15__nan,PertCortex_15_GAATGAAAGAATAGGG,2.5111014566773724
44778,0.16462682202675555,15__nan,PertCortex_15_GAATGAAAGGTGATAT,3.7750839302315473
44779,0.5993075268833059,15__nan,PertCortex_15_GAATGAAAGTAGGCCA,1.8937336212935054
44780,0.17779521291658182,15__nan,PertCortex_15_GAATGAAGTCAACATC,3.9303299989360276
44781,0.32826177411575785,15__nan,PertCortex_15_GACACGCAGTGTTTGC,1.6317700247965072
44782,0.4202708640672576,15__nan,PertCortex_15_GACACGCGTTGATTGC,2.06928287571399
44783,0.3233741097928883,15__nan,PertCortex_15_GACACGCTCGGTTCGG,2.812440425376485
44784,0.24952457104236817,15__nan,PertCortex_15_GACAGAGGTCTTGCGG,3.967540152592523
44785,0.13929919906176713,15__nan,PertCortex_15_GACCAATAGGTGCTTT,4.3842301471426
44786,0.5332286662780328,15__nan,PertCortex_15_GACCAATAGGTTCCTA,1.7490775515639843
44787,0.056667265111579816,15__nan,PertCortex_15_GACCAATAGTGAAGTT,4.146909471621969
44788,0.6230625275457343,15__nan,PertCortex_15_GACCAATGTAACGCGA,1.8184700871320716
44789,0.15434689656741515,15__nan,PertCortex_15_GACCAATGTGTGGTTT,5.027730153045768
44790,0.13898088460236088,15__nan,PertCortex_15_GACCTGGAGCTAACTC,3.7776567550599838
44791,0.21165805400462356,15__nan,PertCortex_15_GACCTGGAGGGTGTTG,3.3921653870506017
44792,0.4644026093908129,15__nan,PertCortex_15_GACCTGGTCGGAATCT,2.32375672142091
44793,0.14915524228451763,15__nan,PertCortex_15_GACGCGTAGACGCTTT,3.00912695005779
44794,0.09543361601781893,15__nan,PertCortex_15_GACGCGTAGTGAATTG,5.799031034669217
44795,0.2261720854978093,15__nan,PertCortex_15_GACGCGTCACAGAGGT,4.748378883183134
44796,0.18358936612879154,15__nan,PertCortex_15_GACGCGTCAGACGCAA,4.065559517113477
44797,0.07023521819275302,15__nan,PertCortex_15_GACGGCTAGCTAGTTC,3.225888371473781
44798,0.22748329027440795,15__nan,PertCortex_15_GACGGCTAGCTCCTCT,2.903148981996297
44799,0.046558880487504326,15__nan,PertCortex_15_GACGGCTAGTCCCACG,3.339330160181117
44800,0.10506261674992419,15__nan,PertCortex_15_GACGGCTCAGCTGCAC,3.8634122397652333
44801,0.0914866098779767,15__nan,PertCortex_15_GACGGCTCATCACCCT,2.846101965929734
44802,0.18855061404018952,15__nan,PertCortex_15_GACGGCTTCTGAAAGA,2.8500100325004265
44803,0.22150311765132769,15__nan,PertCortex_15_GACGTGCAGGCATTGG,2.9612622515993205
44804,0.06375709020594465,15__nan,PertCortex_15_GACGTGCCAATGAATG,3.848367097472853
44805,0.2327332682744646,15__nan,PertCortex_15_GACGTGCCAGAGCCAA,2.688297916742962
44806,0.3992172315087304,15__nan,PertCortex_15_GACGTGCGTACTTCTT,2.272831612621861
44807,0.25977312484858556,15__nan,PertCortex_15_GACGTGCTCGCGTTTC,2.4895366639422827
44808,0.18048652134606286,15__nan,PertCortex_15_GACGTTACACCACGTG,2.7139818294125706
44809,0.09879301406678932,15__nan,PertCortex_15_GACTAACCAAAGAATC,3.1584065346950463
44810,0.25693808007822355,15__nan,PertCortex_15_GACTAACCACACCGCA,2.0393400674907682
44811,0.14667729324752743,15__nan,PertCortex_15_GACTAACTCAGCATGT,2.833169314521157
44812,0.14411553738191812,15__nan,PertCortex_15_GACTAACTCTTGACGA,3.631936955549224
44813,0.16150494429966944,15__nan,PertCortex_15_GACTACACAAGAAGAG,2.9089630238333504
44814,0.11669647353068893,15__nan,PertCortex_15_GACTACACACGGTGTC,4.013045326680952
44815,0.13805386616563325,15__nan,PertCortex_15_GACTACATCAACGCTA,2.395800383801456
44816,0.16170663351696507,15__nan,PertCortex_15_GACTGCGAGATGTGGC,3.253941381293152
44817,0.14158347758307363,15__nan,PertCortex_15_GACTGCGGTGCACTTA,2.8224805349398174
44818,0.5991286718422038,15__nan,PertCortex_15_GAGCAGACAACACCTA,1.9085939558347231
44819,0.36366739626841366,15__nan,PertCortex_15_GAGGTGACACCGCTAG,2.1581408173219008
44820,0.2508542157838784,15__nan,PertCortex_15_GAGGTGAGTAAACGCG,2.8990678569554658
44821,0.16092924725506613,15__nan,PertCortex_15_GAGGTGATCACCCTCA,2.468458464776688
44822,0.4810037656525497,15__nan,PertCortex_15_GAGTCCGAGTGAAGAG,2.2424194496626404
44823,0.12904710886167325,15__nan,PertCortex_15_GAGTCCGCAATAAGCA,3.9765079516707273
44824,0.1712517888979222,15__nan,PertCortex_15_GAGTCCGTCACTCCTG,3.327550942171584
44825,0.09693544690836314,15__nan,PertCortex_15_GAGTCCGTCGGAAACG,5.420145653080861
44826,0.3969199579424881,15__nan,PertCortex_15_GAGTCCGTCTAACCGA,2.3997273921941438
44827,0.21663518231663148,15__nan,PertCortex_15_GATCAGTCAACTGCGC,3.4651927290583426
44828,0.24774049656573396,15__nan,PertCortex_15_GATCAGTCACATCCGG,3.083745992262373
44829,0.18023083484356697,15__nan,PertCortex_15_GATCAGTCAGATTGCT,4.082683619060415
44830,0.6809573672007849,15__nan,PertCortex_15_GATCAGTCAGGTGGAT,1.4867764402713028
44831,0.3142616838049158,15__nan,PertCortex_15_GATCAGTTCCGGCACA,3.5465471953913763
44832,0.14870860991070126,15__nan,PertCortex_15_GATCGATGTAGCTGCC,4.046506801659492
44833,0.19693663389313273,15__nan,PertCortex_15_GATCGCGCACTCAGGC,2.969963645871589
44834,0.12415375003370425,15__nan,PertCortex_15_GATCGCGTCCGCAAGC,4.523918527076092
44835,0.24038642477942615,15__nan,PertCortex_15_GATCGTAAGGGCTTCC,2.3548984480294823
44836,0.3054949668767409,15__nan,PertCortex_15_GATCGTACACGAGGTA,2.253412754761769
44837,0.3258332698473935,15__nan,PertCortex_15_GATCGTAGTCGGGTCT,2.83183256393842
44838,0.3800083161884402,15__nan,PertCortex_15_GATCTAGAGAGGTAGA,2.9442769986631907
44839,0.24498658748093344,15__nan,PertCortex_15_GATCTAGCACCTGGTG,2.9944316071530284
44840,0.04756434414324181,15__nan,PertCortex_15_GATCTAGGTAATAGCA,4.090498676004862
44841,0.1711478677339368,15__nan,PertCortex_15_GATCTAGTCGAACGGA,3.2769822420518215
44842,0.4411676492589872,15__nan,PertCortex_15_GATCTAGTCTGAGGGA,2.1400488211428144
44843,0.2378381114847286,15__nan,PertCortex_15_GATGAAAAGCAACGGT,2.9480981164298945
44844,0.031249178019491924,15__nan,PertCortex_15_GATGAAAAGCAGACTG,3.325596199735887
44845,0.4409833377076559,15__nan,PertCortex_15_GATGAAAAGGCAAAGA,1.9553953035448353
44846,0.46625530560504647,15__nan,PertCortex_15_GATGAGGAGGACAGAA,2.1450299601357483
44847,0.06926158543156483,15__nan,PertCortex_15_GATGAGGCAATAGCAA,3.8816934872079925
44848,0.48557067326403563,15__nan,PertCortex_15_GATGAGGCACACCGCA,2.689704136823439
44849,0.35173713722991545,15__nan,PertCortex_15_GATGAGGGTCGAGTTT,2.188763609928943
44850,0.1316641853619222,15__nan,PertCortex_15_GATGCTACAGATGAGC,4.789607420792116
44851,0.4241812681554647,15__nan,PertCortex_15_GATGCTACAGTGAGTG,1.9023985136069577
44852,0.1814084991398697,15__nan,PertCortex_15_GATGCTAGTAAGTGGC,2.691204992142185
44853,0.11328684023577648,15__nan,PertCortex_15_GATGCTAGTGACTACT,4.085566198497389
44854,0.10889104462477885,15__nan,PertCortex_15_GATGCTATCTGGGCCA,4.152026978852354
44855,0.2415405377415479,15__nan,PertCortex_15_GATTCAGCAGACAAAT,3.2394429096308066
44856,0.25220682841246306,15__nan,PertCortex_15_GATTCAGGTCGCATAT,2.4645638095321085
44857,0.08811762407463396,15__nan,PertCortex_15_GATTCAGTCTCGATGA,4.692836602270471
44858,0.5840927775656871,15__nan,PertCortex_15_GCAAACTAGCCCTAAT,2.39894184236482
44859,0.2568264815597913,15__nan,PertCortex_15_GCAAACTAGGATTCGG,3.2605140883923127
44860,0.5855805003106963,15__nan,PertCortex_15_GCAAACTAGTAGATGT,1.4444205405542971
44861,0.1315426084074572,15__nan,PertCortex_15_GCAAACTCAAAGTGCG,2.9468617046577354
44862,0.17565312604144476,15__nan,PertCortex_15_GCAAACTCAATTGCTG,4.456651775547322
44863,0.08692464868167836,15__nan,PertCortex_15_GCAAACTCACCTATCC,3.0105715512310405
44864,0.16602998337801128,15__nan,PertCortex_15_GCAAACTCAGCCACCA,3.4072799976696477
44865,0.29751702459332496,15__nan,PertCortex_15_GCAAACTCAGCCTATA,2.641401385489823
44866,0.1661515277741198,15__nan,PertCortex_15_GCAAACTCATGCTGGC,3.037114270812943
44867,0.11057562932948337,15__nan,PertCortex_15_GCAAACTTCGCCAAAT,4.044858883816346
44868,0.15944476855546125,15__nan,PertCortex_15_GCAATCACACAAGACG,3.8251942230966
44869,0.06625069541856199,15__nan,PertCortex_15_GCAATCAGTCCTCTTG,4.34705659365841
44870,0.21735534013293345,15__nan,PertCortex_15_GCAATCAGTCTCACCT,4.6210201841370075
44871,0.13139929384940935,15__nan,PertCortex_15_GCAATCATCTATCGCC,5.191446498766011
44872,0.13202768502673515,15__nan,PertCortex_15_GCACATAGTAAGTAGT,2.9295988197116993
44873,0.14718733259688235,15__nan,PertCortex_15_GCACATAGTCTCTTAT,3.4566743653112546
44874,0.07386648807175143,15__nan,PertCortex_15_GCACATAGTGCTGTAT,4.226508073451287
44875,0.11623321079102744,15__nan,PertCortex_15_GCACATATCAACGCTA,5.15958094388606
44876,0.17430392766073957,15__nan,PertCortex_15_GCACATATCCCTGACT,2.6121316384491537
44877,0.5207155943787539,15__nan,PertCortex_15_GCACATATCGCGTTTC,1.8503382948195728
44878,0.20099364944289969,15__nan,PertCortex_15_GCACTCTAGAGTTGGC,2.277715968837396
44879,0.21008927133163127,15__nan,PertCortex_15_GCACTCTCAGATCGGA,3.006567637796673
44880,0.10775889966150155,15__nan,PertCortex_15_GCACTCTCATCGACGC,3.4602923876933223
44881,0.058483985107526684,15__nan,PertCortex_15_GCACTCTTCAAAGTAG,3.5637029141884673
44882,0.2621056056290531,15__nan,PertCortex_15_GCACTCTTCTTGTACT,2.919885156970765
44883,0.06534356725435118,15__nan,PertCortex_15_GCAGCCAAGATGTCGG,4.05438800607596
44884,0.04995255731042257,15__nan,PertCortex_15_GCAGCCAAGTACCGGA,3.580401724335747
44885,0.25846008314671853,15__nan,PertCortex_15_GCAGCCACAAGCGCTC,3.7890758969532357
44886,0.09076131985482644,15__nan,PertCortex_15_GCAGCCACATTGAGCT,4.864094935441877
44887,0.1897478718800703,15__nan,PertCortex_15_GCAGCCAGTCGAACAG,3.116306830746846
44888,0.18833839926304716,15__nan,PertCortex_15_GCAGCCATCAGGTAAA,4.261349178707067
44889,0.1439945502263281,15__nan,PertCortex_15_GCAGCCATCTTGACGA,2.3188419480767113
44890,0.20855935728221386,15__nan,PertCortex_15_GCAGTTAAGGCCCTCA,4.914024007986016
44891,0.04000162331030337,15__nan,PertCortex_15_GCAGTTACAGAGCCAA,4.287358430902529
44892,0.5010271761790164,15__nan,PertCortex_15_GCAGTTAGTAAGTAGT,2.9175079032275857
44893,0.0707499411090838,15__nan,PertCortex_15_GCAGTTAGTACCGTAT,2.9417675377787265
44894,0.2694732290582134,15__nan,PertCortex_15_GCAGTTAGTATAATGG,2.522921375760271
44895,0.14821157387833916,15__nan,PertCortex_15_GCAGTTAGTTCGGGCT,3.7232232239961975
44896,0.09404014487923468,15__nan,PertCortex_15_GCAGTTATCCGAATGT,4.444090624812597
44897,0.08215542667726085,15__nan,PertCortex_15_GCATACAAGCTATGCT,3.443349136007917
44898,0.18198537926435637,15__nan,PertCortex_15_GCATACAGTACTCGCG,3.178069180101386
44899,0.23275350585533613,15__nan,PertCortex_15_GCATACAGTAGCGCTC,2.285466112680474
44900,0.15676356007096917,15__nan,PertCortex_15_GCATACAGTCCAGTAT,4.600883179766911
44901,0.0785960550158192,15__nan,PertCortex_15_GCATACAGTTCGCTAA,4.165124845927804
44902,0.16895816953570308,15__nan,PertCortex_15_GCATGATAGTGGTAAT,3.101573850250459
44903,0.10979206709893716,15__nan,PertCortex_15_GCATGATCATTCTTAC,3.6165891717592205
44904,0.10263388556099866,15__nan,PertCortex_15_GCATGATGTCAACTGT,3.1768131389920016
44905,0.13336555227813046,15__nan,PertCortex_15_GCATGATGTGATGATA,4.782066455198785
44906,0.04039210571198557,15__nan,PertCortex_15_GCATGATTCCAGAGGA,3.841286360145802
44907,0.21824185230208462,15__nan,PertCortex_15_GCATGCGCAGCCTATA,3.819266589901372
44908,0.4632062208348569,15__nan,PertCortex_15_GCATGTACAAGAAAGG,2.0735960290288045
44909,0.0766698943183529,15__nan,PertCortex_15_GCATGTACATGGTCTA,4.536479927733129
44910,0.37453811520986974,15__nan,PertCortex_15_GCATGTAGTCAACATC,2.436462047098423
44911,0.22362539212742757,15__nan,PertCortex_15_GCATGTATCTTCAACT,3.5513163102711536
44912,0.6483964038740465,15__nan,PertCortex_15_GCCAAATCATGCAACT,1.9919247924209293
44913,0.20292813212803804,15__nan,PertCortex_15_GCCAAATGTCGGCACT,4.588179373562023
44914,0.17301687941299132,15__nan,PertCortex_15_GCCAAATTCTCCTATA,4.528196963383303
44915,0.43244611517865594,15__nan,PertCortex_15_GCCTCTAAGAGTACAT,1.7044982193399791
44916,0.30372974294339294,15__nan,PertCortex_15_GCCTCTAAGGGAACGG,3.0119257746854102
44917,0.5751946976660071,15__nan,PertCortex_15_GCCTCTAAGTGTCCAT,2.2385337269436594
44918,0.1363041349055125,15__nan,PertCortex_15_GCCTCTAGTGTTGAGG,2.755415525601811
44919,0.13455570925239796,15__nan,PertCortex_15_GCCTCTATCCAGTAGT,3.9036130305375902
44920,0.2011663759937614,15__nan,PertCortex_15_GCCTCTATCCTTTCTC,2.870953956660771
44921,0.21358194453491508,15__nan,PertCortex_15_GCCTCTATCGAGCCCA,2.536725551696515
44922,0.1929884219983801,15__nan,PertCortex_15_GCGACCAAGATGGGTC,2.7776275248742013
44923,0.05616478546468575,15__nan,PertCortex_15_GCGACCAAGTGAATTG,4.308493544512542
44924,0.15498196538429027,15__nan,PertCortex_15_GCGAGAACACGCCAGT,3.1759793474228744
44925,0.4273919697858079,15__nan,PertCortex_15_GCGAGAACAGTCAGAG,1.9447996314008702
44926,0.2106598078503634,15__nan,PertCortex_15_GCGAGAAGTAGCGTCC,3.4127344358127
44927,0.07746854692622217,15__nan,PertCortex_15_GCGAGAATCGCATGAT,3.7422966603665726
44928,0.17043260181245545,15__nan,PertCortex_15_GCGCAACAGACGACGT,4.800753402978651
44929,0.17743931260107154,15__nan,PertCortex_15_GCGCAACCATCGTCGG,2.192074510685134
44930,0.10496463803758639,15__nan,PertCortex_15_GCGCAACTCACGATGT,2.866104115577369
44931,0.17497079304002658,15__nan,PertCortex_15_GCGCAACTCAGTACGT,2.64732937597427
44932,0.0788314461183295,15__nan,PertCortex_15_GCGCAACTCTTGCCGT,3.9619037906549575
44933,0.3971135930715636,15__nan,PertCortex_15_GCGCAGTAGCGGCTTC,1.5433446957897372
44934,0.5515875127394267,15__nan,PertCortex_15_GCGCAGTGTCTCTCGT,2.881738359950639
44935,0.15019207309042723,15__nan,PertCortex_15_GCGCAGTGTGTTGAGG,1.7269449636211323
44936,0.19082158421564183,15__nan,PertCortex_15_GCGCCAAAGACAGAGA,3.132188039041494
44937,0.25122891860694024,15__nan,PertCortex_15_GCGCCAATCCTTGGTC,1.837139750979441
44938,0.021397116059388908,15__nan,PertCortex_15_GCGCCAATCTTGCCGT,3.3416821173520974
44939,0.11939255334326736,15__nan,PertCortex_15_GCGCGATAGTGGAGTC,3.8944259804260946
44940,0.18659451782673103,15__nan,PertCortex_15_GCGCGATCATGAGCGA,3.3205347857249317
44941,0.30261710585028334,15__nan,PertCortex_15_GCGCGATGTGTGGTTT,1.8889168060272443
44942,0.41822613071202724,15__nan,PertCortex_15_GCGCGATTCCAAGTAC,2.3212816545361705
44943,0.466519371135696,15__nan,PertCortex_15_GCGCGATTCCACGAAT,3.119245117353664
44944,0.24779221873495544,15__nan,PertCortex_15_GCGGGTTAGGACGAAA,3.6166814263511573
44945,0.16306948357037238,15__nan,PertCortex_15_GCGGGTTCACGGTGTC,2.474018294655736
44946,0.09628100345286243,15__nan,PertCortex_15_GCGGGTTTCCCAACGG,4.207856298830963
44947,0.3699886398339885,15__nan,PertCortex_15_GCGGGTTTCTGTACGA,1.9019254800931145
44948,0.21399057427502685,15__nan,PertCortex_15_GCTCCTAAGCTGCCCA,2.1399780450093675
44949,0.2926903932876268,15__nan,PertCortex_15_GCTCCTAGTAGCTGCC,3.197957185276535
44950,0.2403170308535823,15__nan,PertCortex_15_GCTCCTAGTTGAGGTG,4.692993868471671
44951,0.2078437536680042,15__nan,PertCortex_15_GCTCCTATCAAACAAG,2.574803708255121
44952,0.08329561436592166,15__nan,PertCortex_15_GCTCCTATCGGCGCAT,4.051712131421968
44953,0.13274439806144647,15__nan,PertCortex_15_GCTCTGTCAAGTCTAC,3.9433511648591666
44954,0.47695801694639256,15__nan,PertCortex_15_GCTCTGTCAGCTGTGC,1.6503721592478164
44955,0.1965059613349125,15__nan,PertCortex_15_GCTCTGTTCCAGGGCT,4.33980836170948
44956,0.37847645390074997,15__nan,PertCortex_15_GCTCTGTTCTTCATGT,3.8563062320946933
44957,0.13833781162087438,15__nan,PertCortex_15_GCTGCAGGTTCTGGTA,2.3846722766961395
44958,0.23991055197736189,15__nan,PertCortex_15_GCTGCGAAGACAATAC,3.279441406008239
44959,0.12421538284429037,15__nan,PertCortex_15_GCTGCGAGTCAAGCGA,3.5734758191244818
44960,0.16935281166781543,15__nan,PertCortex_15_GCTGCTTTCAATACCG,3.363352012567643
44961,0.5792921827367554,15__nan,PertCortex_15_GCTGCTTTCATGTCTT,2.126250424576464
44962,0.17795060007211078,15__nan,PertCortex_15_GCTGGGTCAAGGTTTC,2.408793676195619
44963,0.09243387986655277,15__nan,PertCortex_15_GCTGGGTCAGCATACT,5.053045831912044
44964,0.07464932908491584,15__nan,PertCortex_15_GCTGGGTGTAAGAGAG,3.3152062875529555
44965,0.17816579380185968,15__nan,PertCortex_15_GCTGGGTGTTCTGTTT,3.6830643947441835
44966,0.5204376824290015,15__nan,PertCortex_15_GCTGGGTTCATTATCC,2.316046203555554
44967,0.35742621625821336,15__nan,PertCortex_15_GCTTCCAAGATATACG,2.1467451958848525
44968,0.0582048600841035,15__nan,PertCortex_15_GCTTCCACATTAACCG,4.766216994838402
44969,0.1316651091291988,15__nan,PertCortex_15_GCTTCCATCATTTGGG,4.262370437417479
44970,0.6140873118449378,15__nan,PertCortex_15_GCTTCCATCTATCGCC,1.9052209326478864
44971,0.5757369812869924,15__nan,PertCortex_15_GCTTGAAAGCCGCCTA,1.5094729219086649
44972,0.13959449584396158,15__nan,PertCortex_15_GCTTGAAAGGCCCTTG,4.025305342873269
44973,0.46513417093086207,15__nan,PertCortex_15_GCTTGAAAGTCTCAAC,2.301212349303116
44974,0.1317858042231615,15__nan,PertCortex_15_GCTTGAACACAGAGGT,4.151782905724231
44975,0.2205576555360939,15__nan,PertCortex_15_GCTTGAACATGTCTCC,3.02749467809998
44976,0.06059635888990063,15__nan,PertCortex_15_GCTTGAATCTTATCTG,3.262939874944347
44977,0.152730068331908,15__nan,PertCortex_15_GGAAAGCAGTAAGTAC,2.4616561396481753
44978,0.4160469244386098,15__nan,PertCortex_15_GGAAAGCAGTCTCAAC,2.252713719524629
44979,0.6265765401006491,15__nan,PertCortex_15_GGAAAGCCAAGAGGCT,1.9595379725332531
44980,0.08996427952263349,15__nan,PertCortex_15_GGAAAGCCAGCTGCAC,4.954598561920082
44981,0.05530448625514678,15__nan,PertCortex_15_GGAAAGCCAGGGATTG,3.802965084825505
44982,0.6246475667712674,15__nan,PertCortex_15_GGAAAGCTCAAACCAC,1.814561383628231
44983,0.4870363937009619,15__nan,PertCortex_15_GGAACTTCACTTAAGC,1.8860035797154828
44984,0.1404067438681117,15__nan,PertCortex_15_GGAACTTCATACCATG,3.177539428792529
44985,0.30832643254986714,15__nan,PertCortex_15_GGAACTTCATGCCTTC,2.911643045232871
44986,0.09523702381215199,15__nan,PertCortex_15_GGAACTTTCAATCTCT,4.229528371340543
44987,0.17007447927415187,15__nan,PertCortex_15_GGAACTTTCACGATGT,2.036898923975059
44988,0.08786888993964853,15__nan,PertCortex_15_GGAACTTTCATTATCC,4.464855059636789
44989,0.47899334865778964,15__nan,PertCortex_15_GGAACTTTCTACGAGT,3.0394244212547545
44990,0.12158640108539596,15__nan,PertCortex_15_GGAATAAAGGCTCATT,3.2044792125696215
44991,0.10776016552499944,15__nan,PertCortex_15_GGAATAAAGTAGTGCG,3.306815437808403
44992,0.13258772596458654,15__nan,PertCortex_15_GGAATAACATCGATTG,3.2015158446774605
44993,0.12387581952561019,15__nan,PertCortex_15_GGAATAACATTGCGGC,4.508753554302139
44994,0.308506528414155,15__nan,PertCortex_15_GGAATAATCGTATCAG,2.5468941001204235
44995,0.058110512698503154,15__nan,PertCortex_15_GGAATAATCTACGAGT,3.6258056416040447
44996,0.09795033009613699,15__nan,PertCortex_15_GGACAGAAGCAAATCA,4.9316712290613065
44997,0.1654800654464266,15__nan,PertCortex_15_GGACAGAAGTGCCATT,2.996574609986584
44998,0.3671232719740754,15__nan,PertCortex_15_GGACAGACACCTCGTT,2.136094366390704
44999,0.268758959716974,15__nan,PertCortex_15_GGACAGAGTTACGGAG,2.9858264444167606
45000,0.01725023901288617,15__nan,PertCortex_15_GGACAGATCATCGATG,3.7108703768725033
45001,0.4854615759920939,15__nan,PertCortex_15_GGACATTAGACTCGGA,1.9268861440442657
45002,0.3953396545993752,15__nan,PertCortex_15_GGACATTGTTCGAATC,2.5805788085719126
45003,0.3174276613477217,15__nan,PertCortex_15_GGACGTCAGAGCTGGT,3.4476639501536335
45004,0.14456492414684233,15__nan,PertCortex_15_GGACGTCAGCCTCGTG,5.047569569597627
45005,0.15940507846816182,15__nan,PertCortex_15_GGACGTCAGTCATGCT,3.278144145618565
45006,0.5216821254419095,15__nan,PertCortex_15_GGACGTCCACGGTTTA,1.539234590622686
45007,0.1650466005309676,15__nan,PertCortex_15_GGACGTCGTGAGCGAT,3.7401940262514963
45008,0.19409642644005418,15__nan,PertCortex_15_GGACGTCTCACTTATC,3.9952052350788145
45009,0.5696880952442667,15__nan,PertCortex_15_GGACGTCTCATGTAGC,2.232872258355097
45010,0.559458381851272,15__nan,PertCortex_15_GGACGTCTCCGAAGAG,1.9878084826295157
45011,0.15534337980613083,15__nan,PertCortex_15_GGACGTCTCCTAGTGA,3.1095583805542835
45012,0.31647011514100976,15__nan,PertCortex_15_GGAGCAACAACAACCT,1.9086390965533766
45013,0.11950766159805135,15__nan,PertCortex_15_GGAGCAACACAGGTTT,3.8690329690715277
45014,0.09907960620760516,15__nan,PertCortex_15_GGAGCAAGTGCAGTAG,3.769233321506669
45015,0.2066863353456646,15__nan,PertCortex_15_GGAGCAATCTCTTGAT,2.6692119119157445
45016,0.3679456282971126,15__nan,PertCortex_15_GGATGTTGTAGCTGCC,2.685967779738194
45017,0.12061761527116242,15__nan,PertCortex_15_GGATGTTTCACAGGCC,2.116903612309201
45018,0.0944701047582349,15__nan,PertCortex_15_GGATGTTTCAGCTTAG,3.773721653464388
45019,0.6278797134634663,15__nan,PertCortex_15_GGATTACAGAGGGATA,1.6170757354430405
45020,0.38932973868519266,15__nan,PertCortex_15_GGATTACAGTATCGAA,1.879129689012227
45021,0.1355210435788681,15__nan,PertCortex_15_GGATTACAGTCCATAC,4.890078817778394
45022,0.1498210824715644,15__nan,PertCortex_15_GGATTACTCACCTCGT,2.4077337369599734
45023,0.10751436556114961,15__nan,PertCortex_15_GGATTACTCTACCTGC,3.0385071024819537
45024,0.23114188414921402,15__nan,PertCortex_15_GGCAATTAGCTAGTCT,3.4545683217064798
45025,0.10307162406297678,15__nan,PertCortex_15_GGCAATTCAGACAAGC,2.702902161415999
45026,0.08713208235207923,15__nan,PertCortex_15_GGCAATTGTGCATCTA,3.0840209107072405
45027,0.09005802822455293,15__nan,PertCortex_15_GGCAATTGTTTGTTGG,3.6399989154647523
45028,0.03154986281404337,15__nan,PertCortex_15_GGCCGATAGACCTTTG,2.476716972716411
45029,0.11023275663931931,15__nan,PertCortex_15_GGCCGATAGCGTTCCG,2.5415972744538804
45030,0.20815398700471685,15__nan,PertCortex_15_GGCCGATCAGCCAGAA,3.294013914326637
45031,0.12911441403710888,15__nan,PertCortex_15_GGCCGATGTATGCTTG,2.8734349467818685
45032,0.05710745941240894,15__nan,PertCortex_15_GGCCGATTCGAATGGG,4.311810885834322
45033,0.19477715364242343,15__nan,PertCortex_15_GGCGACTCACGGTGTC,4.571075561978834
45034,0.16771496092691093,15__nan,PertCortex_15_GGCGACTCATATGCTG,3.17738120554653
45035,0.14878108558211925,15__nan,PertCortex_15_GGCGACTGTCGCGGTT,3.327898172376709
45036,0.09534221652156818,15__nan,PertCortex_15_GGCGTGTGTCCGAAGA,4.59935084024152
45037,0.5249689435274243,15__nan,PertCortex_15_GGCGTGTTCAACACTG,1.8724525893761546
45038,0.23607313903543334,15__nan,PertCortex_15_GGCGTGTTCAGTCAGT,2.042481036564423
45039,0.2980648380007904,15__nan,PertCortex_15_GGCGTGTTCCAAGCCG,3.0455592546364842
45040,0.5493403700577825,15__nan,PertCortex_15_GGCGTGTTCGCTTAGA,2.3108934382115014
45041,0.2785524380206555,15__nan,PertCortex_15_GGCGTGTTCTTTAGTC,2.9305423122549605
45042,0.5199704611269613,15__nan,PertCortex_15_GGCTCGAAGTGGAGTC,1.7527874611340954
45043,0.2870609292771569,15__nan,PertCortex_15_GGCTCGAAGTTGTCGT,2.482212824036175
45044,0.15677577434283738,15__nan,PertCortex_15_GGCTCGACAAGAGTCG,2.945058298429552
45045,0.39112068080006274,15__nan,PertCortex_15_GGCTCGACAGTTCATG,2.3880758971971696
45046,0.2640385190832983,15__nan,PertCortex_15_GGCTGGTAGTCAAGGC,3.4145907848101182
45047,0.24614009718694324,15__nan,PertCortex_15_GGCTGGTCACCAACCG,1.9452853876345346
45048,0.13702313707668393,15__nan,PertCortex_15_GGCTGGTGTTTCCACC,3.522795424263841
45049,0.10002235331607688,15__nan,PertCortex_15_GGGAATGAGATCCCGC,2.2588846371184
45050,0.2005310781394792,15__nan,PertCortex_15_GGGAATGCAACTTGAC,2.54244376373013
45051,0.33289173838492003,15__nan,PertCortex_15_GGGAATGCAGCATACT,1.7658288415887458
45052,0.22299602846360791,15__nan,PertCortex_15_GGGACCTAGTCACGCC,2.4952420370060295
45053,0.16901584213806223,15__nan,PertCortex_15_GGGACCTAGTGAAGTT,4.250415520984384
45054,0.14914508256718506,15__nan,PertCortex_15_GGGACCTGTCCAACTA,4.0419612099516256
45055,0.1878531563257408,15__nan,PertCortex_15_GGGACCTGTCTGGAGA,3.1115479161534094
45056,0.14250170211610494,15__nan,PertCortex_15_GGGACCTGTGGGTATG,3.5284842201879347
45057,0.5866876057802749,15__nan,PertCortex_15_GGGACCTTCAAAGTAG,1.6453447492416948
45058,0.1709390803693856,15__nan,PertCortex_15_GGGACCTTCGGAATCT,3.3376908119170503
45059,0.5843903861710441,15__nan,PertCortex_15_GGGAGATGTCTCTCGT,1.9474861916051065
45060,0.18876477253855703,15__nan,PertCortex_15_GGGAGATTCTGGCGTG,4.199288499543083
45061,0.524976104801082,15__nan,PertCortex_15_GGGAGATTCTTAGAGC,1.851179313163991
45062,0.39260672025507115,15__nan,PertCortex_15_GGGATGAAGAAGGCCT,2.4917106050086653
45063,0.17892841949476188,15__nan,PertCortex_15_GGGATGAAGCGAAGGG,3.5763688154462594
45064,0.2061439999954427,15__nan,PertCortex_15_GGGATGAAGGTGACCA,2.6761999633397635
45065,0.21859574176069332,15__nan,PertCortex_15_GGGATGAAGTTCGATC,3.193222927445953
45066,0.23154092302365675,15__nan,PertCortex_15_GGGATGACACCAACCG,1.9942779080534074
45067,0.24944397372564792,15__nan,PertCortex_15_GGGATGAGTATGGTTC,2.6007570822295336
45068,0.088241830434622,15__nan,PertCortex_15_GGGCACTAGCAATATG,3.9463957119396205
45069,0.10500685002518022,15__nan,PertCortex_15_GGGCACTAGCGTGAGT,3.316675854729093
45070,0.30815654456764363,15__nan,PertCortex_15_GGGCACTAGTAATCCC,2.3934951713435457
45071,0.15272914190292572,15__nan,PertCortex_15_GGGCACTAGTGAAGTT,2.271770913419067
45072,0.5883520556911441,15__nan,PertCortex_15_GGGCACTGTACCATCA,2.1117482687822413
45073,0.17110118587755113,15__nan,PertCortex_15_GGGCACTGTGCACTTA,2.9771388981959426
45074,0.1542523028746883,15__nan,PertCortex_15_GGGCACTTCGCTTGTC,4.141554266811752
45075,0.43093118900805577,15__nan,PertCortex_15_GGGCATCGTAGATTAG,2.1179512089589774
45076,0.25605594400242887,15__nan,PertCortex_15_GGGCATCGTCGAGATG,1.4213454499050908
45077,0.3232366350341937,15__nan,PertCortex_15_GGGCATCGTCTTCTCG,2.4228034548510844
45078,0.40196555025806824,15__nan,PertCortex_15_GGGCATCGTTCGGGCT,1.8275288511657195
45079,0.5064246190044355,15__nan,PertCortex_15_GGGCATCTCAACGGCC,2.2286692304496705
45080,0.13430503953137052,15__nan,PertCortex_15_GGGTCTGAGAAACCGC,3.313654289142223
45081,0.2791454010701128,15__nan,PertCortex_15_GGGTCTGAGACGCAAC,3.2765102467807705
45082,0.10090075990222579,15__nan,PertCortex_15_GGGTCTGAGATGTGTA,3.400711588447471
45083,0.1874008064406501,15__nan,PertCortex_15_GGGTCTGAGCGTTTAC,3.4428652321375632
45084,0.09721464547340326,15__nan,PertCortex_15_GGGTCTGAGCTATGCT,4.451620578069516
45085,0.14872737387599916,15__nan,PertCortex_15_GGGTCTGGTAGGGTAC,3.05941874919607
45086,0.09583799601347269,15__nan,PertCortex_15_GGGTCTGTCTTCATGT,4.595725365508973
45087,0.27324868356484056,15__nan,PertCortex_15_GGGTTGCAGGTTCCTA,2.1845749127296137
45088,0.17455365206529896,15__nan,PertCortex_15_GGGTTGCGTCCGTCAG,2.7719302479541055
45089,0.3784764392765916,15__nan,PertCortex_15_GGGTTGCTCGGAGCAA,2.3748852907883293
45090,0.41745369043741076,15__nan,PertCortex_15_GGGTTGCTCTCTTGAT,2.18472184232778
45091,0.11973558603446308,15__nan,PertCortex_15_GGTATTGAGCGCTTAT,2.7290377282838616
45092,0.05373262333006652,15__nan,PertCortex_15_GGTATTGAGTCCATAC,3.9809915488051986
45093,0.05111909118874847,15__nan,PertCortex_15_GGTATTGAGTTCGCGC,4.670478338972915
45094,0.5457087390992893,15__nan,PertCortex_15_GGTGAAGAGAAACCTA,1.8136210743994328
45095,0.4924665528003119,15__nan,PertCortex_15_GGTGAAGAGATATACG,2.6669174657663146
45096,0.17295389271813932,15__nan,PertCortex_15_GGTGAAGCACCACCAG,4.345156595029237
45097,0.3788111205450055,15__nan,PertCortex_15_GGTGAAGCATGGATGG,2.6269120998932074
45098,0.16196111215368242,15__nan,PertCortex_15_GGTGAAGGTAGCTAAA,3.234079145980604
45099,0.038322719956251305,15__nan,PertCortex_15_GGTGAAGGTTACGGAG,2.4001653134227703
45100,0.17137100306570652,15__nan,PertCortex_15_GGTGAAGTCAGTTCGA,4.500436233187949
45101,0.2227416966357002,15__nan,PertCortex_15_GGTGAAGTCCGCAAGC,3.0879300215423084
45102,0.1120141602693468,15__nan,PertCortex_15_GGTGAAGTCGGAAACG,4.4412705780403705
45103,0.7459548751916598,15__nan,PertCortex_15_GGTGCGTAGCGATAGC,1.4188057718374814
45104,0.06451011653708148,15__nan,PertCortex_15_GGTGCGTAGTATCTCG,3.8375945550005346
45105,0.16243447353891094,15__nan,PertCortex_15_GGTGCGTCAGACTCGC,3.095155906723268
45106,0.04078028875596546,15__nan,PertCortex_15_GGTGCGTGTCTTCTCG,3.2237010935308255
45107,0.10514143032522552,15__nan,PertCortex_15_GGTGCGTTCCAAACTG,4.487879550341923
45108,0.676492672053766,15__nan,PertCortex_15_GGTGTTAAGAGGTAGA,1.842957188681071
45109,0.16492874905431182,15__nan,PertCortex_15_GGTGTTACAAGGTTTC,3.75935088142217
45110,0.2045377057886236,15__nan,PertCortex_15_GGTGTTATCCGATATG,2.6931950311187864
45111,0.4764771078916588,15__nan,PertCortex_15_GGTGTTATCGTGACAT,2.4555731877878646
45112,0.24320262622405445,15__nan,PertCortex_15_GGTGTTATCTGCTTGC,2.9912110892223827
45113,0.20789834639955115,15__nan,PertCortex_15_GGTGTTATCTGGAGCC,2.3182642095709003
45114,0.08856204055996066,15__nan,PertCortex_15_GGTGTTATCTTGTTTG,3.826681994175647
45115,0.19434558894490278,15__nan,PertCortex_15_GTAACGTGTTCTGTTT,5.138647180032962
45116,0.299536864847759,15__nan,PertCortex_15_GTAACGTTCGATAGAA,2.594502339191554
45117,0.22411218000298155,15__nan,PertCortex_15_GTAACGTTCGATGAGG,3.777389681784013
45118,0.06705160010773092,15__nan,PertCortex_15_GTAACTGAGCATCATC,4.111466781989692
45119,0.1568435925129853,15__nan,PertCortex_15_GTAACTGAGGTCATCT,3.4465443422535285
45120,0.19844723646467433,15__nan,PertCortex_15_GTAACTGAGTGTGGCA,3.327824574011274
45121,0.1462968335794982,15__nan,PertCortex_15_GTAACTGCAATTCCTT,2.894174922775225
45122,0.21522616087003313,15__nan,PertCortex_15_GTAACTGGTACCGAGA,3.486315561739763
45123,0.1992853886582042,15__nan,PertCortex_15_GTAACTGGTATGGTTC,3.913356353763809
45124,0.16395559535564733,15__nan,PertCortex_15_GTAACTGGTCGACTGC,1.9946526131568882
45125,0.4413326966065081,15__nan,PertCortex_15_GTAACTGGTTCCACGG,1.8056796333812009
45126,0.16772470717049703,15__nan,PertCortex_15_GTACGTAAGAAGATTC,3.2764049402355355
45127,0.17948725618088432,15__nan,PertCortex_15_GTACGTAAGGAGCGTT,4.769512041299948
45128,0.13512077296681568,15__nan,PertCortex_15_GTACGTACATTCCTCG,4.4108626882955395
45129,0.08760978073255252,15__nan,PertCortex_15_GTACGTAGTCTAGTGT,3.731024694448956
45130,0.0970441481123794,15__nan,PertCortex_15_GTACGTATCTAACTCT,3.959019487912252
45131,0.12122136201767832,15__nan,PertCortex_15_GTACTCCAGATGTGGC,5.128411104861147
45132,0.11600732300083563,15__nan,PertCortex_15_GTACTCCCAAAGTCAA,4.222444405540069
45133,0.1270359855932128,15__nan,PertCortex_15_GTACTCCCACAACGCC,3.3040436761851195
45134,0.13500907229861558,15__nan,PertCortex_15_GTACTCCCAGACGCCT,1.94288486035985
45135,0.12370669592230811,15__nan,PertCortex_15_GTACTCCGTCTGCCAG,2.136917431331115
45136,0.2471864098756234,15__nan,PertCortex_15_GTACTCCGTTATCACG,3.5149562261937493
45137,0.10146093933445162,15__nan,PertCortex_15_GTACTCCTCAGGATCT,3.9131732278876137
45138,0.5938516561255212,15__nan,PertCortex_15_GTACTTTAGTGGGATC,1.9522073485238691
45139,0.13941019766666554,15__nan,PertCortex_15_GTACTTTCACTAGTAC,2.4313829961266102
45140,0.5217539791118596,15__nan,PertCortex_15_GTACTTTTCAACGGGA,2.0143164159012596
45141,0.2222648307962513,15__nan,PertCortex_15_GTACTTTTCTCTGTCG,3.8498587430412474
45142,0.23453629768252018,15__nan,PertCortex_15_GTAGGCCAGTGGGTTG,3.2823187685847426
45143,0.10719439762121205,15__nan,PertCortex_15_GTAGGCCCAAGAGTCG,3.5911136292078796
45144,0.4053602940076162,15__nan,PertCortex_15_GTAGGCCCAGCGTTCG,1.973871278192783
45145,0.1887794876286648,15__nan,PertCortex_15_GTAGGCCGTAGCACGA,3.041529326394722
45146,0.540066836010686,15__nan,PertCortex_15_GTAGGCCTCGCAGGCT,2.150792363092493
45147,0.47103825777662334,15__nan,PertCortex_15_GTAGTCACAACAACCT,2.0640988713054638
45148,0.05442893216770793,15__nan,PertCortex_15_GTAGTCAGTTCGTTGA,4.260540468269684
45149,0.14740328765275243,15__nan,PertCortex_15_GTATCTTAGGTGCAAC,4.663871952861975
45150,0.16873495839749386,15__nan,PertCortex_15_GTATCTTCAACACCCG,2.5695051978474144
45151,0.16966372873179078,15__nan,PertCortex_15_GTATCTTCACAGATTC,2.3757928634429955
45152,0.2798767782467197,15__nan,PertCortex_15_GTATCTTCATCAGTAC,3.1606318200230636
45153,0.11354343297773052,15__nan,PertCortex_15_GTATCTTGTAGATTAG,3.628449684623338
45154,0.09357940910998934,15__nan,PertCortex_15_GTATCTTGTGTTCTTT,3.957025493387998
45155,0.12332394278628363,15__nan,PertCortex_15_GTATCTTTCCTGCAGG,4.124231197472426
45156,0.051956345111649836,15__nan,PertCortex_15_GTATTCTAGGTGACCA,4.061202811203646
45157,0.32313632125447267,15__nan,PertCortex_15_GTATTCTCAAAGGCGT,3.4196085392468687
45158,0.20442004897110333,15__nan,PertCortex_15_GTATTCTCAAGCGCTC,3.186695831750585
45159,0.11427369154169405,15__nan,PertCortex_15_GTATTCTCAGGCGATA,4.5619544422217135
45160,0.1339496936660017,15__nan,PertCortex_15_GTATTCTGTTTGACTG,5.127648029039024
45161,0.24946055370697415,15__nan,PertCortex_15_GTCAAGTCAGCGAACA,3.412816755931015
45162,0.07888599241622166,15__nan,PertCortex_15_GTCAAGTGTTACGTCA,4.229496467028055
45163,0.10925438517821479,15__nan,PertCortex_15_GTCAAGTGTTAGAACA,4.846425191015185
45164,0.01511547564747059,15__nan,PertCortex_15_GTCAAGTGTTCCATGA,3.9856980405013607
45165,0.1342584169635549,15__nan,PertCortex_15_GTCAAGTTCAGTGTTG,4.331677616903864
45166,0.17407031964880323,15__nan,PertCortex_15_GTCAAGTTCCTACAGA,3.546962610920737
45167,0.1780538814742981,15__nan,PertCortex_15_GTCAAGTTCTGTCCGT,2.9583572969725145
45168,0.1781986551232927,15__nan,PertCortex_15_GTCAAGTTCTTTAGGG,4.253407419447959
45169,0.23789035183879972,15__nan,PertCortex_15_GTCACAACAAGCGATG,2.3646174057093177
45170,0.12551800049407577,15__nan,PertCortex_15_GTCACGGCAATGGATA,4.169446933787994
45171,0.6420150670677779,15__nan,PertCortex_15_GTCACGGCAGTGGAGT,1.9049555159425113
45172,0.2206618192851586,15__nan,PertCortex_15_GTCACGGTCTGCAAGT,2.3807633393148175
45173,0.5164835861545313,15__nan,PertCortex_15_GTCATTTAGAAACGAG,2.0206573267415666
45174,0.11720784888103811,15__nan,PertCortex_15_GTCCTCAAGCTGATAA,3.9965603877279667
45175,0.21380020726573473,15__nan,PertCortex_15_GTCCTCAAGCTGCAAG,3.271762721897792
45176,0.10846435340797898,15__nan,PertCortex_15_GTCCTCACAAACGTGG,5.664555520555465
45177,0.15287043752044516,15__nan,PertCortex_15_GTCCTCACACGGCGTT,4.561192053327729
45178,0.15290871443774634,15__nan,PertCortex_15_GTCCTCACATAGACTC,3.5963149951212237
45179,0.14709578955937347,15__nan,PertCortex_15_GTCCTCACATATACGC,3.3602410241721934
45180,0.14924477985464338,15__nan,PertCortex_15_GTCCTCACATATGAGA,4.192548660341214
45181,0.21166611154456663,15__nan,PertCortex_15_GTCCTCACATGACGGA,4.316838938046651
45182,0.16597354517125537,15__nan,PertCortex_15_GTCCTCATCTTGTCAT,3.5845742714911752
45183,0.13054908059778353,15__nan,PertCortex_15_GTCGGGTAGGCTAGCA,3.1308402608668264
45184,0.39199221050461347,15__nan,PertCortex_15_GTCGGGTCAGCTCGCA,2.5101528957281234
45185,0.12300837335105647,15__nan,PertCortex_15_GTCGGGTGTAAAGGAG,5.388756286505712
45186,0.0807430211854944,15__nan,PertCortex_15_GTCGGGTGTCAATGTC,3.245864372409246
45187,0.14220581378483557,15__nan,PertCortex_15_GTCGGGTGTCCCTACT,5.252338587451843
45188,0.03343530422925364,15__nan,PertCortex_15_GTCGGGTGTCTAACGT,4.4759530849806035
45189,0.4673493433959347,15__nan,PertCortex_15_GTCGGGTGTGTGAATA,1.8862484373264787
45190,0.3193218429238027,15__nan,PertCortex_15_GTCGGGTTCGTGGTCG,2.184913798561841
45191,0.20006397531712078,15__nan,PertCortex_15_GTCGTAACATGGATGG,3.0009004763659552
45192,0.06552964088034649,15__nan,PertCortex_15_GTCGTAAGTACTCAAC,3.294330889898736
45193,0.014456090202903454,15__nan,PertCortex_15_GTCGTAATCGGTCTAA,4.214608288649768
45194,0.005328554755882813,15__nan,PertCortex_15_GTCTCGTAGAAGGGTA,3.0690888869886432
45195,0.19497987075025627,15__nan,PertCortex_15_GTCTCGTAGCCAGGAT,4.025030031700649
45196,0.08610265929362358,15__nan,PertCortex_15_GTCTCGTCACGGTAAG,4.592308140556615
45197,0.47287295209260066,15__nan,PertCortex_15_GTCTCGTCAGATCGGA,2.3887783057852845
45198,0.08317482026075255,15__nan,PertCortex_15_GTCTCGTTCAGAAATG,4.595420513598989
45199,0.13032795012883996,15__nan,PertCortex_15_GTCTTCGAGCCTATGT,2.028544329397518
45200,0.0485332119269986,15__nan,PertCortex_15_GTCTTCGAGGCGTACA,4.86369941417175
45201,0.5403135432310764,15__nan,PertCortex_15_GTCTTCGCAATGGACG,1.5569325440173887
45202,0.15374193807597206,15__nan,PertCortex_15_GTCTTCGCATGATCCA,3.1585586856337797
45203,0.19843310507653764,15__nan,PertCortex_15_GTCTTCGTCAAAGTAG,3.8786195042400777
45204,0.19029200144244285,15__nan,PertCortex_15_GTCTTCGTCCGAGCCA,3.3200707559948994
45205,0.19300706733638556,15__nan,PertCortex_15_GTCTTCGTCGCCTGAG,2.2318583433507437
45206,0.1294298425037023,15__nan,PertCortex_15_GTCTTCGTCTCAAACG,4.447438649896582
45207,0.2022959449696908,15__nan,PertCortex_15_GTGAAGGAGCAGATCG,3.067743591139046
45208,0.41737671098800566,15__nan,PertCortex_15_GTGAAGGAGGTGGGTT,1.863736782026805
45209,0.11379061748998133,15__nan,PertCortex_15_GTGAAGGCAAATACAG,3.2271840548810706
45210,0.19050785193566247,15__nan,PertCortex_15_GTGAAGGGTGTGAAAT,2.910285230433905
45211,0.056787857809086593,15__nan,PertCortex_15_GTGCAGCAGAGGTTAT,2.7378007364791483
45212,0.025842622840435855,15__nan,PertCortex_15_GTGCAGCAGCTACCGC,3.30487631514701
45213,0.031554422786324476,15__nan,PertCortex_15_GTGCAGCTCAGCATGT,3.6910540568381354
45214,0.23435021523429087,15__nan,PertCortex_15_GTGCATAAGCCAGAAC,4.520482956448507
45215,0.5529731970289488,15__nan,PertCortex_15_GTGCATAAGGGATCTG,2.1754194387317294
45216,0.4941419649963754,15__nan,PertCortex_15_GTGCATAAGTGCCATT,1.981233925706007
45217,0.046880928844808066,15__nan,PertCortex_15_GTGCATACACAGGCCT,2.876740977992763
45218,0.06557086164626537,15__nan,PertCortex_15_GTGCATACATAGAAAC,4.595097615999637
45219,0.46597145848503624,15__nan,PertCortex_15_GTGCATACATCGATTG,2.0111128936760814
45220,0.17510750095894437,15__nan,PertCortex_15_GTGCATAGTAAGTTCC,3.0317579649785937
45221,0.22602812045822385,15__nan,PertCortex_15_GTGCATAGTCTGCCAG,2.816788820236131
45222,0.5451361636815796,15__nan,PertCortex_15_GTGCATAGTGTAACGG,2.680200691948281
45223,0.042926569877053684,15__nan,PertCortex_15_GTGCATATCGTCCAGG,4.192988797998769
45224,0.47423332175547783,15__nan,PertCortex_15_GTGCGGTAGCTGTCTA,1.6698481459373753
45225,0.18279831983716896,15__nan,PertCortex_15_GTGCGGTCACCATGTA,4.357882490091191
45226,0.22179618847067353,15__nan,PertCortex_15_GTGCGGTGTAACGACG,2.2043633129014943
45227,0.5004513918890023,15__nan,PertCortex_15_GTGCGGTGTCCCGACA,3.0475931410049726
45228,0.07130528294309321,15__nan,PertCortex_15_GTGCGGTGTCGCGGTT,3.9810605853283207
45229,0.21283930486494088,15__nan,PertCortex_15_GTGCTTCAGCCAGGAT,2.2086495063492944
45230,0.22276372768330124,15__nan,PertCortex_15_GTGCTTCCACACCGAC,2.6008663331897335
45231,0.08807642704420442,15__nan,PertCortex_15_GTGCTTCCAGTTCCCT,2.425919699608936
45232,0.08947521579740925,15__nan,PertCortex_15_GTGCTTCGTACACCGC,4.624980547666384
45233,0.10086308775636035,15__nan,PertCortex_15_GTGCTTCTCGGACAAG,2.7369790435174473
45234,0.22850696455613656,15__nan,PertCortex_15_GTGGGTCAGTTCCACA,5.218966464679264
45235,0.05468702208038558,15__nan,PertCortex_15_GTGGGTCTCACAAACC,4.360060638582923
45236,0.29199998585889747,15__nan,PertCortex_15_GTGTGCGAGCTAAGAT,1.7494216346191804
45237,0.08401160678707446,15__nan,PertCortex_15_GTGTGCGAGGAGTACC,4.453610605862308
45238,0.078224171777848,15__nan,PertCortex_15_GTGTGCGAGTACGACG,3.4682051098229847
45239,0.10861337675516901,15__nan,PertCortex_15_GTGTGCGCATCATCCC,2.0616333247830396
45240,0.20922616404278357,15__nan,PertCortex_15_GTGTGCGGTGTGTGCC,4.495819294340229
45241,0.22669515360297765,15__nan,PertCortex_15_GTGTGCGTCGGAATCT,2.202192381900345
45242,0.2710690645689619,15__nan,PertCortex_15_GTGTTAGCAGGACGTA,3.2061655480957043
45243,0.06429390071778421,15__nan,PertCortex_15_GTGTTAGCATGAGCGA,4.012066017652083
45244,0.01359176632986676,15__nan,PertCortex_15_GTGTTAGGTGAAGGCT,4.554790536879893
45245,0.29356470088257264,15__nan,PertCortex_15_GTGTTAGGTTGGTAAA,3.7497451101492296
45246,0.13149363785086118,15__nan,PertCortex_15_GTGTTAGTCAGCGACC,2.9223974466790734
45247,0.23944867591380756,15__nan,PertCortex_15_GTTAAGCAGCAAATCA,3.2058351015556883
45248,0.5212038947362502,15__nan,PertCortex_15_GTTAAGCAGCGTGTCC,2.1129667794586315
45249,0.24237713134869782,15__nan,PertCortex_15_GTTAAGCGTGATGTCT,2.775414814272508
45250,0.21585359618484165,15__nan,PertCortex_15_GTTAAGCGTTATCGGT,3.308369761271756
45251,0.16898366139857252,15__nan,PertCortex_15_GTTAAGCTCAACGGCC,4.192593424804998
45252,0.06660650831275532,15__nan,PertCortex_15_GTTAAGCTCAGCATGT,4.160425539756709
45253,0.19768586074456726,15__nan,PertCortex_15_GTTAAGCTCCGGCACA,3.0245696400721926
45254,0.3056260470163464,15__nan,PertCortex_15_GTTACAGCAACACCCG,3.0278873264312574
45255,0.12144122372267104,15__nan,PertCortex_15_GTTACAGGTAGTGAAT,4.816843545591564
45256,0.713775729601579,15__nan,PertCortex_15_GTTACAGTCACAAACC,1.3938037393426685
45257,0.1802494945744946,15__nan,PertCortex_15_GTTACAGTCACGACTA,5.0097490227731525
45258,0.12081384333492862,15__nan,PertCortex_15_GTTACAGTCGCATGGC,4.0054156645481305
45259,0.3207372941664919,15__nan,PertCortex_15_GTTACAGTCGCCAAAT,3.0240625375050065
45260,0.1257334959643712,15__nan,PertCortex_15_GTTCATTAGAACTGTA,4.548304223166028
45261,0.16632817990509066,15__nan,PertCortex_15_GTTCATTAGCCGATTT,3.5505857041010116
45262,0.5620653141696255,15__nan,PertCortex_15_GTTCATTAGTAGCGGT,2.47367729332839
45263,0.37212248476320925,15__nan,PertCortex_15_GTTCATTAGTGCGTGA,2.0782847710967127
45264,0.4796190696252189,15__nan,PertCortex_15_GTTCATTAGTGGTCCC,2.365143554468122
45265,0.1365005509233761,15__nan,PertCortex_15_GTTCATTCAGCTGTAT,2.327613324112479
45266,0.10863159895306528,15__nan,PertCortex_15_GTTCATTGTAGCGCTC,3.9805137978326868
45267,0.23646663713374635,15__nan,PertCortex_15_GTTCATTTCGGAGCAA,2.9486591480161755
45268,0.0059261583265076976,15__nan,PertCortex_15_GTTCATTTCTCACATT,3.708909980472338
45269,0.15641290535348681,15__nan,PertCortex_15_GTTCGGGAGGTGCAAC,4.575983326037464
45270,0.6080191419724735,15__nan,PertCortex_15_GTTCGGGCACCAGCAC,1.8841240835643087
45271,0.3599768845552287,15__nan,PertCortex_15_GTTCGGGGTAACGCGA,3.9242359161821
45272,0.22878378095189955,15__nan,PertCortex_15_GTTCGGGGTCTGCCAG,2.1478759373216314
45273,0.18242354573102196,15__nan,PertCortex_15_GTTCGGGGTGGCGAAT,3.2949526282485913
45274,0.11381497636936223,15__nan,PertCortex_15_GTTCGGGGTTACGGAG,2.344244077514667
45275,0.41601310788688817,15__nan,PertCortex_15_GTTCTCGGTAAGTGTA,2.4298141455304894
45276,0.26719527441689833,15__nan,PertCortex_15_GTTCTCGGTTCTCATT,3.2444564047709044
45277,0.538305413180544,15__nan,PertCortex_15_GTTCTCGTCAGGTAAA,1.9861154356335213
45278,0.055091832399802886,15__nan,PertCortex_15_GTTCTCGTCTCTAGGA,3.999991595763161
45279,0.6436559677560104,15__nan,PertCortex_15_GTTTCTAAGAAGATTC,1.815390868869184
45280,0.43975989618036604,15__nan,PertCortex_15_GTTTCTACAAACTGTC,2.5608235009729614
45281,0.18547363371169795,15__nan,PertCortex_15_GTTTCTACAATGTTGC,3.0412037476995986
45282,0.19158927086499633,15__nan,PertCortex_15_GTTTCTAGTACATGTC,3.5858390267539764
45283,0.40610382933131606,15__nan,PertCortex_15_GTTTCTAGTCGCATCG,2.4840197923061815
45284,0.18430687714179386,15__nan,PertCortex_15_GTTTCTAGTCTCTCTG,4.058645178622355
45285,0.18281282137648144,15__nan,PertCortex_15_GTTTCTATCATACGGT,3.812285258883335
45286,0.08013917594255461,15__nan,PertCortex_15_GTTTCTATCCCATTAT,2.784100528740534
45287,0.10791153571302155,15__nan,PertCortex_15_TAAACCGAGAAACGCC,4.960414978075196
45288,0.4114260352575877,15__nan,PertCortex_15_TAAACCGAGAAGCCCA,1.991024153388783
45289,0.21962256359553167,15__nan,PertCortex_15_TAAACCGCAGATGGCA,3.3444489112480484
45290,0.26510824262803634,15__nan,PertCortex_15_TAAACCGCAGGTCGTC,1.8579254344735983
45291,0.26084685996826773,15__nan,PertCortex_15_TAAACCGGTCGGCACT,1.5985300892709116
45292,0.48508405825075945,15__nan,PertCortex_15_TAAACCGTCAAACCAC,2.2161474501311593
45293,0.1415946664039028,15__nan,PertCortex_15_TAAACCGTCAAACGGG,3.1621599082078458
45294,0.09313029309363274,15__nan,PertCortex_15_TAAACCGTCCGCGGTA,4.070072157330283
45295,0.5510600200909752,15__nan,PertCortex_15_TAAACCGTCTGGTGTA,2.2462868829089038
45296,0.29876647109448046,15__nan,PertCortex_15_TAAGAGAAGCGATATA,1.9753704287077622
45297,0.13312105298758345,15__nan,PertCortex_15_TAAGAGACACACATGT,2.8786189982854404
45298,0.058280574023834374,15__nan,PertCortex_15_TAAGAGACATTACGAC,3.3767222800127126
45299,0.10345423989713377,15__nan,PertCortex_15_TAAGAGAGTCGCTTCT,3.9821609944060024
45300,0.15332850553061303,15__nan,PertCortex_15_TAAGAGAGTTTGCATG,3.948864958615493
45301,0.27569733150185893,15__nan,PertCortex_15_TAAGAGATCACGCGGT,2.68073338782407
45302,0.4527923581647953,15__nan,PertCortex_15_TAAGCGTAGAAACGAG,2.234541937407488
45303,0.4844606511083981,15__nan,PertCortex_15_TAAGCGTAGAATGTTG,2.5168908201983724
45304,0.2585192589275578,15__nan,PertCortex_15_TAAGCGTAGAGGGCTT,2.863611070556361
45305,0.4978038828089515,15__nan,PertCortex_15_TAAGCGTAGCGCTCCA,1.9348089591688082
45306,0.10539814438358237,15__nan,PertCortex_15_TAAGCGTAGTACATGA,3.4816402373540454
45307,0.11417544656954533,15__nan,PertCortex_15_TAAGCGTCAAACCCAT,5.115143467444474
45308,0.22672479801080078,15__nan,PertCortex_15_TAAGCGTGTCGGATCC,3.0282738981885897
45309,0.19741248335270237,15__nan,PertCortex_15_TAAGCGTGTCTTCGTC,4.234260582082365
45310,0.1891722821267632,15__nan,PertCortex_15_TAAGCGTGTTCGAATC,3.260844649360492
45311,0.09114225341795149,15__nan,PertCortex_15_TAAGCGTTCCGCATCT,4.349070438337978
45312,0.11828689795720539,15__nan,PertCortex_15_TAAGCGTTCTTCCTTC,3.721388556026308
45313,0.4855350390353887,15__nan,PertCortex_15_TAAGTGCAGAGGTTGC,1.6080982335054497
45314,0.17284996147890544,15__nan,PertCortex_15_TAAGTGCAGCTTTGGT,3.1193500844216304
45315,0.2093836252972184,15__nan,PertCortex_15_TAAGTGCAGTGGAGTC,3.763562945471107
45316,0.658645924484667,15__nan,PertCortex_15_TAAGTGCCACTGCCAG,1.6407153642206818
45317,0.03746064149601024,15__nan,PertCortex_15_TAAGTGCGTATGGTTC,4.296848844592198
45318,0.20258527090189585,15__nan,PertCortex_15_TAAGTGCGTCCATGAT,2.554973267118941
45319,0.07990865770008176,15__nan,PertCortex_15_TAAGTGCGTGCTGTAT,4.094101365128988
45320,0.07028450714602834,15__nan,PertCortex_15_TAAGTGCTCAAACGGG,3.9587325234905055
45321,0.44905251754041603,15__nan,PertCortex_15_TAAGTGCTCCCACTTG,2.6017925749153745
45322,0.12885043400275834,15__nan,PertCortex_15_TACACGAAGAAGATTC,2.7732936511732005
45323,0.06964180400112704,15__nan,PertCortex_15_TACACGACAGGCGATA,3.871849493357286
45324,0.2986258286231133,15__nan,PertCortex_15_TACACGATCGTATCAG,3.582672910108674
45325,0.6513228812252178,15__nan,PertCortex_15_TACAGTGAGAAAGTGG,1.7557863668185423
45326,0.1261219316168537,15__nan,PertCortex_15_TACAGTGAGACAGAGA,3.503454782505902
45327,0.22074956904987647,15__nan,PertCortex_15_TACAGTGAGAGCTGCA,3.0744893268084232
45328,0.1485220295176119,15__nan,PertCortex_15_TACAGTGAGTCAAGGC,3.6641528871517135
45329,0.05222666849491514,15__nan,PertCortex_15_TACAGTGTCATAGCAC,3.5295722766848066
45330,0.11437863778193422,15__nan,PertCortex_15_TACAGTGTCTTTAGGG,4.054812525183908
45331,0.2721871850667616,15__nan,PertCortex_15_TACCTATAGCTGTCTA,2.858474251310802
45332,0.077269293509153,15__nan,PertCortex_15_TACCTATTCAGGTAAA,3.0103641050493
45333,0.23355991021060138,15__nan,PertCortex_15_TACCTATTCTTTAGGG,3.431477882346675
45334,0.0649982446035646,15__nan,PertCortex_15_TACCTTAAGAAACCGC,3.5561632969621964
45335,0.24618846165000735,15__nan,PertCortex_15_TACCTTAGTATGGTTC,3.1636249477523224
45336,0.1578607527302441,15__nan,PertCortex_15_TACCTTAGTCTCCATC,4.081986921274124
45337,0.2327969424746355,15__nan,PertCortex_15_TACCTTAGTGTGTGCC,2.3065093516138586
45338,0.524711244870773,15__nan,PertCortex_15_TACGGATAGACTCGGA,2.0022119799980116
45339,0.06272049522171114,15__nan,PertCortex_15_TACGGATAGCCCAGCT,3.9586978813385194
45340,0.034120830012856554,15__nan,PertCortex_15_TACGGATAGCTACCGC,4.591839659557624
45341,0.10377903853518419,15__nan,PertCortex_15_TACGGATAGTTTCCTT,4.588402282914619
45342,0.14548029894728404,15__nan,PertCortex_15_TACGGATGTCCAGTAT,3.310332550479642
45343,0.07165721693233701,15__nan,PertCortex_15_TACGGGCAGGCTACGA,3.9257586511595957
45344,0.09069334529280562,15__nan,PertCortex_15_TACGGGCAGGGCTTCC,3.358196292182499
45345,0.6008524099846598,15__nan,PertCortex_15_TACGGGCAGTTAAGTG,1.5367359086195995
45346,0.20348503777278146,15__nan,PertCortex_15_TACGGGCGTCGTCTTC,4.299760291909477
45347,0.596412512006535,15__nan,PertCortex_15_TACGGGCTCACGCATA,2.0006256529672353
45348,0.18340103385121045,15__nan,PertCortex_15_TACGGGCTCATTCACT,3.896965861945083
45349,0.3302933750207586,15__nan,PertCortex_15_TACGGGCTCTATCCCG,1.8926874594166034
45350,0.27800285730468505,15__nan,PertCortex_15_TACGGTAAGCAATCTC,3.1487213950055164
45351,0.5564088686661147,15__nan,PertCortex_15_TACGGTACACCTTGTC,2.1592003787727174
45352,0.4084755599083717,15__nan,PertCortex_15_TACGGTACACGGCTAC,2.16814823000846
45353,0.0999769904346469,15__nan,PertCortex_15_TACGGTACAGTCTTCC,3.369123472100855
45354,0.17078281294482078,15__nan,PertCortex_15_TACGGTATCTTGCCGT,2.8167653422859464
45355,0.1795675576816095,15__nan,PertCortex_15_TACTCATAGACGCTTT,3.5302860865385113
45356,0.07924395084395339,15__nan,PertCortex_15_TACTCATCAGATAATG,3.8792622567096036
45357,0.008929887875457914,15__nan,PertCortex_15_TACTCATCATTCCTGC,3.2740772365860344
45358,0.07414080764689304,15__nan,PertCortex_15_TACTCATGTAGCGTAG,4.656752834499417
45359,0.3236897166230354,15__nan,PertCortex_15_TACTCATGTCTCTTTA,2.840302907873283
45360,0.5945776655169274,15__nan,PertCortex_15_TACTCATTCTGGCGTG,1.9702950853725503
45361,0.16390433916800642,15__nan,PertCortex_15_TACTCATTCTTGTCAT,2.4762988650529065
45362,0.33167277891587776,15__nan,PertCortex_15_TACTCGCAGCATGGCA,2.5837889931243754
45363,0.062189297777146345,15__nan,PertCortex_15_TACTCGCAGTAGGCCA,3.991580997381454
45364,0.3318158362974734,15__nan,PertCortex_15_TACTCGCGTAGTAGTA,1.9633480015976004
45365,0.153883850976418,15__nan,PertCortex_15_TACTCGCGTCAATACC,4.411383507711393
45366,0.3771939495853495,15__nan,PertCortex_15_TACTCGCGTCATGCAT,2.576495596368251
45367,0.5814454484342836,15__nan,PertCortex_15_TACTCGCTCAACACGT,1.828756324207116
45368,0.1625375835239286,15__nan,PertCortex_15_TACTTACAGAAAGTGG,2.7915049277072446
45369,0.15958661147839462,15__nan,PertCortex_15_TACTTACAGAAGGGTA,3.584111358482686
45370,0.12592140964966542,15__nan,PertCortex_15_TACTTACAGAGCTGGT,3.7608906551125685
45371,0.05527054765082612,15__nan,PertCortex_15_TACTTACAGCGTAGTG,4.3543188697311805
45372,0.5680450833685593,15__nan,PertCortex_15_TACTTACAGTGGACGT,2.2161689847314077
45373,0.15184168849214064,15__nan,PertCortex_15_TACTTACCACCTCGTT,2.804252263198883
45374,0.10399523396546127,15__nan,PertCortex_15_TACTTACCAGTAAGAT,4.562458377052277
45375,0.12048873981364219,15__nan,PertCortex_15_TACTTGTAGACAGAGA,3.8435224362367912
45376,0.21101841055089698,15__nan,PertCortex_15_TACTTGTAGGCAATTA,3.286411847383688
45377,0.5645929098666569,15__nan,PertCortex_15_TACTTGTCACCTCGGA,2.1789850738128083
45378,0.1955123402635553,15__nan,PertCortex_15_TACTTGTCACTCTGTC,2.942974242995774
45379,0.271113679570004,15__nan,PertCortex_15_TACTTGTGTGTAACGG,3.045759643910269
45380,0.08180382462597198,15__nan,PertCortex_15_TACTTGTTCTCGTATT,3.7805275328107193
45381,0.7006478838833344,15__nan,PertCortex_15_TACTTGTTCTGTTTGT,1.7009178192249788
45382,0.027793746221815616,15__nan,PertCortex_15_TAGACCAAGCTTCGCG,4.507751086171527
45383,0.1757453468562565,15__nan,PertCortex_15_TAGACCACAAGCTGGA,2.1613110167363287
45384,0.22326935854007257,15__nan,PertCortex_15_TAGACCATCTTGAGGT,3.1755018170128433
45385,0.11033291952579195,15__nan,PertCortex_15_TAGAGCTAGCTAAACA,2.9497299278590114
45386,0.17441712575683982,15__nan,PertCortex_15_TAGAGCTAGGCTCAGA,3.7717665101681788
45387,0.0599790308679958,15__nan,PertCortex_15_TAGAGCTAGGTGCACA,3.6471049301518494
45388,0.2074510600514661,15__nan,PertCortex_15_TAGAGCTAGTGCCATT,3.4462899323408402
45389,0.43662088925782344,15__nan,PertCortex_15_TAGAGCTAGTGCGTGA,2.3704963150045724
45390,0.6882364792868658,15__nan,PertCortex_15_TAGAGCTAGTGTCTCA,1.8260621182035184
45391,0.4048887397632694,15__nan,PertCortex_15_TAGAGCTAGTTACCCA,2.3215178761324835
45392,0.17000537018621223,15__nan,PertCortex_15_TAGAGCTGTCGCATCG,4.766446782221285
45393,0.13163258821479953,15__nan,PertCortex_15_TAGAGCTGTCTTCAAG,3.984207200840601
45394,0.13738964194023487,15__nan,PertCortex_15_TAGAGCTGTGATGTGG,4.420737637835631
45395,0.46288868296264507,15__nan,PertCortex_15_TAGAGCTTCTCATTCA,2.1945522538797744
45396,0.11457726446996731,15__nan,PertCortex_15_TAGCCGGAGTAGCGGT,3.4635377192065757
45397,0.1284007006012845,15__nan,PertCortex_15_TAGCCGGAGTTTGCGT,2.3923990352803255
45398,0.16539797806616874,15__nan,PertCortex_15_TAGCCGGCAAACGTGG,2.9149437590984224
45399,0.4977684652434766,15__nan,PertCortex_15_TAGCCGGCATATGAGA,1.773801422461369
45400,0.3805848683572498,15__nan,PertCortex_15_TAGCCGGCATCACGAT,2.0559438768752796
45401,0.38613168767450196,15__nan,PertCortex_15_TAGCCGGGTACCGTAT,2.847354498304148
45402,0.11942233957517026,15__nan,PertCortex_15_TAGGCATAGCAGCCTC,3.925212095125441
45403,0.0727037071776494,15__nan,PertCortex_15_TAGGCATAGGCTACGA,4.253196752420188
45404,0.15684584839215826,15__nan,PertCortex_15_TAGGCATCAGATGAGC,3.788486328135965
45405,0.08493254509929378,15__nan,PertCortex_15_TAGGCATTCAACCATG,4.544632764777551
45406,0.3042777963905597,15__nan,PertCortex_15_TAGGCATTCAGAGCTT,2.4868433544737183
45407,0.46846703244185356,15__nan,PertCortex_15_TAGGCATTCCCTCAGT,2.1525077328299904
45408,0.5082939780282971,15__nan,PertCortex_15_TAGGCATTCCTAAGTG,1.7861606680816025
45409,0.193007680422725,15__nan,PertCortex_15_TAGTGGTTCCGAGCCA,4.319775001217807
45410,0.16923437295796043,15__nan,PertCortex_15_TAGTTGGAGCACACAG,4.3611789914892105
45411,0.020597721032197015,15__nan,PertCortex_15_TAGTTGGAGTCTTGCA,3.6130547180402184
45412,0.08946888815044915,15__nan,PertCortex_15_TAGTTGGTCACGCATA,3.342401097793039
45413,0.21694390966860377,15__nan,PertCortex_15_TATCAGGAGCGCCTCA,2.9086889755169385
45414,0.61084650771124,15__nan,PertCortex_15_TATCAGGCACTACAGT,1.8070660514033074
45415,0.15588015310942316,15__nan,PertCortex_15_TATCAGGGTTCAACCA,2.498149928003443
45416,0.27905683076554255,15__nan,PertCortex_15_TATCAGGTCTAGAGTC,3.6229692139168046
45417,0.4811615039423008,15__nan,PertCortex_15_TATCTCAAGCCTATGT,2.0470745903665337
45418,0.16416308438943347,15__nan,PertCortex_15_TATCTCAGTACGCTGC,2.768080426866068
45419,0.34809563523299525,15__nan,PertCortex_15_TATCTCAGTTAAGTAG,3.0609800660610964
45420,0.18355388672556516,15__nan,PertCortex_15_TATCTCATCTCTGCTG,3.2558885737466117
45421,0.18903252599118256,15__nan,PertCortex_15_TATGCCCAGATCGGGT,2.803773323866001
45422,0.1893726508013405,15__nan,PertCortex_15_TATGCCCAGGGATACC,5.30406020780552
45423,0.36052385599586007,15__nan,PertCortex_15_TATGCCCCACGGTAAG,2.514271259988109
45424,0.03854979755168317,15__nan,PertCortex_15_TATGCCCCACTTAAGC,4.480099088460498
45425,0.1207621322289236,15__nan,PertCortex_15_TATGCCCGTATCACCA,3.9277112074083966
45426,0.09023325696030524,15__nan,PertCortex_15_TATGCCCGTGCAGACA,4.77943403240044
45427,0.08188477749298989,15__nan,PertCortex_15_TATTACCAGACGCAAC,3.169324175830097
45428,0.09119067385054139,15__nan,PertCortex_15_TATTACCAGATACACA,3.841302852334759
45429,0.14402151892156378,15__nan,PertCortex_15_TATTACCCACAGACTT,4.008266593516084
45430,0.20870314989753472,15__nan,PertCortex_15_TATTACCCATACGCTA,2.760621215659623
45431,0.050660064911627445,15__nan,PertCortex_15_TATTACCTCAAAGTAG,3.825998638077913
45432,0.13585876807422237,15__nan,PertCortex_15_TATTACCTCCAAGCCG,3.782556075153876
45433,0.1423477194965705,15__nan,PertCortex_15_TCAACGAAGACTAGAT,4.237274478602325
45434,0.06534591190786054,15__nan,PertCortex_15_TCAACGACAGATCCAT,3.8571123009199306
45435,0.09487647660290507,15__nan,PertCortex_15_TCAACGACAGTAGAGC,4.230150294669974
45436,0.2558300463389067,15__nan,PertCortex_15_TCAACGACAGTGACAG,2.6432083111520708
45437,0.14902043267788112,15__nan,PertCortex_15_TCAACGAGTAGAAGGA,4.4162612918069275
45438,0.2029736482463312,15__nan,PertCortex_15_TCAACGAGTTACTGAC,4.468797856718453
45439,0.22276646511756315,15__nan,PertCortex_15_TCAACGAGTTCTGTTT,3.913944651470401
45440,0.24004379507371715,15__nan,PertCortex_15_TCAACGATCCCACTTG,4.652321136756049
45441,0.5531217230215363,15__nan,PertCortex_15_TCAATCTCACGCATCG,1.9007980999284073
45442,0.0889190066564559,15__nan,PertCortex_15_TCAATCTGTTACGCGC,2.712060818126002
45443,0.10280544173582067,15__nan,PertCortex_15_TCAATCTGTTCCAACA,4.356586665976374
45444,0.13928743452562936,15__nan,PertCortex_15_TCAATCTTCACCTTAT,2.069458980025545
45445,0.16410342261857228,15__nan,PertCortex_15_TCAATCTTCGTAGGTT,4.191495074744502
45446,0.2250870685533236,15__nan,PertCortex_15_TCACAAGAGATCCCAT,3.373051495843216
45447,0.05981405060922202,15__nan,PertCortex_15_TCACAAGAGCTTCGCG,4.481513674412063
45448,0.18676227020036618,15__nan,PertCortex_15_TCACAAGAGTAGGTGC,3.123646530517744
45449,0.5843969432546734,15__nan,PertCortex_15_TCACGAAGTTCCACTC,1.9958053627632368
45450,0.15928860771939632,15__nan,PertCortex_15_TCACGAATCAGTCCCT,1.823255347807391
45451,0.3113960343515293,15__nan,PertCortex_15_TCACGAATCTGTCAAG,2.405242107620396
45452,0.5396373317719326,15__nan,PertCortex_15_TCAGATGAGAGGTAGA,2.3378649336314963
45453,0.20566552124137175,15__nan,PertCortex_15_TCAGATGAGCGATGAC,5.179649648786144
45454,0.4734251819210868,15__nan,PertCortex_15_TCAGATGGTTCGTCTC,1.6776480149096897
45455,0.18573858889648698,15__nan,PertCortex_15_TCAGATGTCCTTTACA,4.452044733485012
45456,0.08873487780907087,15__nan,PertCortex_15_TCAGATGTCGCGGATC,2.8884746645967483
45457,0.074292022702884,15__nan,PertCortex_15_TCAGCAAAGGGCTTGA,5.730069369843229
45458,0.17630017262232411,15__nan,PertCortex_15_TCAGCAACAAACGCGA,4.63371587198459
45459,0.16692827177319208,15__nan,PertCortex_15_TCAGCAACATAAAGGT,4.268582861726155
45460,0.1989094526399621,15__nan,PertCortex_15_TCAGCTCAGCGACGTA,2.556942332397808
45461,0.2456835602203286,15__nan,PertCortex_15_TCAGCTCCAAAGAATC,4.045111024423771
45462,0.04158260603511628,15__nan,PertCortex_15_TCAGCTCCACCCATTC,3.4903014583432737
45463,0.0964761741459686,15__nan,PertCortex_15_TCAGCTCGTACGCACC,3.8992618590472365
45464,0.47771121059399607,15__nan,PertCortex_15_TCAGCTCGTGTAACGG,2.384487561755881
45465,0.5524674416850877,15__nan,PertCortex_15_TCAGCTCTCCAAACTG,1.9795897922420804
45466,0.0702609497634562,15__nan,PertCortex_15_TCAGCTCTCGAATCCA,3.9857689868833783
45467,0.13729855971703178,15__nan,PertCortex_15_TCAGGATAGACCTTTG,4.6195767794753815
45468,0.11619145053189016,15__nan,PertCortex_15_TCAGGATAGTCAAGCG,3.4358872058076737
45469,0.12032370678730647,15__nan,PertCortex_15_TCAGGATCAAGTCATC,3.651374761713002
45470,0.39450784583088155,15__nan,PertCortex_15_TCAGGATCAATGTTGC,1.467386337403851
45471,0.2667081758282577,15__nan,PertCortex_15_TCAGGATGTGTCCTCT,2.634292927985848
45472,0.1575731268067428,15__nan,PertCortex_15_TCAGGTAAGAAACCGC,2.307109378221012
45473,0.2725900525992111,15__nan,PertCortex_15_TCAGGTAAGACAGACC,2.53351357337522
45474,0.14079844628260066,15__nan,PertCortex_15_TCAGGTACAAGAGGCT,4.7101726048472
45475,0.033253813956061105,15__nan,PertCortex_15_TCAGGTATCACATGCA,4.397201884273036
45476,0.6604057850177186,15__nan,PertCortex_15_TCATTACAGTGTTGAA,1.6491635561185298
45477,0.13620019240330633,15__nan,PertCortex_15_TCATTACCAGCCTGTG,4.348554689064367
45478,0.4507847331414287,15__nan,PertCortex_15_TCATTACGTTCAACCA,2.511654372019656
45479,0.45965439358119253,15__nan,PertCortex_15_TCATTACTCAACACTG,2.8907395957885136
45480,0.21583019851471738,15__nan,PertCortex_15_TCATTACTCCGCATAA,3.5420007446104367
45481,0.04525010925633255,15__nan,PertCortex_15_TCATTTGCAGCCAGAA,4.2198898975093275
45482,0.23206829706415144,15__nan,PertCortex_15_TCATTTGCAGCTGTTA,2.488485289872413
45483,0.16787341983154724,15__nan,PertCortex_15_TCATTTGGTATCAGTC,2.872862247271268
45484,0.14888874817510334,15__nan,PertCortex_15_TCATTTGTCTCCCTGA,4.90242138595892
45485,0.6638546667819011,15__nan,PertCortex_15_TCCACACAGACCTAGG,1.900637017010487
45486,0.059312066847474136,15__nan,PertCortex_15_TCCACACAGAGTAATC,4.7462052774934955
45487,0.04786115366407552,15__nan,PertCortex_15_TCCACACAGATTACCC,4.20390750103717
45488,0.0842075684995631,15__nan,PertCortex_15_TCCACACAGCTGCAAG,5.170013189335275
45489,0.3895783111899783,15__nan,PertCortex_15_TCCACACAGTTGTAGA,2.5213817832055945
45490,0.2108361071949212,15__nan,PertCortex_15_TCCACACCATTACCTT,3.8206422489743117
45491,0.167427405341955,15__nan,PertCortex_15_TCCACACGTGGCCCTA,2.053638309336793
45492,0.12076854967355874,15__nan,PertCortex_15_TCCACACTCGCGCCAA,2.8510230160832832
45493,0.21517865360337107,15__nan,PertCortex_15_TCCCGATCAACTTGAC,3.3965974765743194
45494,0.14478571353744266,15__nan,PertCortex_15_TCCCGATGTAGCGTGA,4.239908205997394
45495,0.07936747130567148,15__nan,PertCortex_15_TCCCGATTCGGCGCAT,4.363662347704265
45496,0.15553473132115228,15__nan,PertCortex_15_TCGAGGCGTAGCTTGT,5.186727222169691
45497,0.2783900691261836,15__nan,PertCortex_15_TCGAGGCTCAACGGCC,2.135116275165089
45498,0.5323360747617087,15__nan,PertCortex_15_TCGCGAGCATCTGGTA,2.04571735896216
45499,0.4357992329227689,15__nan,PertCortex_15_TCGCGAGGTACTCTCC,2.7555592316099706
45500,0.29884140663916614,15__nan,PertCortex_15_TCGCGTTAGGCCGAAT,2.3603082595096696
45501,0.16586019120975953,15__nan,PertCortex_15_TCGCGTTCAGTCAGCC,2.380962462019727
45502,0.3990987209738392,15__nan,PertCortex_15_TCGCGTTTCAAACGGG,2.6750795388708863
45503,0.2642582044804056,15__nan,PertCortex_15_TCGCGTTTCCTATGTT,3.589107929889884
45504,0.16205576556731544,15__nan,PertCortex_15_TCGCGTTTCGCGATCG,3.2820223784889877
45505,0.30594273971404484,15__nan,PertCortex_15_TCGCGTTTCGGTGTTA,1.953329394184566
45506,0.21539340710367982,15__nan,PertCortex_15_TCGCGTTTCTGTGCAA,2.490377557099453
45507,0.4365521134743883,15__nan,PertCortex_15_TCGGGACCACGACTCG,1.982787498253384
45508,0.04061615695918889,15__nan,PertCortex_15_TCGGGACTCAACGGGA,4.106741724530418
45509,0.25269875430149696,15__nan,PertCortex_15_TCGGGACTCGGAGGTA,3.1170622330672133
45510,0.06586027054216882,15__nan,PertCortex_15_TCGGTAACAAGAAAGG,4.008151508876671
45511,0.13356411497211057,15__nan,PertCortex_15_TCGGTAACACGCTTTC,3.6592957215077684
45512,0.15163703608010126,15__nan,PertCortex_15_TCGGTAAGTAGCGCAA,2.919778418486363
45513,0.2641468306350765,15__nan,PertCortex_15_TCGGTAAGTGAAGGCT,2.1468343190550176
45514,0.40817567990846215,15__nan,PertCortex_15_TCGGTAAGTTTCGCTC,2.0622365159324754
45515,0.15244292423819736,15__nan,PertCortex_15_TCGGTAATCATCGCTC,4.569154307975392
45516,0.19674620825483413,15__nan,PertCortex_15_TCGTACCAGGGTCTCC,2.1430031165915078
45517,0.16984853265003153,15__nan,PertCortex_15_TCGTACCCACGGCGTT,3.33783562637977
45518,0.6756323315990829,15__nan,PertCortex_15_TCGTACCCAGCTTAAC,1.6836360350376813
45519,0.04047335229936525,15__nan,PertCortex_15_TCGTACCGTCAGTGGA,4.138510871718739
45520,0.0423215763639051,15__nan,PertCortex_15_TCGTACCGTGTGGCTC,3.9014258669567563
45521,0.5489663061889245,15__nan,PertCortex_15_TCGTAGAAGACCGGAT,2.6364877344679525
45522,0.09389776864205904,15__nan,PertCortex_15_TCGTAGAAGGAATGGA,4.310001221478323
45523,0.1818273215248152,15__nan,PertCortex_15_TCGTAGAAGGCGACAT,3.5094374884754425
45524,0.248656831761913,15__nan,PertCortex_15_TCGTAGACAGGGTACA,3.1328117755367275
45525,0.35614023046996635,15__nan,PertCortex_15_TCGTAGAGTCAACATC,2.705406212653187
45526,0.2059969005495353,15__nan,PertCortex_15_TCGTAGATCCCAAGAT,4.245192202441381
45527,0.2375758171970728,15__nan,PertCortex_15_TCTATTGAGATGTAAC,3.50858519558077
45528,0.14991072887747092,15__nan,PertCortex_15_TCTATTGGTCATTAGC,3.862322113653738
45529,0.5540787798115286,15__nan,PertCortex_15_TCTATTGGTTCTGGTA,1.7719214476599263
45530,0.5333371254644936,15__nan,PertCortex_15_TCTATTGTCTTGCCGT,2.1434774295509533
45531,0.48439703884881685,15__nan,PertCortex_15_TCTCATAAGCCAGGAT,1.9992283012707843
45532,0.1871406405568487,15__nan,PertCortex_15_TCTCATAAGTGGCACA,3.2674265586801785
45533,0.620306993018917,15__nan,PertCortex_15_TCTCATACAAGCCCAC,1.8123232324079226
45534,0.10354788380252936,15__nan,PertCortex_15_TCTCATACAGCCTTTC,3.069615410219205
45535,0.058174705627735974,15__nan,PertCortex_15_TCTCATAGTAAAGTCA,3.2346314043636935
45536,0.14799053087295003,15__nan,PertCortex_15_TCTCATAGTTAAGATG,3.6264400853767884
45537,0.06722500245427106,15__nan,PertCortex_15_TCTCATATCCATGAGT,4.454461192004145
45538,0.18904108247839693,15__nan,PertCortex_15_TCTCTAAAGGGAGTAA,1.4097791399188049
45539,0.19236426520699756,15__nan,PertCortex_15_TCTCTAACACGAAACG,2.979250550548745
45540,0.23230676669770606,15__nan,PertCortex_15_TCTCTAAGTTATGCGT,5.187258822527359
45541,0.2596412136856885,15__nan,PertCortex_15_TCTGAGACAAATTGCC,2.7067211095530563
45542,0.11276093399701048,15__nan,PertCortex_15_TCTGAGACAATCACAC,3.5360460755366
45543,0.11334145233716367,15__nan,PertCortex_15_TCTGAGACACCTTGTC,3.1762133216499198
45544,0.0888861470550767,15__nan,PertCortex_15_TCTGAGAGTGACTACT,3.540237522792367
45545,0.09732669969256676,15__nan,PertCortex_15_TCTGGAAAGCTAGGCA,3.3444884208923367
45546,0.1322490843171353,15__nan,PertCortex_15_TCTGGAAAGTAGCCGA,4.021839761341
45547,0.27067233755581865,15__nan,PertCortex_15_TCTGGAACAAGTCATC,4.280143467277746
45548,0.0875273658896426,15__nan,PertCortex_15_TCTGGAACACGGTGTC,3.090361789473141
45549,0.18852837940316625,15__nan,PertCortex_15_TCTGGAAGTAGTAGTA,3.0696364181673124
45550,0.1483033554781673,15__nan,PertCortex_15_TCTGGAAGTCGGGTCT,4.22174354766595
45551,0.03881526995471146,15__nan,PertCortex_15_TCTGGAAGTGCGAAAC,4.048628993453327
45552,0.1978985448856981,15__nan,PertCortex_15_TCTGGAAGTTATCCGA,3.8947902122645526
45553,0.08513435249832994,15__nan,PertCortex_15_TCTTCGGAGAACTCGG,3.0777131957979207
45554,0.09081461493286959,15__nan,PertCortex_15_TCTTCGGAGTTAGGTA,4.891387867844026
45555,0.5465832535119961,15__nan,PertCortex_15_TCTTCGGCAGGATCGA,2.382823603383248
45556,0.2578738676569978,15__nan,PertCortex_15_TCTTCGGCATGTCCTC,3.8597640189536078
45557,0.21744336372308318,15__nan,PertCortex_15_TCTTCGGGTGACTACT,2.6752054548508086
45558,0.23969361223916982,15__nan,PertCortex_15_TCTTCGGGTTGTACAC,4.524383370671879
45559,0.03647503548589218,15__nan,PertCortex_15_TCTTTCCGTGTCCTCT,1.8832290119765518
45560,0.17344268476818078,15__nan,PertCortex_15_TCTTTCCGTGTTCGAT,3.355766479842656
45561,0.5739878462679089,15__nan,PertCortex_15_TCTTTCCGTTGGACCC,1.9450461044957692
45562,0.22129326955297066,15__nan,PertCortex_15_TGAAAGAAGGCGATAC,3.4804549095148984
45563,0.20197750776781,15__nan,PertCortex_15_TGAAAGAAGGTGCACA,2.860787172514967
45564,0.12163505741176163,15__nan,PertCortex_15_TGAAAGACACGGTAAG,4.902246469234283
45565,0.17714783079340374,15__nan,PertCortex_15_TGAAAGACAGGAACGT,2.7138747019924145
45566,0.12352384889741691,15__nan,PertCortex_15_TGAAAGAGTACCAGTT,4.3539139471698585
45567,0.05359538257699381,15__nan,PertCortex_15_TGAAAGAGTGAGCGAT,4.710932971537743
45568,0.3375146929342173,15__nan,PertCortex_15_TGAAAGAGTTCAGACT,3.1578562414722304
45569,0.09504735590800852,15__nan,PertCortex_15_TGAAAGATCCGAATGT,4.482937756454018
45570,0.22237677105940024,15__nan,PertCortex_15_TGAAAGATCTCGTTTA,3.4201124145105877
45571,0.06775391730931583,15__nan,PertCortex_15_TGACAACAGAGTACAT,4.530797076360862
45572,0.5834579396558924,15__nan,PertCortex_15_TGACAACAGCCACGTC,2.1376381152285764
45573,0.24895785451634742,15__nan,PertCortex_15_TGACAACAGCTACCTA,3.714165330995327
45574,0.47586058723845576,15__nan,PertCortex_15_TGACAACAGTTCGCGC,2.120835532469959
45575,0.5004852741056515,15__nan,PertCortex_15_TGACAACCACAACGTT,2.2399329339478604
45576,0.13332718972883736,15__nan,PertCortex_15_TGACAACCAGGGTACA,3.4763933023356928
45577,0.2543425578514685,15__nan,PertCortex_15_TGACAACCATCCTTGC,3.572373115099487
45578,0.13818496295359226,15__nan,PertCortex_15_TGACAACGTTATCACG,2.57760226817719
45579,0.19390474032771948,15__nan,PertCortex_15_TGACAACTCAAAGTAG,3.4593099355881054
45580,0.5852422439609786,15__nan,PertCortex_15_TGACAACTCTCAAGTG,1.6129153065134
45581,0.15019411322588538,15__nan,PertCortex_15_TGACAACTCTCTAAGG,3.346836771883321
45582,0.21152733407024585,15__nan,PertCortex_15_TGACAACTCTGTGCAA,3.545473861367423
45583,0.056314926587626477,15__nan,PertCortex_15_TGACGGCAGGATCGCA,2.876812432125838
45584,0.30235354385465274,15__nan,PertCortex_15_TGACGGCCAAAGCGGT,2.6376687043670315
45585,0.11044485863619762,15__nan,PertCortex_15_TGACGGCGTAGCGTCC,4.03638717785212
45586,0.5218379363597612,15__nan,PertCortex_15_TGACGGCGTCAACATC,1.8490398363202523
45587,0.11471979156518528,15__nan,PertCortex_15_TGACGGCGTCATCGGC,2.523577451056402
45588,0.17109580622010945,15__nan,PertCortex_15_TGACGGCGTTCCAACA,4.417428569878267
45589,0.1247318026422431,15__nan,PertCortex_15_TGACGGCTCTGGTATG,4.2761301062774
45590,0.47412759055640175,15__nan,PertCortex_15_TGACTAGAGGTGACCA,2.208301307756154
45591,0.04756253219644537,15__nan,PertCortex_15_TGACTAGCACATTCGA,3.853028222061902
45592,0.48649624526308916,15__nan,PertCortex_15_TGACTAGGTAGCGCAA,2.549546191416703
45593,0.14167164781660077,15__nan,PertCortex_15_TGACTAGGTCGCTTTC,3.354244001043683
45594,0.19759543321215464,15__nan,PertCortex_15_TGACTTTGTGACTACT,3.459039350978237
45595,0.2502354887433265,15__nan,PertCortex_15_TGACTTTGTTCCATGA,2.613550594089361
45596,0.5259908861201615,15__nan,PertCortex_15_TGACTTTTCGCACTCT,2.1128161460372525
45597,0.24658761078419522,15__nan,PertCortex_15_TGACTTTTCTTAACCT,3.1358012452643935
45598,0.39424345174013686,15__nan,PertCortex_15_TGAGAGGCAGCTTAAC,2.315721205715192
45599,0.36509106512184464,15__nan,PertCortex_15_TGAGAGGTCACCTTAT,4.082501446673799
45600,0.16009591627822323,15__nan,PertCortex_15_TGAGCATAGCTCCTTC,2.0214337248366427
45601,0.1432025563987943,15__nan,PertCortex_15_TGAGCATGTAGCCTAT,3.088436579726344
45602,0.09354166834731091,15__nan,PertCortex_15_TGAGCATTCACGCGGT,4.254594914430143
45603,0.5284826575994859,15__nan,PertCortex_15_TGAGCATTCCAAACAC,2.1526914742548864
45604,0.20411088116315756,15__nan,PertCortex_15_TGAGCATTCCTTTACA,3.2674893032977943
45605,0.15858468172940549,15__nan,PertCortex_15_TGAGCATTCGTCCGTT,3.910020641933216
45606,0.15702849165607116,15__nan,PertCortex_15_TGAGCATTCTTAACCT,5.1135639959886365
45607,0.2697854295329733,15__nan,PertCortex_15_TGAGCCGAGCGTTCCG,2.200264770742139
45608,0.3064558318983908,15__nan,PertCortex_15_TGAGCCGGTCAGCTAT,3.017301845777607
45609,0.11938624150127633,15__nan,PertCortex_15_TGAGCCGGTCAGGACA,5.012069004046101
45610,0.5052973250416285,15__nan,PertCortex_15_TGAGCCGGTTACTGAC,1.7880811382379809
45611,0.10351899827148635,15__nan,PertCortex_15_TGAGCCGTCGGCATCG,3.4691053761224073
45612,0.054543878146073976,15__nan,PertCortex_15_TGAGCCGTCTGGAGCC,2.7201576009404445
45613,0.22530637342076704,15__nan,PertCortex_15_TGAGGGAAGACAATAC,3.1288012713128226
45614,0.17188271535147373,15__nan,PertCortex_15_TGAGGGAGTATAATGG,2.672281467079798
45615,0.1606223907057348,15__nan,PertCortex_15_TGATTTCAGAGTGAGA,4.546038161550704
45616,0.2229933084596178,15__nan,PertCortex_15_TGATTTCAGGACCACA,1.906894308735665
45617,0.28943924155688094,15__nan,PertCortex_15_TGATTTCCAAAGCAAT,3.2066460915891972
45618,0.44789162965381063,15__nan,PertCortex_15_TGATTTCGTCATCGGC,2.2434946027179894
45619,0.12544060967878096,15__nan,PertCortex_15_TGATTTCTCCTAGGGC,4.909356686774279
45620,0.1122160919099779,15__nan,PertCortex_15_TGATTTCTCGAGAACG,3.9699446142545365
45621,0.24751645903225175,15__nan,PertCortex_15_TGCACCTAGGGATACC,3.687381195356373
45622,0.24710967832363223,15__nan,PertCortex_15_TGCACCTCACGCGAAA,3.4844635090072997
45623,0.14145467808117568,15__nan,PertCortex_15_TGCACCTCAGGTCTCG,4.016663017599724
45624,0.08768263500645718,15__nan,PertCortex_15_TGCACCTGTAGGCATG,3.5577852912287966
45625,0.3530608194554796,15__nan,PertCortex_15_TGCACCTGTATCGCAT,3.0885242608058365
45626,0.19269491438838385,15__nan,PertCortex_15_TGCACCTGTCGGGTCT,2.992485948542253
45627,0.18182403559299806,15__nan,PertCortex_15_TGCACCTGTTCTCATT,3.027590838684527
45628,0.5756259386097017,15__nan,PertCortex_15_TGCACCTTCATGGTCA,2.120811239011282
45629,0.07439682258816295,15__nan,PertCortex_15_TGCACCTTCGAGGTAG,5.023018985533168
45630,0.30876707783211915,15__nan,PertCortex_15_TGCACCTTCTGCCAGG,2.9035537167971546
45631,0.09976430375787854,15__nan,PertCortex_15_TGCCAAACAAATTGCC,4.383389439843171
45632,0.2126537456265679,15__nan,PertCortex_15_TGCCAAAGTACCAGTT,4.326443167704048
45633,0.2974156698908783,15__nan,PertCortex_15_TGCCAAAGTAGGGACT,2.9260468303393545
45634,0.13939854432249812,15__nan,PertCortex_15_TGCCCATCAATTCCTT,3.449941755862048
45635,0.5270059596407517,15__nan,PertCortex_15_TGCCCATGTCCGTTAA,1.93957843556314
45636,0.2211496078026914,15__nan,PertCortex_15_TGCCCATGTGAGTATA,2.5539576964577018
45637,0.20565998766138352,15__nan,PertCortex_15_TGCCCTAAGCCTTGAT,3.473820592806068
45638,0.48811304858797555,15__nan,PertCortex_15_TGCCCTACAATGGACG,1.7903916126811676
45639,0.1391562427862476,15__nan,PertCortex_15_TGCCCTACACCTGGTG,3.9498691461137225
45640,0.07333322581234789,15__nan,PertCortex_15_TGCCCTACAGAAGCAC,2.833897976108467
45641,0.2841028241167687,15__nan,PertCortex_15_TGCCCTAGTAAAGTCA,3.54995608523775
45642,0.13947278249915374,15__nan,PertCortex_15_TGCCCTAGTATAGGGC,3.813924415501775
45643,0.1744811534163813,15__nan,PertCortex_15_TGCCCTAGTGTGGTTT,3.374194296360582
45644,0.22541579041560023,15__nan,PertCortex_15_TGCCCTATCCAGTATG,4.101794196392957
45645,0.1834683787649092,15__nan,PertCortex_15_TGCGCAGCACCAGGCT,3.6114896987679947
45646,0.04164552397938594,15__nan,PertCortex_15_TGCGCAGCAGACAAGC,2.672254711727952
45647,0.29183223685360044,15__nan,PertCortex_15_TGCGCAGCAGTATCTG,1.8153150118854282
45648,0.11811487821993087,15__nan,PertCortex_15_TGCGCAGGTGGCTCCA,3.07270436552616
45649,0.12797826445396937,15__nan,PertCortex_15_TGCGCAGTCCAAAGTC,4.273292933428711
45650,0.2456578425752534,15__nan,PertCortex_15_TGCGCAGTCGTTACAG,3.0215581119090213
45651,0.16214924782269802,15__nan,PertCortex_15_TGCGGGTAGTTTGCGT,3.363839038050285
45652,0.18234482510544994,15__nan,PertCortex_15_TGCGGGTTCAACACTG,4.494969871097041
45653,0.17868212474958875,15__nan,PertCortex_15_TGCGGGTTCGTCGTTC,4.2471647257120715
45654,0.646719673560706,15__nan,PertCortex_15_TGCGGGTTCTAACGGT,1.5896372701951418
45655,0.6317159225066923,15__nan,PertCortex_15_TGCGTGGAGAGCAATT,2.041185638061972
45656,0.13631311386554343,15__nan,PertCortex_15_TGCGTGGCACTCAGGC,3.3654067806283376
45657,0.21656021079518073,15__nan,PertCortex_15_TGCGTGGCACTTCGAA,3.1053728412772243
45658,0.28171095376896194,15__nan,PertCortex_15_TGCGTGGCAGGAATCG,3.0808748085855004
45659,0.11406078977663621,15__nan,PertCortex_15_TGCGTGGGTCTGCAAT,3.9956763122684094
45660,0.2144438584446547,15__nan,PertCortex_15_TGCGTGGTCCACTGGG,2.8078928676856494
45661,0.16754863338345322,15__nan,PertCortex_15_TGCGTGGTCTGCCAGG,4.659243484604867
45662,0.16823269113929207,15__nan,PertCortex_15_TGCTACCCAGACGCAA,3.1502578366352116
45663,0.14293746530596052,15__nan,PertCortex_15_TGCTACCCATGACATC,3.259681556462161
45664,0.18747313339638239,15__nan,PertCortex_15_TGCTACCGTCCTCTTG,4.129861129002912
45665,0.06302552028488001,15__nan,PertCortex_15_TGCTACCGTCTCTTAT,5.23989550717988
45666,0.6279980402142713,15__nan,PertCortex_15_TGCTACCGTCTTCGTC,1.4811809887979015
45667,0.14161766072598062,15__nan,PertCortex_15_TGCTGCTAGTTCGCGC,3.301874945378432
45668,0.43808154017102113,15__nan,PertCortex_15_TGCTGCTCAGCCACCA,2.3720141667600227
45669,0.23149097311545613,15__nan,PertCortex_15_TGCTGCTGTCCATGAT,2.7757416436907696
45670,0.4602798022392406,15__nan,PertCortex_15_TGCTGCTGTCTAGTGT,1.6871011951517503
45671,0.1160115422283821,15__nan,PertCortex_15_TGCTGCTGTCTTGCGG,3.145851821794292
45672,0.26232321444046525,15__nan,PertCortex_15_TGCTGCTTCTGTCTCG,3.6837213027524034
45673,0.10579247772257871,15__nan,PertCortex_15_TGGACGCAGGACAGAA,4.245863137485858
45674,0.20802711762435436,15__nan,PertCortex_15_TGGACGCAGGGTGTGT,3.186868598903566
45675,0.5754220605505859,15__nan,PertCortex_15_TGGACGCCACGAAATA,1.807676517052099
45676,0.2469928607863573,15__nan,PertCortex_15_TGGACGCCATATGAGA,2.2403876806869993
45677,0.09713522570179643,15__nan,PertCortex_15_TGGACGCGTACCATCA,4.071308098767462
45678,0.12821413601594625,15__nan,PertCortex_15_TGGCCAGAGACGCACA,3.43117381621294
45679,0.11875230880106023,15__nan,PertCortex_15_TGGCCAGAGCTGCCCA,4.782363324315281
45680,0.24311192287463618,15__nan,PertCortex_15_TGGCCAGGTAGCGTAG,3.8943456409368884
45681,0.1318895862735274,15__nan,PertCortex_15_TGGCCAGGTATAGGGC,2.9202009358768977
45682,0.25178927714767574,15__nan,PertCortex_15_TGGCCAGGTTAAGGGC,2.3978561204158386
45683,0.10095563474360528,15__nan,PertCortex_15_TGGCGCAAGGTGTTAA,4.803144703595457
45684,0.3534684394954436,15__nan,PertCortex_15_TGGCGCACAGCTGTGC,2.2204678001932114
45685,0.2943094331493401,15__nan,PertCortex_15_TGGCGCACATTCCTGC,3.6531347657711604
45686,0.2120339693170644,15__nan,PertCortex_15_TGGCGCAGTCAACTGT,2.8830152871145938
45687,0.060275620482276845,15__nan,PertCortex_15_TGGCGCATCAAGAAGT,3.4119245133478806
45688,0.11512894130433697,15__nan,PertCortex_15_TGGCTGGAGCATCATC,3.884522249072984
45689,0.1910160205433121,15__nan,PertCortex_15_TGGCTGGAGGCATGGT,3.2704368986273167
45690,0.0626982381284082,15__nan,PertCortex_15_TGGCTGGCAAGACACG,4.335069233131396
45691,0.12205012287971363,15__nan,PertCortex_15_TGGCTGGGTAGCTAAA,2.156651918331973
45692,0.10913486260074233,15__nan,PertCortex_15_TGGCTGGTCGCCTGAG,1.6760403997258886
45693,0.12089065697727899,15__nan,PertCortex_15_TGGCTGGTCTGTCAAG,2.3141123265224297
45694,0.25515894207123496,15__nan,PertCortex_15_TGGGAAGAGAACAACT,2.4562282057713327
45695,0.03216107214876301,15__nan,PertCortex_15_TGGGAAGCAATAAGCA,4.7073839490221525
45696,0.18136269684963374,15__nan,PertCortex_15_TGGGAAGCAATGGAGC,4.146896695763952
45697,0.21001284000054965,15__nan,PertCortex_15_TGGGAAGCACAGACAG,3.9056849377789726
45698,0.08813012497868686,15__nan,PertCortex_15_TGGGAAGCAGGAATCG,4.2347614741505515
45699,0.13823033974500162,15__nan,PertCortex_15_TGGGAAGGTTACGACT,2.5226077197983763
45700,0.19208584141140708,15__nan,PertCortex_15_TGGGCGTCACCAGCAC,2.9827061785230944
45701,0.22047205937407588,15__nan,PertCortex_15_TGGGCGTGTTAAGTAG,4.249530903180117
45702,0.22743763740278747,15__nan,PertCortex_15_TGGGCGTTCAGTTAGC,2.6283153599363143
45703,0.5647176506461659,15__nan,PertCortex_15_TGGTTAGCAATGAATG,2.268081116560288
45704,0.08401157663379981,15__nan,PertCortex_15_TGGTTAGGTTCTCATT,2.736210315952274
45705,0.13961534181905955,15__nan,PertCortex_15_TGGTTAGGTTTGTGTG,2.4310244355954627
45706,0.11557686833251103,15__nan,PertCortex_15_TGGTTAGTCTTACCGC,3.1316981386634763
45707,0.6145003116833779,15__nan,PertCortex_15_TGGTTAGTCTTGTACT,2.5366259514579395
45708,0.47233778760441214,15__nan,PertCortex_15_TGGTTCCAGAGCAATT,1.9152481986586403
45709,0.11489307587855278,15__nan,PertCortex_15_TGGTTCCAGCGCCTCA,3.4262097768497415
45710,0.1090444639263556,15__nan,PertCortex_15_TGGTTCCAGGGTCGAT,2.9291805239944555
45711,0.19164347131649387,15__nan,PertCortex_15_TGGTTCCCAAACGCGA,3.1099054305651515
45712,0.038956593414365595,15__nan,PertCortex_15_TGGTTCCTCTGCTGTC,3.942815186938665
45713,0.19843420860120906,15__nan,PertCortex_15_TGTATTCGTTGTACAC,4.18066141988207
45714,0.08851455198810879,15__nan,PertCortex_15_TGTATTCTCCAGATCA,4.45588848265014
45715,0.44597569168853324,15__nan,PertCortex_15_TGTCCCAAGACCGGAT,1.6895190354826122
45716,0.20500124044432289,15__nan,PertCortex_15_TGTCCCAAGTACACCT,3.846977593686486
45717,0.16780583360929327,15__nan,PertCortex_15_TGTCCCAAGTTCGCGC,3.548237006422778
45718,0.16847709415193846,15__nan,PertCortex_15_TGTCCCACAAACCTAC,4.4136824476700856
45719,0.12407054176194394,15__nan,PertCortex_15_TGTCCCACAGTCAGCC,4.51247335975081
45720,0.1799724349114635,15__nan,PertCortex_15_TGTCCCACATACTACG,4.301597608636743
45721,0.1515046481395165,15__nan,PertCortex_15_TGTCCCAGTAGGCATG,3.2241222502334095
45722,0.1295979268872042,15__nan,PertCortex_15_TGTCCCAGTCATTAGC,4.530143810230574
45723,0.21954301806878526,15__nan,PertCortex_15_TGTCCCAGTCGGCATC,3.212776611295499
45724,0.19245974563606613,15__nan,PertCortex_15_TGTCCCAGTGCACTTA,2.9166171104118903
45725,0.3048396895288694,15__nan,PertCortex_15_TGTCCCATCGCACTCT,2.3415258190374115
45726,0.195186500427553,15__nan,PertCortex_15_TGTGGTAAGAGTCTGG,3.567477904900267
45727,0.02517441978232352,15__nan,PertCortex_15_TGTGGTAAGTTTAGGA,4.20806168330342
45728,0.4609896729821369,15__nan,PertCortex_15_TGTGGTACAGGCTGAA,2.4960913056859053
45729,0.14716340260177843,15__nan,PertCortex_15_TGTGGTAGTCCATGAT,3.9141501222018387
45730,0.17062885836931543,15__nan,PertCortex_15_TGTGGTATCCAAACAC,2.7336847981381136
45731,0.1516692297017165,15__nan,PertCortex_15_TGTGGTATCCCTGACT,2.9188937178283823
45732,0.17125865095796164,15__nan,PertCortex_15_TGTGTTTCAATGACCT,2.9845600620201305
45733,0.3321175329365507,15__nan,PertCortex_15_TGTGTTTCACTATCTT,2.691520950434994
45734,0.16932534126245916,15__nan,PertCortex_15_TGTGTTTGTCATCGGC,2.207553136089932
45735,0.3763754041178494,15__nan,PertCortex_15_TGTGTTTGTTCACGGC,2.4641523417038327
45736,0.16640404968501407,15__nan,PertCortex_15_TGTGTTTGTTTGACAC,4.724437437085245
45737,0.12053894026096107,15__nan,PertCortex_15_TGTGTTTTCGTACCGG,3.040611989547063
45738,0.12065286702627645,15__nan,PertCortex_15_TGTGTTTTCTAAGCCA,3.101462121499696
45739,0.26264098425472854,15__nan,PertCortex_15_TGTTCCGAGCCACTAT,3.203558444772112
45740,0.1145756177621221,15__nan,PertCortex_15_TGTTCCGCACATCTTT,4.340831494210381
45741,0.14130636780573044,15__nan,PertCortex_15_TGTTCCGCAGGGTATG,2.280932668886468
45742,0.07823921992950968,15__nan,PertCortex_15_TGTTCCGTCTGAAAGA,3.1433285034472576
45743,0.22725186913048956,15__nan,PertCortex_15_TTAACTCCACTTAACG,3.9168482580352895
45744,0.26456128554289515,15__nan,PertCortex_15_TTAACTCGTACCGTAT,2.5292562868278146
45745,0.18805336878328108,15__nan,PertCortex_15_TTAACTCGTATAAACG,2.8633380262814643
45746,0.1653325869597746,15__nan,PertCortex_15_TTAACTCGTCGGCATC,4.046374901907578
45747,0.3010738435251057,15__nan,PertCortex_15_TTAACTCGTGACAAAT,2.0619138869332874
45748,0.09699470554312996,15__nan,PertCortex_15_TTAACTCTCAAGAAGT,3.695341115526956
45749,0.12962966471128543,15__nan,PertCortex_15_TTAACTCTCAGAGGTG,3.900654729097052
45750,0.0854866640267407,15__nan,PertCortex_15_TTAACTCTCCAGATCA,4.934135914854334
45751,0.15283181374503918,15__nan,PertCortex_15_TTAACTCTCCTTGCCA,2.9463346446691814
45752,0.08131936494893842,15__nan,PertCortex_15_TTAACTCTCTGTCTAT,3.9450537146409275
45753,0.6118634897694182,15__nan,PertCortex_15_TTAGGACAGTCGTTTG,2.074837661076808
45754,0.4434669907742323,15__nan,PertCortex_15_TTAGGACCACATCCAA,2.2935910867234988
45755,0.22287377666656563,15__nan,PertCortex_15_TTAGGACGTAGCAAAT,3.0234819829496784
45756,0.09678931049312375,15__nan,PertCortex_15_TTAGGACGTCGGGTCT,4.308000351408102
45757,0.11241337623441264,15__nan,PertCortex_15_TTAGGCAAGCTGTCTA,3.8452240214010303
45758,0.1624942738443548,15__nan,PertCortex_15_TTAGTTCCATATGCTG,4.261248140713444
45759,0.24582190825558414,15__nan,PertCortex_15_TTAGTTCGTACCCAAT,3.359045224136249
45760,0.082709767805869,15__nan,PertCortex_15_TTAGTTCGTCGGGTCT,4.580552135287662
45761,0.1422960399028992,15__nan,PertCortex_15_TTATGCTAGTACCGGA,3.12355173093751
45762,0.2028549946883806,15__nan,PertCortex_15_TTATGCTGTGGCCCTA,2.9418448591748994
45763,0.10711480723034393,15__nan,PertCortex_15_TTATGCTGTTAAAGTG,2.714255882597321
45764,0.42544136146641276,15__nan,PertCortex_15_TTCCCAGAGACTTGAA,2.3024796791436444
45765,0.16064835978622202,15__nan,PertCortex_15_TTCCCAGAGTACGACG,3.9523988573237245
45766,0.06632849775933324,15__nan,PertCortex_15_TTCCCAGGTAGTGAAT,4.255964426802532
45767,0.14318629433054592,15__nan,PertCortex_15_TTCCCAGGTGATAAGT,4.689366670418856
45768,0.5959791790201474,15__nan,PertCortex_15_TTCCCAGTCTGCGGCA,1.6367815435321138
45769,0.13715583742369888,15__nan,PertCortex_15_TTCGAAGAGTGTACGG,4.081157216039039
45770,0.27797934802620555,15__nan,PertCortex_15_TTCGAAGCAGCTGTTA,2.7880254756195644
45771,0.3182989536725409,15__nan,PertCortex_15_TTCGAAGTCTGTACGA,1.796136837547903
45772,0.20843182112629308,15__nan,PertCortex_15_TTCGAAGTCTTGAGAC,4.0966115391399125
45773,0.1551898398896467,15__nan,PertCortex_15_TTCGGTCAGAAGAAGC,4.168429804492989
45774,0.12236325903739376,15__nan,PertCortex_15_TTCGGTCAGACGCTTT,4.099856155360257
45775,0.13535375953111942,15__nan,PertCortex_15_TTCGGTCCAATGAATG,4.770587440028054
45776,0.5364932880520346,15__nan,PertCortex_15_TTCGGTCGTGCCTGTG,2.0327881514699477
45777,0.13061832468675932,15__nan,PertCortex_15_TTCTACAAGCGTCAAG,3.9643127677997363
45778,0.3878222144713429,15__nan,PertCortex_15_TTCTACACACCTTGTC,3.2606023832111024
45779,0.17040486835180985,15__nan,PertCortex_15_TTCTACACAGGTCTCG,3.0883098385027794
45780,0.30410240868498056,15__nan,PertCortex_15_TTCTACAGTCAGAATA,3.33763996968869
45781,0.11406901460134491,15__nan,PertCortex_15_TTCTCAAAGGGTCGAT,4.119939386960487
45782,0.30478965642647154,15__nan,PertCortex_15_TTCTCAATCATGCATG,2.471374534668449
45783,0.15085459850059302,15__nan,PertCortex_15_TTCTCCTAGAATCTCC,4.740992805814428
45784,0.2697992286927648,15__nan,PertCortex_15_TTCTCCTAGCTTATCG,2.695257881638183
45785,0.20685401829147473,15__nan,PertCortex_15_TTCTCCTAGTACGTTC,3.224661076745156
45786,0.5054697199388769,15__nan,PertCortex_15_TTCTCCTCACGGCGTT,2.017485391626629
45787,0.33101354462175564,15__nan,PertCortex_15_TTCTCCTGTCGCTTCT,2.878706491025423
45788,0.18337263576902862,15__nan,PertCortex_15_TTCTCCTTCCTCTAGC,5.0084929333313095
45789,0.17267630704512765,15__nan,PertCortex_15_TTCTCCTTCTGATACG,3.081374349962373
45790,0.09550714944530085,15__nan,PertCortex_15_TTCTTAGAGACTCGGA,5.742974157264597
45791,0.06874972252656289,15__nan,PertCortex_15_TTCTTAGCACCTCGGA,4.388469820850036
45792,0.40920853964549275,15__nan,PertCortex_15_TTGAACGGTAAGGATT,1.960221731015081
45793,0.0378498584814588,15__nan,PertCortex_15_TTGAACGGTCCGAAGA,4.384031912811413
45794,0.16858573469802762,15__nan,PertCortex_15_TTGAACGGTGCCTGCA,2.1889132128272832
45795,0.06791316285035492,15__nan,PertCortex_15_TTGAACGGTTCGTGAT,3.598582407352389
45796,0.048368564467046515,15__nan,PertCortex_15_TTGAACGTCTGCTGCT,3.7442516573733444
45797,0.18766496767182916,15__nan,PertCortex_15_TTGACTTAGGAGCGTT,3.167890858003586
45798,0.4889399622659295,15__nan,PertCortex_15_TTGACTTAGTACACCT,2.1993415473952944
45799,0.05671194679843622,15__nan,PertCortex_15_TTGACTTCAAGTAATG,2.869377759403357
45800,0.23657515703390417,15__nan,PertCortex_15_TTGACTTGTAGCTAAA,3.1346890870208197
45801,0.1565548790014241,15__nan,PertCortex_15_TTGACTTGTTCCCGAG,3.245130285836178
45802,0.17341871735150555,15__nan,PertCortex_15_TTGACTTGTTGTGGAG,3.947158993881569
45803,0.19962236519337123,15__nan,PertCortex_15_TTGACTTTCGGGAGTA,2.0744694495028475
45804,0.4561462180587424,15__nan,PertCortex_15_TTGCCGTAGTGTGAAT,2.5557136077504117
45805,0.1672505687036762,15__nan,PertCortex_15_TTGCCGTCACGGTTTA,3.6357965392296436
45806,0.206139795912511,15__nan,PertCortex_15_TTGCCGTGTTAGGGTG,3.727836414811547
45807,0.39227438279719407,15__nan,PertCortex_15_TTGCGTCAGTACTTGC,2.1413374242173293
45808,0.22641107080046263,15__nan,PertCortex_15_TTGCGTCAGTGACTCT,2.4837959471975055
45809,0.23045018345964266,15__nan,PertCortex_15_TTGCGTCAGTGGGATC,2.6120485529842683
45810,0.43521333800650397,15__nan,PertCortex_15_TTGCGTCCATTACCTT,2.511040067521007
45811,0.076148940063137,15__nan,PertCortex_15_TTGCGTCGTCCAGTAT,4.790663352644872
45812,0.20088649673151818,15__nan,PertCortex_15_TTGCGTCGTTACGGAG,3.097289706848388
45813,0.40407776401419776,15__nan,PertCortex_15_TTGGAACAGTACTTGC,2.1315233957432156
45814,0.1326172894219565,15__nan,PertCortex_15_TTGGAACAGTTAGCGG,4.448529343464279
45815,0.11253834648285335,15__nan,PertCortex_15_TTGGAACGTGCCTGCA,3.7134825515260936
45816,0.0973335095123691,15__nan,PertCortex_15_TTGGAACTCATCATTC,3.7732497471801727
45817,0.12827069088991552,15__nan,PertCortex_15_TTGGAACTCCGCGTTT,3.303726395276054
45818,0.0815854889330835,15__nan,PertCortex_15_TTGGAACTCTTCGAGA,3.161744821973869
45819,0.06593182665928479,15__nan,PertCortex_15_TTGGCAACAAGAAGAG,4.273816506980374
45820,0.05102687743422384,15__nan,PertCortex_15_TTGGCAACACTGTCGG,4.240853535652136
45821,0.16605091386831317,15__nan,PertCortex_15_TTGGCAAGTCCAAGTT,3.1274447295871663
45822,0.13074697629035012,15__nan,PertCortex_15_TTGGCAAGTTACAGAA,4.320528955816291
45823,0.04680376633787171,15__nan,PertCortex_15_TTGGCAATCCTTGACC,3.8553917170404826
45824,0.26268620848614144,15__nan,PertCortex_15_TTGTAGGAGCAGCGTA,2.367987315856164
45825,0.056014029545621936,15__nan,PertCortex_15_TTGTAGGCACAGCCCA,3.2116583297459167
45826,0.4068525656755281,15__nan,PertCortex_15_TTGTAGGCAGCCTTTC,2.5758949804448465
45827,0.21492463450384847,15__nan,PertCortex_15_TTGTAGGCATGTAGTC,2.2445451898329485
45828,0.2210018945587695,15__nan,PertCortex_15_TTGTAGGGTCTCCACT,3.151793222522706
45829,0.17204204288987596,15__nan,PertCortex_15_TTTACTGAGGCTAGGT,4.430327763655863
45830,0.33831690704667416,15__nan,PertCortex_15_TTTACTGAGTACGTAA,3.158249388495673
45831,0.11918696249605024,15__nan,PertCortex_15_TTTACTGAGTTTGCGT,3.622225760687341
45832,0.3498076040368284,15__nan,PertCortex_15_TTTACTGGTAATCGTC,2.738810961460659
45833,0.20876559728524272,15__nan,PertCortex_15_TTTACTGGTAGGGTAC,2.709697182784642
45834,0.3652594346819118,15__nan,PertCortex_15_TTTACTGGTGTCAATC,2.837232277951728
45835,0.10905531839822409,15__nan,PertCortex_15_TTTACTGTCAGGTTCA,2.8714099749824493
45836,0.15620159830347435,15__nan,PertCortex_15_TTTACTGTCTCAACTT,1.9174432815821887
45837,0.06704732714656958,15__nan,PertCortex_15_TTTATGCAGATAGCAT,2.8102436766739065
45838,0.17284812853508338,15__nan,PertCortex_15_TTTATGCAGTCGATAA,2.4328463013040422
45839,0.4234469625496238,15__nan,PertCortex_15_TTTATGCAGTTTCCTT,2.410399387141133
45840,0.5576106293829947,15__nan,PertCortex_15_TTTATGCCAAGTTCTG,1.3151685568305123
45841,0.3203675576353131,15__nan,PertCortex_15_TTTATGCCACGAAGCA,2.223265592753128
45842,0.519040345511635,15__nan,PertCortex_15_TTTATGCCACGCATCG,2.4035170356016584
45843,0.0719969471686619,15__nan,PertCortex_15_TTTATGCGTATAGGTA,3.8734026484461745
45844,0.37341502932633047,15__nan,PertCortex_15_TTTATGCTCGGCGGTT,2.6727771392929394
45845,0.4266558864466271,15__nan,PertCortex_15_TTTATGCTCTCTAGGA,2.2152919300754927
45846,0.2252527326568856,15__nan,PertCortex_15_TTTCCTCAGGCGTACA,3.023026466651253
45847,0.44437199761360013,15__nan,PertCortex_15_TTTCCTCAGGTACTCT,2.3787443240742987
45848,0.14520280801746735,15__nan,PertCortex_15_TTTCCTCGTCAGAAGC,4.46952059824881
45849,0.5614350239381892,15__nan,PertCortex_15_TTTCCTCTCATAAAGG,2.2061888544003896
45850,0.34262244105466433,15__nan,PertCortex_15_TTTCCTCTCCGAATGT,3.1093894619723557
45851,0.07297771717656706,15__nan,PertCortex_15_TTTCCTCTCGAATGCT,5.871828742431014
45852,0.10477226843726997,15__nan,PertCortex_15_TTTGCGCAGAGATGAG,4.007331988109492
45853,0.5046453500163264,15__nan,PertCortex_15_TTTGCGCAGGAGCGTT,1.9285361927140714
45854,0.13584997526599898,15__nan,PertCortex_15_TTTGCGCAGGCGACAT,3.2020588933922753
45855,0.24944949553665416,15__nan,PertCortex_15_TTTGCGCAGTGTGGCA,2.5702457405621764
45856,0.4609294697930452,15__nan,PertCortex_15_TTTGCGCCACCTCGGA,2.4000353400716117
45857,0.13615692373452767,15__nan,PertCortex_15_TTTGCGCTCAGAGGTG,3.8147478361089013
45858,0.2763684101668957,15__nan,PertCortex_15_TTTGCGCTCTAACTCT,2.772149240898505
45859,0.11857740458404195,15__nan,PertCortex_15_TTTGGTTAGAGGACGG,3.5867428088515654
45860,0.08582418113231932,15__nan,PertCortex_15_TTTGGTTAGCAATATG,4.878903592563076
45861,0.022004991753076835,15__nan,PertCortex_15_TTTGGTTAGTCTTGCA,3.1598343063737837
45862,0.3646274496223034,15__nan,PertCortex_15_TTTGGTTAGTTGAGTA,2.500410679960048
45863,0.07135037350757797,15__nan,PertCortex_15_TTTGGTTCAACACCTA,4.528958037145167
45864,0.09212099058935168,15__nan,PertCortex_15_TTTGGTTCACAGGAGT,3.734836262004718
45865,0.12894231782000543,15__nan,PertCortex_15_TTTGGTTCAGGGTACA,4.02583129341251
45866,0.5634239893846812,15__nan,PertCortex_15_TTTGGTTGTCTAGCGC,2.082414717104265
45867,0.14691069803349818,15__nan,PertCortex_15_TTTGGTTGTGAGGCTA,2.9642483767260663
45868,0.08200426016682578,15__nan,PertCortex_15_TTTGGTTGTTGGTTTG,3.368914478492541
45869,0.14609038299494662,15__nan,PertCortex_15_TTTGTCAAGATGTTAG,3.483918273202844
45870,0.13513037294515715,15__nan,PertCortex_15_TTTGTCAAGCAGGTCA,2.5580777391315634
45871,0.16182224647605403,15__nan,PertCortex_15_TTTGTCAGTGCTGTAT,3.966021312740744
45872,0.40463271962127895,15__nan,PertCortex_15_TTTGTCAGTTCTGAAC,2.3193455831244574
45873,0.04313520652930166,15__nan,PertCortex_15_TTTGTCATCGATGAGG,3.114417158544021
45874,0.18037788399233615,15__nan,PertCortex_15_TTTGTCATCGTTGCCT,3.9795865041423992
45875,0.201225820438697,15__nan,PertCortex_15_TTTGTCATCTTCATGT,2.9378863993447966
45876,0.06099043238800973,16__nan,PertCortex_16_AAACCTGAGAGGTTGC,4.062450622508407
45877,0.1467502989009467,16__nan,PertCortex_16_AAACCTGAGTACGATA,3.7376221466857498
45878,0.326153481714652,16__nan,PertCortex_16_AAACCTGCAAGTAGTA,2.73247966703809
45879,0.11434072018714299,16__nan,PertCortex_16_AAACGGGAGAGCTGGT,3.6180598815958827
45880,0.10018148257337546,16__nan,PertCortex_16_AAACGGGAGCTGAAAT,4.163881116041883
45881,0.1588981692242531,16__nan,PertCortex_16_AAACGGGAGTGAAGAG,2.9127531178204906
45882,0.22127788692433084,16__nan,PertCortex_16_AAACGGGAGTTACCCA,4.60206686780678
45883,0.16445638799118073,16__nan,PertCortex_16_AAACGGGCAGGGATTG,2.9442194683501217
45884,0.15462834144849796,16__nan,PertCortex_16_AAACGGGCAGTCAGCC,3.3009035491045124
45885,0.1180673293814122,16__nan,PertCortex_16_AAACGGGGTATGAAAC,4.0579266104508065
45886,0.19451640885958402,16__nan,PertCortex_16_AAACGGGTCCCAAGTA,3.0041776658070525
45887,0.47225853547615393,16__nan,PertCortex_16_AAACGGGTCGCCAGCA,2.284852274475953
45888,0.2228943364180639,16__nan,PertCortex_16_AAAGATGAGAATCTCC,3.2517213458340013
45889,0.4966477839829506,16__nan,PertCortex_16_AAAGATGAGGCAGTCA,1.502379868694685
45890,0.2238427737358146,16__nan,PertCortex_16_AAAGATGCAGGGCATA,2.736343774898511
45891,0.19617679398879925,16__nan,PertCortex_16_AAAGATGCATGCCTTC,3.1216120059061927
45892,0.18983320618754493,16__nan,PertCortex_16_AAAGATGCATGGTTGT,3.177509771843651
45893,0.10336235268409166,16__nan,PertCortex_16_AAAGATGGTGCCTTGG,4.538399135359372
45894,0.3814923651126447,16__nan,PertCortex_16_AAAGATGGTGCGGTAA,2.0458809988191686
45895,0.06851051341045651,16__nan,PertCortex_16_AAAGATGGTTGGACCC,3.974090365594014
45896,0.16972562121426416,16__nan,PertCortex_16_AAAGATGTCGCATGGC,4.072089547926004
45897,0.1912618095190257,16__nan,PertCortex_16_AAAGCAAAGTGGGTTG,3.20230096713872
45898,0.07479362371652948,16__nan,PertCortex_16_AAAGCAAAGTTCCACA,3.8640006475620368
45899,0.10006851590237721,16__nan,PertCortex_16_AAAGCAATCTGGTTCC,4.519474488970912
45900,0.09623433180388045,16__nan,PertCortex_16_AAAGCAATCTTATCTG,3.754247592337178
45901,0.10079788781545518,16__nan,PertCortex_16_AAAGTAGAGACAGACC,4.681702512547219
45902,0.1273249242187327,16__nan,PertCortex_16_AAAGTAGAGGCCCGTT,2.5286876568395917
45903,0.1659809164332539,16__nan,PertCortex_16_AAAGTAGCACATAACC,4.324711993877754
45904,0.1617113116736918,16__nan,PertCortex_16_AAAGTAGCACCACCAG,4.115771436632045
45905,0.2600016344971579,16__nan,PertCortex_16_AAAGTAGTCTCCAACC,2.5120710523958816
45906,0.16134761899855712,16__nan,PertCortex_16_AAATGCCAGGTGGGTT,3.3304255637936993
45907,0.1367312764615421,16__nan,PertCortex_16_AAATGCCCAACAACCT,4.235205616982675
45908,0.2277747505923707,16__nan,PertCortex_16_AAATGCCGTCCGTTAA,2.506076158384256
45909,0.4328546458380308,16__nan,PertCortex_16_AACACGTAGCGTTGCC,1.7619680414682635
45910,0.21595186107370715,16__nan,PertCortex_16_AACACGTAGGCGATAC,2.7781271841303714
45911,0.07019675310927462,16__nan,PertCortex_16_AACACGTAGTCAATAG,3.8909298323029207
45912,0.06495557341519079,16__nan,PertCortex_16_AACACGTAGTGGAGAA,3.7056916691838926
45913,0.5087829484998599,16__nan,PertCortex_16_AACACGTTCGTTACAG,2.3520752157546476
45914,0.1586790669911718,16__nan,PertCortex_16_AACCATGAGGGTATCG,2.210578611231394
45915,0.1697181011585585,16__nan,PertCortex_16_AACCATGAGTCGAGTG,4.2927084930644925
45916,0.07445912380625687,16__nan,PertCortex_16_AACCATGCAGATCCAT,3.820363211019321
45917,0.07216799383681928,16__nan,PertCortex_16_AACCATGCATCCAACA,5.315025705510252
45918,0.2783487024551681,16__nan,PertCortex_16_AACCGCGGTGGGTATG,2.9132739865863204
45919,0.17151325660017544,16__nan,PertCortex_16_AACCGCGGTTCCACTC,3.658214279723481
45920,0.45363033429153937,16__nan,PertCortex_16_AACCGCGTCGCAAGCC,2.9416301473909
45921,0.1528004904328245,16__nan,PertCortex_16_AACCGCGTCGTTACGA,3.330801981188338
45922,0.11947733069243953,16__nan,PertCortex_16_AACGTTGGTATATGGA,3.9571088351233867
45923,0.18069010920280068,16__nan,PertCortex_16_AACGTTGGTCGCTTCT,2.6436930639609955
45924,0.1985690239061485,16__nan,PertCortex_16_AACGTTGTCTCAAACG,3.253432466522858
45925,0.0549219119755564,16__nan,PertCortex_16_AACTCAGCAGTATGCT,3.928745082581119
45926,0.10429801592128103,16__nan,PertCortex_16_AACTCAGTCCGAAGAG,4.010566541914422
45927,0.2887127913673816,16__nan,PertCortex_16_AACTCCCAGCGCTTAT,2.609822794703118
45928,0.15390876841049614,16__nan,PertCortex_16_AACTCCCAGCGTCTAT,3.6747554877721678
45929,0.18914586326476657,16__nan,PertCortex_16_AACTCCCAGTACTTGC,3.4246717091149503
45930,0.16601509147616644,16__nan,PertCortex_16_AACTCCCCAGATTGCT,3.3567936749913234
45931,0.13511348542604595,16__nan,PertCortex_16_AACTCCCGTCCATCCT,4.293937907558322
45932,0.2913180779351186,16__nan,PertCortex_16_AACTCCCGTTAGATGA,2.7105853465615337
45933,0.43616085334320154,16__nan,PertCortex_16_AACTCTTAGAAGGTTT,1.6748651416007798
45934,0.08512270614803288,16__nan,PertCortex_16_AACTCTTAGGTGTGGT,4.096891749183639
45935,0.08842428277175017,16__nan,PertCortex_16_AACTCTTCAGTCTTCC,3.2401251880447615
45936,0.09159773306028776,16__nan,PertCortex_16_AACTCTTGTCCGCTGA,4.000880575602318
45937,0.18068803275263018,16__nan,PertCortex_16_AACTGGTCAACTGCTA,3.034253510387407
45938,0.2527745840883297,16__nan,PertCortex_16_AACTGGTCAAGACGTG,2.0906927273444773
45939,0.12092893890209784,16__nan,PertCortex_16_AACTGGTCACTCGACG,4.468512079993919
45940,0.46941255728458686,16__nan,PertCortex_16_AACTGGTCATCCGCGA,2.0121622829509382
45941,0.2882842331177154,16__nan,PertCortex_16_AACTGGTGTACAGTTC,2.321356215278275
45942,0.05932349027372723,16__nan,PertCortex_16_AACTGGTGTCTAGTGT,4.623971015367865
45943,0.03689309084134447,16__nan,PertCortex_16_AACTGGTTCGAATCCA,4.080957527169996
45944,0.20827314432012897,16__nan,PertCortex_16_AACTGGTTCGGATGTT,2.7770383046766782
45945,0.207321898633243,16__nan,PertCortex_16_AACTTTCCATGCTGGC,2.4130153506970684
45946,0.37174211827712994,16__nan,PertCortex_16_AAGACCTAGAAGAAGC,2.4832757384544064
45947,0.15363651094945735,16__nan,PertCortex_16_AAGACCTAGACAAGCC,2.4101492076832285
45948,0.11438775927369763,16__nan,PertCortex_16_AAGACCTAGCAACGGT,4.803836077455445
45949,0.13873692805476556,16__nan,PertCortex_16_AAGACCTAGCGATATA,2.3513832608212777
45950,0.3535099409609302,16__nan,PertCortex_16_AAGACCTAGTTCGATC,2.864669905286861
45951,0.13496221029502362,16__nan,PertCortex_16_AAGACCTCAGGGTTAG,4.352615344549142
45952,0.10556199711861854,16__nan,PertCortex_16_AAGACCTGTGCTGTAT,4.512867367365134
45953,0.5844586897496364,16__nan,PertCortex_16_AAGACCTGTTAAAGAC,2.1526719793757674
45954,0.22136978950227712,16__nan,PertCortex_16_AAGCCGCCAACTGCTA,2.993806798949005
45955,0.06069064637415778,16__nan,PertCortex_16_AAGCCGCCACCAGCAC,3.1328714091772323
45956,0.3754382039471979,16__nan,PertCortex_16_AAGCCGCCAGCGTTCG,3.7324854070022186
45957,0.11977307750574501,16__nan,PertCortex_16_AAGCCGCCATTGGCGC,3.869184620893402
45958,0.057760649880201145,16__nan,PertCortex_16_AAGGAGCAGACCCACC,2.8864526018554324
45959,0.5324928108628822,16__nan,PertCortex_16_AAGGAGCAGGAGCGTT,2.4437905807482694
45960,0.09760562222474206,16__nan,PertCortex_16_AAGGAGCCACCTCGGA,4.750122560880945
45961,0.0877255982605602,16__nan,PertCortex_16_AAGGAGCGTACGCACC,3.9131913744621736
45962,0.6377050292762791,16__nan,PertCortex_16_AAGGAGCGTTTCCACC,1.5692953791472097
45963,0.07279970676449574,16__nan,PertCortex_16_AAGGAGCTCCGTTGCT,3.7055939752823295
45964,0.05989984828902724,16__nan,PertCortex_16_AAGGAGCTCGTTTGCC,4.398886743154877
45965,0.35360936446729463,16__nan,PertCortex_16_AAGGCAGAGATGCCAG,2.4768640667084263
45966,0.14414873666464614,16__nan,PertCortex_16_AAGGCAGCACGTCTCT,3.692078673366892
45967,0.20638753417846983,16__nan,PertCortex_16_AAGGCAGCATGAGCGA,2.549377152961025
45968,0.20274511013202529,16__nan,PertCortex_16_AAGGCAGGTGTTGAGG,2.856388675111295
45969,0.1505849298999914,16__nan,PertCortex_16_AAGGCAGTCTTAGAGC,2.6651040034775244
45970,0.1528620735103118,16__nan,PertCortex_16_AAGGTTCAGAGTGAGA,5.119427438367126
45971,0.27430876467464227,16__nan,PertCortex_16_AAGGTTCAGGGCATGT,2.178610391538023
45972,0.0435649556488893,16__nan,PertCortex_16_AAGGTTCCACATCCAA,4.019927556203783
45973,0.12170724278285555,16__nan,PertCortex_16_AAGGTTCGTTAGGGTG,3.2316565410681015
45974,0.3750085798587807,16__nan,PertCortex_16_AAGGTTCTCATAGCAC,2.2942439002948483
45975,0.14869035577911668,16__nan,PertCortex_16_AAGGTTCTCGGATGTT,3.4635984394675665
45976,0.16606962024372474,16__nan,PertCortex_16_AAGGTTCTCTACCTGC,3.258258242480617
45977,0.27346950262234054,16__nan,PertCortex_16_AAGGTTCTCTCAAGTG,1.8493005547894694
45978,0.1264610247353607,16__nan,PertCortex_16_AAGTCTGCACAACGTT,3.823649399232302
45979,0.08358849219802282,16__nan,PertCortex_16_AAGTCTGCACTGAAGG,4.967199935500397
45980,0.5206534367912836,16__nan,PertCortex_16_AAGTCTGCATGTAAGA,2.3737410576889277
45981,0.23549653172234603,16__nan,PertCortex_16_AAGTCTGTCGTTTATC,3.381287826363732
45982,0.5885153075273009,16__nan,PertCortex_16_AATCCAGAGGCTAGCA,2.125718257972155
45983,0.554720559778247,16__nan,PertCortex_16_AATCCAGGTAATCGTC,2.49546432919988
45984,0.07019235149089902,16__nan,PertCortex_16_AATCCAGGTCAAGCGA,3.756656317711528
45985,0.202018534296253,16__nan,PertCortex_16_AATCCAGGTCGAAAGC,3.2057692298535807
45986,0.08615964324482557,16__nan,PertCortex_16_ACACCAAAGTCCGGTC,3.466703215420366
45987,0.09421738888211649,16__nan,PertCortex_16_ACACCAAGTAGCTCCG,4.462253079708372
45988,0.1310304557006464,16__nan,PertCortex_16_ACACCAATCAGCGATT,2.782818416090482
45989,0.09924359209481295,16__nan,PertCortex_16_ACACCAATCCTTTCGG,4.9436043453815
45990,0.0993451327217258,16__nan,PertCortex_16_ACACCCTAGCTTTGGT,2.9608187384930305
45991,0.10206712913714361,16__nan,PertCortex_16_ACACCCTAGGACAGCT,3.4036337882043752
45992,0.10342553177161892,16__nan,PertCortex_16_ACACCCTCAACAACCT,3.8378606402481443
45993,0.07140182409347202,16__nan,PertCortex_16_ACACCCTCATGCCTTC,4.10346285217658
45994,0.104353648116365,16__nan,PertCortex_16_ACACCCTCATGCTGGC,2.8951473563257215
45995,0.1691561716889546,16__nan,PertCortex_16_ACACCCTGTACCCAAT,3.4218332724951352
45996,0.0838674327737123,16__nan,PertCortex_16_ACACCCTGTCGGGTCT,3.5631807496413392
45997,0.12920858354843018,16__nan,PertCortex_16_ACACCCTTCGCTTAGA,3.0179021488506965
45998,0.15269245945006119,16__nan,PertCortex_16_ACACCCTTCTACCAGA,2.684929105412071
45999,0.11169004992812949,16__nan,PertCortex_16_ACACCGGCACCAGGCT,4.127567444705509
46000,0.05460397114619706,16__nan,PertCortex_16_ACACCGGTCGCCTGTT,4.518742267989134
46001,0.20678255520105468,16__nan,PertCortex_16_ACACTGAAGGACACCA,3.31437134386416
46002,0.1486878980014978,16__nan,PertCortex_16_ACACTGATCAACACTG,2.957439345717322
46003,0.12174618986699091,16__nan,PertCortex_16_ACACTGATCAGTTGAC,4.771147150728311
46004,0.1529057247072218,16__nan,PertCortex_16_ACACTGATCCGTAGGC,3.9600436565976387
46005,0.20472847434443928,16__nan,PertCortex_16_ACACTGATCCTTTCTC,3.230840151636493
46006,0.09966923273491003,16__nan,PertCortex_16_ACAGCCGGTACCGTTA,4.026318167986888
46007,0.4682538596564889,16__nan,PertCortex_16_ACAGCCGGTAGCGCAA,1.8871149928506226
46008,0.10474944120373351,16__nan,PertCortex_16_ACAGCCGGTTGGTTTG,4.096693963470075
46009,0.22183560632686625,16__nan,PertCortex_16_ACAGCCGTCGCTAGCG,3.0534726788145625
46010,0.16405427410395376,16__nan,PertCortex_16_ACAGCCGTCTGCTTGC,2.8772524703319737
46011,0.2288593822810629,16__nan,PertCortex_16_ACAGCTACACCCTATC,3.031339844345232
46012,0.18731083207107638,16__nan,PertCortex_16_ACAGCTAGTAATCGTC,3.6875762793399716
46013,0.042096020217742,16__nan,PertCortex_16_ACATACGCACTTGGAT,3.4321885028161674
46014,0.22691891653369414,16__nan,PertCortex_16_ACATACGGTATATCCG,3.240598110235741
46015,0.07805995127935648,16__nan,PertCortex_16_ACATACGGTGCGAAAC,4.489167168972447
46016,0.159353885607857,16__nan,PertCortex_16_ACATACGGTGTTCGAT,3.0473152802216488
46017,0.2267775046009744,16__nan,PertCortex_16_ACATACGTCTCGTATT,2.2794406632570308
46018,0.36183076378680434,16__nan,PertCortex_16_ACATCAGAGACGACGT,1.8844575215526547
46019,0.09814141942197036,16__nan,PertCortex_16_ACATCAGAGGTTACCT,4.133374913075739
46020,0.1630620917125888,16__nan,PertCortex_16_ACATCAGCACGGACAA,4.044765394904774
46021,0.0653107056940711,16__nan,PertCortex_16_ACATCAGGTCCTCTTG,3.740831412269473
46022,0.12651974109868094,16__nan,PertCortex_16_ACATCAGGTCTCCATC,4.289364072697805
46023,0.5771512857997385,16__nan,PertCortex_16_ACATCAGTCTAACCGA,2.0698053445746503
46024,0.0791288670329288,16__nan,PertCortex_16_ACATGGTAGATGTTAG,3.9586891636906203
46025,0.6672149875137935,16__nan,PertCortex_16_ACATGGTCAATGTTGC,1.7026161457221547
46026,0.09399043451899743,16__nan,PertCortex_16_ACATGGTGTCATTAGC,3.849507319964473
46027,0.11092923841440194,16__nan,PertCortex_16_ACATGGTGTCGTCTTC,4.151651845121112
46028,0.13353612580202562,16__nan,PertCortex_16_ACATGGTGTCTTGCGG,2.7239302677897212
46029,0.14332338404324022,16__nan,PertCortex_16_ACATGGTTCCATGCTC,2.493780240931657
46030,0.16965766686401176,16__nan,PertCortex_16_ACATGGTTCCGAGCCA,3.7726656588289353
46031,0.03551892431841179,16__nan,PertCortex_16_ACATGGTTCCTTTCTC,2.878260255328034
46032,0.2355077647694192,16__nan,PertCortex_16_ACATGGTTCTTGTTTG,2.2070996797879987
46033,0.48460702862222743,16__nan,PertCortex_16_ACCAGTAAGTTAGCGG,2.281073790891889
46034,0.13382841954933208,16__nan,PertCortex_16_ACCAGTACAATGAATG,3.8689025386826876
46035,0.1509258476164426,16__nan,PertCortex_16_ACCAGTACAGCTCGCA,4.595524612841551
46036,0.18100668985938353,16__nan,PertCortex_16_ACCAGTAGTAGCTCCG,4.476118213387423
46037,0.12299806013920016,16__nan,PertCortex_16_ACCAGTAGTGGTACAG,4.001443724849637
46038,0.23271936287126518,16__nan,PertCortex_16_ACCAGTATCGGATGTT,2.652086878495388
46039,0.1527081387414824,16__nan,PertCortex_16_ACCCACTAGTGCCAGA,2.62245380102768
46040,0.17554026978324888,16__nan,PertCortex_16_ACCCACTGTAGCGTCC,2.8790686794644467
46041,0.19577481262953098,16__nan,PertCortex_16_ACCCACTGTGTGGCTC,3.0082729569559947
46042,0.014142565498435277,16__nan,PertCortex_16_ACCCACTTCCGCATCT,3.4182276613916174
46043,0.04447219220893612,16__nan,PertCortex_16_ACCGTAAAGCTAGCCC,4.246745046261623
46044,0.33575166867183637,16__nan,PertCortex_16_ACCGTAACAGGCAGTA,4.362359386936068
46045,0.0806715382805296,16__nan,PertCortex_16_ACCGTAAGTCCAGTTA,3.7439451111444333
46046,0.1946663915460618,16__nan,PertCortex_16_ACCGTAAGTCGCATAT,3.0949049209889634
46047,0.42912539679501477,16__nan,PertCortex_16_ACCGTAAGTGCCTTGG,2.140625245662911
46048,0.08200959323936297,16__nan,PertCortex_16_ACCGTAATCGGTCCGA,3.6651224937915976
46049,0.42059110202039784,16__nan,PertCortex_16_ACCTTTAAGAGGTTAT,2.511789803505368
46050,0.44631461964021585,16__nan,PertCortex_16_ACCTTTAAGGCTACGA,2.3320669130735365
46051,0.5834560020258774,16__nan,PertCortex_16_ACCTTTACAGCTCGAC,1.4520114718747306
46052,0.2615012341740659,16__nan,PertCortex_16_ACCTTTAGTAAAGTCA,3.7606117324929285
46053,0.13811965298173393,16__nan,PertCortex_16_ACCTTTAGTGTCGCTG,2.5115499443162235
46054,0.21208288750989426,16__nan,PertCortex_16_ACGAGCCAGAGATGAG,3.038587921631397
46055,0.11733525955805578,16__nan,PertCortex_16_ACGAGCCCACGAAAGC,3.713597409378165
46056,0.22021897387383954,16__nan,PertCortex_16_ACGAGCCGTTCCGTCT,2.271402098432319
46057,0.1295391960835583,16__nan,PertCortex_16_ACGAGCCGTTGGTGGA,2.2978881701380143
46058,0.43883050543826985,16__nan,PertCortex_16_ACGAGCCTCTTCTGGC,2.392975201736881
46059,0.17983361062348663,16__nan,PertCortex_16_ACGAGGAAGTGTCCAT,3.997999190357231
46060,0.13893593940094395,16__nan,PertCortex_16_ACGAGGAGTAGCGTCC,2.950875066999116
46061,0.24091277361088428,16__nan,PertCortex_16_ACGAGGAGTTCAACCA,2.8052649504859573
46062,0.14760463954386926,16__nan,PertCortex_16_ACGAGGAGTTCGGGCT,3.4208927242441525
46063,0.33795835655702045,16__nan,PertCortex_16_ACGAGGATCAACACGT,2.6395579272327563
46064,0.3168311025444915,16__nan,PertCortex_16_ACGATACAGAGTACCG,2.1225876212674257
46065,0.12025700352980873,16__nan,PertCortex_16_ACGATACGTCTAAAGA,3.7309432809016787
46066,0.30127009173952823,16__nan,PertCortex_16_ACGATACGTCTAGGTT,2.042067607453157
46067,0.28218928991756753,16__nan,PertCortex_16_ACGATGTAGACAAAGG,3.400905237628881
46068,0.44893916154590036,16__nan,PertCortex_16_ACGATGTAGGCGCTCT,2.3870721424864065
46069,0.17721814947164194,16__nan,PertCortex_16_ACGATGTGTGAGGCTA,4.329314159104785
46070,0.09701243226305156,16__nan,PertCortex_16_ACGATGTGTGTCAATC,3.8236463236446117
46071,0.3235942581255936,16__nan,PertCortex_16_ACGATGTTCTCCTATA,2.3368883306678025
46072,0.08935332284844467,16__nan,PertCortex_16_ACGCAGCAGATGTAAC,4.119320179027222
46073,0.06959670820415335,16__nan,PertCortex_16_ACGCAGCCACAACGTT,4.424589193475882
46074,0.14188653487301497,16__nan,PertCortex_16_ACGCAGCCATCGACGC,3.071128402222205
46075,0.13169236586630015,16__nan,PertCortex_16_ACGCAGCTCCGGCACA,3.854774068407001
46076,0.6236074562651274,16__nan,PertCortex_16_ACGCAGCTCGCACTCT,2.10819061989894
46077,0.19873491255130296,16__nan,PertCortex_16_ACGCAGCTCGTTGACA,3.1288436501484966
46078,0.654145423037272,16__nan,PertCortex_16_ACGCCAGAGGAGCGAG,1.9076189489452455
46079,0.16714058247690072,16__nan,PertCortex_16_ACGCCAGCAGTATGCT,3.668643530697009
46080,0.15979839845900612,16__nan,PertCortex_16_ACGCCAGCATGCGCAC,3.970599657308237
46081,0.11801311451351905,16__nan,PertCortex_16_ACGCCAGCATTGCGGC,3.2786593913684148
46082,0.09321329997509986,16__nan,PertCortex_16_ACGCCAGGTTCGGCAC,2.7315341794782944
46083,0.23699950426880995,16__nan,PertCortex_16_ACGCCAGTCATGCAAC,3.0965977958960123
46084,0.15956403681362577,16__nan,PertCortex_16_ACGCCAGTCTGATACG,2.817148093653939
46085,0.39573657021787617,16__nan,PertCortex_16_ACGCCGACACTTCGAA,2.222411274922032
46086,0.14375211002863625,16__nan,PertCortex_16_ACGCCGATCACGAAGG,3.2304633112033754
46087,0.11226895382778151,16__nan,PertCortex_16_ACGGAGAAGGCCGAAT,4.0370044929936295
46088,0.08916796040565562,16__nan,PertCortex_16_ACGGAGACACAGGTTT,4.512771780783984
46089,0.13518235672162734,16__nan,PertCortex_16_ACGGAGACAGCCACCA,2.2930222806493394
46090,0.1463147283405498,16__nan,PertCortex_16_ACGGAGAGTGTTGAGG,2.7455461637850154
46091,0.07643421889995577,16__nan,PertCortex_16_ACGGAGAGTTCGCGAC,3.9956020802196646
46092,0.4484667842289838,16__nan,PertCortex_16_ACGGAGATCACCTCGT,2.098055413152933
46093,0.5446626467855306,16__nan,PertCortex_16_ACGGAGATCATTGCGA,2.2241023580080586
46094,0.139398046892977,16__nan,PertCortex_16_ACGGAGATCGTCGTTC,3.7064672795391016
46095,0.11984202105130327,16__nan,PertCortex_16_ACGGCCAAGCATCATC,4.050332401475559
46096,0.23139244291552616,16__nan,PertCortex_16_ACGGCCAAGTGGAGTC,2.683037764955838
46097,0.20132153447226953,16__nan,PertCortex_16_ACGGCCACAATGTTGC,3.3191590707983054
46098,0.16430901621783128,16__nan,PertCortex_16_ACGGCCACAGGACGTA,4.288728014860608
46099,0.14106812502958696,16__nan,PertCortex_16_ACGGCCACAGGATTGG,3.794293967855955
46100,0.1814439866138164,16__nan,PertCortex_16_ACGGCCACAGGGATTG,3.5468291351809826
46101,0.19279018314715354,16__nan,PertCortex_16_ACGGCCAGTAGGAGTC,3.1289827311290215
46102,0.26451569801840585,16__nan,PertCortex_16_ACGGCCAGTATATGAG,2.9125801012548784
46103,0.10802864510651106,16__nan,PertCortex_16_ACGGCCAGTATTACCG,2.620946834962034
46104,0.007008170772033016,16__nan,PertCortex_16_ACGGCCATCTGATTCT,3.66328251764761
46105,0.14068661848464628,16__nan,PertCortex_16_ACGGGCTAGATGTTAG,3.174000966105147
46106,0.4284361353762769,16__nan,PertCortex_16_ACGGGCTAGTGAACGC,2.713119371935051
46107,0.1300430944483346,16__nan,PertCortex_16_ACGGGCTTCATGCATG,4.429926676811025
46108,0.09251904386549978,16__nan,PertCortex_16_ACGGGTCAGCGATGAC,4.793986437788201
46109,0.14043764254930058,16__nan,PertCortex_16_ACGGGTCGTAGGGACT,2.905623829048882
46110,0.3218566509854772,16__nan,PertCortex_16_ACGGGTCGTTGGGACA,3.9945401780570813
46111,0.15947955626645538,16__nan,PertCortex_16_ACGGGTCTCTTATCTG,3.423758476083436
46112,0.1370260702803063,16__nan,PertCortex_16_ACGTCAAAGATGGGTC,3.966005248039446
46113,0.07649656726839002,16__nan,PertCortex_16_ACGTCAAAGGACGAAA,5.12286650822186
46114,0.27413645368958384,16__nan,PertCortex_16_ACGTCAAAGGTGGGTT,2.3724591493333866
46115,0.27445649863158134,16__nan,PertCortex_16_ACGTCAACAACTGCTA,3.2701425909502726
46116,0.39165254139069855,16__nan,PertCortex_16_ACGTCAACAGTTAACC,2.266674893839153
46117,0.06939788405859589,16__nan,PertCortex_16_ACGTCAATCGTTTAGG,4.07233288708845
46118,0.153080907607497,16__nan,PertCortex_16_ACGTCAATCTGCTGCT,3.096572243903488
46119,0.21901709395564445,16__nan,PertCortex_16_ACTATCTGTAGAAAGG,2.9950076319318213
46120,0.5446346614425145,16__nan,PertCortex_16_ACTATCTGTGCCTGCA,2.3554553202257495
46121,0.10663976437381205,16__nan,PertCortex_16_ACTGAACAGACTTTCG,4.456727284554265
46122,0.11337981252281727,16__nan,PertCortex_16_ACTGAACCAACTGGCC,2.195306545344282
46123,0.05080657527914319,16__nan,PertCortex_16_ACTGAACCACTGCCAG,3.8980493894394646
46124,0.05803585381138555,16__nan,PertCortex_16_ACTGAACGTACTTCTT,4.791060799295749
46125,0.04236983803251947,16__nan,PertCortex_16_ACTGAACGTGTTCTTT,3.6775849809761167
46126,0.10667308763309581,16__nan,PertCortex_16_ACTGAGTAGAACAATC,2.9231067951400367
46127,0.04235354627615376,16__nan,PertCortex_16_ACTGAGTCAGTTTACG,2.7922520644675966
46128,0.2807106232548968,16__nan,PertCortex_16_ACTGAGTCATGCGCAC,2.2160993204315846
46129,0.1363376235263624,16__nan,PertCortex_16_ACTGATGAGAGTACCG,3.5381484221428265
46130,0.1849871995000383,16__nan,PertCortex_16_ACTGATGAGATGGGTC,3.869654671194888
46131,0.1618005444650181,16__nan,PertCortex_16_ACTGATGCAATCAGAA,3.68020125565028
46132,0.1976746244351094,16__nan,PertCortex_16_ACTGATGCACAAGTAA,3.3754760878116215
46133,0.11419575852729225,16__nan,PertCortex_16_ACTGATGCAGTCGTGC,3.5797308656032003
46134,0.11022299059035191,16__nan,PertCortex_16_ACTGATGTCACTTCAT,4.294193868043605
46135,0.13112405528315607,16__nan,PertCortex_16_ACTGATGTCCGCTGTT,5.440165794602921
46136,0.16142531980892041,16__nan,PertCortex_16_ACTGCTCAGTTCGCGC,3.672407418061142
46137,0.12111402267473356,16__nan,PertCortex_16_ACTGCTCCAATTGCTG,3.8476330522022817
46138,0.16468423045201294,16__nan,PertCortex_16_ACTGCTCCAGCTCGAC,3.2972559731234505
46139,0.27007137370984535,16__nan,PertCortex_16_ACTGCTCGTAGCAAAT,4.218784629479947
46140,0.23823390051608517,16__nan,PertCortex_16_ACTGCTCGTCGTGGCT,2.9405441561203403
46141,0.48209691412708844,16__nan,PertCortex_16_ACTGCTCTCGCAAACT,3.0587800107175407
46142,0.15800313574267047,16__nan,PertCortex_16_ACTGTCCCAGGAACGT,4.311859087771726
46143,0.2235255011615896,16__nan,PertCortex_16_ACTGTCCGTTACGTCA,4.244342655518457
46144,0.08888871986089028,16__nan,PertCortex_16_ACTGTCCTCTAACCGA,3.295404856869924
46145,0.5927688541013983,16__nan,PertCortex_16_ACTTACTAGCGTTCCG,2.1587633916179683
46146,0.0649163042228072,16__nan,PertCortex_16_ACTTACTAGCTGATAA,3.2384831067069526
46147,0.5572098584352373,16__nan,PertCortex_16_ACTTACTAGGTTCCTA,1.7186950401601944
46148,0.1272409490818588,16__nan,PertCortex_16_ACTTACTAGTAGATGT,4.145315229755803
46149,0.1854212253982184,16__nan,PertCortex_16_ACTTACTAGTAGTGCG,4.508605988122589
46150,0.07994976583304876,16__nan,PertCortex_16_ACTTACTCAGTGACAG,4.873452582469899
46151,0.2168348100810355,16__nan,PertCortex_16_ACTTACTCATCTCGCT,3.293407863748636
46152,0.21799585538112812,16__nan,PertCortex_16_ACTTACTGTCTCTTAT,3.588830332549961
46153,0.09838469600254375,16__nan,PertCortex_16_ACTTACTGTTAAGAAC,3.585356448418235
46154,0.5314627690259363,16__nan,PertCortex_16_ACTTGTTAGGACTGGT,2.5781686926822784
46155,0.10881852179513635,16__nan,PertCortex_16_ACTTGTTAGGGTCTCC,3.9558751023175716
46156,0.20587690198072128,16__nan,PertCortex_16_ACTTGTTCAAGCTGAG,1.6153600838189464
46157,0.13562692891075695,16__nan,PertCortex_16_ACTTGTTCAAGTCTGT,3.3164892591374184
46158,0.6094866359950888,16__nan,PertCortex_16_ACTTGTTCATCGGTTA,2.0800457402271832
46159,0.5493663228471132,16__nan,PertCortex_16_ACTTGTTTCTCCTATA,2.433987639370445
46160,0.24714684501157536,16__nan,PertCortex_16_ACTTTCAAGCCACGCT,2.5263386736204967
46161,0.15514034444829905,16__nan,PertCortex_16_ACTTTCAAGGCTAGCA,3.6832812894607136
46162,0.43215719047596607,16__nan,PertCortex_16_ACTTTCACAAACAACA,2.5012751210543107
46163,0.40714725580712774,16__nan,PertCortex_16_ACTTTCACAGATCCAT,3.7053608048740796
46164,0.3057323106878167,16__nan,PertCortex_16_ACTTTCAGTCTCTCTG,2.799491058155406
46165,0.09557381269504588,16__nan,PertCortex_16_ACTTTCAGTGTCAATC,4.462132639044966
46166,0.2367207077856352,16__nan,PertCortex_16_ACTTTCAGTTAAGGGC,3.0313922585715476
46167,0.6075510224120608,16__nan,PertCortex_16_AGAATAGAGAGTGACC,1.9340719885946065
46168,0.5468395695609547,16__nan,PertCortex_16_AGAATAGAGCCTATGT,2.5032504223287124
46169,0.10211842312205836,16__nan,PertCortex_16_AGAATAGCAGCGAACA,4.439978845022901
46170,0.059843895865841254,16__nan,PertCortex_16_AGAATAGGTGCTCTTC,4.436460523668147
46171,0.3096760469310899,16__nan,PertCortex_16_AGAATAGTCTTATCTG,1.989046956687524
46172,0.012339943523324093,16__nan,PertCortex_16_AGACGTTAGAAGGCCT,3.582068364482958
46173,0.07028632069955093,16__nan,PertCortex_16_AGACGTTAGGTGCAAC,4.64795767449226
46174,0.34502094475759265,16__nan,PertCortex_16_AGAGCGAAGACTTGAA,1.8052817984760567
46175,0.27198098771624685,16__nan,PertCortex_16_AGAGCGAAGTATTGGA,3.0571012097063472
46176,0.11645279521009393,16__nan,PertCortex_16_AGAGCGAGTAGGGTAC,5.275027475992408
46177,0.265836120628994,16__nan,PertCortex_16_AGAGCGAGTCCGTTAA,2.281515901144975
46178,0.2585222601479119,16__nan,PertCortex_16_AGAGCGATCGTTACGA,2.7256414006310834
46179,0.491397379188554,16__nan,PertCortex_16_AGAGCTTAGGCTAGCA,2.1219476489666786
46180,0.07892710443437652,16__nan,PertCortex_16_AGAGCTTCACAGATTC,4.211451293694292
46181,0.0340966539394123,16__nan,PertCortex_16_AGAGCTTCATGTCCTC,3.3710722121350876
46182,0.1567177124230447,16__nan,PertCortex_16_AGAGCTTTCTTTACGT,2.0069402543859245
46183,0.2556725763432335,16__nan,PertCortex_16_AGAGTGGCACGAAATA,2.847332577600638
46184,0.25749894610613655,16__nan,PertCortex_16_AGAGTGGTCCCAACGG,2.712530787085454
46185,0.15030231462409357,16__nan,PertCortex_16_AGAGTGGTCGCTGATA,2.9471209155344504
46186,0.21221039871279582,16__nan,PertCortex_16_AGATCTGAGGATGGAA,3.388119963506691
46187,0.2301863527657511,16__nan,PertCortex_16_AGATCTGAGGGTTCCC,2.8683798571615227
46188,0.7016229762250078,16__nan,PertCortex_16_AGATCTGCAAGAAAGG,1.5688557781321841
46189,0.39720048935272223,16__nan,PertCortex_16_AGATCTGGTACAAGTA,2.004508983493106
46190,0.2803309871860755,16__nan,PertCortex_16_AGATCTGGTGGACGAT,3.35498845713014
46191,0.4159556926473589,16__nan,PertCortex_16_AGATCTGGTGTCCTCT,1.956676916840168
46192,0.3488139195044608,16__nan,PertCortex_16_AGATCTGGTGTGGTTT,3.5746834363411266
46193,0.23071479671287723,16__nan,PertCortex_16_AGATCTGTCGGTCCGA,4.550896341866368
46194,0.03389498926187217,16__nan,PertCortex_16_AGATCTGTCTGCCCTA,4.640185219249
46195,0.2686861819651622,16__nan,PertCortex_16_AGATTGCAGATCACGG,2.4152079029651956
46196,0.2625901177627165,16__nan,PertCortex_16_AGATTGCAGATTACCC,2.4395535375837216
46197,0.5586343349182716,16__nan,PertCortex_16_AGATTGCCAGCTGTTA,1.7755377105430366
46198,0.1512479590850562,16__nan,PertCortex_16_AGATTGCCATTGAGCT,4.36203814891169
46199,0.06891628214562,16__nan,PertCortex_16_AGATTGCGTCAACTGT,4.607436049175619
46200,0.07204661620675362,16__nan,PertCortex_16_AGATTGCTCACTCCTG,4.029617733037163
46201,0.37010322089593056,16__nan,PertCortex_16_AGATTGCTCGTTTGCC,2.292588279244563
46202,0.13539483292463184,16__nan,PertCortex_16_AGATTGCTCTAACTCT,2.2558138680577446
46203,0.21864998908105573,16__nan,PertCortex_16_AGATTGCTCTTGTCAT,2.7989900165812913
46204,0.05242946358581416,16__nan,PertCortex_16_AGCAGCCAGGCTCAGA,3.8235844348108974
46205,0.13464863514194142,16__nan,PertCortex_16_AGCAGCCCACATCTTT,3.2626114215575535
46206,0.20037124800113001,16__nan,PertCortex_16_AGCAGCCGTCAATGTC,3.096007677005654
46207,0.1805724887369421,16__nan,PertCortex_16_AGCAGCCGTTTAGGAA,3.564519089616931
46208,0.4086829089938189,16__nan,PertCortex_16_AGCAGCCTCCTTTCTC,1.808861736629142
46209,0.0434961196492846,16__nan,PertCortex_16_AGCAGCCTCTTGACGA,3.298683272857853
46210,0.20299159021585556,16__nan,PertCortex_16_AGCATACAGATCGATA,2.006176642267976
46211,0.19361565833031094,16__nan,PertCortex_16_AGCATACAGTACATGA,3.018180369333272
46212,0.1102530598612939,16__nan,PertCortex_16_AGCATACCACAAGTAA,2.8521112837084917
46213,0.501517151924059,16__nan,PertCortex_16_AGCATACCACCAGTTA,1.8613360569806834
46214,0.0946646233747653,16__nan,PertCortex_16_AGCATACCAGGTGCCT,3.8927764224438395
46215,0.2728985577220473,16__nan,PertCortex_16_AGCATACGTAAAGTCA,3.39203354085539
46216,0.15103745683119363,16__nan,PertCortex_16_AGCCTAAAGGAGTTGC,4.3287082691019165
46217,0.12227105898551724,16__nan,PertCortex_16_AGCCTAACAATCGAAA,4.384630426963053
46218,0.16261626099549967,16__nan,PertCortex_16_AGCCTAAGTGCATCTA,4.688983234272797
46219,0.1050992413483795,16__nan,PertCortex_16_AGCCTAATCCTTGACC,3.510669422397729
46220,0.5644314348709476,16__nan,PertCortex_16_AGCCTAATCGAATGCT,1.4558781451731313
46221,0.5241027533811404,16__nan,PertCortex_16_AGCGGTCAGTTCGCAT,1.9809378995675813
46222,0.11650897578231778,16__nan,PertCortex_16_AGCGGTCCATCTCGCT,3.2927885926615117
46223,0.11503502209949877,16__nan,PertCortex_16_AGCGTATAGCCCAGCT,3.3059822573848594
46224,0.14383954732867726,16__nan,PertCortex_16_AGCGTATAGTGACATA,3.436134470522965
46225,0.714948787477579,16__nan,PertCortex_16_AGCGTATCACCAACCG,1.5448831801973912
46226,0.19503826703590918,16__nan,PertCortex_16_AGCGTATCAGACAGGT,3.515859901935298
46227,0.13557207880550076,16__nan,PertCortex_16_AGCGTATCAGCGATCC,4.231160012193157
46228,0.19062208738581335,16__nan,PertCortex_16_AGCGTATCAGTATGCT,2.8398563516073243
46229,0.20951016479974233,16__nan,PertCortex_16_AGCGTATTCAGGCCCA,3.207855609427846
46230,0.1412738103487135,16__nan,PertCortex_16_AGCGTCGAGCGTTGCC,2.0475194199332245
46231,0.4278163417008648,16__nan,PertCortex_16_AGCGTCGAGTGTTAGA,2.0542119376280294
46232,0.14707634521022186,16__nan,PertCortex_16_AGCGTCGCAAAGGCGT,2.511616393185595
46233,0.09795959345756552,16__nan,PertCortex_16_AGCGTCGCACGGACAA,3.3051435639438367
46234,0.1183089952958882,16__nan,PertCortex_16_AGCGTCGGTAAGAGAG,4.303700385812197
46235,0.20822437503223787,16__nan,PertCortex_16_AGCGTCGGTGGCTCCA,1.7645395491891964
46236,0.09701410217332149,16__nan,PertCortex_16_AGCGTCGGTTAAGTAG,3.361440586598698
46237,0.19257977611412988,16__nan,PertCortex_16_AGCGTCGGTTATGTGC,2.8314069087088463
46238,0.2207563619116758,16__nan,PertCortex_16_AGCGTCGTCATCGCTC,2.7910568932603605
46239,0.14447051873487254,16__nan,PertCortex_16_AGCGTCGTCGGATGGA,2.6234466361171753
46240,0.23782246190091233,16__nan,PertCortex_16_AGCTCCTAGATATGGT,2.8286078435817115
46241,0.1927980856488443,16__nan,PertCortex_16_AGCTCCTAGCTGCGAA,2.3549547529542103
46242,0.13803279947755023,16__nan,PertCortex_16_AGCTCCTAGGTGCAAC,2.936296940876954
46243,0.23864679476928255,16__nan,PertCortex_16_AGCTCCTGTACCGTAT,2.208610678925059
46244,0.18891585550429676,16__nan,PertCortex_16_AGCTCCTGTTGTACAC,3.100311312610848
46245,0.06974803675498406,16__nan,PertCortex_16_AGCTCTCAGATATGGT,4.428119356513303
46246,0.18444385207717623,16__nan,PertCortex_16_AGCTCTCAGTACGTTC,2.8748136538148645
46247,0.570699314410496,16__nan,PertCortex_16_AGCTCTCAGTGCGATG,1.9708710917742975
46248,0.20913992835871803,16__nan,PertCortex_16_AGCTCTCCAGCTTCGG,3.404326323477854
46249,0.08646698533804177,16__nan,PertCortex_16_AGCTCTCGTGTGAAAT,3.604525163586437
46250,0.2146522162128542,16__nan,PertCortex_16_AGCTCTCGTTATTCTC,3.2730380774278616
46251,0.3037731988579278,16__nan,PertCortex_16_AGCTCTCTCTAACTGG,3.2175181189956628
46252,0.45178896881998876,16__nan,PertCortex_16_AGCTTGAAGTGAAGAG,2.0882053580608444
46253,0.08800748758895857,16__nan,PertCortex_16_AGCTTGAAGTGGGCTA,2.939191266587516
46254,0.08389994899462161,16__nan,PertCortex_16_AGCTTGACATGCGCAC,3.771364573519345
46255,0.24779765941562185,16__nan,PertCortex_16_AGCTTGAGTCACACGC,2.8043542652201565
46256,0.20812808181315262,16__nan,PertCortex_16_AGCTTGAGTCATATCG,2.742161065600031
46257,0.21820224468298385,16__nan,PertCortex_16_AGCTTGATCCCGACTT,4.216062237676893
46258,0.09381271974008609,16__nan,PertCortex_16_AGGCCACAGAGGTAGA,2.8462920307790993
46259,0.11039787984704784,16__nan,PertCortex_16_AGGCCACAGCGGCTTC,4.689014845459078
46260,0.17697983255497113,16__nan,PertCortex_16_AGGCCACCACCATCCT,2.7571794548339854
46261,0.5932084894822148,16__nan,PertCortex_16_AGGCCACCACGACTCG,1.9415678762774606
46262,0.034361370415624995,16__nan,PertCortex_16_AGGCCACCAGCCTTTC,3.621857457059203
46263,0.16725726553176812,16__nan,PertCortex_16_AGGCCACTCCAGTATG,3.2673401497154484
46264,0.09039340807033061,16__nan,PertCortex_16_AGGCCGTCACTGTCGG,4.599903592342661
46265,0.1708824076685868,16__nan,PertCortex_16_AGGCCGTCAGGTCCAC,2.643979699118792
46266,0.07449737479454245,16__nan,PertCortex_16_AGGCCGTCATTCCTGC,3.5780434426136627
46267,0.08772850201591573,16__nan,PertCortex_16_AGGCCGTGTTAGTGGG,2.7655641923098937
46268,0.18566214746189055,16__nan,PertCortex_16_AGGCCGTTCTCGCATC,3.4587288292266862
46269,0.1320166000416956,16__nan,PertCortex_16_AGGGAGTCACGGATAG,2.3619020237341832
46270,0.13562085487942616,16__nan,PertCortex_16_AGGGAGTGTCTAGTCA,4.477615141638604
46271,0.5080346237676733,16__nan,PertCortex_16_AGGGAGTGTGAGGCTA,2.3343850470838015
46272,0.20374175582280007,16__nan,PertCortex_16_AGGGATGCACAGACAG,2.9539374765557933
46273,0.1601223476137365,16__nan,PertCortex_16_AGGGATGTCAGTGTTG,4.410073950618178
46274,0.20214952188548188,16__nan,PertCortex_16_AGGGATGTCGTTTATC,5.354946039589591
46275,0.1524064252718707,16__nan,PertCortex_16_AGGGTGAAGAGGACGG,3.3699096786527205
46276,0.5597631386608685,16__nan,PertCortex_16_AGGGTGACAGAGCCAA,2.026528711174691
46277,0.15106718179375342,16__nan,PertCortex_16_AGGGTGACATCTCGCT,3.4596279855470753
46278,0.06910644568047404,16__nan,PertCortex_16_AGGGTGAGTGAACCTT,3.4152257879848666
46279,0.33551834474931624,16__nan,PertCortex_16_AGGGTGATCTTTACAC,2.3841710689373903
46280,0.0909834857185882,16__nan,PertCortex_16_AGGTCATAGATGTTAG,3.7441682478360687
46281,0.31386147908671846,16__nan,PertCortex_16_AGGTCATAGCGTTGCC,1.8118431626906868
46282,0.3271134024232996,16__nan,PertCortex_16_AGGTCATCAAATCCGT,1.6068595198412936
46283,0.2760258856661615,16__nan,PertCortex_16_AGGTCATCAACACGCC,3.081275649436339
46284,0.5188480773147334,16__nan,PertCortex_16_AGGTCATGTATCAGTC,2.299842560368276
46285,0.07222755408165658,16__nan,PertCortex_16_AGGTCATGTCTCGTTC,3.5045968078191567
46286,0.1678084756942378,16__nan,PertCortex_16_AGGTCATTCAGGCGAA,3.204382150835934
46287,0.2781772292299454,16__nan,PertCortex_16_AGGTCATTCATTGCGA,3.1634242058513213
46288,0.25718540142624213,16__nan,PertCortex_16_AGGTCATTCGCCAGCA,2.7089121078786205
46289,0.15312889627832096,16__nan,PertCortex_16_AGGTCATTCTGATTCT,3.7901588979354655
46290,0.08220068167383066,16__nan,PertCortex_16_AGGTCCGCACATTCGA,3.557988241191608
46291,0.24318786636995218,16__nan,PertCortex_16_AGGTCCGGTTACGGAG,3.122236598119807
46292,0.0967792836470468,16__nan,PertCortex_16_AGGTCCGGTTAGTGGG,4.532318918204307
46293,0.21625675578498166,16__nan,PertCortex_16_AGGTCCGTCGTTTATC,2.9158553785487333
46294,0.24637452538672838,16__nan,PertCortex_16_AGGTCCGTCTGTTTGT,2.8940849602652756
46295,0.10082668305020179,16__nan,PertCortex_16_AGTAGTCAGCCGATTT,2.0325100593187626
46296,0.30576166443644354,16__nan,PertCortex_16_AGTAGTCGTCCGACGT,2.696193226297948
46297,0.35258362955732875,16__nan,PertCortex_16_AGTAGTCTCCTACAGA,2.59199894647019
46298,0.10235176379912125,16__nan,PertCortex_16_AGTCTTTGTTAGAACA,4.530581678342156
46299,0.17602309599953672,16__nan,PertCortex_16_AGTCTTTGTTCTGAAC,4.731048713699353
46300,0.16339339059485314,16__nan,PertCortex_16_AGTCTTTTCGGCTTGG,3.4515716059368295
46301,0.4126960193493146,16__nan,PertCortex_16_AGTCTTTTCTTCCTTC,2.1329763371809585
46302,0.6071873538185364,16__nan,PertCortex_16_AGTGAGGAGCTAAACA,2.0335008132180485
46303,0.32941537322578607,16__nan,PertCortex_16_AGTGAGGGTATAATGG,2.159054542587971
46304,0.5658482165470232,16__nan,PertCortex_16_AGTGGGAAGACTTGAA,2.1497982859350486
46305,0.23982653535565,16__nan,PertCortex_16_AGTGGGAGTTCCCGAG,2.5863386144360883
46306,0.16985478799486203,16__nan,PertCortex_16_AGTGGGAGTTGTACAC,4.077933520525894
46307,0.09021939760241093,16__nan,PertCortex_16_AGTGTCAAGAACAATC,4.573430593339802
46308,0.16421577221938918,16__nan,PertCortex_16_AGTGTCAAGAGTCTGG,4.155649724494396
46309,0.13808186105380968,16__nan,PertCortex_16_AGTGTCACATGCGCAC,2.5777045976387583
46310,0.19882870231713062,16__nan,PertCortex_16_AGTGTCAGTAGGAGTC,2.6792975484985684
46311,0.29402174581003565,16__nan,PertCortex_16_AGTGTCAGTCGCTTCT,2.708546091697537
46312,0.09805651469268577,16__nan,PertCortex_16_AGTGTCAGTTTGGCGC,4.228710838491579
46313,0.12892594989592085,16__nan,PertCortex_16_AGTGTCATCCAGAGGA,3.9254381471555964
46314,0.24823260829352048,16__nan,PertCortex_16_AGTTGGTAGCGTGTCC,2.187354104081881
46315,0.1396776504355565,16__nan,PertCortex_16_AGTTGGTAGCTGCAAG,4.022722878188472
46316,0.1227578595081445,16__nan,PertCortex_16_AGTTGGTAGCTGGAAC,4.953746019392975
46317,0.09325213399927625,16__nan,PertCortex_16_AGTTGGTGTTTGTTGG,3.079292672326342
46318,0.2265633073829582,16__nan,PertCortex_16_ATAACGCAGCCACTAT,3.4788879644091657
46319,0.16326987629129783,16__nan,PertCortex_16_ATAACGCAGTGCCATT,3.70151217346543
46320,0.08999294436428135,16__nan,PertCortex_16_ATAACGCCAAGGGTCA,3.037781252711416
46321,0.09171896645209748,16__nan,PertCortex_16_ATAACGCGTAGCTAAA,3.7542996637137485
46322,0.15704951159765146,16__nan,PertCortex_16_ATAACGCGTAGGAGTC,4.377587176028242
46323,0.4709179780529085,16__nan,PertCortex_16_ATAACGCGTGTTGGGA,1.8064857672858103
46324,0.09395291590823186,16__nan,PertCortex_16_ATAACGCTCACAAACC,3.891849365729403
46325,0.06843544263037307,16__nan,PertCortex_16_ATAACGCTCTGGCGTG,4.279707834284059
46326,0.5155515025777397,16__nan,PertCortex_16_ATAAGAGAGACTTTCG,1.8638899661068145
46327,0.4634775258266983,16__nan,PertCortex_16_ATAAGAGAGCTTATCG,3.1354246632204847
46328,0.4206774056687557,16__nan,PertCortex_16_ATAAGAGAGGGTGTGT,2.0061798343760158
46329,0.14399026495798947,16__nan,PertCortex_16_ATAAGAGCAGATCCAT,3.239345237070702
46330,0.2474035997682478,16__nan,PertCortex_16_ATAAGAGGTACGACCC,2.3184009609118013
46331,0.21394211312045852,16__nan,PertCortex_16_ATAAGAGGTTAGATGA,3.2826109064791047
46332,0.1843464986212,16__nan,PertCortex_16_ATAGACCAGTGTCCAT,4.4188186959020195
46333,0.12024282838182465,16__nan,PertCortex_16_ATAGACCAGTTGAGAT,4.148223946438141
46334,0.35983127799489856,16__nan,PertCortex_16_ATAGACCCACGAAGCA,2.742981489857867
46335,0.2540562813776768,16__nan,PertCortex_16_ATAGACCGTCGCGTGT,2.732454516471341
46336,0.19524906077930623,16__nan,PertCortex_16_ATAGACCTCCACTGGG,3.4957441181685263
46337,0.06065929985802948,16__nan,PertCortex_16_ATAGACCTCTGCAGTA,5.0458714343314135
46338,0.14250288588491344,16__nan,PertCortex_16_ATCACGACAGATTGCT,4.648141028531954
46339,0.10785444443784585,16__nan,PertCortex_16_ATCACGACAGGCTCAC,3.6875005129446436
46340,0.01546407987949907,16__nan,PertCortex_16_ATCACGAGTATGAATG,4.294607237668861
46341,0.06455317367979731,16__nan,PertCortex_16_ATCACGAGTCTAGTCA,3.6250241433728494
46342,0.2758182072603012,16__nan,PertCortex_16_ATCACGAGTGCCTGTG,3.2070937059942555
46343,0.020072174362718243,16__nan,PertCortex_16_ATCATCTAGGTTACCT,3.5377747509848576
46344,0.14198955588010578,16__nan,PertCortex_16_ATCATCTAGTGCTGCC,4.546429925193159
46345,0.10448472061713428,16__nan,PertCortex_16_ATCATCTCAGCTTCGG,3.8998249413605657
46346,0.12313795790614357,16__nan,PertCortex_16_ATCATCTGTCTCCCTA,4.987761910885905
46347,0.09244885625149393,16__nan,PertCortex_16_ATCATCTTCAAGGTAA,4.651604818676015
46348,0.11963108227443178,16__nan,PertCortex_16_ATCATCTTCCGCTGTT,4.206504533635849
46349,0.25275394115509414,16__nan,PertCortex_16_ATCATGGAGAGACTAT,2.6953742927650457
46350,0.13413795057862626,16__nan,PertCortex_16_ATCATGGAGATAGTCA,2.6264479740587885
46351,0.24349329670333186,16__nan,PertCortex_16_ATCATGGAGCGTAGTG,3.606244117588898
46352,0.1506096147546444,16__nan,PertCortex_16_ATCATGGAGTGAACGC,4.603726109657678
46353,0.20494752015432402,16__nan,PertCortex_16_ATCATGGCAAGTTAAG,4.236570832056539
46354,0.5915087168247302,16__nan,PertCortex_16_ATCATGGCACCGCTAG,2.216326427148381
46355,0.013377208740381123,16__nan,PertCortex_16_ATCATGGGTCAGATAA,2.317655465791856
46356,0.2169307853830918,16__nan,PertCortex_16_ATCCACCCAATAGCAA,2.993646716081072
46357,0.6174801604939493,16__nan,PertCortex_16_ATCCACCCATCGACGC,2.0121415424586004
46358,0.6377837076466673,16__nan,PertCortex_16_ATCCGAAAGACCCACC,1.7973886666877896
46359,0.17841492403721015,16__nan,PertCortex_16_ATCCGAAAGAGCTGCA,3.183840585772352
46360,0.18471167054806478,16__nan,PertCortex_16_ATCCGAAAGTCCCACG,3.540303468757916
46361,0.23825414664804404,16__nan,PertCortex_16_ATCCGAAAGTGAAGTT,2.4539170853673578
46362,0.10715374195282308,16__nan,PertCortex_16_ATCGAGTAGGCTACGA,3.1329843283782766
46363,0.08543905501081205,16__nan,PertCortex_16_ATCGAGTCAACACCTA,4.291939716563934
46364,0.1930363775750827,16__nan,PertCortex_16_ATCTACTGTACCTACA,4.064203646928392
46365,0.45603637544729336,16__nan,PertCortex_16_ATCTACTGTTCAGGCC,1.7731628918073186
46366,0.20552827932509699,16__nan,PertCortex_16_ATCTGCCAGCTCCTCT,3.0892673764949348
46367,0.5657130008840985,16__nan,PertCortex_16_ATCTGCCAGGGATACC,1.76586353265937
46368,0.11080501076877915,16__nan,PertCortex_16_ATCTGCCGTCGTGGCT,2.3817503290094244
46369,0.18263840632891667,16__nan,PertCortex_16_ATCTGCCGTGGGTATG,2.5709179900747787
46370,0.13276116736932791,16__nan,PertCortex_16_ATCTGCCTCGGTTCGG,4.079819807431065
46371,0.07449638565417563,16__nan,PertCortex_16_ATGAGGGAGGCTAGAC,4.396834115691949
46372,0.019684095661790073,16__nan,PertCortex_16_ATGAGGGAGTGGACGT,2.9337486687883576
46373,0.13856895700508876,16__nan,PertCortex_16_ATGAGGGGTGGTACAG,2.8931663445372306
46374,0.10950266689627972,16__nan,PertCortex_16_ATGAGGGTCACCAGGC,3.9650479311460716
46375,0.26152885560194644,16__nan,PertCortex_16_ATGAGGGTCATCGCTC,4.100743454067508
46376,0.5041839052191829,16__nan,PertCortex_16_ATGAGGGTCGGGAGTA,2.3419872519021148
46377,0.17604265279337938,16__nan,PertCortex_16_ATGCGATAGGCTAGGT,2.737250762964553
46378,0.06681236590386526,16__nan,PertCortex_16_ATGCGATAGGGATCTG,3.055846213703781
46379,0.22398005135810042,16__nan,PertCortex_16_ATGCGATAGTATTGGA,3.082605526294021
46380,0.09768099256542712,16__nan,PertCortex_16_ATGCGATCAACTGCTA,5.717656063285409
46381,0.2437723131097293,16__nan,PertCortex_16_ATGCGATCAGCGATCC,2.0448305442384296
46382,0.22644082372547963,16__nan,PertCortex_16_ATGCGATGTGAGTGAC,4.838395638249832
46383,0.08987303598047504,16__nan,PertCortex_16_ATGCGATGTTGTGGAG,4.173361681302451
46384,0.6427893686927144,16__nan,PertCortex_16_ATGCGATTCGGAATCT,1.8251774269354915
46385,0.24544023024265937,16__nan,PertCortex_16_ATGGGAGAGGCTAGAC,2.776514083684603
46386,0.17714385088675855,16__nan,PertCortex_16_ATGGGAGCAATGGATA,3.3426566858284343
46387,0.20799997306809,16__nan,PertCortex_16_ATGGGAGGTTTGTGTG,3.0237348432357063
46388,0.16087456496231384,16__nan,PertCortex_16_ATGGGAGTCGGTGTCG,4.437227907907402
46389,0.13817378419797408,16__nan,PertCortex_16_ATGTGTGAGACTAAGT,4.280155372689761
46390,0.1310584531395117,16__nan,PertCortex_16_ATGTGTGAGATGCCAG,4.274949817587172
46391,0.12746455202678494,16__nan,PertCortex_16_ATGTGTGAGGGCTTGA,4.053924035904253
46392,0.07949810075101377,16__nan,PertCortex_16_ATGTGTGCAAGCTGTT,4.354206417133504
46393,0.18742414197583698,16__nan,PertCortex_16_ATGTGTGGTATAGTAG,3.569520791901944
46394,0.09564999746102297,16__nan,PertCortex_16_ATGTGTGGTCGAGTTT,3.1758693506805122
46395,0.13891374949174531,16__nan,PertCortex_16_ATGTGTGTCCACTCCA,3.3796938695254957
46396,0.17717944938000194,16__nan,PertCortex_16_ATTACTCAGCGTTTAC,4.183167667393591
46397,0.34552792722539566,16__nan,PertCortex_16_ATTACTCGTCGAGTTT,2.2887127188498955
46398,0.12469816288107037,16__nan,PertCortex_16_ATTACTCTCACGAAGG,4.000860155495682
46399,0.14063694718600664,16__nan,PertCortex_16_ATTATCCAGAATCTCC,3.346884932267842
46400,0.24038468044477493,16__nan,PertCortex_16_ATTATCCAGAATGTGT,3.1487392136749923
46401,0.2540217996580884,16__nan,PertCortex_16_ATTATCCAGCAGGTCA,2.75238892965787
46402,0.44375435723386863,16__nan,PertCortex_16_ATTATCCCACTTGGAT,2.209481230919715
46403,0.4300390412295827,16__nan,PertCortex_16_ATTATCCCATCATCCC,2.7280663821193283
46404,0.017929081037228116,16__nan,PertCortex_16_ATTATCCGTTGATTCG,3.0011098807252954
46405,0.20502395901221276,16__nan,PertCortex_16_ATTCTACAGATATACG,5.110303952538859
46406,0.19955310060990666,16__nan,PertCortex_16_ATTCTACAGCAATCTC,3.35421586628123
46407,0.2851886190093004,16__nan,PertCortex_16_ATTCTACAGCTGCAAG,2.707508857680999
46408,0.31878249534955383,16__nan,PertCortex_16_ATTCTACCAAGAGGCT,2.0280397130397545
46409,0.15487985903237977,16__nan,PertCortex_16_ATTCTACCAATCGGTT,4.320382427851469
46410,0.22005489253170946,16__nan,PertCortex_16_ATTCTACCAATGAAAC,3.791355916885279
46411,0.101289185037755,16__nan,PertCortex_16_ATTCTACCACAACGTT,3.582515290352451
46412,0.2846141869247326,16__nan,PertCortex_16_ATTCTACGTAGTAGTA,2.615725018529728
46413,0.08956322010131064,16__nan,PertCortex_16_ATTCTACTCAGTGCAT,2.5331031710097984
46414,0.25933355350034226,16__nan,PertCortex_16_ATTCTACTCCGATATG,3.1412286183939506
46415,0.10478037136301241,16__nan,PertCortex_16_ATTCTACTCGCATGAT,3.7373503223029605
46416,0.06031721196156394,16__nan,PertCortex_16_ATTCTACTCTTTACGT,3.493592902856432
46417,0.13236543482000324,16__nan,PertCortex_16_ATTGGACAGAGGTTAT,2.3653187173890307
46418,0.06677617007650055,16__nan,PertCortex_16_ATTGGACAGCTGTCTA,4.058125068898789
46419,0.18137359470251332,16__nan,PertCortex_16_ATTGGACCATCGGGTC,2.8739543509842327
46420,0.1072081497133154,16__nan,PertCortex_16_ATTGGACCATGCATGT,4.170670667539542
46421,0.24235322805396428,16__nan,PertCortex_16_ATTGGTGAGATCGATA,3.0656477091237293
46422,0.15018913446444324,16__nan,PertCortex_16_ATTGGTGAGCCAGGAT,2.5414163338932765
46423,0.05064733364719303,16__nan,PertCortex_16_ATTGGTGAGTTGAGTA,4.085015550310475
46424,0.22634925513035237,16__nan,PertCortex_16_ATTGGTGCAAACGTGG,4.324756506901632
46425,0.42963660135615217,16__nan,PertCortex_16_ATTGGTGCAGCGATCC,2.6772643954584994
46426,0.18018612676262105,16__nan,PertCortex_16_ATTGGTGGTAAGTAGT,3.8039637911402924
46427,0.22454272673677367,16__nan,PertCortex_16_ATTGGTGGTTAAGATG,2.92145962958858
46428,0.18552101599398346,16__nan,PertCortex_16_ATTGGTGTCGCGATCG,3.313040371237344
46429,0.42169417627028233,16__nan,PertCortex_16_ATTGGTGTCGTACGGC,2.1638368676475492
46430,0.12603782569938998,16__nan,PertCortex_16_ATTTCTGAGAAGCCCA,3.6260770535862537
46431,0.19065586204365328,16__nan,PertCortex_16_ATTTCTGGTGTCGCTG,5.164812905159746
46432,0.14608105739798022,16__nan,PertCortex_16_ATTTCTGGTTCCGGCA,3.462704394912853
46433,0.0879201628516316,16__nan,PertCortex_16_ATTTCTGGTTCGTGAT,3.6924052349918837
46434,0.04805525744531098,16__nan,PertCortex_16_CAACCAAAGATGAGAG,3.320440010733762
46435,0.14889494218949273,16__nan,PertCortex_16_CAACCAACAATGTTGC,3.227546027791746
46436,0.5853383990359027,16__nan,PertCortex_16_CAACCAACAGAGCCAA,1.6118529941308721
46437,0.07880784828084635,16__nan,PertCortex_16_CAACCAATCCCTAACC,3.772327749488206
46438,0.11798275964674013,16__nan,PertCortex_16_CAACCTCAGACTTTCG,3.9785349296150216
46439,0.13217361309470269,16__nan,PertCortex_16_CAACCTCAGCTCCTCT,3.540239647074406
46440,0.40339627483651735,16__nan,PertCortex_16_CAACCTCGTGACTCAT,2.9054050971949508
46441,0.32764790045742276,16__nan,PertCortex_16_CAACCTCTCCGCAAGC,2.1730095142577497
46442,0.11246424074121364,16__nan,PertCortex_16_CAACCTCTCGAACTGT,5.539792790338629
46443,0.320051461034155,16__nan,PertCortex_16_CAACTAGAGCCAACAG,3.1382926764155683
46444,0.21170452314065002,16__nan,PertCortex_16_CAACTAGAGTGCTGCC,3.5000546304885374
46445,0.11596728550235853,16__nan,PertCortex_16_CAACTAGGTGTTGAGG,3.798093955948798
46446,0.1866219703176909,16__nan,PertCortex_16_CAACTAGTCGCACTCT,5.209611351180356
46447,0.705895714856102,16__nan,PertCortex_16_CAAGAAAAGAGTTGGC,1.3703759679768117
46448,0.13457646371644544,16__nan,PertCortex_16_CAAGAAAAGCGATAGC,3.838692595905179
46449,0.10451976397418963,16__nan,PertCortex_16_CAAGAAAAGTTACGGG,3.696641637384253
46450,0.09035234042889272,16__nan,PertCortex_16_CAAGAAACAAGAAAGG,3.3242876503256777
46451,0.33180270436458875,16__nan,PertCortex_16_CAAGAAACAGTGGGAT,3.0178774024542387
46452,0.40760964589132265,16__nan,PertCortex_16_CAAGAAACATCACCCT,2.7692037950099406
46453,0.6157918592807146,16__nan,PertCortex_16_CAAGAAAGTCTCTCTG,2.41603037313129
46454,0.14057896345461865,16__nan,PertCortex_16_CAAGAAATCTTTACAC,2.805389287611257
46455,0.52848434871458,16__nan,PertCortex_16_CAAGATCAGAGATGAG,1.9806374718619697
46456,0.09115366014664639,16__nan,PertCortex_16_CAAGATCAGGAACTGC,3.9459560636657196
46457,0.11601543646566709,16__nan,PertCortex_16_CAAGATCTCCTTGGTC,3.015311711734392
46458,0.5132751244902511,16__nan,PertCortex_16_CAAGGCCAGATCCGAG,1.7152244994975516
46459,0.15555752614260968,16__nan,PertCortex_16_CAAGGCCAGCTGATAA,4.046665433131098
46460,0.14077822925480077,16__nan,PertCortex_16_CAAGGCCAGTACGTTC,3.143944457237273
46461,0.5094458510830377,16__nan,PertCortex_16_CAAGGCCCACCGCTAG,1.6415391821496828
46462,0.044151852508592195,16__nan,PertCortex_16_CAAGGCCCAGGCGATA,4.114043051341376
46463,0.2908218784828725,16__nan,PertCortex_16_CAAGGCCGTGAGGCTA,2.601751576122978
46464,0.13311548746784954,16__nan,PertCortex_16_CAAGGCCGTGGTACAG,2.9246488588609556
46465,0.21708820818181196,16__nan,PertCortex_16_CAAGGCCGTGTTGAGG,3.8691737116683016
46466,0.22450059918859522,16__nan,PertCortex_16_CAAGTTGCAAAGTGCG,2.98986143255902
46467,0.24722633022474438,16__nan,PertCortex_16_CAAGTTGCAAGCTGGA,2.9703693974029965
46468,0.21084387740850888,16__nan,PertCortex_16_CAAGTTGCACTACAGT,3.024784587870195
46469,0.1756101135099135,16__nan,PertCortex_16_CAAGTTGCATCACAAC,4.690546860924441
46470,0.18457004596262905,16__nan,PertCortex_16_CACAAACAGCATGGCA,3.290804692318223
46471,0.08922346580259458,16__nan,PertCortex_16_CACAAACAGCTCCTCT,3.6982187458943243
46472,0.19920276089140493,16__nan,PertCortex_16_CACAAACAGCTGAAAT,2.891985235340156
46473,0.12024662147640476,16__nan,PertCortex_16_CACAAACAGGATATAC,4.243259090848924
46474,0.1941448693608126,16__nan,PertCortex_16_CACAAACAGGCCCTTG,3.3378291485384253
46475,0.13189097012779644,16__nan,PertCortex_16_CACAAACGTCTGGTCG,4.440059560707542
46476,0.31512789991637885,16__nan,PertCortex_16_CACAAACGTGAGCGAT,3.9991293476873113
46477,0.14114801200706226,16__nan,PertCortex_16_CACAAACTCGCATGGC,3.728020239837265
46478,0.1037204643548924,16__nan,PertCortex_16_CACACAAAGCTAACTC,5.019479070711504
46479,0.08573694232230106,16__nan,PertCortex_16_CACACAACATCCGGGT,3.440093396304171
46480,0.13911379669314733,16__nan,PertCortex_16_CACACAAGTCGAGTTT,1.9945358177695978
46481,0.5018178174904931,16__nan,PertCortex_16_CACACAAGTGTTGAGG,2.0094558764536257
46482,0.5277983095021328,16__nan,PertCortex_16_CACACAATCCGGCACA,1.717834358808584
46483,0.39313571952824233,16__nan,PertCortex_16_CACACAATCTATCGCC,2.06181017774419
46484,0.19169162384834448,16__nan,PertCortex_16_CACACCTAGTAGCCGA,3.421305972679356
46485,0.0916654354367883,16__nan,PertCortex_16_CACACCTCACATTTCT,4.425786451323187
46486,0.33937881648816043,16__nan,PertCortex_16_CACACCTCATCGGAAG,2.139139763621796
46487,0.35726866740531105,16__nan,PertCortex_16_CACACCTCATCGGGTC,1.6068197797125172
46488,0.05826062672892021,16__nan,PertCortex_16_CACACCTGTCTCCATC,2.5413772507787944
46489,0.2297545688416944,16__nan,PertCortex_16_CACACCTGTGGTCCGT,3.100756312095821
46490,0.5365613995653292,16__nan,PertCortex_16_CACACCTTCGTAGGAG,2.234237404887083
46491,0.143699830596452,16__nan,PertCortex_16_CACACTCAGATATACG,3.357770083445795
46492,0.21873492770041617,16__nan,PertCortex_16_CACACTCGTTGAGGTG,4.097723489635729
46493,0.1516848361077299,16__nan,PertCortex_16_CACACTCTCCGCATAA,5.295033697963489
46494,0.18882468868548005,16__nan,PertCortex_16_CACAGGCAGACTGGGT,2.8269496750740517
46495,0.1740568153161535,16__nan,PertCortex_16_CACAGGCAGGATATAC,3.689085344691897
46496,0.19834999102704948,16__nan,PertCortex_16_CACAGGCCAGAGCCAA,5.1757103917399565
46497,0.12729739953302716,16__nan,PertCortex_16_CACAGGCCATGTCGAT,4.343950406952114
46498,0.1320895584319607,16__nan,PertCortex_16_CACAGGCGTTTGGCGC,3.280196065157941
46499,0.06930503616973623,16__nan,PertCortex_16_CACAGGCGTTTGTGTG,2.5540630677875953
46500,0.1711803156973232,16__nan,PertCortex_16_CACAGGCTCTACTCAT,1.557232530859285
46501,0.058055754194112075,16__nan,PertCortex_16_CACAGTAAGCCAGTTT,4.315998192478283
46502,0.05257009059831792,16__nan,PertCortex_16_CACAGTAAGCGTGAAC,3.4546353004109265
46503,0.4759435589315434,16__nan,PertCortex_16_CACAGTAAGGACATTA,2.8598947038862077
46504,0.08233923090172945,16__nan,PertCortex_16_CACAGTAGTAGAAGGA,3.9594811732997908
46505,0.48917538235854263,16__nan,PertCortex_16_CACAGTATCCTAGGGC,2.2045269076614846
46506,0.14323378589840394,16__nan,PertCortex_16_CACAGTATCTACCAGA,2.700363491971939
46507,0.5472815438581579,16__nan,PertCortex_16_CACATAGAGATGGGTC,2.479041285457062
46508,0.10017744830812218,16__nan,PertCortex_16_CACATAGAGGTGTGGT,3.978754598436384
46509,0.21710625826964178,16__nan,PertCortex_16_CACATAGAGGTGTTAA,2.2489511607576493
46510,0.16870119631778652,16__nan,PertCortex_16_CACATAGCAGGCGATA,4.192081311536763
46511,0.692899344866005,16__nan,PertCortex_16_CACATAGCATATACCG,1.7067931087993997
46512,0.2195183891141387,16__nan,PertCortex_16_CACATAGTCTCCGGTT,2.826257126527432
46513,0.4062147642052482,16__nan,PertCortex_16_CACATTTAGTCATCCA,1.9415699800200275
46514,0.07917646507357093,16__nan,PertCortex_16_CACATTTCAACACGCC,2.426536863284
46515,0.2503982057799775,16__nan,PertCortex_16_CACATTTGTAGCTAAA,2.7034689828702474
46516,0.25541594729261163,16__nan,PertCortex_16_CACATTTGTCCTCTTG,2.9188243903341027
46517,0.12473926680617242,16__nan,PertCortex_16_CACATTTTCGCCATAA,3.9268731748853827
46518,0.11767471374165937,16__nan,PertCortex_16_CACCACTAGAAAGTGG,4.437149986005293
46519,0.29104368541608,16__nan,PertCortex_16_CACCACTAGGCTAGCA,2.0811000438227527
46520,0.25229190553442554,16__nan,PertCortex_16_CACCACTCACTCAGGC,2.6350440217608995
46521,0.11682711097399862,16__nan,PertCortex_16_CACCACTCAGGGTATG,4.410108741290412
46522,0.5423403639214307,16__nan,PertCortex_16_CACCACTGTCCGAAGA,2.216074262360319
46523,0.13411084287179173,16__nan,PertCortex_16_CACCACTGTTCGGGCT,3.6871001149608094
46524,0.1758364553581209,16__nan,PertCortex_16_CACCACTTCCTAGGGC,3.0366789038335162
46525,0.2694352627833627,16__nan,PertCortex_16_CACCAGGAGAGGACGG,1.8861703000005428
46526,0.21206296052232881,16__nan,PertCortex_16_CACCAGGCATAGACTC,4.5419101693744794
46527,0.46015398464984625,16__nan,PertCortex_16_CACCAGGTCTACCTGC,3.072750031786688
46528,0.5363550377801289,16__nan,PertCortex_16_CACCTTGCACATTTCT,2.5393422420703766
46529,0.2036718767781234,16__nan,PertCortex_16_CACCTTGGTGCTGTAT,3.3130151175599356
46530,0.07850354504548161,16__nan,PertCortex_16_CACCTTGTCGTCGTTC,3.7318025389698786
46531,0.10007049783880931,16__nan,PertCortex_16_CACTCCAAGGAGTTTA,1.9531773707803077
46532,0.42454326417675653,16__nan,PertCortex_16_CACTCCACAATGTTGC,1.9145457255795297
46533,0.09034259343738732,16__nan,PertCortex_16_CACTCCACATGGAATA,4.703722364686872
46534,0.17983424089914513,16__nan,PertCortex_16_CACTCCAGTAGGGACT,2.226859998792271
46535,0.05898439533858798,16__nan,PertCortex_16_CACTCCAGTCGAGTTT,4.4299823872382325
46536,0.24478224968756476,16__nan,PertCortex_16_CACTCCAGTTAAAGAC,2.923949959955295
46537,0.11451830941414926,16__nan,PertCortex_16_CAGAATCAGAGTTGGC,3.340237849975686
46538,0.008666322685920089,16__nan,PertCortex_16_CAGAATCAGTGAAGAG,5.373127893041197
46539,0.5533240652521327,16__nan,PertCortex_16_CAGAATCCAAGGACAC,2.567986509686574
46540,0.33869330218841726,16__nan,PertCortex_16_CAGAATCCACCGAAAG,1.7840563838760715
46541,0.12443843780999034,16__nan,PertCortex_16_CAGAGAGAGTCAATAG,2.8256022719670164
46542,0.22322181586530557,16__nan,PertCortex_16_CAGAGAGCAAGTACCT,3.3276582159352737
46543,0.20261939005814772,16__nan,PertCortex_16_CAGAGAGCAAGTCATC,4.825248169417108
46544,0.3935121002736078,16__nan,PertCortex_16_CAGAGAGCACGGCGTT,2.6269960117678637
46545,0.4990711884744156,16__nan,PertCortex_16_CAGAGAGCACGTTGGC,2.4306652861540323
46546,0.1712850056411117,16__nan,PertCortex_16_CAGAGAGCATTGGGCC,3.948714880554274
46547,0.15025607876076835,16__nan,PertCortex_16_CAGAGAGGTCGTGGCT,4.114911829694471
46548,0.06419422864155479,16__nan,PertCortex_16_CAGAGAGTCCCTGACT,3.290010477401622
46549,0.05041131924089618,16__nan,PertCortex_16_CAGAGAGTCTACGAGT,3.4016119888396052
46550,0.19027806203479902,16__nan,PertCortex_16_CAGATCAAGGGCACTA,3.086827582414901
46551,0.2434308346791016,16__nan,PertCortex_16_CAGATCACACACAGAG,2.1134055145523734
46552,0.09647198272044785,16__nan,PertCortex_16_CAGATCACACGAAATA,4.145868992414494
46553,0.27268980967629197,16__nan,PertCortex_16_CAGATCACAGCTGGCT,4.546207884037963
46554,0.10763453970579989,16__nan,PertCortex_16_CAGATCACATTTCACT,3.48426650012728
46555,0.38698053915115166,16__nan,PertCortex_16_CAGATCAGTAAACCTC,2.4646320060483795
46556,0.4357504080231923,16__nan,PertCortex_16_CAGATCATCAAAGACA,2.2980997276406296
46557,0.35451255021542305,16__nan,PertCortex_16_CAGATCATCGAATGCT,1.5358917973650401
46558,0.1845626036698287,16__nan,PertCortex_16_CAGATCATCGTCGTTC,3.527790807923802
46559,0.06015218587070999,16__nan,PertCortex_16_CAGCAGCAGGACTGGT,4.340682891762156
46560,0.3952527227372196,16__nan,PertCortex_16_CAGCAGCCACAGAGGT,2.0282833919742753
46561,0.13815742538626483,16__nan,PertCortex_16_CAGCAGCCACCATGTA,3.5885897982429285
46562,0.05616533015482947,16__nan,PertCortex_16_CAGCAGCGTTGGGACA,4.732361891401705
46563,0.6363844480906053,16__nan,PertCortex_16_CAGCATACACGTAAGG,1.9718240675710876
46564,0.621657874759136,16__nan,PertCortex_16_CAGCATAGTTTGCATG,1.7937889174271453
46565,0.1484250224338413,16__nan,PertCortex_16_CAGCATATCCACGTTC,5.344552836094732
46566,0.08977891669214738,16__nan,PertCortex_16_CAGCCGAAGATGGGTC,3.30044175272326
46567,0.5131399192177528,16__nan,PertCortex_16_CAGCCGACAAAGTCAA,2.8027716077937765
46568,0.5322880411029945,16__nan,PertCortex_16_CAGCCGACAATCGAAA,2.4876762520003544
46569,0.522049176036094,16__nan,PertCortex_16_CAGCCGATCTCTTGAT,2.1816951225750936
46570,0.5763375279736955,16__nan,PertCortex_16_CAGCGACGTCCATGAT,2.269022402138107
46571,0.13392182688526894,16__nan,PertCortex_16_CAGCGACGTGGCTCCA,4.079313622788999
46572,0.5099427358363794,16__nan,PertCortex_16_CAGCTAAAGACATAAC,1.9612520740361157
46573,0.28531492888539367,16__nan,PertCortex_16_CAGCTAATCATATCGG,3.66553615234223
46574,0.1847496899045639,16__nan,PertCortex_16_CAGCTAATCTGGAGCC,2.3488014482619484
46575,0.25432296228773793,16__nan,PertCortex_16_CAGCTGGAGACCGGAT,4.909939184622691
46576,0.07179258197381963,16__nan,PertCortex_16_CAGCTGGAGTCGTACT,3.2328128121176296
46577,0.4776781270664749,16__nan,PertCortex_16_CAGCTGGAGTGCCATT,2.206982165521139
46578,0.23068601727904955,16__nan,PertCortex_16_CAGCTGGCAGCTGGCT,3.878203951608746
46579,0.09240637097212752,16__nan,PertCortex_16_CAGCTGGCATGTTCCC,5.007088719469691
46580,0.08616707099236617,16__nan,PertCortex_16_CAGCTGGGTTAAGAAC,4.195638482262433
46581,0.1439467202883098,16__nan,PertCortex_16_CAGCTGGTCCGATATG,4.061704771162293
46582,0.13531644801757037,16__nan,PertCortex_16_CAGCTGGTCGGACAAG,3.7152144260153217
46583,0.13424867475719096,16__nan,PertCortex_16_CAGGTGCCAATAGCAA,3.8504309233066887
46584,0.041663193983189635,16__nan,PertCortex_16_CAGGTGCCATAAAGGT,3.8006430848419788
46585,0.12606554668905684,16__nan,PertCortex_16_CAGGTGCGTGTGAATA,4.123701324645631
46586,0.25806953220059414,16__nan,PertCortex_16_CAGGTGCGTTGGGACA,2.8890468370585833
46587,0.4327584723820591,16__nan,PertCortex_16_CAGGTGCTCATTCACT,2.882785804296961
46588,0.11755698391930763,16__nan,PertCortex_16_CAGGTGCTCGGCTACG,4.458327317872069
46589,0.16574338697954874,16__nan,PertCortex_16_CAGTAACAGAGCTATA,5.523229363469925
46590,0.3965595125740056,16__nan,PertCortex_16_CAGTAACGTACATGTC,2.1419860288695163
46591,0.1781578573157492,16__nan,PertCortex_16_CAGTAACGTCAATGTC,5.056663927647958
46592,0.09250147612168842,16__nan,PertCortex_16_CAGTAACGTTCATGGT,4.008592410554905
46593,0.09487467167783774,16__nan,PertCortex_16_CAGTAACGTTCGGCAC,5.246818301403914
46594,0.5538187369232288,16__nan,PertCortex_16_CAGTAACGTTGTACAC,1.9979104535691423
46595,0.17727107541331122,16__nan,PertCortex_16_CAGTAACTCAGCTCTC,4.511390909125004
46596,0.19089782170823155,16__nan,PertCortex_16_CAGTCCTCAGCGAACA,3.209600748804386
46597,0.18600459455726878,16__nan,PertCortex_16_CAGTCCTGTCTTTCAT,2.9886635060984834
46598,0.19043994351723584,16__nan,PertCortex_16_CAGTCCTTCTGCGGCA,2.7102133626142897
46599,0.4481069246314283,16__nan,PertCortex_16_CATATGGAGCTCCTCT,1.6002986059803288
46600,0.09329782838301375,16__nan,PertCortex_16_CATATGGAGTATCGAA,3.533812702939397
46601,0.3064286992474208,16__nan,PertCortex_16_CATATGGCAGCATGAG,2.698872349882781
46602,0.20588958028005885,16__nan,PertCortex_16_CATATGGGTACATGTC,3.7156854680503395
46603,0.20804706399379963,16__nan,PertCortex_16_CATATGGGTCTTGCGG,3.455168393328047
46604,0.12607827045197398,16__nan,PertCortex_16_CATATGGTCACGATGT,3.967482759484537
46605,0.07777354467527924,16__nan,PertCortex_16_CATATTCAGCCACGCT,4.059795301144959
46606,0.05155306154006947,16__nan,PertCortex_16_CATATTCGTGCAGGTA,3.6588630272730933
46607,0.6747566013535718,16__nan,PertCortex_16_CATATTCGTGTCAATC,1.7731841559492927
46608,0.4088472513974651,16__nan,PertCortex_16_CATATTCTCGTGGGAA,2.1637225711274555
46609,0.09322960569831482,16__nan,PertCortex_16_CATCAAGCACTTACGA,4.130789073066213
46610,0.12338883502299393,16__nan,PertCortex_16_CATCAAGCATGAGCGA,4.47068351918308
46611,0.14344971215728494,16__nan,PertCortex_16_CATCAAGGTACGCTGC,3.24727530850018
46612,0.2006143983595448,16__nan,PertCortex_16_CATCAAGGTAGTGAAT,3.4475401630355718
46613,0.4919628135962111,16__nan,PertCortex_16_CATCAAGTCTCGTTTA,2.1084029412541487
46614,0.20435352496672993,16__nan,PertCortex_16_CATCAGAAGCAGACTG,2.4355687857590382
46615,0.1225932896184567,16__nan,PertCortex_16_CATCAGAAGTGCGTGA,5.417551842412212
46616,0.19842315956074796,16__nan,PertCortex_16_CATCAGATCTAGCACA,2.955020171210398
46617,0.10786153150200757,16__nan,PertCortex_16_CATCAGATCTGCAAGT,4.44727842953096
46618,0.14691391810393628,16__nan,PertCortex_16_CATCCACAGAAGAAGC,4.267175891135198
46619,0.20143406558165822,16__nan,PertCortex_16_CATCCACAGTTGAGAT,3.931381786833401
46620,0.15253391569659794,16__nan,PertCortex_16_CATCCACCACGAAATA,2.420940235158617
46621,0.30301379455057,16__nan,PertCortex_16_CATCCACCAGTATAAG,1.619431373470723
46622,0.17977378014161507,16__nan,PertCortex_16_CATCCACCATTGGGCC,3.312897536943412
46623,0.18591075503779964,16__nan,PertCortex_16_CATCCACGTACCGGCT,3.109557630157712
46624,0.5578720441396243,16__nan,PertCortex_16_CATCCACGTCCAGTAT,2.0336527330702174
46625,0.22734312191813472,16__nan,PertCortex_16_CATCCACGTCTAGGTT,2.9558833871947963
46626,0.18574477074905218,16__nan,PertCortex_16_CATCCACTCACTGGGC,2.736659573113546
46627,0.2657335967692724,16__nan,PertCortex_16_CATCGAAAGAACAACT,3.4179813401006416
46628,0.22453673058251356,16__nan,PertCortex_16_CATCGAACACCGCTAG,2.740582214976067
46629,0.3247974209691399,16__nan,PertCortex_16_CATCGAACAGGGAGAG,2.542740730608072
46630,0.07849010057099662,16__nan,PertCortex_16_CATCGAACATGTAGTC,3.6733571180482003
46631,0.19248699428858004,16__nan,PertCortex_16_CATCGAAGTTGTCGCG,4.552692028012262
46632,0.4617882372673919,16__nan,PertCortex_16_CATCGAATCAGCTTAG,2.0484015443923647
46633,0.2527508363206267,16__nan,PertCortex_16_CATCGAATCTTGAGGT,3.387377540713193
46634,0.23043984842722393,16__nan,PertCortex_16_CATCGGGAGGAATTAC,4.1617091369958885
46635,0.10369425674765056,16__nan,PertCortex_16_CATCGGGAGGCAGTCA,4.518617321411282
46636,0.28317835427829546,16__nan,PertCortex_16_CATCGGGGTACAGACG,2.7459250065285414
46637,0.18092975457416013,16__nan,PertCortex_16_CATCGGGGTACATGTC,2.759698472580536
46638,0.09006099562247048,16__nan,PertCortex_16_CATCGGGGTTACTGAC,4.3627937035947015
46639,0.17221487775953828,16__nan,PertCortex_16_CATCGGGTCAGAGACG,4.4602836074186545
46640,0.2197174752138607,16__nan,PertCortex_16_CATCGGGTCTATCCCG,2.231615018888941
46641,0.15908988262457138,16__nan,PertCortex_16_CATGACAAGAGCCCAA,3.302910821493739
46642,0.45900548420749826,16__nan,PertCortex_16_CATGACAGTTAAAGAC,2.3283129381634424
46643,0.23504870236077374,16__nan,PertCortex_16_CATGACATCCTTAATC,3.7189432634055386
46644,0.13019979392452785,16__nan,PertCortex_16_CATGACATCGTTGACA,3.7038460584337454
46645,0.10517944565406376,16__nan,PertCortex_16_CATGACATCTGAGTGT,2.026220346416554
46646,0.13402829293777843,16__nan,PertCortex_16_CATGCCTGTCTCTCTG,2.9585438177208756
46647,0.486517965472846,16__nan,PertCortex_16_CATGGCGCATCACAAC,2.0680636699228967
46648,0.019400954578324074,16__nan,PertCortex_16_CATGGCGGTCTCAACA,3.952279086163685
46649,0.38717662133393677,16__nan,PertCortex_16_CATGGCGGTCTGCCAG,1.9587834498808996
46650,0.11558497930953282,16__nan,PertCortex_16_CATGGCGGTGCTCTTC,4.486810048834493
46651,0.15967503721888124,16__nan,PertCortex_16_CATGGCGGTTACGCGC,2.6267030748090665
46652,0.09091523393519282,16__nan,PertCortex_16_CATTATCAGATCGGGT,4.395383844091228
46653,0.09137686605473004,16__nan,PertCortex_16_CATTATCAGCGGATCA,2.2751815472043666
46654,0.12161055859324174,16__nan,PertCortex_16_CATTATCCATCCGTGG,3.7533923870036787
46655,0.17675132073801575,16__nan,PertCortex_16_CATTATCCATTGTGCA,3.9830548797548024
46656,0.5950728686385802,16__nan,PertCortex_16_CATTATCGTAAGTAGT,2.2335937569788453
46657,0.07379719735497109,16__nan,PertCortex_16_CATTCGCCACAACTGT,3.8304688040292505
46658,0.1762905416018941,16__nan,PertCortex_16_CATTCGCCAGCTGTGC,2.8085241712969244
46659,0.08773955618272614,16__nan,PertCortex_16_CATTCGCGTCGTCTTC,4.056028516751771
46660,0.29862612279096895,16__nan,PertCortex_16_CCAATCCCAAGAGGCT,2.4795008553937197
46661,0.22817661012614848,16__nan,PertCortex_16_CCAATCCCAAGCTGGA,4.647033834833191
46662,0.2091101580012862,16__nan,PertCortex_16_CCAATCCCACAACGTT,3.286239888819954
46663,0.0307363642493194,16__nan,PertCortex_16_CCAATCCTCCTTGGTC,4.299833619321062
46664,0.30335249708136164,16__nan,PertCortex_16_CCACCTAAGAATTGTG,1.7519713741964253
46665,0.07879240361074391,16__nan,PertCortex_16_CCACCTACAAGGTTTC,3.3700731897990326
46666,0.3921538329638936,16__nan,PertCortex_16_CCACCTACAGCCAGAA,2.647539392812776
46667,0.16365294153583865,16__nan,PertCortex_16_CCACCTAGTTCCACTC,3.086076121766257
46668,0.07920859236872013,16__nan,PertCortex_16_CCACCTATCCACGACG,2.839676178639841
46669,0.07717620937364937,16__nan,PertCortex_16_CCACGGAAGGACATTA,4.119878450487252
46670,0.22557756650331987,16__nan,PertCortex_16_CCACGGACACAGGCCT,3.0304474945245707
46671,0.08341604538348116,16__nan,PertCortex_16_CCACGGACATCCTTGC,4.715897288339887
46672,0.12241379608908282,16__nan,PertCortex_16_CCACGGATCACGATGT,3.8395422570880293
46673,0.5330330289651466,16__nan,PertCortex_16_CCACTACAGGAGTTTA,2.7396022554178674
46674,0.12266269490602026,16__nan,PertCortex_16_CCACTACTCCGTAGTA,2.101098738296836
46675,0.10822905259682421,16__nan,PertCortex_16_CCACTACTCGAATCCA,3.846051128918041
46676,0.03934404546521078,16__nan,PertCortex_16_CCACTACTCTGTTGAG,5.155746883818314
46677,0.09305520966038903,16__nan,PertCortex_16_CCAGCGACACCCTATC,4.27639818405849
46678,0.11168928285204399,16__nan,PertCortex_16_CCAGCGACACGGTAAG,4.184114467736979
46679,0.5984954228623,16__nan,PertCortex_16_CCAGCGACATTGGTAC,2.1692078970821638
46680,0.4012691709623059,16__nan,PertCortex_16_CCAGCGAGTTCCACGG,2.4388160425293073
46681,0.18063384057924253,16__nan,PertCortex_16_CCAGCGATCTTTACAC,5.024781323431933
46682,0.19726063271019234,16__nan,PertCortex_16_CCATGTCAGGGCTCTC,4.329658894340296
46683,0.13737371811383098,16__nan,PertCortex_16_CCATGTCAGTGCGTGA,3.498612507707176
46684,0.22308078942185858,16__nan,PertCortex_16_CCATGTCCATCCTAGA,2.719185317151734
46685,0.5033430197462841,16__nan,PertCortex_16_CCATGTCGTAGCCTAT,2.60487021182644
46686,0.16770872854445842,16__nan,PertCortex_16_CCATTCGGTAAACGCG,3.330145337979272
46687,0.08155282704261786,16__nan,PertCortex_16_CCATTCGTCCACGCAG,5.207547929793278
46688,0.1474544409247175,16__nan,PertCortex_16_CCATTCGTCGTCCGTT,3.9646042821134317
46689,0.39210170788663906,16__nan,PertCortex_16_CCCAATCAGCTGATAA,2.579227311157123
46690,0.16406154078484514,16__nan,PertCortex_16_CCCAATCAGGGTCGAT,3.0154740204114283
46691,0.11425274846553317,16__nan,PertCortex_16_CCCAATCAGTGTCCAT,2.341483522388569
46692,0.04111550946750118,16__nan,PertCortex_16_CCCAATCCATCTCCCA,2.9386862871510306
46693,0.12924702323483456,16__nan,PertCortex_16_CCCAATCCATGGATGG,4.716883361708838
46694,0.11146203195336137,16__nan,PertCortex_16_CCCAATCCATTCTTAC,4.194084399810809
46695,0.20938142617307628,16__nan,PertCortex_16_CCCAATCGTAAGAGGA,3.774474472387374
46696,0.5369524326278128,16__nan,PertCortex_16_CCCAATCGTCAACTGT,2.3500908587677074
46697,0.2737251719038834,16__nan,PertCortex_16_CCCAATCTCAAACCGT,4.016426632366264
46698,0.1572172442538262,16__nan,PertCortex_16_CCCAATCTCATGTGGT,4.276352918163104
46699,0.2252163816435108,16__nan,PertCortex_16_CCCAATCTCCAGGGCT,2.1247566288076993
46700,0.06275970379645374,16__nan,PertCortex_16_CCCAATCTCGGCGCAT,3.8122163701530973
46701,0.052343765538303035,16__nan,PertCortex_16_CCCAGTTAGACTCGGA,2.9682303031899484
46702,0.4821841196544928,16__nan,PertCortex_16_CCCAGTTAGTCGAGTG,0.9964084816957832
46703,0.5406180515533132,16__nan,PertCortex_16_CCCAGTTAGTTACGGG,1.7288763493771762
46704,0.11920314861946299,16__nan,PertCortex_16_CCCAGTTCACCGAATT,5.507823799652789
46705,0.09780171327557509,16__nan,PertCortex_16_CCCAGTTCAGTGAGTG,3.23918033116495
46706,0.3196691152473601,16__nan,PertCortex_16_CCCAGTTCATCAGTCA,2.437452832289394
46707,0.1288067390515198,16__nan,PertCortex_16_CCCAGTTGTTGCGTTA,2.7465259850460306
46708,0.5461524706035035,16__nan,PertCortex_16_CCCAGTTTCCACGTGG,2.2727925300858307
46709,0.2503471593930518,16__nan,PertCortex_16_CCCATACCACGGCCAT,3.049135815982398
46710,0.521368446340809,16__nan,PertCortex_16_CCCTCCTAGTGGCACA,2.3743226058434552
46711,0.1026674190134349,16__nan,PertCortex_16_CCCTCCTCAATCACAC,3.4263845801270896
46712,0.4367490183577211,16__nan,PertCortex_16_CCCTCCTCAGCCTGTG,2.190141698777609
46713,0.16875104624767656,16__nan,PertCortex_16_CCCTCCTTCGATGAGG,2.504647665029962
46714,0.3400967683879776,16__nan,PertCortex_16_CCGGGATAGCTCCTCT,1.8364390663206709
46715,0.21631869666978576,16__nan,PertCortex_16_CCGGGATCATCCTAGA,3.7381233727327308
46716,0.09725687593423213,16__nan,PertCortex_16_CCGGGATGTAAACCTC,3.4735673019584383
46717,0.10641038365452318,16__nan,PertCortex_16_CCGGGATTCGACCAGC,4.800870266028496
46718,0.10838859337939726,16__nan,PertCortex_16_CCGGTAGAGACTTGAA,3.392980562085029
46719,0.18423727419642474,16__nan,PertCortex_16_CCGGTAGAGCTGAACG,2.014152699098582
46720,0.19244696284401666,16__nan,PertCortex_16_CCGGTAGCACAAGCCC,2.94041631113724
46721,0.5567972992453789,16__nan,PertCortex_16_CCGGTAGCACTGTCGG,1.5292571175732532
46722,0.12813002339106025,16__nan,PertCortex_16_CCGGTAGGTCTCGTTC,3.292369443222492
46723,0.12712163549918198,16__nan,PertCortex_16_CCGGTAGGTTGAACTC,4.509765322907527
46724,0.18324432821947056,16__nan,PertCortex_16_CCGGTAGTCAACACCA,2.4452042391936555
46725,0.11669814051759551,16__nan,PertCortex_16_CCGTACTAGATCCTGT,4.8392974501272095
46726,0.48225639137331666,16__nan,PertCortex_16_CCGTACTCAAGTTCTG,2.3814859790885268
46727,0.13788471605665809,16__nan,PertCortex_16_CCGTACTCACCGATAT,3.6148909585211846
46728,0.1565788834090117,16__nan,PertCortex_16_CCGTACTCAGTCAGAG,4.157268489846109
46729,0.5283245001212602,16__nan,PertCortex_16_CCGTACTGTCATACTG,3.0872231859142567
46730,0.5510849764129158,16__nan,PertCortex_16_CCGTACTGTGCACTTA,2.1780708218999374
46731,0.43308180213266795,16__nan,PertCortex_16_CCGTACTGTTCGGGCT,2.404300239097076
46732,0.07507672762194144,16__nan,PertCortex_16_CCGTACTTCAATCACG,3.3244384991032723
46733,0.3247996403381092,16__nan,PertCortex_16_CCGTGGAAGATCTGCT,1.7410596964103309
46734,0.16727011106130324,16__nan,PertCortex_16_CCGTGGAAGTAGGTGC,3.6987426159077814
46735,0.37204632566819856,16__nan,PertCortex_16_CCGTGGACAGCCTATA,2.2817113495497017
46736,0.1219717801103083,16__nan,PertCortex_16_CCGTGGAGTGGTCTCG,3.782890736780656
46737,0.1808873157075641,16__nan,PertCortex_16_CCGTTCACATCGGGTC,3.4174715932563315
46738,0.5852445348802112,16__nan,PertCortex_16_CCGTTCACATGCAACT,2.2287845702116464
46739,0.14864289089931848,16__nan,PertCortex_16_CCGTTCAGTTTAGCTG,3.389523901535853
46740,0.104255434606464,16__nan,PertCortex_16_CCTAAAGAGAGCTTCT,4.383419894184601
46741,0.10127301441539853,16__nan,PertCortex_16_CCTAAAGAGCGCTCCA,4.064398828785476
46742,0.2092290914426712,16__nan,PertCortex_16_CCTAAAGAGGAGTACC,2.1198196387096213
46743,0.5243419780538456,16__nan,PertCortex_16_CCTAAAGAGGGCTTCC,2.183826996480716
46744,0.21524586813788107,16__nan,PertCortex_16_CCTAAAGCAATGGTCT,3.7334180015866596
46745,0.21531226761898367,16__nan,PertCortex_16_CCTAAAGCACGGTAGA,2.0104848309759342
46746,0.09637474009643833,16__nan,PertCortex_16_CCTAAAGGTCATATCG,3.839100757927601
46747,0.15323745512000367,16__nan,PertCortex_16_CCTAAAGTCAGCGACC,3.3061808710318807
46748,0.13062499568585917,16__nan,PertCortex_16_CCTAAAGTCAGCTCGG,3.8694107651603673
46749,0.625859433059519,16__nan,PertCortex_16_CCTACACAGTTTAGGA,2.0842501041514025
46750,0.17287013164384718,16__nan,PertCortex_16_CCTACACCAGGATCGA,2.351122905651402
46751,0.31580830298367174,16__nan,PertCortex_16_CCTACACGTAATCGTC,3.0437203919160134
46752,0.15237665246745688,16__nan,PertCortex_16_CCTACACGTAGAGGAA,2.599126658305666
46753,0.5398028352200376,16__nan,PertCortex_16_CCTACACGTCACACGC,1.9489220010429766
46754,0.2348970292805694,16__nan,PertCortex_16_CCTACACGTTTAGCTG,2.706665120532365
46755,0.20282209997447398,16__nan,PertCortex_16_CCTACACTCGTCACGG,3.2128608831789878
46756,0.14845307776706787,16__nan,PertCortex_16_CCTACCAGTGTAACGG,3.301731754595851
46757,0.0748149236276494,16__nan,PertCortex_16_CCTACCAGTGTTCTTT,4.308962138253449
46758,0.19967631584454984,16__nan,PertCortex_16_CCTACCATCGAGCCCA,3.349126983641621
46759,0.49760597042580174,16__nan,PertCortex_16_CCTAGCTAGGACACCA,1.98923941086768
46760,0.07872391522957246,16__nan,PertCortex_16_CCTAGCTAGTCATCCA,3.5939346422079828
46761,0.1876455084719718,16__nan,PertCortex_16_CCTAGCTCAACACCTA,3.358187991030893
46762,0.10359259854680958,16__nan,PertCortex_16_CCTAGCTCAAGGTTCT,5.147530618442046
46763,0.11617350464048971,16__nan,PertCortex_16_CCTAGCTTCATTATCC,4.8186791937367435
46764,0.23500719973460463,16__nan,PertCortex_16_CCTATTACAAGCTGAG,4.438156593549136
46765,0.07696204583066296,16__nan,PertCortex_16_CCTATTACAGACGCCT,3.8773337078577783
46766,0.37727837468260245,16__nan,PertCortex_16_CCTATTACAGGTGCCT,2.5749728759873878
46767,0.09197795977359365,16__nan,PertCortex_16_CCTATTAGTGCCTGTG,3.6560934480201084
46768,0.0859183288969059,16__nan,PertCortex_16_CCTATTATCAATAAGG,3.5233604265485465
46769,0.14871679044609712,16__nan,PertCortex_16_CCTATTATCAATACCG,4.56157574776627
46770,0.05162610468317446,16__nan,PertCortex_16_CCTATTATCGCTGATA,4.44455484386393
46771,0.3692898077458879,16__nan,PertCortex_16_CCTCAGTAGGTACTCT,1.778261294658705
46772,0.21009296816879033,16__nan,PertCortex_16_CCTCAGTAGTGGAGTC,3.673226603469323
46773,0.10248876798685859,16__nan,PertCortex_16_CCTCAGTTCGACGGAA,3.6503579648535016
46774,0.13471940273902222,16__nan,PertCortex_16_CCTCTGACAACACCCG,3.564433069769859
46775,0.17375412642282478,16__nan,PertCortex_16_CCTCTGACAGCTGTAT,2.4902072056012354
46776,0.17588301920173224,16__nan,PertCortex_16_CCTCTGAGTCGAGATG,3.1614820754962274
46777,0.290624948467166,16__nan,PertCortex_16_CCTCTGATCACTCTTA,3.7751066234693424
46778,0.22455027098128985,16__nan,PertCortex_16_CCTTACGAGCCAGTAG,4.006678307072802
46779,0.1210175608254521,16__nan,PertCortex_16_CCTTACGCATATGGTC,5.229658068880062
46780,0.03769102712848089,16__nan,PertCortex_16_CCTTACGCATGAGCGA,4.127689671897617
46781,0.20474955267629355,16__nan,PertCortex_16_CCTTACGGTCTAGCCG,2.8261571406159582
46782,0.6148645028938038,16__nan,PertCortex_16_CCTTACGTCACGACTA,2.088920826729528
46783,0.26644092956575355,16__nan,PertCortex_16_CCTTCCCAGTAGCGGT,3.96123725317388
46784,0.12240233151742815,16__nan,PertCortex_16_CCTTCCCCAACGATCT,3.8882689856113606
46785,0.14331898782876507,16__nan,PertCortex_16_CCTTCCCCACACCGAC,4.326140505146123
46786,0.30352141677055705,16__nan,PertCortex_16_CCTTCCCGTATGAAAC,3.784979512930415
46787,-0.0037354895277943254,16__nan,PertCortex_16_CCTTCGAAGACAGACC,3.0289100177428705
46788,0.09793834031437498,16__nan,PertCortex_16_CCTTCGAAGGTCGGAT,3.1057045265276373
46789,0.11621109404813122,16__nan,PertCortex_16_CCTTCGAAGTACGCGA,3.9869862116597132
46790,0.13863921832724155,16__nan,PertCortex_16_CCTTCGAAGTGCCAGA,4.283374846736301
46791,0.08894078714736332,16__nan,PertCortex_16_CCTTCGACACAGACTT,4.776152947306514
46792,0.08886383201987852,16__nan,PertCortex_16_CCTTCGACACAGGAGT,4.797147481035352
46793,0.07769671002121226,16__nan,PertCortex_16_CCTTCGACAGACGCTC,3.6694499832801872
46794,0.13207658149067578,16__nan,PertCortex_16_CCTTCGACATTCGACA,3.5342396278100936
46795,0.11307530355777597,16__nan,PertCortex_16_CCTTCGAGTACAAGTA,2.5335264345893247
46796,0.13321716163284184,16__nan,PertCortex_16_CCTTCGATCTTTACAC,3.322670336116455
46797,0.12251183147702965,16__nan,PertCortex_16_CCTTTCTAGTGGAGAA,4.291322079024585
46798,0.14365355765013788,16__nan,PertCortex_16_CCTTTCTCATATACGC,3.8534877612935685
46799,0.14075118476088955,16__nan,PertCortex_16_CCTTTCTGTCAGATAA,3.842861612488856
46800,0.2079527540878158,16__nan,PertCortex_16_CCTTTCTGTGTGAATA,4.466027143667566
46801,0.17274986181914898,16__nan,PertCortex_16_CCTTTCTGTTTAGGAA,3.4130219639978496
46802,0.1172963796621882,16__nan,PertCortex_16_CCTTTCTTCCTCTAGC,4.142049381578252
46803,0.16978037613196356,16__nan,PertCortex_16_CGAACATCACACCGCA,4.914380408563042
46804,0.1296751371102721,16__nan,PertCortex_16_CGAACATCACGGTAAG,4.035894172309594
46805,0.26318451393844466,16__nan,PertCortex_16_CGAACATGTACATGTC,3.101233302361303
46806,0.10493796225005747,16__nan,PertCortex_16_CGAACATGTCATCCCT,3.9730474745878728
46807,0.16687563759466578,16__nan,PertCortex_16_CGAACATTCAACGGGA,3.163714710756733
46808,0.49000050674150347,16__nan,PertCortex_16_CGAATGTAGCTAGCCC,1.742457302652564
46809,0.07129669167937264,16__nan,PertCortex_16_CGAATGTAGCTGAACG,3.4957033096111254
46810,0.004046526755250016,16__nan,PertCortex_16_CGAATGTAGGGATCTG,3.696219728326883
46811,0.33429442696840556,16__nan,PertCortex_16_CGAATGTAGGTGCTTT,2.70794926325767
46812,0.08447569295356018,16__nan,PertCortex_16_CGAATGTGTAAGAGGA,3.85024815828211
46813,0.20769979401766564,16__nan,PertCortex_16_CGAATGTGTGTTCTTT,4.733398718524404
46814,0.12756245677504724,16__nan,PertCortex_16_CGAATGTGTTCGGCAC,4.32869970747323
46815,0.07307396789902645,16__nan,PertCortex_16_CGAATGTTCATGTAGC,3.943879236311598
46816,0.16248161349868018,16__nan,PertCortex_16_CGACCTTAGTGAACGC,2.6805674707674303
46817,0.048041563457665484,16__nan,PertCortex_16_CGACCTTCATACTACG,3.6253585804679926
46818,0.10028639951445484,16__nan,PertCortex_16_CGACCTTGTCAGCTAT,3.746445415216139
46819,0.321692966306287,16__nan,PertCortex_16_CGACTTCCATCCGCGA,2.606477629710972
46820,0.5439987524505557,16__nan,PertCortex_16_CGACTTCGTCAGGACA,2.3461670212884704
46821,0.12042131997179002,16__nan,PertCortex_16_CGACTTCGTCGAATCT,3.2269800452786845
46822,0.5128349579503876,16__nan,PertCortex_16_CGAGAAGCATCCAACA,2.415669981505841
46823,0.1812012915214121,16__nan,PertCortex_16_CGAGAAGGTATCTGCA,3.912502690926048
46824,0.05653747000048202,16__nan,PertCortex_16_CGAGAAGGTGGCGAAT,2.9529601414609066
46825,0.34822843285010907,16__nan,PertCortex_16_CGAGCACAGAGCAATT,2.961625129921703
46826,0.6571105759978625,16__nan,PertCortex_16_CGAGCACAGTCTCGGC,1.8058626232184387
46827,0.1703987177592806,16__nan,PertCortex_16_CGAGCACCAGTCTTCC,4.177594585217412
46828,0.17148212527523893,16__nan,PertCortex_16_CGAGCACCATGCATGT,4.028584737188691
46829,0.11024420565261343,16__nan,PertCortex_16_CGAGCACGTCCGACGT,3.4110658042647177
46830,0.15141859299808336,16__nan,PertCortex_16_CGAGCACGTCCGTGAC,3.3321249222121194
46831,0.17085011843480283,16__nan,PertCortex_16_CGAGCACGTGACTCAT,4.374280310641168
46832,0.08683533627932596,16__nan,PertCortex_16_CGAGCACGTTATGTGC,3.8978544134461908
46833,0.3763698888887779,16__nan,PertCortex_16_CGAGCCAAGTTCCACA,2.581036472659167
46834,0.15786586568957775,16__nan,PertCortex_16_CGAGCCAGTCGCGTGT,4.381962697965491
46835,0.0880526075687594,16__nan,PertCortex_16_CGAGCCATCAAACCAC,2.960887021365107
46836,0.08851514789372993,16__nan,PertCortex_16_CGATCGGCAACGATGG,4.826732070695593
46837,0.17098745611648578,16__nan,PertCortex_16_CGATCGGTCTAGAGTC,2.833140799107642
46838,0.13784865653737255,16__nan,PertCortex_16_CGATGGCAGCCCTAAT,3.6077843210789324
46839,0.18595896009312135,16__nan,PertCortex_16_CGATGGCAGGGTTTCT,2.633787471882478
46840,0.34637421960033854,16__nan,PertCortex_16_CGATGGCCAGGTTTCA,3.0553970349671546
46841,0.4633822817345702,16__nan,PertCortex_16_CGATGGCGTACTTAGC,1.7937702493854681
46842,0.4081998161969512,16__nan,PertCortex_16_CGATGGCTCGTTGACA,2.5979488735102816
46843,0.1443866782992493,16__nan,PertCortex_16_CGATGGCTCTCTGCTG,3.883895385200889
46844,0.17032815724733374,16__nan,PertCortex_16_CGATGTAAGATGGCGT,3.838604686021868
46845,0.24337382539222824,16__nan,PertCortex_16_CGATGTAGTAGCTCCG,3.1466984471767487
46846,0.4543561982985296,16__nan,PertCortex_16_CGATGTAGTCTGATTG,2.59721421887597
46847,0.3845167790867375,16__nan,PertCortex_16_CGATGTATCCAAACTG,1.8913554881736074
46848,0.11568444435424632,16__nan,PertCortex_16_CGATGTATCTCCAGGG,4.212857673816509
46849,0.2968060403297212,16__nan,PertCortex_16_CGATTGAAGGAGTTGC,3.1255483459404267
46850,0.19165573931039387,16__nan,PertCortex_16_CGATTGAAGTAGGTGC,4.3844614713107894
46851,0.2323809839079659,16__nan,PertCortex_16_CGATTGAAGTGGTAGC,4.503133379458221
46852,0.08956679323916472,16__nan,PertCortex_16_CGATTGAGTAGGACAC,3.4067141011359143
46853,0.1272085989907882,16__nan,PertCortex_16_CGATTGAGTCACACGC,3.7846028218341634
46854,0.15272708665578508,16__nan,PertCortex_16_CGATTGATCAGCTCTC,4.448502183075169
46855,0.16379244833963946,16__nan,PertCortex_16_CGATTGATCCGCATAA,3.036357731124179
46856,0.32002640980283936,16__nan,PertCortex_16_CGATTGATCGGCGGTT,2.7412035043107643
46857,0.510783134013923,16__nan,PertCortex_16_CGCCAAGAGTCTCGGC,2.178702104625544
46858,0.18121410478886246,16__nan,PertCortex_16_CGCCAAGCACATCCAA,4.019974273582456
46859,0.255133166172388,16__nan,PertCortex_16_CGCCAAGCAGATCGGA,3.1101480015424285
46860,0.08897512316899996,16__nan,PertCortex_16_CGCCAAGCAGCTCGAC,2.8790833624243164
46861,0.1300392555348049,16__nan,PertCortex_16_CGCCAAGCATCCAACA,4.18556335582176
46862,0.17673508932718573,16__nan,PertCortex_16_CGCCAAGCATGGGAAC,4.295522311702867
46863,0.028894366035304563,16__nan,PertCortex_16_CGCCAAGGTCTGGAGA,2.836233945168834
46864,0.1856096689972315,16__nan,PertCortex_16_CGCCAAGTCTGCGGCA,2.4177337972566657
46865,0.10747183369554193,16__nan,PertCortex_16_CGCGGTAAGCGTCTAT,3.7177647391572335
46866,0.4185355934073462,16__nan,PertCortex_16_CGCGGTAAGGAGTTTA,1.8250346676469276
46867,0.07667315224066353,16__nan,PertCortex_16_CGCGGTACAAGTCTAC,4.609097432335358
46868,0.06964740437522454,16__nan,PertCortex_16_CGCGGTACACCGCTAG,4.074409874677929
46869,0.2776249648153951,16__nan,PertCortex_16_CGCGGTATCAGCCTAA,2.907695538898129
46870,0.5024949716028341,16__nan,PertCortex_16_CGCGGTATCGCACTCT,2.1237405944064602
46871,0.26273307940706736,16__nan,PertCortex_16_CGCGGTATCTCAAGTG,2.3326435150128866
46872,0.168995075786712,16__nan,PertCortex_16_CGCGTTTAGATCCCGC,2.300250589673291
46873,0.3412597765989364,16__nan,PertCortex_16_CGCGTTTCACTAGTAC,1.3314838824289732
46874,0.06215795066413977,16__nan,PertCortex_16_CGCGTTTGTCTAACGT,3.21870476491011
46875,0.01658631668871804,16__nan,PertCortex_16_CGCGTTTTCGGTCCGA,3.7369006952160397
46876,0.09132450749930267,16__nan,PertCortex_16_CGCGTTTTCTCCAACC,3.8587271751570715
46877,0.22509362678727132,16__nan,PertCortex_16_CGCTATCAGGAATGGA,3.2232034024162526
46878,0.0637057295771908,16__nan,PertCortex_16_CGCTATCAGGTAGCTG,2.7688498874759087
46879,0.2051296169052641,16__nan,PertCortex_16_CGCTATCAGTGTACTC,4.112135134425034
46880,0.3710055941728407,16__nan,PertCortex_16_CGCTATCGTTCCATGA,2.264563848049393
46881,0.10409307503817457,16__nan,PertCortex_16_CGCTATCTCGCGCCAA,3.8916010808623285
46882,0.23516764298282142,16__nan,PertCortex_16_CGCTGGAAGATCTGCT,2.348888256114921
46883,0.09508148269549092,16__nan,PertCortex_16_CGCTGGAAGTGACTCT,3.745228730796128
46884,0.17063029379968703,16__nan,PertCortex_16_CGCTGGAGTTCACGGC,2.689085784743313
46885,0.11237548517157349,16__nan,PertCortex_16_CGCTGGATCGGTGTCG,3.854162571594967
46886,0.18458334605061735,16__nan,PertCortex_16_CGCTGGATCTATCCCG,3.215867420395624
46887,0.20566410279277936,16__nan,PertCortex_16_CGCTGGATCTGGTGTA,1.8634391724045398
46888,0.4737665559897931,16__nan,PertCortex_16_CGCTGGATCTTCTGGC,1.5584739425696934
46889,0.2155768372819347,16__nan,PertCortex_16_CGCTTCATCACCCTCA,3.595574385013977
46890,0.1345175086662152,16__nan,PertCortex_16_CGCTTCATCATGTCTT,3.67711609853222
46891,0.14044287056797866,16__nan,PertCortex_16_CGCTTCATCCGAATGT,5.455716523203419
46892,0.22991988161240415,16__nan,PertCortex_16_CGCTTCATCGGAAACG,2.5027507016126456
46893,0.45768635149592407,16__nan,PertCortex_16_CGGACACCATCTACGA,2.4356236068770754
46894,0.4681272945376368,16__nan,PertCortex_16_CGGACGTAGGAATGGA,2.14868613873741
46895,0.014886025730367554,16__nan,PertCortex_16_CGGACGTAGGAGTAGA,4.32867938930194
46896,0.44856192483975876,16__nan,PertCortex_16_CGGACGTCACGTGAGA,2.303851290168623
46897,0.16450786925754723,16__nan,PertCortex_16_CGGACGTGTCTCTTAT,4.67046729608572
46898,0.17768411717879548,16__nan,PertCortex_16_CGGACGTTCTGCTTGC,2.186284701961534
46899,0.22493881562291687,16__nan,PertCortex_16_CGGACGTTCTGGGCCA,2.9257582755182185
46900,0.2215868648387612,16__nan,PertCortex_16_CGGACTGAGAAACGCC,4.7675129579208075
46901,0.14342755938222918,16__nan,PertCortex_16_CGGACTGCAAGCCATT,4.009842091338492
46902,0.253676032270564,16__nan,PertCortex_16_CGGACTGCAGACGCAA,3.5558697379192146
46903,0.1164670469456516,16__nan,PertCortex_16_CGGACTGTCGGATGGA,4.391392804927949
46904,0.1705994392037076,16__nan,PertCortex_16_CGGAGCTAGAGACGAA,2.905032968979273
46905,0.526267087357751,16__nan,PertCortex_16_CGGAGCTCACCATCCT,1.7373930915153901
46906,0.24016446529657182,16__nan,PertCortex_16_CGGAGCTCATGCCTAA,3.411654948796236
46907,0.25343283206769457,16__nan,PertCortex_16_CGGAGCTGTATAGGTA,2.345886935615138
46908,0.5374720585628281,16__nan,PertCortex_16_CGGAGCTGTCCCGACA,1.8249509806622533
46909,0.4807964063323569,16__nan,PertCortex_16_CGGAGCTGTTAGAACA,2.7781887371751246
46910,0.06345890232024137,16__nan,PertCortex_16_CGGAGCTTCAACGGGA,3.821719715601508
46911,0.21983500333312087,16__nan,PertCortex_16_CGGAGTCAGCGTGTCC,2.835355735282412
46912,0.054809519140433006,16__nan,PertCortex_16_CGGAGTCAGGAGTACC,4.029233749455757
46913,0.2558604670540279,16__nan,PertCortex_16_CGGAGTCAGTAAGTAC,1.928231276540237
46914,0.24788352520395235,16__nan,PertCortex_16_CGGAGTCAGTGAACAT,2.7593653133408007
46915,0.30814496412618453,16__nan,PertCortex_16_CGGAGTCAGTGTACTC,2.8898247146291625
46916,0.003920903614916066,16__nan,PertCortex_16_CGGAGTCGTATAGGGC,3.7290662258958545
46917,0.06681263978360215,16__nan,PertCortex_16_CGGAGTCGTCTAGTCA,3.875430319252981
46918,0.556976411339368,16__nan,PertCortex_16_CGGAGTCTCCTCAATT,2.184242522880522
46919,0.18283402015866726,16__nan,PertCortex_16_CGGCTAGAGCTGCCCA,3.2093209390452437
46920,0.075998556694837,16__nan,PertCortex_16_CGGCTAGCATGCCTAA,4.15027793390878
46921,0.09179450347020751,16__nan,PertCortex_16_CGGCTAGGTTACAGAA,3.7481859467617773
46922,0.44003515133762694,16__nan,PertCortex_16_CGGGTCACAAGTTGTC,2.5164512435069635
46923,0.28322446078727187,16__nan,PertCortex_16_CGGGTCACAGTTCCCT,1.8488636695521954
46924,0.12451155513013323,16__nan,PertCortex_16_CGGGTCACATACAGCT,3.87246872629393
46925,0.04162888010231375,16__nan,PertCortex_16_CGGGTCATCTGTCCGT,4.129596526667206
46926,0.07636073708077076,16__nan,PertCortex_16_CGGGTCATCTTGTTTG,4.349826728189504
46927,0.4465323854854111,16__nan,PertCortex_16_CGGTTAACACCTATCC,1.607183795980117
46928,0.20673547791328273,16__nan,PertCortex_16_CGGTTAAGTAGCGTGA,3.3196460522337543
46929,0.11407491454594533,16__nan,PertCortex_16_CGGTTAATCACTTACT,4.344737163891145
46930,0.2617380424006581,16__nan,PertCortex_16_CGTAGCGAGAGTGAGA,3.1591240684681456
46931,0.6808547449818728,16__nan,PertCortex_16_CGTAGCGAGCTCTCGG,1.8678312103283035
46932,0.1971012264830561,16__nan,PertCortex_16_CGTAGCGAGTACGATA,3.1674685782029206
46933,0.2184783523529977,16__nan,PertCortex_16_CGTAGCGCACAGCGTC,4.040374203903567
46934,0.2568670126991103,16__nan,PertCortex_16_CGTAGCGGTCTCCATC,4.481276982053304
46935,0.03675342862911635,16__nan,PertCortex_16_CGTAGCGGTGCGATAG,3.5982152520622566
46936,0.5096683953861523,16__nan,PertCortex_16_CGTAGCGGTTCTGTTT,2.9873934401055204
46937,0.3598524042396567,16__nan,PertCortex_16_CGTAGGCAGATGGCGT,1.9553941919850875
46938,0.12746903692585004,16__nan,PertCortex_16_CGTAGGCAGTTATCGC,2.2262320703365712
46939,0.016193372475650922,16__nan,PertCortex_16_CGTAGGCGTCTAGCCG,2.4574015305613486
46940,0.45548071006776314,16__nan,PertCortex_16_CGTAGGCGTGATAAGT,1.8628396802742946
46941,0.25114952838981797,16__nan,PertCortex_16_CGTCACTAGGGAGTAA,2.702159198825877
46942,0.14645221237715755,16__nan,PertCortex_16_CGTCACTAGTATCGAA,2.425188458835748
46943,0.2855275484873679,16__nan,PertCortex_16_CGTCACTAGTGAAGTT,3.2998492007844225
46944,0.19564336416915423,16__nan,PertCortex_16_CGTCAGGAGATATGCA,2.780346607774619
46945,0.039001350193417404,16__nan,PertCortex_16_CGTCAGGAGCGTGAGT,3.8400716557103616
46946,0.2811027223677182,16__nan,PertCortex_16_CGTCAGGAGGGCACTA,2.6953954630702506
46947,0.18539585156267538,16__nan,PertCortex_16_CGTCAGGAGTCCTCCT,2.760935777969752
46948,0.04916764715950898,16__nan,PertCortex_16_CGTCAGGCAGCGAACA,4.296202822622617
46949,0.19469038306445421,16__nan,PertCortex_16_CGTCCATAGATGTCGG,3.5878897461438997
46950,0.13823756887560898,16__nan,PertCortex_16_CGTCCATAGGAACTGC,3.8893714657678373
46951,0.28587753355799145,16__nan,PertCortex_16_CGTCCATAGGATTCGG,2.4107491672347368
46952,0.3463252202359036,16__nan,PertCortex_16_CGTCCATGTGCTGTAT,1.7152781519593754
46953,0.1840157811972521,16__nan,PertCortex_16_CGTCCATGTGTGAATA,2.053650737933968
46954,0.02913745054048536,16__nan,PertCortex_16_CGTCCATTCCCATTTA,4.1894124661973144
46955,0.2597049271031682,16__nan,PertCortex_16_CGTCCATTCTCTGCTG,2.0423745959954047
46956,0.11613196988844415,16__nan,PertCortex_16_CGTCTACAGAGCTGGT,4.544963944086853
46957,0.2259015997720075,16__nan,PertCortex_16_CGTCTACAGCTTTGGT,3.3082413309836434
46958,0.05161740633703725,16__nan,PertCortex_16_CGTCTACCACAGACTT,3.263851840069394
46959,0.2195534049683316,16__nan,PertCortex_16_CGTCTACCATTACCTT,2.610040944487778
46960,0.1682756931418922,16__nan,PertCortex_16_CGTCTACTCGTGGTCG,5.272732789746722
46961,0.6218252895422614,16__nan,PertCortex_16_CGTCTACTCTGTCTAT,1.84306532321949
46962,0.04434522433926306,16__nan,PertCortex_16_CGTGAGCAGGGATGGG,3.5050218002808204
46963,0.15768296176874416,16__nan,PertCortex_16_CGTGAGCCAAAGTGCG,3.3272709562178315
46964,0.197587383148848,16__nan,PertCortex_16_CGTGAGCGTTATTCTC,2.4451961018132335
46965,0.03290452399893035,16__nan,PertCortex_16_CGTGAGCTCACAGGCC,3.3761301274056486
46966,0.05825234729960922,16__nan,PertCortex_16_CGTGTAACAGGAATCG,3.3149003642062365
46967,0.3177082605815494,16__nan,PertCortex_16_CGTGTAACATCCTTGC,2.182410221185177
46968,0.17130070124777522,16__nan,PertCortex_16_CGTGTAATCATGCAAC,2.9989939577177447
46969,0.10473558941894946,16__nan,PertCortex_16_CGTGTCTAGCGTTTAC,3.253518531081904
46970,0.17348213757381195,16__nan,PertCortex_16_CGTGTCTCAGTTTACG,3.0417613046247753
46971,0.13384707962465842,16__nan,PertCortex_16_CGTGTCTTCATAACCG,2.5162885409440574
46972,0.110476079175138,16__nan,PertCortex_16_CGTGTCTTCTGTTGAG,4.402141950426052
46973,0.09606117273420224,16__nan,PertCortex_16_CGTTAGAAGTAGGTGC,3.0393554393916284
46974,0.321392776148929,16__nan,PertCortex_16_CGTTAGAGTGGTCTCG,1.998325513881297
46975,0.05905442809706766,16__nan,PertCortex_16_CGTTAGATCAGCACAT,3.0475847917321786
46976,0.24685581814278437,16__nan,PertCortex_16_CGTTCTGCACATTCGA,1.8344825436845993
46977,0.11704698624880568,16__nan,PertCortex_16_CGTTCTGCAGGTGCCT,3.0895967511617135
46978,0.460100833833719,16__nan,PertCortex_16_CGTTCTGGTAACGACG,2.297942544675793
46979,0.4932850891871984,16__nan,PertCortex_16_CGTTCTGGTTAAGATG,1.9967614800429603
46980,0.12810780656452728,16__nan,PertCortex_16_CGTTCTGTCCCTGACT,4.041471530153841
46981,0.21420761529918111,16__nan,PertCortex_16_CGTTCTGTCTGATTCT,4.358880836542156
46982,0.12298651097954838,16__nan,PertCortex_16_CGTTGGGAGCAGATCG,3.6695551014164356
46983,0.15071962337268868,16__nan,PertCortex_16_CGTTGGGAGTGTTAGA,3.4515877286695122
46984,0.07596394101469074,16__nan,PertCortex_16_CGTTGGGCACACTGCG,4.748718201556237
46985,0.13929601392224086,16__nan,PertCortex_16_CTAACTTCATGATCCA,3.5119162369127004
46986,0.10302035186975202,16__nan,PertCortex_16_CTAACTTTCACTGGGC,3.657066231363163
46987,0.1864712046942602,16__nan,PertCortex_16_CTAAGACAGGATGGAA,2.0677783289002276
46988,0.13401701950857808,16__nan,PertCortex_16_CTAAGACAGTCATCCA,2.526538101747236
46989,0.08940240964062886,16__nan,PertCortex_16_CTAAGACCAGGCTCAC,4.239849728151883
46990,0.4299758483643092,16__nan,PertCortex_16_CTAAGACCATTAGGCT,2.0098004193739745
46991,0.21565870810087254,16__nan,PertCortex_16_CTAAGACGTGTGGCTC,3.1486600564672216
46992,0.1653063623563393,16__nan,PertCortex_16_CTAAGACTCCGGCACA,2.805126134540832
46993,0.4451549660463185,16__nan,PertCortex_16_CTAAGACTCTGTCTAT,2.584223864149444
46994,0.08408977690675636,16__nan,PertCortex_16_CTAATGGAGCGACGTA,2.721720967253114
46995,0.12701101729295153,16__nan,PertCortex_16_CTAATGGAGTGCTGCC,3.0637917457951964
46996,0.0993206906080535,16__nan,PertCortex_16_CTAATGGCAAACCTAC,2.4752409719937822
46997,0.0618167016750646,16__nan,PertCortex_16_CTAATGGGTAGAAGGA,3.8852520105478834
46998,0.10203571671071454,16__nan,PertCortex_16_CTACACCCACTCTGTC,3.256196730086904
46999,0.11233790273102934,16__nan,PertCortex_16_CTACACCTCAACGGGA,3.4607120458861913
47000,0.28406226571049614,16__nan,PertCortex_16_CTACACCTCCCTTGTG,2.4446467302684716
47001,0.049928054156285914,16__nan,PertCortex_16_CTACACCTCGATAGAA,3.9487299014951267
47002,0.10407118149966985,16__nan,PertCortex_16_CTACATTAGGTGATAT,3.622006968781217
47003,0.05151671001595616,16__nan,PertCortex_16_CTACATTGTTTGGCGC,3.9526315456104686
47004,0.07435014250988053,16__nan,PertCortex_16_CTACATTTCTGTCTCG,4.477685757041926
47005,0.020742777332935475,16__nan,PertCortex_16_CTACCCAAGCGTTCCG,2.2771436406695265
47006,0.1309736801319808,16__nan,PertCortex_16_CTACCCAAGTCCATAC,3.2041015701445597
47007,0.38154942079542226,16__nan,PertCortex_16_CTACCCACACTACAGT,2.152222587554417
47008,0.305567493830871,16__nan,PertCortex_16_CTACCCACAGGATCGA,1.5744972115384992
47009,0.4638736576737266,16__nan,PertCortex_16_CTACCCACATCGACGC,1.6142473122472325
47010,0.5420601699822415,16__nan,PertCortex_16_CTACCCAGTAGCTAAA,1.5512520074375982
47011,0.37924244441357124,16__nan,PertCortex_16_CTACCCATCACATACG,1.7846441237109234
47012,0.07936973993781012,16__nan,PertCortex_16_CTACGTCAGACTTGAA,4.398565419998318
47013,0.1272954055631957,16__nan,PertCortex_16_CTACGTCAGCAGACTG,2.7511413827257813
47014,0.059457213347829906,16__nan,PertCortex_16_CTACGTCAGCTCCTTC,3.9094543625313345
47015,0.2956185650745947,16__nan,PertCortex_16_CTACGTCCATGACATC,2.2389278148312375
47016,0.1064085913704428,16__nan,PertCortex_16_CTACGTCGTTCAGGCC,2.470520579232373
47017,0.4125254778564271,16__nan,PertCortex_16_CTACGTCTCACATAGC,2.1852205260941
47018,0.12126891581909933,16__nan,PertCortex_16_CTACGTCTCCCTAACC,3.9477087881075597
47019,0.32161911093506174,16__nan,PertCortex_16_CTACGTCTCCTGTAGA,2.0259959479163983
47020,0.08341971457141859,16__nan,PertCortex_16_CTACGTCTCTACGAGT,4.119011301729014
47021,0.1440312141736155,16__nan,PertCortex_16_CTACGTCTCTTGGGTA,3.9122637429688263
47022,0.09413889991150148,16__nan,PertCortex_16_CTAGAGTAGCTAGGCA,3.9703682069772346
47023,0.06781521977419817,16__nan,PertCortex_16_CTAGAGTCACAACGCC,4.069709897712643
47024,0.03269347963607053,16__nan,PertCortex_16_CTAGAGTCACAAGACG,4.189988053422301
47025,0.1000902195269062,16__nan,PertCortex_16_CTAGAGTCACGGTAAG,3.4662182503411536
47026,0.14712520296520837,16__nan,PertCortex_16_CTAGAGTCAGATGAGC,3.31566752138224
47027,0.21745730493052629,16__nan,PertCortex_16_CTAGAGTGTCCCTACT,2.391019592918301
47028,0.04304804585840427,16__nan,PertCortex_16_CTAGAGTGTGGCTCCA,4.149226150688542
47029,0.07781844320675355,16__nan,PertCortex_16_CTAGAGTTCTTAGAGC,3.5918033518935015
47030,0.36018043660789717,16__nan,PertCortex_16_CTAGCCTGTGTTGGGA,2.271824398637943
47031,0.13687440132264828,16__nan,PertCortex_16_CTAGCCTGTTACGCGC,2.4310758727785533
47032,0.1070141623032249,16__nan,PertCortex_16_CTAGCCTTCCAACCAA,4.0179074762654245
47033,0.20767641507149892,16__nan,PertCortex_16_CTAGCCTTCGTAGATC,2.12490620424555
47034,0.13669525126223134,16__nan,PertCortex_16_CTAGTGAAGAGGTTAT,3.5269459772603424
47035,0.03618880815667107,16__nan,PertCortex_16_CTAGTGAAGCGTTGCC,3.3433929760453527
47036,0.37518185015175903,16__nan,PertCortex_16_CTAGTGAAGTCACGCC,1.6855833142825762
47037,0.17332746822017206,16__nan,PertCortex_16_CTAGTGAAGTGAACGC,4.421595127789668
47038,0.48966924986984217,16__nan,PertCortex_16_CTAGTGAGTAGCCTAT,2.180072321335684
47039,0.15738045699754444,16__nan,PertCortex_16_CTAGTGATCTAACCGA,3.597706143849989
47040,0.13181872229752892,16__nan,PertCortex_16_CTCACACCACTTAAGC,3.28251932502576
47041,0.13955499880951655,16__nan,PertCortex_16_CTCACACCAGTATGCT,3.2291148903228177
47042,0.35666650750901574,16__nan,PertCortex_16_CTCACACTCCTTGACC,1.8340916725167895
47043,0.11211936170113228,16__nan,PertCortex_16_CTCAGAACAGATGGCA,3.996046862352163
47044,0.21642416445298254,16__nan,PertCortex_16_CTCAGAACAGGGAGAG,2.17344004298084
47045,0.15482698030771355,16__nan,PertCortex_16_CTCAGAACATAGTAAG,3.2231560056543427
47046,0.141502629542421,16__nan,PertCortex_16_CTCAGAAGTTCCCGAG,2.5773565928280906
47047,0.12956527154585532,16__nan,PertCortex_16_CTCAGAATCACCGGGT,2.275554253309738
47048,0.14835693674799338,16__nan,PertCortex_16_CTCAGAATCACCTCGT,3.030602109735684
47049,0.19375072141767105,16__nan,PertCortex_16_CTCATTAAGAAGGTTT,3.7194436884220887
47050,0.2737461555553169,16__nan,PertCortex_16_CTCATTAAGAGTCGGT,2.1337315244923594
47051,0.1444551409809488,16__nan,PertCortex_16_CTCATTAAGCAGATCG,2.783264015467076
47052,0.11476563289178561,16__nan,PertCortex_16_CTCATTACAGTACACT,3.945697359174808
47053,0.4905551690107436,16__nan,PertCortex_16_CTCATTATCAGTTCGA,1.6324199527490069
47054,0.18955900640783693,16__nan,PertCortex_16_CTCCTAGAGCTGTCTA,3.0368575504156112
47055,0.03896384842089847,16__nan,PertCortex_16_CTCCTAGAGCTGTTCA,4.26192735299847
47056,0.19937068656117748,16__nan,PertCortex_16_CTCCTAGAGGCCATAG,3.587466516168831
47057,0.22188830682649086,16__nan,PertCortex_16_CTCCTAGCATCTATGG,3.181678085304356
47058,0.12490477382454371,16__nan,PertCortex_16_CTCCTAGGTACCATCA,3.69912729469826
47059,0.15048887889131785,16__nan,PertCortex_16_CTCCTAGGTTGGTGGA,3.5046823587123868
47060,0.16701752103434564,16__nan,PertCortex_16_CTCCTAGTCGTCTGAA,2.7242696917058313
47061,0.19901421129446928,16__nan,PertCortex_16_CTCGAAAAGATATGGT,4.440190101901347
47062,0.1916120279257978,16__nan,PertCortex_16_CTCGAAAAGGACTGGT,2.8802399136205077
47063,0.11697237807044532,16__nan,PertCortex_16_CTCGAAACAACGCACC,1.9363124485930627
47064,0.16174904931263806,16__nan,PertCortex_16_CTCGAAACACGAAACG,3.053028662759181
47065,0.11696302745802757,16__nan,PertCortex_16_CTCGAAACAGCATACT,2.4554829662009534
47066,0.22753120527755785,16__nan,PertCortex_16_CTCGAAAGTGACGGTA,2.895121880724871
47067,0.1786145279856474,16__nan,PertCortex_16_CTCGAGGAGGACACCA,4.029719918661025
47068,0.07449322030942873,16__nan,PertCortex_16_CTCGAGGCACGCGAAA,4.9373275772504455
47069,0.10754979966798972,16__nan,PertCortex_16_CTCGAGGCAGCTGTGC,2.6189268475319234
47070,0.08058314643091542,16__nan,PertCortex_16_CTCGAGGGTACGAAAT,4.167221702397999
47071,0.13247260313493686,16__nan,PertCortex_16_CTCGAGGGTGTGGTTT,2.919097214456203
47072,0.06692416476046911,16__nan,PertCortex_16_CTCGAGGTCAAACCAC,3.477733756255029
47073,0.19439209048206088,16__nan,PertCortex_16_CTCGAGGTCAGCGACC,2.7994501546086483
47074,0.17888331830793405,16__nan,PertCortex_16_CTCGAGGTCATACGGT,2.8428818342169926
47075,0.11232578779136505,16__nan,PertCortex_16_CTCGAGGTCATTGCGA,3.193790046877522
47076,0.04084263945827926,16__nan,PertCortex_16_CTCGGAGAGGAGTAGA,4.301800976742305
47077,0.19672819112201131,16__nan,PertCortex_16_CTCGGAGCAACACCCG,2.1558322378534713
47078,0.1315987481451648,16__nan,PertCortex_16_CTCGGAGCAGCGTCCA,2.7798922908199826
47079,0.12311522188875632,16__nan,PertCortex_16_CTCGGAGGTACCGGCT,2.447153323136734
47080,0.04256228102935597,16__nan,PertCortex_16_CTCGGAGGTGCTGTAT,4.562994539574021
47081,0.11567614960390543,16__nan,PertCortex_16_CTCGGAGTCTACTTAC,4.438892212424369
47082,0.10158792602297279,16__nan,PertCortex_16_CTCGGGAGTGTTCGAT,2.7234280587219946
47083,0.10076913388715862,16__nan,PertCortex_16_CTCGGGAGTTCCAACA,2.88352281787243
47084,0.11713278138046178,16__nan,PertCortex_16_CTCGGGATCTCATTCA,2.8099840689994764
47085,0.2384821682501235,16__nan,PertCortex_16_CTCGTACAGCGATTCT,3.5073074368129182
47086,0.07155586881142381,16__nan,PertCortex_16_CTCGTACAGTGAACGC,4.041648783414466
47087,0.19590937617111126,16__nan,PertCortex_16_CTCGTACAGTGACTCT,4.695268220845032
47088,0.21327471766946396,16__nan,PertCortex_16_CTCGTACCATTGTGCA,3.2004165327915155
47089,0.1580908790810845,16__nan,PertCortex_16_CTCGTACGTCTCTCTG,3.047433269253434
47090,0.1438991875251195,16__nan,PertCortex_16_CTCGTACGTTCAGTAC,3.0069858016899254
47091,0.14601857218339884,16__nan,PertCortex_16_CTCGTACGTTCTGTTT,2.7420424706590256
47092,0.20034872669405684,16__nan,PertCortex_16_CTCGTACTCAACCAAC,2.5885010365236414
47093,0.12241876888773082,16__nan,PertCortex_16_CTCGTACTCCAATGGT,4.400432205914802
47094,0.01898795073022133,16__nan,PertCortex_16_CTCGTACTCGCCTGTT,4.219124347214883
47095,0.14846200630281448,16__nan,PertCortex_16_CTCGTCAAGTAGTGCG,3.0498336659474017
47096,0.12233413022327867,16__nan,PertCortex_16_CTCGTCAAGTCATGCT,3.49762710247754
47097,0.4107140993189188,16__nan,PertCortex_16_CTCGTCACAATAGAGT,1.815388850133117
47098,0.08178955899802708,16__nan,PertCortex_16_CTCGTCACACGTAAGG,2.450702210151296
47099,0.237937583453913,16__nan,PertCortex_16_CTCGTCAGTATGAATG,2.1989314461654037
47100,0.07451992367384615,16__nan,PertCortex_16_CTCGTCAGTTATCGGT,3.0028228583868857
47101,0.03257838695315864,16__nan,PertCortex_16_CTCGTCATCTATGTGG,3.85312182843427
47102,0.15585543196565166,16__nan,PertCortex_16_CTCTAATCAAACGTGG,2.7994606592524383
47103,0.16675653592310713,16__nan,PertCortex_16_CTCTAATGTGCAACTT,3.739185272213852
47104,0.33090489434155645,16__nan,PertCortex_16_CTCTAATTCGTCGTTC,1.8282205999099275
47105,0.44530904133816174,16__nan,PertCortex_16_CTCTACGGTAAATGTG,1.6410630097076446
47106,0.13967932445123832,16__nan,PertCortex_16_CTCTACGGTCTAGGTT,3.7771916768921536
47107,0.4586353316225655,16__nan,PertCortex_16_CTCTACGTCAATACCG,1.8614192272391727
47108,0.10804263854471152,16__nan,PertCortex_16_CTCTACGTCCAATGGT,3.1418986310890102
47109,0.17583913598492382,16__nan,PertCortex_16_CTGAAACAGCTAACAA,2.7905877800295538
47110,0.16229090478017816,16__nan,PertCortex_16_CTGAAACCAAGGTTCT,2.8070174491313624
47111,0.07450873626765897,16__nan,PertCortex_16_CTGAAACCAGCGTTCG,2.8267304807373668
47112,0.04858608371191728,16__nan,PertCortex_16_CTGAAACCAGGAACGT,2.8254569533948017
47113,0.1240519639454879,16__nan,PertCortex_16_CTGAAACGTAAATGTG,3.3052972216230763
47114,0.15481442343750235,16__nan,PertCortex_16_CTGAAACGTCTCCATC,4.388975975534391
47115,0.129846154180353,16__nan,PertCortex_16_CTGAAGTGTGAAATCA,3.6893707272361174
47116,0.3797461570904869,16__nan,PertCortex_16_CTGAAGTTCACATGCA,2.7158377270892906
47117,0.2906400521773954,16__nan,PertCortex_16_CTGAAGTTCGATAGAA,3.3593268275945776
47118,0.14980646775923415,16__nan,PertCortex_16_CTGAAGTTCTAGCACA,3.7829772839262947
47119,0.4112065900687478,16__nan,PertCortex_16_CTGATAGCATCAGTAC,2.1200548065903986
47120,0.4212165619362479,16__nan,PertCortex_16_CTGATAGGTGACTACT,2.5285449205495842
47121,0.10588554500181935,16__nan,PertCortex_16_CTGATAGTCTTGTTTG,2.563579170597095
47122,0.13259349488602962,16__nan,PertCortex_16_CTGATCCCACGACGAA,2.8757535617080965
47123,0.10644177094647239,16__nan,PertCortex_16_CTGATCCCATACTACG,3.9735530702807487
47124,0.08639860861815817,16__nan,PertCortex_16_CTGATCCGTAAGGGAA,4.4300476213256355
47125,0.03722673455980854,16__nan,PertCortex_16_CTGCCTACACCTGGTG,3.424058048471149
47126,0.10810705568026725,16__nan,PertCortex_16_CTGCCTACACTGTGTA,2.655730126108172
47127,0.1003072972703751,16__nan,PertCortex_16_CTGCCTACAGCTTCGG,3.9527406345138862
47128,0.4243687844543335,16__nan,PertCortex_16_CTGCCTAGTACAGTGG,2.282195935687572
47129,0.1336949176719306,16__nan,PertCortex_16_CTGCCTATCTTTAGTC,3.8731064727913083
47130,0.07196612789604294,16__nan,PertCortex_16_CTGCGGAAGCCATCGC,4.077412870381486
47131,0.1764178734666804,16__nan,PertCortex_16_CTGCGGAAGTGCGTGA,2.9422057380450877
47132,0.18089051234720083,16__nan,PertCortex_16_CTGCGGACAGACAAGC,3.3478877162262215
47133,0.09499205304658585,16__nan,PertCortex_16_CTGCGGACAGTATGCT,4.024056012407611
47134,0.11641139154744967,16__nan,PertCortex_16_CTGCGGATCAGCGATT,3.5611506098722723
47135,0.139995268200002,16__nan,PertCortex_16_CTGCGGATCAGTTAGC,3.3745810779515386
47136,0.08734387637431955,16__nan,PertCortex_16_CTGCTGTTCCGTACAA,3.45865421259861
47137,0.08931672966625069,16__nan,PertCortex_16_CTGGTCTAGAAGAAGC,3.3532828490511357
47138,0.1600912153118038,16__nan,PertCortex_16_CTGGTCTAGTCGTTTG,3.5766596953227707
47139,0.3020532232659067,16__nan,PertCortex_16_CTGGTCTCACGAGAGT,2.596803379027415
47140,0.5024138455112952,16__nan,PertCortex_16_CTGGTCTGTCTTGATG,1.5827492454150096
47141,0.2296028844292772,16__nan,PertCortex_16_CTGGTCTGTGAGTATA,2.749889549653274
47142,0.1132893299302566,16__nan,PertCortex_16_CTGGTCTTCGTCACGG,3.1113460466817955
47143,0.2601827068638721,16__nan,PertCortex_16_CTGTGCTAGAAGGACA,3.7151090817067924
47144,0.06691979707315586,16__nan,PertCortex_16_CTGTGCTAGGCAGTCA,4.472143873140333
47145,0.02897909887952596,16__nan,PertCortex_16_CTGTGCTAGGTGGGTT,3.923842419200118
47146,0.11716514780210198,16__nan,PertCortex_16_CTGTGCTCAACTGCGC,2.736628978393218
47147,0.09535501228740456,16__nan,PertCortex_16_CTGTGCTCACCTATCC,3.6231346646139158
47148,0.24429263051228062,16__nan,PertCortex_16_CTGTGCTCAGCATACT,2.2249569376642304
47149,0.09083305361477743,16__nan,PertCortex_16_CTGTGCTTCCTCAACC,3.7725550067342675
47150,0.046016623857933855,16__nan,PertCortex_16_CTGTTTACAGGTGCCT,3.8887115752551127
47151,0.10691083058949885,16__nan,PertCortex_16_CTGTTTACATGCCTAA,3.224741628271776
47152,0.10731507629561686,16__nan,PertCortex_16_CTGTTTAGTTACGACT,4.122489813319924
47153,0.4497273164290304,16__nan,PertCortex_16_CTGTTTAGTTCGTCTC,2.0831119271885785
47154,0.07566606674116941,16__nan,PertCortex_16_CTGTTTATCATCGGAT,3.90233883081243
47155,0.035824273850839874,16__nan,PertCortex_16_CTGTTTATCGTCTGCT,4.569560208290029
47156,0.17987852305529417,16__nan,PertCortex_16_CTTAACTCAAGCTGGA,4.085599590509249
47157,0.24498567567135274,16__nan,PertCortex_16_CTTAACTGTCTAAAGA,1.7042722018223408
47158,0.073456608716006,16__nan,PertCortex_16_CTTACCGAGTGATCGG,3.9660684709979295
47159,0.15401183822611322,16__nan,PertCortex_16_CTTACCGGTCCGTGAC,3.7033373442037947
47160,0.08462834064462635,16__nan,PertCortex_16_CTTACCGTCCCAAGTA,2.8840860388647034
47161,0.09719677824732817,16__nan,PertCortex_16_CTTACCGTCTACTCAT,4.2584439556606934
47162,0.061087151316444536,16__nan,PertCortex_16_CTTAGGAAGCCCAACC,2.9015770826538883
47163,0.4458861010642549,16__nan,PertCortex_16_CTTAGGACATCGGTTA,2.0814549299416227
47164,0.2033815659652652,16__nan,PertCortex_16_CTTAGGAGTCAGAGGT,2.7414016552979996
47165,0.15576932585962694,16__nan,PertCortex_16_CTTAGGAGTCTCTCGT,3.3923298997822107
47166,0.1104740155230282,16__nan,PertCortex_16_CTTAGGAGTGAACCTT,3.95499297626576
47167,0.10674379094118186,16__nan,PertCortex_16_CTTAGGATCACAACGT,3.720578656814643
47168,0.2368967614303055,16__nan,PertCortex_16_CTTAGGATCATGTCTT,3.2302083973892888
47169,0.16437434281324356,16__nan,PertCortex_16_CTTCTCTAGAATGTGT,3.9720120244107657
47170,0.1142740644765983,16__nan,PertCortex_16_CTTCTCTAGGCCGAAT,3.208791890166659
47171,0.14378090993831075,16__nan,PertCortex_16_CTTCTCTCAGCTGCAC,2.8221137280032154
47172,0.20325581248374425,16__nan,PertCortex_16_CTTCTCTGTAAGGATT,3.1004227983660204
47173,0.034419617385500624,16__nan,PertCortex_16_CTTCTCTGTCGACTAT,3.1306009372171903
47174,0.16670656394183742,16__nan,PertCortex_16_CTTCTCTTCAAGAAGT,3.178649243611264
47175,0.11600711648763505,16__nan,PertCortex_16_CTTCTCTTCGGTGTCG,4.513259054620488
47176,0.04226051953151433,16__nan,PertCortex_16_CTTGGCTAGCAAATCA,4.359214342690086
47177,0.3122201882370732,16__nan,PertCortex_16_CTTGGCTTCAATCACG,1.8959287252360237
47178,0.04859440263866883,16__nan,PertCortex_16_CTTGGCTTCTATGTGG,3.8019103137367964
47179,0.10488714475504503,16__nan,PertCortex_16_CTTTGCGAGAACTCGG,3.8608888140780073
47180,0.20546173940607512,16__nan,PertCortex_16_CTTTGCGAGGGCACTA,2.0866047580282494
47181,0.05734114995789122,16__nan,PertCortex_16_CTTTGCGCAAGCTGTT,5.125187987880523
47182,0.17340259733443347,16__nan,PertCortex_16_GAAACTCAGGTTACCT,3.4347237483239286
47183,0.049107568840976897,16__nan,PertCortex_16_GAAACTCCATGTCTCC,3.4202755939229976
47184,0.16482402009466313,16__nan,PertCortex_16_GAAACTCTCAATACCG,3.2819984221831775
47185,0.072968304469489,16__nan,PertCortex_16_GAAACTCTCAGAGGTG,4.228083874290466
47186,0.5042418024635866,16__nan,PertCortex_16_GAAATGAAGAGCCCAA,1.8482145966810821
47187,0.1324710420962061,16__nan,PertCortex_16_GAAATGAAGGGCATGT,3.1237286822545127
47188,0.19858638764579653,16__nan,PertCortex_16_GAAATGAAGTTGAGAT,2.954498199175954
47189,0.17905099791990522,16__nan,PertCortex_16_GAAATGAGTAATTGGA,2.6490868266378094
47190,0.1847286577019465,16__nan,PertCortex_16_GAAATGATCAAGGTAA,2.72801244768248
47191,0.17199552564970325,16__nan,PertCortex_16_GAAATGATCCGTCATC,3.3514778134670067
47192,0.18030604523270413,16__nan,PertCortex_16_GAACATCAGAATGTTG,3.630280644966891
47193,0.17001894601097778,16__nan,PertCortex_16_GAACATCAGTTGTCGT,3.132991753739204
47194,0.09889406862912438,16__nan,PertCortex_16_GAACATCCAAGCTGTT,2.6704001751658555
47195,0.08489458002523806,16__nan,PertCortex_16_GAACATCCATCCGGGT,3.2006343199895655
47196,0.1410169662162162,16__nan,PertCortex_16_GAACATCGTTACAGAA,3.5434549928302292
47197,0.14885925161582444,16__nan,PertCortex_16_GAACATCTCAAGCCTA,3.8005761712401234
47198,0.24922793476791458,16__nan,PertCortex_16_GAACATCTCGGAAACG,2.5338745306456785
47199,0.15254801249981126,16__nan,PertCortex_16_GAACATCTCTAACTTC,2.8712248826088445
47200,0.0842860564926104,16__nan,PertCortex_16_GAACCTAAGATGCCAG,3.916753549951265
47201,0.2934253064226297,16__nan,PertCortex_16_GAACCTAAGCGCCTTG,2.0818951502154843
47202,0.20294196743028342,16__nan,PertCortex_16_GAACCTAAGGATGGAA,3.1883328979513954
47203,0.036310272403412815,16__nan,PertCortex_16_GAACCTACAGGTCGTC,4.46330947059545
47204,0.2405858208563802,16__nan,PertCortex_16_GAACCTAGTTTAAGCC,2.238891850373299
47205,0.1668850115450538,16__nan,PertCortex_16_GAACGGAGTATTCGTG,3.1228799989256726
47206,0.4188396130459494,16__nan,PertCortex_16_GAACGGAGTTTCGCTC,2.0115084302735435
47207,0.07264336257483701,16__nan,PertCortex_16_GAAGCAGAGACTAAGT,3.7573561219713154
47208,0.1243194799677112,16__nan,PertCortex_16_GAAGCAGGTGAGTATA,3.985400817471154
47209,0.13550827502711285,16__nan,PertCortex_16_GAAGCAGTCCTAGTGA,3.944579678215877
47210,0.016036789550812697,16__nan,PertCortex_16_GAAGCAGTCTCGGACG,3.723961863849181
47211,0.10105110315191002,16__nan,PertCortex_16_GAATAAGAGAAGCCCA,3.0160168494277215
47212,0.09506338772747701,16__nan,PertCortex_16_GAATGAACACCATGTA,3.694280688828917
47213,0.2967694380708671,16__nan,PertCortex_16_GAATGAAGTAGCGATG,1.6408443951084626
47214,0.1541334303263239,16__nan,PertCortex_16_GAATGAATCGGAATCT,3.4419976757492114
47215,0.06527021866796161,16__nan,PertCortex_16_GACACGCAGGGATGGG,4.551407336929612
47216,0.15133115203069292,16__nan,PertCortex_16_GACACGCGTGCCTGGT,2.753380296289167
47217,0.024446613419914894,16__nan,PertCortex_16_GACACGCGTGTAACGG,3.9156918545856105
47218,0.07946598719760986,16__nan,PertCortex_16_GACACGCTCCGTAGTA,3.196245729573353
47219,0.11013424617162289,16__nan,PertCortex_16_GACACGCTCCTCCTAG,3.016003601418688
47220,0.2934340293370989,16__nan,PertCortex_16_GACAGAGAGACTGTAA,2.2159105728532023
47221,0.5827069686708481,16__nan,PertCortex_16_GACAGAGAGTGGTAAT,1.3543130391195406
47222,0.15108353540291364,16__nan,PertCortex_16_GACAGAGCAAACCCAT,2.3086429943996762
47223,0.10736470318869032,16__nan,PertCortex_16_GACAGAGGTGGTTTCA,4.136151764726643
47224,0.4063847523785681,16__nan,PertCortex_16_GACAGAGTCCAAACTG,2.246921547003305
47225,0.29838354780272375,16__nan,PertCortex_16_GACAGAGTCGCCTGTT,2.0189786646703096
47226,0.23331783977215148,16__nan,PertCortex_16_GACAGAGTCTGCGTAA,1.7858011730846528
47227,0.369786356661122,16__nan,PertCortex_16_GACCAATAGCTAGTTC,2.186928258327683
47228,0.14226859371077993,16__nan,PertCortex_16_GACCAATGTGTCCTCT,3.6081792431181086
47229,0.16788381522581136,16__nan,PertCortex_16_GACCAATTCAGCATGT,1.7271264847993304
47230,0.07493150714065483,16__nan,PertCortex_16_GACCAATTCGGGAGTA,4.616312478333113
47231,0.14100647322778778,16__nan,PertCortex_16_GACCTGGGTTGGACCC,2.90253251918129
47232,0.1438327054636207,16__nan,PertCortex_16_GACGCGTCACCAACCG,2.3231946889841413
47233,0.06717074178258124,16__nan,PertCortex_16_GACGCGTCATTTCACT,4.320412216070739
47234,0.08333512148955152,16__nan,PertCortex_16_GACGCGTTCACCGGGT,4.468762386995761
47235,0.1265953890752252,16__nan,PertCortex_16_GACGGCTAGGCTATCT,4.4111883891062735
47236,0.07052049561308522,16__nan,PertCortex_16_GACGGCTCAAGCGAGT,3.351884039178397
47237,0.0667942922307316,16__nan,PertCortex_16_GACGGCTGTGGAAAGA,3.8072057848265266
47238,0.23657094764965017,16__nan,PertCortex_16_GACGGCTGTGTCTGAT,1.8553064290264856
47239,0.04548331872946982,16__nan,PertCortex_16_GACGGCTTCGGAAATA,3.956692037641286
47240,0.0703156930908603,16__nan,PertCortex_16_GACGTGCAGGTCATCT,4.031115809628209
47241,0.1893176168340933,16__nan,PertCortex_16_GACGTGCTCCTTGCCA,2.5676351001381974
47242,0.12885167224411784,16__nan,PertCortex_16_GACGTTAAGCAGCCTC,2.665989493030822
47243,0.032711074551500935,16__nan,PertCortex_16_GACGTTAAGTGGGCTA,3.032950443824753
47244,0.12449807415309172,16__nan,PertCortex_16_GACGTTAGTTAAGGGC,3.5813527899058193
47245,0.08579052144364577,16__nan,PertCortex_16_GACTAACAGGAGTCTG,3.5669027457883096
47246,0.06590219466714602,16__nan,PertCortex_16_GACTAACAGTGTCTCA,3.923088101644229
47247,0.08805941371583637,16__nan,PertCortex_16_GACTAACGTGTGACGA,3.66797559460675
47248,0.1697985159470503,16__nan,PertCortex_16_GACTAACTCCGTCAAA,2.9984365092495406
47249,0.04900546072842272,16__nan,PertCortex_16_GACTAACTCGTATCAG,4.3351294898224815
47250,0.18426001054527866,16__nan,PertCortex_16_GACTACAAGAAGGTTT,4.100007870288394
47251,0.0802589649584125,16__nan,PertCortex_16_GACTACAAGATCCGAG,3.3733642042184457
47252,0.037639820285464386,16__nan,PertCortex_16_GACTACAAGATGGGTC,4.421051144022773
47253,0.20185840558670545,16__nan,PertCortex_16_GACTGCGCACATCCAA,2.7546580827307436
47254,0.18058006281349295,16__nan,PertCortex_16_GACTGCGCATGCGCAC,2.6018351483359905
47255,0.11618264294637537,16__nan,PertCortex_16_GACTGCGGTAGCGCTC,3.3730029345430177
47256,0.13138061936864517,16__nan,PertCortex_16_GACTGCGGTATGAAAC,3.9733298018795837
47257,0.1513410692783431,16__nan,PertCortex_16_GACTGCGGTCTCCCTA,2.708423038465755
47258,0.11909992766966065,16__nan,PertCortex_16_GACTGCGTCAGTCAGT,4.978440276966718
47259,0.11811542372246134,16__nan,PertCortex_16_GAGCAGAAGTCCATAC,3.6111285068589685
47260,0.12843465586914996,16__nan,PertCortex_16_GAGCAGACACTCAGGC,4.480066186151381
47261,0.21148639139367115,16__nan,PertCortex_16_GAGCAGACAGACACTT,2.7265698451512352
47262,0.422972701764233,16__nan,PertCortex_16_GAGCAGAGTAGAAGGA,1.8896432930734164
47263,0.2721850642202668,16__nan,PertCortex_16_GAGCAGAGTCCGAGTC,3.893019852467036
47264,0.29250481403203765,16__nan,PertCortex_16_GAGGTGATCCGAATGT,2.293996567239127
47265,0.14250043900914722,16__nan,PertCortex_16_GAGTCCGAGAAACGCC,3.0790977669169988
47266,0.1036738080674336,16__nan,PertCortex_16_GAGTCCGCAAACAACA,2.99116285906503
47267,0.14431335262964357,16__nan,PertCortex_16_GAGTCCGCAAGGACAC,3.0930850528775546
47268,0.1359763672598765,16__nan,PertCortex_16_GAGTCCGCAAGGTTTC,2.6854748461714353
47269,0.23801358332238132,16__nan,PertCortex_16_GAGTCCGTCTCAACTT,2.148870901399191
47270,0.03435365850054848,16__nan,PertCortex_16_GAGTCCGTCTTGCAAG,3.739725617231676
47271,0.1912020593158697,16__nan,PertCortex_16_GATCAGTAGCCTATGT,3.608949304377815
47272,0.18939712265763295,16__nan,PertCortex_16_GATCAGTAGGGTCTCC,2.9818726373340483
47273,0.10435956492610766,16__nan,PertCortex_16_GATCAGTCAACACCTA,3.177254908145275
47274,0.061601224846598045,16__nan,PertCortex_16_GATCAGTCATGCCTAA,3.54881278670699
47275,0.09911803618966464,16__nan,PertCortex_16_GATCAGTGTCAAGCGA,3.284985494733984
47276,0.41826632298766353,16__nan,PertCortex_16_GATCGATAGAGTGACC,1.7993359294074354
47277,0.012172682334306793,16__nan,PertCortex_16_GATCGATCAGCCTGTG,3.446428043265406
47278,0.5784017651469218,16__nan,PertCortex_16_GATCGATTCACATACG,1.7603525085594833
47279,0.11838493446959422,16__nan,PertCortex_16_GATCGCGAGTGCGTGA,3.0696702724938842
47280,0.49205201891141287,16__nan,PertCortex_16_GATCGCGCAGACACTT,2.4183544912052706
47281,0.089770924414951,16__nan,PertCortex_16_GATCGCGGTCAACTGT,3.5558538403438895
47282,0.041818841921851875,16__nan,PertCortex_16_GATCGCGTCATCTGCC,3.5385922484484356
47283,0.09012374412944367,16__nan,PertCortex_16_GATCGCGTCTTTAGGG,3.6745260307304233
47284,0.1067930887066284,16__nan,PertCortex_16_GATCGTACACACCGAC,3.292021260660992
47285,0.1750287630875441,16__nan,PertCortex_16_GATCGTAGTAGTGAAT,2.3111969753030297
47286,0.07309156955024251,16__nan,PertCortex_16_GATCGTAGTCACACGC,3.122449518184092
47287,0.04321841818157404,16__nan,PertCortex_16_GATCGTAGTCTCAACA,4.556759977223168
47288,0.09951479932718847,16__nan,PertCortex_16_GATCGTATCAGTACGT,3.288958133885
47289,0.14462911008966653,16__nan,PertCortex_16_GATCGTATCCCTAACC,2.8249041074250028
47290,0.38328570198968426,16__nan,PertCortex_16_GATCGTATCCTGTAGA,1.9665936870145961
47291,0.29904202611671343,16__nan,PertCortex_16_GATCTAGCAAACCCAT,3.0815950172564506
47292,0.19746348179714593,16__nan,PertCortex_16_GATCTAGCAAAGCGGT,3.7558777301999458
47293,0.0830161849803503,16__nan,PertCortex_16_GATCTAGCAAGACACG,3.697228158090531
47294,0.13221738159793991,16__nan,PertCortex_16_GATCTAGGTTTAGGAA,3.302223505347453
47295,0.12205342368693878,16__nan,PertCortex_16_GATGAAAAGAGAACAG,3.953338120660211
47296,0.1366148201661757,16__nan,PertCortex_16_GATGAAAAGAGTTGGC,3.2518387695959947
47297,0.05494821173647521,16__nan,PertCortex_16_GATGAAAAGCTAGGCA,4.119209096491982
47298,0.14319204494222662,16__nan,PertCortex_16_GATGAAAAGGTGCAAC,2.8537264187315006
47299,0.16144566491537835,16__nan,PertCortex_16_GATGAAACAGCTATTG,2.809238484306512
47300,0.11613303135563689,16__nan,PertCortex_16_GATGAAACATCCGCGA,4.14369476008498
47301,0.13473360940120752,16__nan,PertCortex_16_GATGAAATCAAGGTAA,3.495884201623686
47302,0.1330395783811611,16__nan,PertCortex_16_GATGAAATCCTTTCGG,3.7443494697296957
47303,0.04624003641510251,16__nan,PertCortex_16_GATGAAATCGTTGCCT,4.60499114840006
47304,0.16992960649421987,16__nan,PertCortex_16_GATGAGGAGAACAACT,3.2655440667029505
47305,0.09788927968049789,16__nan,PertCortex_16_GATGAGGGTCGGCACT,3.9178882158573227
47306,0.12053356493497532,16__nan,PertCortex_16_GATGAGGGTGAACCTT,3.3007232226960515
47307,0.12669701498395414,16__nan,PertCortex_16_GATGAGGTCAACGGGA,4.047294216505204
47308,0.09591078655051848,16__nan,PertCortex_16_GATGAGGTCCGCATAA,4.24094073287949
47309,0.1770826455120179,16__nan,PertCortex_16_GATGAGGTCGTGGACC,3.638922991063934
47310,0.22658287978860073,16__nan,PertCortex_16_GATGCTAGTGTCAATC,2.3146367637712384
47311,0.13137938970074722,16__nan,PertCortex_16_GATGCTAGTTCGGCAC,2.388460578564514
47312,0.2699650943945263,16__nan,PertCortex_16_GATTCAGCAACCGCCA,2.2664523005195116
47313,0.13654222230832364,16__nan,PertCortex_16_GATTCAGCACGGCGTT,3.167053298300988
47314,0.037455336617347824,16__nan,PertCortex_16_GATTCAGCACGTTGGC,3.413433288334558
47315,0.10142406344284428,16__nan,PertCortex_16_GATTCAGTCGGTCCGA,4.089180064968811
47316,0.04378837342364197,16__nan,PertCortex_16_GATTCAGTCGTACCGG,3.3364695443800607
47317,0.1696631773323701,16__nan,PertCortex_16_GCAAACTAGATGCCTT,3.7411463643683827
47318,0.05122221841580224,16__nan,PertCortex_16_GCAAACTAGCGTTCCG,4.039537160324512
47319,0.101577134189694,16__nan,PertCortex_16_GCAAACTCAATGTTGC,3.2135609279186097
47320,0.07900046611454882,16__nan,PertCortex_16_GCAAACTCACGCTTTC,3.4899066012664823
47321,0.20046020797313727,16__nan,PertCortex_16_GCAATCAAGTACTTGC,3.7255674100227445
47322,0.12521404006827935,16__nan,PertCortex_16_GCAATCAAGTGTGGCA,3.160713432933747
47323,0.4882458991286701,16__nan,PertCortex_16_GCAATCACAATTGCTG,2.295219165279757
47324,0.5467808684353286,16__nan,PertCortex_16_GCAATCACAGTTAACC,1.667513699535336
47325,0.13005889993958974,16__nan,PertCortex_16_GCAATCATCAACTCTT,3.38938095835053
47326,0.4310253342831036,16__nan,PertCortex_16_GCACATAAGACCACGA,1.6237164863954145
47327,0.08473409778112666,16__nan,PertCortex_16_GCACATAGTCATCGGC,3.283769682353495
47328,0.1433712456517535,16__nan,PertCortex_16_GCACATATCCAACCAA,3.1246106672805634
47329,0.15105581900547857,16__nan,PertCortex_16_GCACATATCGGAGCAA,2.9852641965501787
47330,0.40985683302103504,16__nan,PertCortex_16_GCACTCTAGATACACA,2.316528785208461
47331,0.19832575706986347,16__nan,PertCortex_16_GCACTCTTCAACGAAA,3.4654500997673656
47332,0.10802192878362184,16__nan,PertCortex_16_GCACTCTTCAATCTCT,2.6703856044792684
47333,0.09347063653578228,16__nan,PertCortex_16_GCACTCTTCGTCGTTC,4.019053872650879
47334,0.14962105169066722,16__nan,PertCortex_16_GCAGCCAAGGCTACGA,4.716291468341969
47335,0.1408466669246147,16__nan,PertCortex_16_GCAGCCAAGTAGGCCA,4.594468330135258
47336,0.1411604579614048,16__nan,PertCortex_16_GCAGCCACATCCGTGG,3.789364530459786
47337,0.37977835337263727,16__nan,PertCortex_16_GCAGCCACATGGTAGG,2.6498045958141376
47338,0.0832195680336316,16__nan,PertCortex_16_GCAGCCACATTCCTGC,3.700805940788722
47339,0.1143520514336786,16__nan,PertCortex_16_GCAGCCAGTTTGCATG,3.7054857158318435
47340,0.42179536524722977,16__nan,PertCortex_16_GCAGCCATCCATGAAC,2.290213143887724
47341,0.15744428350344855,16__nan,PertCortex_16_GCAGTTAAGATATGCA,3.775852909467069
47342,0.17039439175906793,16__nan,PertCortex_16_GCAGTTAAGCGCTTAT,2.9340588547352153
47343,0.02802713563546422,16__nan,PertCortex_16_GCAGTTAAGCTACCTA,3.7051171810818286
47344,0.46720631569176685,16__nan,PertCortex_16_GCAGTTACACCTCGGA,1.9306680774199398
47345,0.10624539033463157,16__nan,PertCortex_16_GCAGTTACACTCAGGC,4.09961359651775
47346,0.33761155617249994,16__nan,PertCortex_16_GCAGTTACATAGGATA,2.0402694095210436
47347,0.33203681891508546,16__nan,PertCortex_16_GCAGTTATCGCGGATC,1.9216259987200288
47348,0.3538567222644614,16__nan,PertCortex_16_GCAGTTATCTTCCTTC,2.299637227284034
47349,0.15689469545920695,16__nan,PertCortex_16_GCATACAAGTCGTACT,3.1564798004076904
47350,0.13142867140786865,16__nan,PertCortex_16_GCATACACAAAGCAAT,3.95195100324587
47351,0.507132552461621,16__nan,PertCortex_16_GCATACACACCCATTC,2.0101421549369483
47352,0.08055522926475701,16__nan,PertCortex_16_GCATACACAGGCGATA,3.9998409652911784
47353,0.19074924005204566,16__nan,PertCortex_16_GCATACAGTGTTTGTG,3.4003873348870974
47354,0.16177934986175851,16__nan,PertCortex_16_GCATACATCAGGCGAA,2.840053505921147
47355,0.10178298432613028,16__nan,PertCortex_16_GCATACATCAGGTTCA,4.266194311440301
47356,0.02921789903296079,16__nan,PertCortex_16_GCATGATAGTGCCATT,3.8554273401887142
47357,0.1360204934396906,16__nan,PertCortex_16_GCATGATCAGCTGCTG,2.930347050531439
47358,0.24124815742562936,16__nan,PertCortex_16_GCATGATCAGTCCTTC,2.3216010809334966
47359,0.08430106346354159,16__nan,PertCortex_16_GCATGATGTACCGTTA,3.8039623201504735
47360,0.1831399689703198,16__nan,PertCortex_16_GCATGCGCACCTGGTG,3.3868302159061714
47361,0.12581282907032307,16__nan,PertCortex_16_GCATGTAAGAGTGACC,2.9797133838430883
47362,0.06338275928565745,16__nan,PertCortex_16_GCATGTAAGATATACG,3.704282844789408
47363,0.02290314053694604,16__nan,PertCortex_16_GCATGTAAGGCACATG,3.500687701449242
47364,0.10239672372684347,16__nan,PertCortex_16_GCATGTACACGAAACG,4.00587970003557
47365,0.1827825915389043,16__nan,PertCortex_16_GCATGTAGTGTCAATC,4.754020591170103
47366,0.14530445262835204,16__nan,PertCortex_16_GCATGTATCGGAGGTA,3.9457317548592075
47367,0.16998413861812495,16__nan,PertCortex_16_GCCAAATAGCCGATTT,3.3039612510355525
47368,0.30192375309805886,16__nan,PertCortex_16_GCCAAATAGTCGCCGT,2.019370909352055
47369,0.1366783355080083,16__nan,PertCortex_16_GCCAAATTCCAGAGGA,2.3094562021747733
47370,0.39301891570060143,16__nan,PertCortex_16_GCCAAATTCCGCGCAA,2.4527858837300753
47371,0.17211374586939726,16__nan,PertCortex_16_GCCTCTATCCTGTAGA,3.6076526772448734
47372,0.13144817519509858,16__nan,PertCortex_16_GCGACCAAGTGGTAAT,3.328943489105117
47373,0.15056048232089203,16__nan,PertCortex_16_GCGACCACAAATTGCC,3.6497082015179823
47374,0.1401858403062767,16__nan,PertCortex_16_GCGACCACAGTCAGAG,2.3731516021939196
47375,0.17974097397040767,16__nan,PertCortex_16_GCGACCAGTGGTACAG,2.8406174829116897
47376,0.3866524476680108,16__nan,PertCortex_16_GCGACCATCTACGAGT,2.3110978314925568
47377,0.15906914766431404,16__nan,PertCortex_16_GCGAGAAGTGTTCGAT,3.0805143352122513
47378,0.3574021860065989,16__nan,PertCortex_16_GCGCAACTCCTCCTAG,1.8640173704896033
47379,0.14453246211069773,16__nan,PertCortex_16_GCGCAACTCCTGCCAT,3.5389726493354883
47380,0.11325336677840878,16__nan,PertCortex_16_GCGCAGTAGACAAGCC,4.29293661569514
47381,0.45328521301806957,16__nan,PertCortex_16_GCGCAGTAGCTTCGCG,1.9327486632447113
47382,0.41090322385374906,16__nan,PertCortex_16_GCGCAGTTCAGCGACC,2.592754759239923
47383,0.06887872796419767,16__nan,PertCortex_16_GCGCAGTTCGAACGGA,3.090863436989256
47384,0.04973991418614468,16__nan,PertCortex_16_GCGCCAAAGATCCGAG,3.8239196975656258
47385,0.04187338540479373,16__nan,PertCortex_16_GCGCCAAAGTTGAGTA,3.6822894497634135
47386,0.0809003001719424,16__nan,PertCortex_16_GCGCCAACACAGAGGT,4.032802525094022
47387,0.11634476323562917,16__nan,PertCortex_16_GCGCCAATCTACCAGA,2.8594672800045484
47388,0.4981832233446999,16__nan,PertCortex_16_GCGCGATAGTGAAGAG,1.8602891689987442
47389,0.15887789760646936,16__nan,PertCortex_16_GCGCGATCACAGCGTC,2.8525262481565283
47390,0.09494381046406444,16__nan,PertCortex_16_GCGCGATGTGGCCCTA,3.800658856543312
47391,0.12306449308249044,16__nan,PertCortex_16_GCGCGATTCAACACTG,4.424082258024378
47392,0.4368887999227337,16__nan,PertCortex_16_GCGCGATTCCATTCTA,2.9583146451963205
47393,0.2360092930713715,16__nan,PertCortex_16_GCGGGTTAGATCCGAG,2.5501761257472446
47394,0.07799593932203462,16__nan,PertCortex_16_GCGGGTTAGCAATCTC,3.4617114841215826
47395,0.31689631361888176,16__nan,PertCortex_16_GCGGGTTAGCTACCTA,2.1242794969661873
47396,0.12490853671331485,16__nan,PertCortex_16_GCGGGTTAGCTGTCTA,3.44119095175797
47397,0.14893596488616528,16__nan,PertCortex_16_GCGGGTTCAAGTCTAC,2.744269047851773
47398,0.35324229602386303,16__nan,PertCortex_16_GCGGGTTTCCAAGTAC,1.9867174094284958
47399,0.1190265576018644,16__nan,PertCortex_16_GCGGGTTTCCAGAAGG,3.48687372151218
47400,0.1307210082475559,16__nan,PertCortex_16_GCTCCTAAGCGACGTA,3.6171643745889894
47401,0.0726709711179016,16__nan,PertCortex_16_GCTCCTAAGCGATATA,4.113166980856797
47402,0.15369546968010753,16__nan,PertCortex_16_GCTCCTAAGTTACCCA,3.1382357833842636
47403,0.2562661448498324,16__nan,PertCortex_16_GCTCCTACAAACGCGA,1.9550599904348098
47404,0.36260466542575015,16__nan,PertCortex_16_GCTCCTACAATGCCAT,2.332812779264348
47405,0.16348953319243142,16__nan,PertCortex_16_GCTCTGTAGAGACTTA,3.112174061457983
47406,0.16204996816360553,16__nan,PertCortex_16_GCTCTGTAGTGACATA,4.028225510699158
47407,0.11209467436296876,16__nan,PertCortex_16_GCTCTGTCAAATCCGT,2.9460833871524037
47408,0.1947524125642958,16__nan,PertCortex_16_GCTCTGTCAATGTTGC,2.885817006375039
47409,0.20407948156004943,16__nan,PertCortex_16_GCTCTGTCAGATAATG,4.391799720370385
47410,0.09688327777499563,16__nan,PertCortex_16_GCTCTGTGTAAGAGAG,2.5186864977850987
47411,0.1908621096049152,16__nan,PertCortex_16_GCTCTGTGTCGCGTGT,4.017520067909804
47412,0.12899985383929663,16__nan,PertCortex_16_GCTCTGTGTCTAGTGT,3.5766545014579085
47413,0.09575349525965986,16__nan,PertCortex_16_GCTCTGTTCATCATTC,4.431384708550704
47414,0.14173888920306255,16__nan,PertCortex_16_GCTGCAGAGACTAGAT,3.6131396147353967
47415,0.12124659082957386,16__nan,PertCortex_16_GCTGCAGAGATGAGAG,3.5974987606739015
47416,0.0116885759193034,16__nan,PertCortex_16_GCTGCAGAGGAGCGAG,1.7715782613116817
47417,0.08092821472056158,16__nan,PertCortex_16_GCTGCAGAGGCCCTCA,3.204419519603608
47418,0.06694980522436988,16__nan,PertCortex_16_GCTGCAGAGTACACCT,3.652704146301373
47419,0.17045416608290742,16__nan,PertCortex_16_GCTGCAGCATGTAGTC,3.418418306733224
47420,0.20764319408667709,16__nan,PertCortex_16_GCTGCAGTCCGCATCT,3.9862613400654565
47421,0.029893832164873638,16__nan,PertCortex_16_GCTGCGACAATCCAAC,3.9388071373415436
47422,0.23396306641672193,16__nan,PertCortex_16_GCTGCGACATGGATGG,1.6997255503426072
47423,0.0781137449807742,16__nan,PertCortex_16_GCTGCGAGTGACTACT,3.887688400656328
47424,0.16031364072628063,16__nan,PertCortex_16_GCTGCGATCACCGGGT,3.8463876671466157
47425,0.05879808802056294,16__nan,PertCortex_16_GCTGCGATCATAAAGG,3.384796092197724
47426,0.10125165328035302,16__nan,PertCortex_16_GCTGCGATCATAGCAC,2.9530994314362062
47427,0.033702534534389685,16__nan,PertCortex_16_GCTGCTTAGACCGGAT,4.112533709065632
47428,0.3660782818222571,16__nan,PertCortex_16_GCTGCTTCAAAGCAAT,2.054862905803651
47429,0.15815589099217633,16__nan,PertCortex_16_GCTGCTTCACGGTAGA,3.8465780843668234
47430,0.1864683054851824,16__nan,PertCortex_16_GCTGCTTTCAGAAATG,2.13698194292169
47431,0.0990538591341691,16__nan,PertCortex_16_GCTGCTTTCATTTGGG,4.81567440449586
47432,0.1316597915327732,16__nan,PertCortex_16_GCTGGGTAGAAACCTA,4.085617480930684
47433,0.056240508451889035,16__nan,PertCortex_16_GCTGGGTAGCGTCTAT,4.239288163215944
47434,0.059086237921245954,16__nan,PertCortex_16_GCTGGGTCACAGAGGT,3.5621590738059385
47435,0.10113807511837762,16__nan,PertCortex_16_GCTGGGTCAGACGCAA,4.185224408114477
47436,0.11212931421893127,16__nan,PertCortex_16_GCTGGGTCATGGTAGG,2.9325115202190544
47437,0.09930511207315075,16__nan,PertCortex_16_GCTGGGTTCGGTGTCG,2.231091156523856
47438,0.1271729778722641,16__nan,PertCortex_16_GCTGGGTTCTCATTCA,3.0249997995558022
47439,0.13694347350901204,16__nan,PertCortex_16_GCTTCCAAGGTGGGTT,2.8021858307699814
47440,0.052638416720584724,16__nan,PertCortex_16_GCTTCCAAGTGAAGTT,3.352058854282798
47441,0.16773170767186474,16__nan,PertCortex_16_GCTTCCACAATGTTGC,2.946731446242554
47442,0.4365718361414421,16__nan,PertCortex_16_GCTTCCACACTCAGGC,1.9179128273054338
47443,0.1514752785926716,16__nan,PertCortex_16_GCTTCCAGTATGAAAC,3.6500378783336926
47444,0.10992782161045425,16__nan,PertCortex_16_GCTTCCATCGAACTGT,3.6187791509298606
47445,0.03382825784263681,16__nan,PertCortex_16_GCTTGAAAGACAATAC,4.338656277073638
47446,0.12598426795269446,16__nan,PertCortex_16_GCTTGAACAGTTAACC,2.1382299443622497
47447,0.05917204487197172,16__nan,PertCortex_16_GCTTGAAGTCCAGTGC,3.7787285501834393
47448,0.08693948454386746,16__nan,PertCortex_16_GCTTGAATCGGCGCAT,3.857939269595875
47449,0.37195057033485607,16__nan,PertCortex_16_GGAAAGCAGGCTAGCA,1.880707519342557
47450,0.4287962509865592,16__nan,PertCortex_16_GGAAAGCTCTGCCCTA,1.604894839186056
47451,0.1840433261348711,16__nan,PertCortex_16_GGAACTTGTTTGTGTG,3.575194840725813
47452,0.0822484550624511,16__nan,PertCortex_16_GGAACTTTCTCATTCA,3.716388112908886
47453,0.17428844219824657,16__nan,PertCortex_16_GGAATAAAGAAGGACA,3.2959125354079006
47454,0.08256463093597903,16__nan,PertCortex_16_GGAATAACACGGATAG,4.460964097764121
47455,0.2056730007386593,16__nan,PertCortex_16_GGAATAAGTAGCTTGT,3.6082298858158883
47456,0.18659245868569313,16__nan,PertCortex_16_GGAATAAGTATCTGCA,4.285016000085149
47457,0.20793789138570942,16__nan,PertCortex_16_GGAATAATCAGGCAAG,3.635958355557893
47458,0.18689386193403107,16__nan,PertCortex_16_GGACAAGAGCTCCTTC,3.7047485081835347
47459,0.11676252867732276,16__nan,PertCortex_16_GGACAAGGTCAAAGCG,4.588801372611706
47460,0.13429004182615764,16__nan,PertCortex_16_GGACAGACAGTACACT,3.693528229606482
47461,0.07962430784789272,16__nan,PertCortex_16_GGACAGAGTTCCACGG,3.610253372240889
47462,0.21608800383327323,16__nan,PertCortex_16_GGACAGATCGGTCCGA,2.683770311505046
47463,0.15571650540061654,16__nan,PertCortex_16_GGACAGATCGTCCAGG,3.450732264759174
47464,0.08685013251038563,16__nan,PertCortex_16_GGACAGATCTTTACGT,3.2275234312915937
47465,0.10485393896683387,16__nan,PertCortex_16_GGACATTAGTACGTTC,3.8788499540583596
47466,0.07766165323015956,16__nan,PertCortex_16_GGACATTGTACGCTGC,3.3252177429222467
47467,0.15212184357208713,16__nan,PertCortex_16_GGACATTTCAACACTG,4.882642151713765
47468,0.2596764141469454,16__nan,PertCortex_16_GGACATTTCGTTTAGG,2.3289625111704138
47469,0.04795052924715021,16__nan,PertCortex_16_GGACGTCAGCATGGCA,3.6482116953869554
47470,0.1853473986633809,16__nan,PertCortex_16_GGACGTCCAGCTGTTA,4.147666554795763
47471,0.04623168628595291,16__nan,PertCortex_16_GGACGTCGTGGGTCAA,3.3131479936636086
47472,0.11344814237206267,16__nan,PertCortex_16_GGACGTCTCACCCTCA,3.721490241874628
47473,0.35480876927221466,16__nan,PertCortex_16_GGACGTCTCGTGACAT,1.8348078081674395
47474,0.0868782875323662,16__nan,PertCortex_16_GGAGCAAGTAAAGGAG,4.029473047927758
47475,0.1889784377343347,16__nan,PertCortex_16_GGATGTTAGATGCCTT,2.5555056665855735
47476,0.21437077507456806,16__nan,PertCortex_16_GGATGTTAGCGGATCA,2.904540653943286
47477,0.07442585965472627,16__nan,PertCortex_16_GGATGTTAGCTACCTA,3.5728041072694228
47478,0.16357652839828493,16__nan,PertCortex_16_GGATGTTCACGAAGCA,2.6941309385071857
47479,0.17982427997390282,16__nan,PertCortex_16_GGATGTTCACTCAGGC,3.2121591798726095
47480,0.10890638129710771,16__nan,PertCortex_16_GGATGTTCACTTCTGC,3.1082918302564675
47481,0.026441056601888106,16__nan,PertCortex_16_GGATTACAGATGTGTA,3.8783228319357246
47482,0.1433287426538687,16__nan,PertCortex_16_GGATTACAGGCATGTG,3.600023181419373
47483,0.12400034172445441,16__nan,PertCortex_16_GGATTACAGGCTATCT,3.4813530725644735
47484,0.5040108343956582,16__nan,PertCortex_16_GGATTACAGGGCACTA,2.149520874139124
47485,0.24715062881526487,16__nan,PertCortex_16_GGATTACCAGTCACTA,1.8265475833147118
47486,0.19264097642545222,16__nan,PertCortex_16_GGATTACGTCTGCCAG,2.5977806432875643
47487,0.18230531003607206,16__nan,PertCortex_16_GGATTACGTTCTGGTA,2.7038647277706596
47488,0.1217715353460766,16__nan,PertCortex_16_GGATTACGTTGGGACA,3.887738620921195
47489,0.12888661046206004,16__nan,PertCortex_16_GGATTACTCACTGGGC,3.3048952613294396
47490,0.37557592609001494,16__nan,PertCortex_16_GGCAATTAGGCATGTG,2.1273900970875483
47491,0.4503608795978735,16__nan,PertCortex_16_GGCAATTCAGCGTAAG,2.1323882592981565
47492,0.021801216021884447,16__nan,PertCortex_16_GGCAATTTCGGTTCGG,4.243601379328294
47493,0.1799739079105508,16__nan,PertCortex_16_GGCAATTTCGTCCGTT,2.0518755480777044
47494,0.14773441335035095,16__nan,PertCortex_16_GGCCGATAGCGATCCC,5.493160428020943
47495,0.17340395926858512,16__nan,PertCortex_16_GGCCGATAGGACGAAA,2.9573771379586065
47496,0.4153149717853199,16__nan,PertCortex_16_GGCCGATGTGTCTGAT,1.9726118654997367
47497,0.14957234851092963,16__nan,PertCortex_16_GGCCGATTCACTTACT,2.84204752256598
47498,0.12420621956385462,16__nan,PertCortex_16_GGCGACTAGAGCCTAG,2.985098490052096
47499,0.10348863658348853,16__nan,PertCortex_16_GGCGACTAGCCGCCTA,3.8976161504313143
47500,0.14836761240024943,16__nan,PertCortex_16_GGCGACTAGTGACATA,3.201393854981318
47501,0.1955627337625592,16__nan,PertCortex_16_GGCGACTCAAGTAGTA,3.0531985960234342
47502,-0.0005633885634547135,16__nan,PertCortex_16_GGCGACTCACTGTCGG,4.046446280097324
47503,0.22774025571455375,16__nan,PertCortex_16_GGCGACTGTGCGAAAC,1.9193536305153518
47504,0.0875915394247571,16__nan,PertCortex_16_GGCGACTGTTAAAGAC,3.803918152870291
47505,0.07960116399005845,16__nan,PertCortex_16_GGCGACTGTTAAGATG,3.707821396623488
47506,0.41237247663450605,16__nan,PertCortex_16_GGCGACTGTTGAGTTC,2.546320357128633
47507,0.05292605383132541,16__nan,PertCortex_16_GGCGTGTGTTCAGACT,3.9971470642371223
47508,0.24582490470822416,16__nan,PertCortex_16_GGCGTGTTCAATAAGG,2.6007473423302834
47509,0.04881775083462181,16__nan,PertCortex_16_GGCGTGTTCAGCGATT,3.6519277000075125
47510,0.0530808760503257,16__nan,PertCortex_16_GGCTCGACACCGATAT,4.086764052811924
47511,0.20837694559350492,16__nan,PertCortex_16_GGCTCGAGTCTCTTTA,2.103638303752901
47512,0.4112516191345058,16__nan,PertCortex_16_GGCTCGATCCTTCAAT,2.203009205229097
47513,0.06758528749481643,16__nan,PertCortex_16_GGCTCGATCGGAGGTA,2.990674868665538
47514,0.1144450120315705,16__nan,PertCortex_16_GGCTCGATCGGTGTTA,3.1861052483797887
47515,0.20238146752753028,16__nan,PertCortex_16_GGCTGGTAGTTTGCGT,2.369026871778596
47516,0.07268915436596687,16__nan,PertCortex_16_GGCTGGTGTGAGGCTA,3.234078206102633
47517,0.020128681403309943,16__nan,PertCortex_16_GGCTGGTGTGAGTATA,3.0260930913250594
47518,0.11093967777083812,16__nan,PertCortex_16_GGCTGGTTCCACGAAT,3.1778341072456193
47519,0.17035346133814885,16__nan,PertCortex_16_GGCTGGTTCCGTAGTA,2.7195884132058583
47520,0.20477973139560113,16__nan,PertCortex_16_GGGAATGAGATAGCAT,3.186603634782862
47521,0.14107940416035086,16__nan,PertCortex_16_GGGAATGCAATCACAC,3.634233578229795
47522,0.24639505247984042,16__nan,PertCortex_16_GGGAATGCACAAGTAA,1.7649209373942636
47523,0.09387146755236069,16__nan,PertCortex_16_GGGAATGGTAGCGCAA,4.029694569554602
47524,0.12723643460667644,16__nan,PertCortex_16_GGGAATGGTCGCATAT,3.0062304488931275
47525,0.3868772653144075,16__nan,PertCortex_16_GGGAATGGTGTTCTTT,2.002899518401641
47526,0.12805680301958894,16__nan,PertCortex_16_GGGAATGTCAGAGGTG,3.784159312563026
47527,0.03136264951317832,16__nan,PertCortex_16_GGGAATGTCCCTTGCA,3.9852628747436762
47528,0.1750900833829387,16__nan,PertCortex_16_GGGAATGTCGGATGGA,4.091270012184785
47529,0.19565418484839908,16__nan,PertCortex_16_GGGAATGTCTATCCCG,3.3357513464732618
47530,0.14510736278657838,16__nan,PertCortex_16_GGGACCTAGATCTGCT,2.937644162851251
47531,0.11666523230300618,16__nan,PertCortex_16_GGGACCTAGCAATCTC,3.676936571657997
47532,0.2828226232844092,16__nan,PertCortex_16_GGGACCTAGGCATGTG,2.1878845885667753
47533,0.11733464269651317,16__nan,PertCortex_16_GGGACCTCAAAGCGGT,2.983240291434196
47534,0.18314920827095654,16__nan,PertCortex_16_GGGACCTCACGGTAGA,2.539875303147418
47535,0.49796479336595184,16__nan,PertCortex_16_GGGACCTCAGGCTCAC,1.846280823804476
47536,0.09007930622005247,16__nan,PertCortex_16_GGGACCTGTTGGTTTG,4.311258384269884
47537,0.015986325132929677,16__nan,PertCortex_16_GGGAGATCAAGGCTCC,3.955658419812625
47538,0.36095767809429347,16__nan,PertCortex_16_GGGAGATCACGTCTCT,2.4737940660216338
47539,0.15422799790113798,16__nan,PertCortex_16_GGGAGATGTCTAACGT,4.743565385200759
47540,0.4513372773862684,16__nan,PertCortex_16_GGGATGAAGAGGTACC,1.850001670494789
47541,0.20194553688933353,16__nan,PertCortex_16_GGGATGAAGTGGAGAA,2.406096516070339
47542,0.24690052783834676,16__nan,PertCortex_16_GGGATGACAGGCAGTA,3.283677636007291
47543,0.05499420614978041,16__nan,PertCortex_16_GGGATGATCCCTTGTG,3.510054826956179
47544,0.10488483382180538,16__nan,PertCortex_16_GGGCACTAGATCTGAA,3.6679727805000035
47545,0.1504351391818748,16__nan,PertCortex_16_GGGCACTAGGTGACCA,3.2807584949599544
47546,0.09373782568396283,16__nan,PertCortex_16_GGGCACTAGTCGAGTG,3.960945447185698
47547,0.10817699065450738,16__nan,PertCortex_16_GGGCACTCAGCTGGCT,4.684497133616322
47548,0.14028534109025492,16__nan,PertCortex_16_GGGCACTGTCCATGAT,2.9185947603924607
47549,0.14874946119745944,16__nan,PertCortex_16_GGGCACTGTGTGCCTG,2.7957641851791015
47550,0.07494702186745965,16__nan,PertCortex_16_GGGCACTTCACCCGAG,4.266171066785441
47551,0.10537408066979531,16__nan,PertCortex_16_GGGCATCAGTCTCGGC,4.2654966695040315
47552,0.12228364037362749,16__nan,PertCortex_16_GGGCATCCAAGGACTG,3.3089756462177773
47553,0.08770488035836826,16__nan,PertCortex_16_GGGCATCCACATGACT,3.481648706880541
47554,0.14006254088014236,16__nan,PertCortex_16_GGGCATCGTGCTAGCC,2.84110413888625
47555,0.018197136786037283,16__nan,PertCortex_16_GGGCATCTCAACTCTT,4.502250144913534
47556,0.2064897378716723,16__nan,PertCortex_16_GGGCATCTCGCCATAA,2.8398015557621967
47557,0.06190411756047764,16__nan,PertCortex_16_GGGTCTGCAAGACGTG,4.031695974757929
47558,0.0925613130352648,16__nan,PertCortex_16_GGGTCTGCATACAGCT,3.943347752215352
47559,0.0852763887900107,16__nan,PertCortex_16_GGGTTGCAGAGTACAT,4.143395047443991
47560,0.13907470396039992,16__nan,PertCortex_16_GGGTTGCAGAGTGACC,2.7353193584157443
47561,0.0871020107425265,16__nan,PertCortex_16_GGGTTGCCATCTACGA,3.529306265317699
47562,0.18263737812697559,16__nan,PertCortex_16_GGGTTGCGTAAACACA,3.3610219545733795
47563,0.15555286961815737,16__nan,PertCortex_16_GGGTTGCGTGTTTGGT,4.504430778760389
47564,0.12955141969623532,16__nan,PertCortex_16_GGGTTGCTCGCGCCAA,3.353562484048094
47565,0.12708008681500108,16__nan,PertCortex_16_GGGTTGCTCTTCATGT,2.567608214840213
47566,0.17784661072013513,16__nan,PertCortex_16_GGTATTGGTGATAAAC,2.74773840704345
47567,0.11866935898660129,16__nan,PertCortex_16_GGTATTGTCAACACGT,2.271004779373137
47568,0.22342792102776757,16__nan,PertCortex_16_GGTATTGTCTCGTATT,2.0285584484486128
47569,0.0814113995527533,16__nan,PertCortex_16_GGTGAAGAGTAGTGCG,3.2036911112356434
47570,0.09275130078094493,16__nan,PertCortex_16_GGTGAAGCACGGCGTT,3.512546434345446
47571,0.35184247351715753,16__nan,PertCortex_16_GGTGAAGGTTCGCGAC,2.0873882810241486
47572,0.24214494525770752,16__nan,PertCortex_16_GGTGAAGTCCGTAGGC,2.3028343004751948
47573,0.06276011499392524,16__nan,PertCortex_16_GGTGAAGTCTTGCAAG,3.6793996226056773
47574,0.12269915795848038,16__nan,PertCortex_16_GGTGCGTAGAGGACGG,3.4964293435076668
47575,0.15748026357541817,16__nan,PertCortex_16_GGTGCGTCACCAGTTA,3.34097774139963
47576,0.039125914181898466,16__nan,PertCortex_16_GGTGCGTCAGGATCGA,3.2558513719292033
47577,0.0707232237071349,16__nan,PertCortex_16_GGTGCGTCATACTACG,3.605513498905883
47578,0.3758091170212019,16__nan,PertCortex_16_GGTGCGTCATCGGACC,2.429629450061418
47579,0.02730661198968199,16__nan,PertCortex_16_GGTGCGTCATCGGTTA,3.5958956373787605
47580,0.11935942060811311,16__nan,PertCortex_16_GGTGCGTGTTCTGAAC,4.198839498824288
47581,0.1333666077696057,16__nan,PertCortex_16_GGTGCGTTCCACGACG,3.248253054496509
47582,0.07202997118855688,16__nan,PertCortex_16_GGTGCGTTCTGGCGTG,3.075492668236715
47583,0.14478525298736847,16__nan,PertCortex_16_GGTGTTAAGTTGAGTA,3.0561183113908608
47584,0.2414994100640179,16__nan,PertCortex_16_GGTGTTATCGGTTCGG,2.8692812333534397
47585,0.017963320916062037,16__nan,PertCortex_16_GTAACGTCACCGGAAA,4.177296379294227
47586,0.11169191869048142,16__nan,PertCortex_16_GTAACGTCAGCTTCGG,4.183361554861518
47587,0.0675330900075424,16__nan,PertCortex_16_GTAACGTTCGGCGGTT,3.4566902823026027
47588,0.06548700060988404,16__nan,PertCortex_16_GTAACGTTCGTCACGG,2.9159807799941864
47589,0.08466099867455615,16__nan,PertCortex_16_GTAACTGAGGAATCGC,3.7911945470372705
47590,0.11083090801393644,16__nan,PertCortex_16_GTAACTGCAAGTAGTA,2.7614198589978214
47591,-0.003560557375574881,16__nan,PertCortex_16_GTAACTGCAGACAAAT,4.198807499740632
47592,0.08926666593907308,16__nan,PertCortex_16_GTAACTGGTAGCGCAA,3.035507230888513
47593,0.058114570084462476,16__nan,PertCortex_16_GTAACTGGTCTGGAGA,4.074035241848243
47594,0.03597642927116601,16__nan,PertCortex_16_GTAACTGTCTGGTGTA,4.098415159027057
47595,0.07791152525675418,16__nan,PertCortex_16_GTACGTAAGCCACTAT,4.574215469222738
47596,0.09494444568107467,16__nan,PertCortex_16_GTACGTACACCAACCG,3.5600863419671613
47597,0.17521088765593243,16__nan,PertCortex_16_GTACGTACAGATCGGA,2.5650954900855987
47598,0.417058492577229,16__nan,PertCortex_16_GTACGTAGTGATGCCC,2.4046508845083774
47599,0.15554319977082184,16__nan,PertCortex_16_GTACGTAGTGCCTGGT,3.497587085560026
47600,0.31016791836570035,16__nan,PertCortex_16_GTACGTATCCTTGCCA,2.0653554024168526
47601,0.4029072652158848,16__nan,PertCortex_16_GTACGTATCGTTGCCT,2.0924082123390235
47602,0.0506012842373052,16__nan,PertCortex_16_GTACGTATCTGCTTGC,4.011527525465561
47603,0.12330116519922756,16__nan,PertCortex_16_GTACTCCAGGAGCGTT,2.81586385532276
47604,0.0968892792695302,16__nan,PertCortex_16_GTACTCCCATACGCCG,3.690452968517915
47605,0.08509478555222824,16__nan,PertCortex_16_GTACTCCGTAACGCGA,3.464223601771384
47606,0.042463317218546924,16__nan,PertCortex_16_GTACTCCGTGCAACTT,3.929257239026776
47607,0.12223651071686517,16__nan,PertCortex_16_GTACTCCGTTATGTGC,3.7819631854004876
47608,0.29671571265957547,16__nan,PertCortex_16_GTACTCCTCATACGGT,1.8128728193299408
47609,0.17997807590051662,16__nan,PertCortex_16_GTACTCCTCATAGCAC,3.9376837816863435
47610,0.12282529583927222,16__nan,PertCortex_16_GTACTTTAGCCCAACC,3.511051199864274
47611,0.12929116215179115,16__nan,PertCortex_16_GTACTTTCATTACGAC,3.5876518525870384
47612,0.17277992482474677,16__nan,PertCortex_16_GTACTTTGTTCTCATT,3.9385343541906526
47613,0.1347844532091866,16__nan,PertCortex_16_GTACTTTTCGTGGGAA,3.6593024986898035
47614,0.04423959330789805,16__nan,PertCortex_16_GTAGGCCAGGGTTCCC,3.594725849397244
47615,0.14514617203140517,16__nan,PertCortex_16_GTAGGCCCAAGTTGTC,3.4580462083823695
47616,0.1119200374361372,16__nan,PertCortex_16_GTAGGCCGTTCCGGCA,3.8948676666577495
47617,0.2756206851599021,16__nan,PertCortex_16_GTAGTCAAGAGATGAG,2.270953672490312
47618,0.08275535845906268,16__nan,PertCortex_16_GTAGTCACACATGACT,4.022889712297524
47619,0.48898120649708454,16__nan,PertCortex_16_GTAGTCACACTATCTT,2.457621359585785
47620,0.2161573881630075,16__nan,PertCortex_16_GTAGTCACAGCTATTG,4.998585193074974
47621,0.1559599868816969,16__nan,PertCortex_16_GTATCTTAGACTAAGT,3.140128739425922
47622,0.31401105495585774,16__nan,PertCortex_16_GTATCTTAGATAGTCA,2.118094428948718
47623,0.2832999338973869,16__nan,PertCortex_16_GTATCTTAGCACCGTC,2.29738736743794
47624,0.1440749141850091,16__nan,PertCortex_16_GTATCTTAGTGTGGCA,4.750340969838058
47625,0.1668582134419623,16__nan,PertCortex_16_GTATCTTCAGATGGCA,3.463730258923009
47626,0.06059319655477729,16__nan,PertCortex_16_GTATCTTGTCCCTACT,3.802838563520528
47627,0.1699273911455911,16__nan,PertCortex_16_GTATCTTGTTACGCGC,3.296618780000657
47628,0.04751320379714728,16__nan,PertCortex_16_GTATCTTTCAGCGATT,4.0703330966641476
47629,0.15920347211559407,16__nan,PertCortex_16_GTATCTTTCCACGAAT,3.16250134633513
47630,0.17227762568122212,16__nan,PertCortex_16_GTATCTTTCGCCTGAG,4.016569569841719
47631,0.4111156457185084,16__nan,PertCortex_16_GTATTCTAGATACACA,2.624916291940969
47632,0.11523219162096415,16__nan,PertCortex_16_GTATTCTAGCTCCTCT,3.690597459493817
47633,0.18356797500667865,16__nan,PertCortex_16_GTATTCTAGCTTTGGT,2.933001593211242
47634,0.11727235742743777,16__nan,PertCortex_16_GTATTCTGTTGTGGAG,3.6365018184680986
47635,0.23736596202393473,16__nan,PertCortex_16_GTATTCTTCACATAGC,3.465399179881446
47636,0.18901466963675326,16__nan,PertCortex_16_GTATTCTTCCGTTGCT,3.2023313438244068
47637,0.028220664542822974,16__nan,PertCortex_16_GTATTCTTCGCCAAAT,4.574988920268765
47638,0.11700193661363215,16__nan,PertCortex_16_GTCAAGTAGAATGTTG,4.626183790635257
47639,0.10850559127430966,16__nan,PertCortex_16_GTCAAGTCAATGCCAT,3.3167889337776786
47640,0.0823243998566639,16__nan,PertCortex_16_GTCAAGTGTCAGAAGC,4.530833823473867
47641,0.08409176053586999,16__nan,PertCortex_16_GTCAAGTGTTCGAATC,4.030675416945337
47642,0.23814726815161605,16__nan,PertCortex_16_GTCACAAAGTGTTAGA,3.1036522173222845
47643,0.18458612372169345,16__nan,PertCortex_16_GTCACAACAAGTCTAC,3.767915639706817
47644,0.1597046873475761,16__nan,PertCortex_16_GTCACAACAGTCGTGC,3.1107165167610056
47645,0.2167197780594811,16__nan,PertCortex_16_GTCACAAGTCGGCTCA,3.1595761996903406
47646,0.09092296706859679,16__nan,PertCortex_16_GTCACAATCTTCGAGA,4.022745209729925
47647,0.19743707894193172,16__nan,PertCortex_16_GTCACGGAGCAGACTG,2.4889549285673063
47648,0.06788881135847821,16__nan,PertCortex_16_GTCACGGAGTTGTAGA,3.8208756511153177
47649,0.09455331305345369,16__nan,PertCortex_16_GTCACGGCAATCTGCA,3.7319375969021005
47650,0.046514286896073676,16__nan,PertCortex_16_GTCACGGCACTCAGGC,3.423817474762086
47651,0.02474468300778679,16__nan,PertCortex_16_GTCACGGGTTGGACCC,4.631436387226838
47652,0.18220385958116705,16__nan,PertCortex_16_GTCACGGGTTGTACAC,3.6695589589237465
47653,0.32878857860723587,16__nan,PertCortex_16_GTCACGGGTTGTGGCC,1.5587645908053802
47654,0.2619082989199314,16__nan,PertCortex_16_GTCACGGTCACAGTAC,2.7620120148043865
47655,0.11423899631892517,16__nan,PertCortex_16_GTCACGGTCTAGCACA,3.233699786095948
47656,0.1761138886953727,16__nan,PertCortex_16_GTCATTTGTTTACTCT,3.2284857283916106
47657,0.09588796013788994,16__nan,PertCortex_16_GTCATTTTCTAACTTC,3.890165722762481
47658,0.24577448848485817,16__nan,PertCortex_16_GTCCTCAAGCAGACTG,3.1928591568708424
47659,0.07338340023415267,16__nan,PertCortex_16_GTCCTCAAGGCATGGT,2.615138444405618
47660,0.09681723283618672,16__nan,PertCortex_16_GTCCTCAAGGTGACCA,2.8618936293655746
47661,0.046396548256091824,16__nan,PertCortex_16_GTCCTCACACTAAGTC,4.150370941423866
47662,0.045705187197560254,16__nan,PertCortex_16_GTCCTCACAGCGATCC,3.688725373014294
47663,0.19508688912535593,16__nan,PertCortex_16_GTCCTCACATATGCTG,2.9371710726657727
47664,0.11962686721109737,16__nan,PertCortex_16_GTCCTCACATCGTCGG,3.3736727946336846
47665,0.12257318233066226,16__nan,PertCortex_16_GTCGGGTAGGGAACGG,3.038588418778343
47666,0.10095138174364844,16__nan,PertCortex_16_GTCGGGTCAGTGAGTG,3.858198466433906
47667,0.22508401701950856,16__nan,PertCortex_16_GTCGGGTCATCCTAGA,2.445281633972406
47668,0.05829402059263809,16__nan,PertCortex_16_GTCGGGTGTAAGAGGA,3.5896531060321415
47669,0.3935177286489585,16__nan,PertCortex_16_GTCGGGTGTACAGACG,1.9549876016560297
47670,0.11095379577669685,16__nan,PertCortex_16_GTCGGGTGTGCTGTAT,2.6947075659796256
47671,0.18608044846375302,16__nan,PertCortex_16_GTCGGGTTCATATCGG,3.0468493788033513
47672,0.2062422658735023,16__nan,PertCortex_16_GTCGGGTTCCACGACG,2.3920015776658246
47673,0.4383707942327049,16__nan,PertCortex_16_GTCGTAAAGACCTTTG,1.8506286859988896
47674,0.10758898015028,16__nan,PertCortex_16_GTCGTAAAGTGTGGCA,3.635386248390585
47675,0.1372724323048827,16__nan,PertCortex_16_GTCGTAAGTAGAGTGC,2.4506461428842803
47676,0.13845664701068514,16__nan,PertCortex_16_GTCGTAAGTTACGCGC,2.586233632146395
47677,0.1920850332075913,16__nan,PertCortex_16_GTCGTAAGTTGAACTC,3.0939096945961255
47678,0.16746817219669705,16__nan,PertCortex_16_GTCGTAATCGCATGGC,3.680362081463953
47679,0.06985634597468114,16__nan,PertCortex_16_GTCGTAATCGCCGTGA,3.924640317658154
47680,0.09863599957359505,16__nan,PertCortex_16_GTCTCGTAGCTCCTCT,3.6395630419261744
47681,0.40320117629607166,16__nan,PertCortex_16_GTCTCGTGTCGCCATG,2.316433339510371
47682,0.11434709838837838,16__nan,PertCortex_16_GTCTCGTTCGCACTCT,3.139635429221327
47683,0.11536394491008935,16__nan,PertCortex_16_GTCTCGTTCGTCCAGG,3.5570724845357553
47684,0.4549247835067143,16__nan,PertCortex_16_GTCTTCGAGATATGCA,2.480518179673629
47685,0.06651632830766172,16__nan,PertCortex_16_GTCTTCGAGTCGTACT,3.555773718719641
47686,0.1176796108023038,16__nan,PertCortex_16_GTCTTCGCAATCCGAT,2.9509078644853606
47687,0.12903369088450692,16__nan,PertCortex_16_GTCTTCGGTTGCTCCT,2.9203293900379026
47688,0.3505703933005529,16__nan,PertCortex_16_GTCTTCGTCGTCGTTC,2.066071267953608
47689,0.19420846711372025,16__nan,PertCortex_16_GTGAAGGAGAATAGGG,2.88936564222842
47690,0.18091812020774956,16__nan,PertCortex_16_GTGAAGGCACATTTCT,2.9815639336925632
47691,0.10419499597007759,16__nan,PertCortex_16_GTGAAGGGTCATCGGC,3.5407224501851897
47692,0.2077441037190906,16__nan,PertCortex_16_GTGAAGGTCAGAAATG,2.041387456927465
47693,0.10389489274430376,16__nan,PertCortex_16_GTGCAGCAGAGTAATC,3.626077045632152
47694,0.08255741039446743,16__nan,PertCortex_16_GTGCAGCAGGGTCGAT,2.5052864816956943
47695,0.1341380251251597,16__nan,PertCortex_16_GTGCAGCCAAACAACA,3.023239620912999
47696,0.07443061382601625,16__nan,PertCortex_16_GTGCAGCCACCGATAT,3.8696076295827324
47697,0.04605923180504725,16__nan,PertCortex_16_GTGCAGCCATACTACG,4.409487359653168
47698,0.11914270651504755,16__nan,PertCortex_16_GTGCAGCTCACCTCGT,4.014305423201169
47699,0.2241396235552674,16__nan,PertCortex_16_GTGCATAAGCTCCTTC,2.1562195662836885
47700,0.21137320856106614,16__nan,PertCortex_16_GTGCATAAGTGAACAT,4.025909008988313
47701,0.04354778249983763,16__nan,PertCortex_16_GTGCATACACGCTTTC,3.8532404515101537
47702,0.09627500332302835,16__nan,PertCortex_16_GTGCATAGTAGGGTAC,3.4066568514533144
47703,0.17208459844125962,16__nan,PertCortex_16_GTGCATAGTGATGATA,3.8653027390261707
47704,0.13387204419098256,16__nan,PertCortex_16_GTGCGGTAGCAGCGTA,3.0471852667195436
47705,0.09409433569922766,16__nan,PertCortex_16_GTGCGGTAGGTACTCT,3.3039058747196104
47706,0.09335190525613855,16__nan,PertCortex_16_GTGCTTCAGATAGGAG,3.91330747087565
47707,0.4404280044986746,16__nan,PertCortex_16_GTGCTTCCAACTGGCC,1.8021060315471322
47708,0.11172078675083576,16__nan,PertCortex_16_GTGCTTCCACATGTGT,3.560279162852327
47709,0.08119556496792943,16__nan,PertCortex_16_GTGCTTCGTCAGAAGC,2.7663110511217477
47710,0.13335721998432257,16__nan,PertCortex_16_GTGCTTCTCGGGAGTA,3.348547641009799
47711,0.01781246650906468,16__nan,PertCortex_16_GTGGGTCCAGTGGAGT,4.557560069866569
47712,0.05080320627494162,16__nan,PertCortex_16_GTGGGTCCATATGCTG,3.944709140429434
47713,0.3263628669855463,16__nan,PertCortex_16_GTGGGTCGTCCGAAGA,2.6466819588228176
47714,0.0945330031227232,16__nan,PertCortex_16_GTGGGTCGTGTGAATA,3.6160673434120616
47715,0.20343471935003454,16__nan,PertCortex_16_GTGTGCGAGGATGCGT,3.649664457863309
47716,0.12719455026466817,16__nan,PertCortex_16_GTGTGCGAGGCAGTCA,4.262500860587088
47717,0.07564825174117523,16__nan,PertCortex_16_GTGTGCGCACATTAGC,4.091040748897808
47718,0.059989374706683765,16__nan,PertCortex_16_GTGTGCGGTCAAAGAT,3.557009165071444
47719,0.13249692352872214,16__nan,PertCortex_16_GTGTGCGGTGCCTGTG,3.0910237963751745
47720,0.2420791446565162,16__nan,PertCortex_16_GTGTGCGTCGTCACGG,2.621529049865444
47721,0.15347582386774666,16__nan,PertCortex_16_GTGTTAGCACATGGGA,1.9405922314316026
47722,0.0684436943443907,16__nan,PertCortex_16_GTGTTAGCACCTGGTG,3.9267381182115315
47723,0.010037255674123332,16__nan,PertCortex_16_GTGTTAGCACGGACAA,3.957725230550794
47724,0.1616471617475954,16__nan,PertCortex_16_GTGTTAGTCATCTGCC,2.047025705286711
47725,0.18082635772591932,16__nan,PertCortex_16_GTGTTAGTCGTGGTCG,2.4325932076757777
47726,0.03825164973615402,16__nan,PertCortex_16_GTTAAGCAGAGCTGCA,3.6021251148966287
47727,0.1282253555520339,16__nan,PertCortex_16_GTTAAGCAGTCTCAAC,3.7766181688186666
47728,0.283590385768259,16__nan,PertCortex_16_GTTAAGCCATCCCACT,2.258287788091089
47729,0.09751047926897645,16__nan,PertCortex_16_GTTAAGCGTAGCGATG,3.1545108411783658
47730,0.13511869968250956,16__nan,PertCortex_16_GTTAAGCTCAGAGGTG,2.2676124564298195
47731,0.2135659305864498,16__nan,PertCortex_16_GTTAAGCTCTTCGAGA,4.749622460730405
47732,0.4552697577964859,16__nan,PertCortex_16_GTTCATTAGTGGTAAT,1.919412182537489
47733,0.12568097115433924,16__nan,PertCortex_16_GTTCATTCATGGGACA,2.0583971101540555
47734,0.027965062439469834,16__nan,PertCortex_16_GTTCATTGTGTTGGGA,3.089762482623237
47735,0.04835771907822831,16__nan,PertCortex_16_GTTCGGGAGAGAACAG,3.5990795008592684
47736,0.11081319962045705,16__nan,PertCortex_16_GTTCGGGCAAGGTTCT,2.28470415551954
47737,0.08716231549078785,16__nan,PertCortex_16_GTTCGGGCAGGTTTCA,3.2226971748859037
47738,0.32158221387868946,16__nan,PertCortex_16_GTTCGGGGTCTTGTCC,2.3623508872851824
47739,0.07894194437997348,16__nan,PertCortex_16_GTTCGGGGTGTAACGG,4.226063540439379
47740,0.10280115749434338,16__nan,PertCortex_16_GTTCGGGTCAGTGCAT,2.94028478670323
47741,0.10303906188781624,16__nan,PertCortex_16_GTTCGGGTCCCTCTTT,4.093566822674129
47742,0.3432428608399248,16__nan,PertCortex_16_GTTCTCGAGGGATCTG,2.582750237813955
47743,0.20036271748239406,16__nan,PertCortex_16_GTTCTCGAGTTGTAGA,1.8321757865487411
47744,0.1285252377161682,16__nan,PertCortex_16_GTTCTCGCAAGCGTAG,2.922261378176974
47745,0.012320231174330626,16__nan,PertCortex_16_GTTCTCGCAATAACGA,5.073308258970159
47746,0.07805877468130978,16__nan,PertCortex_16_GTTCTCGCAATAAGCA,3.6207858863566065
47747,0.21360924894177324,16__nan,PertCortex_16_GTTCTCGCAATTCCTT,4.888053879000434
47748,0.10738795441910086,16__nan,PertCortex_16_GTTCTCGGTCCGAAGA,3.599248675526432
47749,0.14149190581529528,16__nan,PertCortex_16_GTTCTCGTCCGTAGGC,3.2962434389749324
47750,0.1869821794475632,16__nan,PertCortex_16_GTTTCTACAGTAACGG,2.451862009976332
47751,0.24376577356967313,16__nan,PertCortex_16_TAAACCGAGAAGAAGC,2.334219980080131
47752,0.47743338729769236,16__nan,PertCortex_16_TAAACCGGTCGAGTTT,2.0912202775310336
47753,0.16239902897963926,16__nan,PertCortex_16_TAAACCGGTCGCATAT,3.068824155213945
47754,0.4659731670884039,16__nan,PertCortex_16_TAAACCGTCATTTGGG,2.268618333409327
47755,0.08894386738171982,16__nan,PertCortex_16_TAAGAGAAGAAGATTC,3.3582543025371074
47756,0.4815298240957808,16__nan,PertCortex_16_TAAGAGAAGAGCTATA,2.271775570573369
47757,0.08191289656571166,16__nan,PertCortex_16_TAAGAGAAGATCCCAT,4.0421159724387605
47758,0.1195034564153811,16__nan,PertCortex_16_TAAGAGACAGATGAGC,3.4630252501416896
47759,0.16488717537364594,16__nan,PertCortex_16_TAAGCGTCACAGATTC,3.3186477108851378
47760,0.18743705230968624,16__nan,PertCortex_16_TAAGCGTCAGAGCCAA,2.262156651740305
47761,0.0883481948377951,16__nan,PertCortex_16_TAAGCGTCAGATAATG,4.071771446068156
47762,0.20114225836761576,16__nan,PertCortex_16_TAAGCGTTCTGGGCCA,2.9646696396995256
47763,0.1760248339313236,16__nan,PertCortex_16_TAAGTGCAGACAGACC,3.269451576067038
47764,0.3396105895823328,16__nan,PertCortex_16_TAAGTGCAGAGTACAT,2.378196624047264
47765,0.47160024078595736,16__nan,PertCortex_16_TAAGTGCAGGGAACGG,2.478594266806207
47766,0.10670186419660255,16__nan,PertCortex_16_TAAGTGCCACATCTTT,3.148277415204483
47767,0.06934377156702151,16__nan,PertCortex_16_TAAGTGCCATGTAAGA,2.5054199357509157
47768,0.13883676234601555,16__nan,PertCortex_16_TAAGTGCGTGCACTTA,2.568587008636391
47769,0.04109226446207853,16__nan,PertCortex_16_TAAGTGCTCCCGGATG,3.9685236101530665
47770,0.38080832799094966,16__nan,PertCortex_16_TACACGAAGAAACCAT,1.9475442089453838
47771,0.27782161072787975,16__nan,PertCortex_16_TACACGACAAATCCGT,1.918950595425832
47772,0.05733754362288008,16__nan,PertCortex_16_TACACGAGTACCGGCT,4.153344340627778
47773,0.13567456550417542,16__nan,PertCortex_16_TACACGAGTGAGGGAG,4.269009053594203
47774,0.0812657078506263,16__nan,PertCortex_16_TACACGAGTGATAAGT,4.222652878400055
47775,0.04537899199430662,16__nan,PertCortex_16_TACACGATCACCTCGT,3.481489752628243
47776,0.13043997595081988,16__nan,PertCortex_16_TACAGTGGTATGAAAC,3.2430075397896627
47777,0.0608356749660458,16__nan,PertCortex_16_TACAGTGGTCCCGACA,3.9295409543401414
47778,0.10081500867315063,16__nan,PertCortex_16_TACAGTGTCCTGCTTG,3.383473591384746
47779,0.13764003316016793,16__nan,PertCortex_16_TACAGTGTCTTCGAGA,3.4402376462362287
47780,0.14739913726336284,16__nan,PertCortex_16_TACCTATAGACTGGGT,3.995392640807806
47781,0.3937647878731728,16__nan,PertCortex_16_TACCTATCACTGTGTA,2.2332516429886327
47782,0.12820817206727259,16__nan,PertCortex_16_TACCTTAAGCAACGGT,3.826309649997904
47783,0.08917311407352889,16__nan,PertCortex_16_TACCTTAAGCCGATTT,3.398294778538246
47784,0.19939523423660904,16__nan,PertCortex_16_TACCTTACAAGCTGTT,4.463839917342031
47785,0.05541449421295147,16__nan,PertCortex_16_TACCTTACAAGGACTG,3.7920908720329334
47786,0.15466038947565983,16__nan,PertCortex_16_TACCTTACAGACAAAT,3.9177527092995423
47787,0.03718048872325967,16__nan,PertCortex_16_TACCTTATCAACCATG,4.174611807535474
47788,0.1831101453586634,16__nan,PertCortex_16_TACGGATAGTATGACA,3.4852158333824685
47789,0.4688273270683665,16__nan,PertCortex_16_TACGGATAGTCTCAAC,2.7805255426796083
47790,0.10304712030667308,16__nan,PertCortex_16_TACGGATGTCCAGTTA,3.416158183152864
47791,0.018200134802238723,16__nan,PertCortex_16_TACGGGCAGGATCGCA,3.7566042788061633
47792,0.10364793992502974,16__nan,PertCortex_16_TACGGGCAGTACGATA,3.1972915461505282
47793,0.15609466784868783,16__nan,PertCortex_16_TACGGGCTCAGTTGAC,3.778687043718155
47794,0.16696229605841792,16__nan,PertCortex_16_TACGGGCTCGCTGATA,4.212946322018444
47795,0.43889311425033367,16__nan,PertCortex_16_TACGGTAAGGTCATCT,2.325437050929831
47796,0.20060260784007253,16__nan,PertCortex_16_TACGGTAGTGAGCGAT,2.838942320626107
47797,0.10458560799025665,16__nan,PertCortex_16_TACGGTATCCTCCTAG,4.289820464183314
47798,0.011108601163362493,16__nan,PertCortex_16_TACGGTATCGGCCGAT,4.784121532111357
47799,0.08021644237534403,16__nan,PertCortex_16_TACTCATCACATGACT,3.972177988426477
47800,0.11604063419280976,16__nan,PertCortex_16_TACTCATTCCCAACGG,4.366440708310521
47801,0.1131168390426754,16__nan,PertCortex_16_TACTCATTCTGATACG,3.958956464312052
47802,0.09713879267981959,16__nan,PertCortex_16_TACTCGCAGATCTGCT,3.3783539805766285
47803,0.05193965359803576,16__nan,PertCortex_16_TACTCGCAGTAGATGT,3.0031036353559575
47804,0.15072249695199597,16__nan,PertCortex_16_TACTCGCAGTGTTGAA,3.0383989737983423
47805,0.08217172743951032,16__nan,PertCortex_16_TACTCGCCAGCCTATA,3.622388983063833
47806,0.03608488998866675,16__nan,PertCortex_16_TACTCGCGTATCTGCA,2.858534552895329
47807,0.14534157528936795,16__nan,PertCortex_16_TACTCGCTCACGCATA,3.015872850677614
47808,0.30773225280817207,16__nan,PertCortex_16_TACTCGCTCCGCGCAA,2.2235370389377738
47809,0.17557609576774988,16__nan,PertCortex_16_TACTCGCTCCTTGCCA,3.4859839372244505
47810,0.07908298521627415,16__nan,PertCortex_16_TACTCGCTCGCGTAGC,3.964317985255203
47811,0.11230605800269355,16__nan,PertCortex_16_TACTCGCTCTTGGGTA,3.5001991145126636
47812,0.18270006699082228,16__nan,PertCortex_16_TACTTACAGGTGCACA,4.6803814831163235
47813,0.15761278979128113,16__nan,PertCortex_16_TACTTACGTCTAGGTT,4.175687388520691
47814,0.076646790612352,16__nan,PertCortex_16_TACTTACGTTATGTGC,4.515501358846835
47815,0.3601571806344197,16__nan,PertCortex_16_TACTTACGTTTGTGTG,2.3007878582373573
47816,0.08725231393942842,16__nan,PertCortex_16_TACTTACTCGAGAGCA,3.6033104882227898
47817,0.10653680055163552,16__nan,PertCortex_16_TACTTGTAGGGTTTCT,3.58150148820889
47818,0.1443739316351148,16__nan,PertCortex_16_TACTTGTAGTGTCCAT,2.5112696148616833
47819,0.07905024961211136,16__nan,PertCortex_16_TACTTGTCAAGCCGTC,3.1534962020938653
47820,0.03446696385119133,16__nan,PertCortex_16_TACTTGTCATTCGACA,4.20552298677824
47821,0.13331265885497268,16__nan,PertCortex_16_TACTTGTGTACGAAAT,2.8267686654443427
47822,0.2747486256055311,16__nan,PertCortex_16_TAGACCAAGGTTACCT,2.0574991994874967
47823,0.20551518958173534,16__nan,PertCortex_16_TAGACCAAGTCCGTAT,3.3482909932152993
47824,0.2465364556398576,16__nan,PertCortex_16_TAGACCACAATGGTCT,2.637583780985045
47825,0.06454955366705054,16__nan,PertCortex_16_TAGACCACATCAGTCA,3.714733649404237
47826,0.2111970800956196,16__nan,PertCortex_16_TAGACCAGTAGCCTCG,2.862338828828292
47827,0.16180627015732402,16__nan,PertCortex_16_TAGACCATCCCGGATG,2.0084941507995007
47828,0.05305397403715992,16__nan,PertCortex_16_TAGAGCTAGCGTGTCC,3.5746206063867207
47829,0.13857085542982628,16__nan,PertCortex_16_TAGAGCTCAATGCCAT,3.830367358656268
47830,0.1348024855537121,16__nan,PertCortex_16_TAGAGCTCATATGGTC,3.7830580533237197
47831,0.11914031596778168,16__nan,PertCortex_16_TAGAGCTCATCACGTA,4.014400202143848
47832,0.06966950024666695,16__nan,PertCortex_16_TAGAGCTGTTGTGGAG,3.0187616549817737
47833,0.2397817284117608,16__nan,PertCortex_16_TAGCCGGAGCTTATCG,1.9997632988466396
47834,0.040529390248666974,16__nan,PertCortex_16_TAGCCGGAGTGCTGCC,4.5726263517449715
47835,0.40134146788650465,16__nan,PertCortex_16_TAGGCATAGGCTCTTA,1.8626034003209402
47836,0.383988776252324,16__nan,PertCortex_16_TAGGCATCAACGCACC,1.9213086476714234
47837,0.042432167415103875,16__nan,PertCortex_16_TAGGCATCAGGCAGTA,3.3126586675359313
47838,0.1424753684485711,16__nan,PertCortex_16_TAGGCATGTCATCCCT,3.3154191277216305
47839,0.12522285117358042,16__nan,PertCortex_16_TAGGCATGTTGCCTCT,3.522938539612811
47840,0.20631999688273156,16__nan,PertCortex_16_TAGGCATTCACCATAG,2.98967426627831
47841,0.13158429921828652,16__nan,PertCortex_16_TAGGCATTCTCTGAGA,3.7967820396535834
47842,0.10877167507775526,16__nan,PertCortex_16_TAGTGGTAGATCCCGC,2.8384676857853472
47843,0.17059900538465458,16__nan,PertCortex_16_TAGTGGTTCACATGCA,2.795061734206857
47844,0.39018301710791903,16__nan,PertCortex_16_TAGTTGGAGATGTAAC,2.124954329526843
47845,0.4872450600276104,16__nan,PertCortex_16_TAGTTGGAGCCAGGAT,2.1694573348080093
47846,0.145611094260912,16__nan,PertCortex_16_TAGTTGGGTAAGAGGA,3.6886159065765654
47847,0.11761404607885971,16__nan,PertCortex_16_TAGTTGGGTAGTACCT,3.968902034206906
47848,0.1766780939157162,16__nan,PertCortex_16_TAGTTGGTCAGCATGT,2.937114266891921
47849,0.07322712927485868,16__nan,PertCortex_16_TAGTTGGTCCTTGGTC,3.6544910905808843
47850,0.25787666075275856,16__nan,PertCortex_16_TAGTTGGTCGCTTAGA,2.480679159766927
47851,0.17783863079996792,16__nan,PertCortex_16_TAGTTGGTCTCATTCA,3.6945975351931044
47852,0.2823341116433319,16__nan,PertCortex_16_TATCAGGCAGCATACT,2.8187739897325654
47853,0.11199837588459863,16__nan,PertCortex_16_TATCTCAAGGCTAGAC,3.9268673265155423
47854,0.23242452997617605,16__nan,PertCortex_16_TATCTCACAGGAATCG,3.367751995377387
47855,0.12739700542424603,16__nan,PertCortex_16_TATCTCAGTCTCAACA,2.587567060057213
47856,0.14812153167255357,16__nan,PertCortex_16_TATCTCATCACGCGGT,4.505173639988143
47857,0.20572371219581703,16__nan,PertCortex_16_TATGCCCAGGACATTA,2.4632005901672938
47858,0.15486799286149305,16__nan,PertCortex_16_TATGCCCGTAGTGAAT,3.201508552571446
47859,0.17518300619715943,16__nan,PertCortex_16_TATGCCCGTGGTACAG,2.0583761219445456
47860,0.11095178897427002,16__nan,PertCortex_16_TATGCCCTCAAACCAC,2.2996905377165935
47861,0.12528106510794554,16__nan,PertCortex_16_TATTACCAGTAGCGGT,3.4732981652222548
47862,0.38693737111380333,16__nan,PertCortex_16_TATTACCAGTCAATAG,2.4737372050674855
47863,0.1523739851386912,16__nan,PertCortex_16_TATTACCCAACGATCT,4.041364154347972
47864,0.5191728950871067,16__nan,PertCortex_16_TATTACCCATGCGCAC,1.4904658306370202
47865,0.10754978255916227,16__nan,PertCortex_16_TATTACCTCGGCGGTT,2.6974085824651803
47866,0.2129403755348608,16__nan,PertCortex_16_TCAACGAAGGTGATAT,3.288561636446828
47867,0.11518436936579429,16__nan,PertCortex_16_TCAACGAAGTGTGGCA,2.1687124478068793
47868,0.18819821642345363,16__nan,PertCortex_16_TCAACGACAGTCGATT,2.8429846859894075
47869,0.012458348845441603,16__nan,PertCortex_16_TCAACGAGTACTCGCG,4.335249230937301
47870,0.26518420005186344,16__nan,PertCortex_16_TCAACGAGTCATACTG,3.099199064143844
47871,0.1233907924760792,16__nan,PertCortex_16_TCAACGATCACGACTA,3.6412180873880486
47872,0.10736567784054273,16__nan,PertCortex_16_TCAACGATCGCGATCG,2.509741352346913
47873,0.0841278954228138,16__nan,PertCortex_16_TCAATCTCAAAGGAAG,3.8420727417914304
47874,0.16068352204870207,16__nan,PertCortex_16_TCACAAGAGGGTCGAT,2.927600853374338
47875,0.04483557191507953,16__nan,PertCortex_16_TCACAAGAGTCTTGCA,3.9933219826075073
47876,0.1070659846664576,16__nan,PertCortex_16_TCACAAGAGTGTACTC,3.6498887167074683
47877,0.36197769044337547,16__nan,PertCortex_16_TCACAAGCACGGTTTA,2.5447487461749283
47878,0.47589735471715156,16__nan,PertCortex_16_TCACAAGCATCTGGTA,2.0855452521808173
47879,0.11426736975690656,16__nan,PertCortex_16_TCACAAGTCACGGTTA,3.0446841981571224
47880,0.24829889748306797,16__nan,PertCortex_16_TCACAAGTCTGCGTAA,2.200181692532145
47881,0.0868621601080251,16__nan,PertCortex_16_TCACGAAAGAGCTGGT,3.53022624210536
47882,0.07769827653046088,16__nan,PertCortex_16_TCACGAAAGAGGGCTT,2.6094075214827552
47883,0.19713778169073123,16__nan,PertCortex_16_TCACGAAAGGACGAAA,2.9328104487597755
47884,0.38567185475074406,16__nan,PertCortex_16_TCACGAAAGGATGGAA,1.8723793369105852
47885,0.2414764806253971,16__nan,PertCortex_16_TCACGAACATCAGTAC,2.441596453164994
47886,0.15359823036067388,16__nan,PertCortex_16_TCACGAACATCCGTGG,3.04324442556203
47887,0.15549076151141603,16__nan,PertCortex_16_TCACGAAGTCGCTTCT,2.4515340309052536
47888,0.16949598612398506,16__nan,PertCortex_16_TCAGATGAGCCCAACC,2.5721064856799467
47889,0.018858875127238196,16__nan,PertCortex_16_TCAGATGCAAACTGCT,4.8375918598461345
47890,0.15373803489483312,16__nan,PertCortex_16_TCAGATGCATAAAGGT,3.6361014882990963
47891,0.13591693520907464,16__nan,PertCortex_16_TCAGATGCATTTCAGG,3.6448465710464064
47892,0.10700451416226449,16__nan,PertCortex_16_TCAGATGGTCGAATCT,3.543237921264249
47893,0.0786430087931765,16__nan,PertCortex_16_TCAGCAAAGGAGTTGC,3.394963711788043
47894,0.16141828094257343,16__nan,PertCortex_16_TCAGCAAAGGCTCAGA,3.7532134769571868
47895,0.07818378141048728,16__nan,PertCortex_16_TCAGCAAAGGGATGGG,3.8028639723274456
47896,0.1415556500105997,16__nan,PertCortex_16_TCAGCAAAGGTGCACA,3.686527560085653
47897,0.2697286723360172,16__nan,PertCortex_16_TCAGCAACAGATAATG,2.6937877671587
47898,0.18057178133232518,16__nan,PertCortex_16_TCAGCAACAGTCGTGC,2.815962137870854
47899,0.07278689057503068,16__nan,PertCortex_16_TCAGCAAGTAGCGCTC,2.7077486794942836
47900,0.15961572578544336,16__nan,PertCortex_16_TCAGCAATCACCACCT,2.6146735520188384
47901,0.1641248866935131,16__nan,PertCortex_16_TCAGCAATCATAAAGG,2.515351822279025
47902,0.022829418387446718,16__nan,PertCortex_16_TCAGCTCAGATGTAAC,4.308600913748752
47903,0.07986361385321024,16__nan,PertCortex_16_TCAGCTCAGGGAACGG,3.3555671156269264
47904,0.03158172283131409,16__nan,PertCortex_16_TCAGCTCAGTAGCGGT,3.7100264998906614
47905,0.1336448696561704,16__nan,PertCortex_16_TCAGCTCCAAGAGTCG,2.093276706326944
47906,0.14622728678127792,16__nan,PertCortex_16_TCAGCTCGTCGCTTCT,2.564340768472709
47907,0.010839891079478884,16__nan,PertCortex_16_TCAGCTCTCAACGGGA,4.126527838999837
47908,0.029743564067984167,16__nan,PertCortex_16_TCAGGATAGAGGTTAT,4.485705484418668
47909,0.5497928488444255,16__nan,PertCortex_16_TCAGGATAGGTACTCT,1.907352637400194
47910,0.42391897992996763,16__nan,PertCortex_16_TCAGGATCAAGTAATG,1.7647276332464839
47911,0.04962406443311578,16__nan,PertCortex_16_TCAGGATCAGCTCGCA,3.6368573712974452
47912,0.07296048186671016,16__nan,PertCortex_16_TCAGGATGTTACTGAC,3.5487405697400427
47913,0.24723503240228079,16__nan,PertCortex_16_TCAGGATTCAACCAAC,2.7612248667337944
47914,0.12492465466392587,16__nan,PertCortex_16_TCAGGATTCAATCTCT,2.4614684038405095
47915,0.31914241569125906,16__nan,PertCortex_16_TCAGGATTCATTGCGA,3.1924735598730494
47916,0.5076079188325338,16__nan,PertCortex_16_TCAGGATTCTAACTTC,2.168665301933717
47917,0.22636270650795162,16__nan,PertCortex_16_TCAGGTACACTAGTAC,4.438444836581355
47918,0.16897984200515453,16__nan,PertCortex_16_TCAGGTACAGATTGCT,3.45131233755469
47919,0.5229108065668453,16__nan,PertCortex_16_TCAGGTATCGGTTCGG,1.6091168154362963
47920,0.13615794323706829,16__nan,PertCortex_16_TCATTACAGAAGATTC,2.8792143468246127
47921,0.09549308233067622,16__nan,PertCortex_16_TCATTACAGGTACTCT,3.2747660715624396
47922,0.27718718812703447,16__nan,PertCortex_16_TCATTACCAAACCCAT,3.4854405011263463
47923,0.072142416276078,16__nan,PertCortex_16_TCATTACCAGCGTCCA,3.7346655431995295
47924,0.07541772280640494,16__nan,PertCortex_16_TCATTACCAGTTTACG,3.866817869989386
47925,0.11585105004670905,16__nan,PertCortex_16_TCATTACGTCCTCTTG,3.1983152759823064
47926,0.20393964199000666,16__nan,PertCortex_16_TCATTACGTGCTGTAT,3.363292380711044
47927,0.189292466607591,16__nan,PertCortex_16_TCATTTGGTGTGACCC,3.3071892204061295
47928,0.13391317057382338,16__nan,PertCortex_16_TCATTTGTCTATCCTA,3.5129839802928453
47929,0.12145207313983493,16__nan,PertCortex_16_TCATTTGTCTTCGGTC,3.744453557453544
47930,0.1750709381693775,16__nan,PertCortex_16_TCCACACAGACCACGA,3.05420068932699
47931,0.12940449492477082,16__nan,PertCortex_16_TCCACACAGATGGCGT,3.4231058450115617
47932,0.17460286453103163,16__nan,PertCortex_16_TCCACACGTTGATTCG,3.0569622549204687
47933,0.16489342111926755,16__nan,PertCortex_16_TCCACACTCTACTCAT,2.349386033020093
47934,0.0913281074859644,16__nan,PertCortex_16_TCCCGATGTGACCAAG,4.367190534908548
47935,0.17357406614387802,16__nan,PertCortex_16_TCGAGGCAGCTCCTTC,4.6472435489312724
47936,0.328740352480392,16__nan,PertCortex_16_TCGAGGCAGTTGCAGG,2.1965946133016216
47937,0.37080340370088444,16__nan,PertCortex_16_TCGAGGCCACATAACC,2.2477465924814948
47938,0.1607815641014696,16__nan,PertCortex_16_TCGAGGCCATATACGC,2.76910560997773
47939,0.3017895770185162,16__nan,PertCortex_16_TCGAGGCGTCTAGAGG,2.308244676662661
47940,0.12309709132489222,16__nan,PertCortex_16_TCGAGGCTCCCAAGTA,3.3078639866567405
47941,0.06473439751210693,16__nan,PertCortex_16_TCGAGGCTCGGAGCAA,2.686514238737197
47942,0.23641422292869785,16__nan,PertCortex_16_TCGCGAGAGATCCCGC,2.5386859296876163
47943,0.5773238938456953,16__nan,PertCortex_16_TCGCGAGAGGCAGGTT,2.1861978206523
47944,0.31871219742791557,16__nan,PertCortex_16_TCGCGAGAGTACGCCC,3.142789865456431
47945,0.08012404348911004,16__nan,PertCortex_16_TCGCGAGCAAGCTGGA,2.9453088164379673
47946,0.07667981247225028,16__nan,PertCortex_16_TCGCGAGCACACCGCA,3.4177928813958967
47947,0.00513150041888103,16__nan,PertCortex_16_TCGCGAGTCAATAAGG,4.794369929498214
47948,0.07451565995747764,16__nan,PertCortex_16_TCGCGAGTCTCACATT,4.067189234557574
47949,0.17574036766491055,16__nan,PertCortex_16_TCGCGTTCAAGAAGAG,2.535034943556725
47950,0.24545794680554386,16__nan,PertCortex_16_TCGCGTTCAGCTCGCA,3.1739449271039315
47951,0.18894920087250314,16__nan,PertCortex_16_TCGCGTTCATCACGTA,4.249092873108815
47952,0.13107218573974028,16__nan,PertCortex_16_TCGCGTTGTAATCACC,1.972571972353542
47953,0.16586974984388825,16__nan,PertCortex_16_TCGCGTTGTAGCTGCC,3.2107377059793434
47954,0.5811122447357697,16__nan,PertCortex_16_TCGCGTTTCAACTCTT,2.4470516957444377
47955,0.17101476082368727,16__nan,PertCortex_16_TCGGGACAGTCCATAC,3.677635100734705
47956,0.4248107343243156,16__nan,PertCortex_16_TCGGGACTCATTGCCC,1.6288839082932918
47957,0.06353694357650361,16__nan,PertCortex_16_TCGGTAAAGCTTTGGT,3.575351477496334
47958,0.14381815021229263,16__nan,PertCortex_16_TCGGTAACAAGACACG,3.6504681508232077
47959,0.4279751889434206,16__nan,PertCortex_16_TCGGTAAGTGACAAAT,2.211607754371664
47960,0.11749188912002309,16__nan,PertCortex_16_TCGGTAAGTTTGTTTC,2.8287615313513257
47961,0.3871379106037655,16__nan,PertCortex_16_TCGTACCAGGAGTCTG,2.3079215908789337
47962,0.07967564080152618,16__nan,PertCortex_16_TCGTACCAGTAGGTGC,4.527029076426325
47963,0.04938320419126787,16__nan,PertCortex_16_TCGTACCAGTATCGAA,4.0910282392978425
47964,0.18693518752391272,16__nan,PertCortex_16_TCGTACCAGTCGCCGT,3.3678505982521876
47965,0.06283568106394058,16__nan,PertCortex_16_TCGTACCCAACACCCG,4.216880123030744
47966,0.0687489462978561,16__nan,PertCortex_16_TCGTACCCACCATGTA,4.298708326185773
47967,0.10733435542272714,16__nan,PertCortex_16_TCGTACCGTACGCACC,4.350871102228666
47968,0.10835027381663992,16__nan,PertCortex_16_TCGTACCTCGGAAACG,3.417756878769181
47969,0.2384938528669897,16__nan,PertCortex_16_TCGTAGAAGAATAGGG,2.232317417396924
47970,0.06804371021766822,16__nan,PertCortex_16_TCGTAGAAGTGACTCT,3.919876964084145
47971,0.08555905499769505,16__nan,PertCortex_16_TCGTAGACAAGGCTCC,3.867085358912938
47972,0.029556237576873468,16__nan,PertCortex_16_TCGTAGACACCTCGTT,3.238678760670864
47973,0.18932648137341201,16__nan,PertCortex_16_TCGTAGACATAGACTC,2.8065717842208855
47974,0.07936991472032491,16__nan,PertCortex_16_TCGTAGACATCTATGG,4.411278142541
47975,0.0998079317283301,16__nan,PertCortex_16_TCGTAGAGTATGAAAC,4.060169586206418
47976,0.148010827840856,16__nan,PertCortex_16_TCGTAGAGTGAGGGTT,3.3624691893767644
47977,0.24868395928421239,16__nan,PertCortex_16_TCGTAGATCAGTCCCT,3.017778768567113
47978,0.20882261288062115,16__nan,PertCortex_16_TCGTAGATCCCTAACC,2.8922895162988205
47979,0.09714739240047407,16__nan,PertCortex_16_TCTATTGAGAAGATTC,4.8811947180388335
47980,0.13420459281732605,16__nan,PertCortex_16_TCTATTGAGGCCCTCA,2.950182528782637
47981,0.12091638173058077,16__nan,PertCortex_16_TCTATTGCACTCAGGC,3.665779167114013
47982,0.2356205201930291,16__nan,PertCortex_16_TCTATTGGTGTGTGCC,2.824522499387701
47983,0.26616658714961905,16__nan,PertCortex_16_TCTATTGTCACTCCTG,3.1652756759265395
47984,0.15829153660927694,16__nan,PertCortex_16_TCTCATACATGGTAGG,3.7689545112223204
47985,0.2457501068613858,16__nan,PertCortex_16_TCTCATAGTGGAAAGA,2.923361852697397
47986,0.22489151084401302,16__nan,PertCortex_16_TCTCTAAAGGGTGTGT,2.428450904457229
47987,0.06968609069676224,16__nan,PertCortex_16_TCTCTAAAGTGTACGG,3.395168693657631
47988,0.12097933247162684,16__nan,PertCortex_16_TCTCTAACAGTGAGTG,4.078296670823278
47989,0.14761006191753828,16__nan,PertCortex_16_TCTCTAATCACCTCGT,3.0971415561561026
47990,0.09191508909490262,16__nan,PertCortex_16_TCTGAGAAGACTAGGC,3.4160946415121307
47991,0.1436969707412239,16__nan,PertCortex_16_TCTGAGAGTGGCGAAT,3.309325717539842
47992,0.19273694545372283,16__nan,PertCortex_16_TCTGAGATCAAGAAGT,3.374669943637837
47993,0.11562624504805842,16__nan,PertCortex_16_TCTGAGATCTGTTTGT,3.8667615537315316
47994,0.1950208127460565,16__nan,PertCortex_16_TCTGGAAAGAAACGCC,2.5622270744672115
47995,0.08096185337862367,16__nan,PertCortex_16_TCTGGAAAGAATGTTG,3.718030725881366
47996,0.13781226491374857,16__nan,PertCortex_16_TCTGGAAGTGCACCAC,2.954809234591198
47997,0.30474715059281704,16__nan,PertCortex_16_TCTGGAAGTGTTCTTT,1.9243333468981914
47998,0.2840285977767697,16__nan,PertCortex_16_TCTGGAATCACTTCAT,3.053382851536889
47999,0.14495140502172393,16__nan,PertCortex_16_TCTGGAATCCGTCAAA,2.7757731798018668
48000,0.40174622157311735,16__nan,PertCortex_16_TCTGGAATCTGATACG,2.068030199935344
48001,0.040623626913297885,16__nan,PertCortex_16_TCTTCGGAGCCAGTAG,4.529934421802393
48002,0.25178564617261046,16__nan,PertCortex_16_TCTTCGGAGGAATTAC,2.536312030134277
48003,0.025373399785364834,16__nan,PertCortex_16_TCTTCGGTCCTGCTTG,3.757791057134924
48004,0.5074286225458077,16__nan,PertCortex_16_TCTTTCCAGCCACTAT,1.6208090583862396
48005,0.12464426606848902,16__nan,PertCortex_16_TCTTTCCAGCCCAACC,2.4959173808233346
48006,0.15354338695488118,16__nan,PertCortex_16_TCTTTCCAGTTGTCGT,3.6637814372820614
48007,0.3446193283956137,16__nan,PertCortex_16_TCTTTCCCACCTCGGA,1.9064800687865964
48008,0.14967063182106757,16__nan,PertCortex_16_TCTTTCCTCAGGCAAG,2.380429333927268
48009,0.5955723834934279,16__nan,PertCortex_16_TCTTTCCTCCGGCACA,2.1014100233174986
48010,0.06908550355381056,16__nan,PertCortex_16_TGAAAGAAGTAGGCCA,3.358362474789388
48011,0.215184140993505,16__nan,PertCortex_16_TGAAAGAAGTTAGCGG,3.0518321321880144
48012,0.25131260014817464,16__nan,PertCortex_16_TGAAAGAGTTAGATGA,4.159362678890057
48013,0.1946114908217509,16__nan,PertCortex_16_TGAAAGATCCCGACTT,3.071156926119147
48014,0.129538228051475,16__nan,PertCortex_16_TGACAACCAGCTGCTG,3.1912081536712287
48015,0.0687819555727172,16__nan,PertCortex_16_TGACAACCAGGGTTAG,4.203724206830249
48016,0.17824893795627839,16__nan,PertCortex_16_TGACAACTCCTGCAGG,1.5012843911272533
48017,0.21201767648998077,16__nan,PertCortex_16_TGACGGCCAAAGAATC,2.7700213410666827
48018,0.2329951152796073,16__nan,PertCortex_16_TGACGGCCAAGGTTTC,3.138851716149911
48019,0.02682085662035768,16__nan,PertCortex_16_TGACGGCTCAACTCTT,3.906312312171123
48020,0.17411401503084453,16__nan,PertCortex_16_TGACTAGAGATCCTGT,3.9629578746438625
48021,0.08081818418986413,16__nan,PertCortex_16_TGACTAGCAGCTCGCA,3.968857341350678
48022,0.17934681686255305,16__nan,PertCortex_16_TGACTAGCAGTCTTCC,3.0034250287182074
48023,0.16553194205237265,16__nan,PertCortex_16_TGACTAGGTCTTGATG,3.408920286259939
48024,0.13865481327794185,16__nan,PertCortex_16_TGACTAGGTGAAATCA,3.8931509040002803
48025,0.5795699570073923,16__nan,PertCortex_16_TGACTAGGTTCCACTC,2.240796633991476
48026,0.39462867940931834,16__nan,PertCortex_16_TGACTTTAGGCTCTTA,2.4918329312300997
48027,0.18002250257436084,16__nan,PertCortex_16_TGACTTTCAGCTCCGA,2.7540815080120646
48028,0.14493737194212716,16__nan,PertCortex_16_TGACTTTGTGAAAGAG,3.7412287063720133
48029,0.2814541949384562,16__nan,PertCortex_16_TGACTTTTCCCTGACT,2.4198145570141634
48030,0.15592733169239933,16__nan,PertCortex_16_TGAGAGGCAAGTCTAC,3.443483469308306
48031,0.39670872662843026,16__nan,PertCortex_16_TGAGAGGCATTCCTCG,2.3747809924702628
48032,0.12174351113497946,16__nan,PertCortex_16_TGAGCATAGCCCGAAA,3.95794356120775
48033,0.4628793862009899,16__nan,PertCortex_16_TGAGCATCACATGACT,2.1050189114404545
48034,0.15045368403560497,16__nan,PertCortex_16_TGAGCATCACGGTAGA,2.813246742596246
48035,0.15605244867393805,16__nan,PertCortex_16_TGAGCATCATTGGTAC,3.8815680998460755
48036,0.014414075662401367,16__nan,PertCortex_16_TGAGCATGTGCACGAA,3.2172926185216446
48037,0.16558150520500386,16__nan,PertCortex_16_TGAGCATGTGCCTGCA,3.0081622573655906
48038,0.020683275769071814,16__nan,PertCortex_16_TGAGCCGAGGACCACA,3.3894451556185614
48039,0.4366492958041261,16__nan,PertCortex_16_TGAGCCGAGGCCCTTG,2.975127603741834
48040,0.6059927710547707,16__nan,PertCortex_16_TGAGCCGAGTTGAGTA,2.0487276591592227
48041,0.19145574856769235,16__nan,PertCortex_16_TGAGCCGCACTCGACG,3.044643157363788
48042,0.13175980537689888,16__nan,PertCortex_16_TGAGCCGGTTCAACCA,3.0637441341601264
48043,0.10498253543267294,16__nan,PertCortex_16_TGAGCCGTCGATCCCT,3.5184397412079598
48044,0.2658276119677491,16__nan,PertCortex_16_TGAGGGAAGCACCGTC,2.8683460055273353
48045,0.14252422089327524,16__nan,PertCortex_16_TGAGGGAGTTATGCGT,2.6002147082772953
48046,0.09613463123390475,16__nan,PertCortex_16_TGAGGGATCGCGGATC,3.316824256819886
48047,0.07306832302509067,16__nan,PertCortex_16_TGCACCTCAATCACAC,3.4003913155986774
48048,0.14220289990709106,16__nan,PertCortex_16_TGCACCTCACCCATGG,3.8419506443122247
48049,0.027387684508307877,16__nan,PertCortex_16_TGCACCTCATTAGGCT,4.0979632466734675
48050,0.18471415697191215,16__nan,PertCortex_16_TGCACCTGTATAGTAG,3.072609507071862
48051,0.09313371268909292,16__nan,PertCortex_16_TGCACCTTCCGTCATC,3.03811001403866
48052,0.09045510029337044,16__nan,PertCortex_16_TGCCAAAAGACGCTTT,4.050803328567915
48053,0.09787398862783503,16__nan,PertCortex_16_TGCCAAAAGCTAAACA,3.9316329677591964
48054,0.2058394055442843,16__nan,PertCortex_16_TGCCAAACAGCGTTCG,3.8192750082777702
48055,0.04424181408991523,16__nan,PertCortex_16_TGCCCATCAGATGAGC,4.451262138863953
48056,0.09296841743751126,16__nan,PertCortex_16_TGCCCATGTAAGTTCC,2.906247764486011
48057,0.13724736209590743,16__nan,PertCortex_16_TGCCCATGTCCCTTGT,4.483760247201785
48058,0.21218760783205465,16__nan,PertCortex_16_TGCCCATGTGCTAGCC,3.4948733167215904
48059,0.21256332729302452,16__nan,PertCortex_16_TGCCCATTCCGTACAA,2.7143781005479086
48060,0.1670422828674156,16__nan,PertCortex_16_TGCCCTAAGGGCTTCC,4.8545206144979325
48061,0.12385702938641414,16__nan,PertCortex_16_TGCCCTAAGTTGTAGA,4.165685112987164
48062,0.3000959684025816,16__nan,PertCortex_16_TGCGCAGAGCACCGTC,2.683649112777489
48063,0.04418042475475726,16__nan,PertCortex_16_TGCGCAGAGCGAAGGG,4.3284395003240865
48064,0.06729130055768658,16__nan,PertCortex_16_TGCGCAGCAAGCCGCT,3.759147699421942
48065,0.2519459275379925,16__nan,PertCortex_16_TGCGCAGCACACCGCA,1.7748271046922548
48066,0.1547781615730104,16__nan,PertCortex_16_TGCGCAGGTTTAGGAA,3.26645043812694
48067,0.0867686732029932,16__nan,PertCortex_16_TGCGGGTAGATCGATA,4.396766659021065
48068,0.1768452092009512,16__nan,PertCortex_16_TGCGGGTAGCTAAGAT,3.717190765241898
48069,0.19802107056298848,16__nan,PertCortex_16_TGCGGGTAGTCTCCTC,3.048645221913137
48070,0.5377476606301929,16__nan,PertCortex_16_TGCGGGTAGTTGTCGT,2.240953099159242
48071,0.13618177611548307,16__nan,PertCortex_16_TGCGGGTCAATAACGA,3.244957429820146
48072,0.2339727803252336,16__nan,PertCortex_16_TGCGGGTGTAACGCGA,2.2252412629881397
48073,0.0770146116608249,16__nan,PertCortex_16_TGCGGGTGTACTTGAC,2.9274662677387204
48074,0.1759649815776304,16__nan,PertCortex_16_TGCGGGTGTTCTGAAC,2.0330487387173144
48075,0.11806935079249432,16__nan,PertCortex_16_TGCGGGTGTTTGTTTC,4.121817037687729
48076,0.24560059729944073,16__nan,PertCortex_16_TGCGGGTTCCATGCTC,2.890606635426029
48077,0.28484703066668327,16__nan,PertCortex_16_TGCGTGGCAAGTAGTA,2.562563413465471
48078,0.11525886191412743,16__nan,PertCortex_16_TGCGTGGGTCAGAAGC,4.0214788717596965
48079,0.2160908420507592,16__nan,PertCortex_16_TGCGTGGTCCTCAATT,2.2611905277658915
48080,0.0657738461275797,16__nan,PertCortex_16_TGCGTGGTCTAACTTC,3.7010523018691717
48081,0.15730810807774595,16__nan,PertCortex_16_TGCGTGGTCTGTCTAT,3.653967807534327
48082,0.11801411508308134,16__nan,PertCortex_16_TGCTACCGTCTCTCGT,3.3859908800919682
48083,0.544215566333422,16__nan,PertCortex_16_TGCTACCGTCTTGCGG,2.1705454257245096
48084,0.16531817665012055,16__nan,PertCortex_16_TGCTACCGTGATGCCC,3.7312365831912313
48085,0.1492036912178878,16__nan,PertCortex_16_TGCTGCTAGATGTGTA,3.4365919601843986
48086,0.07434091522303735,16__nan,PertCortex_16_TGCTGCTAGGTACTCT,3.540863423655831
48087,0.18355854272367822,16__nan,PertCortex_16_TGCTGCTAGTGCCATT,3.101175555174846
48088,0.058347302454448795,16__nan,PertCortex_16_TGCTGCTCAAGCCTAT,4.393730539474972
48089,0.0327908619282604,16__nan,PertCortex_16_TGGACGCTCAGCAACT,4.297394649246153
48090,0.08502508753479888,16__nan,PertCortex_16_TGGCCAGAGGACCACA,3.595065907971746
48091,0.3173381189809471,16__nan,PertCortex_16_TGGCCAGCACCACGTG,2.102242089746015
48092,0.10499732313637541,16__nan,PertCortex_16_TGGCCAGGTCCAGTTA,3.3625995774954878
48093,0.17854849836266387,16__nan,PertCortex_16_TGGCCAGTCCCTGACT,2.8713690160527814
48094,0.6180147612408946,16__nan,PertCortex_16_TGGCGCACACTTAAGC,2.016260066221523
48095,0.11359805850282882,16__nan,PertCortex_16_TGGCGCACAGGTCTCG,3.977597509299885
48096,0.06721854554877389,16__nan,PertCortex_16_TGGCGCACATGGTTGT,4.041690806099714
48097,0.1628456801419358,16__nan,PertCortex_16_TGGCGCATCAAGCCTA,3.870671328953652
48098,0.17667920791503003,16__nan,PertCortex_16_TGGCTGGCAGCTGCTG,3.2348788763925724
48099,0.1397206295079135,16__nan,PertCortex_16_TGGCTGGTCTGTCCGT,1.7122331591677842
48100,0.07761487664510543,16__nan,PertCortex_16_TGGGAAGAGCCCTAAT,4.914247503752574
48101,0.39311462881899417,16__nan,PertCortex_16_TGGGAAGCATATACGC,2.26306024816859
48102,0.16581034256624122,16__nan,PertCortex_16_TGGGAAGCATCCGTGG,4.448240831042594
48103,0.3481453168881079,16__nan,PertCortex_16_TGGGAAGGTCAACTGT,3.163734372591621
48104,0.15826127425507355,16__nan,PertCortex_16_TGGGAAGTCATTCACT,3.9909304123214344
48105,0.05900861153927167,16__nan,PertCortex_16_TGGGCGTAGAAGAAGC,4.498494448206415
48106,0.07790678657404516,16__nan,PertCortex_16_TGGGCGTAGACTAGGC,3.1942264656666137
48107,0.15222671442264515,16__nan,PertCortex_16_TGGGCGTAGGCTCTTA,3.400714570555157
48108,0.21920395536493537,16__nan,PertCortex_16_TGGGCGTCACATGACT,2.671431417338845
48109,0.062355488076003156,16__nan,PertCortex_16_TGGGCGTCAGGACGTA,4.074640886590925
48110,0.39912817885623547,16__nan,PertCortex_16_TGGGCGTGTCACCCAG,2.3599172721252963
48111,0.15539922300220174,16__nan,PertCortex_16_TGGTTAGAGCTAACTC,2.8468792276694352
48112,0.16264950829371955,16__nan,PertCortex_16_TGGTTAGTCCCTTGCA,3.41134867171293
48113,0.21488249702959633,16__nan,PertCortex_16_TGGTTAGTCTACTCAT,2.9442705047285735
48114,0.1742428971757595,16__nan,PertCortex_16_TGGTTCCAGTAGGCCA,3.49759778108948
48115,0.4086711128312851,16__nan,PertCortex_16_TGGTTCCCATGATCCA,1.349453677120296
48116,0.29587159415802006,16__nan,PertCortex_16_TGGTTCCTCGGAATCT,2.1011434006117726
48117,0.4887999576240498,16__nan,PertCortex_16_TGGTTCCTCGTCCGTT,1.9408575571174689
48118,0.1447537680806096,16__nan,PertCortex_16_TGGTTCCTCTTACCGC,2.387777057974867
48119,0.14709418357884244,16__nan,PertCortex_16_TGTATTCAGGGCTTCC,4.028742171654345
48120,0.30205208802364214,16__nan,PertCortex_16_TGTATTCAGTGTTTGC,1.8104997124372209
48121,0.42328614580968227,16__nan,PertCortex_16_TGTATTCCAGCTGCTG,1.94060886435616
48122,0.18629483467500324,16__nan,PertCortex_16_TGTATTCCATCTACGA,3.234802088253837
48123,0.40077975730524823,16__nan,PertCortex_16_TGTATTCGTAGCGTGA,1.732505459655235
48124,0.1842666574658708,16__nan,PertCortex_16_TGTATTCTCGGTCCGA,3.3944044812906204
48125,0.07008631194875045,16__nan,PertCortex_16_TGTCCCAAGGGTCTCC,3.6022023986663787
48126,0.24678469876986592,16__nan,PertCortex_16_TGTCCCAAGTCCATAC,2.1699344734818267
48127,0.15404786017888628,16__nan,PertCortex_16_TGTCCCACACGGTAGA,3.350236987565356
48128,0.18621530051031718,16__nan,PertCortex_16_TGTCCCACAGGAATGC,3.72134695453586
48129,0.07238777247679926,16__nan,PertCortex_16_TGTCCCAGTCCATCCT,4.248971755273073
48130,0.3975738730325219,16__nan,PertCortex_16_TGTCCCAGTCTCAACA,2.3373207134989644
48131,0.1334568301590043,16__nan,PertCortex_16_TGTCCCAGTGTTTGGT,4.151555592808382
48132,0.1431311163074055,16__nan,PertCortex_16_TGTGGTAAGATATGGT,3.6295958677091535
48133,0.05345046625545332,16__nan,PertCortex_16_TGTGGTAAGCGTAATA,4.523401413502708
48134,0.11704539429519217,16__nan,PertCortex_16_TGTGGTACAAAGAATC,4.594337093811008
48135,0.4033529350357502,16__nan,PertCortex_16_TGTGGTACACATGACT,2.1479838329091256
48136,0.18182205681458175,16__nan,PertCortex_16_TGTGGTACAGGCTCAC,3.8052818183809696
48137,0.22819044476480677,16__nan,PertCortex_16_TGTGGTACAGTCTTCC,3.3368155680860094
48138,0.11313840005468989,16__nan,PertCortex_16_TGTGGTAGTAGCTTGT,5.239618204493087
48139,0.20592752387227437,16__nan,PertCortex_16_TGTGGTAGTTATGTGC,3.4289432244714306
48140,0.20076200724223722,16__nan,PertCortex_16_TGTGGTATCAGCCTAA,2.3739070706469776
48141,0.05057725360244154,16__nan,PertCortex_16_TGTGGTATCCCTAACC,3.496203657156731
48142,0.12271082679002471,16__nan,PertCortex_16_TGTGGTATCTAGCACA,3.3886725340164423
48143,0.58302317998449,16__nan,PertCortex_16_TGTGTTTAGGGTGTTG,1.6532651977924862
48144,0.5602970146071373,16__nan,PertCortex_16_TGTGTTTCAGATGAGC,1.6888317505222867
48145,0.514671656517608,16__nan,PertCortex_16_TGTGTTTCATCACGTA,2.3321717994234623
48146,0.09599428209897756,16__nan,PertCortex_16_TGTGTTTGTCATCGGC,3.8107367354624526
48147,0.1250113177453362,16__nan,PertCortex_16_TGTGTTTTCGCCTGAG,3.6152753540169886
48148,0.5121983516710775,16__nan,PertCortex_16_TGTGTTTTCTGTCAAG,1.3693792252984982
48149,0.11142991327655145,16__nan,PertCortex_16_TGTGTTTTCTGTGCAA,3.503450439784354
48150,0.44725927714436803,16__nan,PertCortex_16_TGTGTTTTCTTTACAC,2.6946209634008222
48151,0.2896757255679284,16__nan,PertCortex_16_TGTTCCGAGCTGCAAG,2.319979802986233
48152,0.15279914906100317,16__nan,PertCortex_16_TGTTCCGAGGCGCTCT,4.003235585888801
48153,0.22650090797601077,16__nan,PertCortex_16_TGTTCCGCACATGGGA,3.2953314169574504
48154,0.045032348397129766,16__nan,PertCortex_16_TGTTCCGGTAGAGTGC,3.9334469603205884
48155,0.26893183911616425,16__nan,PertCortex_16_TTAACTCCAAATTGCC,2.4879232387802985
48156,0.07010614741166685,16__nan,PertCortex_16_TTAACTCCACATCCAA,3.061472163213664
48157,0.14331088891748114,16__nan,PertCortex_16_TTAACTCGTCATCCCT,2.2318319429388884
48158,0.36699217741168566,16__nan,PertCortex_16_TTAACTCGTCTAGTGT,2.1646194916788164
48159,0.06716328844670677,16__nan,PertCortex_16_TTAACTCGTTTAAGCC,3.9822369853992687
48160,0.1306301327931295,16__nan,PertCortex_16_TTAGGACCATCGTCGG,3.321669879046464
48161,0.5744827880778982,16__nan,PertCortex_16_TTAGGACGTAGAGGAA,1.7241126440111874
48162,0.23301918819827466,16__nan,PertCortex_16_TTAGGACGTGACGCCT,2.1253480046297204
48163,0.14917878704795604,16__nan,PertCortex_16_TTAGGACTCAATCTCT,4.36508073570021
48164,0.04181164879731654,16__nan,PertCortex_16_TTAGGCAAGCTGGAAC,3.5990039642308043
48165,0.2734816045619606,16__nan,PertCortex_16_TTAGGCACATTAGCCA,2.4515567938329967
48166,0.14962511778977827,16__nan,PertCortex_16_TTAGTTCCACATCCAA,3.5029088839463354
48167,0.4649924419224507,16__nan,PertCortex_16_TTAGTTCTCCCACTTG,2.1674350127385704
48168,0.09378183307296437,16__nan,PertCortex_16_TTAGTTCTCCTAGTGA,2.3655479053331554
48169,0.18279607803583617,16__nan,PertCortex_16_TTAGTTCTCGAATCCA,3.331897961049711
48170,0.20205717226943828,16__nan,PertCortex_16_TTATGCTAGCGTGTCC,2.844607950429477
48171,0.13890212230321172,16__nan,PertCortex_16_TTATGCTAGCTGAAAT,3.6793804209530507
48172,0.18630897759079462,16__nan,PertCortex_16_TTATGCTCAGATAATG,3.3467893072403077
48173,0.12535828827094772,16__nan,PertCortex_16_TTATGCTCATCCTAGA,4.3343619383410275
48174,0.11203012466741712,16__nan,PertCortex_16_TTATGCTCATCGGAAG,2.8429984897688803
48175,0.19668858268829856,16__nan,PertCortex_16_TTATGCTGTGGGTCAA,2.474076837070031
48176,0.11099956164330238,16__nan,PertCortex_16_TTATGCTGTTGACGTT,4.711890790198255
48177,0.10356225334585926,16__nan,PertCortex_16_TTCCCAGAGAGTGACC,3.2217170886648847
48178,0.5236388796981729,16__nan,PertCortex_16_TTCCCAGAGGGTCGAT,2.223447376266643
48179,0.06990864672938514,16__nan,PertCortex_16_TTCCCAGAGTACGTTC,4.630543512817583
48180,0.11099867729057648,16__nan,PertCortex_16_TTCCCAGAGTGGTAAT,3.3145391332256757
48181,0.1235689329717977,16__nan,PertCortex_16_TTCCCAGCACACCGAC,3.1953581078584365
48182,0.2553271301152751,16__nan,PertCortex_16_TTCCCAGCACAGGAGT,2.3343292624743563
48183,0.08177513244632362,16__nan,PertCortex_16_TTCCCAGCATCGACGC,4.377892738113924
48184,0.13895842388714477,16__nan,PertCortex_16_TTCCCAGGTCGACTAT,3.1082514898716576
48185,0.1488268581924962,16__nan,PertCortex_16_TTCCCAGTCTGGAGCC,3.452130474317571
48186,0.10363622847023414,16__nan,PertCortex_16_TTCGAAGAGAATAGGG,3.0515744157872478
48187,0.5360773169135716,16__nan,PertCortex_16_TTCGAAGAGTGACTCT,1.8282942646770666
48188,0.08849558156566796,16__nan,PertCortex_16_TTCGAAGGTCATATGC,4.803121296021369
48189,0.12083182550698338,16__nan,PertCortex_16_TTCGAAGTCCGCTGTT,3.289449007398411
48190,0.5506919430453612,16__nan,PertCortex_16_TTCGAAGTCCGTTGCT,1.6728996904710798
48191,0.6302829304116073,16__nan,PertCortex_16_TTCGGTCCACTAGTAC,2.1248010290278105
48192,0.20205679702381782,16__nan,PertCortex_16_TTCGGTCGTCAGATAA,2.681688350171919
48193,0.1217862366469578,16__nan,PertCortex_16_TTCGGTCGTGCGGTAA,2.9919521034577796
48194,0.2754439958103958,16__nan,PertCortex_16_TTCGGTCTCTGTCTCG,2.242923173954964
48195,0.5388949092896407,16__nan,PertCortex_16_TTCTACAAGCAGATCG,1.7225824986274356
48196,0.5188807853006588,16__nan,PertCortex_16_TTCTACAAGCATGGCA,2.47828836932569
48197,0.10539391964533151,16__nan,PertCortex_16_TTCTACAAGCGTGTCC,4.111225062235912
48198,0.10539024370537486,16__nan,PertCortex_16_TTCTACACAGCCTTGG,3.824935946459572
48199,0.12264633963773384,16__nan,PertCortex_16_TTCTACAGTTAAGACA,3.9382621926607024
48200,0.1188650957222842,16__nan,PertCortex_16_TTCTACATCAAGAAGT,3.2747684823369956
48201,0.1669884916655354,16__nan,PertCortex_16_TTCTCAAAGCCACGTC,3.2540685152974342
48202,0.41054553695657275,16__nan,PertCortex_16_TTCTCAACACCGATAT,2.283397821493452
48203,0.1126281328905707,16__nan,PertCortex_16_TTCTCAACAGCCTTGG,3.0351996042526506
48204,0.07311139955467551,16__nan,PertCortex_16_TTCTCAACATTAACCG,3.9326326198570527
48205,0.20593245562284448,16__nan,PertCortex_16_TTCTCAAGTATTAGCC,3.00589677289691
48206,0.2140178833650125,16__nan,PertCortex_16_TTCTCAAGTTTGTGTG,3.2961535203123113
48207,0.05946048463403053,16__nan,PertCortex_16_TTCTCCTAGTATCGAA,4.748666936345517
48208,0.2728921764104722,16__nan,PertCortex_16_TTCTCCTCACGCATCG,3.2140651894912486
48209,0.3187813898561552,16__nan,PertCortex_16_TTCTCCTCATTGGTAC,2.510279127612269
48210,0.16428378169416988,16__nan,PertCortex_16_TTCTCCTGTCCAGTTA,4.032047996176113
48211,0.15290070063272146,16__nan,PertCortex_16_TTCTTAGAGAATCTCC,3.2820959594314036
48212,0.12363677526734343,16__nan,PertCortex_16_TTCTTAGAGCAGACTG,3.8581774721228688
48213,0.07831074336811002,16__nan,PertCortex_16_TTCTTAGCAGCATACT,3.6699138068134554
48214,0.1804097457173539,16__nan,PertCortex_16_TTGAACGAGGCAATTA,2.7909921961205635
48215,0.11744450287154647,16__nan,PertCortex_16_TTGAACGGTCTCTTTA,4.191745004348571
48216,0.5351862119857489,16__nan,PertCortex_16_TTGAACGTCACCATAG,2.1035688097731655
48217,0.1469834737720828,16__nan,PertCortex_16_TTGAACGTCAGCACAT,4.51400680272513
48218,0.42918513361759153,16__nan,PertCortex_16_TTGAACGTCAGCATGT,1.5455331370526502
48219,0.028670611561999158,16__nan,PertCortex_16_TTGACTTAGAACTGTA,4.357718963137163
48220,0.15669914083196868,16__nan,PertCortex_16_TTGACTTAGATATACG,3.3865911424003525
48221,0.05225626529485767,16__nan,PertCortex_16_TTGACTTCAACTTGAC,4.19353420734895
48222,0.08061697551938443,16__nan,PertCortex_16_TTGACTTTCGTAGGAG,4.274888906406188
48223,0.18413928919079114,16__nan,PertCortex_16_TTGCCGTAGCCATCGC,3.681450145396404
48224,0.1848259705588207,16__nan,PertCortex_16_TTGCCGTCAAGCCGCT,3.738609126655056
48225,0.1243461514753836,16__nan,PertCortex_16_TTGCCGTCAGGATCGA,3.278414899619709
48226,0.12461431966843707,16__nan,PertCortex_16_TTGCCGTCATAAAGGT,4.257573094700789
48227,0.07401519239279028,16__nan,PertCortex_16_TTGCCGTGTATAGTAG,4.527157623313282
48228,0.3540134217720409,16__nan,PertCortex_16_TTGCCGTTCCTACAGA,2.682232320885636
48229,0.13715993952183161,16__nan,PertCortex_16_TTGCGTCAGACAGACC,3.89052572530212
48230,0.059738899878115904,16__nan,PertCortex_16_TTGCGTCCACAGACAG,3.6631962911993234
48231,0.32719677913374146,16__nan,PertCortex_16_TTGCGTCCAGCCAGAA,3.047752930208088
48232,0.27278920874671353,16__nan,PertCortex_16_TTGCGTCGTATTCGTG,2.397964662532352
48233,0.08566608437913519,16__nan,PertCortex_16_TTGCGTCGTGACTACT,3.966203456187416
48234,0.30689140224439293,16__nan,PertCortex_16_TTGCGTCTCGCCATAA,2.210558099011247
48235,0.1438568040114415,16__nan,PertCortex_16_TTGCGTCTCTCGATGA,3.0689544677491143
48236,0.16637452230508065,16__nan,PertCortex_16_TTGGAACGTAAGTGTA,4.218199235687295
48237,0.22061995762474224,16__nan,PertCortex_16_TTGGAACGTGCAGGTA,3.439119869257857
48238,0.14214605096676525,16__nan,PertCortex_16_TTGGAACTCTGTCCGT,3.345422809367672
48239,0.3051870241401369,16__nan,PertCortex_16_TTGGCAAAGGCTAGGT,2.1908828601546384
48240,0.41123023942974357,16__nan,PertCortex_16_TTGGCAACACTCTGTC,1.9558412950138533
48241,0.4840185326101073,16__nan,PertCortex_16_TTGGCAATCTGCTGTC,2.3548703426634736
48242,0.23896276089010712,16__nan,PertCortex_16_TTTACTGAGCCAGAAC,3.334447444479624
48243,0.17610551535111502,16__nan,PertCortex_16_TTTACTGGTCCGTTAA,2.093510546007742
48244,0.07305779241656726,16__nan,PertCortex_16_TTTACTGGTTCGCTAA,4.294775368748649
48245,0.4912447465081114,16__nan,PertCortex_16_TTTATGCAGTCCATAC,1.8796344637856515
48246,0.31868320594692284,16__nan,PertCortex_16_TTTATGCAGTTCGATC,2.323882355463539
48247,0.06501322177923329,16__nan,PertCortex_16_TTTATGCCATCGATGT,3.078768527480799
48248,0.1219105939012259,16__nan,PertCortex_16_TTTATGCCATGAACCT,2.7407933046718664
48249,0.15926957308154902,16__nan,PertCortex_16_TTTATGCTCAGAGGTG,2.9370997578508824
48250,0.10303763151292739,16__nan,PertCortex_16_TTTATGCTCATATCGG,4.531994879592737
48251,0.2747231155776105,16__nan,PertCortex_16_TTTATGCTCTGAGTGT,2.7073710528685697
48252,0.20380406284382335,16__nan,PertCortex_16_TTTCCTCCAAGTTCTG,2.6121992747381095
48253,0.3970301037868533,16__nan,PertCortex_16_TTTCCTCGTGAACCTT,2.186052451409152
48254,0.26411389514386047,16__nan,PertCortex_16_TTTCCTCGTGACCAAG,2.7631374440404963
48255,0.21682691967506462,16__nan,PertCortex_16_TTTCCTCGTTTCCACC,2.5783742366244233
48256,0.15305194627980317,16__nan,PertCortex_16_TTTCCTCTCCAACCAA,3.5507744507231482
48257,0.6109022081100953,16__nan,PertCortex_16_TTTCCTCTCTCAAACG,1.8612342437125016
48258,0.15866404573578238,16__nan,PertCortex_16_TTTGCGCAGCATCATC,2.1630357755129186
48259,0.23092683707705056,16__nan,PertCortex_16_TTTGCGCCAAGGGTCA,3.7598467121955217
48260,0.23406293382506344,16__nan,PertCortex_16_TTTGCGCCATGGATGG,2.279638383835852
48261,0.21777255538229295,16__nan,PertCortex_16_TTTGCGCTCCCTGACT,2.0612108252710586
48262,0.2184325914820899,16__nan,PertCortex_16_TTTGGTTCAGGTCGTC,2.8364296341822057
48263,0.28236810210154734,16__nan,PertCortex_16_TTTGGTTCATCACAAC,1.729948307445009
48264,0.15875392262140287,16__nan,PertCortex_16_TTTGGTTGTTCTGAAC,3.5724602311944236
48265,0.0739840807303197,16__nan,PertCortex_16_TTTGTCAAGAGTCGGT,4.22123155643901
48266,0.08957902729727499,16__nan,PertCortex_16_TTTGTCACAAGCTGAG,2.8744759681893863
48267,0.19691674755575925,16__nan,PertCortex_16_TTTGTCAGTAGATTAG,3.4242413873831743
48268,0.150591433317939,16__nan,PertCortex_16_TTTGTCAGTGCATCTA,3.9058856969812803
48269,0.3922653799160324,16__nan,PertCortex_16_TTTGTCATCCTTGGTC,2.153012761190795
48270,0.14072573571492372,16__nan,PertCortex_16_TTTGTCATCTAACCGA,3.653090157699389
48271,0.06278654499523746,18__nan,PertCortex_18_AAACCTGCAAACTGTC,3.364967187625264
48272,0.1861789039285038,18__nan,PertCortex_18_AAACCTGGTGATAAGT,3.6890279399921946
48273,0.30826389742705523,18__nan,PertCortex_18_AAACGGGAGTGATCGG,1.9645307967635772
48274,0.1736334740165564,18__nan,PertCortex_18_AAACGGGCAATACGCT,2.7321255950189354
48275,0.21562181944089645,18__nan,PertCortex_18_AAACGGGCAATAGAGT,2.455304663634828
48276,0.43304910021436316,18__nan,PertCortex_18_AAACGGGCATTTCACT,2.927416382169533
48277,0.14218037556018195,18__nan,PertCortex_18_AAACGGGTCGTTTATC,4.011702733289219
48278,0.2967280360937988,18__nan,PertCortex_18_AAAGATGAGATGTGTA,2.211931438063796
48279,0.4447121248320408,18__nan,PertCortex_18_AAAGATGAGGTGTTAA,2.105754970737163
48280,0.33844704016182214,18__nan,PertCortex_18_AAAGATGTCTGTCAAG,2.0930586463744127
48281,0.1128879602591772,18__nan,PertCortex_18_AAAGCAAGTGTCCTCT,4.017122740594878
48282,0.23291047152653466,18__nan,PertCortex_18_AAATGCCAGGTCATCT,2.9701731601982417
48283,0.09455540214320728,18__nan,PertCortex_18_AAATGCCTCACCCTCA,3.87559234146477
48284,0.4073166276402883,18__nan,PertCortex_18_AACCGCGAGCCATCGC,2.310338006281045
48285,0.26189255512725074,18__nan,PertCortex_18_AACCGCGAGTAAGTAC,2.3345059441901768
48286,0.32407933736449185,18__nan,PertCortex_18_AACCGCGCAGACGCTC,1.6856292416918255
48287,0.21540301224808464,18__nan,PertCortex_18_AACCGCGCATGACATC,3.1659902898283616
48288,0.3171632785452663,18__nan,PertCortex_18_AACCGCGGTCCAAGTT,2.2521945113105932
48289,0.4235002376911064,18__nan,PertCortex_18_AACTCAGGTTGTCGCG,2.266490220882918
48290,0.40194820872078035,18__nan,PertCortex_18_AACTCAGTCGCTAGCG,1.9035975226543933
48291,0.09164718231020594,18__nan,PertCortex_18_AACTCCCAGACCTAGG,4.490404552922717
48292,0.2343259517130652,18__nan,PertCortex_18_AACTCTTGTACATGTC,2.3398355203892995
48293,0.4630018093428037,18__nan,PertCortex_18_AACTGGTCAGAAGCAC,1.9448485188727465
48294,0.4215018839884963,18__nan,PertCortex_18_AACTTTCAGACCACGA,1.9122176164359352
48295,0.5531842903664026,18__nan,PertCortex_18_AAGACCTAGGATATAC,1.6441494885106391
48296,0.164585721734751,18__nan,PertCortex_18_AAGGAGCCAGTCAGCC,2.2556127690066496
48297,0.064931301429172,18__nan,PertCortex_18_AAGGAGCCATAGAAAC,4.10051628168513
48298,0.40381326218506514,18__nan,PertCortex_18_AAGGAGCGTATGAATG,1.7196983633244167
48299,0.10076932618510973,18__nan,PertCortex_18_AAGGAGCTCAGCTTAG,3.577130856313116
48300,0.3925229749763814,18__nan,PertCortex_18_AAGGCAGAGGCATGTG,1.0808983477441725
48301,0.5228554194264022,18__nan,PertCortex_18_AAGGCAGAGTAGTGCG,1.8830973952781238
48302,0.5137172903409447,18__nan,PertCortex_18_AAGGTTCAGCTAAGAT,1.8995056738683824
48303,0.47922890741037955,18__nan,PertCortex_18_AAGGTTCTCATATCGG,2.0359777555655763
48304,0.6170765689866491,18__nan,PertCortex_18_AAGTCTGAGAGTTGGC,1.9120967350141373
48305,0.2870718406132722,18__nan,PertCortex_18_AAGTCTGAGGCTCTTA,3.7176706455812933
48306,0.19276463129196875,18__nan,PertCortex_18_AAGTCTGGTCCGACGT,4.378980173583722
48307,0.47963898816860756,18__nan,PertCortex_18_AAGTCTGTCTGGTTCC,1.0388781518893446
48308,0.4497642300466491,18__nan,PertCortex_18_AATCGGTGTCAGAAGC,1.8332731169290073
48309,0.19336412982366555,18__nan,PertCortex_18_AATCGGTGTGACCAAG,2.1614736767099885
48310,0.23785169669347586,18__nan,PertCortex_18_ACACCAATCATCGCTC,1.868433738229297
48311,0.13200383596769155,18__nan,PertCortex_18_ACACCCTCACGAAGCA,4.0239233073409215
48312,0.27353131206122144,18__nan,PertCortex_18_ACACCGGAGAGCTGGT,2.4419065660353736
48313,0.19062345364831568,18__nan,PertCortex_18_ACACCGGTCATACGGT,3.2171960073425403
48314,0.3516493337278115,18__nan,PertCortex_18_ACACTGACATACTCTT,1.9578547387853993
48315,0.04683785497088838,18__nan,PertCortex_18_ACAGCCGGTATGAATG,2.829509630744671
48316,0.548875798233936,18__nan,PertCortex_18_ACATACGAGCGATGAC,1.6500075292028942
48317,0.39276386336411573,18__nan,PertCortex_18_ACATCAGCACGAGAGT,1.8329342623345186
48318,0.09902803842832483,18__nan,PertCortex_18_ACATCAGTCGCGTTTC,3.6561745240275108
48319,0.4464818177584881,18__nan,PertCortex_18_ACATGGTTCCTGCCAT,1.9396981873166024
48320,0.4906088824321313,18__nan,PertCortex_18_ACCAGTAGTCCTGCTT,1.9096084930646697
48321,0.16054600779579978,18__nan,PertCortex_18_ACCAGTAGTTCGCGAC,2.99078486487175
48322,0.33676182845693703,18__nan,PertCortex_18_ACCCACTCACTTAACG,2.404908238886861
48323,0.16855211173835608,18__nan,PertCortex_18_ACCCACTCATGATCCA,3.334126344107537
48324,0.1352890276189533,18__nan,PertCortex_18_ACCGTAAAGAATGTGT,3.5087265323006167
48325,0.11321605265144488,18__nan,PertCortex_18_ACCGTAAAGCAGATCG,3.1423817934056553
48326,0.11319708403630403,18__nan,PertCortex_18_ACCGTAACAAGGACAC,3.88731068125207
48327,0.07622946170108023,18__nan,PertCortex_18_ACCGTAACAGTATGCT,4.68570092231441
48328,0.5177868795028573,18__nan,PertCortex_18_ACCTTTAAGGACTGGT,1.955271900137854
48329,0.11075066451353606,18__nan,PertCortex_18_ACCTTTACACATTAGC,4.831236407874834
48330,0.11426917528570961,18__nan,PertCortex_18_ACGAGCCCAGCCTTGG,2.938760186018446
48331,0.08411893333219832,18__nan,PertCortex_18_ACGAGCCTCTCTAGGA,2.8137647455909547
48332,0.3690402364574553,18__nan,PertCortex_18_ACGAGGAAGTGGTAAT,2.1615052473545058
48333,0.3460342720347007,18__nan,PertCortex_18_ACGAGGACAGCATACT,1.7326127490056116
48334,0.18474597567502934,18__nan,PertCortex_18_ACGATACGTTCCACAA,2.490891601660016
48335,0.10944193812153787,18__nan,PertCortex_18_ACGATACTCCGAGCCA,3.785326635063121
48336,0.03261359524235791,18__nan,PertCortex_18_ACGATGTAGAACAACT,3.941200890344715
48337,0.4543653491135581,18__nan,PertCortex_18_ACGATGTAGATTACCC,2.2754674836139714
48338,0.5647245820378888,18__nan,PertCortex_18_ACGATGTGTTCTGAAC,1.7144153092671777
48339,0.24416804214007104,18__nan,PertCortex_18_ACGCAGCAGATCGATA,2.2203224574931806
48340,0.692625364165972,18__nan,PertCortex_18_ACGCAGCGTAGTAGTA,1.5474100105737902
48341,0.29178860239212473,18__nan,PertCortex_18_ACGCAGCGTCTTGTCC,2.4117688728289077
48342,0.5621944537947474,18__nan,PertCortex_18_ACGCAGCTCCGTAGTA,1.678133872170488
48343,0.18254621800932633,18__nan,PertCortex_18_ACGCCAGCATACAGCT,2.189686215564319
48344,0.09015414475847708,18__nan,PertCortex_18_ACGCCAGGTAGATTAG,3.723367133476094
48345,0.22928470532139555,18__nan,PertCortex_18_ACGGGTCAGTCATGCT,2.482757641029627
48346,0.11818493310657023,18__nan,PertCortex_18_ACGGGTCCAACGATGG,2.950126506859901
48347,0.06713702711450685,18__nan,PertCortex_18_ACGGGTCCACTCGACG,3.8848300115436425
48348,0.29133072690966866,18__nan,PertCortex_18_ACGTCAAAGGACATTA,2.155229502642132
48349,0.48455058407988616,18__nan,PertCortex_18_ACTATCTCACATCCGG,1.8444692316058668
48350,0.5984258366051266,18__nan,PertCortex_18_ACTATCTCACCAGATT,1.8406758250492543
48351,0.39007106083274157,18__nan,PertCortex_18_ACTGAACCACTCGACG,2.1442255931393372
48352,0.20510267740871366,18__nan,PertCortex_18_ACTGATGGTCCGAACC,2.1883435371462867
48353,0.6064558855235515,18__nan,PertCortex_18_ACTGATGTCCACTGGG,2.0265060210510324
48354,0.5430346660370529,18__nan,PertCortex_18_ACTGCTCCACGGCCAT,1.6706184119905896
48355,0.5276493000643924,18__nan,PertCortex_18_ACTGTCCAGGGTATCG,1.743187702745633
48356,0.19868300562998223,18__nan,PertCortex_18_ACTTACTGTTGGTAAA,2.3564167273291172
48357,0.15862633786722963,18__nan,PertCortex_18_ACTTGTTTCCTGCCAT,3.4052908581335624
48358,0.34871860707920604,18__nan,PertCortex_18_ACTTTCAAGATCCCGC,1.9677555116203036
48359,0.4865594989748276,18__nan,PertCortex_18_ACTTTCAAGTGTGAAT,1.8465867644578866
48360,0.3454679906241785,18__nan,PertCortex_18_ACTTTCACACGGTAGA,2.079671582978555
48361,0.2930486816226056,18__nan,PertCortex_18_AGAATAGGTCATGCAT,1.3679512943389622
48362,0.27047452053910803,18__nan,PertCortex_18_AGACGTTAGACACGAC,2.1605912849264723
48363,0.14321982148638246,18__nan,PertCortex_18_AGAGCGATCTCAACTT,3.505598150255264
48364,0.15110335994159133,18__nan,PertCortex_18_AGAGCTTGTGGAAAGA,3.6969668954019435
48365,0.46612724301288294,18__nan,PertCortex_18_AGAGCTTGTGGTTTCA,2.0017953985129227
48366,0.33532627747684574,18__nan,PertCortex_18_AGAGTGGGTATGAAAC,1.371219873426398
48367,0.5737545445866583,18__nan,PertCortex_18_AGATCTGCAGGGTATG,1.5430386648001397
48368,0.3057179282547856,18__nan,PertCortex_18_AGCATACGTGCGGTAA,2.2300465072213607
48369,0.2945354369761941,18__nan,PertCortex_18_AGCATACTCTGCGGCA,1.5669298611313305
48370,0.2609614840244996,18__nan,PertCortex_18_AGCATACTCTTACCGC,2.172350367296482
48371,0.4212996800406986,18__nan,PertCortex_18_AGCCTAAAGTACGCCC,1.854040603703163
48372,0.339771190836457,18__nan,PertCortex_18_AGCCTAAAGTCTCGGC,1.8940655667025643
48373,0.3224993324858533,18__nan,PertCortex_18_AGCCTAATCCCTTGTG,2.365654072274741
48374,0.23318397470542226,18__nan,PertCortex_18_AGCCTAATCTCTGCTG,2.5225946201202984
48375,0.15581837092933362,18__nan,PertCortex_18_AGCGGTCCATACTACG,2.8076638773113256
48376,0.14004495604598108,18__nan,PertCortex_18_AGCGTATCAAACCCAT,3.2964677841396646
48377,0.3076320826860224,18__nan,PertCortex_18_AGCTCCTCACATCCGG,1.9311004536095757
48378,0.07404630815823551,18__nan,PertCortex_18_AGCTCCTCAGATCTGT,2.946257795589159
48379,0.2986904684098842,18__nan,PertCortex_18_AGCTCCTGTCATATGC,1.345911572414859
48380,0.06698077759295168,18__nan,PertCortex_18_AGCTCTCAGGCATTGG,2.6628991656558894
48381,0.2835887847792224,18__nan,PertCortex_18_AGCTCTCTCGTCGTTC,1.8848859601909675
48382,0.1841458117893524,18__nan,PertCortex_18_AGCTCTCTCTACCAGA,3.5435776240574053
48383,0.13282739949394748,18__nan,PertCortex_18_AGCTTGATCATCTGCC,2.7388199592922287
48384,0.15961293440610072,18__nan,PertCortex_18_AGGCCGTAGTGTTTGC,1.9252539663877988
48385,0.5826305839654173,18__nan,PertCortex_18_AGGGAGTAGCTCCTCT,1.5403130569366228
48386,0.28087683489633225,18__nan,PertCortex_18_AGGGAGTGTCTTGTCC,2.3291283163982195
48387,0.6307585055676165,18__nan,PertCortex_18_AGGGATGTCACAGTAC,1.4762382491227235
48388,0.43328598174818744,18__nan,PertCortex_18_AGGGATGTCAGGCGAA,1.7904185168594033
48389,0.2993613736526527,18__nan,PertCortex_18_AGGGTGAAGTGTACGG,2.189586285803057
48390,0.09639896203625382,18__nan,PertCortex_18_AGGTCATGTAGCGTCC,3.524269423034031
48391,0.3899030593641255,18__nan,PertCortex_18_AGGTCCGTCCGCAGTG,2.0328250181929737
48392,0.22292415972596177,18__nan,PertCortex_18_AGGTCCGTCTGAGTGT,2.754808964440761
48393,0.18708383243670718,18__nan,PertCortex_18_AGTGAGGCAGTCGATT,1.941058970758741
48394,0.1980397857894136,18__nan,PertCortex_18_AGTGGGAAGCTCCTCT,2.4954661514386243
48395,0.46688695102855177,18__nan,PertCortex_18_AGTGGGACATGCTAGT,1.9819927020178585
48396,0.25941016347291385,18__nan,PertCortex_18_AGTGTCATCTCGTATT,2.2178129925868144
48397,0.60157487341639,18__nan,PertCortex_18_ATAACGCCATGGGAAC,1.3761805891579866
48398,0.21087609530716098,18__nan,PertCortex_18_ATAACGCGTCCGACGT,2.6954903786748865
48399,0.4178005227686116,18__nan,PertCortex_18_ATAACGCTCCAGTATG,1.9351842267476946
48400,0.08874788709262174,18__nan,PertCortex_18_ATAGACCCAGCGTCCA,4.0415262661060956
48401,0.14638047295233447,18__nan,PertCortex_18_ATCACGAAGTCAAGGC,3.7112828334035215
48402,0.423111343712966,18__nan,PertCortex_18_ATCACGACAAGGTTCT,2.291636814240579
48403,0.38866496202723494,18__nan,PertCortex_18_ATCACGAGTCTGCAAT,1.7622999107821662
48404,0.2651780360289693,18__nan,PertCortex_18_ATCACGAGTCTGCCAG,2.222767474519459
48405,0.26571793901159213,18__nan,PertCortex_18_ATCATCTAGCTAACAA,2.873567849589094
48406,0.19697326034990933,18__nan,PertCortex_18_ATCATCTAGTCAAGGC,3.199533730179929
48407,0.15555492356900422,18__nan,PertCortex_18_ATCATCTTCAGGCGAA,3.4155610574537247
48408,0.522008106141371,18__nan,PertCortex_18_ATCATCTTCTTAACCT,1.8104606460219388
48409,0.5176635801481643,18__nan,PertCortex_18_ATCATGGGTAGCTTGT,1.8500792515739182
48410,0.32005446562866463,18__nan,PertCortex_18_ATCATGGTCCAGTATG,1.5066188165037817
48411,0.4348465554269772,18__nan,PertCortex_18_ATCCACCTCCGAACGC,1.8466982745507174
48412,0.3203696855162511,18__nan,PertCortex_18_ATCCGAACAGACGTAG,1.731068551426297
48413,0.07573607506819352,18__nan,PertCortex_18_ATCCGAATCACTGGGC,3.5288747012558423
48414,0.45683150006739875,18__nan,PertCortex_18_ATCCGAATCGTTGCCT,1.842686264289926
48415,0.22874974947246474,18__nan,PertCortex_18_ATCTACTCAGTAGAGC,3.104325567815789
48416,0.40507329473815856,18__nan,PertCortex_18_ATCTGCCCACCAGCAC,2.0448187969091003
48417,0.5655722450057571,18__nan,PertCortex_18_ATGAGGGCAATGGACG,1.4899606415157713
48418,0.0729837312165921,18__nan,PertCortex_18_ATGAGGGTCCTCATTA,3.029248565602374
48419,0.2699128971996788,18__nan,PertCortex_18_ATGCGATTCAGGCCCA,1.7427856549484562
48420,0.4754410556144665,18__nan,PertCortex_18_ATGGGAGAGTCCGGTC,1.9599585500505017
48421,0.4939529024123623,18__nan,PertCortex_18_ATGGGAGGTCAATACC,1.602496994683769
48422,0.2687165938503393,18__nan,PertCortex_18_ATGGGAGGTCACCTAA,2.216157220581019
48423,0.48946179254364347,18__nan,PertCortex_18_ATGGGAGGTTAAAGTG,1.9351604322007347
48424,0.06280831358573971,18__nan,PertCortex_18_ATGTGTGGTACGCTGC,3.8093816405989043
48425,0.06915584531903982,18__nan,PertCortex_18_ATGTGTGGTCAACTGT,4.51963478004145
48426,0.36240330647107205,18__nan,PertCortex_18_ATTACTCAGCCTCGTG,2.593042138167469
48427,0.26508382530027746,18__nan,PertCortex_18_ATTACTCGTGCTGTAT,2.1393479093535634
48428,0.20115089789597176,18__nan,PertCortex_18_ATTGGACAGTTAGGTA,3.1578667401723535
48429,0.07433142430680284,18__nan,PertCortex_18_ATTGGACTCACGCGGT,3.360564220834668
48430,0.5244485824365847,18__nan,PertCortex_18_ATTGGACTCCCTTGCA,1.6282788965357458
48431,0.35332626781150617,18__nan,PertCortex_18_ATTGGTGAGCTAGCCC,1.8001556632049274
48432,0.10834394109874092,18__nan,PertCortex_18_ATTTCTGTCAAGGCTT,3.061668350581268
48433,0.12725079094247999,18__nan,PertCortex_18_CAACCTCTCTCAAGTG,3.416266820238933
48434,0.36538631598013827,18__nan,PertCortex_18_CAACCTCTCTGATTCT,2.14911180892106
48435,0.23966520096679422,18__nan,PertCortex_18_CAACTAGTCAAGGCTT,2.393514636518207
48436,0.2361423444137282,18__nan,PertCortex_18_CAACTAGTCCCTCTTT,1.9831671933555317
48437,0.3913253053197995,18__nan,PertCortex_18_CAAGATCCACTAAGTC,2.2754373972037203
48438,0.46262663686887745,18__nan,PertCortex_18_CAAGGCCCATGCATGT,2.020031226271521
48439,0.06640867322854542,18__nan,PertCortex_18_CAAGGCCTCAACGGGA,3.6321930769885595
48440,0.1767279131974354,18__nan,PertCortex_18_CAAGTTGTCGGCGCTA,3.8206802563603515
48441,0.38040197000286907,18__nan,PertCortex_18_CACAAACAGCTGCCCA,2.048777440020671
48442,0.4382350329620402,18__nan,PertCortex_18_CACAAACCAAGCGAGT,1.0135364598766663
48443,0.18580067404309134,18__nan,PertCortex_18_CACAAACGTATTCTCT,2.79353849126534
48444,0.34964339657718857,18__nan,PertCortex_18_CACACAAAGGCCCGTT,1.393204012382434
48445,0.17713179781833027,18__nan,PertCortex_18_CACACAAGTTCTGAAC,2.700205670183401
48446,0.289428528728301,18__nan,PertCortex_18_CACACAATCATGTAGC,2.3187820793316742
48447,0.07767464500941854,18__nan,PertCortex_18_CACACCTCATACGCCG,4.1832573196325775
48448,0.6681190222837387,18__nan,PertCortex_18_CACACCTCATCACGAT,1.914718689951822
48449,0.10130185889264705,18__nan,PertCortex_18_CACACCTGTCCGTCAG,3.7264009777865756
48450,0.5046245745672987,18__nan,PertCortex_18_CACACCTGTTTGCATG,1.7390236807495105
48451,0.2927832514273671,18__nan,PertCortex_18_CACACCTTCACGCGGT,1.5882038327061674
48452,0.3948408971104427,18__nan,PertCortex_18_CACACTCCACGGCTAC,1.8039915807570779
48453,0.320896589192064,18__nan,PertCortex_18_CACACTCCAGGTGCCT,2.02612427554238
48454,0.4806005135386236,18__nan,PertCortex_18_CACACTCCATGCAACT,1.578912548603807
48455,0.2153269215985918,18__nan,PertCortex_18_CACAGGCAGCGATAGC,2.5716585366236515
48456,0.0716938242079547,18__nan,PertCortex_18_CACAGGCCATTGGGCC,4.225297674722916
48457,0.0623859045454588,18__nan,PertCortex_18_CACAGGCTCACAGGCC,3.2574469641127872
48458,0.1388893618513996,18__nan,PertCortex_18_CACAGTAGTACACCGC,2.6522029076871
48459,0.16980349974139122,18__nan,PertCortex_18_CACAGTATCTACGAGT,3.6707203372801462
48460,0.4695695041282234,18__nan,PertCortex_18_CACATAGAGTACGATA,2.137130010421864
48461,0.2929611596480475,18__nan,PertCortex_18_CACATAGAGTGCTGCC,2.6240715289181367
48462,0.4293817905169477,18__nan,PertCortex_18_CACATTTTCAGGTAAA,2.2222211746142104
48463,0.0685209070578449,18__nan,PertCortex_18_CACATTTTCCAACCAA,3.4573925438369195
48464,0.6450051096796736,18__nan,PertCortex_18_CACCACTAGTCGAGTG,2.0571195799193815
48465,0.07671847696338284,18__nan,PertCortex_18_CACCACTGTTATGCGT,2.85311303790166
48466,0.1457503560974382,18__nan,PertCortex_18_CACCACTTCATACGGT,2.6775964011844824
48467,0.41640818521757045,18__nan,PertCortex_18_CACCACTTCATCGATG,2.235339435718555
48468,0.04589741143141154,18__nan,PertCortex_18_CACCTTGAGAAACGCC,3.3372037791977567
48469,0.4727823838178944,18__nan,PertCortex_18_CACTCCAAGCGGCTTC,1.8870767086161326
48470,0.037816719821501546,18__nan,PertCortex_18_CACTCCAAGTTTAGGA,3.8487684776615914
48471,0.5586320583605928,18__nan,PertCortex_18_CACTCCAGTATATGAG,1.7436756545433476
48472,0.0871499522641985,18__nan,PertCortex_18_CAGAATCCAAATTGCC,3.788747424673663
48473,0.19891099512307384,18__nan,PertCortex_18_CAGAATCGTCTAGAGG,2.4836667574667826
48474,0.35510071616161043,18__nan,PertCortex_18_CAGAATCGTGGAAAGA,2.0953647366738988
48475,0.42394006995013384,18__nan,PertCortex_18_CAGAGAGGTTGTTTGG,2.0154746932185983
48476,0.17943284731031986,18__nan,PertCortex_18_CAGATCAAGTGTGAAT,4.203155306358569
48477,0.20768976298194886,18__nan,PertCortex_18_CAGCCGAAGGCAAAGA,3.6617069672012903
48478,0.254940433404725,18__nan,PertCortex_18_CAGCCGATCACTCCTG,1.8342182055331764
48479,0.22882391142297245,18__nan,PertCortex_18_CAGCGACAGGAATCGC,2.834491787573587
48480,0.41390603389070507,18__nan,PertCortex_18_CAGCGACAGGGTGTTG,1.8992427446173352
48481,0.5986320978078425,18__nan,PertCortex_18_CAGCGACAGTGTTAGA,1.490027996179112
48482,0.4344239348009859,18__nan,PertCortex_18_CAGCTAAAGGGAAACA,2.0641695093739036
48483,0.009849096339180803,18__nan,PertCortex_18_CAGCTAACATGGGAAC,2.940502463629896
48484,0.4717153690473531,18__nan,PertCortex_18_CAGCTAAGTATAGGTA,2.2346283356142895
48485,0.14179164488057952,18__nan,PertCortex_18_CAGCTAAGTATCACCA,3.638184661873297
48486,0.11483560927812558,18__nan,PertCortex_18_CAGCTGGCAGGTGGAT,3.618081835631441
48487,0.2631600834562491,18__nan,PertCortex_18_CAGCTGGGTCTAGTGT,1.9913054420480993
48488,0.40567220416395544,18__nan,PertCortex_18_CAGCTGGGTGGTCTCG,1.4526155558872798
48489,0.5945230783552934,18__nan,PertCortex_18_CAGGTGCAGAGAGCTC,1.5977048747450309
48490,0.1335307689514572,18__nan,PertCortex_18_CAGGTGCGTACGCACC,3.6499966677294076
48491,0.020452979152358334,18__nan,PertCortex_18_CAGTAACAGACAATAC,3.1154938083991017
48492,0.2278978761427285,18__nan,PertCortex_18_CAGTAACCAACACGCC,2.0982331262083433
48493,0.6105406102188347,18__nan,PertCortex_18_CAGTAACTCCAGAAGG,1.3065268913569599
48494,0.501180936629712,18__nan,PertCortex_18_CAGTCCTAGTGAATTG,1.9728483408140978
48495,0.078802137258408,18__nan,PertCortex_18_CAGTCCTGTAGCTAAA,3.7378719799598876
48496,0.35758090168227297,18__nan,PertCortex_18_CAGTCCTTCTCATTCA,2.4053181339146685
48497,0.5727409363130851,18__nan,PertCortex_18_CATATTCTCGACGGAA,1.5979434030549098
48498,0.10709020796395237,18__nan,PertCortex_18_CATCAAGAGAACAATC,4.196841435570969
48499,0.09334514880147159,18__nan,PertCortex_18_CATCAAGCATTGGCGC,4.026103790933689
48500,0.2978278613266216,18__nan,PertCortex_18_CATCAAGGTTCAGGCC,2.353727486888924
48501,0.4212417561593414,18__nan,PertCortex_18_CATCAAGTCCTCAACC,2.0285233418002
48502,0.4023611654346611,18__nan,PertCortex_18_CATCAGAAGCCACGTC,1.9552000996532053
48503,0.42982921533349433,18__nan,PertCortex_18_CATCAGAGTACCCAAT,2.1550891880289176
48504,0.38223876823747044,18__nan,PertCortex_18_CATCAGATCACCAGGC,1.9061448125380729
48505,0.18617853061198092,18__nan,PertCortex_18_CATCCACCATTAGCCA,2.5109466993253533
48506,0.027889030626646764,18__nan,PertCortex_18_CATCGGGAGACGACGT,4.236260758863624
48507,0.2277124857084969,18__nan,PertCortex_18_CATCGGGTCTTGTTTG,3.0065548092865972
48508,0.24580163511006997,18__nan,PertCortex_18_CATGACACACGTGAGA,2.775101783566359
48509,0.16361610866994045,18__nan,PertCortex_18_CATGACACAGCCACCA,3.132037771748482
48510,0.31788144021310166,18__nan,PertCortex_18_CATGACAGTTCAGACT,1.807882335504016
48511,0.15059253829648792,18__nan,PertCortex_18_CATGCCTCAGGACGTA,3.040939357997304
48512,0.47809293243148626,18__nan,PertCortex_18_CATGCCTCATGAACCT,2.036277470021424
48513,0.1367223052631644,18__nan,PertCortex_18_CATGCCTTCAAACAAG,4.252235428806913
48514,0.5868848980407121,18__nan,PertCortex_18_CATGCCTTCCTCAATT,1.791743986890718
48515,0.36181751930622624,18__nan,PertCortex_18_CATGGCGAGTGAAGTT,2.18313951291541
48516,0.0842286927599415,18__nan,PertCortex_18_CATTATCCATGCAATC,4.01999907866477
48517,0.2202370082493554,18__nan,PertCortex_18_CATTATCGTAGAGGAA,3.0902905890723025
48518,0.038437354297904125,18__nan,PertCortex_18_CATTCGCTCATGTCCC,3.3762572498168977
48519,0.12086632213321447,18__nan,PertCortex_18_CATTCGCTCTGCGTAA,3.6039910279313965
48520,0.3108469257747065,18__nan,PertCortex_18_CCAATCCTCCCAAGTA,2.463301046851446
48521,0.16676059018619946,18__nan,PertCortex_18_CCACTACCACACTGCG,3.134504644219147
48522,0.08879317529749678,18__nan,PertCortex_18_CCACTACGTAGAAGGA,3.2201235936045607
48523,0.40113524193934214,18__nan,PertCortex_18_CCAGCGACATATGGTC,2.076783594040255
48524,0.06558588665581269,18__nan,PertCortex_18_CCAGCGAGTGTGCCTG,4.074067937435409
48525,0.5775087878692656,18__nan,PertCortex_18_CCATGTCCATATGCTG,1.6643315107239713
48526,0.3216977737514267,18__nan,PertCortex_18_CCATGTCTCCGCAAGC,2.1062420553234165
48527,0.4515916129942722,18__nan,PertCortex_18_CCATTCGAGGGATCTG,2.022541173325032
48528,0.06939754671029488,18__nan,PertCortex_18_CCATTCGGTCACTTCC,3.499785865055352
48529,0.27211145737107484,18__nan,PertCortex_18_CCCAATCCAGGGCATA,2.7658307665063866
48530,0.058235778548892475,18__nan,PertCortex_18_CCCAATCTCAGCATGT,3.78222934705285
48531,0.12725153174452172,18__nan,PertCortex_18_CCCAGTTGTCTAGTGT,3.8962255163052615
48532,0.6201637941212522,18__nan,PertCortex_18_CCCAGTTTCTTGGGTA,1.2389100183994592
48533,0.38474993062769164,18__nan,PertCortex_18_CCCATACAGCAGGTCA,2.2535668241600115
48534,0.5911563086999267,18__nan,PertCortex_18_CCCATACCAAAGAATC,1.5353965803782783
48535,0.6041838648600132,18__nan,PertCortex_18_CCCATACCATACGCCG,1.5849191380857262
48536,0.12460439014240189,18__nan,PertCortex_18_CCGGGATAGCGATAGC,3.137888542469542
48537,0.20165704873219562,18__nan,PertCortex_18_CCGGGATAGGATGGAA,2.1704031101293593
48538,0.3700673160963165,18__nan,PertCortex_18_CCGGGATGTTACTGAC,2.308364604831082
48539,0.20401117985454822,18__nan,PertCortex_18_CCGGTAGGTATTCTCT,4.0811619069271305
48540,0.3793890551117853,18__nan,PertCortex_18_CCGTACTGTACCGTAT,1.7504073667474058
48541,0.3841311763336273,18__nan,PertCortex_18_CCGTACTGTGGTGTAG,1.288834643844304
48542,0.16903047029024063,18__nan,PertCortex_18_CCGTGGAAGTCATCCA,2.424561574310807
48543,0.1363746751144033,18__nan,PertCortex_18_CCGTGGACAACCGCCA,4.575679319891966
48544,0.43279923149242744,18__nan,PertCortex_18_CCTAAAGGTTTAGGAA,2.1321086309706976
48545,0.10870908077460632,18__nan,PertCortex_18_CCTACACGTCAGATAA,3.417215362012962
48546,0.043548295710930114,18__nan,PertCortex_18_CCTATTATCACATACG,3.776030009973549
48547,0.42716390655488184,18__nan,PertCortex_18_CCTCAGTAGCGATAGC,2.3229512623304647
48548,0.17904464659922698,18__nan,PertCortex_18_CCTCAGTGTGACGCCT,3.0820369505647958
48549,0.02110993051830211,18__nan,PertCortex_18_CCTCTGAGTACTCAAC,2.962670508195129
48550,0.11534386438862967,18__nan,PertCortex_18_CCTCTGAGTCACTGGC,3.6885172668253716
48551,0.3941100399676304,18__nan,PertCortex_18_CCTTCCCTCTGGGCCA,2.046372207287348
48552,0.17465233878521164,18__nan,PertCortex_18_CCTTCGAGTGGCGAAT,2.806790893192369
48553,0.1206364602187251,18__nan,PertCortex_18_CGAACATAGCCGATTT,3.824775131757595
48554,0.13003750150792373,18__nan,PertCortex_18_CGAACATAGTACGACG,3.2313631975503094
48555,0.22428439692254845,18__nan,PertCortex_18_CGAACATCACACTGCG,2.621571441692793
48556,0.3223806211922437,18__nan,PertCortex_18_CGAACATGTCATATGC,2.088526224867418
48557,0.464580733427152,18__nan,PertCortex_18_CGACTTCAGCCACGCT,1.8031794644162378
48558,0.43567886875307354,18__nan,PertCortex_18_CGAGAAGAGAATGTTG,2.0969413140399147
48559,0.2348229244500651,18__nan,PertCortex_18_CGAGAAGCAAAGCAAT,3.6830187144390574
48560,0.29463042315335347,18__nan,PertCortex_18_CGAGCACAGTCCGGTC,1.8021542482234618
48561,0.3625995268701097,18__nan,PertCortex_18_CGAGCACCATTGGGCC,2.1978221927024726
48562,0.43648239547177947,18__nan,PertCortex_18_CGAGCACTCACGCATA,2.3293928156591175
48563,0.2682401882777299,18__nan,PertCortex_18_CGAGCACTCCCTTGTG,2.9061514064761096
48564,0.1548168160449386,18__nan,PertCortex_18_CGAGCCAAGAGTGACC,3.698260382461436
48565,0.2527347890503787,18__nan,PertCortex_18_CGAGCCATCACCAGGC,2.1991433822269335
48566,0.5455358916557909,18__nan,PertCortex_18_CGATCGGAGAATCTCC,1.61667345435383
48567,0.4220513910375307,18__nan,PertCortex_18_CGATCGGAGTCTCAAC,2.0307724154138427
48568,0.14741911178392558,18__nan,PertCortex_18_CGATCGGCACAACGCC,2.3546422608060524
48569,0.45252734457297206,18__nan,PertCortex_18_CGATCGGTCATCGGAT,2.061617043039925
48570,0.47006897390454844,18__nan,PertCortex_18_CGATGGCTCTTACCTA,2.246867553130186
48571,0.17134843155836307,18__nan,PertCortex_18_CGATGTATCAGGCCCA,3.146305658978746
48572,0.43761067221139444,18__nan,PertCortex_18_CGATTGAAGAGCTGCA,2.0058688606348074
48573,0.20528476699620904,18__nan,PertCortex_18_CGATTGACACATCCGG,3.026615512817164
48574,0.5031564274085989,18__nan,PertCortex_18_CGATTGAGTGGCCCTA,1.4393950120120362
48575,0.3551297995339332,18__nan,PertCortex_18_CGCCAAGCACGCCAGT,1.7761528844416856
48576,0.14740545687900353,18__nan,PertCortex_18_CGCGGTAGTGCAGTAG,2.3615411696066477
48577,0.3235395928415709,18__nan,PertCortex_18_CGCGGTAGTGTCGCTG,1.8629224316232722
48578,0.5133341109436546,18__nan,PertCortex_18_CGCGGTATCGGTGTCG,1.7313060230905781
48579,0.05671132127620253,18__nan,PertCortex_18_CGCGGTATCTAACTGG,3.8465020505912366
48580,0.24958939227081095,18__nan,PertCortex_18_CGCGTTTAGGTAAACT,2.0096368089360017
48581,0.5966180815956822,18__nan,PertCortex_18_CGCGTTTGTTATTCTC,1.6736009176822142
48582,0.43032097933981783,18__nan,PertCortex_18_CGCTATCGTTCTGGTA,2.0640331437221717
48583,0.062014546303054384,18__nan,PertCortex_18_CGCTGGACAAGGTTTC,4.196200522372965
48584,0.574934649551799,18__nan,PertCortex_18_CGCTGGACACGGATAG,1.713913015438729
48585,0.3590811306115337,18__nan,PertCortex_18_CGCTTCAAGTCGCCGT,2.1000129215763588
48586,0.41955257923254163,18__nan,PertCortex_18_CGGACACAGTAGATGT,2.4298833590651476
48587,0.12584969126684642,18__nan,PertCortex_18_CGGACACCAGGCTCAC,4.1945312397074686
48588,0.10633414429388809,18__nan,PertCortex_18_CGGACACTCCTCGCAT,4.120323605483149
48589,0.0729571561981508,18__nan,PertCortex_18_CGGACACTCGTCGTTC,3.939075000623685
48590,0.5860007516895813,18__nan,PertCortex_18_CGGACGTAGATGTCGG,1.586284596203961
48591,0.2613994843848654,18__nan,PertCortex_18_CGGACGTGTTAGAACA,2.2089202286167993
48592,0.5707429258444375,18__nan,PertCortex_18_CGGACTGAGTAGCGGT,1.5040845798526923
48593,0.03511898282775945,18__nan,PertCortex_18_CGGAGCTAGAGAACAG,2.945707109001284
48594,0.4711686970677214,18__nan,PertCortex_18_CGGAGCTCAGACAGGT,1.7749159115614173
48595,0.22573100342684652,18__nan,PertCortex_18_CGGAGCTCATACTCTT,1.5035908844137342
48596,0.43340990471783475,18__nan,PertCortex_18_CGGAGCTGTAGCGTAG,2.261265669033853
48597,0.3891764456361507,18__nan,PertCortex_18_CGGAGCTTCCCAAGAT,2.038651881089334
48598,0.19333120713238203,18__nan,PertCortex_18_CGGAGTCTCTCGAGTA,2.004842381471522
48599,0.48196254795852167,18__nan,PertCortex_18_CGGCTAGAGGGTCTCC,2.4989501901402984
48600,0.07078103745229242,18__nan,PertCortex_18_CGGCTAGGTTACGCGC,2.845432262433169
48601,0.2084415602597051,18__nan,PertCortex_18_CGGGTCAAGAAACGAG,3.214937046748163
48602,0.1840760299595367,18__nan,PertCortex_18_CGGGTCAAGTGGAGTC,3.355237783300929
48603,0.11112912158285314,18__nan,PertCortex_18_CGGGTCAGTTGAGGTG,2.694835167011897
48604,0.13055926308881322,18__nan,PertCortex_18_CGGTTAAAGAGGTTGC,3.11125371598338
48605,0.0563694520420608,18__nan,PertCortex_18_CGGTTAATCGCATGGC,4.075833341484668
48606,0.46264460559402165,18__nan,PertCortex_18_CGTAGCGCATCAGTCA,1.678336112427134
48607,0.10882171077900114,18__nan,PertCortex_18_CGTAGCGGTGCACTTA,3.468529740762355
48608,0.324993349155161,18__nan,PertCortex_18_CGTAGGCGTAAGTGTA,1.822576717805952
48609,0.33546153578138077,18__nan,PertCortex_18_CGTCACTAGCTAGTTC,2.1739998920511976
48610,0.39271185936908826,18__nan,PertCortex_18_CGTCACTGTAAATGTG,2.1467614554891497
48611,0.06717715715096417,18__nan,PertCortex_18_CGTCACTGTAAGTTCC,4.407687985055656
48612,0.34552648239468614,18__nan,PertCortex_18_CGTCAGGAGATGTTAG,1.434973579186401
48613,0.3954010201771336,18__nan,PertCortex_18_CGTCAGGCACGGTAGA,2.043932225500201
48614,0.04344724172204355,18__nan,PertCortex_18_CGTCAGGGTTAAGGGC,4.293788629164065
48615,0.10786095817870109,18__nan,PertCortex_18_CGTCCATGTGACGGTA,3.462502638754491
48616,0.1643975380560994,18__nan,PertCortex_18_CGTCTACCAATCCGAT,2.634470292992578
48617,0.3842365637953536,18__nan,PertCortex_18_CGTCTACCACAGGAGT,2.1686594293018997
48618,0.6214129692499542,18__nan,PertCortex_18_CGTCTACCATTTCAGG,1.5010716304406282
48619,0.17308887617900906,18__nan,PertCortex_18_CGTGAGCCATGCCACG,1.9631928904230966
48620,0.06646159540574156,18__nan,PertCortex_18_CGTGAGCTCAGTCAGT,3.789509800377743
48621,0.1311491441337628,18__nan,PertCortex_18_CGTGTCTAGACAAAGG,2.482039510187335
48622,0.30874436569017,18__nan,PertCortex_18_CGTTGGGAGCTGCCCA,2.2481561850984555
48623,0.2630107501869979,18__nan,PertCortex_18_CGTTGGGCAATGAATG,1.9427524898801476
48624,0.3790613916130173,18__nan,PertCortex_18_CTAACTTTCTCAAACG,2.1246436052010758
48625,0.18071517862609432,18__nan,PertCortex_18_CTAATGGAGACCCACC,2.1366700615560297
48626,0.34611390017241345,18__nan,PertCortex_18_CTACACCCACCTCGTT,2.036196694714732
48627,0.10848575319104183,18__nan,PertCortex_18_CTACACCCAGGTGGAT,3.304135233944996
48628,0.4039205556712976,18__nan,PertCortex_18_CTACACCTCTTTCCTC,1.8990601702149776
48629,0.040384391273364496,18__nan,PertCortex_18_CTACATTAGCACGCCT,2.318889549429841
48630,0.037486526058110974,18__nan,PertCortex_18_CTACATTAGTAGCGGT,4.140096798449523
48631,0.1782195952086665,18__nan,PertCortex_18_CTACATTCACATGTGT,2.8631085391054714
48632,0.5801866393167315,18__nan,PertCortex_18_CTACATTCAGTCACTA,1.635806291392228
48633,0.20965323348511442,18__nan,PertCortex_18_CTACATTTCCTGTACC,2.6714306915344577
48634,0.372988570949228,18__nan,PertCortex_18_CTACCCACAAGCCCAC,2.3273408124916024
48635,0.06749985564208562,18__nan,PertCortex_18_CTACCCATCGCGTAGC,3.096830815948936
48636,0.22706556454004,18__nan,PertCortex_18_CTACGTCCATGCATGT,2.876974280563026
48637,0.03041818391993615,18__nan,PertCortex_18_CTAGAGTAGCTTCGCG,2.257931611940409
48638,0.43695633398139366,18__nan,PertCortex_18_CTAGCCTGTATAATGG,3.01085065169405
48639,0.11358148858433847,18__nan,PertCortex_18_CTAGTGACAGCCTTGG,4.046089582000913
48640,0.09352289206760124,18__nan,PertCortex_18_CTCACACAGAGCTTCT,4.2139029789176785
48641,0.14553589942668635,18__nan,PertCortex_18_CTCACACCATAAGACA,4.049755331308035
48642,0.07130124933773618,18__nan,PertCortex_18_CTCATTAGTCGCTTTC,3.999916995019687
48643,0.4260324889758728,18__nan,PertCortex_18_CTCATTATCTTGTCAT,2.256572610036098
48644,0.22746202766693918,18__nan,PertCortex_18_CTCCTAGCAAGTCATC,3.003303801852218
48645,0.027124168197854345,18__nan,PertCortex_18_CTCGAAAAGAGTACCG,3.6608202318369267
48646,0.11345211683597926,18__nan,PertCortex_18_CTCGAAACAAACCTAC,3.6384411087566613
48647,0.1563325164509577,18__nan,PertCortex_18_CTCGAAACATATACGC,3.2638225177317426
48648,0.1370152115742472,18__nan,PertCortex_18_CTCGAGGGTACTTCTT,3.538274092764849
48649,0.0836307915560105,18__nan,PertCortex_18_CTCGGAGAGGACGAAA,4.388672050657085
48650,0.45894834495820674,18__nan,PertCortex_18_CTCGGAGCAGTAAGCG,1.981609776175098
48651,0.5382775685303192,18__nan,PertCortex_18_CTCGGGAAGAGGGCTT,1.9990297557900354
48652,0.05544019798683986,18__nan,PertCortex_18_CTCGGGAGTCCATCCT,3.4823280009644995
48653,0.33227198543917974,18__nan,PertCortex_18_CTCGGGATCCTGTACC,2.3301188646405837
48654,0.6017689571226368,18__nan,PertCortex_18_CTCGTACCATCAGTCA,1.5403605268939125
48655,0.16451541948041826,18__nan,PertCortex_18_CTCGTACGTTGGTAAA,5.079299018853906
48656,0.3493059277271069,18__nan,PertCortex_18_CTCGTCAAGGATGGTC,1.9069320009827557
48657,0.07008153230539266,18__nan,PertCortex_18_CTCGTCATCCGCAAGC,4.278506365095765
48658,0.12841046799789263,18__nan,PertCortex_18_CTCTAATAGTTAAGTG,3.6128035317257448
48659,0.1397786589747018,18__nan,PertCortex_18_CTCTAATCATTTCAGG,2.694572050353542
48660,0.30301197029734495,18__nan,PertCortex_18_CTCTAATGTCCTCTTG,1.4253300506114615
48661,0.34140110906285526,18__nan,PertCortex_18_CTCTACGAGCCGTCGT,1.9217047756059829
48662,0.570000529348038,18__nan,PertCortex_18_CTCTACGAGTGTCCAT,1.7325004890962286
48663,0.12268642910330664,18__nan,PertCortex_18_CTCTGGTTCAGAGCTT,3.8801944308804157
48664,0.2643707571467999,18__nan,PertCortex_18_CTGAAGTGTGGTGTAG,1.7385691113832333
48665,0.32722535138736875,18__nan,PertCortex_18_CTGAAGTTCACATGCA,1.9158437544524902
48666,0.05480586054636959,18__nan,PertCortex_18_CTGATAGGTACATCCA,4.182786479816084
48667,0.1617405323213213,18__nan,PertCortex_18_CTGATAGGTCGAGATG,3.0331683048198173
48668,0.07340187850108193,18__nan,PertCortex_18_CTGCCTAGTTTAAGCC,3.83035373759793
48669,0.28304739405930596,18__nan,PertCortex_18_CTGCCTATCAGCGATT,1.5902785936382993
48670,0.46862165080046214,18__nan,PertCortex_18_CTGCGGAAGACTGGGT,1.8156335677972524
48671,0.13756856304464632,18__nan,PertCortex_18_CTGCGGACAGGGTACA,3.514472126728513
48672,0.25103749900440653,18__nan,PertCortex_18_CTGCGGAGTACTTGAC,2.7365272375215373
48673,0.530689134797332,18__nan,PertCortex_18_CTGCGGAGTCCATCCT,1.750334802794745
48674,0.4310482343003565,18__nan,PertCortex_18_CTGCTGTCAAGGACTG,1.7745192569250097
48675,0.1461580601198744,18__nan,PertCortex_18_CTGTGCTAGGCTACGA,2.6000477593504328
48676,0.19158696020656651,18__nan,PertCortex_18_CTGTTTAAGACAGGCT,2.7303850850526117
48677,0.07653448438528994,18__nan,PertCortex_18_CTGTTTACAGGCTGAA,4.62266330666574
48678,0.333162219692271,18__nan,PertCortex_18_CTGTTTAGTGATGCCC,1.9151216268574154
48679,0.5442434520370465,18__nan,PertCortex_18_CTTAACTAGTTCCACA,1.6160099977275768
48680,0.3200760864896822,18__nan,PertCortex_18_CTTAACTCAAGAGGCT,1.8378809523878175
48681,0.060908050722419366,18__nan,PertCortex_18_CTTAACTTCAAGAAGT,3.009198169208783
48682,0.28317106685878074,18__nan,PertCortex_18_CTTAACTTCGGATGGA,1.7875494781491348
48683,0.3371191765021701,18__nan,PertCortex_18_CTTAACTTCTTATCTG,2.1562204313141335
48684,0.5315794475665658,18__nan,PertCortex_18_CTTACCGTCTGTCTAT,1.6915884877698781
48685,0.43790395923022596,18__nan,PertCortex_18_CTTAGGAAGTGACTCT,2.191162911003991
48686,0.11818010290043393,18__nan,PertCortex_18_CTTAGGACATACGCTA,4.0795165751810245
48687,0.1692916858848928,18__nan,PertCortex_18_CTTCTCTCACTCTGTC,2.7990980592418935
48688,0.12360867727924446,18__nan,PertCortex_18_CTTCTCTGTATAATGG,3.6403033349236558
48689,0.39674518586703517,18__nan,PertCortex_18_CTTGGCTTCAGATAAG,1.7278798278336913
48690,0.2187335087998105,18__nan,PertCortex_18_CTTTGCGCATAACCTG,1.8811486514757099
48691,0.4145305343450791,18__nan,PertCortex_18_CTTTGCGGTTCGGCAC,2.031443646651059
48692,0.5056459630682248,18__nan,PertCortex_18_GAAACTCGTGCTCTTC,2.6624934802565265
48693,0.1320786587617064,18__nan,PertCortex_18_GAAACTCGTTCGTGAT,3.92134371540816
48694,0.26181624456061536,18__nan,PertCortex_18_GAAACTCTCCAAACAC,2.0007140144300744
48695,0.2015476740797478,18__nan,PertCortex_18_GAAATGAGTATATCCG,2.2555980226267796
48696,0.4646229957516815,18__nan,PertCortex_18_GAAATGATCATTATCC,2.0552071559310168
48697,0.07816569812422249,18__nan,PertCortex_18_GAACCTAAGCTGCCCA,3.619752694044248
48698,0.1044732116536011,18__nan,PertCortex_18_GAACCTAGTAAGTGGC,4.412494107837894
48699,0.2380462682789229,18__nan,PertCortex_18_GAACGGACACGTCTCT,1.9247336404334676
48700,0.5144302058947697,18__nan,PertCortex_18_GAACGGACAGATGAGC,1.663988101304862
48701,0.24465634956668306,18__nan,PertCortex_18_GAACGGAGTAACGTTC,2.9353888431547377
48702,0.10433652474926915,18__nan,PertCortex_18_GAAGCAGGTTCAGGCC,3.2535841333580384
48703,0.07303588883222897,18__nan,PertCortex_18_GAATAAGCATACTCTT,4.393942814662463
48704,0.1036801770209762,18__nan,PertCortex_18_GAATGAACAAATACAG,3.8052917883291077
48705,0.09951226757328122,18__nan,PertCortex_18_GAATGAAGTAGAAGGA,4.262150709071175
48706,0.250959052375546,18__nan,PertCortex_18_GAATGAATCAACACCA,2.216434211959908
48707,0.28579656637676,18__nan,PertCortex_18_GAATGAATCGTTTGCC,1.9983364562857655
48708,0.1477567112401795,18__nan,PertCortex_18_GACACGCAGGAGTCTG,3.1181192415361605
48709,0.3505459801497774,18__nan,PertCortex_18_GACACGCAGTCCGTAT,2.0150722848455227
48710,0.11857688280470761,18__nan,PertCortex_18_GACCAATCACCATGTA,3.4102739202827324
48711,0.40669045993801944,18__nan,PertCortex_18_GACCAATGTAAGAGAG,2.3500006641389333
48712,0.4224142788122287,18__nan,PertCortex_18_GACCAATGTCTAGAGG,1.7785518103265383
48713,0.33328745501166235,18__nan,PertCortex_18_GACCAATGTGTGACGA,2.2986883415874035
48714,0.24830597238544103,18__nan,PertCortex_18_GACCTGGAGAAGGACA,2.3386688126206083
48715,0.3169377742754203,18__nan,PertCortex_18_GACCTGGGTTTGCATG,2.2362549887670484
48716,0.32743768686905816,18__nan,PertCortex_18_GACGCGTAGATAGTCA,2.2078216544670073
48717,0.24869306306127104,18__nan,PertCortex_18_GACGTGCAGTGGGCTA,2.329679653026297
48718,0.16702711740431314,18__nan,PertCortex_18_GACGTTAAGTGACTCT,2.5931115631125525
48719,0.14804890772822868,18__nan,PertCortex_18_GACGTTAGTCGAAAGC,2.693699386035179
48720,0.5103025155200728,18__nan,PertCortex_18_GACGTTAGTTCAGGCC,2.955297828374346
48721,0.26689448792182635,18__nan,PertCortex_18_GACTAACAGAGGTACC,2.042557735503304
48722,0.2318525191965128,18__nan,PertCortex_18_GACTACACAAACTGCT,2.5789099774689226
48723,0.31839363298778983,18__nan,PertCortex_18_GACTACAGTCAGAGGT,1.5952377219753375
48724,0.2679733297915969,18__nan,PertCortex_18_GACTGCGCATCACAAC,2.3174996925318228
48725,0.5526574705402593,18__nan,PertCortex_18_GAGCAGACAAGTCATC,2.267724546899305
48726,0.5960552158962599,18__nan,PertCortex_18_GAGCAGACATCTGGTA,1.624400443107185
48727,0.49915766115477683,18__nan,PertCortex_18_GAGGTGAAGAGTTGGC,1.8025964585257575
48728,0.24643748074860308,18__nan,PertCortex_18_GAGGTGAAGCGTGAGT,1.8316547916091288
48729,0.22308618114972806,18__nan,PertCortex_18_GATCAGTCATCACAAC,2.8601037676169474
48730,0.37381530363084886,18__nan,PertCortex_18_GATCGCGAGATCACGG,1.7891628342843897
48731,0.10718642687776653,18__nan,PertCortex_18_GATCGTAAGTCACGCC,3.115182478668353
48732,0.15644203130326975,18__nan,PertCortex_18_GATCGTAGTCGAAAGC,3.8572886304636587
48733,0.40627447196362276,18__nan,PertCortex_18_GATCTAGCATCACGTA,1.9308253941466242
48734,0.27543426609940264,18__nan,PertCortex_18_GATGAAAAGCACCGCT,1.9335360925996257
48735,0.10409459331744154,18__nan,PertCortex_18_GATGAAAGTGTTCTTT,2.8410532821115857
48736,0.38013038445659997,18__nan,PertCortex_18_GATGAGGAGTATCGAA,2.1393136855846313
48737,0.4354447550506975,18__nan,PertCortex_18_GATGCTAAGGCTATCT,2.9518180682895108
48738,0.11111796182002309,18__nan,PertCortex_18_GATGCTAGTGATAAGT,4.6116806573626254
48739,0.0842455215158141,18__nan,PertCortex_18_GATGCTATCTGTCAAG,3.037272403325832
48740,0.07539585167115605,18__nan,PertCortex_18_GATTCAGGTCGGCACT,2.6018190207759333
48741,0.5542500800083583,18__nan,PertCortex_18_GATTCAGGTGTTGAGG,1.5313824009613728
48742,0.1282346787893667,18__nan,PertCortex_18_GATTCAGGTTCCACGG,3.9282295990043323
48743,0.424418420545883,18__nan,PertCortex_18_GATTCAGTCGTACCGG,2.083435529016868
48744,0.33636314076191726,18__nan,PertCortex_18_GCAAACTCATTATCTC,1.893663300606964
48745,0.24063820262959895,18__nan,PertCortex_18_GCAAACTGTGCAACTT,3.165221730418609
48746,0.27242506517684273,18__nan,PertCortex_18_GCAAACTTCGCGTAGC,2.0756515519880083
48747,0.22658947072512337,18__nan,PertCortex_18_GCAATCAAGGCCCTTG,3.813033506514376
48748,0.20115570811188568,18__nan,PertCortex_18_GCAATCATCAAAGACA,2.547412678120016
48749,0.6326089130049747,18__nan,PertCortex_18_GCACATAGTCTACCTC,2.2157813006663174
48750,0.19641490269895945,18__nan,PertCortex_18_GCAGCCAAGTCATGCT,2.7273818418336497
48751,0.5319310664297354,18__nan,PertCortex_18_GCAGCCAGTGATGTGG,2.0928613202065964
48752,0.4362932482024369,18__nan,PertCortex_18_GCAGTTAAGAACAATC,2.207232123644447
48753,0.29868612559550284,18__nan,PertCortex_18_GCAGTTAAGCCACCTG,2.0007355400368607
48754,0.43437910106521405,18__nan,PertCortex_18_GCATACAAGAAGATTC,2.2224110525209864
48755,0.46586632802344335,18__nan,PertCortex_18_GCATGATAGGATGTAT,2.348301952295129
48756,0.11388681820770621,18__nan,PertCortex_18_GCATGATGTTGATTGC,4.4274926423187315
48757,0.4951638841464941,18__nan,PertCortex_18_GCATGCGGTGACAAAT,1.0157982182483147
48758,0.1809270921586,18__nan,PertCortex_18_GCATGCGGTTCTGGTA,3.4997992616467264
48759,0.179259741333528,18__nan,PertCortex_18_GCATGTAAGAGGGATA,2.500769481835308
48760,0.04520202259401992,18__nan,PertCortex_18_GCATGTATCTTGCAAG,4.862411826721651
48761,0.08189305490160285,18__nan,PertCortex_18_GCCAAATAGCGTGTCC,3.4203547131110272
48762,0.05932802354268621,18__nan,PertCortex_18_GCCAAATAGGCTCTTA,3.3446061904366404
48763,0.05283525471110371,18__nan,PertCortex_18_GCCAAATTCCTTCAAT,4.179363053619806
48764,0.5208529739411254,18__nan,PertCortex_18_GCCTCTACATAACCTG,1.751586632233166
48765,0.30383016883377695,18__nan,PertCortex_18_GCGACCAAGGAGTTTA,2.19119198179837
48766,0.14130576005231232,18__nan,PertCortex_18_GCGACCAGTCAACTGT,3.7197950209465716
48767,0.16957160888200534,18__nan,PertCortex_18_GCGACCATCTCCTATA,4.511524662666617
48768,0.15985722031421148,18__nan,PertCortex_18_GCGAGAACACCAGATT,2.633667325910598
48769,0.3735660240775631,18__nan,PertCortex_18_GCGAGAATCAGCTTAG,2.0803808525898413
48770,0.09613502851191598,18__nan,PertCortex_18_GCGAGAATCCTTGCCA,2.2142239798793537
48771,0.21226348230827177,18__nan,PertCortex_18_GCGCAGTGTGCAGTAG,2.707384847648358
48772,0.08196836033651918,18__nan,PertCortex_18_GCGCCAAAGGACATTA,4.5609391059665585
48773,0.1916752208446788,18__nan,PertCortex_18_GCGCCAACAGCTTAAC,2.7626781064038255
48774,0.3125543517241354,18__nan,PertCortex_18_GCGCGATTCCGTTGCT,3.8822172809841504
48775,0.2421623429122649,18__nan,PertCortex_18_GCGGGTTGTAGCTAAA,2.522613452552606
48776,0.10863207020591734,18__nan,PertCortex_18_GCTCCTAAGCTCAACT,4.120932220429386
48777,0.47895109972185745,18__nan,PertCortex_18_GCTCCTACAAGGCTCC,1.5231553458279878
48778,0.21556193515298394,18__nan,PertCortex_18_GCTCCTACAATCCGAT,2.394026131505233
48779,0.2616207377871587,18__nan,PertCortex_18_GCTCCTACAGCTATTG,1.532021611766768
48780,0.4644209907787879,18__nan,PertCortex_18_GCTGCAGGTTTCGCTC,0.9342099976573767
48781,0.4299096085030616,18__nan,PertCortex_18_GCTGCAGTCCTTGACC,1.8209705436542996
48782,0.07905291311294174,18__nan,PertCortex_18_GCTGCGACAGGACGTA,4.022127246068387
48783,0.08962689472786259,18__nan,PertCortex_18_GCTGCTTGTGTGTGCC,3.7487631533304984
48784,0.0574190345198115,18__nan,PertCortex_18_GCTGCTTTCTCTAAGG,4.234270151310946
48785,0.34399342589821014,18__nan,PertCortex_18_GCTGGGTAGGCAATTA,3.6123024323123225
48786,0.5674053594046689,18__nan,PertCortex_18_GCTTCCAAGATATACG,1.6876327144336318
48787,0.24040962172569633,18__nan,PertCortex_18_GCTTCCAAGTACGTAA,2.0250553855754347
48788,0.04154991245592094,18__nan,PertCortex_18_GCTTGAAAGAGGTAGA,4.270203632899776
48789,0.4156549383983,18__nan,PertCortex_18_GCTTGAATCACTATTC,2.185743357366273
48790,0.05356480357665521,18__nan,PertCortex_18_GGAAAGCTCGAGAACG,3.7845087162935442
48791,0.08213767922902582,18__nan,PertCortex_18_GGAAAGCTCTTCAACT,3.798225728495643
48792,0.1253093760935463,18__nan,PertCortex_18_GGAACTTAGGAGTACC,2.3759509191750303
48793,0.4641264640143935,18__nan,PertCortex_18_GGAACTTGTGCCTTGG,1.8856098176448686
48794,0.07482795067813895,18__nan,PertCortex_18_GGAATAACAAGTCATC,3.9437282574755117
48795,0.49458000586903167,18__nan,PertCortex_18_GGAATAAGTATATCCG,1.9773226667935544
48796,0.11754331671779898,18__nan,PertCortex_18_GGAATAATCAAGAAGT,2.609186379335294
48797,0.47924700608170817,18__nan,PertCortex_18_GGAATAATCGTTACAG,1.8189145699298852
48798,0.06522928515970368,18__nan,PertCortex_18_GGACAGAAGGAGTTTA,4.326244384386971
48799,0.18109058650007331,18__nan,PertCortex_18_GGACATTAGACTGGGT,2.7504989828074584
48800,0.1929421948375984,18__nan,PertCortex_18_GGACATTCAGATCCAT,2.510141423270342
48801,0.32461023090316177,18__nan,PertCortex_18_GGACATTTCTCGGACG,2.362664394165739
48802,0.24654143300289202,18__nan,PertCortex_18_GGACGTCAGTGTCTCA,2.0276210582112046
48803,0.06232859136609474,18__nan,PertCortex_18_GGACGTCGTGTCAATC,4.2340907823704566
48804,0.18515796290379646,18__nan,PertCortex_18_GGATTACCAGTAAGCG,3.847934039803527
48805,0.16512023150360491,18__nan,PertCortex_18_GGATTACCATGCCTTC,3.18055869499877
48806,0.2963712505852086,18__nan,PertCortex_18_GGATTACTCCACGAAT,2.2705335236358923
48807,0.09769836190959862,18__nan,PertCortex_18_GGATTACTCTACTCAT,3.7498326513807143
48808,0.182659421606567,18__nan,PertCortex_18_GGATTACTCTGTCCGT,3.230252990101276
48809,0.0819767605675315,18__nan,PertCortex_18_GGCAATTAGACAAGCC,3.6395123270053973
48810,0.40825320158702255,18__nan,PertCortex_18_GGCAATTAGACAATAC,2.336943763172826
48811,0.4138276619015703,18__nan,PertCortex_18_GGCCGATAGCCGTCGT,1.9396608973234086
48812,0.3823395557670359,18__nan,PertCortex_18_GGCCGATCAAGTAGTA,2.129016141589431
48813,0.6330023953214569,18__nan,PertCortex_18_GGCGACTTCCGTCATC,1.4788497211442617
48814,0.21108774205225553,18__nan,PertCortex_18_GGCGTGTGTACTCGCG,2.064028872904299
48815,0.41210625503595455,18__nan,PertCortex_18_GGCTCGAAGTGTTTGC,1.5330528529966392
48816,0.2135228487574467,18__nan,PertCortex_18_GGCTGGTCAGTCTTCC,2.4263417170143384
48817,0.5282017727826995,18__nan,PertCortex_18_GGGAGATAGCGGCTTC,1.6245173496060572
48818,0.14916466310606957,18__nan,PertCortex_18_GGGAGATGTTGTACAC,2.8903805440695307
48819,0.40200259621398343,18__nan,PertCortex_18_GGGCACTAGCCAGGAT,2.094438026483371
48820,0.1049627693774904,18__nan,PertCortex_18_GGGCACTGTACCAGTT,3.725731931004241
48821,0.2313181162944821,18__nan,PertCortex_18_GGGCACTGTTACGGAG,1.9979666179197852
48822,0.3464108114600633,18__nan,PertCortex_18_GGGCATCAGGACATTA,2.1508019494925694
48823,0.24648858958769496,18__nan,PertCortex_18_GGGCATCGTCCAACTA,2.333243019151649
48824,0.09457691518734557,18__nan,PertCortex_18_GGGTTGCCACGGCGTT,3.9965457376297913
48825,0.6135379705821224,18__nan,PertCortex_18_GGTATTGTCTGCGTAA,1.4689932646762278
48826,0.18788768450810686,18__nan,PertCortex_18_GGTGTTATCAGCTCTC,2.9883473858252736
48827,0.5118806316331869,18__nan,PertCortex_18_GTAACGTGTCACTTCC,1.7090055572312848
48828,0.5243423057713792,18__nan,PertCortex_18_GTAACTGTCAGTCAGT,1.8925890968509234
48829,0.2661081930448356,18__nan,PertCortex_18_GTACGTACAATAACGA,2.742462702608752
48830,0.23103338389464234,18__nan,PertCortex_18_GTACGTACACTTAACG,2.5159752163699243
48831,0.3280248768327,18__nan,PertCortex_18_GTACGTATCTATCCCG,2.194220736237446
48832,0.061913903981250976,18__nan,PertCortex_18_GTACTCCAGGGCTCTC,4.315181622685182
48833,0.13077211596842037,18__nan,PertCortex_18_GTACTCCCAGATCGGA,3.765599006878322
48834,0.44996573439135407,18__nan,PertCortex_18_GTACTTTAGTTATCGC,1.9789242994205851
48835,0.10567390701159186,18__nan,PertCortex_18_GTAGGCCGTTGATTCG,4.072118182275088
48836,0.12707929380485886,18__nan,PertCortex_18_GTAGTCAAGGGAGTAA,2.430259612831093
48837,0.35547052707805243,18__nan,PertCortex_18_GTAGTCATCTAGAGTC,2.3198121186304625
48838,0.3382613600670738,18__nan,PertCortex_18_GTATCTTTCAAGAAGT,2.580268577496615
48839,0.3991530746943244,18__nan,PertCortex_18_GTATTCTAGGCGCTCT,2.0947738493593926
48840,0.21975613743615607,18__nan,PertCortex_18_GTATTCTCATCACGAT,2.9922886633965833
48841,0.412247941773259,18__nan,PertCortex_18_GTATTCTCATGTAAGA,2.1652307394449206
48842,0.008685718918964363,18__nan,PertCortex_18_GTATTCTTCCGCGTTT,4.37500889055152
48843,0.2753667037298838,18__nan,PertCortex_18_GTCAAGTGTGTTCTTT,2.307942378660183
48844,0.1624854794576103,18__nan,PertCortex_18_GTCCTCACATTAACCG,3.4618525587144005
48845,0.6222747862587228,18__nan,PertCortex_18_GTCCTCAGTCAAGCGA,1.389435158222559
48846,0.19790164945946226,18__nan,PertCortex_18_GTCCTCAGTGTTGAGG,3.1832945479877477
48847,0.18839676609813336,18__nan,PertCortex_18_GTCGGGTCACGAAAGC,2.8060355860823543
48848,0.23418935007788935,18__nan,PertCortex_18_GTCGTAACAAATACAG,2.4245763296380702
48849,0.5053193746036453,18__nan,PertCortex_18_GTCGTAACAGATGGCA,1.5440659817928395
48850,0.10381662982334325,18__nan,PertCortex_18_GTCGTAAGTCAGTGGA,3.192263008130945
48851,0.4506887019304252,18__nan,PertCortex_18_GTCTCGTGTCTGCGGT,1.9818410982964356
48852,0.5413061016220567,18__nan,PertCortex_18_GTCTTCGTCGCCATAA,2.066515819064111
48853,0.12363012688568256,18__nan,PertCortex_18_GTGAAGGGTCCTAGCG,3.502986614718224
48854,0.2517022499355365,18__nan,PertCortex_18_GTGCAGCAGACCTAGG,3.016271743744881
48855,0.12797030332763162,18__nan,PertCortex_18_GTGCAGCAGCGAGAAA,4.095640634507952
48856,0.04990470315477137,18__nan,PertCortex_18_GTGCAGCCATCGGTTA,2.3597969495721856
48857,0.4517398720891331,18__nan,PertCortex_18_GTGCAGCGTAGCCTCG,1.8862364389030406
48858,0.04786792993810579,18__nan,PertCortex_18_GTGCAGCTCATGCTCC,3.9875865404605717
48859,0.25864424755151844,18__nan,PertCortex_18_GTGCATAGTAACGTTC,2.5608266887286804
48860,0.29655939308412244,18__nan,PertCortex_18_GTGCATATCCGGGTGT,2.1413494001216695
48861,0.5250222160781151,18__nan,PertCortex_18_GTGGGTCAGTCGCCGT,1.5847813038269427
48862,0.1500365392592309,18__nan,PertCortex_18_GTGGGTCGTCTCCATC,3.0965113104915556
48863,0.5077377136719406,18__nan,PertCortex_18_GTGGGTCTCTTCGAGA,1.8747808124744707
48864,0.17807655995427904,18__nan,PertCortex_18_GTGTTAGAGTTTAGGA,2.3694587899362953
48865,0.2668942771020149,18__nan,PertCortex_18_GTGTTAGGTCTGATCA,2.69027527249065
48866,0.36742510106172016,18__nan,PertCortex_18_GTTAAGCAGACCTAGG,2.0400302134296098
48867,0.20760065666952565,18__nan,PertCortex_18_GTTAAGCGTCTCCCTA,2.6300870956626814
48868,0.6136632554507301,18__nan,PertCortex_18_GTTACAGAGTGCAAGC,1.982120262029259
48869,0.4051995395495697,18__nan,PertCortex_18_GTTACAGAGTGTCCAT,2.141342745270136
48870,0.08287591923579725,18__nan,PertCortex_18_GTTACAGCACATGACT,3.9652191523035154
48871,0.20500615368551098,18__nan,PertCortex_18_GTTCGGGAGGATCGCA,2.845868352928118
48872,0.09834077506797402,18__nan,PertCortex_18_GTTCGGGCATCCGGGT,2.2568805266014396
48873,0.11638418254634146,18__nan,PertCortex_18_GTTCTCGCAATCACAC,3.5691781224832595
48874,0.023850998282867228,18__nan,PertCortex_18_GTTTCTATCCGCAAGC,3.063324200063384
48875,0.5256405244260509,18__nan,PertCortex_18_GTTTCTATCGCTAGCG,2.525139973197999
48876,0.16386984460370785,18__nan,PertCortex_18_GTTTCTATCTCGATGA,3.352951555736516
48877,0.026925433868406314,18__nan,PertCortex_18_TAAACCGAGCTCCTCT,3.7307572115634238
48878,0.2631460080574316,18__nan,PertCortex_18_TAAACCGAGTCGTTTG,1.8962944456001096
48879,0.25675455564379845,18__nan,PertCortex_18_TAAACCGTCAACTCTT,2.8558123987511097
48880,0.2038025264979122,18__nan,PertCortex_18_TAAGAGACATACGCTA,3.3285910058998445
48881,0.5457176142023435,18__nan,PertCortex_18_TAAGTGCGTGTCTGAT,1.912439104577501
48882,0.11982187001089357,18__nan,PertCortex_18_TAAGTGCTCGAATGGG,3.2822347443576945
48883,0.3080418098855916,18__nan,PertCortex_18_TACAGTGCAGTAGAGC,2.167014083879474
48884,0.31080148289113124,18__nan,PertCortex_18_TACCTATTCACCAGGC,2.639823339157949
48885,0.08584403999105358,18__nan,PertCortex_18_TACCTTATCGACGGAA,4.212085527901145
48886,0.08567723438652737,18__nan,PertCortex_18_TACGGATAGTAGGTGC,3.678496586886714
48887,0.14809333699829189,18__nan,PertCortex_18_TACGGATCAACTGCTA,2.9915655795405867
48888,0.28697065425641816,18__nan,PertCortex_18_TACGGATCACAAGCCC,2.707458772539694
48889,0.4874311262940243,18__nan,PertCortex_18_TACGGATCATGTAGTC,1.8102133621947245
48890,0.15304110432908186,18__nan,PertCortex_18_TACGGGCCACCATCCT,1.9391144285765263
48891,0.20422421949645084,18__nan,PertCortex_18_TACGGGCCACTCTGTC,2.8457092091375653
48892,0.126742352973059,18__nan,PertCortex_18_TACTCGCGTGCGAAAC,3.433435831692454
48893,0.31315977154540414,18__nan,PertCortex_18_TACTTACTCGTAGGAG,2.0021020866518215
48894,0.34370883965247556,18__nan,PertCortex_18_TAGACCACATGTAGTC,1.9451825753351235
48895,0.26823700013417234,18__nan,PertCortex_18_TAGACCAGTTGATTCG,2.8575106105055035
48896,0.2519617534165882,18__nan,PertCortex_18_TAGCCGGAGTCTTGCA,1.618558907454144
48897,0.08212316605281592,18__nan,PertCortex_18_TAGCCGGCACACCGCA,3.6768588984576605
48898,0.0914727363172737,18__nan,PertCortex_18_TAGCCGGCACATGGGA,3.76761199378702
48899,0.08550391303183116,18__nan,PertCortex_18_TAGCCGGGTCCGAACC,3.7158479338691386
48900,0.2434012147647579,18__nan,PertCortex_18_TAGCCGGTCAACGAAA,2.2376220079355034
48901,0.13460023713886315,18__nan,PertCortex_18_TAGTGGTCACAAGCCC,4.354556772456084
48902,0.04179525757538296,18__nan,PertCortex_18_TAGTTGGAGCGCTTAT,4.170204942792431
48903,0.4906551101304169,18__nan,PertCortex_18_TAGTTGGCAACTGGCC,1.800999626515362
48904,0.5364239237896394,18__nan,PertCortex_18_TAGTTGGCACGCCAGT,1.8289752238828791
48905,0.11145346497266675,18__nan,PertCortex_18_TAGTTGGCAGGGTATG,3.460180569662336
48906,0.09764264428805598,18__nan,PertCortex_18_TAGTTGGCAGTCACTA,3.3123919156063812
48907,0.21805370596184354,18__nan,PertCortex_18_TATCAGGAGTGAAGAG,2.356109920553513
48908,0.4348200676843466,18__nan,PertCortex_18_TATCTCAGTAAAGTCA,2.1948113553229587
48909,0.19325114325174356,18__nan,PertCortex_18_TATCTCAGTTAAGTAG,2.4452627923717087
48910,0.06321590074724447,18__nan,PertCortex_18_TATCTCATCTTTAGGG,3.9131362569606982
48911,0.25571900975947864,18__nan,PertCortex_18_TATGCCCAGCTAAGAT,1.8068837058343565
48912,0.3093235211570427,18__nan,PertCortex_18_TATGCCCGTTCAGTAC,2.1469897454728706
48913,0.12952658832511282,18__nan,PertCortex_18_TATGCCCTCATACGGT,2.5973427378746234
48914,0.6358480428647826,18__nan,PertCortex_18_TATGCCCTCTGGGCCA,1.8807353923395194
48915,0.5683822253040225,18__nan,PertCortex_18_TATTACCTCTCTAGGA,1.4349772294618337
48916,0.5040175784564382,18__nan,PertCortex_18_TATTACCTCTTGCCGT,1.9444853282632413
48917,0.23334171276757798,18__nan,PertCortex_18_TCACAAGGTTATTCTC,2.4438929974384713
48918,0.4120584364551929,18__nan,PertCortex_18_TCAGATGAGTAGGCCA,2.1417432323951466
48919,0.3562345416209119,18__nan,PertCortex_18_TCAGCAAAGACGCTTT,1.4416068997786362
48920,0.12845303192744903,18__nan,PertCortex_18_TCAGCAACAGGAATCG,4.06747514224796
48921,0.3283375640810525,18__nan,PertCortex_18_TCAGCAACAGTCTTCC,1.7275403287827047
48922,0.31518052153620113,18__nan,PertCortex_18_TCAGCAAGTTCGGGCT,2.173846710711083
48923,0.08762034223502595,18__nan,PertCortex_18_TCAGCTCAGACTGGGT,3.9453655348661743
48924,0.2898342237726237,18__nan,PertCortex_18_TCAGCTCGTGGGTATG,2.3320083782436205
48925,0.17536596587670183,18__nan,PertCortex_18_TCAGGATAGGCGATAC,3.8974315364794276
48926,0.4441935001113423,18__nan,PertCortex_18_TCAGGTATCGGCATCG,1.9073775460672413
48927,0.14073991062201957,18__nan,PertCortex_18_TCATTACAGGACTGGT,2.6120631680380555
48928,0.3014816554819263,18__nan,PertCortex_18_TCATTTGAGACGACGT,2.017366172910336
48929,0.08372315750476582,18__nan,PertCortex_18_TCATTTGAGGACCACA,3.844209111764881
48930,0.4081878568405412,18__nan,PertCortex_18_TCATTTGGTCCAACTA,2.351404838655495
48931,0.02661592896786763,18__nan,PertCortex_18_TCCACACAGCGGCTTC,3.2494150154575867
48932,0.476427580222831,18__nan,PertCortex_18_TCCACACCAAATCCGT,1.5707415001973226
48933,0.36624526768751803,18__nan,PertCortex_18_TCCACACGTCATGCAT,2.3521305567596418
48934,0.1442746383119029,18__nan,PertCortex_18_TCCCGATAGACCTAGG,3.7432352842164636
48935,0.34141020212789036,18__nan,PertCortex_18_TCGAGGCCAATAGCAA,2.0130074286224153
48936,0.15506142445477658,18__nan,PertCortex_18_TCGCGAGCAAGTCATC,2.62899003632973
48937,0.3010401377480233,18__nan,PertCortex_18_TCGCGAGGTCATATGC,2.0863797575570175
48938,0.20294309336179542,18__nan,PertCortex_18_TCGGGACCAATCCAAC,2.1786360032776964
48939,0.27384351625748926,18__nan,PertCortex_18_TCGGGACGTCCGAAGA,1.4573878024759324
48940,0.5579704989386286,18__nan,PertCortex_18_TCGTACCCATTGGGCC,1.7302411438787815
48941,0.15197966871542073,18__nan,PertCortex_18_TCGTACCTCCCTTGCA,3.5010755662045265
48942,0.23744212746142865,18__nan,PertCortex_18_TCTATTGAGGAATTAC,2.8788559956963837
48943,0.38028241987795713,18__nan,PertCortex_18_TCTATTGAGTTTCCTT,1.9616609311173858
48944,0.18696525529196825,18__nan,PertCortex_18_TCTATTGGTAGAGGAA,3.007664856610153
48945,0.5178254177357344,18__nan,PertCortex_18_TCTCATACAGTTCCCT,2.5284702906107674
48946,0.19588682432935717,18__nan,PertCortex_18_TCTCATAGTTAGATGA,2.7475618099359695
48947,0.2936097304633351,18__nan,PertCortex_18_TCTCTAAAGAATGTTG,1.866941275654518
48948,0.2895460654293788,18__nan,PertCortex_18_TCTCTAAAGATATACG,1.656189586102263
48949,0.33766357894848026,18__nan,PertCortex_18_TCTGGAAGTATATCCG,1.5277845743893579
48950,0.2300378305878418,18__nan,PertCortex_18_TCTTTCCCACGTCAGC,1.5658218648765598
48951,0.22875009145146027,18__nan,PertCortex_18_TCTTTCCCACTTGGAT,2.965284988974722
48952,0.08383472129189182,18__nan,PertCortex_18_TCTTTCCCATCCTTGC,3.62324135828824
48953,0.2857654786835303,18__nan,PertCortex_18_TGAAAGACAGGGTATG,2.725565267999353
48954,0.39744014148083545,18__nan,PertCortex_18_TGACAACAGGACACCA,2.1075647489095055
48955,0.04937281955937771,18__nan,PertCortex_18_TGACAACGTCCAGTAT,3.8211351854474294
48956,0.5996482855783477,18__nan,PertCortex_18_TGACAACTCTACGAGT,1.5947198257161697
48957,0.5581005506465133,18__nan,PertCortex_18_TGACGGCAGGATGTAT,1.6469675285588368
48958,0.0689486608245548,18__nan,PertCortex_18_TGACGGCCATGACGGA,4.5079763708446094
48959,0.03776931822900999,18__nan,PertCortex_18_TGACGGCGTTTGTTTC,3.8825035582804457
48960,0.10474802117007308,18__nan,PertCortex_18_TGACGGCTCGTCGTTC,3.726553934719269
48961,0.11062970460832411,18__nan,PertCortex_18_TGACGGCTCTTTAGTC,4.860484991666711
48962,0.6088701501272461,18__nan,PertCortex_18_TGACTAGAGACTAGAT,1.5401010357037872
48963,0.07505055087725962,18__nan,PertCortex_18_TGACTAGAGTAGATGT,3.9730329354213896
48964,0.2796817281478615,18__nan,PertCortex_18_TGACTAGCATCGGACC,1.9606629057547118
48965,0.5062774990044179,18__nan,PertCortex_18_TGACTAGTCATACGGT,1.5852794372899748
48966,0.20057967904477067,18__nan,PertCortex_18_TGACTTTAGCAGACTG,3.567042152838539
48967,0.1130740793230848,18__nan,PertCortex_18_TGACTTTCAGGATTGG,2.8878305055657822
48968,0.1525268724360539,18__nan,PertCortex_18_TGACTTTTCCGTAGGC,2.521953378668227
48969,0.35486477090425567,18__nan,PertCortex_18_TGAGCATAGCGTAATA,2.403882528389264
48970,0.08211668678463238,18__nan,PertCortex_18_TGAGCATAGTACGATA,4.105091309449279
48971,0.0530451522048173,18__nan,PertCortex_18_TGAGCCGAGAGTGAGA,2.613404138563141
48972,0.2014504628175193,18__nan,PertCortex_18_TGAGCCGGTACCTACA,2.366059004211881
48973,0.3179613104141777,18__nan,PertCortex_18_TGAGCCGGTGTTCTTT,1.667414732215446
48974,0.49810549827978506,18__nan,PertCortex_18_TGAGGGAGTAACGACG,1.7224601225420424
48975,0.41360121962303054,18__nan,PertCortex_18_TGAGGGAGTAAGAGAG,2.363450968804067
48976,0.40825979097485027,18__nan,PertCortex_18_TGATTTCAGTCGATAA,2.1137806007730124
48977,0.3268078223543561,18__nan,PertCortex_18_TGATTTCCATCACAAC,1.9521464848606802
48978,0.11791382734176367,18__nan,PertCortex_18_TGCACCTCACCATCCT,3.9890625949243748
48979,0.20842528876009803,18__nan,PertCortex_18_TGCCAAAAGTACGTAA,3.5421367900323606
48980,0.3586374235986411,18__nan,PertCortex_18_TGCCAAAGTACAGTTC,1.9036654479336972
48981,0.24191193366099975,18__nan,PertCortex_18_TGCCCATAGTACGATA,2.0647111946184644
48982,0.2266921987079791,18__nan,PertCortex_18_TGCCCTAAGCCAGAAC,1.9328079113608272
48983,0.15921954307262268,18__nan,PertCortex_18_TGCGCAGTCAACGAAA,2.757667228563731
48984,0.49406430848027305,18__nan,PertCortex_18_TGCGTGGGTTCATGGT,2.021308679048075
48985,0.12106226015942835,18__nan,PertCortex_18_TGCTACCGTAGTGAAT,4.42887758500153
48986,0.17815815868196888,18__nan,PertCortex_18_TGCTACCGTCACTGGC,3.0116141927956215
48987,0.06569403066675535,18__nan,PertCortex_18_TGCTACCGTTTACTCT,4.451102030908549
48988,0.4760344509574148,18__nan,PertCortex_18_TGCTGCTCAAGTTAAG,1.8972825583780495
48989,0.2831213656702534,18__nan,PertCortex_18_TGCTGCTCATTAGGCT,2.4868728453426985
48990,0.10492097541663027,18__nan,PertCortex_18_TGCTGCTGTCAGAAGC,3.2101950165637505
48991,0.10938276766781066,18__nan,PertCortex_18_TGGACGCAGCATGGCA,3.6451404195323778
48992,0.31102883989855706,18__nan,PertCortex_18_TGGACGCCACCACGTG,1.8955078679368367
48993,0.11688091292248157,18__nan,PertCortex_18_TGGACGCCAGAAGCAC,3.607752339081134
48994,0.6277122001738294,18__nan,PertCortex_18_TGGACGCCAGTCTTCC,1.5648612100018437
48995,0.42531548968763105,18__nan,PertCortex_18_TGGACGCTCAACACTG,1.7308224913403452
48996,0.4426889867497882,18__nan,PertCortex_18_TGGCCAGCATGGTCAT,1.7287409490597405
48997,0.3936983045828034,18__nan,PertCortex_18_TGGCCAGTCCAAGTAC,2.244948164746422
48998,0.312800523971435,18__nan,PertCortex_18_TGGCGCATCTTAGCCC,1.6187975297023074
48999,0.4589660211550072,18__nan,PertCortex_18_TGGCTGGAGTGAAGTT,1.9285923735108699
49000,0.08672752296804881,18__nan,PertCortex_18_TGGGAAGCAAGACACG,3.278947773363877
49001,0.3438974036715254,18__nan,PertCortex_18_TGGGAAGGTCTCTCGT,2.178872487023928
49002,0.24341422651226852,18__nan,PertCortex_18_TGGGAAGTCTGAGTGT,2.814095718879212
49003,0.25905382239222235,18__nan,PertCortex_18_TGGGCGTAGACCCACC,2.0911134969721754
49004,0.3249793601609402,18__nan,PertCortex_18_TGGGCGTGTAGGGACT,1.5484668054527917
49005,0.5493847689658596,18__nan,PertCortex_18_TGGGCGTTCTTGAGAC,1.5583936233867466
49006,0.48590132162982336,18__nan,PertCortex_18_TGGTTAGCATAGAAAC,2.2605175924008436
49007,0.3229858045937797,18__nan,PertCortex_18_TGGTTAGGTACGACCC,1.8595126809092608
49008,0.4728032645761078,18__nan,PertCortex_18_TGGTTAGGTCAGTGGA,1.9320355623783252
49009,0.3471236784483594,18__nan,PertCortex_18_TGGTTCCCAGTGAGTG,2.073719815992121
49010,0.07508766629463486,18__nan,PertCortex_18_TGTATTCAGTGCAAGC,4.103253099498961
49011,0.6603544867329071,18__nan,PertCortex_18_TGTATTCCATCCCACT,1.0295036717309256
49012,0.5144160039297057,18__nan,PertCortex_18_TGTATTCGTATATCCG,2.3577817926075615
49013,0.015403130041232282,18__nan,PertCortex_18_TGTCCCAAGTGGCACA,4.450368805569512
49014,0.05274597040485909,18__nan,PertCortex_18_TGTCCCACATGACATC,4.208966451363836
49015,0.12859913540878412,18__nan,PertCortex_18_TGTCCCATCTACGAGT,4.143111795410889
49016,0.09555899666599377,18__nan,PertCortex_18_TGTGGTATCACTTACT,3.643374037558378
49017,0.3583975876489534,18__nan,PertCortex_18_TGTGTTTGTTGCTCCT,1.2435660570127527
49018,0.4169562247632255,18__nan,PertCortex_18_TGTTCCGTCCTAGGGC,3.10198553423638
49019,0.18985552078089554,18__nan,PertCortex_18_TGTTCCGTCTGGTTCC,2.7819141387361888
49020,0.16572944005610923,18__nan,PertCortex_18_TTAACTCTCCTCAACC,2.8787556300012156
49021,0.07275221821082212,18__nan,PertCortex_18_TTAGGACGTTAGGGTG,3.9535210202895352
49022,0.3417382403390097,18__nan,PertCortex_18_TTAGGACTCTAACTGG,1.6031202449423312
49023,0.5613486883260895,18__nan,PertCortex_18_TTAGGCAAGAGTACCG,1.5950846404386396
49024,0.4537811184138523,18__nan,PertCortex_18_TTAGTTCCAATCACAC,1.5910680207289156
49025,0.27259882866343066,18__nan,PertCortex_18_TTAGTTCGTCAGAAGC,2.5447695754932327
49026,0.36105370013634697,18__nan,PertCortex_18_TTAGTTCGTGTGAATA,2.0487799533592725
49027,0.6818514340356974,18__nan,PertCortex_18_TTAGTTCTCAACTCTT,1.9800965250430762
49028,0.23486642179492886,18__nan,PertCortex_18_TTCGAAGGTCCGACGT,2.0276439271622784
49029,0.4491259494470338,18__nan,PertCortex_18_TTCGAAGGTGCGAAAC,0.7535726030832657
49030,0.2410519888044521,18__nan,PertCortex_18_TTCGAAGTCTAGCACA,3.902487005337144
49031,0.34391153445512374,18__nan,PertCortex_18_TTCGGTCTCTCGGACG,2.1893265302807094
49032,0.252551959097847,18__nan,PertCortex_18_TTCTCAAAGCCTATGT,3.0700702363285526
49033,0.03727935249011398,18__nan,PertCortex_18_TTCTCAAAGCTACCTA,3.952709655642068
49034,0.20299726002018073,18__nan,PertCortex_18_TTCTCAAAGTCGCCGT,4.672547724666878
49035,0.2878820151134996,18__nan,PertCortex_18_TTCTCCTCACTTAAGC,2.3009406328549464
49036,0.05431601933070341,18__nan,PertCortex_18_TTCTTAGAGCAGGTCA,3.3799187607293812
49037,0.4253723109950129,18__nan,PertCortex_18_TTCTTAGAGGCATTGG,1.9096695528929233
49038,0.45376094560687386,18__nan,PertCortex_18_TTCTTAGGTAGGGTAC,0.8176459052742332
49039,0.22974504774767976,18__nan,PertCortex_18_TTGAACGCATCGATGT,2.0836463345140612
49040,0.490441210746373,18__nan,PertCortex_18_TTGAACGGTACGCACC,2.2044082145788635
49041,0.356437911486637,18__nan,PertCortex_18_TTGAACGGTATATGAG,2.298378779172074
49042,0.4232727676742079,18__nan,PertCortex_18_TTGAACGGTTCGAATC,1.6550386228022054
49043,0.22653340733555788,18__nan,PertCortex_18_TTGAACGGTTCGTGAT,2.3120182675715006
49044,0.36615284754655697,18__nan,PertCortex_18_TTGACTTGTTTGTTTC,2.0788328772778097
49045,0.34010317547522023,18__nan,PertCortex_18_TTGCCGTAGGCGTACA,2.3104879137738674
49046,0.16235176088692874,18__nan,PertCortex_18_TTGGAACAGTGTACTC,4.1158811634208545
49047,0.4482063479244383,18__nan,PertCortex_18_TTGGCAAAGCTGGAAC,2.162677249567688
49048,0.19278785197475484,18__nan,PertCortex_18_TTGGCAACAAGGACAC,3.167714633068279
49049,0.6820129713307679,18__nan,PertCortex_18_TTGGCAACAATTCCTT,1.6728262048542801
49050,0.08863764421175876,18__nan,PertCortex_18_TTGTAGGTCACGCATA,4.335961330512628
49051,0.5400391710330759,18__nan,PertCortex_18_TTTACTGCACAGAGGT,1.6483610238781417
49052,0.16621789607376933,18__nan,PertCortex_18_TTTACTGCATGAGCGA,3.3490755650267774
49053,0.09418860858164445,18__nan,PertCortex_18_TTTACTGTCGTTTATC,3.453283891189436
49054,0.30873428536163483,18__nan,PertCortex_18_TTTACTGTCTCGTTTA,1.8921110487975854
49055,0.5598870304761622,18__nan,PertCortex_18_TTTATGCAGGAGTTTA,1.6528862820668502
49056,0.11474113119035013,18__nan,PertCortex_18_TTTATGCCAAGGTGTG,2.0777562046422764
49057,0.5307291866960525,18__nan,PertCortex_18_TTTATGCCACATTTCT,1.8360347889085953
49058,0.4538877799660172,18__nan,PertCortex_18_TTTATGCTCGCCTGTT,1.789087336086536
49059,0.54881277920909,18__nan,PertCortex_18_TTTCCTCAGCCATCGC,1.450725903327447
49060,0.04311094682699327,18__nan,PertCortex_18_TTTGCGCCAGCAGTTT,3.1035348087131838
49061,0.4574780171606034,18__nan,PertCortex_18_TTTGGTTAGCGGATCA,1.880911309098985
49062,0.3042840168610835,18__nan,PertCortex_18_TTTGGTTGTTAAGACA,2.169958387489835
49063,0.28807714029453396,18__nan,PertCortex_18_TTTGGTTTCCTTTCGG,2.105200943727126
49064,0.08244593694410406,18__nan,PertCortex_18_TTTGGTTTCGGCGCAT,3.2126156297351844
49065,0.3523068680681623,18__nan,PertCortex_18_TTTGTCAAGAACTCGG,1.8244394965186896
49066,0.06680061957704085,18__nan,PertCortex_18_TTTGTCAGTAAGAGGA,2.888306636067635
